0,7,1767,1,2231,1,913,1,229,0,0,0,737,0,703,15,0,0,7,0,0,0,0,0,0,0,0,0,0,0,0,0,596,0,0,0,210,112,5,0,18,1,3,0,4,0,6,0,4,0,5,0,51,0,25,0,0,0,0,0,3702,3,121,0,377,0,73,0,41,0,348,2,875,3,144,1,279,3,22,0,0,0,1,0,30,0,0,0,18,0,0,0,0,0,1,0,0,0,1,0,1,0,0,0,0,0,2,0,2,1,5,3,0,1,0,0,0,0,0,0,1,0,2,0,3,0,13,0,8,0,0,0,5,0,52,1,5,1,0,0,1,0,0,0,24,0,0,0,0,0,0,0,0,0,41,10,0,0,7,1,1,0,23,1,6,1,1,1,2,0
7,0,2,1289,0,2341,4,1838,0,106,0,0,0,871,43,869,0,0,6,0,0,0,0,0,0,0,0,0,0,0,0,0,2,150,0,0,51,460,0,3,0,31,0,0,0,1,0,4,0,4,0,2,1,1,0,7,0,0,0,0,3,3401,0,168,0,295,1,563,0,112,17,380,5,630,2,152,2,159,0,22,0,0,0,2,0,36,0,0,0,27,0,0,0,0,0,0,0,0,0,0,0,0,0,0,1,0,1,0,4,1,1,0,1,1,0,0,0,0,0,0,0,3,0,1,0,14,0,154,0,17,0,28,0,9,1,26,0,23,0,1,0,1,0,0,0,7,0,13,0,6,0,0,0,0,35,14,0,3,4,11,0,16,0,61,0,16,0,2,1,1
1767,2,0,55,5643,21,137,2,513,5,437,5,3,0,2511,12,98,3,3374,14,512,1,59,1,124,0,514,2,97,2,11,0,423,1,0,0,108,9,0,0,28,1,1,0,7,0,0,0,0,0,0,0,1,0,1,0,0,0,1,1,34,0,9,0,30,0,1,0,2,0,17,0,308,1,588,63,420,0,31,0,0,0,0,0,0,0,3,0,1,0,0,0,2,0,0,1,1,0,0,0,0,0,0,0,0,0,1,0,0,1,0,0,0,1,0,0,0,0,0,0,0,0,0,0,0,0,0,1,1,0,1,0,11,0,10,0,0,0,0,0,0,0,0,0,1,0,0,0,0,0,5,4,41,38,130,105,54,1,1,1,0,0,6,0,2,0,0,0,0,1
1,1289,55,0,7,5935,3,201,4,183,10,514,0,36,49,2638,3,185,100,2740,11,397,11,148,1,268,5,408,4,94,0,38,3,194,0,0,52,753,0,1,1,15,0,1,0,14,0,1,1,2,0,0,0,0,0,0,0,0,0,4,1,87,0,9,0,6,0,29,0,9,3,56,2,106,21,474,4,323,0,13,0,0,0,2,0,3,0,4,0,1,0,0,0,0,0,0,0,0,0,0,0,0,0,0,0,0,1,0,0,1,0,1,0,0,0,0,0,0,0,0,0,4,0,0,0,21,0,58,0,4,0,12,0,13,0,29,0,19,0,2,0,0,0,0,0,4,0,3,0,1,33,120,113,379,138,572,2,48,0,4,0,3,0,29,0,4,0,1,1,0
2231,0,5643,7,0,5,546,1,3251,0,769,0,14,0,564,3,36,0,215,0,46,1,17,1,39,0,196,0,50,0,128,1,1067,0,0,0,29,7,1,0,44,1,0,0,10,0,0,0,2,0,2,0,0,0,1,0,0,0,1,0,27,0,5,0,11,0,5,0,3,0,8,0,34,3,769,13,595,0,53,1,0,0,0,0,4,1,2,0,2,0,0,0,1,0,0,0,0,0,0,0,3,0,0,0,1,0,2,1,0,0,1,0,0,1,0,0,0,0,0,0,0,0,0,0,0,0,3,0,2,0,0,0,11,0,19,0,2,0,0,0,0,1,0,0,9,0,0,0,0,0,1,1,5,6,47,27,14,0,6,0,2,0,8,0,3,0,1,1,1,0
1,2341,21,5935,5,0,0,1654,0,3605,4,1195,0,57,27,558,1,75,37,121,2,16,2,21,0,40,1,779,1,59,0,148,2,890,0,0,49,138,0,0,0,49,0,0,0,14,0,1,0,1,0,1,0,0,0,2,0,0,0,2,1,148,0,22,0,20,0,78,0,17,4,33,2,30,8,828,0,587,0,43,0,0,0,1,0,2,0,0,0,0,0,0,1,0,0,0,0,0,0,0,0,0,0,0,0,0,0,1,4,2,1,0,0,2,0,0,0,0,0,0,0,4,0,1,0,54,0,105,0,5,0,35,0,30,0,43,0,43,0,2,0,0,0,0,0,7,0,7,0,1,9,22,25,17,106,354,1,16,1,2,0,6,0,38,0,13,0,1,1,0
913,4,137,3,546,0,0,0,2525,0,0,0,1370,0,225,5,0,0,14,0,0,0,0,0,0,0,0,0,0,0,0,0,1732,0,0,0,35,23,0,0,13,1,0,0,2,0,0,0,1,0,1,1,0,0,0,0,1,0,1,0,194,3,0,0,7,0,2,0,0,0,3,0,67,2,103,0,195,1,17,0,0,0,0,0,1,0,1,0,0,0,0,0,0,0,0,0,0,0,0,0,0,0,0,0,0,0,1,0,0,0,2,0,0,1,0,0,0,0,0,0,0,0,0,0,0,0,9,0,0,0,0,0,2,0,12,0,2,0,2,0,0,0,0,0,3,0,0,0,0,0,0,0,0,0,7,2,1,0,3,0,1,0,6,0,1,0,0,2,1,0
1,1838,2,201,1,1654,0,0,0,938,0,1,0,1167,10,237,0,0,3,4,0,0,0,0,0,0,0,0,0,0,0,0,0,1260,0,0,12,58,0,0,0,22,0,0,0,1,0,2,0,1,0,0,0,0,0,0,0,0,0,1,1,201,0,8,0,8,0,20,0,8,1,15,0,31,2,207,0,341,0,19,0,0,0,0,0,2,0,1,0,0,0,0,0,0,0,0,0,0,0,0,0,0,0,0,0,0,0,0,0,0,0,0,0,2,0,0,0,0,0,0,0,5,0,0,0,11,0,59,0,8,0,17,0,13,0,29,0,26,0,1,0,2,0,1,0,2,0,5,0,0,0,0,0,0,21,28,0,0,0,5,0,6,0,22,0,8,0,1,1,0
229,0,513,4,3251,0,2525,0,0,0,1272,0,175,0,212,3,17,0,63,0,0,0,3,0,1,0,2,0,27,0,13,0,2499,0,0,0,24,6,1,0,30,0,0,0,6,0,0,0,0,0,1,0,1,0,0,0,0,0,0,0,7,0,0,0,4,0,0,0,1,0,7,0,9,0,314,6,454,1,35,0,0,0,0,0,2,1,2,0,0,0,0,0,1,0,0,0,0,0,0,0,1,0,0,0,0,0,1,0,0,0,0,0,0,0,0,0,0,0,0,0,0,0,0,0,0,0,2,1,0,0,0,0,10,0,18,0,3,0,2,0,0,0,0,0,7,0,0,0,0,0,0,0,0,1,10,1,5,0,6,0,0,0,5,0,0,0,0,0,0,0
0,106,5,183,0,3605,0,938,0,0,0,1231,0,154,3,149,0,17,2,30,1,0,0,5,0,26,0,34,0,140,0,32,0,1593,0,0,3,48,0,0,0,21,0,1,0,7,0,0,0,0,0,0,0,0,0,0,0,0,0,3,0,22,0,2,0,2,0,5,0,2,0,3,0,6,0,215,0,515,0,21,0,0,0,0,0,1,0,0,0,0,0,0,0,1,0,0,0,0,0,0,0,0,1,0,0,0,0,0,0,1,0,0,0,0,0,0,0,0,0,0,0,2,0,0,0,30,0,28,0,2,0,12,0,7,0,22,0,18,0,2,0,1,0,0,0,1,0,3,0,0,0,1,1,2,13,42,0,5,0,1,0,0,0,14,1,2,0,2,0,0
0,0,437,10,769,4,0,0,1272,0,0,1,0,0,0,0,73,3,105,4,52,0,45,0,83,0,55,0,1443,0,814,0,991,0,0,0,0,0,0,0,1,0,0,0,3,0,0,0,0,0,0,0,0,0,0,0,0,0,0,0,1,0,0,0,0,0,0,0,0,0,0,0,0,0,115,13,139,0,4,0,0,0,0,0,0,0,9,0,0,0,0,0,1,0,0,0,0,0,0,0,1,0,0,0,0,0,0,0,0,0,0,0,0,0,0,0,0,0,0,0,0,0,0,0,0,0,0,0,0,0,0,0,2,0,2,0,0,0,0,0,0,0,0,0,0,0,0,0,0,0,5,1,14,6,0,5,15,1,0,0,0,0,1,0,0,0,0,0,0,0
0,0,5,514,0,1195,0,1,0,1231,1,0,0,0,0,0,1,97,2,50,1,27,1,82,0,149,0,372,1,652,0,761,0,1460,0,0,1,1,0,0,0,4,0,0,0,5,0,0,0,0,0,0,0,0,0,0,0,0,0,0,0,0,0,0,0,0,0,0,0,0,0,0,0,0,4,90,0,188,0,6,0,0,0,0,0,0,0,1,0,0,0,0,0,1,0,0,0,0,0,0,0,0,0,0,0,0,0,0,0,0,0,0,0,0,0,0,0,0,0,0,0,0,0,0,0,5,0,0,0,0,0,1,0,1,0,1,0,0,0,0,0,0,0,0,0,0,0,0,0,0,0,11,0,19,0,8,0,11,0,0,0,0,0,0,0,0,0,0,0,0
737,0,3,0,14,0,1370,0,175,0,0,0,0,0,8,0,0,0,1,0,0,0,0,0,0,0,0,0,0,0,0,0,419,2,0,0,17,5,30,2,8,0,0,0,0,0,9,15,23,5,13,0,11,2,63,1,11,0,8,1,1034,0,4,0,71,0,207,2,68,6,34,21,3,0,14,0,37,1,2,0,0,0,178,9,447,14,5,0,69,5,0,0,13,0,1,0,0,0,0,0,0,0,0,0,0,0,0,0,1,0,0,0,0,0,0,0,0,0,0,0,0,0,0,0,0,0,0,0,1,0,0,0,1,0,0,0,0,0,0,0,0,0,0,0,3,0,0,0,0,0,0,0,0,0,0,0,0,0,0,0,0,0,6,0,2,0,0,0,0,0
0,871,0,36,0,57,0,1167,0,154,0,0,0,0,3,54,0,0,0,0,0,0,0,0,0,0,0,0,0,0,0,0,0,663,0,0,5,32,1,0,0,12,0,2,0,0,0,2,0,3,0,6,0,1,0,2,0,1,0,16,0,933,0,4,0,6,0,557,0,1,1,8,0,10,0,21,0,54,0,8,0,0,0,105,0,531,0,21,0,8,0,0,0,3,0,0,0,0,0,0,0,0,0,0,0,0,0,1,0,0,0,0,0,0,0,0,0,0,0,0,0,0,0,0,0,2,0,18,0,0,0,6,0,1,0,5,0,4,0,1,0,0,0,0,1,1,0,1,0,1,0,0,0,0,2,1,0,1,0,1,0,1,0,9,0,2,0,1,1,1
703,43,2511,49,564,27,225,10,212,3,0,0,8,3,0,110,0,0,590,0,0,0,0,0,0,0,0,0,0,0,0,0,222,2,0,0,1289,149,1,0,36,3,1,0,9,0,0,0,1,1,1,0,9,0,1,0,0,0,1,0,75,8,6,0,21,0,6,1,3,0,28,2,1339,13,496,8,367,6,22,0,0,0,0,0,2,0,0,0,1,0,0,0,1,0,0,0,0,0,1,0,0,0,0,0,0,0,0,2,2,2,1,0,0,1,0,0,0,0,0,0,0,0,1,0,0,0,4,2,1,1,0,1,3,0,31,3,1,0,0,0,1,0,0,1,11,0,1,0,0,0,0,0,2,1,226,144,0,0,7,2,1,0,14,0,3,2,0,0,3,2
15,869,12,2638,3,558,5,237,3,149,0,0,0,54,110,0,0,0,25,476,0,0,0,0,0,1,0,0,0,0,0,0,2,114,0,0,193,2628,0,4,1,29,0,0,0,2,0,0,1,1,0,0,0,0,0,2,0,0,0,1,3,115,0,10,1,3,0,17,0,3,3,41,18,1086,1,226,8,231,1,30,0,0,0,1,0,5,0,2,1,0,0,0,0,1,0,0,0,0,0,0,0,0,0,0,0,0,1,0,1,1,0,0,0,2,0,0,0,0,0,0,0,5,0,0,0,31,0,112,0,5,0,21,0,11,1,35,0,43,0,3,0,1,0,1,2,4,0,12,0,5,2,3,10,7,207,290,0,4,1,2,0,6,1,33,0,4,0,3,1,0
0,0,98,3,36,1,0,0,17,0,73,1,0,0,0,0,0,22,159,2,134,0,893,3,68,0,5,0,65,0,5,0,292,0,0,0,1,0,0,0,1,3,0,0,5,5,0,0,0,0,0,0,0,0,0,0,0,0,0,0,0,0,0,0,0,0,0,0,0,0,0,0,0,0,244,44,377,10,4,2,0,0,0,0,0,0,18,0,0,0,0,0,0,0,0,0,0,0,0,0,0,0,0,0,0,0,0,0,0,0,0,0,0,0,0,0,0,0,0,0,0,0,0,0,0,0,0,0,0,0,0,0,0,0,0,0,0,0,0,0,0,0,0,0,0,0,0,0,0,0,176,0,99,4,3,5,864,24,0,0,0,0,1,0,0,0,0,0,0,0
0,0,3,185,0,75,0,0,0,17,3,97,0,0,0,0,22,0,4,218,0,486,125,758,0,524,1,30,0,156,0,6,0,229,0,0,0,1,0,0,0,3,0,0,0,206,0,0,0,0,0,0,0,0,0,0,0,0,0,0,0,0,0,0,0,0,0,0,0,0,0,0,0,0,237,195,0,539,1,1,0,0,0,0,0,0,0,2,0,0,0,0,0,0,0,0,0,0,0,0,0,0,0,0,0,0,0,0,0,0,0,0,0,0,0,0,0,0,0,0,0,0,0,0,0,3,0,0,0,0,0,0,0,0,0,0,0,0,0,0,0,0,0,0,0,0,0,1,0,0,0,191,1,96,2,14,29,1311,0,0,0,0,0,0,0,0,0,0,0,0
7,6,3374,100,215,37,14,3,63,2,105,2,1,0,590,25,159,4,0,39,321,5,101,5,85,1,183,0,93,0,4,1,108,3,0,0,667,13,0,0,16,2,0,0,12,0,0,0,0,0,0,0,0,0,1,0,0,0,0,0,2,0,0,0,2,0,0,0,0,0,1,0,1,0,367,58,187,7,16,0,0,0,0,0,0,0,2,0,1,0,0,0,3,0,0,1,0,0,0,0,1,0,0,0,0,0,0,0,0,0,0,0,0,0,0,0,0,0,0,0,0,0,0,0,0,0,1,0,0,0,0,2,5,0,9,0,0,2,0,0,1,0,0,0,2,0,0,0,0,0,40,7,734,119,864,185,115,3,1,0,0,0,6,0,1,0,0,0,0,0
0,0,14,2740,0,121,0,4,0,30,4,50,0,0,0,476,2,218,39,0,3,839,3,344,2,143,0,102,0,23,0,1,0,35,0,0,4,809,0,0,0,4,0,0,0,17,0,0,0,0,0,0,0,0,0,0,0,0,0,0,0,2,0,0,0,0,0,2,0,0,2,0,0,1,6,138,1,87,0,7,0,0,0,0,0,0,0,0,0,0,0,0,0,0,0,0,0,0,0,0,0,0,0,0,0,0,0,0,0,0,0,0,0,0,0,0,0,0,0,0,0,0,0,0,0,3,0,2,0,1,0,3,0,3,0,2,0,0,0,0,0,0,0,0,0,0,0,1,0,0,11,155,31,1459,67,298,0,103,0,0,0,0,0,1,0,1,0,1,0,1
0,0,512,11,46,2,0,0,0,1,52,1,0,0,0,0,134,0,321,3,0,7,1174,3,899,0,340,0,111,0,0,0,17,0,0,0,0,0,0,0,1,0,0,0,2,0,0,0,0,0,0,0,0,0,0,0,0,0,0,0,0,0,0,0,0,0,0,0,0,0,0,0,0,0,8,7,7,0,0,0,0,0,0,0,0,0,2,0,0,0,0,0,0,0,0,0,0,0,0,0,0,0,0,0,0,0,0,0,0,0,0,0,0,0,0,0,0,0,0,0,0,0,0,0,0,0,0,0,0,0,0,0,0,0,0,0,0,0,0,0,0,0,0,0,0,0,0,0,0,0,215,0,295,5,3,12,186,0,0,0,0,0,0,0,0,0,0,0,0,0
0,0,1,397,1,16,0,0,0,0,0,27,0,0,0,0,0,486,5,839,7,0,16,2005,0,522,0,155,1,4,0,0,1,9,0,0,0,2,0,0,0,0,0,0,0,14,0,0,0,0,0,0,0,0,0,0,0,0,0,0,0,0,0,0,0,0,0,0,0,0,0,0,0,0,1,7,0,25,0,0,0,0,0,0,0,0,0,1,0,0,0,0,0,0,0,0,0,0,0,0,0,0,0,0,0,0,0,0,0,0,0,0,0,0,0,0,0,0,0,0,0,0,0,0,0,0,0,0,0,0,0,0,0,0,0,0,0,0,0,0,0,0,0,0,0,0,0,0,0,0,1,212,2,157,1,9,0,212,0,0,0,0,0,0,0,0,0,0,0,0
0,0,59,11,17,2,0,0,3,0,45,1,0,0,0,0,893,125,101,3,1174,16,0,644,1055,5,34,1,73,0,1,0,47,0,0,0,0,1,0,0,1,0,0,0,2,0,0,0,0,0,0,0,0,0,0,0,0,0,0,0,0,0,0,0,0,0,0,0,0,0,0,0,0,0,19,18,56,0,3,0,0,0,0,0,0,0,1,0,0,0,0,0,0,0,0,0,0,0,0,0,0,0,0,0,0,0,1,0,0,0,0,0,0,0,0,0,0,0,0,0,0,0,0,0,0,0,0,0,0,0,0,0,1,0,0,0,0,0,0,0,0,0,0,0,0,0,0,0,0,0,174,2,196,7,1,3,236,11,0,0,0,0,2,0,0,0,0,0,0,0
0,0,1,148,1,21,0,0,0,5,0,82,0,0,0,0,3,758,5,344,3,2005,644,0,0,630,0,68,0,42,0,4,0,50,0,0,0,2,0,0,0,0,0,0,0,7,0,0,0,0,0,0,0,0,0,0,0,0,0,0,0,0,0,0,0,0,0,0,0,0,0,0,0,0,0,15,0,33,0,0,0,0,0,0,0,0,0,0,0,0,0,0,0,0,0,0,0,0,0,0,0,0,0,0,0,0,0,0,0,0,0,0,0,0,0,0,0,0,0,0,0,0,0,0,0,0,0,0,0,0,0,0,0,0,0,0,0,0,0,0,0,0,0,0,0,0,0,0,0,0,0,144,3,127,0,15,0,191,0,0,0,0,0,1,0,0,0,0,0,0
0,0,124,1,39,0,0,0,1,0,83,0,0,0,0,0,68,0,85,2,899,0,1055,0,0,0,123,0,525,0,1,0,35,0,0,0,0,0,0,0,1,0,0,0,0,0,0,0,0,0,0,0,0,0,0,0,0,0,0,0,0,0,0,0,0,0,0,0,0,0,0,0,0,0,3,3,2,0,2,0,0,0,0,0,0,0,8,0,0,0,0,0,0,0,0,0,0,0,0,0,0,0,0,0,0,0,0,0,0,0,0,0,0,0,0,0,0,0,0,0,0,0,0,0,0,0,0,0,0,0,0,0,0,0,0,0,0,0,0,0,0,0,0,0,0,0,0,0,0,0,32,0,92,1,0,3,26,0,0,0,0,0,0,0,0,0,0,0,0,0
0,0,0,268,0,40,0,0,0,26,0,149,0,0,0,1,0,524,1,143,0,522,5,630,0,0,0,327,0,202,0,2,0,171,0,0,0,1,0,0,0,0,0,0,0,4,0,0,0,0,0,0,0,0,0,0,0,0,0,0,0,0,0,0,0,0,0,0,0,0,0,0,0,0,0,12,0,102,0,0,0,0,0,0,0,0,0,2,0,0,0,0,0,0,0,0,0,0,0,0,0,0,0,0,0,0,0,0,0,0,0,0,0,0,0,0,0,0,0,0,0,0,0,0,0,0,0,0,0,0,0,0,0,0,0,0,0,0,0,0,0,0,0,0,0,0,0,0,0,0,1,6,1,34,1,1,0,14,0,0,0,0,0,1,0,0,0,0,0,0
0,0,514,5,196,1,0,0,2,0,55,0,0,0,0,0,5,1,183,0,340,0,34,0,123,0,0,0,42,0,1,0,8,0,0,0,1,0,0,0,0,0,0,0,0,0,0,0,0,0,0,0,0,0,0,0,0,0,0,0,0,0,0,0,0,0,0,0,0,0,0,0,0,0,7,3,0,0,0,0,0,0,0,0,0,0,0,0,0,0,0,0,0,0,0,0,0,0,0,0,0,0,0,0,0,0,0,0,0,0,0,0,0,0,0,0,0,0,0,0,0,0,0,0,0,0,0,0,0,0,0,0,0,0,0,0,0,0,0,0,0,0,0,0,0,0,0,0,0,0,1,0,27,0,2,0,2,0,0,0,0,0,0,0,0,0,0,0,0,0
0,0,2,408,0,779,0,0,0,34,0,372,0,0,0,0,0,30,0,102,0,155,1,68,0,327,0,0,0,53,0,259,0,86,0,0,0,1,0,0,0,0,0,0,0,0,0,0,0,0,0,0,0,0,0,0,0,0,0,0,0,0,0,0,0,0,0,0,0,0,0,0,0,0,1,4,0,32,0,0,0,0,0,0,0,0,0,0,0,0,0,0,0,0,0,0,0,0,0,0,0,0,0,0,0,0,0,0,0,0,0,0,0,0,0,0,0,0,0,0,0,0,0,0,0,0,0,0,0,0,0,0,0,0,0,0,0,0,0,0,0,0,0,0,0,0,0,0,0,0,2,6,1,28,0,3,0,7,0,0,0,0,0,0,0,0,0,0,0,0
0,0,97,4,50,1,0,0,27,0,1443,1,0,0,0,0,65,0,93,0,111,1,73,0,525,0,42,0,0,0,6,0,1018,0,0,0,0,0,0,0,2,0,0,0,3,0,0,0,0,0,0,0,0,0,0,0,0,0,0,0,0,0,0,0,0,0,0,0,0,0,0,0,0,0,23,3,92,0,4,0,0,0,0,0,0,0,95,0,0,0,0,0,0,0,0,0,0,0,0,0,0,0,0,0,0,0,0,0,0,0,0,0,0,0,0,0,0,0,0,0,0,0,0,0,0,0,0,0,0,0,0,0,0,0,0,0,0,0,0,0,0,0,0,0,0,0,0,0,0,0,4,0,45,0,1,2,8,0,0,0,0,0,2,0,0,0,0,0,0,0
0,0,2,94,0,59,0,0,0,140,0,652,0,0,0,0,0,156,0,23,0,4,0,42,0,202,0,53,0,0,0,24,0,1460,0,0,0,2,0,0,0,0,0,0,0,5,0,0,0,0,0,0,0,0,0,0,0,0,0,0,0,0,0,0,0,0,0,0,0,0,0,0,0,0,0,8,0,56,0,0,0,0,0,0,0,0,0,14,0,0,0,0,0,0,0,0,0,0,0,0,0,0,0,0,0,0,0,0,0,0,0,0,0,0,0,0,0,0,0,0,0,0,0,0,0,0,0,0,0,0,0,0,0,0,0,0,0,0,0,0,0,0,0,0,0,0,0,0,0,0,0,3,1,10,1,1,0,27,0,0,0,0,0,0,0,0,0,0,0,0
0,0,11,0,128,0,0,0,13,0,814,0,0,0,0,0,5,0,4,0,0,0,1,0,1,0,1,0,6,0,0,0,3,0,0,0,0,0,0,0,0,0,0,0,0,0,0,0,0,0,0,0,0,0,0,0,0,0,0,0,0,0,0,0,0,0,0,0,0,0,0,0,0,0,6,1,7,0,0,0,0,0,0,0,0,0,0,0,0,0,0,0,0,0,0,0,0,0,0,0,0,0,0,0,0,0,0,0,0,0,0,0,0,0,0,0,0,0,0,0,0,0,0,0,0,0,0,0,0,0,0,0,0,0,0,0,0,0,0,0,0,0,0,0,0,0,0,0,0,0,0,0,0,0,0,0,2,0,0,0,0,0,0,0,0,0,0,0,0,0
0,0,0,38,1,148,0,0,0,32,0,761,0,0,0,0,0,6,1,1,0,0,0,4,0,2,0,259,0,24,0,0,0,6,0,0,0,1,0,0,0,0,0,0,0,0,0,0,0,0,0,0,0,0,0,0,0,0,0,0,0,0,0,0,0,0,0,0,0,0,0,0,0,0,1,11,0,3,0,0,0,0,0,0,0,0,0,0,0,0,0,0,0,0,0,0,0,0,0,0,0,0,0,0,0,0,0,0,0,0,0,0,0,0,0,0,0,0,0,0,0,0,0,0,0,0,0,0,0,0,0,0,0,0,0,0,0,0,0,0,0,0,0,0,0,0,0,0,0,0,0,0,1,1,0,1,0,0,0,0,0,0,0,0,0,0,0,0,0,0
596,2,423,3,1067,2,1732,0,2499,0,991,0,419,0,222,2,292,0,108,0,17,1,47,0,35,0,8,0,1018,0,3,0,0,1,0,0,73,23,9,0,305,2,42,0,54,0,11,7,12,2,14,0,4,0,41,0,43,0,151,0,341,1,6,0,29,0,41,0,11,0,33,8,60,0,313,7,3687,2,63,0,0,0,26,1,310,1,249,0,169,0,0,0,260,1,1,0,1,0,0,0,1,0,1,0,1,0,3,2,7,3,8,0,0,1,0,0,0,0,0,0,0,0,2,0,1,0,8,0,7,0,0,0,24,0,24,0,2,0,3,0,2,1,0,2,29,1,0,0,0,0,2,0,15,1,19,12,9,0,9,1,4,0,104,0,14,0,2,2,7,2
0,150,1,194,0,890,0,1260,0,1593,0,1460,2,663,2,114,0,229,3,35,0,9,0,50,0,171,0,86,0,1460,0,6,1,0,0,0,9,71,8,16,6,928,0,100,0,61,2,52,7,10,1,87,1,1,1,14,0,17,0,480,1,117,0,5,3,8,3,67,3,39,10,98,0,17,3,253,0,4091,0,94,0,0,1,146,4,1127,0,572,0,236,0,9,1,119,0,0,1,0,1,0,0,0,1,0,1,0,1,3,1,0,0,1,0,7,0,0,0,0,0,0,0,0,0,0,0,14,0,29,0,4,0,7,1,5,0,11,0,9,0,14,1,2,0,6,2,14,0,10,0,2,0,1,1,10,5,24,0,31,1,3,0,13,0,83,0,6,0,2,2,2
0,0,0,0,0,0,0,0,0,0,0,0,0,0,0,0,0,0,0,0,0,0,0,0,0,0,0,0,0,0,0,0,0,0,0,0,0,0,0,0,0,0,0,0,0,0,0,0,0,0,0,0,0,0,0,0,0,0,0,0,0,0,0,0,0,0,0,0,0,0,0,0,0,0,0,0,0,0,0,0,0,0,0,0,0,0,0,0,0,0,0,0,0,0,0,0,0,0,0,0,0,0,0,0,0,0,0,0,0,0,0,0,0,0,0,0,0,0,0,0,0,0,0,0,0,0,0,0,0,0,0,0,0,0,0,0,0,0,0,0,0,0,0,0,0,0,0,0,0,0,0,0,0,0,0,0,0,0,0,0,0,0,0,0,0,0,0,0,0,0
0,0,0,0,0,0,0,0,0,0,0,0,0,0,0,0,0,0,0,0,0,0,0,0,0,0,0,0,0,0,0,0,0,0,0,0,0,0,0,0,0,0,0,0,0,0,0,0,0,0,0,0,0,0,0,0,0,0,0,0,0,0,0,0,0,0,0,0,0,0,0,0,0,0,0,0,0,0,0,0,0,0,0,0,0,0,0,0,0,0,0,0,0,0,0,0,0,0,0,0,0,0,0,0,0,0,0,0,0,0,0,0,0,0,0,0,0,0,0,0,0,0,0,0,0,0,0,0,0,0,0,0,0,0,0,0,0,0,0,0,0,0,0,0,0,0,0,0,0,0,0,0,0,0,0,0,0,0,0,0,0,0,0,0,0,0,0,0,0,0
210,51,108,52,29,49,35,12,24,3,0,1,17,5,1289,193,1,0,667,4,0,0,0,0,0,0,1,0,0,0,0,0,73,9,0,0,0,1433,1397,8,33,3,2,0,1,0,32,9,135,1,1,3,52,1,39,1,0,0,0,0,270,12,92,0,52,2,28,3,25,6,2086,18,950,75,281,11,171,19,23,0,0,0,11,6,13,2,0,0,12,4,0,0,1,1,0,0,0,0,1,0,1,0,0,1,1,0,1,1,4,1,3,1,0,1,0,0,0,0,0,0,1,0,5,0,1,1,34,7,4,1,0,1,8,2,45,2,1,2,1,0,1,1,1,0,27,0,0,1,1,0,0,0,3,1,637,155,2,0,8,0,2,0,30,1,1,0,1,1,3,0
112,460,9,753,7,138,23,58,6,48,0,1,5,32,149,2628,0,1,13,809,0,2,1,2,0,1,0,1,0,2,0,1,23,71,0,0,1433,0,13,771,8,19,0,0,1,3,3,48,20,39,0,6,7,6,6,13,1,2,1,2,85,105,16,53,5,17,2,84,1,99,198,2045,159,590,17,243,30,104,2,18,0,0,0,40,3,46,0,0,3,21,0,0,0,0,0,0,1,0,2,1,0,0,0,0,1,0,5,0,2,0,0,1,1,10,0,0,0,0,0,0,0,3,2,2,0,6,4,59,1,18,0,41,0,12,3,25,0,18,0,3,0,2,0,2,6,5,0,12,0,3,5,6,9,96,400,600,0,2,3,10,0,14,1,87,0,18,0,1,3,2
5,0,0,0,1,0,0,0,1,0,0,0,30,1,1,0,0,0,0,0,0,0,0,0,0,0,0,0,0,0,0,0,9,8,0,0,1397,13,0,96,248,16,15,2,0,0,393,134,264,6,23,1,31,0,56,3,4,0,3,1,2,0,3,0,8,0,8,2,28,7,993,92,1,0,13,1,9,6,3,0,0,0,16,5,37,9,0,0,15,6,0,0,0,0,0,0,0,0,1,0,1,0,0,0,0,0,0,0,2,0,0,1,0,0,0,0,0,0,0,0,1,0,0,0,0,0,0,0,2,1,0,0,0,0,6,1,0,0,0,0,0,0,0,0,16,0,0,0,0,0,0,0,0,0,0,0,0,0,0,1,0,0,9,7,2,0,0,0,0,0
0,3,0,1,0,0,0,0,0,0,0,0,2,0,0,4,0,0,0,0,0,0,0,0,0,0,0,0,0,0,0,0,0,16,0,0,8,771,96,0,46,135,7,5,0,0,216,254,19,19,13,9,4,2,13,6,2,0,4,4,0,0,0,0,1,1,1,2,1,20,125,835,0,0,0,1,1,8,0,1,0,0,9,11,14,10,0,0,8,13,0,0,0,3,0,0,0,0,0,0,0,0,0,0,0,0,1,0,0,0,0,0,0,1,0,0,0,0,0,0,0,0,1,0,0,0,0,1,0,0,0,2,0,0,1,1,0,0,0,0,0,1,0,0,4,17,0,2,0,1,0,0,0,0,0,0,0,0,0,0,0,2,1,4,0,1,0,1,0,0
18,0,28,1,44,0,13,0,30,0,1,0,8,0,36,1,1,0,16,0,1,0,1,0,1,0,0,0,2,0,0,0,305,6,0,0,33,8,248,46,0,140,2500,17,509,0,34,76,4,0,580,11,4,0,23,1,29,0,919,23,27,0,12,0,20,0,18,0,13,1,367,258,13,0,184,0,1302,4,229,0,0,0,77,0,544,8,1084,0,336,5,79,0,763,0,8,0,2,1,2,1,48,0,6,0,1,0,9,0,11,5,34,6,0,6,0,0,1,0,0,0,1,0,4,0,3,0,7,0,0,0,0,0,116,0,46,2,0,0,218,0,42,1,44,0,540,2,3,0,0,0,0,0,2,0,0,1,91,3,5,0,2,1,388,2,16,1,1,5,16,0
1,31,1,15,1,49,1,22,0,21,0,4,0,12,3,29,3,3,2,4,0,0,0,0,0,0,0,0,0,0,0,0,2,928,0,0,3,19,16,135,140,0,2,2398,0,1190,8,12,0,2,3,418,1,0,1,2,0,2,2,790,0,21,1,5,1,2,1,27,0,5,29,298,1,2,3,195,0,1463,0,405,0,0,0,39,3,562,0,1051,0,538,0,94,0,339,0,0,2,0,2,1,5,11,1,4,0,1,22,22,35,21,27,25,6,13,3,0,1,1,1,0,0,1,1,0,0,64,0,34,0,7,0,31,0,25,1,11,0,12,0,360,0,24,1,55,13,409,0,28,0,11,0,0,0,0,1,1,0,112,7,17,1,16,2,599,6,11,1,16,10,16
3,0,1,0,0,0,0,0,0,0,0,0,0,0,1,0,0,0,0,0,0,0,0,0,0,0,0,0,0,0,0,0,42,0,0,0,2,0,15,7,2500,2,0,0,315,0,1,1,1,0,450,0,0,0,6,0,15,0,1625,0,1,0,3,0,4,0,1,1,1,0,87,10,0,0,5,0,63,0,14,0,0,0,4,0,42,0,150,0,39,0,125,0,201,0,2,0,2,0,1,0,179,0,6,0,0,0,4,0,3,3,13,0,0,1,0,0,0,0,0,0,0,0,1,0,0,0,0,0,0,0,0,0,0,0,2,0,0,0,4,0,4,0,1,0,28,0,0,0,0,0,0,0,0,0,0,0,0,0,2,0,1,0,13,0,0,0,1,0,3,0
0,0,0,1,0,0,0,0,0,1,0,0,0,2,0,0,0,0,0,0,0,0,0,0,0,0,0,0,0,0,0,0,0,100,0,0,0,0,2,5,17,2398,0,0,0,658,1,0,0,0,1,744,0,0,0,0,0,0,0,1808,0,0,0,0,0,0,0,0,0,0,6,59,0,0,0,0,0,30,0,9,0,0,0,0,0,49,0,462,0,81,0,873,0,154,0,1,1,0,2,27,2,130,1,0,1,0,5,16,10,8,8,4,1,1,1,0,0,0,0,1,0,0,0,0,0,0,0,0,0,0,0,0,0,0,1,0,0,0,0,20,0,4,0,4,4,4,0,2,0,0,0,0,0,0,0,0,0,0,0,11,0,3,1,3,0,3,0,7,2,2
4,0,7,0,10,0,2,0,6,0,3,0,0,0,9,0,5,0,12,0,2,0,2,0,0,0,0,0,3,0,0,0,54,0,0,0,1,1,0,0,509,0,315,0,0,0,0,0,0,0,0,0,0,0,0,0,0,0,32,0,0,0,0,0,0,0,0,0,0,0,0,0,0,0,62,2,447,0,52,0,0,0,0,0,15,0,412,0,8,0,24,0,21,0,0,0,0,0,0,0,0,0,0,0,0,0,0,0,0,0,0,0,0,0,0,0,0,0,0,0,0,0,0,0,6,0,0,0,0,0,0,0,8,0,7,2,1,0,4,0,0,0,0,0,2,0,0,0,0,0,0,0,1,0,2,0,128,4,1,0,0,0,6,0,0,0,0,0,0,0
0,1,0,14,0,14,0,1,0,7,0,5,0,0,0,2,5,206,0,17,0,14,0,7,0,4,0,0,0,5,0,0,0,61,0,0,0,3,0,0,0,1190,0,658,0,0,0,0,0,0,0,0,0,0,0,0,0,0,0,69,0,1,0,1,0,0,0,0,0,1,1,1,0,0,1,80,0,1055,0,84,0,0,0,1,0,4,0,470,0,12,0,61,0,61,0,0,0,0,0,0,0,0,0,0,0,0,0,0,0,0,0,0,0,0,0,0,0,0,0,0,0,0,0,0,0,12,0,7,0,1,0,0,0,0,0,1,0,0,0,2,0,1,0,1,0,1,0,0,0,0,0,1,0,7,0,1,0,271,0,1,0,2,0,18,0,0,0,1,0,0
6,0,0,0,0,0,0,0,0,0,0,0,9,0,0,0,0,0,0,0,0,0,0,0,0,0,0,0,0,0,0,0,11,2,0,0,32,3,393,216,34,8,1,1,0,0,0,2117,2132,712,5040,1704,1697,184,1170,17,714,4,123,9,1,1,0,0,5,0,0,1,21,4,1126,387,2,0,1,1,9,1,2,1,0,0,19,4,68,16,0,0,24,8,0,0,2,4,0,0,1,0,1,0,1,0,1,18,0,0,0,0,0,0,0,0,0,0,0,0,0,0,0,0,0,0,2,0,0,0,2,0,0,0,0,0,0,0,1,0,0,0,0,0,1,0,0,0,2,0,0,0,0,0,0,0,0,0,0,0,0,0,0,0,1,0,3,0,0,0,0,1,0,0
0,4,0,1,0,1,0,2,0,0,0,0,15,2,0,0,0,0,0,0,0,0,0,0,0,0,0,0,0,0,0,0,7,52,0,0,9,48,134,254,76,12,1,0,0,0,2117,0,690,2418,289,2679,11,1019,35,528,4,445,12,189,1,3,0,3,5,2,4,10,12,61,242,1573,0,0,4,2,9,15,2,4,0,0,24,72,51,207,0,0,43,197,0,0,2,24,0,0,1,0,0,0,0,0,0,0,0,0,0,0,0,1,0,0,0,0,1,0,0,0,0,0,0,0,0,0,0,0,0,1,0,0,0,1,0,0,1,1,0,1,0,0,0,0,0,0,5,1,0,0,0,0,0,0,0,0,0,0,0,0,0,1,0,0,2,5,0,0,1,1,0,0
4,0,0,1,2,0,1,0,0,0,0,0,23,0,1,1,0,0,0,0,0,0,0,0,0,0,0,0,0,0,0,0,12,7,0,0,135,20,264,19,4,0,1,0,0,0,2132,690,0,2551,52,18,4532,144,640,17,16,0,13,2,5,0,65,0,33,0,3,0,33,13,1311,144,3,0,1,0,23,2,4,0,0,0,31,7,77,15,0,0,41,17,0,0,5,1,0,0,1,0,0,0,0,0,0,0,0,0,0,0,0,0,0,0,0,0,0,0,0,0,0,0,0,0,1,0,0,0,1,1,0,0,0,0,1,0,6,0,0,0,1,0,0,1,0,0,6,0,1,0,0,0,0,0,0,0,0,0,0,0,0,0,0,1,8,1,2,1,0,0,1,0
0,4,0,2,0,1,0,1,0,0,0,0,5,3,1,1,0,0,0,0,0,0,0,0,0,0,0,0,0,0,0,0,2,10,0,0,1,39,6,19,0,2,0,0,0,0,712,2418,2551,0,8,107,2,2581,2,399,0,9,0,6,0,7,0,13,0,4,1,10,4,102,25,1334,1,1,0,4,1,5,0,0,0,0,1,9,4,37,0,0,3,146,0,0,1,10,0,0,0,0,0,0,0,0,0,0,0,0,0,0,0,0,1,0,0,0,0,0,0,0,0,0,0,0,0,0,0,0,0,2,0,0,0,1,0,0,0,1,0,1,0,0,0,0,0,0,1,0,0,0,0,1,0,0,0,0,0,0,0,0,0,1,0,1,1,2,1,3,0,0,0,0
5,0,0,0,2,0,1,0,1,0,0,0,13,0,1,0,0,0,0,0,0,0,0,0,0,0,0,0,0,0,0,0,14,1,0,0,1,0,23,13,580,3,450,1,0,0,5040,289,52,8,0,238,460,2,991,3,1356,1,2257,0,2,0,1,0,3,0,5,0,10,0,739,47,0,0,6,0,32,0,5,0,0,0,47,1,103,6,0,0,59,6,0,0,30,1,4,0,3,0,9,0,470,0,8,0,0,0,8,0,14,0,3,0,1,9,0,0,1,0,0,1,0,0,0,0,0,0,1,0,0,0,0,0,1,0,0,0,0,0,15,0,15,0,18,1,134,0,0,0,0,0,0,0,0,0,0,0,0,0,0,1,1,0,3,0,2,0,3,0,3,0
0,2,0,0,0,1,1,0,0,0,0,0,0,6,0,0,0,0,0,0,0,0,0,0,0,0,0,0,0,0,0,0,0,87,0,0,3,6,1,9,11,418,0,744,0,0,1704,2679,18,107,238,0,0,182,4,251,0,884,0,1886,0,2,0,1,0,1,0,12,2,48,4,876,0,0,0,2,1,20,0,4,0,0,1,90,4,376,0,0,0,217,0,0,0,70,0,1,0,1,0,6,3,341,2,67,0,1,6,2,4,8,5,1,52,63,3,2,1,0,0,8,0,0,0,0,0,0,0,0,0,0,0,1,0,0,2,0,0,0,0,2,1,0,0,3,2,3,0,0,0,0,0,0,0,0,0,1,0,0,1,7,0,1,0,5,0,6,0,81,9,1
51,1,1,0,0,0,0,0,1,0,0,0,11,0,9,0,0,0,0,0,0,0,0,0,0,0,0,0,0,0,0,0,4,1,0,0,52,7,31,4,4,1,0,0,0,0,1697,11,4532,2,460,0,0,0,4410,1,68,0,20,0,26,0,478,0,158,0,5,0,82,2,658,12,15,0,10,0,10,0,2,1,0,0,11,5,59,2,0,0,71,5,0,0,4,1,0,0,0,0,1,0,0,0,0,0,0,0,1,0,0,0,0,0,0,0,0,0,0,0,0,0,0,0,1,0,1,0,1,0,1,0,1,1,1,0,1,0,0,0,0,0,0,0,1,0,3,0,0,0,0,0,0,0,0,0,0,0,0,0,0,0,1,2,9,2,0,0,0,0,0,0
0,1,0,0,0,0,0,0,0,0,0,0,2,1,0,0,0,0,0,0,0,0,0,0,0,0,0,0,0,0,0,0,0,1,0,0,1,6,0,2,0,0,0,0,0,0,184,1019,144,2581,2,182,0,0,0,3097,0,196,0,93,0,1,1,283,0,8,0,3,0,127,1,658,0,2,0,0,0,3,0,1,0,0,2,3,1,43,0,0,1,200,0,0,0,56,0,0,0,0,0,0,0,0,0,0,0,0,0,0,0,0,0,0,0,0,0,0,0,0,0,0,0,0,0,0,0,0,0,0,0,0,0,0,0,0,0,0,0,0,0,0,0,0,0,0,0,0,0,0,0,0,0,0,0,0,0,0,0,0,0,0,0,0,0,0,0,0,0,0,0,0
25,0,1,0,1,0,0,0,0,0,0,0,63,0,1,0,0,0,1,0,0,0,0,0,0,0,0,0,0,0,0,0,41,1,0,0,39,6,56,13,23,1,6,0,0,0,1170,35,640,2,991,4,4410,0,0,2,3141,0,470,0,25,0,249,0,1174,0,17,0,1986,4,206,44,2,0,5,1,60,2,12,0,0,0,107,5,452,9,0,0,2508,6,0,0,338,1,0,0,1,0,0,0,0,0,0,0,0,0,0,1,0,1,0,0,0,2,0,0,0,0,0,0,1,0,2,0,0,0,2,0,6,0,0,0,0,0,7,0,0,0,1,0,1,0,0,0,9,0,1,0,0,0,0,0,0,0,0,0,0,0,0,0,0,0,23,1,3,0,0,0,1,1
0,7,0,0,0,2,0,0,0,0,0,0,1,2,0,2,0,0,0,0,0,0,0,0,0,0,0,0,0,0,0,0,0,14,0,0,1,13,3,6,1,2,0,0,0,0,17,528,17,399,3,251,1,3097,2,0,0,1457,0,219,0,26,0,52,0,58,1,55,1,1525,2,203,0,0,1,2,3,5,0,4,0,0,0,22,0,155,0,1,0,2555,0,0,0,463,0,0,1,0,0,0,0,0,0,0,0,0,0,0,0,0,1,0,0,0,0,0,0,0,0,0,0,0,0,0,0,0,0,1,0,0,0,0,0,0,1,1,0,0,0,0,0,0,0,0,1,0,0,0,0,1,0,0,0,0,0,0,0,0,0,0,0,1,1,3,0,1,0,0,1,0
0,0,0,0,0,0,1,0,0,0,0,0,11,0,0,0,0,0,0,0,0,0,0,0,0,0,0,0,0,0,0,0,43,0,0,0,0,1,4,2,29,0,15,0,0,0,714,4,16,0,1356,0,68,0,3141,0,0,0,1826,0,2,0,0,0,6,0,1,0,22,0,19,14,0,0,5,0,37,0,1,0,0,0,73,0,250,0,0,0,451,0,0,0,1110,0,16,0,0,0,0,0,0,0,1,0,1,0,0,0,0,0,1,0,0,0,0,0,0,0,0,0,0,0,0,0,0,0,0,0,0,0,0,0,0,0,0,0,0,0,0,0,1,0,1,0,6,0,0,0,0,0,0,0,0,0,0,0,0,0,0,0,0,0,5,0,0,0,0,0,0,0
0,0,0,0,0,0,0,0,0,0,0,0,0,1,0,0,0,0,0,0,0,0,0,0,0,0,0,0,0,0,0,0,0,17,0,0,0,2,0,0,0,2,0,0,0,0,4,445,0,9,1,884,0,196,0,1457,0,0,0,1188,0,1,0,0,0,0,0,2,0,2,2,7,0,0,0,0,0,6,0,0,0,0,0,14,0,201,0,0,0,363,0,0,0,950,0,1,0,0,0,0,0,0,0,23,0,0,0,0,0,1,0,0,0,0,0,0,0,0,0,0,0,0,0,0,0,0,0,0,0,0,0,0,0,0,0,0,0,0,0,0,0,0,0,0,0,2,0,0,0,0,0,0,0,0,0,0,0,0,0,1,0,0,0,0,0,0,0,0,0,1
0,0,1,0,1,0,1,0,0,0,0,0,8,0,1,0,0,0,0,0,0,0,0,0,0,0,0,0,0,0,0,0,151,0,0,0,0,1,3,4,919,2,1625,0,32,0,123,12,13,0,2257,0,20,0,470,0,1826,0,0,0,1,0,1,0,6,0,0,0,4,0,90,15,1,0,1,0,175,0,2,0,0,0,55,0,365,2,628,0,339,0,1105,0,4251,0,184,1,0,0,0,0,67,0,200,0,0,0,0,0,0,0,2,1,0,0,0,0,0,0,0,0,0,0,0,0,0,0,1,0,0,0,0,0,0,0,5,0,0,0,3,0,1,0,0,0,24,0,0,1,0,0,0,0,0,0,0,0,1,0,0,0,0,0,9,0,1,0,0,0,0,0
0,0,1,4,0,2,0,1,0,3,0,0,1,16,0,1,0,0,0,0,0,0,0,0,0,0,0,0,0,0,0,0,0,480,0,0,0,2,1,4,23,790,0,1808,0,69,9,189,2,6,0,1886,0,93,0,219,0,1188,0,0,0,1,0,2,0,1,0,6,0,2,7,88,0,1,0,4,0,145,0,13,0,0,0,57,1,729,0,740,0,1134,0,1786,0,3297,0,54,0,1,0,0,0,55,1,127,0,0,2,3,4,0,3,3,0,3,0,0,0,0,0,0,0,0,0,0,0,0,0,0,0,0,0,0,0,1,1,0,0,0,0,10,1,0,0,2,1,11,0,1,0,1,0,0,0,0,0,0,0,1,1,0,0,0,0,13,0,0,0,2,0,1
3702,3,34,1,27,1,194,1,7,0,1,0,1034,0,75,3,0,0,2,0,0,0,0,0,0,0,0,0,0,0,0,0,341,1,0,0,270,85,2,0,27,0,1,0,0,0,1,1,5,0,2,0,26,0,25,0,2,0,1,0,0,0,1106,0,2320,0,821,2,66,0,795,2,472,3,107,0,204,0,9,0,0,0,3,0,89,1,1,0,33,0,0,0,1,0,1,0,0,1,2,0,0,0,0,0,0,0,2,0,2,0,1,1,0,1,0,0,0,0,0,0,3,0,3,0,4,0,42,0,11,0,1,0,9,0,64,0,5,0,0,0,4,0,0,0,44,1,0,0,0,0,0,0,0,0,6,2,1,0,16,0,2,0,57,0,9,3,1,2,4,0
3,3401,0,87,0,148,3,201,0,22,0,0,0,933,8,115,0,0,0,2,0,0,0,0,0,0,0,0,0,0,0,0,1,117,0,0,12,105,0,0,0,21,0,0,0,1,1,3,0,7,0,2,0,1,0,26,0,1,0,1,0,0,0,1930,0,1443,0,3152,0,137,12,536,3,833,1,95,0,100,0,14,0,0,0,2,1,43,0,0,0,29,0,0,0,0,0,0,0,0,1,2,1,0,0,0,0,0,1,2,4,1,1,1,0,2,0,0,0,0,0,0,0,9,0,1,0,5,0,123,0,16,0,21,0,10,0,12,1,16,0,2,0,0,0,0,0,4,0,11,0,5,0,0,0,0,3,0,0,0,0,15,0,16,0,81,0,9,1,0,0,1
121,0,9,0,5,0,0,0,0,0,0,0,4,0,6,0,0,0,0,0,0,0,0,0,0,0,0,0,0,0,0,0,6,0,0,0,92,16,3,0,12,1,3,0,0,0,0,0,65,0,1,0,478,1,249,0,0,0,1,0,1106,0,0,0,2361,0,21,0,62,1,2057,0,64,0,40,0,45,1,3,0,0,0,0,1,14,1,0,0,8,0,0,0,0,0,0,0,0,0,0,0,1,0,0,2,0,0,0,1,0,1,0,0,0,0,0,0,0,0,0,0,4,0,5,0,1,0,7,0,7,0,1,0,3,0,21,0,3,0,0,0,2,0,0,0,9,0,0,0,1,0,0,0,0,0,0,0,0,0,1,1,2,0,11,0,1,0,1,0,2,0
0,168,0,9,0,22,0,8,0,2,0,0,0,4,0,10,0,0,0,0,0,0,0,0,0,0,0,0,0,0,0,0,0,5,0,0,0,53,0,0,0,5,0,0,0,1,0,3,0,13,0,1,0,283,0,52,0,0,0,2,0,1930,0,0,0,928,0,57,0,345,5,992,0,96,1,21,0,11,0,2,0,0,0,0,0,2,0,0,0,9,0,0,0,0,0,0,0,0,1,0,1,0,0,0,0,1,0,0,1,0,0,0,0,1,0,0,0,0,0,0,0,2,0,0,0,1,0,14,0,9,0,10,0,0,0,4,0,2,0,0,0,0,0,0,0,1,0,2,0,1,0,0,0,0,1,0,0,1,0,0,0,4,0,17,0,6,0,2,0,0
377,0,30,0,11,0,7,0,4,0,0,0,71,0,21,1,0,0,2,0,0,0,0,0,0,0,0,0,0,0,0,0,29,3,0,0,52,5,8,1,20,1,4,0,0,0,5,5,33,0,3,0,158,0,1174,0,6,0,6,0,2320,0,2361,0,0,0,1199,1,2152,5,300,4,14,0,85,1,78,4,4,1,0,0,20,7,344,10,0,0,140,1,0,0,4,0,0,0,2,0,0,0,1,0,0,0,1,0,1,2,4,1,4,3,0,1,0,0,0,0,0,0,0,0,9,0,3,0,17,0,22,0,0,0,2,0,63,1,0,0,1,1,2,1,1,1,21,1,0,1,0,0,0,0,0,0,1,0,1,0,11,1,3,0,68,1,13,1,0,4,8,1
0,295,0,6,0,20,0,8,0,2,0,0,0,6,0,3,0,0,0,0,0,0,0,0,0,0,0,0,0,0,0,0,0,8,0,0,2,17,0,1,0,2,0,0,0,0,0,2,0,4,0,1,0,8,0,58,0,0,0,1,0,1443,0,928,0,0,0,1644,0,1360,6,49,0,10,0,12,0,14,0,3,0,0,0,4,0,53,0,0,0,37,0,0,0,1,0,0,0,0,0,0,0,0,0,0,0,0,0,0,0,0,0,0,0,0,0,0,0,0,0,0,0,1,0,0,0,1,0,16,0,4,0,6,0,0,0,3,0,1,0,0,0,0,0,0,0,0,0,6,0,2,0,0,0,0,1,0,0,2,0,1,0,1,0,11,0,3,0,0,0,0
73,1,1,0,5,0,2,0,0,0,0,0,207,0,6,0,0,0,0,0,0,0,0,0,0,0,0,0,0,0,0,0,41,3,0,0,28,2,8,1,18,1,1,0,0,0,0,4,3,1,5,0,5,0,17,1,1,0,0,0,821,0,21,0,1199,0,0,0,558,0,46,6,6,0,49,0,52,1,5,0,0,0,18,1,812,2,0,0,248,1,0,0,1,0,0,0,1,0,0,0,1,0,0,0,0,0,0,1,2,1,0,3,0,3,0,0,0,0,0,0,0,0,1,0,0,0,9,0,6,0,1,0,1,0,21,0,2,0,1,0,2,0,1,0,11,0,0,0,0,0,0,0,0,0,1,0,0,0,7,0,2,0,52,0,6,1,0,0,4,2
0,563,0,29,0,78,0,20,0,5,0,0,2,557,1,17,0,0,0,2,0,0,0,0,0,0,0,0,0,0,0,0,0,67,0,0,3,84,2,2,0,27,1,0,0,0,1,10,0,10,0,12,0,3,0,55,0,2,0,6,2,3152,0,57,1,1644,0,0,1,856,5,53,0,14,2,57,0,91,0,37,0,0,0,8,1,970,0,0,0,215,0,0,0,0,0,0,0,0,1,1,0,0,0,0,0,0,5,0,1,2,1,1,0,3,0,0,0,0,0,0,0,6,0,2,0,9,0,76,0,14,0,38,0,8,0,11,0,8,0,1,0,4,0,3,0,3,0,20,0,5,0,0,0,0,1,1,0,4,2,10,0,25,0,98,0,17,0,4,5,0
41,0,2,0,3,0,0,0,1,0,0,0,68,0,3,0,0,0,0,0,0,0,0,0,0,0,0,0,0,0,0,0,11,3,0,0,25,1,28,1,13,0,1,0,0,0,21,12,33,4,10,2,82,0,1986,1,22,0,4,0,66,0,62,0,2152,0,558,1,0,0,82,16,8,0,16,0,16,1,7,0,0,0,15,4,799,6,0,0,1359,6,0,0,11,0,0,0,0,0,1,0,0,0,1,0,0,0,1,0,0,0,0,0,0,1,0,0,0,0,0,0,1,0,4,0,0,0,3,0,4,0,0,1,2,1,9,0,1,0,0,0,1,0,0,0,11,0,0,0,0,0,0,0,0,0,0,0,0,0,1,0,1,0,24,0,3,0,0,1,2,0
0,112,0,9,0,17,0,8,0,2,0,0,6,1,0,3,0,0,0,0,0,0,0,0,0,0,0,0,0,0,0,0,0,39,0,0,6,99,7,20,1,5,0,0,0,1,4,61,13,102,0,48,2,127,4,1525,0,2,0,2,0,137,1,345,5,1360,0,856,0,0,21,198,0,1,2,22,0,30,0,10,0,0,2,45,2,911,0,0,0,937,0,0,0,7,0,0,0,0,0,1,1,0,0,0,1,0,3,1,3,0,1,0,0,1,0,0,0,0,0,0,0,1,0,0,0,2,0,5,0,1,0,10,0,1,0,6,0,3,0,0,0,1,0,1,1,0,0,3,0,5,0,0,0,0,0,0,0,0,0,6,0,3,0,34,1,2,0,0,2,0
348,17,17,3,8,4,3,1,7,0,0,0,34,1,28,3,0,0,1,2,0,0,0,0,0,0,0,0,0,0,0,0,33,10,0,0,2086,198,993,125,367,29,87,6,0,1,1126,242,1311,25,739,4,658,1,206,2,19,2,90,7,795,12,2057,5,300,6,46,5,82,21,0,1095,934,14,66,6,98,12,12,2,0,0,21,9,42,26,0,0,40,12,0,0,5,2,0,0,0,0,0,1,2,0,1,0,0,0,3,1,2,3,1,0,1,2,0,0,0,0,0,0,1,0,3,0,1,0,27,3,10,0,2,3,3,1,35,0,4,0,0,0,1,0,1,1,29,2,0,0,1,0,0,0,0,0,0,2,0,0,3,3,1,5,27,18,7,3,0,1,4,1
2,380,0,56,0,33,0,15,0,3,0,0,21,8,2,41,0,0,0,0,0,0,0,0,0,0,0,0,0,0,0,0,8,98,0,0,18,2045,92,835,258,298,10,59,0,1,387,1573,144,1334,47,876,12,658,44,203,14,7,15,88,2,536,0,992,4,49,6,53,16,198,1095,0,0,568,10,46,15,66,5,21,0,0,37,62,75,147,0,1,50,177,0,0,4,12,0,0,1,0,0,0,1,0,0,0,0,0,0,0,5,1,1,0,0,4,1,0,0,0,0,0,0,2,0,2,0,1,0,44,0,7,0,29,0,6,0,14,0,6,1,2,0,2,1,0,12,15,0,18,0,6,0,0,0,0,1,0,0,2,0,7,0,20,5,89,2,18,1,7,6,2
875,5,308,2,34,2,67,0,9,0,0,0,3,0,1339,18,0,0,1,0,0,0,0,0,0,0,0,0,0,0,0,0,60,0,0,0,950,159,1,0,13,1,0,0,0,0,2,0,3,1,0,0,15,0,2,0,0,0,1,0,472,3,64,0,14,0,6,0,8,0,934,0,0,20,45,2,99,0,9,0,0,0,2,0,1,0,0,0,2,0,0,0,0,0,0,0,0,0,1,0,2,0,0,0,0,0,0,1,0,1,1,0,0,0,0,0,0,0,0,0,1,0,2,0,0,0,9,0,2,0,0,0,1,0,12,0,0,0,1,0,0,1,0,0,6,0,0,0,0,0,0,0,0,0,16,2,1,0,1,0,1,0,4,0,0,0,0,0,0,0
3,630,1,106,3,30,2,31,0,6,0,0,0,10,13,1086,0,0,0,1,0,0,0,0,0,0,0,0,0,0,0,0,0,17,0,0,75,590,0,0,0,2,0,0,0,0,0,0,0,1,0,0,0,2,0,0,0,0,0,1,3,833,0,96,0,10,0,14,0,1,14,568,20,0,1,46,5,34,0,3,0,0,0,0,0,0,0,0,0,0,0,0,0,0,0,0,0,0,0,0,0,0,0,0,0,0,1,0,1,1,1,0,1,0,0,0,0,0,0,0,0,2,0,1,0,7,0,45,0,5,0,14,0,0,0,6,0,9,0,1,0,1,0,0,0,2,0,8,0,0,0,0,0,0,8,2,0,1,3,8,0,1,1,28,1,7,0,0,0,0
144,2,588,21,769,8,103,2,314,0,115,4,14,0,496,1,244,237,367,6,8,1,19,0,3,0,7,1,23,0,6,1,313,3,0,0,281,17,13,0,184,3,5,0,62,1,1,4,1,0,6,0,10,0,5,1,5,0,1,0,107,1,40,1,85,0,49,2,16,2,66,10,45,1,0,596,1818,1,398,0,0,0,8,0,16,2,10,0,7,2,0,0,6,0,0,0,4,0,2,0,6,0,1,0,0,0,10,4,15,3,12,3,0,9,0,0,0,1,0,0,15,0,37,0,29,0,107,0,31,0,3,0,67,0,479,32,29,0,8,0,5,1,0,1,216,0,13,0,7,0,3,0,22,9,46,14,316,77,40,0,10,0,141,2,35,6,2,5,20,2
1,152,63,474,13,828,0,207,6,215,13,90,0,21,8,226,44,195,58,138,7,7,18,15,3,12,3,4,3,8,1,11,7,253,0,0,11,243,1,1,0,195,0,0,2,80,1,2,0,4,0,2,0,0,1,2,0,0,0,4,0,95,0,21,1,12,0,57,0,22,6,46,2,46,596,0,2,1821,0,279,0,0,0,5,0,7,0,17,1,3,0,1,0,2,0,0,1,0,1,0,1,0,0,0,1,0,2,0,4,2,3,2,1,1,0,0,0,0,0,0,0,9,0,19,0,124,0,314,0,90,0,91,0,18,0,187,0,106,0,4,0,1,0,1,1,57,0,85,0,100,6,14,56,56,26,121,10,318,4,14,0,16,0,94,1,19,0,5,1,0
279,2,420,4,595,0,195,0,454,0,139,0,37,0,367,8,377,0,187,1,7,0,56,0,2,0,0,0,92,0,7,0,3687,0,0,0,171,30,9,1,1302,0,63,0,447,0,9,9,23,1,32,1,10,0,60,3,37,0,175,0,204,0,45,0,78,0,52,0,16,0,98,15,99,5,1818,2,0,1,677,0,0,0,17,3,309,5,191,0,186,1,0,0,263,0,2,0,2,0,4,0,5,0,4,2,0,0,5,1,4,1,7,1,0,0,0,0,0,0,0,0,0,1,6,0,9,0,45,0,15,0,1,0,30,0,93,6,1,0,29,0,3,0,4,0,82,1,1,0,0,0,0,0,12,4,48,25,368,1,2,1,3,1,86,0,14,0,1,0,3,1
3,159,0,323,0,587,1,341,1,515,0,188,1,54,6,231,10,539,7,87,0,25,0,33,0,102,0,32,0,56,0,3,2,4091,0,0,19,104,6,8,4,1463,0,30,0,1055,1,15,2,5,0,20,0,3,2,5,0,6,0,145,0,100,1,11,4,14,1,91,1,30,12,66,0,34,1,1821,1,0,0,784,0,0,1,35,3,246,0,179,0,100,0,14,0,65,0,0,2,1,2,0,1,0,0,0,2,1,4,5,10,3,11,7,1,2,0,0,0,0,0,0,0,2,0,0,0,71,0,79,0,8,0,22,0,19,0,24,0,16,0,59,1,6,0,6,2,52,1,13,0,6,2,1,2,27,15,72,0,506,0,11,0,15,1,130,0,7,0,3,1,4
22,0,31,0,53,0,17,0,35,0,4,0,2,0,22,1,4,1,16,0,0,0,3,0,2,0,0,0,4,0,0,0,63,0,0,0,23,2,3,0,229,0,14,0,52,0,2,2,4,0,5,0,2,0,12,0,1,0,2,0,9,0,3,0,4,0,5,0,7,0,12,5,9,0,398,0,677,0,0,0,0,0,2,0,10,1,8,0,11,0,0,0,11,0,1,0,0,0,0,0,2,0,0,0,0,0,2,0,1,0,0,0,0,0,0,0,0,0,0,0,1,0,1,0,2,0,3,0,0,0,0,0,30,0,25,3,3,0,9,1,1,0,1,0,15,0,0,0,0,0,0,0,1,0,3,1,88,0,0,0,0,0,30,1,1,0,0,1,2,0
0,22,0,13,1,43,0,19,0,21,0,6,0,8,0,30,2,1,0,7,0,0,0,0,0,0,0,0,0,0,0,0,0,94,0,0,0,18,0,1,0,405,0,9,0,84,1,4,0,0,0,4,1,1,0,4,0,0,0,13,0,14,0,2,1,3,0,37,0,10,2,21,0,3,0,279,0,784,0,0,0,0,0,3,0,13,0,13,0,10,0,0,0,2,0,0,1,0,0,0,1,0,0,0,0,0,1,1,1,2,1,1,0,1,0,0,0,0,0,0,0,1,0,0,0,15,0,11,0,3,0,1,0,5,0,6,0,2,0,73,0,0,1,3,1,10,0,4,0,4,0,0,0,0,3,0,0,51,1,2,0,2,0,23,1,0,0,0,0,1
0,0,0,0,0,0,0,0,0,0,0,0,0,0,0,0,0,0,0,0,0,0,0,0,0,0,0,0,0,0,0,0,0,0,0,0,0,0,0,0,0,0,0,0,0,0,0,0,0,0,0,0,0,0,0,0,0,0,0,0,0,0,0,0,0,0,0,0,0,0,0,0,0,0,0,0,0,0,0,0,0,0,0,0,0,0,0,0,0,0,0,0,0,0,0,0,0,0,0,0,0,0,0,0,0,0,0,0,0,0,0,0,0,0,0,0,0,0,0,0,0,0,0,0,0,0,0,0,0,0,0,0,0,0,0,0,0,0,0,0,0,0,0,0,0,0,0,0,0,0,0,0,0,0,0,0,0,0,0,0,0,0,0,0,0,0,0,0,0,0
0,0,0,0,0,0,0,0,0,0,0,0,0,0,0,0,0,0,0,0,0,0,0,0,0,0,0,0,0,0,0,0,0,0,0,0,0,0,0,0,0,0,0,0,0,0,0,0,0,0,0,0,0,0,0,0,0,0,0,0,0,0,0,0,0,0,0,0,0,0,0,0,0,0,0,0,0,0,0,0,0,0,0,0,0,0,0,0,0,0,0,0,0,0,0,0,0,0,0,0,0,0,0,0,0,0,0,0,0,0,0,0,0,0,0,0,0,0,0,0,0,0,0,0,0,0,0,0,0,0,0,0,0,0,0,0,0,0,0,0,0,0,0,0,0,0,0,0,0,0,0,0,0,0,0,0,0,0,0,0,0,0,0,0,0,0,0,0,0,0
1,0,0,0,0,0,0,0,0,0,0,0,178,0,0,0,0,0,0,0,0,0,0,0,0,0,0,0,0,0,0,0,26,1,0,0,11,0,16,9,77,0,4,0,0,0,19,24,31,1,47,1,11,2,107,0,73,0,55,0,3,0,0,0,20,0,18,0,15,2,21,37,2,0,8,0,17,1,2,0,0,0,0,2,477,10,0,0,95,3,0,0,16,0,0,0,0,0,0,0,0,0,0,0,0,0,0,0,0,1,0,1,0,2,0,0,0,0,0,0,0,0,1,0,0,0,0,0,1,0,0,0,0,0,2,0,0,0,0,0,0,0,0,0,23,0,0,0,0,1,0,0,0,0,0,0,0,0,0,0,1,0,4,0,0,0,0,0,4,0
0,2,0,2,0,1,0,0,0,0,0,0,9,105,0,1,0,0,0,0,0,0,0,0,0,0,0,0,0,0,0,0,1,146,0,0,6,40,5,11,0,39,0,0,0,1,4,72,7,9,1,90,5,3,5,22,0,14,0,57,0,2,1,0,7,4,1,8,4,45,9,62,0,0,0,5,3,35,0,3,0,0,2,0,2,965,0,15,1,44,0,0,0,20,0,0,0,0,0,0,0,0,0,0,0,0,0,0,0,2,0,0,0,0,0,0,0,0,0,0,0,0,0,0,0,0,0,0,0,0,0,1,0,0,1,0,0,0,0,0,0,0,0,0,0,1,0,0,0,1,0,0,0,0,1,0,0,0,0,1,0,0,1,4,0,0,0,0,1,0
30,0,0,0,4,0,1,0,2,0,0,0,447,0,2,0,0,0,0,0,0,0,0,0,0,0,0,0,0,0,0,0,310,4,0,0,13,3,37,14,544,3,42,0,15,0,68,51,77,4,103,4,59,1,452,0,250,0,365,1,89,1,14,0,344,0,812,1,799,2,42,75,1,0,16,0,309,3,10,0,0,0,477,2,0,11,776,0,5386,4,1,0,904,1,11,0,0,0,0,0,1,0,5,0,0,0,1,0,0,1,1,0,0,0,0,0,0,0,0,0,0,0,0,0,0,0,0,0,1,0,0,0,3,0,5,0,0,0,5,0,3,0,2,0,32,0,0,0,0,0,0,0,0,0,1,0,1,0,1,0,0,0,13,1,4,0,0,1,0,0
0,36,0,3,1,2,0,2,1,1,0,0,14,531,0,5,0,0,0,0,0,0,0,0,0,0,0,0,0,0,0,0,1,1127,0,0,2,46,9,10,8,562,0,49,0,4,16,207,15,37,6,376,2,43,9,155,0,201,2,729,1,43,1,2,10,53,2,970,6,911,26,147,0,0,2,7,5,246,1,13,0,0,10,965,11,0,0,699,1,2557,0,24,0,438,0,0,1,0,0,0,1,0,0,1,0,0,1,2,2,1,0,2,0,1,0,0,0,0,0,0,1,0,1,0,0,1,1,4,0,0,1,2,1,0,1,1,0,0,0,17,0,1,0,11,4,21,1,1,0,0,0,0,0,0,0,1,0,0,0,3,0,1,3,20,2,1,0,2,0,1
0,0,3,0,2,0,1,0,2,0,9,0,5,0,0,0,18,0,2,0,2,0,1,0,8,0,0,0,95,0,0,0,249,0,0,0,0,0,0,0,1084,0,150,0,412,0,0,0,0,0,0,0,0,0,0,0,0,0,628,0,1,0,0,0,0,0,0,0,0,0,0,0,0,0,10,0,191,0,8,0,0,0,0,0,776,0,0,0,1224,0,1233,0,1004,0,0,0,0,0,0,0,0,0,0,0,0,0,0,0,0,1,0,0,0,0,0,0,0,0,0,0,0,0,0,0,0,0,0,0,0,0,1,0,7,0,3,0,0,0,0,0,0,0,0,0,0,0,0,0,0,0,1,0,0,0,2,0,2,0,0,0,0,0,0,0,0,0,0,0,0,0
0,0,0,4,0,0,0,1,0,0,0,1,0,21,0,2,0,2,0,0,0,1,0,0,0,2,0,0,0,14,0,0,0,572,0,0,0,0,0,0,0,1051,0,462,0,470,0,0,0,0,0,0,0,0,0,1,0,0,0,740,0,0,0,0,0,0,0,0,0,0,0,1,0,0,0,17,0,179,0,13,0,0,0,15,0,699,0,0,0,383,0,2972,0,665,0,0,0,0,0,0,0,0,0,0,0,0,0,0,0,0,0,0,0,0,0,0,0,0,0,0,0,0,0,0,0,1,0,0,0,0,0,0,0,0,0,0,0,1,0,1,0,0,0,0,0,0,0,0,0,0,0,0,0,0,0,0,0,3,0,1,0,0,0,2,0,0,0,0,0,0
18,0,1,0,2,0,0,0,0,0,0,0,69,0,1,1,0,0,1,0,0,0,0,0,0,0,0,0,0,0,0,0,169,0,0,0,12,3,15,8,336,0,39,0,8,0,24,43,41,3,59,0,71,1,2508,0,451,0,339,0,33,0,8,0,140,0,248,0,1359,0,40,50,2,0,7,1,186,0,11,0,0,0,95,1,5386,1,1224,0,0,4,806,0,5174,0,2,0,1,0,0,0,0,0,1,0,0,0,3,1,1,0,0,0,0,0,0,0,0,0,0,0,0,0,0,0,0,0,0,0,0,0,0,0,2,0,0,0,0,0,5,0,1,0,1,0,16,0,1,0,0,0,0,0,0,0,0,0,0,0,3,0,0,0,6,0,2,1,0,0,1,0
0,27,0,1,0,0,0,0,0,0,0,0,5,8,0,0,0,0,0,0,0,0,0,0,0,0,0,0,0,0,0,0,0,236,0,0,4,21,6,13,5,538,0,81,0,12,8,197,17,146,6,217,5,200,6,2555,0,363,0,1134,0,29,0,9,1,37,1,215,6,937,12,177,0,0,2,3,1,100,0,10,0,0,3,44,4,2557,0,383,4,0,0,1221,0,5740,0,0,0,0,0,0,0,0,0,0,0,0,0,1,0,0,0,0,0,1,0,0,0,0,0,0,0,0,0,0,0,0,0,2,0,1,0,1,0,0,2,0,0,0,0,10,0,0,0,1,0,4,0,0,0,0,0,0,0,0,0,0,0,0,0,0,0,0,0,6,0,1,0,0,1,0
0,0,0,0,0,0,0,0,0,0,0,0,0,0,0,0,0,0,0,0,0,0,0,0,0,0,0,0,0,0,0,0,0,0,0,0,0,0,0,0,79,0,125,0,24,0,0,0,0,0,0,0,0,0,0,0,0,0,1105,0,0,0,0,0,0,0,0,0,0,0,0,0,0,0,0,0,0,0,0,0,0,0,0,0,1,0,1233,0,806,0,0,0,1507,0,0,0,0,0,0,0,0,0,0,0,0,0,0,0,0,0,0,0,0,0,0,0,0,0,0,0,0,0,0,0,0,0,0,0,0,0,0,0,0,0,0,0,0,0,0,0,0,0,0,0,0,0,0,0,0,0,0,0,0,0,0,0,0,0,0,0,0,0,0,0,0,0,0,0,0,0
0,0,0,0,0,0,0,0,0,0,0,0,0,0,0,0,0,0,0,0,0,0,0,0,0,0,0,0,0,0,0,0,0,9,0,0,0,0,0,0,0,94,0,873,0,61,0,0,0,0,0,0,0,0,0,0,0,0,0,1786,0,0,0,0,0,0,0,0,0,0,0,0,0,0,0,1,0,14,0,0,0,0,0,0,0,24,0,2972,0,1221,0,0,0,1076,0,0,0,0,0,0,0,0,0,0,0,0,0,0,0,0,0,0,0,0,0,0,0,0,0,0,0,0,0,0,0,0,0,0,0,0,0,0,0,0,0,0,0,0,0,1,0,0,0,0,0,0,0,0,0,0,0,0,0,0,0,0,0,0,0,0,0,0,0,1,0,0,0,0,0,0
0,0,2,0,1,1,0,0,1,0,1,0,13,0,1,0,0,0,3,0,0,0,0,0,0,0,0,0,0,0,0,0,260,1,0,0,1,0,0,0,763,0,201,0,21,0,2,2,5,1,30,0,4,0,338,0,1110,0,4251,0,1,0,0,0,4,0,1,0,11,0,5,4,0,0,6,0,263,0,11,0,0,0,16,0,904,0,1004,0,5174,0,1507,0,0,0,138,0,0,0,0,0,0,0,0,0,0,0,0,0,0,0,0,0,0,0,0,0,0,0,0,0,0,0,0,0,0,0,0,0,0,0,0,0,3,0,0,0,0,0,5,0,1,0,0,0,9,0,0,0,0,0,0,0,0,0,0,0,1,0,0,0,0,0,3,0,0,0,0,0,0,0
0,0,0,0,0,0,0,0,0,1,0,1,0,3,0,1,0,0,0,0,0,0,0,0,0,0,0,0,0,0,0,0,1,119,0,0,1,0,0,3,0,339,0,154,0,61,4,24,1,10,1,70,1,56,1,463,0,950,0,3297,0,0,0,0,0,1,0,0,0,7,2,12,0,0,0,2,0,65,0,2,0,0,0,20,1,438,0,665,0,5740,0,1076,0,0,0,12,0,1,0,0,0,0,0,0,0,0,0,1,1,0,0,0,0,0,0,0,0,0,0,0,0,0,0,0,0,1,0,0,0,0,0,0,0,0,0,0,0,0,0,3,0,0,0,0,0,2,0,0,0,0,0,0,0,0,0,0,0,1,0,0,0,0,0,1,0,0,1,0,0,0
1,0,0,0,0,0,0,0,0,0,0,0,1,0,0,0,0,0,0,0,0,0,0,0,0,0,0,0,0,0,0,0,1,0,0,0,0,0,0,0,8,0,2,0,0,0,0,0,0,0,4,0,0,0,0,0,16,0,184,0,1,0,0,0,0,0,0,0,0,0,0,0,0,0,0,0,2,0,1,0,0,0,0,0,11,0,0,0,2,0,0,0,138,0,0,7,6166,7,74,3,307,1,5949,16,691,1,517,5,81,4,23,2,2,2,9,35,113,12,0,1,0,0,0,0,0,0,0,0,0,0,0,0,0,0,0,0,0,0,0,0,0,0,1,0,3,0,0,0,0,0,0,0,0,0,0,0,0,0,2,0,0,0,0,0,1,0,0,1,0,2
0,0,1,0,0,0,0,0,0,0,0,0,0,0,0,0,0,0,1,0,0,0,0,0,0,0,0,0,0,0,0,0,0,0,0,0,0,0,0,0,0,0,0,1,0,0,0,0,0,0,0,1,0,0,0,0,0,1,1,54,0,0,0,0,0,0,0,0,0,0,0,0,0,0,0,0,0,0,0,0,0,0,0,0,0,0,0,0,0,0,0,0,0,12,7,0,6,4764,4,93,5,278,21,5327,1,499,15,1149,5,158,5,75,11,2,20,27,41,43,15,0,0,0,0,0,0,0,0,0,0,0,0,0,0,0,0,0,0,0,0,0,0,0,0,0,0,0,0,0,0,0,0,0,0,0,0,0,0,0,1,1,0,0,0,0,0,0,0,6,1,0
0,0,1,0,0,0,0,0,0,0,0,0,0,0,0,0,0,0,0,0,0,0,0,0,0,0,0,0,0,0,0,0,1,1,0,0,0,1,0,0,2,2,2,1,0,0,1,1,1,0,3,0,0,0,1,1,0,0,0,0,0,0,0,0,2,0,1,0,0,0,0,1,0,0,4,1,2,2,0,1,0,0,0,0,0,1,0,0,1,0,0,0,0,0,6166,6,0,30,190,8,539,8,1398,35,2326,0,1546,10,187,1,53,2,7,4,26,90,256,57,2,2,0,0,0,0,0,0,0,0,0,1,0,0,0,1,3,0,0,0,0,0,0,0,0,0,3,3,0,1,0,0,0,0,0,0,0,0,0,0,2,1,0,0,1,2,5,4,0,1,4,2
0,0,0,0,0,0,0,0,0,0,0,0,0,0,0,0,0,0,0,0,0,0,0,0,0,0,0,0,0,0,0,0,0,0,0,0,0,0,0,0,1,0,0,0,0,0,0,0,0,0,0,1,0,0,0,0,0,0,0,1,1,0,0,0,0,0,0,0,0,0,0,0,0,0,0,0,0,1,0,0,0,0,0,0,0,0,0,0,0,0,0,0,0,1,7,4764,30,0,3,115,8,322,26,1222,8,2194,23,2035,11,149,4,83,12,1,26,38,81,98,9,3,0,0,0,0,0,0,0,0,0,0,0,1,0,0,0,0,0,0,0,1,0,0,0,1,0,0,0,0,0,0,0,0,0,0,0,0,0,0,0,3,0,1,0,0,0,0,0,1,0,0
1,0,0,0,0,0,0,0,0,0,0,0,0,0,1,0,0,0,0,0,0,0,0,0,0,0,0,0,0,0,0,0,0,1,0,0,1,2,1,0,2,2,1,2,0,0,1,0,0,0,9,0,1,0,0,0,0,0,0,0,2,1,0,1,0,0,0,1,1,0,0,0,1,0,2,1,4,2,0,0,0,0,0,0,0,0,0,0,0,0,0,0,0,0,74,4,190,3,0,20,918,6,209,17,109,2,461,9,449,9,106,5,97,147,209,71,19,50,52,52,0,0,0,0,1,0,0,0,0,0,0,0,0,0,1,0,0,0,0,0,4,2,3,2,6,2,0,1,0,0,0,0,0,0,0,0,0,0,4,2,0,1,6,1,9,4,7,2,19,0
0,0,0,0,0,0,0,0,0,0,0,0,0,0,0,0,0,0,0,0,0,0,0,0,0,0,0,0,0,0,0,0,0,0,0,0,0,1,0,0,1,1,0,27,0,0,0,0,0,0,0,6,0,0,0,0,0,0,0,0,0,2,0,0,0,0,0,1,0,1,1,0,0,0,0,0,0,0,0,0,0,0,0,0,0,0,0,0,0,0,0,0,0,0,3,93,8,115,20,0,42,847,13,239,0,71,16,693,23,466,12,162,72,68,104,75,19,58,34,92,0,0,0,0,0,0,0,0,0,0,0,0,0,0,0,0,0,0,0,1,0,1,0,0,1,0,0,0,0,0,0,0,0,0,0,0,0,0,1,2,0,0,1,0,1,1,0,208,1,0
1,0,0,0,3,0,0,0,1,0,1,0,0,0,0,0,0,0,1,0,0,0,0,0,0,0,0,0,0,0,0,0,1,0,0,0,1,0,1,0,48,5,179,2,0,0,1,0,0,0,470,3,0,0,0,0,0,0,67,0,0,1,1,1,1,0,1,0,0,1,2,1,2,0,6,1,5,1,2,1,0,0,0,0,1,1,0,0,0,0,0,0,0,0,307,5,539,8,918,42,0,134,1676,46,363,3,911,22,282,13,296,6,101,106,1293,203,60,45,26,37,0,0,0,0,0,0,1,0,0,0,1,0,0,0,1,0,0,0,1,0,9,0,3,2,8,1,0,1,0,0,0,0,0,0,0,0,0,0,9,1,0,0,10,1,2,2,3,1,2,0
0,0,0,0,0,0,0,0,0,0,0,0,0,0,0,0,0,0,0,0,0,0,0,0,0,0,0,0,0,0,0,0,0,0,0,0,0,0,0,0,0,11,0,130,0,0,0,0,0,0,0,341,0,0,0,0,0,0,0,55,0,0,0,0,0,0,0,0,0,0,0,0,0,0,0,0,0,0,0,0,0,0,0,0,0,0,0,0,0,0,0,0,0,0,1,278,8,322,6,847,134,0,16,2369,3,108,25,766,26,381,5,255,84,30,681,123,32,83,56,16,0,0,0,0,0,0,0,0,0,0,0,0,0,0,0,0,0,0,0,0,0,1,0,1,3,1,0,0,0,0,0,0,0,0,0,0,0,0,0,4,0,0,0,0,1,0,0,19,1,1
0,0,0,0,0,0,0,0,0,1,0,0,0,0,0,0,0,0,0,0,0,0,0,0,0,0,0,0,0,0,0,0,1,1,0,0,0,0,0,0,6,1,6,1,0,0,1,0,0,0,8,2,0,0,0,0,1,0,200,1,0,0,0,0,0,0,0,0,1,0,1,0,0,0,1,0,4,0,0,0,0,0,0,0,5,0,0,0,1,0,0,0,0,0,5949,21,1398,26,209,13,1676,16,0,110,427,0,620,18,146,5,58,4,4,8,47,724,328,44,8,5,0,0,0,0,0,0,0,0,0,0,0,0,0,0,1,0,0,0,1,0,2,1,0,0,4,2,0,0,0,0,0,0,0,0,0,0,0,0,0,4,0,0,0,0,0,0,2,0,2,0
0,0,0,0,0,0,0,0,0,0,0,0,0,0,0,0,0,0,0,0,0,0,0,0,0,0,0,0,0,0,0,0,0,0,0,0,1,0,0,0,0,4,0,0,0,0,18,0,0,0,0,67,0,0,0,0,0,23,0,127,0,0,2,0,0,0,0,0,0,0,0,0,0,0,0,0,2,0,0,0,0,0,0,0,0,1,0,0,0,0,0,0,0,0,16,5327,35,1222,17,239,46,2369,110,0,4,206,58,887,32,382,3,377,23,11,70,699,411,206,131,7,0,0,0,0,0,0,0,0,0,0,0,0,0,0,0,0,0,0,0,1,0,0,0,0,0,0,0,1,0,0,0,0,0,0,0,0,0,0,0,1,0,0,2,0,1,2,0,13,0,1
0,1,0,0,1,0,0,0,0,0,0,0,0,0,0,0,0,0,0,0,0,0,0,0,0,0,0,0,0,0,0,0,1,1,0,0,1,1,0,0,1,0,0,1,0,0,0,0,0,0,0,0,0,0,0,0,1,0,0,0,0,0,0,0,1,0,0,0,0,1,0,0,0,0,0,1,0,2,0,0,0,0,0,0,0,0,0,0,0,0,0,0,0,0,691,1,2326,8,109,0,363,3,427,4,0,0,1903,8,176,6,63,1,6,0,17,34,62,40,2,3,0,0,0,0,0,0,0,0,0,0,0,0,0,0,1,0,0,0,0,1,0,0,0,0,9,2,0,1,0,0,0,0,0,0,0,0,0,0,0,1,0,0,2,0,1,3,0,0,2,1
