0,11,625,31,2933,15,1825,3,378,3,1,0,321,0,851,23,0,0,14,9,0,0,0,0,0,1,0,0,0,0,0,0,155,5,0,0,417,7,10,0,8,0,0,0,0,0,3,1,55,2,5,0,27,1,55,3,1,1,1,0,5943,2,152,2,209,1,197,4,96,2,882,2,1660,1,601,28,147,3,82,1,0,0,19,0,479,1,0,0,113,1,0,0,0,1,1,0,0,0,0,0,1,0,1,0,0,0,0,2,2,0,1,0,0,0,0,0,0,0,0,0,0,0,0,0,34,0,39,3,8,1,5,0,1,0,10,0,4,0,0,0,0,0,0,0,7,0,0,0,2,0,0,0,0,7,2,7,0,0,0,0,0,0,11,1,3,0,0,0,0,0
11,0,4,2601,4,1938,5,1395,0,146,0,1,1,873,42,559,0,0,0,16,0,0,0,0,0,0,0,0,0,0,0,0,5,107,0,0,260,296,2,6,0,19,0,2,0,1,1,0,2,23,0,2,0,35,0,56,0,0,0,1,11,7906,0,298,2,188,0,706,1,240,17,92,15,682,31,464,2,284,2,155,0,0,0,34,0,360,0,9,0,222,0,0,0,20,1,1,0,0,2,0,3,0,0,1,0,0,0,4,2,2,0,3,0,0,0,0,0,0,0,0,0,1,0,0,1,27,2,173,0,125,0,25,0,8,1,25,0,1,0,0,0,4,0,9,0,45,0,26,0,10,0,0,1,0,21,31,0,0,0,1,0,4,1,20,0,1,0,1,0,0
625,4,0,46,6907,27,114,5,540,8,444,3,6,0,2532,24,243,55,4710,105,104,37,93,2,371,0,397,0,261,3,36,0,180,17,0,0,496,26,29,0,16,1,8,1,22,0,0,0,13,0,0,0,1,0,0,0,0,0,4,0,107,2,4,0,8,1,2,1,5,1,122,1,416,0,1009,169,510,18,78,5,0,0,1,0,9,0,35,0,15,0,0,0,2,0,0,0,0,0,1,0,0,0,0,0,0,0,0,0,2,1,0,0,0,1,0,0,0,0,0,0,0,0,0,0,53,0,18,2,0,0,1,1,6,0,30,6,5,0,0,0,0,1,0,0,10,0,0,0,0,0,103,86,210,235,375,69,332,18,0,0,1,0,5,1,5,0,0,0,0,0
31,2601,46,0,34,9112,3,258,8,512,1,462,0,73,120,1735,8,7,54,2785,2,485,4,163,0,117,0,586,0,126,0,17,3,644,0,0,246,252,7,0,1,21,0,9,0,20,0,1,1,12,0,2,0,2,0,10,0,0,0,5,13,127,0,97,0,25,0,79,0,19,8,55,9,72,55,822,7,523,4,187,0,0,0,20,2,87,0,21,0,40,0,3,0,15,0,0,0,0,3,2,1,1,0,0,0,2,2,2,0,0,0,2,0,0,0,0,0,0,0,0,0,0,0,1,2,49,3,83,1,41,0,25,0,1,1,10,0,2,0,2,0,1,0,5,1,25,0,11,0,1,9,0,27,102,52,163,2,4,0,2,0,2,0,17,0,0,0,0,0,0
2933,4,6907,34,0,17,483,2,3121,6,986,1,22,1,824,18,56,21,435,94,26,27,26,4,134,1,224,1,278,2,85,1,213,11,0,0,235,19,17,0,21,0,5,1,17,1,1,1,6,1,1,0,0,0,3,0,0,0,3,0,85,0,9,1,18,0,23,0,7,1,109,1,90,0,1259,126,414,9,68,3,0,0,4,0,66,0,36,0,19,0,0,0,2,0,0,0,0,0,0,0,0,0,0,1,0,0,0,0,0,0,0,0,0,0,0,0,0,0,0,0,2,0,1,0,47,0,12,3,1,0,1,0,10,0,25,7,3,0,0,0,0,0,0,0,5,1,1,0,0,0,18,56,48,120,127,36,63,8,0,0,1,0,8,0,7,0,0,0,0,0
15,1938,27,9112,17,0,4,1929,5,3995,0,1147,1,236,93,139,4,3,23,356,0,173,0,71,1,76,0,487,0,105,0,32,6,802,0,0,136,47,13,1,3,26,0,5,0,24,1,0,1,0,0,2,0,3,0,13,0,0,0,8,8,175,0,12,1,24,0,184,0,31,8,1,9,9,38,992,6,469,3,189,0,0,0,16,0,149,0,5,0,56,0,4,0,13,0,0,1,1,0,0,1,0,0,0,0,0,1,3,0,0,0,0,0,0,0,0,0,0,0,0,0,0,0,0,3,47,1,95,1,42,0,38,1,3,0,16,1,4,0,0,0,1,0,8,0,37,0,17,0,4,2,0,6,17,26,72,0,3,0,3,0,1,0,17,0,3,0,3,0,0
1825,5,114,3,483,4,0,3,1910,0,11,0,1385,0,386,2,1,0,17,1,0,0,0,0,0,0,0,0,0,0,0,0,1182,1,0,0,145,3,12,1,8,0,1,1,1,0,0,1,12,0,1,0,6,1,12,0,0,0,0,0,517,0,22,0,31,1,87,2,7,1,120,0,26,1,349,15,132,3,33,0,0,0,34,0,293,0,68,0,13,0,0,0,0,0,1,0,0,0,0,0,0,0,1,0,0,0,0,0,0,1,0,0,0,0,0,0,0,0,0,0,0,0,0,0,26,0,21,1,7,1,1,0,1,0,8,0,4,0,0,0,0,0,1,0,10,0,3,0,0,0,0,0,0,1,1,3,0,0,0,0,2,0,6,0,4,0,0,0,1,0
3,1395,5,258,2,1929,3,0,0,1778,0,17,0,937,23,129,0,1,0,22,0,0,0,0,0,0,0,0,0,0,0,3,1,1677,0,0,52,29,0,0,0,6,0,1,0,2,0,0,0,1,0,0,0,5,0,4,0,1,0,1,4,435,0,12,0,26,0,396,0,20,5,2,2,26,9,358,4,280,1,127,0,0,0,44,0,246,0,27,0,25,0,0,0,5,1,0,0,0,0,2,0,0,0,0,0,0,2,2,2,0,1,1,0,0,0,0,0,0,0,0,0,1,0,0,3,16,1,73,0,52,1,9,0,4,0,11,0,2,0,0,0,3,0,2,1,15,0,7,0,4,0,0,0,0,6,15,0,2,1,0,0,0,0,9,0,0,0,0,0,0
378,0,540,8,3121,5,1910,0,0,2,1924,0,104,0,283,2,14,0,140,8,2,3,5,1,5,0,23,0,103,1,11,0,1361,2,0,0,126,4,9,1,58,0,2,0,11,0,0,0,7,0,1,1,1,0,4,2,0,0,10,1,72,0,8,0,20,0,21,0,2,0,93,0,11,0,815,30,493,3,112,0,0,0,6,0,60,0,41,0,19,0,0,0,7,0,0,0,0,0,1,0,0,0,0,0,0,0,1,0,0,0,0,0,0,1,0,0,0,0,0,0,0,0,0,0,92,0,29,0,4,0,8,0,12,0,37,8,2,0,0,0,0,0,0,0,25,0,2,1,0,0,1,4,6,30,26,8,9,2,2,0,1,0,9,0,10,0,0,1,1,0
3,146,8,512,6,3995,0,1778,2,0,0,1386,0,208,23,92,0,1,5,80,0,1,0,0,0,1,0,14,0,28,0,28,2,870,0,0,32,36,1,0,0,9,0,2,0,3,0,0,0,1,0,0,0,0,0,0,0,0,0,3,0,43,0,3,0,7,0,79,0,8,3,1,0,1,9,353,1,204,1,62,0,0,0,17,0,53,0,5,0,8,0,0,0,5,0,0,0,0,3,1,0,0,0,0,0,0,1,0,1,0,0,0,1,0,0,0,0,0,0,0,0,0,0,0,1,22,0,39,1,20,0,8,0,4,0,7,0,3,0,0,0,0,0,1,0,14,0,5,0,3,0,0,2,4,7,24,0,0,0,0,0,0,0,8,2,1,0,0,0,0
1,0,444,1,986,0,11,0,1924,0,0,0,0,0,0,0,20,1,58,3,14,1,21,0,65,0,190,0,1182,0,558,0,425,0,0,0,0,0,0,0,18,0,11,0,20,0,0,0,0,0,0,0,0,0,0,0,0,0,4,0,0,0,0,0,0,0,0,0,0,0,1,0,0,0,168,2,253,0,21,0,0,0,0,0,0,0,37,0,14,0,0,0,3,0,0,0,0,0,0,0,0,0,0,0,0,0,0,0,0,0,0,0,0,0,0,0,0,0,0,0,0,0,0,0,9,0,0,0,0,0,1,0,2,0,3,1,1,0,0,0,0,0,0,0,1,0,0,0,0,0,1,3,19,4,1,1,36,0,0,0,1,0,1,0,2,0,0,0,0,0
0,1,3,462,1,1147,0,17,0,1386,0,0,0,1,2,4,2,3,4,152,0,51,1,59,0,52,0,283,0,749,0,524,0,1265,0,0,2,4,1,0,0,6,0,4,0,10,0,0,0,0,0,0,0,0,0,0,0,0,0,2,0,1,0,1,0,0,0,0,0,0,0,0,0,1,1,40,1,125,0,16,0,0,0,0,0,0,0,7,0,2,0,2,0,3,0,0,0,0,0,0,0,0,0,0,0,0,0,1,0,0,0,0,0,0,0,0,0,0,0,0,0,0,0,0,0,2,0,0,0,2,0,0,0,0,0,0,0,0,0,0,0,0,0,1,0,1,0,1,0,0,0,0,1,17,0,9,0,1,0,0,0,0,0,0,0,1,0,0,0,0
321,1,6,0,22,1,1385,0,104,0,0,0,0,0,40,1,0,0,1,0,0,0,0,0,0,0,0,0,0,0,0,0,800,0,0,0,38,2,0,1,2,0,0,0,0,0,2,2,8,0,1,1,6,0,4,1,2,0,0,0,1293,0,2,0,15,1,124,0,10,0,34,0,7,0,46,1,55,0,10,0,0,0,247,0,1599,0,445,0,15,0,0,0,0,0,0,0,0,0,0,0,0,0,0,0,0,0,0,0,1,0,0,0,0,0,0,1,0,0,0,0,0,0,0,0,1,0,3,0,2,0,0,0,0,0,0,0,0,0,0,0,0,0,0,0,3,0,0,0,1,0,0,0,0,1,0,0,0,0,0,0,0,0,3,0,0,0,0,0,0,0
0,873,0,73,1,236,0,937,0,208,0,1,0,0,5,23,0,1,2,16,0,0,0,0,0,0,0,0,0,1,0,0,2,1248,0,0,10,19,0,2,0,13,1,3,0,1,0,0,0,1,0,3,0,3,0,4,0,1,0,3,0,1267,0,7,0,27,0,908,0,6,3,0,0,6,0,109,0,429,0,222,0,0,0,572,0,1876,0,318,1,17,0,0,0,2,0,0,1,1,0,3,0,0,0,0,0,0,1,4,2,0,0,0,1,0,0,1,0,0,0,1,0,0,0,0,3,16,1,69,1,77,0,18,0,6,0,16,0,3,0,1,0,1,0,3,1,17,0,6,0,5,0,0,0,0,1,4,0,1,0,4,0,0,0,7,1,2,0,0,1,0
851,42,2532,120,824,93,386,23,283,23,0,2,40,5,0,472,1,0,758,68,0,3,0,2,0,0,0,0,0,0,0,0,149,20,0,0,1645,222,64,1,8,0,1,1,0,0,0,1,14,0,0,0,3,1,3,1,0,0,0,0,343,7,3,8,17,2,17,3,9,0,180,7,1777,35,386,82,213,14,93,5,0,0,4,0,34,8,1,0,13,2,0,0,0,0,0,0,1,0,0,0,0,0,2,0,0,0,0,3,2,0,0,0,0,0,0,0,0,0,0,0,0,0,0,0,91,2,32,7,7,5,7,1,4,1,26,0,7,0,0,0,0,0,0,0,15,2,0,2,1,0,0,1,0,75,55,125,1,0,2,0,4,0,22,1,5,0,0,0,1,0
23,559,24,1735,18,139,2,129,2,92,0,4,1,23,472,0,0,1,19,1198,1,0,0,0,0,0,0,0,0,0,0,0,6,81,0,0,375,3128,10,5,1,8,0,0,0,1,0,0,2,35,0,2,0,15,0,9,0,0,0,4,15,161,0,174,0,87,0,33,1,13,7,166,441,1417,33,286,7,127,2,48,0,0,0,3,1,34,0,0,0,17,0,0,0,4,0,0,0,0,0,1,0,0,0,0,1,0,0,1,0,0,0,2,0,0,0,0,0,0,0,0,0,0,0,0,3,14,0,60,0,30,0,11,0,1,2,4,0,6,0,0,0,1,0,4,1,17,0,10,0,2,0,0,6,12,113,308,0,1,1,1,0,0,1,9,0,0,0,1,0,0
0,0,243,8,56,4,1,0,14,0,20,2,0,0,1,0,0,50,211,17,348,17,738,3,110,0,30,0,127,0,1,0,78,5,0,0,0,0,0,0,40,0,2,0,196,3,0,0,0,0,0,0,0,0,0,0,0,0,1,0,0,0,0,0,0,0,0,0,0,0,0,0,0,0,77,9,310,2,17,1,0,0,0,0,0,0,55,0,3,0,0,0,0,0,0,0,0,0,0,0,0,0,1,0,0,0,0,0,0,0,0,0,0,0,0,0,0,0,0,0,0,0,0,0,3,12,2,1,0,0,0,0,1,0,0,0,0,0,0,0,0,0,0,0,1,0,0,0,0,0,221,22,148,50,34,17,1135,94,0,0,2,0,2,0,2,0,0,0,1,0
0,0,55,7,21,3,0,1,0,1,1,3,0,1,0,1,50,0,26,35,7,273,2,773,1,83,1,1,1,21,0,2,0,60,0,0,1,1,0,0,0,18,0,38,0,341,0,0,0,1,0,0,0,0,0,0,0,0,0,3,0,0,0,0,0,0,0,0,0,0,1,0,0,0,150,127,3,64,0,13,0,0,0,0,0,1,0,145,0,1,0,3,0,1,0,0,0,0,0,1,0,0,0,0,0,0,0,0,0,0,0,0,0,0,0,0,0,0,0,0,0,0,0,0,1,7,0,1,0,0,0,0,0,0,0,0,0,0,0,0,0,0,0,1,0,0,0,0,0,0,5,295,11,127,3,42,50,1228,0,0,0,0,0,4,0,0,0,0,0,0
14,0,4710,54,435,23,17,0,140,5,58,4,1,2,758,19,211,26,0,93,537,23,165,4,163,0,31,0,39,1,4,0,56,11,0,0,321,15,8,0,8,1,1,2,3,2,0,0,0,0,0,0,0,0,0,0,0,0,1,0,2,0,0,0,0,0,0,0,0,0,3,0,0,0,411,145,176,17,25,3,0,0,0,0,2,1,17,0,4,0,0,0,0,0,0,0,0,0,0,0,0,0,0,0,0,0,0,0,0,0,0,0,0,0,0,0,0,0,0,0,0,0,0,0,22,1,1,2,0,2,2,0,3,0,7,2,1,0,0,0,0,0,0,0,0,0,0,0,1,0,184,40,887,165,979,80,204,15,0,0,2,0,1,0,2,0,0,0,1,0
9,16,105,2785,94,356,1,22,8,80,3,152,0,16,68,1198,17,35,93,0,9,1003,5,116,0,86,2,133,1,168,1,4,4,284,0,0,43,1653,4,0,1,10,0,2,0,9,0,0,0,0,0,0,0,0,0,1,0,0,0,2,2,2,0,5,0,1,0,3,0,1,2,0,1,3,140,553,11,289,4,67,0,0,0,0,0,5,0,24,0,5,0,2,0,7,0,0,0,0,0,0,0,0,0,0,0,0,0,4,0,0,0,0,0,0,0,0,0,0,0,0,0,0,0,0,0,9,0,16,0,5,0,7,0,0,2,2,0,0,0,1,0,1,0,2,0,5,0,0,0,0,14,10,31,1457,40,483,10,31,0,0,0,0,0,2,1,0,0,0,0,0
0,0,104,2,26,0,0,0,2,0,14,0,0,0,0,1,348,7,537,9,0,17,1268,4,234,0,40,0,34,0,0,0,5,2,0,0,1,0,0,0,0,0,1,0,1,0,0,0,0,0,0,0,0,0,0,0,0,0,0,0,0,0,0,0,0,0,0,0,0,0,0,0,0,0,7,4,6,1,0,0,0,0,0,0,0,0,7,1,0,0,0,0,0,0,0,0,0,0,0,0,0,0,0,0,0,0,0,0,0,0,0,0,0,0,0,0,0,0,0,0,0,0,0,0,0,0,0,0,0,0,0,0,0,0,0,0,0,0,0,0,0,0,0,0,0,0,0,0,0,0,269,1,324,7,25,7,179,1,0,0,0,0,0,0,0,0,0,0,0,0
0,0,37,485,27,173,0,0,3,1,1,51,0,0,3,0,17,273,23,1003,17,0,25,1111,0,533,0,290,1,258,0,1,0,97,0,0,2,0,0,0,2,0,0,4,0,14,0,0,0,0,0,0,0,0,0,0,0,0,0,0,0,0,0,0,0,0,0,0,0,0,0,0,0,0,117,193,7,73,0,2,0,0,0,0,0,0,0,23,0,0,0,1,0,0,0,0,0,0,0,0,0,0,0,0,0,0,0,0,0,0,0,0,0,0,0,0,0,0,0,0,0,0,0,0,0,0,0,0,0,0,0,0,0,0,0,0,0,0,0,0,0,0,0,0,0,0,0,0,0,0,5,75,5,192,8,35,16,322,0,0,0,0,0,0,0,0,0,0,0,0
0,0,93,4,26,0,0,0,5,0,21,1,0,0,0,0,738,2,165,5,1268,25,0,48,603,1,46,0,170,1,2,0,21,2,0,0,0,0,0,0,0,0,9,0,13,0,0,0,0,0,0,0,0,0,0,0,0,0,0,0,0,0,0,0,0,0,0,0,0,0,0,0,0,0,3,1,29,0,0,0,0,0,0,0,0,0,17,0,0,0,1,0,0,0,0,0,0,0,0,0,0,0,0,0,0,0,0,0,0,0,0,0,0,0,0,0,0,0,0,0,0,0,0,0,0,1,0,0,0,0,0,0,0,0,0,0,0,0,0,0,0,0,0,0,0,0,0,0,0,0,68,6,167,9,18,1,207,2,0,0,0,0,0,0,0,0,0,0,0,0
0,0,2,163,4,71,0,0,1,0,0,59,0,0,2,0,3,773,4,116,4,1111,48,0,0,1376,0,232,0,183,0,0,0,58,0,0,2,0,0,0,0,2,0,4,0,40,0,0,0,0,0,0,0,0,0,0,0,0,0,0,0,0,0,0,0,0,0,0,0,0,0,0,0,0,13,32,0,34,0,4,0,0,0,0,0,0,0,30,0,0,0,0,0,0,0,0,0,0,0,0,0,0,0,0,0,0,0,0,0,0,0,0,0,0,0,0,0,0,0,0,0,0,0,0,1,0,0,0,0,0,0,0,0,0,0,0,0,0,0,0,0,0,0,0,0,0,0,0,0,0,1,110,0,44,0,9,5,219,0,0,0,0,0,0,1,0,0,0,0,0
0,0,371,0,134,1,0,0,5,0,65,0,0,0,0,0,110,1,163,0,234,0,603,0,0,0,326,0,705,0,9,0,85,0,0,0,0,0,0,0,1,0,14,0,8,0,0,0,0,0,0,0,0,0,0,0,0,0,0,0,0,0,0,0,0,0,0,0,0,0,0,0,0,0,9,1,20,0,0,0,0,0,0,0,0,0,24,0,3,0,0,0,0,0,0,0,0,0,0,0,0,0,0,0,0,0,0,0,0,0,0,0,0,0,0,0,0,0,0,0,0,0,0,0,0,0,0,0,0,0,0,0,0,0,0,0,0,0,0,0,0,0,0,0,0,0,0,0,0,0,14,0,45,0,1,0,87,0,0,0,0,0,0,0,0,0,0,0,0,0
1,0,0,117,1,76,0,0,0,1,0,52,0,0,0,0,0,83,0,86,0,533,1,1376,0,0,0,344,0,329,0,1,0,69,0,0,0,0,0,0,0,0,0,5,0,3,0,0,0,0,0,0,0,0,0,0,0,0,0,0,0,0,0,0,0,0,0,0,0,0,0,0,0,0,1,10,0,40,0,0,0,0,0,0,0,0,0,8,0,0,0,0,0,0,0,0,0,0,0,0,0,0,0,0,0,0,0,0,0,0,0,0,0,0,0,0,0,0,0,0,0,0,0,0,0,0,0,0,0,0,0,0,0,0,0,0,0,0,0,0,0,0,0,0,0,0,0,0,0,0,0,5,1,9,0,1,0,45,0,0,0,0,0,0,0,0,0,0,0,0
0,0,397,0,224,0,0,0,23,0,190,0,0,0,0,0,30,1,31,2,40,0,46,0,326,0,0,0,302,0,15,0,10,0,0,0,0,0,0,0,1,0,4,0,3,0,0,0,0,0,0,0,0,0,0,0,0,0,0,0,0,0,0,0,0,0,0,0,0,0,0,0,0,0,8,0,14,0,0,0,0,0,0,0,0,0,19,0,0,0,0,0,0,0,0,0,0,0,0,0,0,0,0,0,0,0,0,0,0,0,0,0,0,0,0,0,0,0,0,0,0,0,0,0,0,0,0,0,0,0,0,0,0,0,0,0,0,0,0,0,0,0,0,0,0,0,0,0,0,0,2,0,4,1,1,0,30,0,0,0,0,0,0,0,0,0,0,0,0,0
0,0,0,586,1,487,0,0,0,14,0,283,0,0,0,0,0,1,0,133,0,290,0,232,0,344,0,0,0,232,0,25,0,81,0,0,0,0,0,0,0,1,0,0,0,0,0,0,0,0,0,0,0,0,0,0,0,0,0,0,0,0,0,0,0,0,0,0,0,0,0,0,0,0,1,3,0,7,0,3,0,0,0,0,0,0,0,2,0,0,0,0,0,0,0,0,0,0,0,0,0,0,0,0,0,0,0,0,0,0,0,0,0,0,0,0,0,0,0,0,0,0,0,0,0,0,0,0,0,0,0,0,0,0,0,0,0,0,0,0,0,0,0,0,0,0,0,0,0,0,0,0,0,2,0,1,0,1,0,0,0,0,0,0,0,0,0,0,0,0
0,0,261,0,278,0,0,0,103,0,1182,0,0,0,0,0,127,1,39,1,34,1,170,0,705,0,302,0,0,0,173,0,671,0,0,0,0,0,0,0,8,0,67,0,28,0,0,0,0,0,0,0,0,0,0,0,0,0,3,0,0,0,0,0,0,0,0,0,0,0,0,0,0,0,44,0,150,0,1,0,0,0,0,0,0,0,151,0,4,0,0,0,0,0,0,0,0,0,0,0,0,0,0,0,0,0,0,0,0,0,0,0,0,0,0,0,0,0,0,0,0,0,0,0,1,0,0,0,0,0,0,0,0,0,0,0,0,0,0,0,0,0,0,0,0,0,0,0,0,0,2,0,10,0,0,0,88,1,0,0,0,0,0,0,0,0,0,0,0,0
0,0,3,126,2,105,0,0,1,28,0,749,0,1,0,0,0,21,1,168,0,258,1,183,0,329,0,232,0,0,0,202,0,853,0,0,1,1,0,0,0,0,0,0,0,2,0,0,0,0,0,0,0,0,0,0,0,0,0,0,0,0,0,0,0,0,0,0,0,0,0,0,0,0,2,14,1,19,0,1,0,0,0,0,0,0,0,36,0,1,0,1,0,0,0,0,0,0,0,0,0,0,0,0,0,0,0,0,0,0,0,0,0,0,0,0,0,0,0,0,0,0,0,0,0,0,0,0,0,0,0,0,0,0,0,0,0,0,0,0,0,0,0,0,0,0,0,0,0,0,0,4,2,23,1,2,0,17,0,0,0,0,0,0,0,0,0,0,0,0
0,0,36,0,85,0,0,0,11,0,558,0,0,0,0,0,1,0,4,1,0,0,2,0,9,0,15,0,173,0,0,0,7,0,0,0,0,0,0,0,1,0,0,0,1,0,0,0,0,0,0,0,0,0,0,0,0,0,0,0,0,0,0,0,0,0,0,0,0,0,0,0,0,0,5,0,17,0,1,0,0,0,0,0,0,0,3,0,0,0,0,0,0,0,0,0,0,0,0,0,0,0,0,0,0,0,0,0,0,0,0,0,0,0,0,0,0,0,0,0,0,0,0,0,0,0,0,0,0,0,0,0,0,0,0,0,0,0,0,0,0,0,0,0,0,0,0,0,0,0,0,0,0,0,0,0,6,0,0,0,0,0,0,0,0,0,0,0,0,0
0,0,0,17,1,32,0,3,0,28,0,524,0,0,0,0,0,2,0,4,0,1,0,0,0,1,0,25,0,202,0,0,0,220,0,0,0,1,0,0,0,2,0,0,0,0,0,0,0,0,0,0,0,0,0,0,0,0,0,2,0,0,0,0,0,0,0,0,0,0,0,0,0,0,1,4,0,18,0,3,0,0,0,0,0,0,0,1,0,0,0,0,0,0,0,0,0,0,0,0,0,0,0,0,0,0,0,0,0,0,0,0,0,0,0,0,0,0,0,0,0,0,0,0,0,0,0,0,0,0,0,0,0,0,0,0,0,0,0,0,0,0,0,0,0,0,0,0,0,0,0,0,0,1,1,0,0,1,0,0,0,0,0,0,0,0,0,0,0,0
155,5,180,3,213,6,1182,1,1361,2,425,0,800,2,149,6,78,0,56,4,5,0,21,0,85,0,10,0,671,0,7,0,0,1,0,0,142,5,11,7,808,5,42,2,420,1,8,4,75,5,132,1,33,6,38,6,5,2,82,0,395,4,35,1,62,7,79,6,24,12,309,8,26,0,420,11,2902,3,106,2,0,0,253,1,538,3,1064,0,295,1,8,0,37,2,4,1,1,0,1,0,2,0,6,0,0,0,0,0,1,0,2,1,1,0,0,2,0,0,0,0,0,1,0,0,28,1,39,0,24,3,4,2,5,0,20,0,2,0,6,0,5,0,5,0,30,1,5,0,3,0,2,1,5,10,12,4,31,0,1,0,1,0,10,0,2,0,0,0,0,0
5,107,17,644,11,802,1,1677,2,870,0,1265,0,1248,20,81,5,60,11,284,2,97,2,58,0,69,0,81,0,853,0,220,1,0,0,0,30,30,4,9,0,87,0,26,0,257,1,0,0,8,0,2,2,12,0,90,0,11,0,19,1,66,0,8,0,16,0,57,0,42,2,4,2,8,15,306,3,2085,0,358,0,0,0,150,1,313,0,324,0,152,0,8,0,42,0,0,0,0,0,2,0,0,0,0,0,0,5,1,1,0,1,0,1,0,0,0,0,0,0,0,0,0,0,0,2,10,1,31,1,55,0,11,0,4,0,6,0,2,0,0,0,3,0,5,2,16,0,1,0,7,3,4,5,54,4,48,2,53,0,2,0,4,0,2,0,3,0,0,0,0
0,0,0,0,0,0,0,0,0,0,0,0,0,0,0,0,0,0,0,0,0,0,0,0,0,0,0,0,0,0,0,0,0,0,0,0,0,0,0,0,0,0,0,0,0,0,0,0,0,0,0,0,0,0,0,0,0,0,0,0,0,0,0,0,0,0,0,0,0,0,0,0,0,0,0,0,0,0,0,0,0,0,0,0,0,0,0,0,0,0,0,0,0,0,0,0,0,0,0,0,0,0,0,0,0,0,0,0,0,0,0,0,0,0,0,0,0,0,0,0,0,0,0,0,0,0,0,0,0,0,0,0,0,0,0,0,0,0,0,0,0,0,0,0,0,0,0,0,0,0,0,0,0,0,0,0,0,0,0,0,0,0,0,0,0,0,0,0,0,0
0,0,0,0,0,0,0,0,0,0,0,0,0,0,0,0,0,0,0,0,0,0,0,0,0,0,0,0,0,0,0,0,0,0,0,0,0,0,0,0,0,0,0,0,0,0,0,0,0,0,0,0,0,0,0,0,0,0,0,0,0,0,0,0,0,0,0,0,0,0,0,0,0,0,0,0,0,0,0,0,0,0,0,0,0,0,0,0,0,0,0,0,0,0,0,0,0,0,0,0,0,0,0,0,0,0,0,0,0,0,0,0,0,0,0,0,0,0,0,0,0,0,0,0,0,0,0,0,0,0,0,0,0,0,0,0,0,0,0,0,0,0,0,0,0,0,0,0,0,0,0,0,0,0,0,0,0,0,0,0,0,0,0,0,0,0,0,0,0,0
417,260,496,246,235,136,145,52,126,32,0,2,38,10,1645,375,0,1,321,43,1,2,0,2,0,0,0,0,0,1,0,0,142,30,0,0,0,256,1093,17,32,24,1,22,0,1,16,27,71,8,2,23,10,16,5,13,1,7,0,13,358,108,25,41,10,21,15,31,4,18,1714,80,575,93,701,227,263,28,180,16,0,0,3,3,28,23,0,1,16,11,0,0,1,2,0,1,0,0,0,0,3,0,0,1,1,0,0,4,2,0,1,2,0,2,0,0,0,0,0,0,1,0,0,1,58,3,169,22,44,14,26,3,3,1,30,4,11,0,0,0,0,2,1,4,53,13,13,5,4,0,0,0,5,41,523,85,1,0,1,1,4,0,35,3,7,0,0,0,0,0
7,296,26,252,19,47,3,29,4,36,0,4,2,19,222,3128,0,1,15,1653,0,0,0,0,0,0,0,0,0,1,0,1,5,30,0,0,256,0,186,770,0,15,0,0,0,0,10,63,18,407,0,2,3,119,0,40,0,0,0,1,4,380,0,909,0,233,0,33,0,39,82,2595,146,822,22,216,3,52,2,35,0,0,1,16,0,22,0,2,1,7,0,0,0,1,0,0,0,0,1,1,0,0,0,0,0,0,0,0,2,0,0,0,0,0,0,0,0,0,0,0,0,0,0,4,0,6,0,37,0,39,0,9,0,1,0,7,0,0,0,0,0,3,0,2,0,24,0,4,0,8,0,0,4,163,34,1529,0,0,0,2,0,0,0,4,0,1,0,0,0,0
10,2,29,7,17,13,12,0,9,1,0,1,0,0,64,10,0,0,8,4,0,0,0,0,0,0,0,0,0,0,0,0,11,4,0,0,1093,186,0,149,49,37,2,10,0,0,416,167,146,96,128,47,61,120,23,143,8,14,8,10,2,1,1,9,1,18,1,7,0,51,769,177,1,0,14,7,8,17,9,11,0,0,9,8,20,20,0,0,24,10,0,0,2,1,1,5,1,0,1,0,7,0,7,5,0,0,0,3,0,0,0,2,0,1,0,3,0,0,0,0,0,0,0,3,11,4,2,5,1,17,0,0,0,0,1,1,2,0,0,0,0,2,0,1,2,19,0,2,1,2,0,0,0,1,10,5,0,0,0,1,0,0,0,1,0,0,0,0,0,0
0,6,0,0,0,1,1,0,1,0,0,0,1,2,1,5,0,0,0,0,0,0,0,0,0,0,0,0,0,0,0,0,7,9,0,0,17,770,149,0,5,79,0,8,0,0,180,278,47,254,42,90,26,164,5,157,3,16,3,13,1,2,3,15,0,18,0,8,1,74,102,998,0,1,0,7,1,24,2,10,0,0,7,21,2,40,1,0,11,22,0,0,0,3,2,2,0,0,0,1,2,0,2,5,0,0,0,1,1,0,0,2,0,1,0,8,0,0,0,0,0,0,1,3,0,4,1,3,0,23,0,2,0,4,0,4,0,1,0,0,0,2,0,3,0,21,0,2,0,4,0,0,0,0,0,12,0,0,0,0,0,1,0,3,0,0,0,0,0,0
8,0,16,1,21,3,8,0,58,0,18,0,2,0,8,1,40,0,8,1,0,2,0,0,1,0,1,0,8,0,1,0,808,0,0,0,32,0,49,5,0,0,1589,0,826,1,51,0,13,1,530,0,4,2,8,0,5,0,417,0,16,0,8,0,6,1,12,1,5,2,189,2,4,0,118,2,1209,0,217,3,0,0,36,0,503,2,688,0,938,0,372,0,302,0,13,0,1,0,10,0,121,0,26,0,4,0,7,5,13,2,1,6,3,0,2,1,0,1,0,2,2,0,25,0,26,0,101,1,235,0,9,0,9,0,36,2,5,0,105,0,57,0,80,0,564,1,12,0,67,0,0,0,2,2,3,0,211,0,6,1,3,0,104,0,9,0,3,1,4,0
0,19,1,21,0,26,0,6,0,9,0,6,0,13,0,8,0,18,1,10,0,0,0,2,0,0,0,1,0,0,0,2,5,87,0,0,24,15,37,79,0,0,0,692,0,1027,253,48,61,29,26,312,21,67,7,425,2,160,3,485,5,16,0,3,3,12,0,19,0,51,83,160,0,1,2,57,2,500,1,532,0,0,1,10,7,189,0,275,4,639,0,161,0,663,2,10,1,1,6,20,6,17,3,20,0,3,12,18,16,3,2,7,1,2,4,3,0,2,1,3,0,0,0,2,3,36,4,21,2,41,0,8,0,3,0,7,0,2,0,131,0,26,1,83,3,240,0,5,1,1,0,0,1,1,1,0,0,167,2,5,0,11,1,374,0,3,0,6,3,0
0,0,8,0,5,0,1,0,2,0,11,0,0,1,1,0,2,0,1,0,1,0,9,0,14,0,4,0,67,0,0,0,42,0,0,0,1,0,2,0,1589,0,0,2,348,0,35,0,4,0,753,0,1,0,4,1,3,0,1408,0,1,1,1,0,0,0,1,1,0,0,98,0,1,0,4,1,111,2,23,1,0,0,2,0,76,1,126,0,127,2,244,0,106,0,17,0,6,4,31,4,306,2,18,1,17,1,29,27,14,5,0,20,2,0,2,0,2,4,0,5,0,0,4,0,7,0,10,0,171,2,1,0,0,0,5,1,0,0,4,0,9,0,33,2,51,0,1,0,34,0,0,0,0,0,0,0,4,0,51,0,4,1,17,1,0,2,0,0,1,0
0,2,1,9,1,5,1,1,0,2,0,4,0,3,1,0,0,38,2,2,0,4,0,4,0,5,0,0,0,0,0,0,2,26,0,0,22,0,10,8,0,692,2,0,0,571,65,32,9,1,4,1137,2,8,1,70,0,92,0,3434,1,4,1,1,0,3,0,2,0,5,19,77,0,0,3,6,0,138,2,38,0,0,0,0,0,6,0,83,0,20,0,139,0,205,2,3,1,4,8,105,6,431,3,52,1,3,8,35,16,8,0,6,0,0,3,5,1,0,0,2,0,0,0,1,3,0,3,1,5,7,0,3,0,0,1,0,0,0,0,11,0,4,2,3,2,12,0,0,0,1,0,0,0,1,1,0,0,10,1,0,0,2,0,3,2,2,3,5,1,0
0,0,22,0,17,0,1,0,11,0,20,0,0,0,0,0,196,0,3,0,1,0,13,0,8,0,3,0,28,0,1,0,420,0,0,0,0,0,0,0,826,0,348,0,0,0,0,0,0,0,0,0,0,0,1,0,0,0,16,0,0,0,0,0,0,0,0,0,0,0,0,0,0,0,9,1,479,0,46,0,0,0,0,0,2,0,604,0,79,0,46,0,9,0,0,0,0,0,1,0,0,0,0,0,0,0,0,0,0,0,0,0,0,0,0,0,0,0,0,0,0,0,0,0,1,0,1,0,1,1,1,0,10,0,2,0,0,0,2,0,1,0,1,0,1,0,0,0,0,0,0,0,1,1,6,0,101,0,0,0,0,0,3,0,1,0,0,0,0,0
0,1,0,20,1,24,0,2,0,3,0,10,0,1,0,1,3,341,2,9,0,14,0,40,0,3,0,0,0,2,0,0,1,257,0,0,1,0,0,0,1,1027,0,571,0,0,0,1,0,0,0,5,0,3,0,9,0,31,0,146,0,1,0,1,0,0,0,0,0,1,1,2,0,0,2,93,0,862,0,251,0,0,0,1,0,11,0,431,0,39,0,107,0,116,0,0,0,0,1,4,0,0,0,5,0,0,1,3,1,1,0,0,0,1,0,0,0,0,0,0,0,0,0,0,0,22,1,5,0,4,0,3,0,1,0,4,0,3,0,1,0,1,0,2,0,5,0,0,0,0,0,3,0,6,2,3,0,397,0,2,0,3,0,25,0,0,0,1,0,0
3,1,0,0,1,1,0,0,0,0,0,0,2,0,0,0,0,0,0,0,0,0,0,0,0,0,0,0,0,0,0,0,8,1,0,0,16,10,416,180,51,253,35,65,0,0,0,1709,3388,581,4748,1073,1196,114,1190,26,328,29,38,30,6,0,8,0,14,0,1,0,4,0,1686,375,0,0,1,0,6,0,1,0,0,0,29,0,80,0,0,0,136,2,0,0,12,2,624,174,140,0,0,0,90,4,290,93,0,0,0,0,0,0,0,0,0,0,2,337,10,0,0,0,0,0,0,0,0,0,0,0,1,0,0,0,0,0,0,0,0,0,0,0,0,0,0,0,1,36,0,0,1,0,0,0,0,0,0,0,0,0,0,0,0,0,0,0,0,0,0,0,0,0
1,0,0,1,1,0,1,0,0,0,0,0,2,0,1,0,0,0,0,0,0,0,0,0,0,0,0,0,0,0,0,0,4,0,0,0,27,63,167,278,0,48,0,32,0,1,1709,0,961,3850,120,4220,69,2552,13,965,0,450,2,198,0,1,1,0,0,3,0,0,0,5,246,1014,0,0,0,1,0,13,1,6,0,0,6,2,17,2,0,0,14,7,0,1,1,11,2,202,0,0,0,0,0,2,1,201,0,0,0,0,0,1,0,0,0,0,25,213,15,0,0,0,0,0,0,0,1,0,0,1,2,8,0,0,0,0,0,1,0,0,0,0,0,0,0,3,0,2,0,1,0,2,0,0,0,0,0,0,0,0,0,0,0,0,0,3,0,0,0,0,0,0
55,2,13,1,6,1,12,0,7,0,0,0,8,0,14,2,0,0,0,0,0,0,0,0,0,0,0,0,0,0,0,0,75,0,0,0,71,18,146,47,13,61,4,9,0,0,3388,961,0,1257,199,41,2084,90,730,141,42,17,6,12,66,3,330,6,134,6,20,9,44,14,1634,194,7,0,10,3,27,10,21,6,0,0,76,3,147,5,1,0,158,10,0,0,7,4,12,9,2,0,1,0,0,1,20,3,0,0,2,1,1,0,0,1,0,0,0,14,0,0,0,0,0,0,0,0,1,0,2,3,28,10,4,0,1,0,1,1,0,0,0,0,0,0,0,1,5,10,1,1,0,0,0,0,0,1,1,1,0,0,0,0,0,0,0,0,1,0,0,0,0,0
2,23,0,12,1,0,0,1,0,1,0,0,0,1,0,35,0,1,0,0,0,0,0,0,0,0,0,0,0,0,0,0,5,8,0,0,8,407,96,254,1,29,0,1,0,0,581,3850,1257,0,3,319,8,2247,1,354,0,18,0,5,0,4,0,56,1,18,2,12,0,58,48,1834,0,11,1,15,0,24,0,9,0,0,3,17,6,24,0,0,1,11,0,0,0,2,0,3,0,0,0,1,0,1,1,6,0,0,0,2,1,0,1,0,0,1,2,9,0,0,0,0,0,0,0,1,0,3,0,4,0,22,0,3,0,1,0,1,0,0,0,1,0,0,0,0,0,14,0,2,0,4,0,0,0,0,0,3,0,0,0,1,0,1,1,1,0,0,0,0,0,0
5,0,0,0,1,0,1,0,1,0,0,0,1,0,0,0,0,0,0,0,0,0,0,0,0,0,0,0,0,0,0,0,132,0,0,0,2,0,128,42,530,26,753,4,0,0,4748,120,199,3,0,241,241,0,937,2,1678,0,1792,2,14,0,3,0,16,0,7,0,7,0,898,26,2,0,10,0,142,0,13,0,0,0,15,0,296,0,9,0,935,1,0,0,204,0,1960,4,192,0,43,0,561,2,1388,11,3,0,3,3,5,1,1,1,5,20,1,233,0,0,0,1,1,0,3,0,2,1,4,0,14,1,1,0,0,0,4,0,0,0,6,0,9,0,10,0,48,13,3,0,1,0,0,0,0,0,0,0,1,0,0,0,0,0,0,0,0,0,0,0,24,0
0,2,0,2,0,2,0,0,1,0,0,0,1,3,0,2,0,0,0,0,0,0,0,0,0,0,0,0,0,0,0,0,1,2,0,0,23,2,47,90,0,312,0,1137,0,5,1073,4220,41,319,241,0,12,255,0,528,0,1207,0,1515,1,9,0,2,1,0,0,2,0,7,71,667,0,1,0,17,0,17,0,19,0,0,1,0,2,6,0,1,4,14,0,2,0,46,15,1305,0,1,1,63,2,571,0,1220,1,0,0,7,2,1,0,2,19,16,134,461,32,0,0,4,0,0,0,0,0,10,0,6,1,46,0,2,0,0,1,2,0,0,0,14,0,17,0,9,1,6,0,0,0,0,0,0,0,0,0,0,0,1,2,2,0,2,0,17,6,13,1,13,54,0
27,0,1,0,0,0,6,0,1,0,0,0,6,0,3,0,0,0,0,0,0,0,0,0,0,0,0,0,0,0,0,0,33,2,0,0,10,3,61,26,4,21,1,2,0,0,1196,69,2084,8,241,12,0,13,4022,46,106,5,20,4,42,0,1017,0,111,0,13,3,41,4,444,69,1,0,2,0,18,1,7,0,0,0,80,0,141,0,0,0,215,6,0,0,19,0,50,2,13,0,0,0,0,0,38,4,0,0,0,1,1,0,0,0,0,0,0,16,0,0,0,0,0,0,1,0,0,0,1,0,8,1,1,1,0,0,0,0,0,0,0,0,0,0,0,0,3,2,2,0,3,1,0,0,0,0,0,1,0,0,0,0,0,0,0,0,0,0,0,0,0,0
1,35,0,2,0,3,1,5,0,0,0,0,0,3,1,15,0,0,0,0,0,0,0,0,0,0,0,0,0,0,0,0,6,12,0,0,16,119,120,164,2,67,0,8,0,3,114,2552,90,2247,0,255,13,0,0,2498,1,83,0,38,4,10,4,360,1,141,1,24,2,610,68,439,0,2,0,13,2,33,0,15,0,0,9,14,14,31,0,1,8,64,0,0,0,24,0,6,0,0,1,2,1,1,0,13,1,0,3,4,4,1,0,0,0,0,4,13,0,0,0,0,0,0,0,3,0,6,1,10,1,42,0,5,0,3,0,2,0,0,0,2,0,4,0,4,0,10,1,3,0,10,0,0,0,0,0,0,0,0,0,1,0,1,0,1,0,0,0,1,0,0
55,0,0,0,3,0,12,0,4,0,0,0,4,0,3,0,0,0,0,0,0,0,0,0,0,0,0,0,0,0,0,0,38,0,0,0,5,0,23,5,8,7,4,1,1,0,1190,13,730,1,937,0,4022,0,0,2,3359,0,389,1,141,1,850,1,1072,0,71,0,1927,1,256,7,7,0,5,1,12,0,7,0,0,0,35,1,142,0,0,0,3261,0,0,0,464,0,294,0,21,0,0,0,0,0,207,0,0,0,1,0,0,0,0,1,0,0,0,21,0,0,0,0,0,0,0,0,0,0,2,0,7,2,0,0,0,0,0,0,0,0,0,0,0,0,0,0,0,1,0,0,2,0,0,0,0,0,0,0,0,0,0,0,0,0,0,0,0,0,0,0,1,0
3,56,0,10,0,13,0,4,2,0,0,0,1,4,1,9,0,0,0,1,0,0,0,0,0,0,0,0,0,0,0,0,6,90,0,0,13,40,143,157,0,425,1,70,0,9,26,965,141,354,2,528,46,2498,2,0,0,1299,0,363,1,31,1,64,2,112,0,47,1,721,75,450,0,2,2,10,4,281,3,148,0,0,8,61,15,216,0,8,10,1733,0,1,0,714,3,19,0,0,4,4,1,2,5,86,2,1,4,4,13,0,1,2,0,2,0,7,1,0,0,1,0,2,0,3,2,7,1,16,2,95,0,8,0,0,0,8,0,0,0,17,0,9,0,20,5,53,0,3,1,10,0,0,0,0,0,1,0,2,0,2,0,6,2,6,0,4,1,3,1,0
1,0,0,0,0,0,0,0,0,0,0,0,2,0,0,0,0,0,0,0,0,0,0,0,0,0,0,0,0,0,0,0,5,0,0,0,1,0,8,3,5,2,3,0,0,0,328,0,42,0,1678,0,106,1,3359,0,0,0,1536,0,14,0,9,0,19,0,1,0,15,0,36,3,0,0,0,0,3,0,1,0,0,0,2,0,60,0,1,0,740,0,0,0,633,0,913,0,13,0,0,0,2,0,250,0,0,0,0,0,0,0,0,0,0,0,0,8,0,0,0,0,0,0,0,0,0,0,0,0,0,0,0,0,0,0,0,0,0,0,0,0,0,0,0,0,0,0,0,0,0,0,0,0,0,0,0,0,0,0,0,0,0,0,0,0,0,0,0,0,0,0
1,0,0,0,0,0,0,1,0,0,0,0,0,1,0,0,0,0,0,0,0,0,0,0,0,0,0,0,0,0,0,0,2,11,0,0,7,0,14,16,0,160,0,92,0,31,29,450,17,18,0,1207,5,83,0,1299,0,0,0,1669,1,0,0,0,0,1,0,0,0,2,16,119,0,0,0,0,0,100,0,40,0,0,0,0,2,41,0,6,1,134,0,0,0,861,2,53,0,0,2,1,0,12,0,208,1,0,2,3,2,2,0,0,0,0,0,7,0,0,0,1,0,0,0,2,1,1,0,0,0,7,0,1,0,0,0,1,0,0,0,5,0,0,0,0,0,4,0,0,1,0,0,0,0,0,0,0,0,0,1,2,0,0,0,0,0,0,1,1,1,0
1,0,4,0,3,0,0,0,10,0,4,0,0,0,0,0,1,0,1,0,0,0,0,0,0,0,0,0,3,0,0,0,82,0,0,0,0,0,8,3,417,3,1408,0,16,0,38,2,6,0,1792,0,20,0,389,0,1536,0,0,0,4,0,1,0,2,0,1,0,0,0,88,0,0,0,7,1,64,0,3,0,0,0,2,0,307,0,419,0,1144,0,1228,0,2966,0,1207,0,3,0,0,0,61,0,1131,0,0,0,0,0,0,0,0,0,0,0,0,2,0,0,0,0,0,0,0,0,0,0,0,0,0,0,0,0,0,0,0,1,0,0,1,0,1,0,0,0,5,1,0,0,0,0,0,0,0,0,0,0,1,0,0,0,0,0,0,0,0,0,0,0,1,0
0,1,0,5,0,8,0,1,1,3,0,2,0,3,0,4,0,3,0,2,0,0,0,0,0,0,0,0,0,0,0,2,0,19,0,0,13,1,10,13,0,485,0,3434,0,146,30,198,12,5,2,1515,4,38,1,363,0,1669,0,0,0,0,0,1,0,0,0,1,0,0,16,91,0,0,0,1,0,151,0,26,0,0,0,1,0,37,0,453,2,172,0,755,0,2642,0,140,0,0,0,20,0,1058,0,2321,0,0,0,0,0,0,0,0,0,0,0,17,0,0,0,0,0,0,0,0,0,2,0,0,1,1,0,0,0,0,0,0,0,0,0,0,0,0,0,1,0,1,0,0,0,0,0,0,0,1,0,0,0,2,0,0,0,0,0,0,0,0,0,0,0,0
5943,11,107,13,85,8,517,4,72,0,0,0,1293,0,343,15,0,0,2,2,0,0,0,0,0,0,0,0,0,0,0,0,395,1,0,0,358,4,2,1,16,5,1,1,0,0,6,0,66,0,14,1,42,4,141,1,14,1,4,0,0,1,2255,0,2960,1,1210,0,206,3,1593,3,1419,2,386,24,368,4,144,1,0,0,126,0,955,2,1,0,271,2,0,0,2,0,6,0,0,0,0,0,0,0,4,0,0,0,0,1,2,0,1,0,0,0,0,0,0,0,0,0,1,0,0,0,16,1,81,2,18,0,10,0,2,0,19,0,6,0,0,0,0,0,0,0,21,0,1,1,2,2,0,0,0,0,2,1,0,0,0,2,0,0,16,0,6,0,0,0,1,0
2,7906,2,127,0,175,0,435,0,43,0,1,0,1267,7,161,0,0,0,2,0,0,0,0,0,0,0,0,0,0,0,0,4,66,0,0,108,380,1,2,0,16,1,4,0,1,0,1,3,4,0,9,0,10,1,31,0,0,0,0,1,0,0,2485,0,1031,0,3211,0,182,32,471,7,1285,5,621,2,310,0,204,0,0,0,36,0,271,0,7,0,71,0,0,0,5,0,2,0,0,4,3,2,0,1,0,4,0,6,4,3,2,1,1,2,0,1,0,0,0,0,1,0,1,0,2,0,64,2,321,2,345,1,39,0,10,0,44,0,6,0,2,0,10,1,20,0,76,0,22,0,9,0,0,0,0,1,11,0,3,2,6,0,4,0,21,0,1,0,4,0,0
152,0,4,0,9,0,22,0,8,0,0,0,2,0,3,0,0,0,0,0,0,0,0,0,0,0,0,0,0,0,0,0,35,0,0,0,25,0,1,3,8,0,1,1,0,0,8,1,330,0,3,0,1017,4,850,1,9,0,1,0,2255,0,0,0,2707,2,31,1,651,1,1876,1,90,0,12,0,47,1,20,0,0,0,1,0,10,0,0,0,81,0,0,0,0,0,0,1,0,0,0,0,0,0,0,0,0,0,0,1,0,0,0,0,0,0,0,0,0,0,0,0,0,0,0,0,0,0,4,0,4,0,1,0,1,0,0,0,0,0,0,0,0,0,1,0,3,0,1,0,0,0,0,0,0,0,0,0,0,0,0,0,0,0,2,0,0,0,0,0,0,0
2,298,0,97,1,12,0,12,0,3,0,1,0,7,8,174,0,0,0,5,0,0,0,0,0,0,0,0,0,0,0,0,1,8,0,0,41,909,9,15,0,3,0,1,0,1,0,0,6,56,0,2,0,360,1,64,0,0,0,1,0,2485,0,0,0,1145,2,51,0,1222,21,1304,4,185,2,127,2,29,2,23,0,0,1,7,2,14,0,1,0,9,0,0,0,0,0,0,0,0,1,1,0,0,0,0,0,0,1,1,1,0,1,1,0,0,0,0,0,0,0,0,0,0,0,0,0,10,0,60,0,56,0,9,0,0,0,5,0,2,0,0,0,0,0,2,0,16,1,4,0,3,0,0,0,0,1,5,0,0,0,0,0,0,0,5,0,1,0,1,2,0
209,2,8,0,18,1,31,0,20,0,0,0,15,0,17,0,0,0,0,0,0,0,0,0,0,0,0,0,0,0,0,0,62,0,0,0,10,0,1,0,6,3,0,0,0,0,14,0,134,1,16,1,111,1,1072,2,19,0,2,0,2960,0,2707,0,0,1,2083,0,2797,2,386,1,8,0,44,0,97,1,45,0,0,0,8,2,24,1,0,0,310,0,0,0,6,0,6,0,0,0,0,0,0,0,2,0,0,0,0,0,1,0,0,0,0,0,0,2,0,0,0,0,0,0,0,0,1,0,24,0,10,0,8,0,0,0,2,1,1,0,0,0,0,0,0,0,7,0,1,0,0,0,0,0,0,0,0,0,0,0,1,0,0,0,0,0,2,0,0,0,0,0
1,188,1,25,0,24,1,26,0,7,0,0,1,27,2,87,0,0,0,1,0,0,0,0,0,0,0,0,0,0,0,0,7,16,0,0,21,233,18,18,1,12,0,3,0,0,0,3,6,18,0,0,0,141,0,112,0,1,0,0,1,1031,2,1145,1,0,1,2026,1,2835,30,21,0,6,1,127,1,62,2,68,0,0,5,7,6,36,0,0,1,27,0,0,0,1,0,0,0,0,1,3,1,0,0,0,0,0,4,5,5,0,0,2,1,0,0,0,0,0,0,0,0,1,0,1,2,10,2,119,4,135,0,30,0,8,0,33,0,2,0,2,0,5,0,5,1,39,0,8,0,10,0,0,0,0,3,8,0,3,2,3,1,1,0,9,0,3,0,0,1,1
197,0,2,0,23,0,87,0,21,0,0,0,124,0,17,0,0,0,0,0,0,0,0,0,0,0,0,0,0,0,0,0,79,0,0,0,15,0,1,0,12,0,1,0,0,0,1,0,20,2,7,0,13,1,71,0,1,0,1,0,1210,0,31,2,2083,1,0,1,565,2,76,1,4,0,42,1,108,0,62,0,0,0,8,0,1162,0,0,0,313,0,0,0,1,0,2,0,1,0,0,1,0,0,3,0,0,0,0,0,0,0,0,0,0,0,0,0,0,0,0,0,0,0,1,0,2,0,25,0,13,1,6,0,0,0,0,1,2,0,0,0,1,0,0,0,3,1,0,0,0,0,0,0,0,0,0,0,0,0,0,0,0,0,5,0,1,0,0,0,0,0
4,706,1,79,0,184,2,396,0,79,0,0,0,908,3,33,0,0,0,3,0,0,0,0,0,0,0,0,0,0,0,0,6,57,0,0,31,33,7,8,1,19,1,2,0,0,0,0,9,12,0,2,3,24,0,47,0,0,0,1,0,3211,1,51,0,2026,1,0,1,599,12,8,0,8,4,165,1,172,0,119,0,0,3,72,2,1253,0,1,0,177,0,0,0,3,0,0,0,0,2,2,1,0,1,0,0,0,1,2,4,1,4,4,0,0,0,0,0,1,0,0,0,1,0,3,0,26,3,84,1,148,0,21,0,7,0,21,0,8,0,0,0,6,0,6,1,47,0,19,0,27,0,0,0,0,1,0,0,0,1,0,0,2,0,14,4,1,0,0,0,0
96,1,5,0,7,0,7,0,2,0,0,0,10,0,9,1,0,0,0,0,0,0,0,0,0,0,0,0,0,0,0,0,24,0,0,0,4,0,0,1,5,0,0,0,0,0,4,0,44,0,7,0,41,2,1927,1,15,0,0,0,206,0,651,0,2797,1,565,1,0,0,68,0,8,0,13,0,19,0,10,1,0,0,3,0,201,0,0,0,1473,0,0,0,1,0,2,0,1,0,0,0,0,0,3,0,0,0,0,0,0,0,0,0,0,0,0,1,0,0,0,0,0,0,0,0,1,0,2,1,8,0,1,0,1,0,0,0,0,0,0,0,0,0,0,0,1,0,1,0,0,0,0,0,0,0,0,0,0,0,0,0,0,0,1,0,1,0,0,0,0,0
2,240,1,19,1,31,1,20,0,8,0,0,0,6,0,13,0,0,0,1,0,0,0,0,0,0,0,0,0,0,0,0,12,42,0,0,18,39,51,74,2,51,0,5,0,1,0,5,14,58,0,7,4,610,1,721,0,2,0,0,3,182,1,1222,2,2835,2,599,0,0,25,49,1,0,0,28,3,109,1,62,0,0,2,69,5,421,0,0,4,700,0,1,0,42,0,0,1,1,3,2,0,0,0,0,0,0,3,1,5,2,1,4,0,2,0,0,0,0,0,0,0,0,0,2,2,15,1,33,1,131,0,22,0,6,0,12,1,5,0,0,0,1,0,6,1,57,0,5,0,19,0,0,0,0,1,1,0,0,0,1,0,1,0,3,0,1,0,0,0,0
882,17,122,8,109,8,120,5,93,3,1,0,34,3,180,7,0,1,3,2,0,0,0,0,0,0,0,0,0,0,0,0,309,2,0,0,1714,82,769,102,189,83,98,19,0,1,1686,246,1634,48,898,71,444,68,256,75,36,16,88,16,1593,32,1876,21,386,30,76,12,68,25,0,623,1026,4,172,27,354,12,208,8,0,0,61,2,158,10,2,1,238,3,0,0,17,1,15,1,0,0,1,1,88,0,70,7,1,1,1,2,2,0,3,1,1,1,0,8,0,0,0,0,1,0,0,0,10,0,131,4,104,12,32,2,0,1,11,1,6,1,0,1,0,0,0,0,22,32,9,1,11,0,0,0,0,2,4,2,0,0,1,0,2,0,26,1,9,1,0,0,2,1
2,92,1,55,1,1,0,2,0,1,0,0,0,0,7,166,0,0,0,0,0,0,0,0,0,0,0,0,0,0,0,0,8,4,0,0,80,2595,177,998,2,160,0,77,0,2,375,1014,194,1834,26,667,69,439,7,450,3,119,0,91,3,471,1,1304,1,21,1,8,0,49,623,0,5,475,0,32,1,28,3,16,0,0,10,6,15,18,0,0,17,41,0,0,0,20,1,9,0,0,1,0,0,4,1,31,0,0,1,0,1,1,0,0,0,0,39,8,0,0,0,0,0,0,0,0,0,1,2,12,1,25,0,8,0,0,0,4,0,1,0,3,0,2,0,3,1,22,0,1,1,2,0,0,0,0,0,19,0,0,0,0,0,1,0,0,0,0,0,1,0,0
1660,15,416,9,90,9,26,2,11,0,0,0,7,0,1777,441,0,0,0,1,0,0,0,0,0,0,0,0,0,0,0,0,26,2,0,0,575,146,1,0,4,0,1,0,0,0,0,0,7,0,2,0,1,0,7,0,0,0,0,0,1419,7,90,4,8,0,4,0,8,1,1026,5,0,146,85,15,70,1,35,1,0,0,2,0,6,0,0,0,4,0,0,0,0,0,0,0,0,0,0,0,0,0,0,0,0,0,0,0,1,0,0,0,0,0,0,0,0,0,0,0,0,0,0,0,2,0,33,4,3,2,1,0,1,0,4,0,3,0,0,0,0,0,0,0,4,1,3,0,1,0,0,0,0,0,0,2,0,0,0,0,0,0,2,0,0,0,0,0,0,0
1,682,0,72,0,9,1,26,0,1,0,1,0,6,35,1417,0,0,0,3,0,0,0,0,0,0,0,0,0,0,0,0,0,8,0,0,93,822,0,1,0,1,0,0,0,0,0,0,0,11,0,1,0,2,0,2,0,0,0,0,2,1285,0,185,0,6,0,8,0,0,4,475,146,0,2,78,0,20,0,11,0,0,0,1,0,5,0,0,0,1,0,0,0,0,0,0,0,0,0,0,0,0,0,0,0,0,1,1,1,0,0,0,0,0,0,0,0,0,0,0,0,0,0,0,0,4,0,8,0,13,0,3,0,0,0,2,0,0,0,1,0,0,0,0,0,1,0,2,0,0,0,0,0,0,4,6,0,0,0,0,0,0,0,2,0,0,0,0,0,0
601,31,1009,55,1259,38,349,9,815,9,168,1,46,0,386,33,77,150,411,140,7,117,3,13,9,1,8,1,44,2,5,1,420,15,0,0,701,22,14,0,118,2,4,3,9,2,1,0,10,1,10,0,2,0,5,2,0,0,7,0,386,5,12,2,44,1,42,4,13,0,172,0,85,2,0,852,2056,10,1217,5,0,0,6,0,33,2,12,1,24,0,0,0,3,0,2,2,1,2,1,2,1,0,2,0,3,1,0,8,12,3,4,6,0,5,0,1,0,1,0,0,8,0,3,0,447,1,689,6,235,0,125,1,57,0,311,47,59,0,1,0,2,0,3,0,285,1,45,1,32,0,10,149,105,186,245,30,116,206,4,2,8,0,102,0,85,2,0,0,11,0
28,464,169,822,126,992,15,358,30,353,2,40,1,109,82,286,9,127,145,553,4,193,1,32,1,10,0,3,0,14,0,4,11,306,0,0,227,216,7,7,2,57,1,6,1,93,0,1,3,15,0,17,0,13,1,10,0,0,1,1,24,621,0,127,0,127,1,165,0,28,27,32,15,78,852,0,37,2667,10,1299,0,0,0,6,2,58,1,13,2,16,0,2,1,11,0,0,0,1,5,11,5,0,0,0,1,0,6,14,1,2,3,8,2,1,0,0,0,1,0,1,0,6,0,1,8,567,9,616,3,337,2,186,1,41,9,198,2,54,0,4,1,10,0,34,5,236,1,99,1,24,10,51,48,240,43,189,6,239,2,16,1,9,2,60,1,19,0,2,4,0
147,2,510,7,414,6,132,4,493,1,253,1,55,0,213,7,310,3,176,11,6,7,29,0,20,0,14,0,150,1,17,0,2902,3,0,0,263,3,8,1,1209,2,111,0,479,0,6,0,27,0,142,0,18,2,12,4,3,0,64,0,368,2,47,2,97,1,108,1,19,3,354,1,70,0,2056,37,0,3,1353,2,0,0,50,0,170,3,131,0,166,0,3,0,39,0,3,0,1,0,3,0,1,0,5,0,2,0,0,2,4,2,1,3,0,2,1,1,0,0,0,1,6,0,5,0,84,0,130,1,50,1,19,0,22,1,65,36,16,0,20,0,13,0,28,0,105,0,7,0,7,0,6,8,22,26,32,11,590,0,1,1,3,0,24,0,18,0,1,0,1,0
3,284,18,523,9,469,3,280,3,204,0,125,0,429,14,127,2,64,17,289,1,73,0,34,0,40,0,7,0,19,0,18,3,2085,0,0,28,52,17,24,0,500,2,138,0,862,0,13,10,24,0,17,1,33,0,281,0,100,0,151,4,310,1,29,1,62,0,172,0,109,12,28,1,20,10,2667,3,0,3,777,0,0,2,118,2,391,0,225,0,364,0,47,0,529,0,2,0,0,3,4,3,0,0,6,2,0,3,8,8,3,0,5,0,0,1,1,1,0,0,1,1,0,0,1,3,83,3,59,2,101,0,29,0,12,0,24,0,1,0,9,0,9,0,15,0,38,0,6,1,4,3,4,11,80,7,38,0,357,1,9,0,3,0,35,0,4,0,4,2,0
82,2,78,4,68,3,33,1,112,1,21,0,10,0,93,2,17,0,25,4,0,0,0,0,0,0,0,0,1,0,1,0,106,0,0,0,180,2,9,2,217,1,23,2,46,0,1,1,21,0,13,0,7,0,7,3,1,0,3,0,144,0,20,2,45,2,62,0,10,1,208,3,35,0,1217,10,1353,3,0,3,0,0,16,1,34,1,5,0,16,0,0,0,1,0,3,0,1,2,1,1,3,0,2,0,0,0,2,11,12,2,1,10,2,3,1,1,0,0,1,0,5,0,4,0,64,1,97,1,77,2,7,2,28,1,69,41,8,0,2,0,6,0,4,1,54,2,6,0,20,0,0,2,0,6,10,3,285,0,3,0,7,0,82,0,28,1,1,1,8,0
1,155,5,187,3,189,0,127,0,62,0,16,0,222,5,48,1,13,3,67,0,2,0,4,0,0,0,3,0,1,0,3,2,358,0,0,16,35,11,10,3,532,1,38,0,251,0,6,6,9,0,19,0,15,0,148,0,40,0,26,1,204,0,23,0,68,0,119,1,62,8,16,1,11,5,1299,2,777,3,0,0,0,0,64,0,176,0,20,1,124,1,3,0,57,2,2,2,1,10,13,8,1,2,8,3,1,11,23,15,8,4,3,3,2,0,1,0,1,0,2,0,1,0,0,2,113,7,87,6,97,2,26,0,15,1,19,0,3,0,2,0,9,0,13,3,30,0,5,1,2,0,0,0,16,2,17,0,135,2,11,0,15,0,160,4,12,1,6,5,0
0,0,0,0,0,0,0,0,0,0,0,0,0,0,0,0,0,0,0,0,0,0,0,0,0,0,0,0,0,0,0,0,0,0,0,0,0,0,0,0,0,0,0,0,0,0,0,0,0,0,0,0,0,0,0,0,0,0,0,0,0,0,0,0,0,0,0,0,0,0,0,0,0,0,0,0,0,0,0,0,0,0,0,0,0,0,0,0,0,0,0,0,0,0,0,0,0,0,0,0,0,0,0,0,0,0,0,0,0,0,0,0,0,0,0,0,0,0,0,0,0,0,0,0,0,0,0,0,0,0,0,0,0,0,0,0,0,0,0,0,0,0,0,0,0,0,0,0,0,0,0,0,0,0,0,0,0,0,0,0,0,0,0,0,0,0,0,0,0,0
0,0,0,0,0,0,0,0,0,0,0,0,0,0,0,0,0,0,0,0,0,0,0,0,0,0,0,0,0,0,0,0,0,0,0,0,0,0,0,0,0,0,0,0,0,0,0,0,0,0,0,0,0,0,0,0,0,0,0,0,0,0,0,0,0,0,0,0,0,0,0,0,0,0,0,0,0,0,0,0,0,0,0,0,0,0,0,0,0,0,0,0,0,0,0,0,0,0,0,0,0,0,0,0,0,0,0,0,0,0,0,0,0,0,0,0,0,0,0,0,0,0,0,0,0,0,0,0,0,0,0,0,0,0,0,0,0,0,0,0,0,0,0,0,0,0,0,0,0,0,0,0,0,0,0,0,0,0,0,0,0,0,0,0,0,0,0,0,0,0
19,0,1,0,4,0,34,0,6,0,0,0,247,0,4,0,0,0,0,0,0,0,0,0,0,0,0,0,0,0,0,0,253,0,0,0,3,1,9,7,36,1,2,0,0,0,29,6,76,3,15,1,80,9,35,8,2,0,2,0,126,0,1,1,8,5,8,3,3,2,61,10,2,0,6,0,50,2,16,0,0,0,0,0,726,0,4,0,96,1,0,0,2,1,4,0,0,0,0,0,0,0,10,0,0,0,0,0,0,0,0,0,0,0,0,1,0,0,0,0,1,0,3,0,1,1,5,1,23,1,8,0,0,0,4,0,0,0,0,0,0,0,0,1,17,4,2,0,4,0,0,0,0,0,0,0,0,0,0,0,0,0,0,0,0,0,0,0,0,0
0,34,0,20,0,16,0,44,0,17,0,0,0,572,0,3,0,0,0,0,0,0,0,0,0,0,0,0,0,0,0,0,1,150,0,0,3,16,8,21,0,10,0,0,0,1,0,2,3,17,0,0,0,14,1,61,0,0,0,1,0,36,0,7,2,7,0,72,0,69,2,6,0,1,0,6,0,118,1,64,0,0,0,0,1,1329,0,37,0,139,0,0,0,6,0,0,1,0,1,0,1,0,0,0,1,0,1,0,1,0,0,0,0,0,0,0,0,0,0,0,0,0,0,0,0,8,0,21,1,39,0,7,0,2,1,7,0,1,0,1,0,0,0,4,1,5,0,3,0,6,0,0,0,0,0,1,0,0,1,0,0,0,0,5,0,2,1,0,1,0
479,0,9,2,66,0,293,0,60,0,0,0,1599,0,34,1,0,0,2,0,0,0,0,0,0,0,0,0,0,0,0,0,538,1,0,0,28,0,20,2,503,7,76,0,2,0,80,17,147,6,296,2,141,14,142,15,60,2,307,0,955,0,10,2,24,6,1162,2,201,5,158,15,6,0,33,2,170,2,34,0,0,0,726,1,0,3,614,0,3267,2,11,0,176,0,41,0,7,0,1,1,8,0,73,0,1,0,3,0,1,1,1,0,1,0,0,8,0,0,0,0,0,0,0,0,4,0,8,1,13,2,3,0,2,0,1,1,0,0,1,0,1,0,5,0,24,3,1,0,5,2,0,0,0,1,1,0,2,0,0,0,0,1,0,0,1,0,0,0,0,0
1,360,0,87,0,149,0,246,0,53,0,0,0,1876,8,34,0,1,1,5,0,0,0,0,0,0,0,0,0,0,0,0,3,313,0,0,23,22,20,40,2,189,1,6,0,11,0,2,5,24,0,6,0,31,0,216,0,41,0,37,2,271,0,14,1,36,0,1253,0,421,10,18,0,5,2,58,3,391,1,176,0,0,0,1329,3,0,0,802,1,5407,0,33,0,269,0,0,2,1,1,4,3,1,0,0,0,0,4,7,4,3,2,1,0,0,0,0,0,1,0,1,0,0,0,1,3,17,0,86,1,149,0,20,0,11,0,23,0,2,0,4,0,3,0,13,0,33,0,12,0,12,0,0,0,0,1,5,1,3,1,2,0,1,0,9,1,2,0,3,0,0
0,0,35,0,36,0,68,0,41,0,37,0,445,0,1,0,55,0,17,0,7,0,17,0,24,0,19,0,151,0,3,0,1064,0,0,0,0,0,0,1,688,0,126,0,604,0,0,0,1,0,9,0,0,0,0,0,1,0,419,0,1,0,0,0,0,0,0,0,0,0,2,0,0,0,12,1,131,0,5,0,0,0,4,0,614,0,0,0,796,0,455,0,373,0,1,0,0,0,0,0,2,0,4,0,0,0,0,1,0,1,0,0,0,0,0,0,0,0,0,0,1,0,0,0,1,0,0,0,0,0,0,0,0,0,1,0,0,0,0,0,0,0,2,0,0,0,0,0,0,0,2,0,3,1,2,0,22,0,0,0,0,0,0,0,2,0,0,0,0,0
0,9,0,21,0,5,0,27,0,5,0,7,0,318,0,0,0,145,0,24,1,23,0,30,0,8,0,2,0,36,0,1,0,324,0,0,1,2,0,0,0,275,0,83,0,431,0,0,0,0,0,1,0,1,0,8,0,6,0,453,0,7,0,1,0,0,0,1,0,0,1,0,0,0,1,13,0,225,0,20,0,0,0,37,0,802,0,0,0,1337,0,1961,0,1032,0,0,0,0,0,0,0,2,0,0,0,0,0,1,0,0,0,0,0,0,0,0,0,0,0,0,0,0,0,0,0,1,0,0,0,2,0,0,0,0,0,0,0,0,0,0,0,0,0,0,0,1,0,0,0,0,0,3,0,8,0,0,0,57,0,1,0,0,0,2,0,0,0,0,0,0
113,0,15,0,19,0,13,0,19,0,14,0,15,1,13,0,3,0,4,0,0,0,0,0,3,0,0,0,4,0,0,0,295,0,0,0,16,1,24,11,938,4,127,0,79,0,136,14,158,1,935,4,215,8,3261,10,740,1,1144,2,271,0,81,0,310,1,313,0,1473,4,238,17,4,0,24,2,166,0,16,1,0,0,96,0,3267,1,796,0,0,1,370,0,3558,0,200,1,20,0,1,0,14,0,321,0,0,0,0,1,0,1,0,0,0,0,0,17,0,0,0,0,3,0,0,1,3,0,3,1,22,1,0,0,0,0,4,0,1,0,4,1,1,0,5,0,29,2,0,0,3,0,0,0,0,0,0,0,8,0,0,0,0,0,0,0,0,0,0,0,0,0
1,222,0,40,0,56,0,25,0,8,0,2,0,17,2,17,0,1,0,5,0,0,0,0,0,0,0,0,0,1,0,0,1,152,0,0,11,7,10,22,0,639,2,20,0,39,2,7,10,11,1,14,6,64,0,1733,0,134,0,172,2,71,0,9,0,27,0,177,0,700,3,41,0,1,0,16,0,364,0,124,0,0,1,139,2,5407,0,1337,1,0,0,531,0,4348,0,0,0,0,3,5,1,1,1,2,3,0,4,2,6,0,0,0,1,0,0,1,0,0,0,2,0,2,0,2,0,5,0,20,0,64,0,5,0,2,0,5,0,0,0,4,0,5,0,11,2,30,0,4,0,5,0,0,0,0,0,2,0,1,2,2,0,4,0,6,0,5,1,0,0,0
0,0,0,0,0,0,0,0,0,0,0,0,0,0,0,0,0,0,0,0,0,0,1,0,0,0,0,0,0,0,0,0,8,0,0,0,0,0,0,0,372,0,244,0,46,0,0,0,0,0,0,0,0,0,0,0,0,0,1228,0,0,0,0,0,0,0,0,0,0,0,0,0,0,0,0,0,3,0,0,1,0,0,0,0,11,0,455,0,370,0,0,0,1501,0,0,0,0,0,0,0,0,0,0,0,0,0,0,0,0,0,0,0,0,0,0,0,0,0,0,0,0,0,0,0,0,0,0,0,0,0,0,0,0,0,0,0,0,0,0,0,0,0,0,0,0,0,0,0,0,0,0,0,0,0,0,0,0,0,0,0,0,0,0,0,0,0,0,0,0,0
0,0,0,3,0,4,0,0,0,0,0,2,0,0,0,0,0,3,0,2,0,1,0,0,0,0,0,0,0,1,0,0,0,8,0,0,0,0,0,0,0,161,0,139,0,107,0,1,0,0,0,2,0,0,0,1,0,0,0,755,0,0,0,0,0,0,0,0,0,1,0,0,0,0,0,2,0,47,0,3,0,0,0,0,0,33,0,1961,0,531,0,0,0,1959,0,0,0,0,0,0,0,2,0,0,0,0,0,0,0,0,0,0,0,0,0,0,0,0,0,0,0,0,0,0,0,0,0,1,0,0,0,0,0,0,0,0,0,0,0,0,0,0,0,0,0,0,0,0,0,0,0,0,0,1,0,0,0,1,0,0,0,0,0,0,0,0,0,0,0,0
0,0,2,0,2,0,0,0,7,0,3,0,0,0,0,0,0,0,0,0,0,0,0,0,0,0,0,0,0,0,0,0,37,0,0,0,1,0,2,0,302,0,106,0,9,0,12,1,7,0,204,0,19,0,464,0,633,0,2966,0,2,0,0,0,6,0,1,0,1,0,17,0,0,0,3,1,39,0,1,0,0,0,2,0,176,0,373,0,3558,0,1501,0,0,0,68,0,1,0,0,0,5,0,88,0,0,0,0,0,0,0,0,0,0,0,0,1,0,0,0,0,0,0,0,0,0,0,2,0,0,0,0,0,0,0,0,0,0,0,1,0,0,0,2,0,1,0,0,0,0,0,0,0,0,1,0,0,4,0,0,0,0,0,0,0,0,0,0,0,0,0
1,20,0,15,0,13,0,5,0,5,0,3,0,2,0,4,0,1,0,7,0,0,0,0,0,0,0,0,0,0,0,0,2,42,0,0,2,1,1,3,0,663,0,205,0,116,2,11,4,2,0,46,0,24,0,714,0,861,0,2642,0,5,0,0,0,1,0,3,0,42,1,20,0,0,0,11,0,529,0,57,0,0,1,6,0,269,0,1032,0,4348,0,1959,0,0,0,3,0,0,1,0,0,4,0,32,0,0,0,0,3,0,0,0,0,0,0,1,1,0,1,1,0,0,0,0,0,2,1,0,0,6,0,1,0,0,0,1,0,0,0,7,0,3,0,5,0,12,0,0,0,0,0,0,0,0,0,1,0,6,0,0,0,3,0,2,0,0,0,0,1,0
1,1,0,0,0,0,1,1,0,0,0,0,0,0,0,0,0,0,0,0,0,0,0,0,0,0,0,0,0,0,0,0,4,0,0,0,0,0,1,2,13,2,17,2,0,0,624,2,12,0,1960,15,50,0,294,3,913,2,1207,0,6,0,0,0,6,0,2,0,2,0,15,1,0,0,2,0,3,0,3,2,0,0,4,0,41,0,1,0,200,0,0,0,68,0,0,3,1669,6,62,3,484,1,2873,18,682,2,794,21,142,4,8,14,4,5,13,132,43,28,4,1,0,0,0,0,1,0,3,0,4,2,0,0,1,0,1,0,0,0,4,0,0,0,2,0,0,0,0,0,0,0,0,0,0,0,0,0,0,0,2,2,0,0,1,0,1,1,0,3,0,0
0,1,0,0,0,0,0,0,0,0,0,0,0,0,0,0,0,0,0,0,0,0,0,0,0,0,0,0,0,0,0,0,1,0,0,0,1,0,5,2,0,10,0,3,0,0,174,202,9,3,4,1305,2,6,0,19,0,53,0,140,0,2,1,0,0,0,0,0,0,0,1,9,0,0,2,0,0,2,0,2,0,0,0,0,0,0,0,0,1,0,0,0,0,3,3,0,2,1394,8,165,13,299,1,3590,1,273,7,932,13,58,3,54,35,7,24,114,29,21,7,6,0,0,0,0,2,0,0,0,0,1,0,1,0,0,0,0,0,0,0,0,0,0,0,1,1,0,0,0,0,0,0,0,0,0,0,0,0,0,1,0,0,0,0,0,0,1,0,6,1,0
0,0,0,0,0,1,0,0,0,0,0,0,0,1,1,0,0,0,0,0,0,0,0,0,0,0,0,0,0,0,0,0,1,0,0,0,0,0,1,0,1,1,6,1,0,0,140,0,2,0,192,0,13,0,21,0,13,0,3,0,0,0,0,0,0,0,1,0,1,1,0,0,0,0,1,0,1,0,1,2,0,0,0,1,7,2,0,0,20,0,0,0,1,0,1669,2,0,9,19,2,199,0,444,6,1802,0,1054,16,48,3,2,6,8,6,15,38,38,19,3,1,0,0,0,0,0,0,0,0,4,2,1,0,0,0,0,1,0,0,0,0,0,0,1,0,2,0,0,0,1,0,0,0,0,0,0,0,0,0,2,3,0,0,0,0,0,1,0,0,3,0
0,0,0,0,0,1,0,0,0,0,0,0,0,1,0,0,0,0,0,0,0,0,0,0,0,0,0,0,0,0,0,0,0,0,0,0,0,0,0,0,0,1,4,4,0,0,0,0,0,0,0,1,0,0,0,0,0,0,0,0,0,0,0,0,0,0,0,0,0,1,0,0,0,0,2,1,0,0,2,1,0,0,0,0,0,1,0,0,0,0,0,0,0,0,6,1394,9,0,12,125,24,160,20,437,4,892,41,1341,20,59,4,24,21,4,28,76,81,168,31,6,0,0,0,0,0,1,0,0,1,0,0,0,0,0,0,1,1,0,0,0,0,0,0,0,0,0,0,0,1,0,0,0,0,0,0,0,0,0,1,2,0,0,1,0,0,1,1,8,1,0
0,2,1,3,0,0,0,0,1,3,0,0,0,0,0,0,0,0,0,0,0,0,0,0,0,0,0,0,0,0,0,0,1,0,0,0,0,1,1,0,10,6,31,8,1,1,0,0,1,0,43,1,0,1,0,4,0,2,0,0,0,4,0,1,0,1,0,2,0,3,1,1,0,0,1,5,3,3,1,10,0,0,0,1,1,1,0,0,1,3,0,0,0,1,62,8,19,12,0,20,707,13,106,7,33,6,103,80,270,13,14,24,117,343,212,47,6,35,7,97,0,0,2,0,13,5,25,10,37,5,21,0,1,1,15,3,3,1,8,2,8,0,37,5,78,2,10,0,7,0,0,0,0,0,0,0,3,1,18,6,1,0,3,1,26,18,3,4,46,2
0,0,0,2,0,0,0,2,0,1,0,0,0,3,0,1,0,1,0,0,0,0,0,0,0,0,0,0,0,0,0,0,0,2,0,0,0,1,0,1,0,20,4,105,0,4,0,0,0,1,0,63,0,2,0,4,0,1,0,20,0,3,0,1,0,3,1,2,0,2,1,0,0,0,2,11,0,4,1,13,0,0,0,0,1,4,0,0,0,5,0,0,0,0,3,165,2,125,20,0,44,1160,9,160,3,99,28,1123,27,213,5,74,81,110,317,52,13,19,4,35,0,0,0,1,0,1,5,4,5,42,5,4,2,3,1,6,0,1,0,12,0,14,0,22,3,8,0,2,2,0,0,0,0,0,0,0,0,2,8,6,2,4,1,10,2,15,3,44,8,0
1,3,0,1,0,1,0,0,0,0,0,0,0,0,0,0,0,0,0,0,0,0,0,0,0,0,0,0,0,0,0,0,2,0,0,0,3,0,7,2,121,6,306,6,0,0,90,0,0,0,561,2,0,1,0,1,2,0,61,0,0,2,0,0,0,1,0,1,0,0,88,0,0,0,1,5,1,3,3,8,0,0,0,1,8,3,2,0,14,1,0,0,5,0,484,13,199,24,707,44,0,28,1128,22,279,6,729,65,242,19,57,31,134,209,1123,122,28,86,20,23,0,0,1,0,6,1,8,1,15,2,1,0,0,0,0,1,1,0,2,0,3,1,11,2,18,2,1,0,3,0,0,0,0,0,0,0,0,0,8,4,3,1,3,1,0,2,0,5,0,0
0,0,0,1,0,0,0,0,0,0,0,0,0,0,0,0,0,0,0,0,0,0,0,0,0,0,0,0,0,0,0,0,0,0,0,0,0,0,0,0,0,17,2,431,0,0,4,2,1,1,2,571,0,1,0,2,0,12,0,1058,0,0,0,0,0,0,0,0,0,0,0,4,0,0,0,0,0,0,0,1,0,0,0,0,0,1,0,2,0,1,0,2,0,4,1,299,0,160,13,1160,28,0,4,1531,1,92,7,329,12,70,7,144,68,44,341,79,17,11,2,6,0,0,0,0,2,0,0,0,1,0,0,0,0,0,1,0,0,0,1,0,0,0,0,0,0,0,0,0,0,0,0,0,0,0,0,0,0,0,2,0,0,0,2,0,0,0,0,10,0,0
1,0,0,0,0,0,1,0,0,0,0,0,0,0,2,0,1,0,0,0,0,0,0,0,0,0,0,0,0,0,0,0,6,0,0,0,0,0,7,2,26,3,18,3,0,0,290,1,20,1,1388,0,38,0,207,5,250,0,1131,0,4,1,0,0,2,0,3,1,3,0,70,1,0,0,2,0,5,0,2,2,0,0,10,0,73,0,4,0,321,1,0,0,88,0,2873,1,444,20,106,9,1128,4,0,37,289,3,467,45,102,5,7,5,24,11,98,517,137,84,7,3,0,0,0,0,1,0,1,1,4,2,1,0,0,0,0,0,0,0,1,0,1,0,2,0,6,1,1,0,1,0,0,0,0,0,0,0,0,0,1,0,0,1,0,2,0,1,0,0,2,0
