0,6,2002,5,1655,2,777,1,233,1,2,0,919,3,489,18,0,0,1,0,0,0,0,0,0,0,0,0,0,0,0,0,942,0,0,0,382,48,4,0,8,0,0,0,3,0,2,0,20,0,0,0,19,0,15,0,0,0,0,0,6214,0,296,0,401,0,99,0,10,0,334,1,1200,1,58,1,411,3,208,3,0,0,7,0,13,0,4,0,2,0,0,0,0,0,0,0,0,0,0,0,0,0,0,0,0,0,0,1,0,0,1,2,0,0,0,0,0,0,0,0,5,0,1,0,97,2,91,1,43,0,18,0,3,0,48,3,5,0,0,0,0,0,0,0,3,0,2,0,0,0,0,0,0,0,26,8,1,0,6,2,0,0,41,0,0,0,0,0,0,0
6,0,5,2805,5,2447,0,1054,0,137,0,1,0,1444,13,1113,0,0,0,1,0,0,0,0,0,0,0,0,0,0,0,0,0,677,0,0,73,358,0,8,0,0,0,0,0,0,1,10,0,21,0,1,0,3,0,2,0,0,0,0,6,4901,0,15,0,13,0,329,0,2,13,601,17,751,1,4,1,303,1,107,0,0,0,51,0,53,0,0,0,1,0,0,0,0,0,0,0,0,0,0,0,0,0,0,0,0,0,0,0,0,1,0,0,0,0,0,0,0,0,0,0,0,0,0,2,2,0,29,0,1,0,5,0,0,0,3,0,0,0,0,0,0,0,0,0,0,0,1,0,0,0,0,0,0,33,10,0,0,0,0,0,0,0,19,0,0,0,0,0,0
2002,5,0,31,6382,43,50,1,340,14,292,0,3,0,1984,22,23,4,2953,19,495,17,143,5,296,1,267,0,188,1,5,0,435,6,0,0,473,15,0,0,1,0,0,0,0,0,0,0,1,0,0,0,1,0,0,0,0,0,0,0,13,0,13,0,9,0,1,0,1,0,7,0,326,0,12,1,240,20,27,2,0,0,0,0,0,0,0,0,0,0,0,0,0,0,0,0,0,0,0,0,0,0,0,0,0,0,0,0,0,0,0,0,0,0,0,0,0,0,0,0,1,0,0,0,17,0,3,0,2,0,4,0,0,0,3,0,0,0,0,0,0,0,0,0,0,0,0,0,0,0,42,13,108,76,311,91,4,0,0,0,0,0,2,0,0,0,0,0,0,0
5,2805,31,0,26,5354,1,116,9,234,2,247,0,24,17,3134,4,47,33,3709,9,344,2,118,1,190,0,547,1,137,1,5,8,190,0,0,16,799,0,0,0,0,0,0,0,3,0,0,0,0,0,0,0,1,0,0,0,0,0,0,3,96,0,1,0,0,0,6,0,0,1,44,5,277,0,10,10,146,1,28,0,0,0,1,0,2,0,1,0,0,0,0,0,0,0,0,0,0,0,0,0,0,0,0,0,0,0,0,0,0,0,0,0,0,0,0,0,0,0,0,0,0,0,0,1,3,0,3,0,1,0,0,0,0,0,1,0,0,0,0,0,0,0,0,0,0,0,0,0,0,27,39,52,795,75,281,1,10,0,0,0,1,0,8,0,0,0,0,0,0
1655,5,6382,26,0,25,811,6,3341,14,758,2,53,0,480,18,8,0,208,11,44,8,29,0,46,0,33,0,152,0,225,0,1066,4,0,0,163,15,0,0,1,0,0,0,0,0,0,0,1,0,0,0,1,0,0,0,0,0,0,0,71,0,3,0,7,0,6,0,0,0,11,0,136,0,9,1,329,9,39,2,0,0,0,0,0,0,2,0,0,0,0,0,0,0,0,0,0,0,0,0,0,0,0,0,0,0,0,0,0,0,0,2,0,0,0,0,0,0,0,0,1,0,0,0,35,0,3,0,3,0,2,0,0,0,5,0,3,0,0,0,0,0,0,0,0,0,0,0,0,0,12,6,16,57,131,51,6,0,1,0,0,0,3,0,1,0,0,0,0,0
2,2447,43,5354,25,0,0,1039,18,2671,2,697,0,58,34,825,6,17,42,428,2,37,0,45,1,85,0,381,2,83,1,69,15,804,0,0,20,534,0,0,0,0,0,0,0,6,0,0,0,0,0,0,0,1,0,0,0,0,0,0,1,28,0,0,0,0,0,3,0,0,0,19,1,57,3,44,17,386,2,41,0,0,0,1,0,2,0,8,0,0,0,0,0,0,0,0,0,0,0,0,0,0,0,0,0,0,0,0,0,0,0,0,0,0,0,0,0,0,0,0,0,0,0,0,1,5,0,14,0,1,0,1,0,0,0,3,0,0,0,0,0,0,0,0,0,0,0,0,0,0,20,6,45,181,111,426,0,1,1,0,0,0,0,10,0,0,0,0,0,0
777,0,50,1,811,0,0,0,1612,1,68,0,2677,0,30,4,0,0,3,0,0,0,0,0,0,0,0,0,0,0,0,0,850,0,0,0,37,2,0,0,0,0,0,0,0,0,0,0,1,0,0,0,0,0,1,0,0,0,0,0,270,0,13,0,12,0,5,0,2,0,17,1,76,0,5,0,57,1,10,0,0,0,6,0,67,0,85,0,0,0,0,0,0,0,0,0,0,0,0,0,0,0,0,0,0,0,0,0,0,0,0,1,0,0,0,0,0,0,0,0,1,0,0,0,4,0,3,0,4,0,0,0,0,0,0,0,0,0,0,0,0,0,0,0,0,0,0,0,0,0,0,0,0,0,2,1,0,0,0,0,0,0,1,0,0,0,0,0,0,0
1,1054,1,116,6,1039,0,0,0,1589,0,72,0,2204,3,230,0,0,1,1,0,0,0,0,0,0,0,0,0,0,0,0,1,2070,0,0,12,86,0,1,0,4,0,0,0,0,0,1,0,1,0,0,0,0,0,0,0,0,0,0,0,94,0,0,0,0,0,7,0,1,1,50,1,75,0,15,0,281,1,40,0,0,0,66,0,24,0,0,0,0,0,0,0,0,0,0,0,0,0,0,0,0,0,0,0,0,0,0,0,0,0,0,0,0,0,0,0,0,0,0,0,0,0,0,0,6,0,7,0,3,1,0,0,0,0,0,0,0,0,0,0,0,0,0,0,0,0,0,0,0,0,0,0,1,24,28,0,0,0,0,0,1,0,8,0,0,0,0,0,0
233,0,340,9,3341,18,1612,0,0,6,1541,0,255,0,196,10,1,0,45,1,1,0,0,0,1,0,0,0,16,0,72,0,2060,1,0,0,123,11,0,0,3,0,0,0,2,0,0,0,0,0,0,0,0,0,0,0,0,0,0,0,18,0,0,0,6,0,1,0,0,0,16,0,130,1,7,1,124,4,7,3,0,0,0,0,0,0,11,0,0,0,0,0,0,0,0,0,0,0,0,0,0,0,0,0,0,0,0,0,0,0,0,0,0,0,0,0,0,0,0,0,0,0,0,0,13,0,1,0,0,0,0,0,1,0,0,0,0,0,0,0,0,0,0,0,1,0,0,0,0,0,0,0,1,23,42,24,0,0,1,0,0,0,0,0,0,0,0,0,0,0
1,137,14,234,14,2671,1,1589,6,0,0,849,0,155,11,228,0,7,12,66,0,1,0,1,0,9,0,4,0,22,0,44,6,1623,0,0,6,183,0,0,0,2,0,0,0,1,0,0,0,0,0,0,0,0,0,0,0,0,0,0,0,13,0,0,0,0,0,0,0,0,2,12,1,22,0,117,6,302,0,20,0,0,0,5,0,2,0,0,0,0,0,0,0,0,0,0,0,0,0,0,0,0,0,0,0,0,0,0,0,0,0,0,0,0,0,0,0,0,0,0,0,0,0,0,1,3,0,5,0,0,0,0,0,0,0,1,0,0,0,1,0,0,0,0,0,0,0,1,0,0,0,0,5,10,41,112,0,1,0,0,0,0,0,1,0,0,0,0,0,0
2,0,292,2,758,2,68,0,1541,0,0,0,17,0,2,1,4,0,89,0,35,1,61,0,60,0,63,0,944,0,1141,0,435,0,0,0,0,0,0,0,0,0,0,0,0,0,0,0,0,0,0,0,0,0,0,0,0,0,0,0,1,0,0,0,0,0,0,0,0,0,1,0,1,0,5,0,24,0,0,0,0,0,0,0,0,0,37,0,0,0,0,0,0,0,0,0,0,0,0,0,0,0,0,0,0,0,0,0,0,0,0,0,0,0,0,0,0,0,0,0,0,0,0,0,0,0,0,0,0,0,0,0,0,0,0,0,0,0,0,0,0,0,0,0,0,0,0,0,0,0,9,2,10,10,6,5,7,0,0,0,0,0,0,0,0,0,0,0,0,0
0,1,0,247,2,697,0,72,0,849,0,0,0,0,0,2,1,4,0,31,1,21,0,23,0,83,0,460,0,1046,0,652,1,598,0,0,0,3,0,0,0,0,0,0,0,0,0,0,0,0,0,0,0,0,0,0,0,0,0,0,0,0,0,0,0,0,0,0,0,0,0,0,0,0,0,9,0,40,0,3,0,0,0,0,0,0,0,0,0,0,0,0,0,0,0,0,0,0,0,0,0,0,0,0,0,0,0,0,0,0,0,0,0,0,0,0,0,0,0,0,0,0,0,0,1,0,0,0,0,0,0,0,0,0,0,0,0,0,0,0,0,0,0,0,0,0,0,0,0,0,2,3,2,16,0,4,0,1,0,0,0,0,0,0,0,0,0,0,0,0
919,0,3,0,53,0,2677,0,255,0,17,0,0,0,1,0,0,0,0,0,0,0,0,0,0,0,0,0,0,0,0,0,305,0,0,0,53,0,47,2,4,0,0,0,0,0,13,0,11,0,42,0,25,0,109,0,10,0,29,0,1551,0,12,0,117,0,59,1,26,0,11,1,24,0,6,0,96,0,36,1,0,0,282,0,505,0,73,0,35,0,0,0,10,0,0,0,0,0,0,0,0,0,0,0,0,0,0,0,0,0,0,0,0,0,0,0,0,0,0,0,1,0,0,0,6,0,13,2,7,1,1,0,0,0,8,0,3,0,0,0,0,0,0,0,0,0,0,0,1,0,0,0,0,0,0,1,0,0,1,0,0,0,6,0,0,0,0,0,1,0
3,1444,0,24,0,58,0,2204,0,155,0,0,0,0,2,37,0,0,1,0,0,0,0,0,0,0,0,0,0,0,0,0,0,849,0,0,7,21,0,1,0,1,0,0,0,0,1,2,0,0,0,0,0,0,0,0,0,0,0,3,0,1866,0,0,0,1,0,781,0,1,0,11,0,17,0,1,0,124,0,13,0,0,0,692,0,565,0,1,0,1,0,0,0,0,0,0,0,0,0,0,0,0,0,0,0,0,0,0,0,0,0,0,0,0,0,0,0,0,0,0,0,0,0,0,1,0,0,0,0,0,0,0,0,0,0,0,0,0,0,0,0,0,0,0,0,0,0,0,0,0,0,0,0,0,4,2,0,0,0,0,0,0,0,1,0,0,0,0,0,0
489,13,1984,17,480,34,30,3,196,11,2,0,1,2,0,103,0,0,767,1,0,1,0,1,0,0,0,0,0,0,0,0,121,3,0,0,2957,54,0,0,1,0,0,0,1,0,0,0,1,0,0,0,2,0,0,0,0,0,0,0,12,0,13,0,6,0,1,0,0,0,25,1,1706,6,28,1,163,16,58,5,0,0,0,0,0,0,1,0,0,0,0,0,0,0,0,0,0,0,0,0,0,0,0,1,0,0,0,0,1,0,0,0,0,0,0,0,0,0,0,0,0,0,0,0,48,1,14,2,5,0,7,0,1,0,13,0,4,0,0,0,0,0,0,0,0,0,0,0,0,0,0,0,1,5,267,82,0,0,3,0,0,0,6,1,0,0,0,0,0,0
18,1113,22,3134,18,825,4,230,10,228,1,2,0,37,103,0,0,0,7,454,0,0,0,0,0,0,1,0,0,0,0,0,8,134,0,0,41,1906,0,0,0,0,0,0,0,0,0,0,0,0,0,0,0,1,0,0,0,0,0,0,8,130,0,1,0,0,0,5,0,0,1,164,13,1501,2,15,15,276,8,68,0,0,0,0,0,0,0,1,0,0,0,0,0,0,0,0,0,0,0,0,0,0,0,0,0,0,0,0,0,0,0,0,0,0,0,0,0,0,0,0,0,0,0,0,0,9,2,13,0,0,1,5,1,0,0,0,0,0,0,0,0,0,0,1,1,1,0,0,0,0,0,0,0,1,86,77,0,0,0,0,0,1,0,15,0,0,0,0,0,0
0,0,23,4,8,6,0,0,1,0,4,1,0,0,0,0,0,194,50,4,123,4,419,8,24,0,0,0,26,0,0,0,60,0,0,0,0,0,0,0,14,0,2,0,11,0,0,0,0,0,0,0,0,0,0,0,0,0,0,0,0,0,0,0,0,0,0,0,0,0,0,0,0,0,185,0,316,0,0,0,0,0,0,0,0,0,0,0,0,0,0,0,0,0,0,0,0,0,0,0,0,0,0,0,0,0,0,0,0,0,0,0,0,0,0,0,0,0,0,0,0,0,0,0,0,0,0,0,0,0,0,0,0,0,0,0,0,0,0,0,0,0,0,0,0,0,0,0,0,0,288,123,60,11,7,0,697,5,0,0,0,0,0,0,0,0,0,0,0,0
0,0,4,47,0,17,0,0,0,7,0,4,0,0,0,0,194,0,4,8,9,160,10,424,0,46,0,4,0,178,0,0,1,200,0,0,0,2,0,0,0,2,0,0,0,47,0,0,0,0,0,0,0,0,0,0,0,0,0,1,0,0,0,0,0,0,0,0,0,0,0,0,0,0,9,94,0,660,0,1,0,0,0,0,0,0,0,23,0,0,0,0,0,1,0,0,0,0,0,0,0,0,0,0,0,0,0,0,0,0,0,0,0,0,0,0,0,0,0,0,0,0,0,0,0,0,0,0,0,0,0,0,0,0,0,0,0,0,0,0,0,0,0,0,0,0,0,0,0,0,36,348,3,21,1,3,6,685,0,0,0,0,0,0,0,0,0,0,0,0
1,0,2953,33,208,42,3,1,45,12,89,0,0,1,767,7,50,4,0,21,452,30,74,9,127,2,71,0,105,1,0,0,85,10,0,0,959,8,0,0,0,0,0,0,0,0,0,0,0,0,0,0,0,0,0,0,0,0,0,0,0,0,0,0,0,0,0,0,0,0,0,0,0,0,18,1,56,7,5,1,0,0,0,0,0,0,0,0,0,0,0,0,0,0,0,0,0,0,0,0,0,0,0,0,0,0,0,0,0,0,0,0,0,0,0,0,0,0,0,0,0,0,0,0,2,0,0,0,0,0,0,0,0,0,0,0,0,0,0,0,0,0,0,0,0,0,0,0,0,0,81,38,666,74,624,63,17,0,1,0,0,0,0,0,0,0,0,0,0,0
0,1,19,3709,11,428,0,1,1,66,0,31,0,0,1,454,4,8,21,0,3,165,2,77,1,84,0,72,0,26,0,1,9,47,0,0,2,961,0,0,0,0,0,0,0,2,0,0,0,0,0,0,0,0,0,0,0,0,0,0,0,0,0,0,0,0,0,0,0,0,0,0,0,0,0,5,1,50,0,3,0,0,0,0,0,0,0,0,0,0,0,0,0,0,0,0,0,0,0,0,0,0,0,0,0,0,0,0,0,0,0,0,0,0,0,0,0,0,0,0,0,0,0,0,0,0,0,0,0,0,0,0,0,0,0,0,0,0,0,0,0,0,0,0,0,0,0,0,0,0,24,23,37,1189,27,146,1,5,0,0,0,0,0,0,0,0,0,0,0,0
0,0,495,9,44,2,0,0,1,0,35,1,0,0,0,0,123,9,452,3,0,6,1691,2,585,0,283,0,102,0,0,0,15,0,0,0,0,0,0,0,0,0,0,0,0,0,0,0,0,0,0,0,0,0,0,0,0,0,0,0,0,0,0,0,0,0,0,0,0,0,0,0,0,0,16,0,4,0,0,0,0,0,0,0,0,0,0,0,0,0,0,0,0,0,0,0,0,0,0,0,0,0,0,0,0,0,0,0,0,0,0,0,0,0,0,0,0,0,0,0,0,0,0,0,0,0,0,0,0,0,0,0,0,0,0,0,0,0,0,0,0,0,0,0,0,0,0,0,0,0,350,17,822,7,14,1,94,0,0,0,0,0,0,0,0,0,0,0,0,0
0,0,17,344,8,37,0,0,0,1,1,21,0,0,1,0,4,160,30,165,6,0,4,1781,0,585,0,178,3,43,0,0,5,10,0,0,0,0,0,0,0,0,0,0,0,0,0,0,0,0,0,0,0,0,0,0,0,0,0,0,0,0,0,0,0,0,0,0,0,0,0,0,0,0,1,2,0,2,0,0,0,0,0,0,0,0,0,0,0,0,0,0,0,0,0,0,0,0,0,0,0,0,0,0,0,0,0,0,0,0,0,0,0,0,0,0,0,0,0,0,0,0,0,0,0,0,0,0,0,0,0,0,0,0,0,0,0,0,0,0,0,0,0,0,0,0,0,0,0,0,32,516,50,445,15,25,0,97,0,0,0,0,0,0,0,0,0,0,0,0
0,0,143,2,29,0,0,0,0,0,61,0,0,0,0,0,419,10,74,2,1691,4,0,89,864,0,233,0,148,0,0,0,16,0,0,0,1,0,0,0,0,0,0,0,1,0,0,0,0,0,0,0,0,0,0,0,0,0,0,0,0,0,0,0,0,0,0,0,0,0,0,0,0,0,107,0,61,0,0,0,0,0,0,0,0,0,0,0,0,0,0,0,0,0,0,0,0,0,0,0,0,0,0,0,0,0,0,0,0,0,0,0,0,0,0,0,0,0,0,0,0,0,0,0,0,0,0,0,0,0,0,0,0,0,0,0,0,0,0,0,0,0,0,0,0,0,0,0,0,0,220,12,178,7,7,1,286,1,0,0,0,0,0,0,0,0,0,0,0,0
0,0,5,118,0,45,0,0,0,1,0,23,0,0,1,0,8,424,9,77,2,1781,89,0,0,606,0,48,1,91,0,0,0,15,0,0,0,1,0,0,0,0,0,0,0,0,0,0,0,0,0,0,0,0,0,0,0,0,0,0,0,0,0,0,0,0,0,0,0,0,0,0,0,0,0,83,0,70,0,0,0,0,0,0,0,0,0,1,0,0,0,0,0,0,0,0,0,0,0,0,0,0,0,0,0,0,0,0,0,0,0,0,0,0,0,0,0,0,0,0,0,0,0,0,0,0,0,0,0,0,0,0,0,0,0,0,0,0,0,0,0,0,0,0,0,0,0,0,0,0,3,200,8,100,5,9,0,387,0,0,0,0,0,0,0,0,0,0,0,0
0,0,296,1,46,1,0,0,1,0,60,0,0,0,0,0,24,0,127,1,585,0,864,0,0,0,403,0,501,0,0,0,80,0,0,0,0,0,0,0,0,0,0,0,0,0,0,0,0,0,0,0,0,0,0,0,0,0,0,0,0,0,0,0,0,0,0,0,0,0,0,0,0,0,71,0,28,0,0,0,0,0,0,0,0,0,0,0,0,0,0,0,0,0,0,0,0,0,0,0,0,0,0,0,0,0,0,0,0,0,0,0,0,0,0,0,0,0,0,0,0,0,0,0,0,0,0,0,0,0,0,0,0,0,0,0,0,0,0,0,0,0,0,0,0,0,0,0,0,0,31,0,58,1,5,0,45,0,0,0,0,0,0,0,0,0,0,0,0,0
0,0,1,190,0,85,0,0,0,9,0,83,0,0,0,0,0,46,2,84,0,585,0,606,0,0,0,136,1,359,0,2,0,54,0,0,0,0,0,0,0,0,0,0,0,0,0,0,0,0,0,0,0,0,0,0,0,0,0,0,0,0,0,0,0,0,0,0,0,0,0,0,0,0,0,47,0,15,0,0,0,0,0,0,0,0,0,0,0,0,0,0,0,0,0,0,0,0,0,0,0,0,0,0,0,0,0,0,0,0,0,0,0,0,0,0,0,0,0,0,0,0,0,0,0,0,0,0,0,0,0,0,0,0,0,0,0,0,0,0,0,0,0,0,0,0,0,0,0,0,1,36,1,25,0,1,0,29,0,0,0,0,0,0,0,0,0,0,0,0
0,0,267,0,33,0,0,0,0,0,63,0,0,0,0,1,0,0,71,0,283,0,233,0,403,0,0,0,57,0,1,0,6,0,0,0,0,0,0,0,0,0,0,0,0,0,0,0,0,0,0,0,0,0,0,0,0,0,0,0,0,0,0,0,0,0,0,0,0,0,0,0,0,0,2,1,0,0,1,0,0,0,0,0,0,0,0,0,0,0,0,0,0,0,0,0,0,0,0,0,0,0,0,0,0,0,0,0,0,0,0,0,0,0,0,0,0,0,0,0,0,0,0,0,0,0,0,0,0,0,0,0,0,0,0,0,0,0,0,0,0,0,0,0,0,0,0,0,0,0,1,1,28,0,1,0,0,0,0,0,0,0,0,0,0,0,0,0,0,0
0,0,0,547,0,381,0,0,0,4,0,460,0,0,0,0,0,4,0,72,0,178,0,48,0,136,0,0,0,238,0,117,0,5,0,0,0,0,0,0,0,0,0,0,0,0,0,0,0,0,0,0,0,0,0,0,0,0,0,0,0,0,0,0,0,0,0,0,0,0,0,0,0,0,0,0,0,2,0,0,0,0,0,0,0,0,0,0,0,0,0,0,0,0,0,0,0,0,0,0,0,0,0,0,0,0,0,0,0,0,0,0,0,0,0,0,0,0,0,0,0,0,0,0,0,0,0,0,0,0,0,0,0,0,0,0,0,0,0,0,0,0,0,0,0,0,0,0,0,0,0,2,2,13,0,0,0,1,0,0,0,0,0,0,0,0,0,0,0,0
0,0,188,1,152,2,0,0,16,0,944,0,0,0,0,0,26,0,105,0,102,3,148,1,501,1,57,0,0,1,26,0,660,0,0,0,1,0,0,0,0,0,0,0,0,0,0,0,0,0,0,0,0,0,0,0,0,0,0,0,0,0,0,0,0,0,0,0,0,0,0,0,0,0,59,0,190,0,0,0,0,0,0,0,0,0,0,0,0,0,0,0,0,0,0,0,0,0,0,0,0,0,0,0,0,0,0,0,0,0,0,0,0,0,0,0,0,0,0,0,0,0,0,0,0,0,0,0,0,0,0,0,0,0,0,0,0,0,0,0,0,0,0,0,0,0,0,0,0,0,10,2,20,6,3,2,23,0,0,0,0,0,0,0,0,0,0,0,0,0
0,0,1,137,0,83,0,0,0,22,0,1046,0,0,0,0,0,178,1,26,0,43,0,91,0,359,0,238,1,0,0,37,0,359,0,0,0,2,0,0,0,1,0,0,0,4,0,0,0,0,0,0,0,0,0,0,0,0,0,0,0,0,0,0,0,0,0,0,0,0,0,0,0,0,0,129,0,127,0,0,0,0,0,0,0,0,0,17,0,4,0,2,0,1,0,0,0,0,0,0,0,0,0,0,0,0,0,0,0,0,0,0,0,0,0,0,0,0,0,0,0,0,0,0,0,0,0,0,0,0,0,0,0,0,0,0,0,0,0,0,0,0,0,0,0,0,0,0,0,0,2,10,0,16,0,4,0,58,0,0,0,0,0,0,0,0,0,0,0,0
0,0,5,1,225,1,0,0,72,0,1141,0,0,0,0,0,0,0,0,0,0,0,0,0,0,0,1,0,26,0,0,0,2,0,0,0,0,0,0,0,0,0,0,0,0,0,0,0,0,0,0,0,0,0,0,0,0,0,0,0,0,0,0,0,0,0,0,0,0,0,0,0,0,0,0,0,0,0,0,0,0,0,0,0,0,0,0,0,0,0,0,0,0,0,0,0,0,0,0,0,0,0,0,0,0,0,0,0,0,0,0,0,0,0,0,0,0,0,0,0,0,0,0,0,0,0,0,0,0,0,0,0,0,0,0,0,0,0,0,0,0,0,0,0,0,0,0,0,0,0,0,0,0,0,0,1,0,0,0,0,0,0,0,0,0,0,0,0,0,0
0,0,0,5,0,69,0,0,0,44,0,652,0,0,0,0,0,0,0,1,0,0,0,0,0,2,0,117,0,37,0,0,0,15,0,0,0,0,0,0,0,0,0,0,0,0,0,0,0,0,0,0,0,0,0,0,0,0,0,0,0,0,0,0,0,0,0,0,0,0,0,0,0,0,0,0,0,0,0,0,0,0,0,0,0,0,0,0,0,0,0,0,0,0,0,0,0,0,0,0,0,0,0,0,0,0,0,0,0,0,0,0,0,0,0,0,0,0,0,0,0,0,0,0,0,0,0,0,0,0,0,0,0,0,0,0,0,0,0,0,0,0,0,0,0,0,0,0,0,0,0,0,0,0,0,0,0,0,0,0,0,0,0,0,0,0,0,0,0,0
942,0,435,8,1066,15,850,1,2060,6,435,1,305,0,121,8,60,1,85,9,15,5,16,0,80,0,6,0,660,0,2,0,0,3,0,0,77,2,10,1,351,0,8,0,35,0,3,0,8,0,8,0,9,0,17,0,15,0,87,0,659,0,13,0,39,0,34,0,6,0,15,0,82,0,78,1,3231,2,405,0,0,0,13,0,183,0,280,0,39,0,0,0,101,0,0,0,0,0,0,0,0,0,0,0,0,0,0,2,1,3,0,5,0,0,0,0,0,0,0,0,0,0,0,0,12,0,59,2,38,0,10,0,3,0,11,0,2,0,1,0,0,0,1,0,11,0,3,0,5,0,2,2,3,28,29,22,7,0,3,1,0,0,42,0,2,1,0,0,0,0
0,677,6,190,4,804,0,2070,1,1623,0,598,0,849,3,134,0,200,10,47,0,10,0,15,0,54,0,5,0,359,0,15,3,0,0,0,20,158,4,8,0,247,0,27,0,86,4,54,1,1,0,22,0,5,0,2,0,15,0,272,1,319,0,0,0,1,0,157,0,0,0,91,1,34,0,150,2,1993,1,94,0,0,0,255,0,1103,0,206,0,133,0,8,0,107,0,0,0,0,0,0,0,0,0,0,0,0,0,0,0,0,0,2,0,0,0,0,0,0,0,0,0,0,0,0,0,2,1,4,0,7,0,1,0,0,1,1,0,0,0,7,0,3,0,10,0,11,0,0,0,2,0,0,4,9,9,62,0,26,0,0,0,0,0,13,0,0,0,0,0,0
0,0,0,0,0,0,0,0,0,0,0,0,0,0,0,0,0,0,0,0,0,0,0,0,0,0,0,0,0,0,0,0,0,0,0,0,0,0,0,0,0,0,0,0,0,0,0,0,0,0,0,0,0,0,0,0,0,0,0,0,0,0,0,0,0,0,0,0,0,0,0,0,0,0,0,0,0,0,0,0,0,0,0,0,0,0,0,0,0,0,0,0,0,0,0,0,0,0,0,0,0,0,0,0,0,0,0,0,0,0,0,0,0,0,0,0,0,0,0,0,0,0,0,0,0,0,0,0,0,0,0,0,0,0,0,0,0,0,0,0,0,0,0,0,0,0,0,0,0,0,0,0,0,0,0,0,0,0,0,0,0,0,0,0,0,0,0,0,0,0
0,0,0,0,0,0,0,0,0,0,0,0,0,0,0,0,0,0,0,0,0,0,0,0,0,0,0,0,0,0,0,0,0,0,0,0,0,0,0,0,0,0,0,0,0,0,0,0,0,0,0,0,0,0,0,0,0,0,0,0,0,0,0,0,0,0,0,0,0,0,0,0,0,0,0,0,0,0,0,0,0,0,0,0,0,0,0,0,0,0,0,0,0,0,0,0,0,0,0,0,0,0,0,0,0,0,0,0,0,0,0,0,0,0,0,0,0,0,0,0,0,0,0,0,0,0,0,0,0,0,0,0,0,0,0,0,0,0,0,0,0,0,0,0,0,0,0,0,0,0,0,0,0,0,0,0,0,0,0,0,0,0,0,0,0,0,0,0,0,0
382,73,473,16,163,20,37,12,123,6,0,0,53,7,2957,41,0,0,959,2,0,0,1,0,0,0,0,0,1,0,0,0,77,20,0,0,0,696,575,7,28,3,0,0,0,0,51,3,183,1,2,0,46,1,34,0,1,0,0,0,186,46,187,1,79,0,17,25,6,0,2129,24,549,23,76,21,214,52,150,23,0,0,112,7,38,2,0,0,4,0,0,0,0,0,0,0,0,0,0,2,0,0,0,0,0,0,0,0,0,0,2,6,0,1,0,0,0,0,0,0,2,0,0,0,67,3,124,4,59,6,34,2,2,0,53,1,6,0,0,1,1,0,1,0,3,0,3,0,3,0,0,0,4,5,384,29,0,0,9,0,2,1,35,2,1,0,0,1,1,0
48,358,15,799,15,534,2,86,11,183,0,3,0,21,54,1906,0,2,8,961,0,0,0,1,0,0,0,0,0,2,0,0,2,158,0,0,696,0,28,908,2,4,0,0,0,3,44,45,3,32,1,3,0,8,1,3,0,0,0,1,26,203,0,10,1,11,0,104,0,10,20,1474,42,300,3,45,9,308,6,104,0,0,0,4,1,9,1,0,0,1,0,0,0,0,0,0,0,0,0,0,0,0,0,0,0,0,0,0,0,0,0,0,0,0,0,0,0,0,0,0,0,0,0,0,6,1,4,13,4,7,0,5,0,0,1,1,0,0,0,0,0,0,0,0,0,0,0,0,0,0,2,1,5,86,186,526,0,0,0,0,0,1,3,15,0,1,0,0,0,0
4,0,0,0,0,0,0,0,0,0,0,0,47,0,0,0,0,0,0,0,0,0,0,0,0,0,0,0,0,0,0,0,10,4,0,0,575,28,0,77,76,10,1,0,0,0,398,201,210,4,15,5,14,3,20,0,1,0,5,0,3,1,23,0,3,0,1,2,5,0,949,178,0,0,13,0,42,4,52,0,0,0,97,6,53,7,0,0,6,0,0,0,0,0,0,0,0,0,0,0,0,0,0,0,0,0,0,2,1,2,2,5,0,0,0,0,0,0,0,1,0,0,0,0,8,0,47,0,59,1,12,0,2,1,20,0,1,0,0,0,0,0,0,0,1,0,0,0,3,0,0,0,0,0,0,0,0,0,1,1,0,0,16,0,0,0,0,1,1,0
0,8,0,0,0,0,0,1,0,0,0,0,2,1,0,0,0,0,0,0,0,0,0,0,0,0,0,0,0,0,0,0,1,8,0,0,7,908,77,0,34,33,0,1,0,1,93,377,37,46,16,25,1,21,0,3,0,0,0,1,0,10,1,1,0,3,0,19,0,9,71,1255,0,2,1,6,0,30,1,19,0,0,2,16,3,16,0,0,1,4,0,0,0,0,0,0,0,0,0,0,0,0,0,0,0,0,0,0,0,0,0,0,0,0,0,0,0,0,0,0,0,0,0,0,0,0,0,4,2,3,0,1,0,0,0,0,0,0,0,0,0,0,0,0,0,0,0,0,0,0,0,0,0,0,0,0,0,0,0,0,0,0,1,1,0,0,0,0,0,0
8,0,1,0,1,0,0,0,3,0,0,0,4,0,1,0,14,0,0,0,0,0,0,0,0,0,0,0,0,0,0,0,351,0,0,0,28,2,76,34,0,4,766,0,432,0,105,139,10,1,110,5,0,0,2,0,6,0,490,0,11,0,2,0,2,0,11,0,1,0,242,90,6,0,36,0,1778,0,590,0,0,0,62,0,163,0,706,0,141,0,133,0,542,0,0,1,1,0,8,3,5,0,1,0,0,0,14,4,13,4,15,13,2,1,0,0,0,0,0,1,1,0,3,0,4,0,12,5,94,2,10,0,0,0,7,1,0,0,98,0,37,0,72,0,438,1,4,0,13,3,0,0,0,0,1,0,49,0,3,1,2,0,96,1,7,1,6,5,4,0
0,0,0,0,0,0,0,4,0,2,0,0,0,1,0,0,0,2,0,0,0,0,0,0,0,0,0,0,0,1,0,0,0,247,0,0,3,4,10,33,4,0,0,755,0,703,0,6,0,0,0,111,0,1,0,0,0,1,0,1255,0,1,0,0,1,0,1,2,0,1,0,32,0,0,0,49,0,2552,0,943,0,0,0,42,0,283,0,630,0,256,0,63,0,552,0,1,0,1,0,4,0,0,0,1,0,0,0,16,0,11,2,21,0,0,0,0,0,0,0,0,0,2,0,2,0,96,0,25,0,112,0,4,0,4,0,2,1,1,0,159,0,26,0,83,1,220,0,4,0,26,0,0,0,1,0,0,0,23,0,1,0,7,0,257,1,12,0,1,1,0
0,0,0,0,0,0,0,0,0,0,0,0,0,0,0,0,2,0,0,0,0,0,0,0,0,0,0,0,0,0,0,0,8,0,0,0,0,0,1,0,766,0,0,0,449,0,6,6,2,0,730,1,0,0,0,0,7,0,1195,0,1,0,0,0,0,0,0,0,0,0,103,5,0,0,0,1,16,1,5,1,0,0,13,0,23,1,51,0,10,0,95,0,31,0,0,1,3,1,6,1,39,2,2,1,1,0,73,14,30,9,124,14,1,4,0,0,0,0,0,3,0,0,0,0,1,2,4,5,2,5,0,1,0,0,6,5,0,1,0,0,0,0,2,1,2,0,0,0,0,0,0,0,0,0,0,0,0,0,7,3,0,0,1,0,3,2,2,2,2,0
0,0,0,0,0,0,0,0,0,0,0,0,0,0,0,0,0,0,0,0,0,0,0,0,0,0,0,0,0,0,0,0,0,27,0,0,0,0,0,1,0,755,0,0,0,609,0,1,0,0,0,950,0,0,0,0,0,1,0,2241,0,0,0,0,0,0,0,0,0,0,0,47,0,0,0,0,0,32,0,6,0,0,0,5,0,28,0,209,0,27,0,308,0,78,0,1,0,1,0,154,0,73,0,1,0,1,0,24,0,1,0,50,0,0,0,0,0,0,0,0,0,0,0,0,0,0,0,0,0,0,0,0,0,0,0,0,0,0,0,7,0,6,0,3,0,3,0,1,0,0,0,0,0,0,0,0,0,2,0,0,0,0,0,4,0,0,0,0,0,0
3,0,0,0,0,0,0,0,2,0,0,0,0,0,1,0,11,0,0,0,0,0,1,0,0,0,0,0,0,0,0,0,35,0,0,0,0,0,0,0,432,0,449,0,0,0,0,0,0,0,0,0,0,0,0,0,0,0,1,0,1,0,0,0,1,0,0,0,0,0,1,0,2,0,87,0,664,0,290,0,0,0,0,0,0,0,259,0,0,0,11,0,2,0,0,0,0,0,0,0,0,0,0,0,0,0,1,0,0,0,1,1,0,0,0,0,0,0,0,0,1,0,0,0,13,0,3,0,1,0,0,0,0,0,1,0,0,0,0,0,0,0,0,0,1,1,0,0,0,0,0,0,0,0,2,0,51,0,5,0,0,0,27,0,5,0,1,0,0,0
0,0,0,3,0,6,0,0,0,1,0,0,0,0,0,0,0,47,0,2,0,0,0,0,0,0,0,0,0,4,0,0,0,86,0,0,0,3,0,1,0,703,0,609,0,0,0,0,0,0,0,0,0,0,0,0,0,0,0,96,0,0,0,0,0,0,0,0,0,0,0,0,0,0,7,44,0,1150,0,295,0,0,0,0,0,11,0,606,0,17,0,47,0,62,0,0,0,0,0,1,0,0,0,0,0,0,0,0,0,0,0,0,0,0,0,0,0,0,0,0,1,1,0,0,0,52,0,7,0,8,0,5,0,4,0,8,0,1,0,3,0,0,0,1,0,0,0,0,0,0,0,0,0,0,1,3,3,199,0,0,0,1,0,8,0,3,0,1,1,0
2,1,0,0,0,0,0,0,0,0,0,0,13,1,0,0,0,0,0,0,0,0,0,0,0,0,0,0,0,0,0,0,3,4,0,0,51,44,398,93,105,0,6,0,0,0,0,1092,2824,197,2826,885,2062,84,1497,24,372,2,112,13,1,3,10,1,16,2,0,4,30,5,625,397,0,0,2,0,4,1,4,3,0,0,11,24,27,39,0,0,44,8,0,0,5,3,35,0,0,0,0,0,0,0,11,14,0,0,0,0,0,0,0,0,0,0,0,0,0,0,0,0,0,0,0,0,1,0,2,0,3,0,1,0,0,0,3,0,0,0,0,0,0,0,0,0,0,0,0,0,0,0,0,0,0,0,0,0,0,0,0,0,0,0,4,0,0,0,0,0,0,0
0,10,0,0,0,0,0,1,0,0,0,0,0,2,0,0,0,0,0,0,0,0,0,0,0,0,0,0,0,0,0,0,0,54,0,0,3,45,201,377,139,6,6,1,0,0,1092,0,523,1621,71,2547,0,981,0,754,0,586,0,133,0,24,0,15,0,7,0,42,0,42,214,1477,0,3,0,2,1,37,0,11,0,0,0,172,0,367,0,0,0,360,0,0,0,16,0,0,0,0,1,0,0,0,0,4,0,0,0,0,0,0,0,0,0,0,0,0,0,0,0,0,0,0,0,0,0,0,0,4,0,1,0,0,0,0,0,0,0,0,0,0,0,0,0,0,0,2,0,0,0,0,0,0,0,0,0,0,0,0,0,0,0,0,0,0,0,0,0,0,0,0
20,0,1,0,1,0,1,0,0,0,0,0,11,0,1,0,0,0,0,0,0,0,0,0,0,0,0,0,0,0,0,0,8,1,0,0,183,3,210,37,10,0,2,0,0,0,2824,523,0,2936,15,4,3007,257,501,28,4,0,6,1,12,2,242,4,27,1,1,0,38,5,1254,140,9,0,5,0,3,1,10,0,0,0,20,3,15,4,0,0,6,1,0,0,1,0,0,0,0,0,0,1,0,0,0,0,0,0,0,0,1,0,0,0,0,0,0,0,0,0,0,0,0,0,0,0,2,0,5,0,4,0,1,0,0,0,1,0,0,0,1,0,0,0,1,0,0,0,0,0,0,0,0,0,0,0,1,0,0,0,1,0,0,0,2,0,0,1,0,0,0,0
0,21,0,0,0,0,0,1,0,0,0,0,0,0,0,0,0,0,0,0,0,0,0,0,0,0,0,0,0,0,0,0,0,1,0,0,1,32,4,46,1,0,0,0,0,0,197,1621,2936,0,0,31,0,3036,0,302,0,18,0,15,0,28,0,351,0,16,0,62,0,150,18,888,0,8,1,1,1,12,0,6,0,0,1,17,0,45,0,0,0,64,0,0,0,4,0,0,0,0,0,0,0,0,0,0,0,0,0,0,0,0,0,0,0,0,0,0,0,0,0,0,0,0,0,0,0,0,0,1,0,0,0,0,0,0,0,0,0,0,0,0,0,0,0,0,0,0,0,0,0,0,0,0,0,0,0,0,0,0,0,0,0,0,0,0,0,0,0,0,0,0
0,0,0,0,0,0,0,0,0,0,0,0,42,0,0,0,0,0,0,0,0,0,0,0,0,0,0,0,0,0,0,0,8,0,0,0,2,1,15,16,110,0,730,0,0,0,2826,71,15,0,0,38,224,0,1498,0,1686,0,1925,0,0,0,5,0,14,0,0,0,45,0,800,47,0,0,1,0,8,0,3,0,0,0,51,0,174,0,0,0,142,0,0,0,23,0,330,0,0,0,43,0,7,0,79,0,0,0,2,0,3,1,2,1,0,2,0,0,0,0,0,1,0,0,0,0,0,0,5,0,0,0,0,0,0,0,1,0,0,0,0,0,0,0,0,0,1,0,0,1,0,0,0,0,0,0,0,0,0,0,0,0,0,0,0,0,0,1,22,1,0,0
0,1,0,0,0,0,0,0,0,0,0,0,0,0,0,0,0,0,0,0,0,0,0,0,0,0,0,0,0,0,0,0,0,22,0,0,0,3,5,25,5,111,1,950,0,0,885,2547,4,31,38,0,0,80,0,361,0,424,0,1209,0,12,0,0,0,1,0,9,0,32,3,615,0,0,0,0,0,19,0,6,0,0,0,62,0,401,0,0,0,338,0,0,0,134,1,3,2,2,0,13,2,31,8,123,0,1,0,28,0,6,0,12,4,8,2,53,2,0,1,1,0,0,0,0,0,0,0,1,0,0,0,0,0,0,0,1,0,0,0,9,0,0,0,0,0,0,0,0,0,0,0,0,0,0,0,0,0,0,0,1,0,0,0,8,0,0,1,1,4,0
19,0,1,0,1,0,0,0,0,0,0,0,25,0,2,0,0,0,0,0,0,0,0,0,0,0,0,0,0,0,0,0,9,0,0,0,46,0,14,1,0,0,0,0,0,0,2062,0,3007,0,224,0,0,0,3945,0,80,0,21,0,17,0,572,0,195,0,4,0,145,0,498,6,6,0,12,0,9,0,19,0,0,0,25,0,41,0,0,0,64,0,0,0,2,0,10,0,0,0,0,0,0,0,16,0,0,0,0,1,0,0,0,1,0,0,0,0,0,0,0,0,0,0,0,0,6,0,9,0,8,0,0,0,0,0,4,1,0,0,0,0,0,0,0,0,1,0,0,0,0,0,0,0,0,0,0,0,0,0,0,0,1,0,6,0,0,0,0,0,0,0
0,3,0,1,0,1,0,0,0,0,0,0,0,0,0,1,0,0,0,0,0,0,0,0,0,0,0,0,0,0,0,0,0,5,0,0,1,8,3,21,0,1,0,0,0,0,84,981,257,3036,0,80,0,0,0,3005,0,82,0,33,0,22,0,364,0,17,0,27,0,477,4,716,0,0,0,1,0,6,1,5,0,0,0,12,0,98,0,0,0,342,0,0,0,13,0,0,0,0,0,0,0,0,0,0,0,0,0,0,0,0,0,0,0,0,0,0,0,0,0,0,0,0,0,0,0,0,0,0,0,1,0,0,0,0,0,0,0,0,0,0,0,0,0,0,0,0,0,0,0,0,0,0,0,0,0,0,0,0,0,0,0,0,0,0,0,0,0,0,0,0
15,0,0,0,0,0,1,0,0,0,0,0,109,0,0,0,0,0,0,0,0,0,0,0,0,0,0,0,0,0,0,0,17,0,0,0,34,1,20,0,2,0,0,0,0,0,1497,0,501,0,1498,0,3945,0,0,0,3823,0,486,0,29,0,356,0,908,0,14,1,1921,0,150,2,2,0,6,0,5,0,12,0,0,0,58,0,443,0,0,0,2103,0,0,0,165,0,32,0,0,0,1,0,0,0,29,0,0,0,0,0,0,0,0,0,0,0,0,0,0,0,0,0,0,0,0,0,1,0,18,0,3,1,1,0,0,0,6,1,0,0,0,0,0,0,0,0,0,0,0,0,0,0,0,0,0,0,0,0,0,0,0,0,0,0,6,0,0,0,0,0,0,0
0,2,0,0,0,0,0,0,0,0,0,0,0,0,0,0,0,0,0,0,0,0,0,0,0,0,0,0,0,0,0,0,0,2,0,0,0,3,0,3,0,0,0,0,0,0,24,754,28,302,0,361,0,3005,0,0,0,1517,0,233,0,7,0,13,0,23,0,23,0,767,0,69,0,0,0,0,0,0,0,2,0,0,0,6,0,148,0,0,0,2691,0,0,0,102,0,0,0,0,0,0,0,0,0,1,0,0,0,0,0,0,0,0,0,0,0,0,0,0,0,0,0,0,0,0,0,0,0,0,0,0,0,0,0,0,0,0,0,0,0,0,0,0,0,0,0,0,0,0,0,0,0,0,0,0,0,0,0,0,0,0,0,0,0,1,0,0,0,0,0,0
0,0,0,0,0,0,0,0,0,0,0,0,10,0,0,0,0,0,0,0,0,0,0,0,0,0,0,0,0,0,0,0,15,0,0,0,1,0,1,0,6,0,7,0,0,0,372,0,4,0,1686,0,80,0,3823,0,0,0,1746,0,0,0,0,0,0,0,2,0,3,0,2,0,0,0,0,0,9,0,1,0,0,0,22,0,148,0,0,0,411,0,0,0,723,0,87,0,0,0,0,0,0,0,2,0,0,0,0,0,0,0,0,0,0,0,0,0,0,0,0,0,0,0,0,0,0,0,0,0,0,0,0,0,0,0,0,0,0,0,0,0,0,0,1,0,0,0,0,0,0,0,0,0,0,0,0,0,0,0,0,0,0,0,0,0,0,0,0,0,0,0
0,0,0,0,0,0,0,0,0,0,0,0,0,0,0,0,0,0,0,0,0,0,0,0,0,0,0,0,0,0,0,0,0,15,0,0,0,0,0,0,0,1,0,1,0,0,2,586,0,18,0,424,0,82,0,1517,0,0,0,693,0,0,0,0,0,0,0,2,0,2,0,3,0,0,0,0,0,1,0,0,0,0,0,7,0,87,0,0,0,680,0,0,0,1567,0,0,0,0,0,0,0,0,0,0,0,0,0,0,0,0,0,0,0,0,0,0,0,0,0,0,0,0,0,0,0,0,0,0,0,0,0,0,0,0,0,0,0,0,0,0,0,0,0,0,0,0,0,0,0,0,0,0,0,0,0,0,0,0,0,0,0,0,0,0,0,0,0,0,0,0
0,0,0,0,0,0,0,0,0,0,0,0,29,0,0,0,0,0,0,0,0,0,0,0,0,0,0,0,0,0,0,0,87,0,0,0,0,0,5,0,490,0,1195,0,1,0,112,0,6,0,1925,0,21,0,486,0,1746,0,0,0,0,0,0,0,1,0,0,0,6,0,93,0,0,0,1,0,126,0,3,0,0,0,142,0,560,0,476,0,597,0,1058,0,3095,0,79,0,0,0,0,0,1,0,9,0,0,0,1,0,0,0,0,0,0,0,0,0,0,0,0,0,0,0,0,0,0,0,1,0,0,0,0,0,0,0,0,0,0,0,0,0,0,0,0,0,7,0,0,0,0,0,0,0,0,0,0,0,0,0,0,0,0,0,0,0,0,0,0,0,0,0
0,0,0,0,0,0,0,0,0,0,0,0,0,3,0,0,0,1,0,0,0,0,0,0,0,0,0,0,0,0,0,0,0,272,0,0,0,1,0,1,0,1255,0,2241,0,96,13,133,1,15,0,1209,0,33,0,233,0,693,0,0,0,4,0,0,0,0,0,4,0,11,0,36,0,0,0,0,0,249,0,9,0,0,0,87,0,924,0,667,0,1304,0,1459,0,4298,0,98,0,1,0,1,0,3,0,403,0,0,0,0,0,0,0,0,0,0,0,0,1,0,0,0,0,0,0,0,0,0,0,0,0,1,0,0,0,0,0,1,0,0,0,0,0,0,0,1,0,5,0,0,0,0,0,0,0,0,0,0,0,0,0,0,0,0,0,2,0,0,0,0,0,0
6214,6,13,3,71,1,270,0,18,0,1,0,1551,0,12,8,0,0,0,0,0,0,0,0,0,0,0,0,0,0,0,0,659,1,0,0,186,26,3,0,11,0,1,0,1,0,1,0,12,0,0,0,17,0,29,0,0,0,0,0,0,0,1200,0,1621,0,1527,0,29,0,710,0,929,4,76,1,379,1,224,1,0,0,63,0,220,0,1,0,3,0,0,0,0,0,0,2,0,0,0,1,0,0,0,0,0,0,0,1,0,1,1,0,0,0,0,0,0,0,0,0,5,0,0,0,54,0,155,1,78,0,28,0,1,0,39,6,5,0,2,0,0,0,0,0,2,0,1,0,1,0,0,0,0,0,18,0,0,0,4,1,0,0,55,0,2,0,0,0,1,0
0,4901,0,96,0,28,0,94,0,13,0,0,0,1866,0,130,0,0,0,0,0,0,0,0,0,0,0,0,0,0,0,0,0,319,0,0,46,203,1,10,0,1,0,0,0,0,3,24,2,28,0,12,0,22,0,7,0,0,0,4,0,0,0,2174,0,2205,0,3044,0,53,5,1154,0,689,1,1,0,240,0,43,0,0,0,6,0,332,0,0,0,7,0,0,0,0,0,0,0,0,0,0,0,0,0,0,0,0,0,0,0,0,0,0,0,0,0,0,0,0,0,0,0,0,0,0,0,0,0,2,0,0,0,0,0,0,1,0,0,0,0,0,0,0,0,0,0,0,0,0,0,0,0,0,0,0,2,1,0,0,0,0,0,0,0,1,0,0,0,0,0,0
296,0,13,0,3,0,13,0,0,0,0,0,12,0,13,0,0,0,0,0,0,0,0,0,0,0,0,0,0,0,0,0,13,0,0,0,187,0,23,1,2,0,0,0,0,0,10,0,242,0,5,0,572,0,356,0,0,0,0,0,1200,0,0,0,1426,0,40,0,60,1,2189,1,168,0,24,0,56,0,41,0,0,0,4,0,27,0,0,0,9,0,0,0,0,0,0,1,0,0,0,0,0,0,0,0,0,0,0,0,0,0,0,2,0,0,0,0,0,0,0,0,0,0,0,0,10,0,34,0,16,0,6,0,1,0,9,1,1,0,1,0,0,0,0,0,1,0,1,0,0,0,0,0,0,0,0,0,0,0,1,1,0,0,13,0,0,0,0,0,0,0
0,15,0,1,0,0,0,0,0,0,0,0,0,0,0,1,0,0,0,0,0,0,0,0,0,0,0,0,0,0,0,0,0,0,0,0,1,10,0,1,0,0,0,0,0,0,1,15,4,351,0,0,0,364,0,13,0,0,0,0,0,2174,0,0,0,368,0,14,0,592,7,1520,0,129,0,0,0,3,0,0,0,0,0,0,0,5,0,0,0,6,0,0,0,0,0,0,0,0,0,0,0,0,0,0,0,0,0,0,0,0,0,0,0,0,0,0,0,0,0,0,0,0,0,0,0,0,0,0,0,0,0,0,0,0,0,0,0,0,0,0,0,0,0,0,0,0,0,0,0,0,0,0,0,0,0,0,0,0,0,0,0,0,0,0,0,0,0,0,0,0
401,0,9,0,7,0,12,0,6,0,0,0,117,0,6,0,0,0,0,0,0,0,0,0,0,0,0,0,0,0,0,0,39,0,0,0,79,1,3,0,2,1,0,0,1,0,16,0,27,0,14,0,195,0,908,0,0,0,1,0,1621,0,1426,0,0,0,1494,0,2236,0,28,0,21,0,24,0,66,0,45,0,0,0,16,0,311,0,0,0,103,0,0,0,0,0,0,0,0,0,0,0,0,0,0,0,0,0,0,0,0,1,0,0,0,0,0,0,0,0,0,0,0,0,0,0,6,1,50,1,18,0,2,0,0,0,11,2,3,0,0,0,0,0,0,0,1,0,0,0,0,0,0,0,0,0,0,0,0,0,1,0,0,0,22,0,1,0,0,0,0,0
0,13,0,0,0,0,0,0,0,0,0,0,0,1,0,0,0,0,0,0,0,0,0,0,0,0,0,0,0,0,0,0,0,1,0,0,0,11,0,3,0,0,0,0,0,0,2,7,1,16,0,1,0,17,0,23,0,0,0,0,0,2205,0,368,0,0,0,724,0,1909,1,26,0,3,1,0,0,2,0,2,0,0,1,1,0,34,0,0,0,13,0,0,0,0,0,0,0,0,0,0,0,0,0,0,0,0,0,0,0,0,0,0,0,0,0,0,0,0,0,0,0,0,0,0,0,0,0,0,0,0,0,0,0,0,0,0,0,0,0,0,0,0,0,0,0,0,0,0,0,0,0,0,0,0,0,0,0,0,0,0,0,0,0,0,0,0,0,0,0,0
99,0,1,0,6,0,5,0,1,0,0,0,59,0,1,0,0,0,0,0,0,0,0,0,0,0,0,0,0,0,0,0,34,0,0,0,17,0,1,0,11,1,0,0,0,0,0,0,1,0,0,0,4,0,14,0,2,0,0,0,1527,0,40,0,1494,0,0,0,538,0,2,0,3,0,5,0,126,1,92,0,0,0,2,0,727,0,0,0,95,0,0,0,0,0,0,0,0,0,0,0,0,0,0,0,0,0,0,0,0,0,0,2,0,0,0,0,0,0,0,0,0,0,0,0,4,0,47,1,23,1,2,0,1,0,17,0,1,0,0,0,0,0,1,0,0,0,1,0,0,0,0,0,0,0,0,0,1,0,1,0,0,0,17,0,1,0,0,0,0,0
0,329,0,6,0,3,0,7,0,0,0,0,1,781,0,5,0,0,0,0,0,0,0,0,0,0,0,0,0,0,0,0,0,157,0,0,25,104,2,19,0,2,0,0,0,0,4,42,0,62,0,9,0,27,1,23,0,2,0,4,0,3044,0,14,0,724,0,0,0,790,2,144,0,11,0,1,0,164,1,32,0,0,0,1,0,1290,0,0,0,61,0,0,0,1,0,0,0,0,0,0,0,0,0,0,0,0,0,0,0,0,0,0,0,0,0,0,0,0,0,0,0,0,0,0,0,1,1,6,1,1,0,0,0,0,0,0,0,0,0,0,0,0,0,0,0,0,0,0,0,0,0,0,0,0,3,0,0,0,0,0,1,0,0,3,0,0,0,0,0,0
10,0,1,0,0,0,2,0,0,0,0,0,26,0,0,0,0,0,0,0,0,0,0,0,0,0,0,0,0,0,0,0,6,0,0,0,6,0,5,0,1,0,0,0,0,0,30,0,38,0,45,0,145,0,1921,0,3,0,6,0,29,0,60,0,2236,0,538,0,0,0,14,0,1,0,2,0,6,0,1,0,0,0,5,0,562,0,0,0,987,0,0,0,1,0,1,0,0,0,0,0,0,1,0,0,0,0,1,0,0,0,0,1,0,0,0,0,0,0,0,0,0,0,0,0,0,0,7,0,3,0,0,0,0,0,1,0,0,0,0,0,0,0,0,0,0,0,0,0,0,0,0,0,0,0,0,0,0,0,1,0,0,0,2,0,0,0,0,0,0,0
0,2,0,0,0,0,0,1,0,0,0,0,0,1,0,0,0,0,0,0,0,0,0,0,0,0,0,0,0,0,0,0,0,0,0,0,0,10,0,9,0,1,0,0,0,0,5,42,5,150,0,32,0,477,0,767,0,2,0,11,0,53,1,592,0,1909,0,790,0,0,2,262,0,2,0,0,0,5,0,3,0,0,0,2,0,470,0,0,0,977,0,0,0,2,0,0,0,0,0,0,0,0,0,0,0,0,0,0,0,0,0,0,0,0,0,0,0,0,0,0,0,0,0,0,0,0,0,0,1,1,0,0,0,0,0,0,0,0,0,0,0,0,0,0,0,0,0,0,0,0,0,0,0,0,0,0,0,0,0,0,0,0,0,0,0,0,0,0,0,0
334,13,7,1,11,0,17,1,16,2,1,0,11,0,25,1,0,0,0,0,0,0,0,0,0,0,0,0,0,0,0,0,15,0,0,0,2129,20,949,71,242,0,103,0,1,0,625,214,1254,18,800,3,498,4,150,0,2,0,93,0,710,5,2189,7,28,1,2,2,14,2,0,871,329,3,13,1,56,2,60,0,0,0,11,3,9,4,0,0,5,0,0,0,1,0,0,0,0,0,0,0,0,0,0,0,0,0,0,0,0,1,2,0,0,0,0,0,0,0,0,0,1,0,0,0,15,0,39,0,17,0,4,0,0,0,10,0,2,0,0,0,0,0,0,0,0,0,1,0,0,0,0,0,0,0,2,0,0,0,1,0,0,0,5,0,0,0,0,0,0,0
1,601,0,44,0,19,1,50,0,12,0,0,1,11,1,164,0,0,0,0,0,0,0,0,0,0,0,0,0,0,0,0,0,91,0,0,24,1474,178,1255,90,32,5,47,0,0,397,1477,140,888,47,615,6,716,2,69,0,3,0,36,0,1154,1,1520,0,26,0,144,0,262,871,0,2,1569,1,5,0,185,1,61,0,0,2,113,0,176,0,0,0,42,0,0,0,3,0,0,0,0,0,0,0,0,0,0,0,0,0,0,0,0,0,0,0,0,0,0,0,0,0,0,0,0,0,0,0,2,1,8,2,3,1,2,0,0,0,0,0,0,0,0,0,0,0,1,0,1,0,0,0,0,0,0,0,0,1,1,0,0,0,0,0,0,0,7,0,0,0,0,0,0
1200,17,326,5,136,1,76,1,130,1,1,0,24,0,1706,13,0,0,0,0,0,0,0,0,0,0,0,0,0,0,0,0,82,1,0,0,549,42,0,0,6,0,0,0,2,0,0,0,9,0,0,0,6,0,2,0,0,0,0,0,929,0,168,0,21,0,3,0,1,0,329,2,0,1,35,1,176,4,100,1,0,0,1,0,0,0,0,0,0,0,0,0,0,0,0,0,0,0,0,0,0,0,0,0,0,0,0,0,0,0,2,3,0,0,0,0,0,0,0,1,0,0,0,0,84,0,32,1,15,0,12,0,3,0,35,5,5,0,0,0,0,0,0,0,1,0,2,0,0,0,0,0,0,0,29,7,0,0,4,0,0,0,16,1,2,0,0,0,0,0
1,751,0,277,0,57,0,75,1,22,0,0,0,17,6,1501,0,0,0,0,0,0,0,0,0,0,0,0,0,0,0,0,0,34,0,0,23,300,0,2,0,0,0,0,0,0,0,3,0,8,0,0,0,0,0,0,0,0,0,0,4,689,0,129,0,3,0,11,0,2,3,1569,1,0,0,1,0,87,0,32,0,0,0,0,0,1,0,0,0,0,0,0,0,0,0,0,0,0,0,0,0,0,0,0,0,0,0,0,0,0,0,0,0,0,0,0,0,0,0,0,0,0,0,0,0,2,0,6,1,2,0,2,0,0,0,0,0,0,0,0,0,0,0,0,0,0,0,0,0,0,0,0,0,0,7,0,0,0,0,0,0,0,0,3,0,0,0,0,0,0
58,1,12,0,9,3,5,0,7,0,5,0,6,0,28,2,185,9,18,0,16,1,107,0,71,0,2,0,59,0,0,0,78,0,0,0,76,3,13,1,36,0,0,0,87,7,2,0,5,1,1,0,12,0,6,0,0,0,1,0,76,1,24,0,24,1,5,0,2,0,13,1,35,0,0,1,1710,1,659,0,0,0,1,0,4,0,0,1,0,0,0,0,0,0,0,0,0,0,3,1,0,0,0,0,0,0,4,3,4,0,1,5,0,0,1,0,0,0,0,1,45,6,6,0,390,0,454,4,504,2,82,0,38,0,537,16,37,0,3,0,3,0,7,1,59,2,25,0,51,0,67,2,12,0,5,0,331,15,7,0,7,0,43,0,20,3,3,0,5,0
1,4,1,10,1,44,0,15,1,117,0,9,0,1,1,15,0,94,1,5,0,2,0,83,0,47,1,0,0,129,0,0,1,150,0,0,21,45,0,6,0,49,1,0,0,44,0,2,0,1,0,0,0,1,0,0,0,0,0,0,1,1,0,0,0,0,0,1,0,0,1,5,1,1,1,0,1,2039,1,1384,0,0,0,0,0,1,0,6,0,0,0,0,0,1,0,0,0,0,1,2,1,0,0,0,0,0,2,2,0,2,4,3,2,0,0,0,0,0,0,0,0,8,0,1,1,569,1,828,1,489,0,206,0,28,1,248,0,100,0,7,0,1,0,38,0,92,0,88,0,37,0,34,0,2,9,10,5,517,1,4,0,25,2,330,1,32,0,1,5,0
411,1,240,10,329,17,57,0,124,6,24,0,96,0,163,15,316,0,56,1,4,0,61,0,28,0,0,0,190,0,0,0,3231,2,0,0,214,9,42,0,1778,0,16,0,664,0,4,1,3,1,8,0,9,0,5,0,9,0,126,0,379,0,56,0,66,0,126,0,6,0,56,0,176,0,1710,1,0,3,1278,1,0,0,6,1,34,0,239,0,32,0,0,0,222,0,0,1,0,0,2,1,0,0,0,0,0,0,1,1,1,1,2,5,0,0,1,0,0,0,0,1,2,0,1,0,93,2,24,1,24,1,6,0,8,0,28,1,8,0,7,0,6,0,20,1,124,0,3,0,4,0,0,0,0,20,42,17,434,0,5,0,0,0,18,1,5,0,1,0,1,0
3,303,20,146,9,386,1,281,4,302,0,40,0,124,16,276,0,660,7,50,0,2,0,70,0,15,0,2,0,127,0,0,2,1993,0,0,52,308,4,30,0,2552,1,32,0,1150,1,37,1,12,0,19,0,6,0,0,0,1,0,249,1,240,0,3,0,2,1,164,0,5,2,185,4,87,1,2039,3,0,2,1516,0,0,3,77,0,88,0,255,0,56,0,3,0,88,0,0,0,0,0,2,0,0,0,0,0,0,0,0,0,1,0,5,0,0,0,0,0,0,0,0,0,1,0,0,0,46,5,41,1,61,0,9,0,0,1,3,0,3,0,39,0,9,0,18,0,41,0,0,0,4,1,0,3,6,46,95,1,770,0,0,0,3,2,200,0,2,0,0,0,0
208,1,27,1,39,2,10,1,7,0,0,0,36,0,58,8,0,0,5,0,0,0,0,0,0,0,1,0,0,0,0,0,405,1,0,0,150,6,52,1,590,0,5,0,290,0,4,0,10,0,3,0,19,1,12,0,1,0,3,0,224,0,41,0,45,0,92,1,1,0,60,1,100,0,659,1,1278,2,0,1,0,0,5,0,5,0,6,0,2,0,0,0,7,0,0,0,0,0,3,1,0,0,0,0,0,0,1,3,1,4,3,9,2,0,0,0,0,0,0,1,6,0,1,0,73,0,34,2,17,1,12,0,9,0,41,2,5,0,25,0,4,0,3,0,51,0,1,0,2,0,0,0,0,1,10,7,158,0,12,1,1,0,79,2,7,2,0,0,0,0
3,107,2,28,2,41,0,40,3,20,0,3,1,13,5,68,0,1,1,3,0,0,0,0,0,0,0,0,0,0,0,0,0,94,0,0,23,104,0,19,0,943,1,6,0,295,3,11,0,6,0,6,0,5,0,2,0,0,0,9,1,43,0,0,0,2,0,32,0,3,0,61,1,32,0,1384,1,1516,1,0,0,0,2,5,0,6,0,21,0,2,0,1,0,3,0,0,0,0,0,2,0,0,0,0,0,0,0,0,0,1,1,2,0,0,0,0,1,0,0,0,0,1,0,0,1,85,0,30,1,33,0,8,1,4,0,8,0,2,0,83,0,4,0,8,0,24,0,0,0,6,0,0,0,0,9,12,0,81,0,1,0,4,0,252,0,3,0,0,0,0
0,0,0,0,0,0,0,0,0,0,0,0,0,0,0,0,0,0,0,0,0,0,0,0,0,0,0,0,0,0,0,0,0,0,0,0,0,0,0,0,0,0,0,0,0,0,0,0,0,0,0,0,0,0,0,0,0,0,0,0,0,0,0,0,0,0,0,0,0,0,0,0,0,0,0,0,0,0,0,0,0,0,0,0,0,0,0,0,0,0,0,0,0,0,0,0,0,0,0,0,0,0,0,0,0,0,0,0,0,0,0,0,0,0,0,0,0,0,0,0,0,0,0,0,0,0,0,0,0,0,0,0,0,0,0,0,0,0,0,0,0,0,0,0,0,0,0,0,0,0,0,0,0,0,0,0,0,0,0,0,0,0,0,0,0,0,0,0,0,0
0,0,0,0,0,0,0,0,0,0,0,0,0,0,0,0,0,0,0,0,0,0,0,0,0,0,0,0,0,0,0,0,0,0,0,0,0,0,0,0,0,0,0,0,0,0,0,0,0,0,0,0,0,0,0,0,0,0,0,0,0,0,0,0,0,0,0,0,0,0,0,0,0,0,0,0,0,0,0,0,0,0,0,0,0,0,0,0,0,0,0,0,0,0,0,0,0,0,0,0,0,0,0,0,0,0,0,0,0,0,0,0,0,0,0,0,0,0,0,0,0,0,0,0,0,0,0,0,0,0,0,0,0,0,0,0,0,0,0,0,0,0,0,0,0,0,0,0,0,0,0,0,0,0,0,0,0,0,0,0,0,0,0,0,0,0,0,0,0,0
7,0,0,0,0,0,6,0,0,0,0,0,282,0,0,0,0,0,0,0,0,0,0,0,0,0,0,0,0,0,0,0,13,0,0,0,112,0,97,2,62,0,13,0,0,0,11,0,20,1,51,0,25,0,58,0,22,0,142,0,63,0,4,0,16,1,2,0,5,0,11,2,1,0,1,0,6,3,5,2,0,0,0,2,217,2,1,0,62,1,0,0,8,0,0,0,0,0,0,0,0,0,1,0,0,0,0,0,0,0,0,1,0,0,0,0,0,0,0,0,0,0,0,0,1,0,2,0,1,0,0,0,0,0,0,0,0,0,0,0,0,0,0,0,1,0,0,0,0,0,0,0,0,0,0,0,0,0,0,0,0,0,1,0,0,0,0,0,0,0
0,51,0,1,0,1,0,66,0,5,0,0,0,692,0,0,0,0,0,0,0,0,0,0,0,0,0,0,0,0,0,0,0,255,0,0,7,4,6,16,0,42,0,5,0,0,24,172,3,17,0,62,0,12,0,6,0,7,0,87,0,6,0,0,0,1,0,1,0,2,3,113,0,0,0,0,1,77,0,5,0,0,2,0,0,501,0,0,1,30,0,0,0,2,0,0,0,0,0,0,0,0,0,0,0,0,0,0,0,0,0,0,0,0,0,0,0,0,0,0,0,0,0,0,0,0,0,1,0,2,0,0,0,0,0,0,0,0,0,1,0,1,0,2,0,3,0,0,0,1,0,0,0,0,0,0,0,0,0,0,0,0,0,0,0,0,0,0,0,0
13,0,0,0,0,0,67,0,0,0,0,0,505,0,0,0,0,0,0,0,0,0,0,0,0,0,0,0,0,0,0,0,183,0,0,0,38,1,53,3,163,0,23,0,0,0,27,0,15,0,174,0,41,0,443,0,148,0,560,0,220,0,27,0,311,0,727,0,562,0,9,0,0,0,4,0,34,0,5,0,0,0,217,0,0,0,959,0,6536,0,0,0,699,0,0,0,0,0,0,0,0,0,0,0,0,0,0,1,0,0,0,1,0,0,0,0,0,0,0,0,0,0,0,0,1,0,4,0,5,1,1,0,0,0,3,0,0,0,0,0,0,0,1,0,12,0,0,0,0,0,0,0,0,0,0,0,0,0,1,0,0,0,1,0,0,0,0,0,0,0
0,53,0,2,0,2,0,24,0,2,0,0,0,565,0,0,0,0,0,0,0,0,0,0,0,0,0,0,0,0,0,0,0,1103,0,0,2,9,7,16,0,283,1,28,0,11,39,367,4,45,0,401,0,98,0,148,0,87,0,924,0,332,0,5,0,34,0,1290,0,470,4,176,0,1,0,1,0,88,0,6,0,0,2,501,0,0,0,1358,0,3820,0,53,0,505,0,0,0,0,0,0,0,0,0,0,0,0,0,0,0,0,0,0,0,0,0,0,0,0,0,0,0,0,0,0,1,0,0,0,0,0,0,1,0,0,0,0,0,0,0,1,0,0,0,2,0,3,0,0,0,1,0,0,0,0,0,0,0,0,0,0,0,0,0,3,0,0,0,0,0,0
4,0,0,0,2,0,85,0,11,0,37,0,73,0,1,0,0,0,0,0,0,0,0,0,0,0,0,0,0,0,0,0,280,0,0,0,0,1,0,0,706,0,51,0,259,0,0,0,0,0,0,0,0,0,0,0,0,0,476,0,1,0,0,0,0,0,0,0,0,0,0,0,0,0,0,0,239,0,6,0,0,0,1,0,959,0,0,0,1062,0,2085,0,721,0,0,0,0,0,0,0,0,0,0,0,0,0,0,0,0,0,0,0,0,0,0,0,0,0,0,0,0,0,0,0,0,0,0,0,0,0,0,0,0,0,1,0,0,0,0,0,0,0,0,0,0,0,0,0,0,0,0,0,0,0,2,0,0,0,0,0,0,0,0,0,0,0,0,0,0,0
0,0,0,1,0,8,0,0,0,0,0,0,0,1,0,1,0,23,0,0,0,0,0,1,0,0,0,0,0,17,0,0,0,206,0,0,0,0,0,0,0,630,0,209,0,606,0,0,0,0,0,0,0,0,0,0,0,0,0,667,0,0,0,0,0,0,0,0,0,0,0,0,0,0,1,6,0,255,0,21,0,0,0,0,0,1358,0,0,0,821,0,1771,0,777,0,0,0,0,0,0,0,0,0,0,0,0,0,0,0,0,0,0,0,0,0,0,0,0,0,0,0,0,0,0,0,0,0,0,0,0,0,0,0,0,0,0,0,0,0,0,0,0,0,0,0,0,0,0,0,0,0,0,0,0,0,0,0,3,0,0,0,0,0,0,0,0,0,0,0,0
2,0,0,0,0,0,0,0,0,0,0,0,35,0,0,0,0,0,0,0,0,0,0,0,0,0,0,0,0,0,0,0,39,0,0,0,4,0,6,1,141,0,10,0,0,0,44,0,6,0,142,0,64,0,2103,0,411,0,597,0,3,0,9,0,103,0,95,0,987,0,5,0,0,0,0,0,32,0,2,0,0,0,62,1,6536,0,1062,0,0,0,283,0,6083,0,0,0,0,0,0,0,0,0,6,0,0,0,0,0,0,0,0,0,0,0,0,0,0,0,0,0,0,0,0,0,0,0,5,0,1,0,0,0,0,0,1,1,0,0,0,0,0,0,0,0,1,0,0,0,0,0,0,0,0,0,0,0,0,0,0,0,0,0,0,0,0,0,0,0,0,0
0,1,0,0,0,0,0,0,0,0,0,0,0,1,0,0,0,0,0,0,0,0,0,0,0,0,0,0,0,4,0,0,0,133,0,0,0,1,0,4,0,256,0,27,0,17,8,360,1,64,0,338,0,342,0,2691,0,680,0,1304,0,7,0,6,0,13,0,61,0,977,0,42,0,0,0,0,0,56,0,2,0,0,1,30,0,3820,0,821,0,0,0,1464,0,6562,0,0,0,0,0,0,0,0,0,0,0,0,0,0,0,0,0,0,0,0,0,0,0,0,0,0,0,0,0,0,0,0,0,0,0,0,0,0,0,0,0,0,0,0,0,0,0,0,0,0,0,0,0,0,0,0,0,0,0,0,0,0,0,0,0,0,0,0,0,0,0,0,0,0,0,0
0,0,0,0,0,0,0,0,0,0,0,0,0,0,0,0,0,0,0,0,0,0,0,0,0,0,0,0,0,0,0,0,0,0,0,0,0,0,0,0,133,0,95,0,11,0,0,0,0,0,0,0,0,0,0,0,0,0,1058,0,0,0,0,0,0,0,0,0,0,0,0,0,0,0,0,0,0,0,0,0,0,0,0,0,0,0,2085,0,283,0,0,0,1459,0,0,0,0,0,0,0,0,0,0,0,0,0,0,0,0,0,0,0,0,0,0,0,0,0,0,0,0,0,0,0,0,0,0,0,0,0,0,0,0,0,0,0,0,0,0,0,0,0,0,0,0,0,0,0,0,0,0,0,0,0,0,0,0,0,0,0,0,0,0,0,0,0,0,0,0,0
0,0,0,0,0,0,0,0,0,0,0,0,0,0,0,0,0,0,0,0,0,0,0,0,0,0,0,0,0,2,0,0,0,8,0,0,0,0,0,0,0,63,0,308,0,47,0,0,0,0,0,0,0,0,0,0,0,0,0,1459,0,0,0,0,0,0,0,0,0,0,0,0,0,0,0,0,0,3,0,1,0,0,0,0,0,53,0,1771,0,1464,0,0,0,1222,0,0,0,0,0,0,0,0,0,0,0,0,0,0,0,0,0,0,0,0,0,0,0,0,0,0,0,0,0,0,0,0,0,0,0,0,0,0,0,0,0,0,0,0,0,0,0,0,0,0,0,0,0,0,0,0,0,0,0,0,0,0,0,0,0,0,0,0,0,0,0,0,0,0,0,0
0,0,0,0,0,0,0,0,0,0,0,0,10,0,0,0,0,0,0,0,0,0,0,0,0,0,0,0,0,0,0,0,101,0,0,0,0,0,0,0,542,0,31,0,2,0,5,0,1,0,23,0,2,0,165,0,723,0,3095,0,0,0,0,0,0,0,0,0,1,0,1,0,0,0,0,0,222,0,7,0,0,0,8,0,699,0,721,0,6083,0,1459,0,0,0,2,0,0,0,0,0,0,0,0,0,0,0,0,0,0,0,0,0,0,0,0,0,0,0,0,0,0,0,0,0,0,0,0,0,0,0,0,0,0,0,0,0,0,0,0,0,0,0,0,0,1,0,0,0,0,0,0,0,0,0,0,0,0,0,0,0,0,0,0,0,0,0,0,0,0,0
0,0,0,0,0,0,0,0,0,0,0,0,0,0,0,0,0,1,0,0,0,0,0,0,0,0,0,0,0,1,0,0,0,107,0,0,0,0,0,0,0,552,0,78,0,62,3,16,0,4,0,134,0,13,0,102,0,1567,0,4298,0,0,0,0,0,0,0,1,0,2,0,3,0,0,0,1,0,88,0,3,0,0,0,2,0,505,0,777,0,6562,0,1222,0,0,0,403,0,0,0,0,0,1,0,3,0,0,0,0,0,0,0,0,0,0,0,0,0,0,0,0,0,0,0,0,0,0,0,0,0,0,0,0,0,0,0,0,0,0,0,0,0,0,0,0,0,0,0,0,0,0,0,0,0,0,0,0,0,0,0,0,0,0,0,1,0,0,0,0,0,0
0,0,0,0,0,0,0,0,0,0,0,0,0,0,0,0,0,0,0,0,0,0,0,0,0,0,0,0,0,0,0,0,0,0,0,0,0,0,0,0,0,0,0,0,0,0,35,0,0,0,330,1,10,0,32,0,87,0,79,0,0,0,0,0,0,0,0,0,1,0,0,0,0,0,0,0,0,0,0,0,0,0,0,0,0,0,0,0,0,0,0,0,2,0,0,3,4000,6,16,1,293,11,3263,29,552,0,925,3,83,1,3,0,0,0,5,51,80,2,0,0,0,0,0,0,0,0,0,0,1,0,0,0,0,0,2,0,0,0,0,0,0,1,1,0,1,0,0,0,0,0,0,0,0,0,0,0,0,0,1,0,0,0,0,0,0,0,0,0,2,0
0,0,0,0,0,0,0,0,0,0,0,0,0,0,0,0,0,0,0,0,0,0,0,0,0,0,0,0,0,0,0,0,0,0,0,0,0,0,0,0,1,1,1,1,0,0,0,0,0,0,0,3,0,0,0,0,0,0,0,98,2,0,1,0,0,0,0,0,0,0,0,0,0,0,0,0,1,0,0,0,0,0,0,0,0,0,0,0,0,0,0,0,0,403,3,0,2,3560,0,168,5,786,9,6014,0,455,3,1317,0,107,6,10,1,0,28,36,163,2,6,1,1,0,0,1,1,0,1,3,3,2,0,0,1,0,1,1,0,0,0,0,0,0,0,1,1,4,0,0,0,1,0,0,0,0,0,0,0,0,1,1,0,0,0,4,0,3,0,1,2,0
0,0,0,0,0,0,0,0,0,0,0,0,0,0,0,0,0,0,0,0,0,0,0,0,0,0,0,0,0,0,0,0,0,0,0,0,0,0,0,0,1,0,3,0,0,0,0,0,0,0,0,2,0,0,0,0,0,0,0,0,0,0,0,0,0,0,0,0,0,0,0,0,0,0,0,0,0,0,0,0,0,0,0,0,0,0,0,0,0,0,0,0,0,0,4000,2,0,16,16,2,292,13,1248,28,3287,0,940,4,35,1,1,2,0,0,5,31,171,67,0,0,0,0,0,0,0,0,1,0,0,0,0,1,0,0,0,0,0,0,0,0,0,0,1,0,0,1,0,0,0,0,0,0,0,0,0,0,0,0,0,0,0,0,0,0,0,1,0,1,0,0
0,0,0,0,0,0,0,0,0,0,0,0,0,0,0,0,0,0,0,0,0,0,0,0,0,0,0,0,0,0,0,0,0,0,0,0,0,0,0,0,0,1,1,1,0,0,0,0,0,0,0,2,0,0,0,0,0,0,0,1,0,0,0,0,0,0,0,0,0,0,0,0,0,0,0,0,0,0,0,0,0,0,0,0,0,0,0,0,0,0,0,0,0,0,6,3560,16,0,3,78,8,270,15,947,0,1815,4,1942,4,26,3,6,0,1,25,53,193,3,10,0,0,0,0,0,0,0,1,0,1,0,0,0,0,1,0,1,0,0,0,1,0,0,0,0,0,1,0,0,0,1,0,0,0,0,0,0,0,0,0,0,0,0,0,4,0,0,0,0,1,0
0,0,0,0,0,0,0,0,0,0,0,0,0,0,0,0,0,0,0,0,0,0,0,0,0,0,0,0,0,0,0,0,0,0,0,0,0,0,0,0,8,0,6,0,0,0,0,1,0,0,43,0,0,0,1,0,0,0,0,0,0,0,0,0,0,0,0,0,0,0,0,0,0,0,3,1,2,0,3,0,0,0,0,0,0,0,0,0,0,0,0,0,0,0,16,0,16,3,0,7,322,11,53,11,28,2,301,16,173,82,58,56,3,132,20,6,9,2,2,10,0,0,2,0,4,2,11,3,32,25,2,1,1,2,31,4,1,0,0,0,6,1,18,6,25,7,2,2,1,5,0,0,0,0,0,0,0,0,3,9,9,0,4,4,4,10,190,8,33,0
0,0,0,0,0,0,0,0,0,0,0,0,0,0,0,0,0,0,0,0,0,0,0,0,0,0,0,0,0,0,0,0,0,0,0,0,2,0,0,0,3,4,1,154,0,1,0,0,1,0,0,13,0,0,0,0,0,0,0,1,1,0,0,0,0,0,0,0,0,0,0,0,0,0,1,2,1,2,1,2,0,0,0,0,0,0,0,0,0,0,0,0,0,0,1,168,2,78,7,0,28,582,7,105,1,33,21,1261,22,268,48,158,43,91,174,29,26,50,59,91,0,3,0,13,2,0,2,7,8,23,0,3,0,5,7,8,0,1,0,5,1,6,1,27,5,37,1,1,0,8,0,0,0,0,0,0,0,0,2,5,2,1,3,2,12,11,1,26,45,0
0,0,0,0,0,0,0,0,0,0,0,0,0,0,0,0,0,0,0,0,0,0,0,0,0,0,0,0,0,0,0,0,0,0,0,0,0,0,0,0,5,0,39,0,0,0,0,0,0,0,7,2,0,0,0,0,0,0,1,0,0,0,0,0,0,0,0,0,0,0,0,0,0,0,0,1,0,0,0,0,0,0,0,0,0,0,0,0,0,0,0,0,0,0,293,5,292,8,322,28,0,163,1636,62,489,2,2390,32,657,22,633,8,3,99,1022,128,110,124,65,10,0,0,0,0,1,1,2,3,6,2,2,0,0,0,2,4,0,1,0,0,3,1,2,1,1,1,1,1,0,0,0,0,0,0,0,0,0,0,5,2,2,0,1,0,8,4,33,11,4,0
0,0,0,0,0,0,0,0,0,0,0,0,0,0,0,0,0,0,0,0,0,0,0,0,0,0,0,0,0,0,0,0,0,0,0,0,0,0,0,0,0,0,2,73,0,0,0,0,0,0,0,31,0,0,0,0,0,0,0,3,0,0,0,0,0,0,0,0,1,0,0,0,0,0,0,0,0,0,0,0,0,0,0,0,0,0,0,0,0,0,0,0,0,1,11,786,13,270,11,582,163,0,46,1579,1,99,30,1178,10,172,9,77,2,26,1057,255,138,92,64,7,0,0,0,2,1,1,0,0,1,1,0,0,0,0,1,0,0,0,0,0,0,1,0,0,1,4,0,0,0,0,0,0,0,0,0,0,0,0,0,1,0,0,0,1,2,2,0,0,4,0
0,0,0,0,0,0,0,0,0,0,0,0,0,0,0,0,0,0,0,0,0,0,0,0,0,0,0,0,0,0,0,0,0,0,0,0,0,0,0,0,1,0,2,0,0,0,11,0,0,0,79,8,16,0,29,0,2,0,9,0,0,0,0,0,0,0,0,0,0,0,0,0,0,0,0,0,0,0,0,0,0,0,1,0,0,0,0,0,6,0,0,0,0,0,3263,9,1248,15,53,7,1636,46,0,198,321,0,1209,22,196,17,18,3,2,3,83,385,226,51,36,1,0,0,0,0,0,0,1,1,2,1,1,1,0,0,3,1,0,0,0,0,1,0,0,0,1,0,0,0,0,0,0,0,0,0,0,0,0,0,0,0,0,0,0,0,4,0,4,10,5,0
0,0,0,0,0,0,0,0,0,0,0,0,0,0,1,0,0,0,0,0,0,0,0,0,0,0,0,0,0,0,0,0,0,0,0,0,0,0,0,0,0,1,1,1,0,0,14,4,0,0,0,123,0,0,0,1,0,0,0,403,0,0,0,0,0,0,0,0,0,0,0,0,0,0,0,0,0,0,0,0,0,0,0,0,0,0,0,0,0,0,0,0,0,3,29,6014,28,947,11,105,62,1579,198,0,1,109,25,914,7,118,9,67,0,3,75,967,580,23,18,1,0,0,0,0,0,1,0,0,0,2,1,0,0,0,1,0,0,0,0,0,0,0,0,1,0,1,0,0,0,0,0,0,0,0,0,0,0,0,0,0,0,0,0,0,0,1,0,0,4,0
0,0,0,0,0,0,0,0,0,0,0,0,0,0,0,0,0,0,0,0,0,0,0,0,0,0,0,0,0,0,0,0,0,0,0,0,0,0,0,0,0,0,1,0,0,0,0,0,0,0,0,0,0,0,0,0,0,0,0,0,0,0,0,0,0,0,0,0,0,0,0,0,0,0,0,0,0,0,0,0,0,0,0,0,0,0,0,0,0,0,0,0,0,0,552,0,3287,0,28,1,489,1,321,1,0,0,3666,4,68,2,20,1,0,0,3,2,14,2,0,0,0,0,0,0,0,0,1,1,2,1,0,0,0,0,3,0,0,0,0,0,0,0,1,0,0,1,0,0,0,1,0,0,0,0,0,0,0,0,1,1,0,0,0,0,2,1,0,2,1,0
0,0,0,0,0,0,0,0,0,0,0,0,0,0,0,0,0,0,0,0,0,0,0,0,0,0,0,0,0,0,0,0,0,0,0,0,0,0,0,0,0,0,0,1,0,0,0,0,0,0,0,1,0,0,0,0,0,0,0,0,0,0,0,0,0,0,0,0,0,0,0,0,0,0,0,0,0,0,0,0,0,0,0,0,0,0,0,0,0,0,0,0,0,0,0,455,0,1815,2,33,2,99,0,109,0,0,1,2357,1,19,1,1,0,0,4,1,2,6,0,0,0,0,0,0,0,2,0,0,2,0,0,0,0,0,0,0,0,0,0,1,0,0,0,0,0,0,0,0,0,0,0,0,0,0,0,0,0,0,1,0,0,0,0,0,0,1,0,0,0,0
0,0,0,0,0,0,0,0,0,0,0,0,0,0,0,0,0,0,0,0,0,0,0,0,0,0,0,0,0,0,0,0,0,0,0,0,0,0,0,0,14,0,73,0,1,0,0,0,0,0,2,0,0,0,0,0,0,0,1,0,0,0,0,0,0,0,0,0,1,0,0,0,0,0,4,2,1,0,1,0,0,0,0,0,0,0,0,0,0,0,0,0,0,0,925,3,940,4,301,21,2390,30,1209,25,3666,1,0,89,5768,52,135,32,8,8,92,112,190,1421,225,7,1,0,2,0,7,2,18,8,29,11,8,3,0,0,22,13,0,3,1,1,1,0,18,1,20,4,3,0,2,3,0,0,0,0,0,0,0,0,9,9,5,0,3,0,29,11,14,24,26,0
