0,17,2014,51,2579,21,1846,4,355,1,0,0,348,0,1027,39,1,0,12,3,0,0,0,0,0,0,0,0,0,0,0,0,286,0,0,0,59,17,1,1,98,1,18,0,2,0,2,2,5,0,2,0,12,0,142,1,4,0,1,0,5850,8,170,3,315,3,234,0,131,2,118,5,1049,2,727,35,384,0,11,0,0,0,16,0,137,0,12,0,361,4,0,0,6,0,0,1,5,1,37,1,13,2,2,0,1,2,4,2,17,3,1,1,1,5,1,0,1,0,1,1,0,0,0,0,0,0,4,0,1,0,0,0,1,0,37,3,0,1,2,0,3,0,3,0,40,0,3,0,0,0,0,0,0,0,85,9,7,0,0,0,3,0,14,1,5,1,4,0,10,2
17,0,7,2214,4,1575,5,1757,3,138,0,0,0,309,57,547,0,0,0,2,0,0,0,0,0,0,0,0,0,0,0,0,2,355,0,0,115,307,2,2,3,4,0,0,0,0,0,1,0,1,0,1,0,6,0,11,0,1,0,0,19,4583,0,202,3,210,0,387,2,213,21,74,47,553,8,176,6,88,0,0,0,0,0,1,4,54,0,1,1,93,0,0,0,6,0,0,0,0,0,1,0,0,0,0,0,0,0,0,1,0,0,0,3,1,0,0,0,0,0,0,0,0,0,0,0,0,0,0,0,1,0,0,0,0,1,0,0,0,0,0,0,0,0,1,1,0,0,3,0,0,0,0,0,0,3,12,0,0,0,0,0,0,0,1,0,0,0,0,0,0
2014,7,0,83,7274,28,115,2,436,9,651,2,9,0,2271,22,81,41,4497,119,259,26,112,8,231,1,107,0,111,0,0,0,308,3,0,0,113,24,10,0,35,0,6,0,34,0,2,0,8,0,6,0,4,0,20,2,1,0,3,0,365,1,53,1,36,0,13,0,9,0,97,2,249,0,1217,47,676,12,6,1,0,0,3,0,11,0,4,0,21,0,1,0,7,0,3,1,1,1,20,1,7,0,3,1,0,0,1,2,11,1,1,3,2,1,1,1,0,0,0,0,0,0,1,0,0,0,3,0,0,0,0,0,1,0,46,9,1,0,0,0,1,0,0,0,21,1,0,0,0,0,56,16,120,35,282,74,42,5,2,2,2,0,15,1,5,3,4,0,6,0
51,2214,83,0,71,7007,22,129,25,378,2,228,4,7,249,2986,35,84,71,2849,2,534,6,383,1,261,0,146,0,65,0,0,13,139,0,0,159,364,1,4,5,1,2,0,0,1,1,0,2,2,0,0,1,7,1,21,0,0,0,1,28,318,2,141,3,76,0,28,0,100,15,88,23,205,54,1467,36,377,3,1,0,0,0,0,1,14,0,0,1,45,0,1,0,4,1,0,0,0,1,0,2,0,0,0,0,0,0,0,2,1,0,1,1,1,0,0,0,0,0,0,0,0,0,0,1,0,1,0,0,0,0,0,0,0,5,0,0,0,0,0,0,0,0,1,1,0,0,0,0,0,8,18,12,62,147,432,11,19,1,0,1,1,0,0,2,0,0,0,1,0
2579,4,7274,71,0,27,673,5,3705,11,1440,1,26,0,493,31,26,9,356,63,2,9,2,4,70,0,58,0,64,0,0,0,382,2,0,0,52,34,4,0,60,0,10,0,23,0,4,0,11,0,4,0,8,1,108,0,1,0,2,0,184,1,59,3,95,0,28,1,45,0,61,3,115,0,2129,64,714,5,17,1,0,0,0,0,35,0,10,0,179,2,2,0,11,0,0,3,7,4,24,2,6,0,1,0,3,4,5,2,8,2,4,4,4,3,0,0,0,0,0,3,0,0,2,0,0,0,4,0,1,1,0,0,5,0,71,13,2,0,0,0,5,0,2,0,40,0,0,0,0,0,5,3,15,16,289,64,18,1,1,0,5,0,12,1,6,1,6,1,12,0
21,1575,28,7007,27,0,12,1232,5,3496,0,658,2,94,107,78,3,21,29,171,0,22,1,31,0,21,0,118,0,31,0,0,6,268,0,0,61,63,1,1,1,1,0,0,0,0,0,0,1,1,0,2,1,7,0,10,0,0,0,0,11,265,0,63,1,149,0,207,0,205,6,16,6,10,19,1198,14,302,1,0,0,0,1,2,3,71,0,1,2,187,0,0,0,11,0,0,0,0,0,0,2,0,0,0,0,0,0,0,0,0,0,0,1,1,0,0,0,0,0,1,0,0,1,0,0,0,0,1,0,0,0,0,0,0,3,0,0,0,0,0,0,0,0,0,2,1,0,0,0,0,2,1,2,6,97,166,0,2,0,0,0,0,1,2,0,0,0,0,0,0
1846,5,115,22,673,12,0,2,1706,5,4,0,1423,0,172,10,0,0,32,3,0,0,0,0,0,0,0,0,0,0,0,0,896,0,0,0,18,5,0,0,21,2,2,0,2,0,0,0,6,0,1,0,1,0,7,0,1,0,1,0,426,3,9,0,18,0,98,0,15,1,23,2,60,0,331,14,189,0,4,1,0,0,26,0,304,0,349,0,65,1,0,0,1,1,1,0,0,1,6,0,2,0,0,0,1,0,0,1,3,2,1,1,3,2,1,0,0,0,0,1,0,0,1,0,1,0,4,0,0,0,0,0,1,0,30,1,1,0,0,0,0,0,0,0,18,0,3,0,1,0,0,0,1,1,40,8,4,0,0,0,3,0,4,0,2,0,2,0,1,1
4,1757,2,129,5,1232,2,0,0,1907,0,2,0,1352,25,40,0,0,2,8,0,0,0,0,0,0,0,0,0,0,0,0,1,1122,0,0,17,17,0,1,0,1,0,0,0,0,0,0,1,0,0,0,0,2,0,7,0,0,0,0,4,219,1,22,2,42,0,357,0,49,5,4,3,0,5,175,4,100,0,1,0,0,0,1,1,98,0,0,0,65,0,0,0,2,0,0,0,0,0,0,0,0,0,0,0,0,0,0,0,0,0,0,0,0,0,0,0,0,0,1,0,0,0,0,0,0,0,0,0,2,0,0,0,0,1,0,0,0,0,0,0,0,0,1,0,2,0,0,0,0,0,0,0,0,18,12,0,0,0,0,0,0,0,0,0,0,0,0,2,0
355,3,436,25,3705,5,1706,0,0,6,1588,0,144,0,100,14,7,4,106,24,0,0,1,1,4,0,1,0,156,0,0,0,1648,1,0,0,19,6,1,0,50,0,10,0,12,0,2,0,2,0,5,0,0,0,12,0,2,0,9,0,83,1,4,1,7,0,29,0,4,1,16,0,47,0,672,11,764,2,5,1,0,0,4,0,50,0,100,0,40,1,7,0,15,0,1,1,3,2,19,1,3,3,4,1,0,0,2,1,7,2,0,4,0,2,1,1,0,0,0,1,0,0,1,0,1,0,6,0,0,0,0,0,3,0,85,12,5,1,1,0,2,0,2,0,39,0,1,0,0,0,2,2,7,9,66,14,4,1,3,0,4,0,8,1,9,3,9,0,10,0
1,138,9,378,11,3496,5,1907,6,0,0,690,0,221,19,26,0,2,17,62,0,0,0,0,0,0,0,1,0,9,0,0,0,929,0,0,9,9,3,0,1,0,0,0,0,0,0,0,1,0,0,0,0,0,0,0,0,0,0,0,1,70,0,14,0,15,0,264,0,11,3,3,1,0,10,582,6,283,0,2,0,0,0,2,0,80,0,0,1,53,0,0,0,1,0,0,0,1,0,1,0,0,0,0,0,0,0,0,0,0,0,0,1,0,0,0,0,0,0,0,0,0,0,0,0,0,0,0,0,2,0,0,0,0,1,0,0,1,0,0,0,0,0,0,0,0,0,1,0,0,0,0,0,2,28,65,0,0,0,0,0,0,0,0,0,0,0,0,1,0
0,0,651,2,1440,0,4,0,1588,0,0,0,1,0,0,0,68,0,16,5,3,0,7,0,160,0,67,0,1190,0,0,0,641,0,0,0,1,1,1,0,32,0,5,0,41,0,1,0,0,0,3,0,0,0,0,0,0,0,3,0,3,0,0,0,1,0,1,0,0,0,0,0,1,0,58,0,403,0,1,0,0,0,0,0,4,0,8,0,9,0,5,0,7,0,0,0,1,0,6,0,0,0,0,0,0,0,0,0,1,0,0,0,3,1,0,0,0,0,0,1,0,0,0,0,0,0,0,0,0,0,0,0,1,0,11,0,1,0,0,0,1,0,0,0,3,0,1,0,0,0,0,0,4,3,2,1,3,0,0,0,0,0,2,1,2,0,1,0,3,0
0,0,2,228,1,658,0,2,0,690,0,0,0,0,0,0,2,59,1,15,0,18,0,59,0,120,0,270,0,720,0,0,0,719,0,0,0,0,0,0,0,0,0,0,0,0,0,0,0,0,0,0,0,0,0,0,0,0,0,0,0,0,0,0,0,0,0,0,0,0,0,0,0,0,0,104,1,429,0,0,0,0,0,0,0,0,0,0,0,0,0,0,0,0,0,0,0,0,1,0,0,0,0,0,0,0,0,0,0,0,0,0,0,0,0,0,0,0,0,0,0,0,0,0,0,0,0,0,0,0,0,0,0,0,0,0,0,0,0,0,0,0,0,0,0,0,0,0,0,0,0,2,1,1,1,1,0,1,0,0,0,0,0,1,0,0,0,0,0,0
348,0,9,4,26,2,1423,0,144,0,1,0,0,0,45,5,1,0,2,1,0,0,0,0,0,0,0,0,0,0,0,0,771,0,0,0,7,1,0,0,17,0,3,0,0,0,1,0,2,0,0,1,3,0,10,0,0,0,0,0,797,0,18,1,19,0,336,0,6,0,31,1,9,0,81,4,90,0,1,1,0,0,403,0,1879,0,340,0,15,0,0,0,1,0,1,0,0,0,2,0,1,0,1,0,0,0,2,0,3,0,1,1,0,2,0,0,0,0,0,1,0,0,1,0,0,0,1,0,0,0,0,0,0,0,8,1,0,0,0,0,1,0,0,0,11,0,0,1,0,0,0,0,0,0,7,1,2,0,2,0,0,0,0,0,0,0,2,0,7,0
0,309,0,7,0,94,0,1352,0,221,0,0,0,0,0,4,0,0,0,2,0,0,0,0,0,0,0,0,0,0,0,0,0,1375,0,0,1,9,0,0,0,1,0,0,0,0,0,0,0,0,0,0,0,3,0,1,0,0,0,0,0,679,1,18,0,18,0,856,0,5,5,6,1,1,0,20,0,209,0,3,0,0,0,23,0,155,0,15,0,29,0,0,0,0,0,0,0,0,0,3,0,0,0,0,0,0,0,0,0,0,0,0,2,1,0,0,0,0,0,0,0,0,0,0,0,1,0,0,0,0,0,1,0,0,0,0,0,0,0,1,0,1,0,1,0,4,0,1,0,0,0,0,0,0,0,3,0,1,0,0,0,1,0,6,0,1,0,0,0,0
1027,57,2271,249,493,107,172,25,100,19,0,0,45,0,0,273,2,0,1081,51,1,0,1,0,0,0,0,0,0,0,0,0,90,12,0,0,1676,98,9,1,39,1,8,1,2,0,7,1,15,0,2,0,5,0,32,3,4,0,1,0,316,15,71,10,36,0,23,6,13,6,319,14,1439,9,598,142,258,6,12,2,0,0,7,1,21,0,10,0,28,6,0,0,1,0,1,1,7,3,21,2,6,1,0,1,1,2,4,1,8,1,2,2,7,4,1,0,1,0,1,2,0,0,0,0,1,0,2,0,0,0,0,0,2,0,63,4,1,0,0,0,3,0,3,0,47,1,2,0,0,0,1,0,3,3,157,41,5,0,0,0,3,0,12,0,19,2,3,0,10,0
39,547,22,2986,31,78,10,40,14,26,0,0,5,4,273,0,1,1,19,730,0,0,0,0,0,0,0,0,0,0,0,0,7,6,0,0,153,2495,1,6,4,0,1,0,0,0,1,1,3,0,1,0,2,2,3,3,0,0,0,0,27,400,2,134,0,0,0,0,0,3,19,210,30,1688,30,474,19,7,0,0,0,0,0,0,0,2,1,0,4,2,0,0,0,0,0,0,0,0,1,0,1,0,0,0,0,0,0,0,1,1,0,0,1,0,0,0,0,0,0,0,0,0,0,0,0,1,0,0,0,0,0,0,0,0,2,0,0,0,0,0,0,0,0,0,4,0,0,0,0,0,0,0,0,28,106,174,0,0,0,0,0,0,0,0,1,0,0,0,1,0
1,0,81,35,26,3,0,0,7,0,68,2,1,0,2,1,0,244,72,65,227,100,1091,12,195,0,35,0,252,0,0,0,120,0,0,0,2,6,1,0,61,0,1,0,330,0,1,0,0,0,0,0,0,0,1,0,0,0,0,0,1,0,0,0,0,0,0,0,0,0,0,0,0,0,85,124,245,5,29,0,0,0,0,0,4,0,11,0,6,0,5,0,8,0,0,0,0,0,1,0,0,0,0,0,0,0,0,0,0,0,0,0,1,0,0,0,0,0,0,0,0,0,0,0,0,0,0,0,0,0,0,0,0,0,4,3,0,0,0,0,0,0,1,1,0,0,0,0,0,0,180,19,129,27,63,33,1101,7,1,0,0,0,4,0,0,0,1,0,0,0
0,0,41,84,9,21,0,0,4,2,0,59,0,0,0,1,244,0,47,92,12,510,13,857,5,65,0,14,0,53,0,0,1,98,0,0,0,3,0,0,0,7,1,18,1,9,0,0,1,0,0,0,0,0,0,0,0,0,0,0,0,0,0,0,0,0,0,0,0,0,0,2,0,0,84,59,8,275,0,14,0,0,0,0,1,0,0,0,0,0,0,0,0,0,0,0,0,0,0,0,0,0,0,0,0,0,0,0,1,0,0,0,0,0,0,0,0,0,0,1,0,0,0,0,0,0,0,0,0,0,0,0,1,0,1,0,0,0,0,0,0,0,0,0,0,0,0,0,0,0,10,207,26,90,6,53,18,545,0,0,0,0,0,4,0,0,0,0,0,0
12,0,4497,71,356,29,32,2,106,17,16,1,2,0,1081,19,72,47,0,136,511,29,135,7,58,1,7,0,11,0,0,0,81,3,0,0,541,55,34,0,13,0,1,0,7,0,9,0,9,0,1,0,0,0,2,0,0,0,0,0,16,0,2,0,2,0,0,0,0,0,60,2,11,0,568,67,254,15,4,0,0,0,0,0,2,0,5,0,2,0,0,0,2,0,0,2,0,2,4,0,2,0,0,0,0,0,1,0,4,1,1,3,0,1,0,0,0,0,1,0,0,0,0,0,0,0,2,0,0,0,0,0,0,0,33,3,0,0,0,0,0,0,0,0,12,1,0,0,0,0,206,26,767,74,978,133,28,12,0,0,1,0,3,0,6,1,3,1,3,0
3,2,119,2849,63,171,3,8,24,62,5,15,1,2,51,730,65,92,136,0,6,1054,4,76,3,11,0,2,0,1,0,0,7,20,0,0,33,444,0,1,0,0,1,0,0,0,0,0,0,0,1,1,0,0,1,0,0,0,0,0,1,3,0,8,0,0,1,0,0,0,3,15,0,6,60,418,36,75,0,0,0,0,0,0,0,0,0,0,0,1,1,0,0,0,0,0,0,0,0,0,0,0,0,0,0,0,0,0,0,0,0,0,0,1,0,0,0,0,0,0,0,0,0,0,0,0,0,0,0,0,0,0,0,0,8,1,0,0,0,0,0,0,0,0,2,0,0,0,0,0,18,68,33,893,100,411,24,22,0,0,0,0,1,0,0,0,0,0,1,0
0,0,259,2,2,0,0,0,0,0,3,0,0,0,1,0,227,12,511,6,0,5,1271,1,142,0,65,0,20,0,0,0,7,0,0,0,4,5,2,0,1,0,0,0,9,0,0,0,0,0,1,0,0,0,1,0,0,0,0,0,0,0,0,0,0,0,0,0,0,0,1,0,0,0,83,2,28,0,0,0,0,0,0,0,0,0,0,0,0,0,1,0,0,0,0,0,0,0,0,0,0,0,0,0,0,0,0,0,0,0,0,0,0,0,0,0,0,0,0,0,0,0,0,0,0,0,0,0,0,0,0,0,0,0,1,0,0,0,0,0,0,0,0,0,0,0,0,0,0,0,191,1,228,6,44,8,117,1,0,0,0,0,1,0,0,0,0,0,0,0
0,0,26,534,9,22,0,0,0,0,0,18,0,0,0,0,100,510,29,1054,5,0,5,1242,2,167,0,40,1,19,0,0,1,12,0,0,1,1,0,1,0,0,0,0,2,1,0,0,0,0,0,0,0,0,0,0,0,0,0,0,0,0,0,0,0,0,0,0,0,0,1,5,0,0,55,341,5,174,0,2,0,0,0,0,0,0,0,0,0,0,0,0,0,0,0,0,0,0,0,0,0,0,0,0,0,0,0,0,1,0,0,0,1,0,0,0,0,0,0,0,0,0,0,0,0,0,0,0,0,0,0,0,0,0,0,0,0,0,0,0,0,0,0,0,0,0,0,0,0,0,2,85,10,274,4,28,7,261,0,0,0,0,0,3,0,0,0,0,0,0
0,0,112,6,2,1,0,0,1,0,7,0,0,0,1,0,1091,13,135,4,1271,5,0,3,616,0,39,0,54,0,0,0,3,0,0,0,1,1,0,0,2,0,26,0,13,0,0,0,0,0,0,0,0,0,0,0,0,0,0,0,0,0,0,0,0,0,0,0,0,0,0,0,0,0,40,2,15,0,2,0,0,0,0,0,0,0,1,0,0,0,0,0,0,0,0,0,0,0,0,0,0,0,0,0,0,0,0,0,0,0,0,0,0,0,0,0,0,0,0,0,0,0,0,0,0,0,1,0,0,0,0,0,0,0,1,1,0,0,0,0,0,0,0,0,0,0,0,0,0,0,265,2,164,6,35,2,589,2,0,0,0,0,0,0,0,0,0,0,0,0
0,0,8,383,4,31,0,0,1,0,0,59,0,0,0,0,12,857,7,76,1,1242,3,0,0,839,0,414,1,54,0,0,0,15,0,0,0,2,0,0,0,1,0,1,0,0,0,0,0,0,0,0,0,0,0,0,0,0,0,0,0,0,0,0,0,0,0,0,0,0,0,0,0,0,11,97,1,183,0,2,0,0,0,0,0,0,0,0,0,0,0,0,0,0,0,0,0,0,0,0,0,0,0,0,0,0,0,0,0,0,0,0,0,0,0,0,0,0,0,0,0,0,0,0,0,0,0,0,0,0,0,0,0,0,1,0,0,0,0,0,0,0,0,0,0,0,0,0,0,0,0,39,2,51,2,12,2,424,0,0,0,0,0,0,0,0,0,0,0,0
0,0,231,1,70,0,0,0,4,0,160,0,0,0,0,0,195,5,58,3,142,2,616,0,0,0,566,0,1271,0,0,0,134,0,0,0,0,1,0,0,10,0,5,0,35,0,0,0,0,0,0,0,0,0,0,0,0,0,1,0,0,0,0,0,0,0,0,0,0,0,1,0,0,0,27,1,72,0,2,0,0,0,0,0,0,0,2,0,0,0,4,0,3,0,0,0,0,0,0,0,0,0,0,0,0,0,0,0,0,0,0,0,0,0,0,0,0,0,0,0,0,0,0,0,0,0,0,0,0,0,0,0,0,0,0,1,0,0,0,0,0,0,1,0,0,0,0,0,0,0,14,1,29,2,5,2,93,0,0,0,0,0,0,0,0,0,0,0,0,0
0,0,1,261,0,21,0,0,0,0,0,120,0,0,0,0,0,65,1,11,0,167,0,839,0,0,0,579,0,401,0,0,0,43,0,0,0,0,0,0,0,0,0,0,0,0,0,0,0,0,0,0,0,0,0,0,0,0,0,0,0,0,0,0,0,0,0,0,0,0,0,0,0,0,0,1,0,86,0,0,0,0,0,0,0,0,0,0,0,0,0,0,0,0,0,0,0,0,0,0,0,0,0,0,0,0,0,0,0,0,0,0,0,0,0,0,0,0,0,0,0,0,0,0,0,0,0,0,0,0,0,0,0,0,0,0,0,0,0,0,0,0,0,0,0,0,0,0,0,0,0,0,0,0,0,0,0,2,0,0,0,0,0,0,0,0,0,0,0,0
0,0,107,0,58,0,0,0,1,0,67,0,0,0,0,0,35,0,7,0,65,0,39,0,566,0,0,0,299,0,0,0,14,0,0,0,0,0,0,0,4,0,1,0,8,0,0,0,0,0,0,0,0,0,0,0,0,0,0,0,0,0,0,0,0,0,0,0,0,0,0,0,0,0,5,0,29,0,1,0,0,0,0,0,0,0,0,0,0,0,0,0,1,0,0,0,0,0,0,0,0,0,0,0,0,0,0,0,0,0,0,0,0,0,0,0,0,0,0,0,0,0,0,0,0,0,0,0,0,0,0,0,0,0,0,0,0,0,0,0,0,0,0,0,1,0,0,0,0,0,0,0,2,0,0,0,18,0,0,0,0,0,0,0,0,0,0,0,0,0
0,0,0,146,0,118,0,0,0,1,0,270,0,0,0,0,0,14,0,2,0,40,0,414,0,579,0,0,0,134,0,0,0,44,0,0,0,0,0,0,0,0,0,0,0,0,0,0,0,0,0,0,0,0,0,0,0,0,0,0,0,0,0,0,0,0,0,0,0,0,0,0,0,0,0,1,0,6,0,0,0,0,0,0,0,0,0,0,0,0,0,0,0,0,0,0,0,0,0,0,0,0,0,0,0,0,0,0,0,0,0,0,0,0,0,0,0,0,0,0,0,0,0,0,0,0,0,0,0,0,0,0,0,0,0,0,0,0,0,0,0,0,0,0,0,0,0,0,0,0,0,0,0,0,0,0,0,0,0,0,0,0,0,0,0,0,0,0,0,0
0,0,111,0,64,0,0,0,156,0,1190,0,0,0,0,0,252,0,11,0,20,1,54,1,1271,0,299,0,0,0,0,0,1090,0,0,0,0,0,0,0,20,0,89,0,57,0,0,0,0,0,0,0,0,0,0,0,2,0,1,0,0,0,0,0,0,0,0,0,0,0,0,1,0,0,9,1,130,0,0,0,0,0,0,0,1,0,105,0,1,0,2,0,8,0,0,0,0,0,0,0,0,0,0,0,0,0,0,0,0,0,0,0,1,0,0,0,0,0,0,0,0,0,0,0,0,0,0,0,0,0,0,0,1,0,1,0,0,0,0,0,1,0,0,0,0,0,0,0,0,0,2,0,1,0,1,0,44,0,0,0,0,0,0,0,0,0,0,0,0,0
0,0,0,65,0,31,0,0,0,9,0,720,0,0,0,0,0,53,0,1,0,19,0,54,0,401,0,134,0,0,0,0,0,141,0,0,0,0,0,0,0,0,0,0,0,0,0,0,0,0,0,0,0,0,0,0,0,0,0,0,0,0,0,0,0,0,0,0,0,0,0,0,0,0,0,4,0,72,0,0,0,0,0,0,0,0,0,0,0,0,0,0,0,0,0,0,0,0,0,0,0,0,0,0,0,0,0,0,0,0,0,0,0,0,0,0,0,0,0,0,0,0,0,0,0,0,0,0,0,0,0,0,0,0,0,0,0,0,0,0,0,0,0,0,0,0,0,0,0,0,0,0,0,0,0,1,0,0,0,0,0,0,0,0,0,0,0,0,0,0
0,0,0,0,0,0,0,0,0,0,0,0,0,0,0,0,0,0,0,0,0,0,0,0,0,0,0,0,0,0,0,0,0,0,0,0,0,0,0,0,0,0,0,0,0,0,0,0,0,0,0,0,0,0,0,0,0,0,0,0,0,0,0,0,0,0,0,0,0,0,0,0,0,0,0,0,0,0,0,0,0,0,0,0,0,0,0,0,0,0,0,0,0,0,0,0,0,0,0,0,0,0,0,0,0,0,0,0,0,0,0,0,0,0,0,0,0,0,0,0,0,0,0,0,0,0,0,0,0,0,0,0,0,0,0,0,0,0,0,0,0,0,0,0,0,0,0,0,0,0,0,0,0,0,0,0,0,0,0,0,0,0,0,0,0,0,0,0,0,0
0,0,0,0,0,0,0,0,0,0,0,0,0,0,0,0,0,0,0,0,0,0,0,0,0,0,0,0,0,0,0,0,0,0,0,0,0,0,0,0,0,0,0,0,0,0,0,0,0,0,0,0,0,0,0,0,0,0,0,0,0,0,0,0,0,0,0,0,0,0,0,0,0,0,0,0,0,0,0,0,0,0,0,0,0,0,0,0,0,0,0,0,0,0,0,0,0,0,0,0,0,0,0,0,0,0,0,0,0,0,0,0,0,0,0,0,0,0,0,0,0,0,0,0,0,0,0,0,0,0,0,0,0,0,0,0,0,0,0,0,0,0,0,0,0,0,0,0,0,0,0,0,0,0,0,0,0,0,0,0,0,0,0,0,0,0,0,0,0,0
286,2,308,13,382,6,896,1,1648,0,641,0,771,0,90,7,120,1,81,7,7,1,3,0,134,0,14,0,1090,0,0,0,0,2,0,0,23,5,7,1,208,3,39,0,225,0,31,1,21,1,51,0,14,1,57,2,20,0,40,0,364,1,34,3,57,2,148,1,20,2,57,5,142,1,438,8,2186,1,17,0,0,0,62,1,488,1,504,0,185,7,54,0,122,1,3,0,1,1,19,0,9,0,2,1,1,0,3,3,8,0,2,2,1,1,1,1,0,0,0,1,0,0,1,0,1,0,2,0,2,0,0,0,2,0,33,4,0,0,2,0,1,0,5,0,64,1,1,0,0,0,1,3,8,3,33,7,8,1,0,1,2,0,10,1,1,1,3,0,9,1
0,355,3,139,2,268,0,1122,1,929,0,719,0,1375,12,6,0,98,3,20,0,12,0,15,0,43,0,44,0,141,0,0,2,0,0,0,20,80,9,16,0,52,0,2,0,4,1,9,10,9,0,16,0,18,2,53,0,6,0,7,2,1005,4,172,1,126,0,195,2,89,28,59,4,9,3,190,1,2592,0,32,0,0,0,230,3,1326,0,251,4,183,0,8,1,22,0,0,0,3,2,8,1,1,0,0,0,1,0,2,2,1,0,0,10,6,0,0,0,0,0,3,0,0,0,0,0,17,0,11,0,25,0,4,0,0,0,0,0,3,0,11,0,12,0,11,1,33,0,17,0,0,0,0,0,1,6,17,0,0,0,0,0,0,0,14,0,1,0,1,16,0
0,0,0,0,0,0,0,0,0,0,0,0,0,0,0,0,0,0,0,0,0,0,0,0,0,0,0,0,0,0,0,0,0,0,0,0,0,0,0,0,0,0,0,0,0,0,0,0,0,0,0,0,0,0,0,0,0,0,0,0,0,0,0,0,0,0,0,0,0,0,0,0,0,0,0,0,0,0,0,0,0,0,0,0,0,0,0,0,0,0,0,0,0,0,0,0,0,0,0,0,0,0,0,0,0,0,0,0,0,0,0,0,0,0,0,0,0,0,0,0,0,0,0,0,0,0,0,0,0,0,0,0,0,0,0,0,0,0,0,0,0,0,0,0,0,0,0,0,0,0,0,0,0,0,0,0,0,0,0,0,0,0,0,0,0,0,0,0,0,0
0,0,0,0,0,0,0,0,0,0,0,0,0,0,0,0,0,0,0,0,0,0,0,0,0,0,0,0,0,0,0,0,0,0,0,0,0,0,0,0,0,0,0,0,0,0,0,0,0,0,0,0,0,0,0,0,0,0,0,0,0,0,0,0,0,0,0,0,0,0,0,0,0,0,0,0,0,0,0,0,0,0,0,0,0,0,0,0,0,0,0,0,0,0,0,0,0,0,0,0,0,0,0,0,0,0,0,0,0,0,0,0,0,0,0,0,0,0,0,0,0,0,0,0,0,0,0,0,0,0,0,0,0,0,0,0,0,0,0,0,0,0,0,0,0,0,0,0,0,0,0,0,0,0,0,0,0,0,0,0,0,0,0,0,0,0,0,0,0,0
59,115,113,159,52,61,18,17,19,9,1,0,7,1,1676,153,2,0,541,33,4,1,1,0,0,0,0,0,0,0,0,0,23,20,0,0,0,490,1081,4,9,5,2,1,0,0,34,0,152,0,2,0,2,3,6,7,0,0,0,0,70,33,20,24,10,9,7,3,3,4,2147,18,689,33,278,70,53,6,0,0,0,0,4,0,13,4,1,0,7,5,0,0,0,1,1,0,1,1,3,1,1,0,0,0,0,0,1,0,4,2,0,0,1,0,1,0,0,0,0,1,0,0,0,0,0,0,1,0,0,0,0,1,0,0,16,0,0,0,0,1,1,0,0,1,20,2,1,0,0,0,5,0,63,8,836,30,4,0,0,0,0,0,3,0,0,1,2,1,1,1
17,307,24,364,34,63,5,17,6,9,1,0,1,9,98,2495,6,3,55,444,5,1,1,2,1,0,0,0,0,0,0,0,5,80,0,0,490,0,63,807,2,7,2,0,0,0,7,37,9,14,0,14,1,9,2,6,1,0,0,1,19,323,8,276,6,7,5,22,1,15,102,2528,60,442,43,109,16,15,1,2,0,0,0,1,4,9,0,0,3,16,0,0,1,0,0,1,1,0,3,1,0,0,0,0,0,0,0,1,2,1,0,0,2,2,0,1,0,0,0,0,0,0,0,0,0,0,0,4,0,10,0,1,0,0,3,0,2,1,0,3,0,2,0,3,5,8,0,6,0,0,5,5,17,196,102,1153,2,1,0,0,1,0,2,2,1,1,0,0,4,0
1,2,10,1,4,1,0,0,1,3,1,0,0,0,9,1,1,0,34,0,2,0,0,0,0,0,0,0,0,0,0,0,7,9,0,0,1081,63,0,59,77,34,6,2,0,1,402,39,308,27,41,7,81,24,160,49,40,13,6,6,0,15,7,62,12,10,1,12,2,16,1345,110,0,1,11,2,12,14,1,1,0,0,5,2,26,33,1,1,86,38,0,0,16,20,0,0,0,0,2,3,0,1,0,0,0,0,0,1,0,0,0,1,3,3,0,0,0,0,0,0,0,0,0,0,0,3,0,2,0,2,0,0,0,0,0,0,0,0,2,2,0,5,0,4,6,7,0,3,0,0,0,0,9,0,25,1,0,0,0,0,0,0,2,3,0,0,0,0,2,0
1,2,0,4,0,1,0,1,0,0,0,0,0,0,1,6,0,0,0,1,0,1,0,0,0,0,0,0,0,0,0,0,1,16,0,0,4,807,59,0,7,53,0,20,0,1,125,231,60,116,3,48,30,97,23,60,3,15,0,16,1,18,1,84,1,15,0,10,0,57,85,1283,0,0,1,1,1,19,0,4,0,0,0,4,4,47,0,2,20,60,0,1,2,20,0,0,0,1,1,2,0,0,0,0,0,0,0,0,0,5,0,2,4,4,0,0,0,1,0,0,0,0,0,0,0,0,0,1,0,4,0,0,0,0,0,0,0,0,0,6,0,9,1,8,1,13,0,1,0,0,0,0,0,10,0,58,0,0,0,0,0,0,0,3,0,1,0,1,1,0
98,3,35,5,60,1,21,0,50,1,32,0,17,0,39,4,61,0,13,0,1,0,2,0,10,0,4,0,20,0,0,0,208,0,0,0,9,2,77,7,0,2,458,0,938,0,66,5,27,5,125,2,8,2,63,2,42,3,491,2,150,1,15,5,26,2,29,0,10,4,109,12,98,0,346,10,424,3,17,2,0,0,1,0,155,2,264,0,491,5,228,0,710,2,5,2,10,5,41,2,27,1,2,2,1,3,10,10,20,5,3,5,6,3,0,1,0,0,0,3,1,0,7,0,3,0,4,0,1,0,0,0,3,0,63,7,1,0,46,1,4,1,38,1,664,0,3,0,2,0,1,0,1,0,7,4,116,0,3,0,1,0,23,2,28,10,6,1,24,3
1,4,0,1,0,1,2,1,0,0,0,0,0,1,1,0,0,7,0,0,0,0,0,1,0,0,0,0,0,0,0,0,3,52,0,0,5,7,34,53,2,0,1,647,0,314,16,49,24,22,0,136,5,40,23,78,3,50,0,745,0,9,7,33,7,9,1,9,5,21,37,129,1,0,0,1,4,180,1,221,0,0,0,0,9,124,0,366,40,370,0,238,7,472,0,4,0,5,0,11,2,2,0,4,1,1,0,5,6,4,0,3,6,7,2,0,0,0,1,1,0,0,0,0,0,2,0,12,0,11,0,5,0,0,0,0,0,0,0,275,0,40,3,57,2,108,0,7,0,0,0,0,0,0,0,0,0,21,1,1,0,1,0,169,0,3,2,1,0,0
18,0,6,2,10,0,2,0,10,0,5,0,3,0,8,1,1,1,1,1,0,0,26,0,5,0,1,0,89,0,0,0,39,0,0,0,2,2,6,0,458,1,0,1,307,0,108,2,11,0,674,0,5,0,20,0,9,2,1966,0,29,0,6,1,12,0,11,0,1,0,197,4,15,0,36,1,39,1,5,0,0,0,3,0,34,1,36,0,139,2,57,0,232,0,6,26,13,12,14,3,13,4,0,6,6,5,20,15,17,6,7,2,2,3,2,1,0,1,0,1,0,0,0,0,0,0,0,0,0,1,0,0,0,0,3,1,0,0,5,0,2,0,3,0,22,0,0,0,0,0,0,0,0,0,0,2,3,0,13,3,1,2,2,4,7,1,10,0,3,0
0,0,0,0,0,0,0,0,0,0,0,0,0,0,1,0,0,18,0,0,0,0,0,1,0,0,0,0,0,0,0,0,0,2,0,0,1,0,2,20,0,647,1,0,0,661,8,63,4,10,1,894,1,11,1,8,0,9,0,1901,0,0,0,2,0,1,0,0,0,0,9,286,0,0,0,1,1,4,0,11,0,0,0,1,0,3,0,68,1,30,0,308,0,98,0,4,2,4,0,1,0,12,0,2,1,1,0,4,3,1,0,1,0,0,2,1,0,1,0,0,0,0,0,0,0,0,0,0,0,2,0,0,0,0,0,0,0,0,0,6,0,1,0,2,0,3,0,0,0,0,0,0,0,0,0,0,0,0,1,0,0,0,0,1,0,1,0,0,0,0
2,0,34,0,23,0,2,0,12,0,41,0,0,0,2,0,330,1,7,0,9,2,13,0,35,0,8,0,57,0,0,0,225,0,0,0,0,0,0,0,938,0,307,0,0,0,2,0,0,0,4,0,0,1,2,1,3,0,73,0,1,0,1,0,1,0,0,0,0,0,3,0,4,0,47,1,353,0,45,0,0,0,0,0,13,0,457,0,90,0,433,0,276,0,0,0,1,0,1,1,1,0,0,0,0,0,0,0,2,1,0,0,1,1,0,0,0,0,0,0,0,0,0,0,0,0,1,0,0,0,0,0,3,0,9,0,0,0,1,0,0,0,2,0,15,0,0,0,0,0,1,0,5,1,2,0,269,1,0,0,0,0,7,0,0,0,1,0,1,0
0,0,0,1,0,0,0,0,0,0,0,0,0,0,0,0,0,9,0,0,0,1,0,0,0,0,0,0,0,0,0,0,0,4,0,0,0,0,1,1,0,314,0,661,0,0,1,2,1,2,0,17,0,7,1,15,0,10,0,161,0,0,0,2,0,2,0,2,0,4,0,3,0,0,0,2,0,44,0,34,0,0,0,0,1,23,0,429,1,80,0,152,0,94,0,4,0,0,0,0,1,0,0,1,0,0,0,0,2,0,0,0,0,1,0,0,0,0,0,2,0,0,0,0,0,2,0,1,0,1,0,0,0,0,0,0,0,0,0,51,0,3,0,9,0,11,0,0,0,0,0,0,0,0,0,0,0,152,0,0,0,0,0,1,0,1,0,0,0,0
2,0,2,1,4,0,0,0,2,0,1,0,1,0,7,1,1,0,9,0,0,0,0,0,0,0,0,0,0,0,0,0,31,1,0,0,34,7,402,125,66,16,108,8,2,1,0,480,3709,214,3564,493,1307,70,1179,48,875,32,151,44,4,4,10,5,2,1,1,2,5,2,2491,124,2,0,12,1,60,7,3,1,0,0,2,0,83,4,6,1,224,17,1,0,73,13,0,0,1,0,3,0,3,0,0,2,0,0,0,0,4,0,0,0,2,0,0,0,1,0,0,0,0,0,0,0,0,0,0,0,0,0,0,0,0,0,4,0,0,0,1,0,0,0,5,1,18,2,1,1,0,0,0,0,1,1,2,1,0,0,0,0,3,0,2,0,3,0,0,0,2,0
2,1,0,0,0,0,0,0,0,0,0,0,0,0,1,1,0,0,0,0,0,0,0,0,0,0,0,0,0,0,0,0,1,9,0,0,0,37,39,231,5,49,2,63,0,2,480,0,211,1898,32,3883,81,628,137,507,20,573,8,235,0,1,1,20,3,3,0,0,0,6,61,2440,0,0,0,0,3,28,0,8,0,0,0,0,9,18,1,9,37,52,0,2,7,64,0,1,0,1,1,1,0,0,0,0,0,0,0,0,0,1,0,1,1,0,0,0,0,0,0,0,0,0,0,0,0,0,0,0,0,0,0,0,0,0,0,0,0,0,0,14,0,9,0,1,1,6,0,0,0,0,0,0,0,0,0,11,0,0,0,0,0,0,0,2,0,0,0,0,1,0
5,0,8,2,11,1,6,1,2,1,0,0,2,0,15,3,0,1,9,0,0,0,0,0,0,0,0,0,0,0,0,0,21,10,0,0,152,9,308,60,27,24,11,4,0,1,3709,211,0,498,117,29,2645,154,986,90,32,40,12,21,11,7,130,10,73,2,17,3,13,10,2359,145,5,0,19,1,21,13,0,0,0,0,9,1,67,20,1,2,166,36,0,1,25,17,0,0,1,1,7,2,1,0,0,0,0,0,2,0,3,1,0,0,1,2,0,0,0,0,0,0,0,0,0,0,0,0,0,1,0,2,0,0,0,0,3,0,0,0,0,8,0,1,1,2,13,5,0,1,0,0,0,0,0,0,2,1,0,0,0,1,0,2,1,0,0,0,0,1,5,0
0,1,0,2,0,1,0,0,0,0,0,0,0,0,0,0,0,0,0,0,0,0,0,0,0,0,0,0,0,0,0,0,1,9,0,0,0,14,27,116,5,22,0,10,0,2,214,1898,498,0,11,259,68,1870,83,872,12,102,5,51,0,2,2,75,0,12,0,3,0,25,63,1885,0,0,1,1,4,15,0,6,0,0,0,1,5,17,0,1,25,63,0,0,8,21,0,0,1,0,0,1,0,1,0,0,0,0,0,1,0,0,1,0,0,1,0,0,0,0,0,0,0,0,0,0,0,1,0,2,0,0,0,0,0,0,0,0,0,0,2,9,0,5,0,5,3,5,0,0,0,0,0,0,0,0,0,1,0,0,0,0,0,0,0,4,0,0,0,0,1,0
2,0,6,0,4,0,1,0,5,0,3,0,0,0,2,1,0,0,1,1,1,0,0,0,0,0,0,0,0,0,0,0,51,0,0,0,2,0,41,3,125,0,674,1,4,0,3564,32,117,11,0,12,63,5,802,4,1939,3,1705,5,3,0,1,1,5,0,2,0,2,0,788,7,4,0,24,0,58,0,1,0,0,0,1,0,83,0,13,1,349,0,2,0,296,1,24,0,1,2,7,0,98,0,55,0,0,0,0,0,1,0,0,0,1,7,0,0,0,0,0,1,0,0,1,0,0,1,1,0,0,0,0,1,1,0,7,0,0,0,1,0,0,0,5,0,30,1,1,0,0,1,0,0,1,0,1,0,1,0,1,0,0,0,2,0,1,1,1,0,35,0
0,1,0,0,0,2,0,0,0,0,0,0,1,0,0,0,0,0,0,1,0,0,0,0,0,0,0,0,0,0,0,0,0,16,0,0,0,14,7,48,2,136,0,894,0,17,493,3883,29,259,12,0,9,118,10,188,3,443,1,1703,0,0,1,8,1,2,1,2,0,7,12,860,0,0,1,0,1,55,0,6,0,0,1,1,2,28,0,17,11,97,0,6,1,120,1,164,1,3,0,19,2,23,21,528,0,0,2,4,1,4,0,1,5,38,19,254,19,3,2,1,0,0,0,0,0,0,0,1,0,3,0,0,0,0,0,0,0,0,0,18,0,6,0,9,1,5,0,0,0,0,0,0,0,1,0,4,0,1,0,0,0,0,0,2,0,0,0,2,0,0
12,0,4,1,8,1,1,0,0,0,0,0,3,0,5,2,0,0,0,0,0,0,0,0,0,0,0,0,0,0,0,0,14,0,0,0,2,1,81,30,8,5,5,1,0,0,1307,81,2645,68,63,9,0,83,3740,51,46,21,10,5,11,0,949,4,86,0,14,0,21,2,467,53,1,0,6,0,16,1,0,2,0,0,6,0,73,2,0,0,188,16,0,0,11,7,1,0,0,0,1,0,1,0,0,0,0,0,0,0,1,0,0,0,0,0,0,0,0,0,0,0,0,0,0,0,0,1,0,0,0,0,0,0,0,0,1,0,0,0,2,1,0,0,0,0,9,1,0,1,0,0,0,0,0,0,0,1,0,0,0,0,0,0,0,0,2,0,0,0,1,0
0,6,0,7,1,7,0,2,0,0,0,0,0,3,0,2,0,0,0,0,0,0,0,0,0,0,0,0,0,0,0,0,1,18,0,0,3,9,24,97,2,40,0,11,1,7,70,628,154,1870,5,118,83,0,89,2315,11,222,4,88,1,10,0,668,3,37,1,11,2,387,49,549,1,1,2,2,4,49,0,14,0,0,1,3,14,55,1,3,41,186,0,0,9,40,0,0,0,3,1,4,0,1,0,0,0,1,0,3,1,4,1,2,4,2,0,0,0,0,0,3,0,0,0,0,0,1,0,0,0,5,0,0,0,0,0,0,0,0,0,21,0,15,0,12,0,14,0,1,0,1,0,0,0,0,0,1,0,0,0,0,0,0,0,3,1,1,1,0,0,0
142,0,20,1,108,0,7,0,12,0,0,0,10,0,32,3,1,0,2,1,1,0,0,0,0,0,0,0,0,0,0,0,57,2,0,0,6,2,160,23,63,23,20,1,2,1,1179,137,986,83,802,10,3740,89,0,76,2704,36,268,23,125,1,983,7,1415,0,51,0,971,9,567,63,17,0,33,2,93,12,3,2,0,0,11,1,282,11,8,2,3710,25,1,0,313,17,0,0,0,0,5,3,3,1,1,0,1,0,1,1,5,0,1,0,0,1,1,0,0,0,0,0,0,0,0,0,0,0,0,0,0,0,0,0,1,0,7,0,0,0,2,3,2,3,5,0,40,3,2,1,0,0,0,0,0,3,2,0,3,0,1,1,2,0,1,1,3,2,0,0,2,0
1,11,2,21,0,10,0,7,0,0,0,0,0,1,3,3,0,0,0,0,0,0,0,0,0,0,0,0,0,0,0,0,2,53,0,0,7,6,49,60,2,78,0,8,1,15,48,507,90,872,4,188,51,2315,76,0,7,1545,8,346,1,16,1,478,3,44,2,15,1,953,50,351,0,0,2,0,4,129,0,19,0,0,0,7,11,120,1,9,62,1873,0,3,11,342,0,0,0,3,1,8,0,1,0,1,1,0,0,4,3,1,0,1,8,3,0,0,0,0,0,2,0,0,0,0,0,0,0,4,0,6,0,0,0,0,0,0,0,1,0,30,0,29,0,18,2,23,0,2,0,1,0,0,0,0,0,0,0,0,0,1,1,2,0,13,1,0,1,2,4,0
4,0,1,0,1,0,1,0,2,0,0,0,0,0,4,0,0,0,0,0,0,0,0,0,0,0,0,0,2,0,0,0,20,0,0,0,0,1,40,3,42,3,9,0,3,0,875,20,32,12,1939,3,46,11,2704,7,0,12,1552,3,1,0,2,0,3,0,4,0,2,0,71,5,2,0,5,0,35,3,1,0,0,0,2,0,49,0,6,0,266,4,1,0,993,0,0,0,0,0,0,1,1,0,0,0,0,1,0,0,2,0,0,0,0,0,0,0,0,0,0,0,0,0,0,0,0,0,0,0,0,0,0,0,0,0,1,0,0,0,1,0,1,0,1,0,10,0,0,0,0,0,0,0,0,0,0,1,0,0,0,0,0,0,2,0,1,0,0,0,1,0
0,1,0,0,0,0,0,0,0,0,0,0,0,0,0,0,0,0,0,0,0,0,0,0,0,0,0,0,0,0,0,0,0,6,0,0,0,0,13,15,3,50,2,9,0,10,32,573,40,102,3,443,21,222,36,1545,12,0,3,2631,0,0,0,2,0,0,1,1,0,10,20,86,0,0,0,0,0,41,0,5,0,0,0,1,6,30,0,5,16,537,0,0,5,831,0,0,0,3,0,5,0,0,0,0,0,0,0,2,0,1,1,0,0,2,1,0,0,0,0,1,0,0,0,0,0,0,0,0,0,3,0,0,0,0,0,0,0,0,0,16,0,13,0,10,0,7,0,1,0,0,0,0,0,0,0,0,1,0,0,0,0,0,0,2,0,0,1,0,0,0
1,0,3,0,2,0,1,0,9,0,3,0,0,0,1,0,0,0,0,0,0,0,0,0,1,0,0,0,1,0,0,0,40,0,0,0,0,0,6,0,491,0,1966,0,73,0,151,8,12,5,1705,1,10,4,268,8,1552,3,0,0,2,0,2,0,1,0,0,0,2,0,26,1,1,0,6,0,35,0,0,0,0,0,0,0,36,0,164,0,328,0,315,0,3088,2,1,0,0,1,0,1,0,0,48,0,0,0,0,0,0,0,0,0,0,0,0,0,0,1,0,0,0,0,0,0,0,0,0,0,0,0,0,0,0,0,1,0,0,0,0,0,0,1,0,0,9,0,0,0,0,0,0,0,0,0,0,0,0,0,0,0,0,0,0,0,0,0,0,0,0,0
0,0,0,1,0,0,0,0,0,0,0,0,0,0,0,0,0,0,0,0,0,0,0,0,0,0,0,0,0,0,0,0,0,7,0,0,0,1,6,16,2,745,0,1901,0,161,44,235,21,51,5,1703,5,88,23,346,3,2631,0,0,0,1,2,6,0,0,0,2,0,7,6,99,0,0,2,0,1,52,0,4,0,0,0,1,2,28,0,177,15,404,0,581,2,3480,0,4,0,1,1,4,0,7,0,23,0,0,0,1,0,1,0,1,2,1,1,6,0,0,2,1,0,0,0,0,0,0,0,0,0,0,0,0,0,0,0,0,0,0,0,25,0,11,0,8,1,3,0,1,0,0,0,0,0,0,0,0,0,0,0,0,0,0,0,2,0,0,0,0,1,0
5850,19,365,28,184,11,426,4,83,1,3,0,797,0,316,27,1,0,16,1,0,0,0,0,0,0,0,0,0,0,0,0,364,2,0,0,70,19,0,1,150,0,29,0,1,0,4,0,11,0,3,0,11,1,125,1,1,0,2,0,0,6,1816,9,3422,1,1868,0,169,0,521,6,1161,0,525,10,428,2,14,1,0,0,125,0,576,1,7,0,250,1,0,0,0,0,11,2,14,2,47,0,17,0,3,0,11,1,6,2,18,3,1,3,14,3,0,1,1,1,0,3,0,0,1,0,0,0,2,0,0,0,0,0,2,0,36,4,1,0,2,0,2,0,3,0,56,1,1,1,0,0,0,0,1,0,28,2,6,0,1,1,6,0,21,1,8,3,13,0,19,0
8,4583,1,318,1,265,3,219,1,70,0,0,0,679,15,400,0,0,0,3,0,0,0,0,0,0,0,0,0,0,0,0,1,1005,0,0,33,323,15,18,1,9,0,0,0,0,4,1,7,2,0,0,0,10,1,16,0,0,0,1,6,0,3,1229,5,828,2,2105,1,169,35,468,11,914,3,42,0,129,0,12,0,0,0,3,0,49,0,0,5,41,0,0,1,3,0,0,0,0,3,2,0,0,0,1,0,0,0,1,1,0,0,0,11,6,0,0,0,0,0,0,0,0,0,0,0,5,0,2,0,4,0,0,0,0,0,0,0,3,0,3,0,5,0,5,1,9,0,6,0,0,0,0,0,1,2,10,1,0,0,0,0,0,0,8,0,7,0,0,5,0
170,0,53,2,59,0,9,1,4,0,0,0,18,1,71,2,0,0,2,0,0,0,0,0,0,0,0,0,0,0,0,0,34,4,0,0,20,8,7,1,15,7,6,0,1,0,10,1,130,2,1,1,949,0,983,1,2,0,2,2,1816,3,0,4,3516,0,54,1,300,1,2015,7,145,1,39,0,53,1,5,1,0,0,14,1,28,2,0,0,61,6,0,0,3,1,1,0,0,0,7,0,0,0,0,0,0,0,1,0,3,1,1,0,1,1,0,0,0,0,0,1,0,0,0,0,0,0,1,0,0,0,0,1,1,0,6,0,0,0,0,1,0,3,0,0,16,1,0,0,0,1,0,0,0,0,2,0,2,0,0,0,1,1,0,0,2,2,1,0,4,1
3,202,1,141,3,63,0,22,1,14,0,0,1,18,10,134,0,0,0,8,0,0,0,0,0,0,0,0,0,0,0,0,3,172,0,0,24,276,62,84,5,33,1,2,0,2,5,20,10,75,1,8,4,668,7,478,0,2,0,6,9,1229,4,0,5,1940,1,242,3,1199,76,1324,10,87,5,30,5,100,0,22,0,0,1,11,7,110,0,4,19,81,0,0,3,10,0,1,0,1,4,7,3,1,0,0,0,1,0,0,4,2,0,0,11,6,0,0,0,0,0,8,0,0,0,0,0,11,0,11,0,24,0,2,0,0,2,0,0,1,0,9,0,11,0,7,1,36,0,8,0,2,0,0,0,0,2,15,0,2,0,0,1,1,0,9,0,2,0,2,9,0
315,3,36,3,95,1,18,2,7,0,1,0,19,0,36,0,0,0,2,0,0,0,0,0,0,0,0,0,0,0,0,0,57,1,0,0,10,6,12,1,26,7,12,0,1,0,2,3,73,0,5,1,86,3,1415,3,3,0,1,0,3422,5,3516,5,0,4,1340,0,1847,4,334,13,48,0,51,2,71,2,7,0,0,0,25,1,70,5,1,0,186,5,0,0,1,1,0,1,1,0,12,0,3,1,1,0,0,0,1,1,4,2,1,0,1,0,0,0,0,0,0,2,0,0,0,0,0,0,2,0,0,2,0,0,1,0,4,1,0,0,0,2,3,1,1,0,29,3,2,0,0,1,0,0,0,0,0,0,5,0,1,3,4,0,4,0,3,1,1,1,7,0
3,210,0,76,0,149,0,42,0,15,0,0,0,18,0,0,0,0,0,0,0,0,0,0,0,0,0,0,0,0,0,0,2,126,0,0,9,7,10,15,2,9,0,1,0,2,1,3,2,12,0,2,0,37,0,44,0,0,0,0,1,828,0,1940,4,0,0,1604,0,1097,18,61,2,0,1,16,0,53,0,12,0,0,1,2,1,73,0,1,3,83,0,0,0,2,0,2,0,2,2,5,0,1,0,0,0,0,1,0,2,0,0,1,5,6,1,0,0,0,0,2,0,0,0,0,0,5,0,4,0,7,0,1,0,0,0,0,0,0,0,7,0,6,0,4,0,14,0,6,0,0,0,0,0,0,1,0,0,1,0,0,0,0,0,3,0,2,0,2,3,0
234,0,13,0,28,0,98,0,29,0,1,0,336,0,23,0,0,0,0,1,0,0,0,0,0,0,0,0,0,0,0,0,148,0,0,0,7,5,1,0,29,1,11,0,0,0,1,0,17,0,2,1,14,1,51,2,4,1,0,0,1868,2,54,1,1340,0,0,1,819,4,85,9,41,0,51,2,84,4,3,0,0,0,45,1,1567,3,4,0,581,1,0,0,3,0,1,0,4,0,22,1,6,0,1,0,2,0,2,0,7,1,1,0,0,3,0,1,0,0,0,1,0,0,0,0,1,0,1,0,0,0,0,0,1,0,6,0,0,0,1,0,0,0,0,0,21,0,0,0,0,0,0,0,0,0,0,0,0,0,1,0,0,0,3,0,1,0,4,0,3,0
0,387,0,28,1,207,0,357,0,264,0,0,0,856,6,0,0,0,0,0,0,0,0,0,0,0,0,0,0,0,0,0,1,195,0,0,3,22,12,10,0,9,0,0,0,2,2,0,3,3,0,2,0,11,0,15,0,1,0,2,0,2105,1,242,0,1604,1,0,1,521,26,38,0,1,0,15,2,96,1,7,0,0,2,19,2,846,0,1,1,335,0,0,0,14,1,1,0,1,1,6,0,0,0,0,0,0,0,0,1,2,0,1,5,6,0,0,0,0,0,0,0,0,0,0,0,3,0,2,0,16,0,0,0,0,0,0,0,0,0,4,0,4,0,2,1,20,0,7,0,0,0,0,0,0,0,1,0,1,0,0,0,0,1,6,1,0,2,0,6,0
131,2,9,0,45,0,15,0,4,0,0,0,6,0,13,0,0,0,0,0,0,0,0,0,0,0,0,0,0,0,0,0,20,2,0,0,3,1,2,0,10,5,1,0,0,0,5,0,13,0,2,0,21,2,971,1,2,0,2,0,169,1,300,3,1847,0,819,1,0,4,43,4,3,0,16,0,21,3,0,2,0,0,12,0,188,1,0,1,1421,1,0,0,3,1,2,0,3,0,5,0,1,1,0,0,0,1,0,0,4,0,0,0,1,1,1,0,0,0,0,0,0,0,0,0,0,1,0,0,0,0,0,0,0,0,3,0,0,0,0,0,0,1,1,0,11,2,1,0,0,0,0,0,0,0,1,0,0,0,0,0,2,1,0,0,0,0,0,0,0,0
2,213,0,100,0,205,1,49,1,11,0,0,0,5,6,3,0,0,0,0,0,0,0,0,0,0,0,0,0,0,0,0,2,89,0,0,4,15,16,57,4,21,0,0,0,4,2,6,10,25,0,7,2,387,9,953,0,10,0,7,0,169,1,1199,4,1097,4,521,4,0,32,101,2,1,1,26,9,73,0,12,0,0,2,10,12,552,0,6,15,1141,0,1,2,68,0,1,1,0,1,3,0,0,0,0,0,0,1,0,1,0,0,1,9,6,0,0,0,0,0,2,0,0,0,0,0,2,0,3,0,8,0,1,0,0,0,0,0,0,0,8,0,8,0,20,2,16,0,4,0,0,0,0,0,0,3,1,0,1,0,0,0,2,0,9,0,0,0,1,2,2
118,21,97,15,61,6,23,5,16,3,0,0,31,5,319,19,0,0,60,3,1,1,0,0,1,0,0,0,0,0,0,0,57,28,0,0,2147,102,1345,85,109,37,197,9,3,0,2491,61,2359,63,788,12,467,49,567,50,71,20,26,6,521,35,2015,76,334,18,85,26,43,32,0,135,466,6,111,9,126,41,4,9,0,0,51,3,129,57,2,6,157,57,0,0,43,22,2,2,5,1,23,4,14,0,4,0,3,0,5,1,13,6,0,2,5,5,0,0,2,0,0,2,0,0,1,0,3,0,0,4,0,9,0,2,1,0,14,3,1,0,2,5,7,8,1,8,44,17,0,5,0,1,0,0,7,4,41,4,3,0,0,2,4,1,5,3,5,6,4,2,12,3
5,74,2,88,3,16,2,4,0,3,0,0,1,6,14,210,0,2,2,15,0,5,0,0,0,0,0,0,1,0,0,0,5,59,0,0,18,2528,110,1283,12,129,4,286,0,3,124,2440,145,1885,7,860,53,549,63,351,5,86,1,99,6,468,7,1324,13,61,9,38,4,101,135,0,3,318,9,18,12,63,1,16,0,0,3,12,29,124,0,14,96,148,0,4,14,66,0,1,1,1,4,2,1,0,1,1,0,0,0,3,2,0,1,0,6,17,0,0,0,0,1,3,0,0,0,0,0,3,0,7,0,9,0,1,0,0,0,0,0,2,0,9,0,24,0,17,7,45,1,8,0,0,0,2,0,20,3,123,0,1,2,0,1,2,0,8,0,1,2,0,2,0
1049,47,249,23,115,6,60,3,47,1,1,0,9,1,1439,30,0,0,11,0,0,0,0,0,0,0,0,0,0,0,0,0,142,4,0,0,689,60,0,0,98,1,15,0,4,0,2,0,5,0,4,0,1,1,17,0,2,0,1,0,1161,11,145,10,48,2,41,0,3,2,466,3,0,7,507,12,254,0,17,4,0,0,6,0,12,0,1,0,17,1,0,0,1,0,8,0,7,2,32,0,4,0,2,0,2,1,6,4,25,6,8,5,4,4,0,0,0,0,0,5,0,0,1,0,4,0,4,0,2,0,0,0,3,0,38,6,0,0,1,0,1,0,1,0,34,0,1,0,0,0,0,0,0,0,7,1,11,0,2,0,9,0,17,0,12,6,3,0,23,1
2,553,0,205,0,10,0,0,0,0,0,0,0,1,9,1688,0,0,0,6,0,0,0,0,0,0,0,0,0,0,0,0,1,9,0,0,33,442,1,0,0,0,0,0,0,0,0,0,0,0,0,0,0,1,0,0,0,0,0,0,0,914,1,87,0,0,0,1,0,1,6,318,7,0,2,3,0,0,0,1,0,0,0,0,0,0,0,0,0,1,0,0,0,0,0,0,0,0,0,0,0,0,0,0,0,0,0,0,0,0,0,0,0,0,0,0,0,0,0,0,0,0,0,0,0,0,0,0,0,0,0,0,0,0,0,0,0,0,0,0,0,0,0,0,0,0,0,0,0,0,0,0,0,2,2,10,0,1,0,0,0,0,0,0,0,0,0,0,0,0
727,8,1217,54,2129,19,331,5,672,10,58,0,81,0,598,30,85,84,568,60,83,55,40,11,27,0,5,0,9,0,0,0,438,3,0,0,278,43,11,1,346,0,36,0,47,0,12,0,19,1,24,1,6,2,33,2,5,0,6,2,525,3,39,5,51,1,51,0,16,1,111,9,507,2,0,65,2848,10,145,7,0,0,22,0,108,1,9,0,65,0,1,0,5,1,15,9,21,9,117,5,31,5,4,6,4,6,15,14,52,16,11,9,31,9,1,3,1,0,0,11,5,0,29,0,38,0,55,0,4,0,3,0,44,0,699,150,5,0,3,0,13,0,5,0,294,0,22,0,3,0,110,14,175,22,191,44,330,10,9,6,30,1,67,3,38,19,23,5,79,3
35,176,47,1467,64,1198,14,175,11,582,0,104,4,20,142,474,124,59,67,418,2,341,2,97,1,1,0,1,1,4,0,0,8,190,0,0,70,109,2,1,10,1,1,1,1,2,1,0,1,1,0,0,0,2,2,0,0,0,0,0,10,42,0,30,2,16,2,15,0,26,9,18,12,3,65,0,31,713,0,53,0,0,0,0,2,3,1,0,1,13,1,0,1,1,0,0,1,0,5,2,0,0,0,1,0,0,0,0,0,0,0,0,3,2,0,0,0,0,0,1,0,5,0,0,0,28,0,33,0,62,0,2,0,0,4,0,0,0,0,4,0,1,0,1,3,2,1,7,0,5,4,11,5,34,131,206,4,143,1,0,0,2,1,4,1,4,0,1,2,1
384,6,676,36,714,14,189,4,764,6,403,1,90,0,258,19,245,8,254,36,28,5,15,1,72,0,29,0,130,0,0,0,2186,1,0,0,53,16,12,1,424,4,39,1,353,0,60,3,21,4,58,1,16,4,93,4,35,0,35,1,428,0,53,5,71,0,84,2,21,9,126,12,254,0,2848,31,0,10,500,4,0,0,38,0,222,2,69,1,144,3,11,0,50,4,14,5,14,10,72,1,19,2,6,0,3,6,13,6,29,15,4,5,14,8,0,0,1,0,1,5,0,0,2,0,4,0,9,0,0,0,0,0,44,0,221,22,2,0,1,0,4,1,11,2,143,1,4,0,0,0,15,3,29,9,103,31,1567,2,7,7,13,1,41,4,40,13,19,3,33,2
0,88,12,377,5,302,0,100,2,283,0,429,0,209,6,7,5,275,15,75,0,174,0,183,0,86,0,6,0,72,0,0,1,2592,0,0,6,15,14,19,3,180,1,4,0,44,7,28,13,15,0,55,1,49,12,129,3,41,0,52,2,129,1,100,2,53,4,96,3,73,41,63,0,0,10,713,10,0,1,406,0,0,0,51,7,353,0,92,19,281,0,8,1,73,1,8,1,11,21,30,1,6,2,11,2,1,1,9,31,15,1,3,137,105,2,2,3,2,5,21,0,0,0,0,0,94,0,119,0,56,0,39,0,0,0,1,0,19,0,70,0,53,0,39,2,135,0,145,0,2,1,6,0,1,9,23,3,973,3,4,1,11,1,179,2,56,15,7,128,13
11,0,6,3,17,1,4,0,5,0,1,0,1,0,12,0,29,0,4,0,0,0,2,0,2,0,1,0,0,0,0,0,17,0,0,0,0,1,1,0,17,1,5,0,45,0,3,0,0,0,1,0,0,0,3,0,1,0,0,0,14,0,5,0,7,0,3,1,0,0,4,1,17,0,145,0,500,1,0,0,0,0,0,0,2,1,0,0,5,1,0,0,0,0,0,1,1,0,11,1,2,0,0,0,0,0,0,1,4,0,3,3,1,0,0,1,0,0,0,0,1,0,1,0,0,0,2,0,0,0,0,0,7,0,29,14,0,0,0,0,0,0,1,0,17,0,0,0,1,0,0,0,0,0,3,1,161,0,2,0,2,1,11,0,2,0,0,0,3,0
0,0,1,1,1,0,1,1,1,2,0,0,1,3,2,0,0,14,0,0,0,2,0,2,0,0,0,0,0,0,0,0,0,32,0,0,0,2,1,4,2,221,0,11,0,34,1,8,0,6,0,6,2,14,2,19,0,5,0,4,1,12,1,22,0,12,0,7,2,12,9,16,4,1,7,53,4,406,0,0,0,0,0,5,2,15,0,1,5,32,0,1,3,15,2,7,3,5,22,25,2,7,0,4,1,2,2,7,28,16,1,2,96,56,1,1,0,1,3,37,0,2,1,0,0,148,0,221,0,9,0,82,0,0,0,1,0,33,0,33,0,16,0,9,3,35,0,43,0,0,0,0,0,0,0,1,0,386,2,10,0,44,0,386,1,89,14,13,79,8
0,0,0,0,0,0,0,0,0,0,0,0,0,0,0,0,0,0,0,0,0,0,0,0,0,0,0,0,0,0,0,0,0,0,0,0,0,0,0,0,0,0,0,0,0,0,0,0,0,0,0,0,0,0,0,0,0,0,0,0,0,0,0,0,0,0,0,0,0,0,0,0,0,0,0,0,0,0,0,0,0,0,0,0,0,0,0,0,0,0,0,0,0,0,0,0,0,0,0,0,0,0,0,0,0,0,0,0,0,0,0,0,0,0,0,0,0,0,0,0,0,0,0,0,0,0,0,0,0,0,0,0,0,0,0,0,0,0,0,0,0,0,0,0,0,0,0,0,0,0,0,0,0,0,0,0,0,0,0,0,0,0,0,0,0,0,0,0,0,0
0,0,0,0,0,0,0,0,0,0,0,0,0,0,0,0,0,0,0,0,0,0,0,0,0,0,0,0,0,0,0,0,0,0,0,0,0,0,0,0,0,0,0,0,0,0,0,0,0,0,0,0,0,0,0,0,0,0,0,0,0,0,0,0,0,0,0,0,0,0,0,0,0,0,0,0,0,0,0,0,0,0,0,0,0,0,0,0,0,0,0,0,0,0,0,0,0,0,0,0,0,0,0,0,0,0,0,0,0,0,0,0,0,0,0,0,0,0,0,0,0,0,0,0,0,0,0,0,0,0,0,0,0,0,0,0,0,0,0,0,0,0,0,0,0,0,0,0,0,0,0,0,0,0,0,0,0,0,0,0,0,0,0,0,0,0,0,0,0,0
16,0,3,0,0,1,26,0,4,0,0,0,403,0,7,0,0,0,0,0,0,0,0,0,0,0,0,0,0,0,0,0,62,0,0,0,4,0,5,0,1,0,3,0,0,0,2,0,9,0,1,1,6,1,11,0,2,0,0,0,125,0,14,1,25,1,45,2,12,2,51,3,6,0,22,0,38,0,0,0,0,0,0,1,532,0,0,1,25,2,0,0,0,1,0,0,0,0,1,0,0,0,0,0,0,0,0,0,0,0,0,0,0,0,0,0,0,0,0,0,0,0,0,0,0,0,2,0,0,1,0,0,0,0,2,0,0,0,1,0,0,0,0,0,10,0,1,0,0,0,0,0,0,0,2,0,0,0,0,0,1,0,1,0,1,0,0,0,1,0
0,1,0,0,0,2,0,1,0,2,0,0,0,23,1,0,0,0,0,0,0,0,0,0,0,0,0,0,0,0,0,0,1,230,0,0,0,1,2,4,0,0,0,1,0,0,0,0,1,1,0,1,0,3,1,7,0,1,0,1,0,3,1,11,1,2,1,19,0,10,3,12,0,0,0,0,0,51,0,5,0,0,1,0,0,592,0,4,0,40,0,1,0,0,0,0,1,0,0,0,0,0,0,0,0,0,0,0,0,0,0,0,0,0,0,0,0,0,0,0,0,0,0,0,0,0,0,1,0,1,0,0,0,0,0,0,0,0,0,1,0,0,0,0,0,2,0,0,0,0,0,0,0,0,0,0,0,0,0,0,0,0,0,1,0,1,0,0,1,0
137,4,11,1,35,3,304,1,50,0,4,0,1879,0,21,0,4,1,2,0,0,0,0,0,0,0,0,0,1,0,0,0,488,3,0,0,13,4,26,4,155,9,34,0,13,1,83,9,67,5,83,2,73,14,282,11,49,6,36,2,576,0,28,7,70,1,1567,2,188,12,129,29,12,0,108,2,222,7,2,2,0,0,532,0,0,2,878,0,5669,8,5,0,54,5,1,0,3,0,9,0,3,0,2,0,1,1,2,1,5,1,0,0,1,1,1,1,0,0,0,2,0,0,2,0,1,0,4,0,1,0,0,0,0,0,28,1,0,0,2,1,1,2,7,3,97,1,0,0,0,0,0,0,1,0,4,2,3,0,0,0,0,0,4,0,4,2,2,0,1,0
0,54,0,14,0,71,0,98,0,80,0,0,0,155,0,2,0,0,0,0,0,0,0,0,0,0,0,0,0,0,0,0,1,1326,0,0,4,9,33,47,2,124,1,3,0,23,4,18,20,17,0,28,2,55,11,120,0,30,0,28,1,49,2,110,5,73,3,846,1,552,57,124,0,0,1,3,2,353,1,15,0,0,0,592,2,0,0,1651,14,4416,0,86,1,137,0,1,1,0,1,4,0,0,0,1,0,1,0,2,3,1,0,0,3,12,0,1,0,0,0,5,0,0,0,0,1,1,0,3,0,8,0,4,0,0,0,0,0,1,1,16,0,28,2,18,3,31,0,6,0,2,0,0,0,0,1,1,0,0,0,0,0,1,0,10,0,1,0,1,6,1
12,0,4,0,10,0,349,0,100,0,8,0,340,0,10,1,11,0,5,0,0,0,1,0,2,0,0,0,105,0,0,0,504,0,0,0,1,0,1,0,264,0,36,0,457,0,6,1,1,0,13,0,0,1,8,1,6,0,164,0,7,0,0,0,1,0,4,0,0,0,2,0,1,0,9,1,69,0,0,0,0,0,0,0,878,0,0,0,888,0,940,0,248,0,0,0,1,0,1,0,0,0,0,0,0,0,0,0,0,0,0,0,0,0,0,0,0,0,0,0,0,0,0,0,0,0,0,0,0,0,0,0,0,0,1,0,0,0,0,0,1,0,2,0,15,0,0,0,0,0,0,0,0,0,4,0,0,0,0,0,0,0,0,0,0,0,0,0,0,0
0,1,0,0,0,1,0,0,0,0,0,0,0,15,0,0,0,0,0,0,0,0,0,0,0,0,0,0,0,0,0,0,0,251,0,0,0,0,1,2,0,366,0,68,0,429,1,9,2,1,1,17,0,3,2,9,0,5,0,177,0,0,0,4,0,1,0,1,1,6,6,14,0,0,0,0,1,92,0,1,0,0,1,4,0,1651,0,0,1,837,0,665,0,225,0,0,0,0,0,0,0,1,0,0,0,0,0,0,0,0,0,0,0,0,0,0,0,0,0,0,0,0,0,0,0,1,0,0,0,4,0,1,0,0,0,0,0,0,0,34,0,2,0,10,0,2,0,1,0,0,0,0,0,0,0,0,0,0,0,0,0,0,0,0,0,0,0,0,0,0
361,1,21,1,179,2,65,0,40,1,9,0,15,0,28,4,6,0,2,0,0,0,0,0,0,0,0,0,1,0,0,0,185,4,0,0,7,3,86,20,491,40,139,1,90,1,224,37,166,25,349,11,188,41,3710,62,266,16,328,15,250,5,61,19,186,3,581,1,1421,15,157,96,17,0,65,1,144,19,5,5,0,0,25,0,5669,14,888,1,0,30,470,0,3478,26,0,0,1,0,6,3,4,0,0,1,0,0,1,0,3,1,0,0,3,1,0,0,0,0,0,0,0,0,0,0,2,1,0,0,0,0,0,0,0,0,13,0,1,0,3,6,5,4,6,3,48,5,0,0,0,0,0,0,0,0,5,1,3,0,0,0,3,1,3,1,5,2,1,0,2,0
4,93,0,45,2,187,1,65,1,53,0,0,0,29,6,2,0,0,0,1,0,0,0,0,0,0,0,0,0,0,0,0,7,183,0,0,5,16,38,60,5,370,2,30,0,80,17,52,36,63,0,97,16,186,25,1873,4,537,0,404,1,41,6,81,5,83,1,335,1,1141,57,148,1,1,0,13,3,281,1,32,0,0,2,40,8,4416,0,837,30,0,0,505,3,3072,0,5,0,6,1,9,1,2,0,3,0,0,0,8,3,2,1,0,7,7,0,0,0,0,0,7,0,0,1,0,0,4,0,2,0,8,0,1,1,0,0,0,0,0,0,47,0,42,0,32,2,28,0,2,0,0,0,0,0,0,3,2,0,0,0,0,0,1,1,13,0,1,0,1,1,0
0,0,1,0,2,0,0,0,7,0,5,0,0,0,0,0,5,0,0,1,1,0,0,0,4,0,0,0,2,0,0,0,54,0,0,0,0,0,0,0,228,0,57,0,433,0,1,0,0,0,2,0,0,0,1,0,1,0,315,0,0,0,0,0,0,0,0,0,0,0,0,0,0,0,1,1,11,0,0,0,0,0,0,0,5,0,940,0,470,0,0,0,1503,0,0,0,0,0,0,0,0,0,0,0,0,0,0,0,0,0,0,0,0,0,0,0,0,0,0,1,0,0,0,0,0,0,0,0,0,0,0,0,0,0,0,0,0,0,0,0,1,0,1,0,1,0,0,0,0,0,0,0,1,0,0,0,0,0,0,0,0,0,0,0,0,0,0,0,0,0
0,0,0,1,0,0,0,0,0,0,0,0,0,0,0,0,0,0,0,0,0,0,0,0,0,0,0,0,0,0,0,0,0,8,0,0,0,0,0,1,0,238,0,308,0,152,0,2,1,0,0,6,0,0,0,3,0,0,0,581,0,0,0,0,0,0,0,0,0,1,0,4,0,0,0,0,0,8,0,1,0,0,0,1,0,86,0,665,0,505,0,0,0,1250,0,1,0,0,1,0,0,0,0,0,0,0,0,0,0,0,0,0,0,0,0,0,0,0,0,1,0,0,0,0,0,1,0,0,0,0,0,0,0,0,0,0,0,0,0,11,0,1,0,5,0,0,0,0,0,0,0,0,0,0,0,0,0,0,0,0,0,0,0,0,0,0,0,0,1,0
6,0,7,0,11,0,1,0,15,0,7,0,1,0,1,0,8,0,2,0,0,0,0,0,3,0,1,0,8,0,0,0,122,1,0,0,0,1,16,2,710,7,232,0,276,0,73,7,25,8,296,1,11,9,313,11,993,5,3088,2,0,1,3,3,1,0,3,0,3,2,43,14,1,0,5,1,50,1,0,3,0,0,0,0,54,1,248,0,3478,3,1503,0,0,1,0,0,0,0,3,0,0,0,0,0,0,0,0,1,1,0,0,0,0,0,0,0,0,0,0,0,0,0,0,0,0,0,1,0,0,0,0,0,0,0,1,0,0,0,0,1,1,0,3,0,14,0,0,0,0,0,0,0,1,1,0,1,1,0,0,0,0,0,0,0,0,0,1,0,1,0
0,6,0,4,0,11,1,2,0,1,0,0,0,0,0,0,0,0,0,0,0,0,0,0,0,0,0,0,0,0,0,0,1,22,0,0,1,0,20,20,2,472,0,98,0,94,13,64,17,21,1,120,7,40,17,342,0,831,2,3480,0,3,1,10,1,2,0,14,1,68,22,66,0,0,1,1,4,73,0,15,0,0,1,0,5,137,0,225,26,3072,0,1250,1,0,0,0,0,1,0,2,1,0,0,0,0,0,0,0,0,2,1,0,1,0,0,0,0,0,0,1,0,0,0,0,0,0,0,1,0,1,0,0,0,0,0,0,0,0,0,23,0,9,0,9,0,13,0,2,0,0,0,0,0,0,0,0,0,0,0,0,0,1,0,4,0,0,0,1,0,0
0,0,3,1,0,0,1,0,1,0,0,0,1,0,1,0,0,0,0,0,0,0,0,0,0,0,0,0,0,0,0,0,3,0,0,0,1,0,0,0,5,0,6,0,0,0,0,0,0,0,24,1,1,0,0,0,0,0,1,0,11,0,1,0,0,0,1,1,2,0,2,0,8,0,15,0,14,1,0,2,0,0,0,0,1,0,0,0,0,0,0,0,0,0,0,59,2013,78,69,10,678,16,2444,27,361,12,427,63,382,47,121,39,8,13,28,90,242,23,0,1,0,0,0,0,0,0,0,0,0,0,0,0,1,0,3,0,0,0,0,0,0,0,0,0,2,0,0,0,0,0,0,0,0,0,0,1,1,0,6,4,4,6,4,11,3,3,1,2,3,1
1,0,1,0,3,0,0,0,1,0,0,0,0,0,1,0,0,0,2,0,0,0,0,0,0,0,0,0,0,0,0,0,0,0,0,0,0,1,0,0,2,4,26,4,0,4,0,1,0,0,0,164,0,0,0,0,0,0,0,4,2,0,0,1,1,2,0,1,0,1,2,1,0,0,9,0,5,8,1,7,0,0,0,0,0,1,0,0,0,5,0,1,0,0,59,0,191,5110,14,279,44,499,26,5753,10,391,52,624,51,306,12,102,48,25,97,266,779,70,78,16,0,0,0,0,0,0,0,0,0,0,0,1,1,0,2,0,0,0,0,0,0,0,0,0,3,0,0,0,0,0,0,0,0,0,0,0,0,0,3,17,4,2,6,5,0,4,7,1,0,1
5,0,1,0,7,0,0,0,3,0,1,0,0,0,7,0,0,0,0,0,0,0,0,0,0,0,0,0,0,0,0,0,1,0,0,0,1,1,0,0,10,0,13,2,1,0,1,0,1,1,1,1,0,0,0,0,0,0,0,0,14,0,0,0,1,0,4,0,3,1,5,1,7,0,21,1,14,1,1,3,0,0,0,1,3,1,1,0,1,0,0,0,0,0,2013,191,0,439,77,16,408,21,708,39,1907,64,1198,116,485,105,81,50,4,14,33,31,475,117,10,10,0,0,0,0,0,0,0,0,0,0,0,0,0,0,1,0,0,0,0,0,0,0,2,0,5,0,0,0,0,0,0,0,0,0,3,0,1,0,2,3,4,10,4,6,5,1,3,2,4,0
1,0,1,0,4,0,1,0,2,1,0,0,0,0,3,0,0,0,2,0,0,0,0,0,0,0,0,0,0,0,0,0,1,3,0,0,1,0,0,1,5,5,12,4,0,0,0,1,1,0,2,3,0,3,0,3,0,3,1,1,2,0,0,1,0,2,0,1,0,0,1,1,2,0,9,0,10,11,0,5,0,0,0,0,0,0,0,0,0,6,0,0,0,1,78,5110,439,0,9,104,41,193,60,262,11,2462,47,2129,59,366,18,55,46,42,77,133,501,487,78,19,0,0,0,0,0,0,0,0,0,0,0,1,0,0,0,0,0,0,0,0,0,1,0,0,2,0,0,0,0,0,0,0,0,0,1,0,0,1,3,11,2,4,2,14,1,3,5,5,2,0
37,0,20,1,24,0,6,0,19,0,6,1,2,0,21,1,1,0,4,0,0,0,0,0,0,0,0,0,0,0,0,0,19,2,0,0,3,3,2,1,41,0,14,0,1,0,3,1,7,0,7,0,1,1,5,1,0,0,0,1,47,3,7,4,12,2,22,1,5,1,23,4,32,0,117,5,72,21,11,22,0,0,1,0,9,1,1,0,6,1,0,1,3,0,69,14,77,9,0,8,390,3,144,6,13,2,51,9,163,30,49,10,73,197,93,58,24,23,9,102,0,0,0,0,1,0,0,1,0,3,0,0,2,0,31,3,1,0,6,0,1,0,2,0,45,1,0,0,0,0,0,0,0,1,3,4,7,2,17,9,3,2,21,14,80,52,8,2,166,3
1,1,1,0,2,0,0,0,1,1,0,0,0,3,2,0,0,0,0,0,0,0,0,0,0,0,0,0,0,0,0,0,0,8,0,0,1,1,3,2,2,11,3,1,1,0,0,1,2,1,0,19,0,4,3,8,1,5,1,4,0,2,0,7,0,5,1,6,0,3,4,2,0,0,5,2,1,30,1,25,0,0,0,0,0,4,0,0,3,9,0,0,0,2,10,279,16,104,8,0,30,1358,8,279,2,13,18,101,35,155,10,30,48,56,285,49,18,18,3,16,0,0,0,0,0,0,0,0,0,0,0,0,0,0,0,0,0,0,0,1,0,1,0,2,2,0,0,1,0,0,0,0,0,0,1,0,0,4,5,31,0,0,0,19,0,7,11,14,1,0
13,0,7,2,6,2,2,0,3,0,0,0,1,0,6,1,0,0,2,0,0,0,0,0,0,0,0,0,0,0,0,0,9,1,0,0,1,0,0,0,27,2,13,0,1,1,3,0,1,0,98,2,1,0,3,0,1,0,0,0,17,0,0,3,3,0,6,0,1,0,14,1,4,0,31,0,19,1,2,2,0,0,0,0,3,0,0,0,4,1,0,0,0,1,678,44,408,41,390,30,0,60,2062,28,77,14,229,74,291,68,88,37,19,280,1483,116,54,72,27,5,0,0,0,0,0,0,0,1,0,0,0,1,0,0,15,2,1,0,0,1,0,0,1,0,16,1,1,0,0,0,0,0,0,0,0,0,0,1,2,2,2,10,7,10,19,4,6,4,110,0
2,0,0,0,0,0,0,0,3,0,0,0,0,0,1,0,0,0,0,0,0,0,0,0,0,0,0,0,0,0,0,0,0,1,0,0,0,0,1,0,1,2,4,12,0,0,0,0,0,1,0,23,0,1,1,1,0,0,0,7,0,0,0,1,1,1,0,0,1,0,0,0,0,0,5,0,2,6,0,7,0,0,0,0,0,0,0,1,0,2,0,0,0,0,16,499,21,193,3,1358,60,0,27,1805,1,19,21,126,16,158,9,16,48,68,865,344,45,31,18,13,0,0,0,0,0,0,0,0,0,0,0,0,0,0,0,0,0,0,0,0,0,1,0,0,1,0,0,0,0,0,0,0,0,0,1,0,1,0,3,4,2,5,1,9,0,0,2,5,0,0
2,0,3,0,1,0,0,0,4,0,0,0,1,0,0,0,0,0,0,0,0,0,0,0,0,0,0,0,0,0,0,0,2,0,0,0,0,0,0,0,2,0,0,0,0,0,0,0,0,0,55,21,0,0,1,0,0,0,48,0,3,0,0,0,1,0,1,0,0,0,4,1,2,0,4,0,6,2,0,0,0,0,0,0,2,0,0,0,0,0,0,0,0,0,2444,26,708,60,144,8,2062,27,0,147,131,11,153,31,280,37,45,17,15,40,149,1063,245,48,10,13,0,0,0,0,0,0,1,0,0,0,0,0,0,0,1,0,0,0,0,0,2,0,0,0,5,0,0,0,0,0,0,0,0,0,0,0,1,0,2,0,1,5,2,5,1,3,2,1,5,0
0,0,1,0,0,0,0,0,1,0,0,0,0,0,1,0,0,0,0,0,0,0,0,0,0,0,0,0,0,0,0,0,1,0,0,0,0,0,0,0,2,4,6,2,0,1,2,0,0,0,0,528,0,0,0,1,0,0,0,23,0,1,0,0,0,0,0,0,0,0,0,1,0,0,6,1,0,11,0,4,0,0,0,0,0,1,0,0,1,3,0,0,0,0,27,5753,39,262,6,279,28,1805,147,0,8,32,40,147,26,219,9,44,94,43,154,1108,571,85,200,36,0,0,0,0,0,0,0,1,0,0,0,0,0,0,0,0,0,0,0,1,0,1,0,1,0,0,0,0,0,0,0,0,0,0,2,0,0,0,4,2,1,0,3,6,0,2,2,2,0,0
