0,1,2172,2,2296,2,1306,1,149,0,0,0,442,0,563,43,0,0,5,1,0,0,0,0,0,0,0,0,0,0,0,0,159,0,0,0,400,78,9,0,5,0,0,1,1,0,0,0,1,0,0,0,1,0,7,0,0,0,0,0,4879,0,293,0,257,0,147,0,12,0,474,0,1249,1,94,2,352,2,146,3,0,0,10,0,111,0,2,0,6,0,0,0,0,0,0,3,0,0,1,1,2,0,0,0,0,0,2,1,1,0,2,4,0,0,0,0,0,0,0,0,0,0,0,0,50,0,142,0,36,0,21,0,2,0,48,2,7,0,2,0,0,0,0,0,10,0,1,0,2,0,0,0,0,0,33,6,2,0,6,0,6,0,32,1,9,0,3,4,0,0
1,0,0,1415,0,1913,1,861,0,37,0,0,1,677,2,1523,0,0,0,6,0,0,0,0,0,0,0,0,0,0,0,0,0,238,0,0,2,152,0,1,0,5,0,0,0,0,0,2,0,3,0,0,0,10,0,1,0,0,0,0,0,3322,0,198,0,128,0,461,0,97,1,154,1,836,0,45,3,213,0,65,0,0,0,29,4,199,0,0,0,12,0,0,0,0,0,0,0,0,0,0,0,0,0,0,0,0,0,0,0,0,1,0,0,0,0,0,0,0,0,0,0,0,0,0,0,5,0,28,1,11,0,1,0,0,1,0,0,0,0,0,0,0,0,1,0,2,0,1,0,0,0,0,0,0,18,18,0,0,0,0,0,1,0,1,0,0,0,0,0,0
2172,0,0,17,6847,61,123,4,603,10,378,1,24,0,2708,22,22,0,3331,5,357,1,182,0,180,0,481,1,158,0,17,0,332,6,0,0,582,52,1,0,2,0,0,0,4,0,0,0,0,0,0,0,1,0,0,0,0,0,1,0,69,0,17,0,13,0,4,0,0,0,48,0,297,0,73,0,217,3,57,0,0,0,1,0,2,0,20,0,1,0,6,0,0,0,0,0,0,0,0,1,0,0,0,0,0,0,0,0,1,0,0,1,0,0,0,0,0,0,0,0,0,0,0,0,58,0,34,0,8,1,7,0,7,0,36,4,3,0,0,0,1,0,1,0,2,0,0,0,4,0,127,6,413,31,635,106,5,0,1,0,2,0,8,0,3,0,0,0,0,0
2,1415,17,0,18,5892,1,153,4,164,0,272,0,14,5,3611,2,8,2,3496,0,374,2,40,1,128,0,419,0,3,0,8,3,103,0,0,10,300,0,0,0,1,0,0,1,0,0,0,0,0,0,0,0,3,0,0,0,0,0,1,0,20,0,14,0,10,0,17,0,9,0,23,0,63,4,6,6,79,1,8,0,0,0,2,0,25,0,0,0,1,0,0,0,0,0,0,0,0,0,0,0,0,0,0,0,0,0,0,0,0,0,0,0,0,0,0,0,0,0,0,0,0,0,0,0,0,0,2,0,0,0,1,0,0,2,2,0,0,0,0,0,0,0,0,0,0,0,0,0,0,13,34,11,248,68,238,0,0,0,0,0,0,0,0,0,0,0,0,0,0
2296,0,6847,18,0,80,754,3,3484,17,567,2,33,0,208,18,16,2,221,13,77,0,72,0,64,1,153,1,88,0,14,0,461,9,0,0,128,45,0,0,3,1,0,0,5,0,0,0,0,0,0,0,1,0,0,0,0,0,0,0,61,0,18,0,10,0,1,0,0,0,5,0,64,1,82,1,334,2,78,1,0,0,1,0,1,0,21,0,1,0,4,0,4,0,0,0,0,1,0,1,0,0,0,0,0,0,0,0,0,0,0,0,0,0,0,0,0,0,0,0,1,0,0,0,53,0,23,0,8,0,5,0,4,0,46,0,6,0,0,0,0,0,0,0,5,0,1,0,3,0,76,12,163,39,368,191,1,0,2,0,2,0,11,0,1,0,0,1,1,0
2,1913,61,5892,80,0,4,1536,27,3437,14,945,0,34,6,753,7,7,12,1247,4,101,6,19,0,17,0,171,0,23,0,244,12,310,0,0,7,308,0,0,0,0,0,0,1,1,0,0,0,0,0,0,0,0,0,0,0,0,0,0,0,37,0,9,0,5,0,29,0,4,0,11,1,26,2,59,9,201,3,20,0,0,0,6,0,16,1,2,0,1,0,0,0,0,0,0,0,0,0,0,0,0,0,0,0,0,0,0,0,0,0,0,0,0,0,0,0,0,0,0,0,0,0,0,0,0,0,2,0,2,0,0,0,0,0,0,0,0,0,0,0,0,0,0,0,0,0,0,0,0,24,28,14,159,151,345,4,2,0,0,0,0,1,2,1,0,0,0,0,0
1306,1,123,1,754,4,0,2,1605,1,0,0,1547,0,67,10,0,0,2,1,0,0,0,0,0,0,0,0,0,0,0,0,736,1,0,0,56,31,1,0,5,0,0,0,0,0,0,0,0,0,0,0,0,0,0,0,0,0,0,0,310,0,11,0,6,0,5,0,0,0,14,0,49,0,70,1,202,1,54,0,0,0,25,0,115,0,171,0,0,0,0,0,2,0,0,0,0,0,0,0,0,0,0,0,0,0,0,0,0,0,0,0,1,0,0,0,0,0,0,0,1,0,0,0,23,0,34,0,6,0,7,0,0,0,26,0,2,0,0,0,1,0,1,0,0,0,0,0,2,0,0,0,0,0,14,12,0,0,2,1,4,0,4,0,1,0,0,1,1,0
1,861,4,153,3,1536,2,0,2,2035,0,4,1,1045,2,413,0,0,0,63,0,1,0,0,0,0,0,0,0,0,0,0,2,1236,0,0,3,118,0,0,1,2,0,0,0,0,0,0,0,0,0,0,0,0,0,1,0,0,0,0,0,159,0,6,0,1,0,43,0,2,0,7,0,15,1,194,2,343,0,59,0,0,0,11,0,19,0,12,0,1,0,0,0,0,0,0,0,0,0,0,0,0,0,0,0,0,0,0,0,0,0,0,0,0,0,0,0,0,0,0,0,0,0,0,0,0,0,8,0,2,0,3,1,0,0,1,0,0,0,0,0,0,0,0,1,0,0,1,0,0,0,0,0,3,52,83,0,1,0,0,0,1,0,4,0,0,0,0,0,0
149,0,603,4,3484,27,1605,2,0,2,1572,0,182,0,130,8,4,0,70,5,8,0,11,0,15,0,6,0,92,0,102,0,1945,1,0,0,46,25,0,0,6,0,0,0,26,0,0,0,0,0,0,0,0,0,0,0,0,0,4,0,24,0,4,0,1,0,0,0,1,0,0,0,8,0,78,0,406,3,31,0,0,0,1,0,5,0,79,0,4,0,4,0,7,0,0,0,0,0,0,0,0,0,0,0,0,0,0,0,1,0,0,0,0,0,0,0,0,0,0,0,0,0,0,0,20,0,8,0,9,0,5,0,2,0,11,0,0,0,0,0,0,0,0,0,1,0,0,0,0,0,5,0,30,11,151,39,2,0,1,0,1,0,9,0,2,0,0,0,0,0
0,37,10,164,17,3437,1,2035,2,0,0,1003,0,51,1,104,1,2,5,159,0,18,0,3,0,4,0,13,0,16,0,4,3,1323,0,0,1,104,0,0,0,1,0,0,1,0,0,0,0,0,0,0,0,0,0,0,0,0,0,1,0,6,0,1,0,1,0,1,0,0,0,0,0,2,0,145,2,331,0,6,0,0,0,2,0,1,0,3,0,1,0,0,0,0,0,0,0,0,0,0,0,0,0,0,0,0,0,0,0,0,1,0,0,0,0,0,0,0,0,0,0,0,0,0,0,1,0,3,0,0,0,0,0,0,0,0,0,0,0,0,0,0,0,0,0,0,0,0,0,0,2,7,4,46,84,161,0,1,0,0,0,0,0,2,0,0,0,0,0,0
0,0,378,0,567,14,0,0,1572,0,0,1,0,0,3,0,21,0,68,0,63,0,110,0,139,0,74,0,960,1,773,0,693,2,0,0,0,0,0,0,1,0,0,0,9,1,0,0,0,0,0,0,0,0,0,0,0,0,0,0,0,0,0,0,0,0,0,0,0,0,0,0,0,0,13,0,74,0,0,0,0,0,0,0,0,0,11,0,0,0,3,0,1,0,0,0,0,0,0,0,0,0,0,0,0,0,0,0,0,0,0,0,0,0,0,0,0,0,0,0,0,0,0,0,0,0,0,0,0,0,0,0,0,0,1,0,0,0,0,0,0,0,0,0,0,0,0,0,0,0,42,4,43,7,17,22,15,0,0,0,0,0,0,0,0,0,0,0,0,0
0,0,1,272,2,945,0,4,0,1003,1,0,0,0,0,0,0,5,1,137,0,166,1,36,0,53,0,303,0,889,0,690,0,764,0,0,0,0,0,0,0,0,0,0,0,0,0,0,0,0,0,0,0,0,0,0,0,0,0,0,0,0,0,0,0,0,0,0,0,0,0,0,0,0,0,52,0,46,0,0,0,0,0,0,0,0,0,1,0,0,0,0,0,0,0,0,0,0,0,0,0,0,0,0,0,0,0,0,0,0,0,0,0,0,0,0,0,0,0,0,0,0,0,0,0,0,0,0,0,0,0,0,0,0,0,0,0,0,0,0,0,0,0,0,0,0,0,0,0,0,15,17,3,76,0,7,0,0,0,0,0,0,0,0,0,0,0,0,0,0
442,1,24,0,33,0,1547,1,182,0,0,0,0,0,31,3,0,0,1,1,0,0,0,0,0,0,0,0,0,0,0,0,536,0,0,0,64,9,6,0,6,2,0,0,0,0,0,0,0,0,0,0,0,0,0,0,0,0,0,0,1171,3,19,1,21,0,185,2,2,0,14,3,14,0,32,0,204,5,52,3,0,0,172,0,996,1,312,0,3,0,0,0,1,0,0,0,0,0,0,1,0,0,0,0,0,0,0,0,2,0,0,2,0,0,0,0,0,0,0,0,1,0,0,0,4,1,21,0,12,0,3,0,1,0,8,0,0,0,0,0,1,0,0,1,2,0,0,0,5,0,0,0,0,0,4,1,0,0,3,1,1,0,3,0,3,1,2,0,1,0
0,677,0,14,0,34,0,1045,0,51,0,0,0,0,0,71,0,0,0,4,0,0,0,0,0,0,0,0,0,0,0,0,0,1739,0,0,1,29,0,1,0,1,0,0,0,0,0,0,0,1,0,0,0,1,0,0,0,0,0,0,1,1313,0,13,0,5,0,731,0,3,2,11,0,21,0,44,1,226,0,25,0,0,0,515,2,1123,0,176,1,1,0,0,0,0,0,0,0,0,0,0,0,0,0,0,0,0,0,0,0,0,0,0,0,0,0,0,0,0,0,0,0,0,0,0,0,0,0,2,0,0,0,0,0,0,0,0,0,0,0,0,0,0,0,0,0,0,0,0,0,1,0,0,0,0,4,8,0,0,0,0,0,0,0,1,0,0,0,0,0,0
563,2,2708,5,208,6,67,2,130,1,3,0,31,0,0,25,0,0,607,0,0,0,0,0,0,0,0,0,0,0,0,0,85,1,0,0,2047,66,0,0,5,0,0,0,0,0,0,0,0,0,0,0,0,0,0,0,0,0,0,0,41,0,10,0,9,0,0,1,0,0,31,0,1050,0,46,0,160,2,45,0,0,0,2,0,1,0,9,0,1,0,2,0,1,0,0,0,0,0,0,0,0,0,0,1,0,0,0,2,0,0,0,0,0,0,0,0,0,0,0,0,1,0,0,0,43,0,35,0,6,0,9,1,4,0,41,0,1,0,0,0,0,0,1,0,4,0,0,0,5,0,0,0,0,0,117,18,0,0,2,0,3,0,17,0,5,0,0,1,0,0
43,1523,22,3611,18,753,10,413,8,104,0,0,3,71,25,0,0,0,1,1176,0,0,0,0,0,0,0,0,0,0,0,0,4,54,0,0,49,1374,0,1,2,5,0,0,0,1,1,2,0,0,0,0,0,2,0,3,0,0,0,0,4,127,0,69,0,16,1,40,0,29,4,156,0,1196,12,19,9,190,5,58,0,0,0,3,1,50,0,0,0,4,0,0,0,0,0,1,0,0,0,0,0,0,0,1,0,0,0,2,1,1,0,0,0,0,0,0,0,0,0,0,1,0,0,0,3,0,3,11,1,4,1,2,0,0,4,1,0,0,0,0,0,1,0,1,0,1,0,0,0,0,0,0,0,1,160,104,0,0,0,0,0,0,0,1,1,0,1,0,0,0
0,0,22,2,16,7,0,0,4,1,21,0,0,0,0,0,0,219,15,2,231,4,965,2,243,0,12,0,54,0,1,0,228,1,0,0,1,0,0,0,21,1,0,0,165,0,0,0,0,0,0,0,0,0,0,0,0,0,0,0,1,0,0,0,0,0,0,0,0,0,1,0,0,0,117,2,524,1,44,0,0,0,0,0,0,0,8,0,0,0,1,0,0,0,0,0,0,0,0,0,0,0,0,0,0,0,0,0,0,0,0,0,0,0,0,0,0,0,0,0,0,0,0,0,4,1,1,0,0,0,0,0,0,0,3,0,0,0,0,0,0,0,0,0,0,0,0,0,0,0,491,171,87,9,2,24,1618,13,0,0,0,0,9,0,1,0,0,0,0,0
0,0,0,8,2,7,0,0,0,2,0,5,0,0,0,0,219,0,4,21,9,365,8,803,0,107,0,6,0,74,0,0,0,308,0,0,0,0,0,0,0,12,0,4,0,563,0,0,0,0,0,0,0,0,0,0,0,0,0,4,0,0,0,0,0,0,0,0,0,0,0,0,0,0,1,211,0,319,0,17,0,0,0,0,0,0,0,96,0,2,0,0,0,6,0,0,0,0,0,0,0,0,0,0,0,0,0,0,0,0,0,0,0,0,0,0,0,0,0,0,0,0,0,0,0,3,0,0,0,0,0,0,0,0,0,1,0,0,0,0,0,0,0,0,0,0,0,0,0,0,58,374,5,37,0,14,4,1129,0,0,0,0,0,8,0,0,0,0,0,0
5,0,3331,2,221,12,2,0,70,5,68,1,1,0,607,1,15,4,0,4,556,1,69,0,46,1,37,0,46,0,0,0,75,3,0,0,894,1,0,0,1,0,0,0,1,0,0,0,0,0,0,0,0,0,0,0,0,0,0,0,0,0,0,0,0,0,0,0,0,0,0,0,1,0,11,0,24,2,1,0,0,0,0,0,0,0,0,0,0,0,0,0,0,0,0,0,0,0,0,0,0,0,0,0,0,0,0,0,0,0,0,0,0,0,0,0,0,0,0,0,0,0,0,0,3,0,0,0,0,0,0,0,0,0,0,0,0,0,0,0,0,0,0,0,0,0,0,0,0,0,69,7,1178,11,726,44,4,0,0,0,0,0,0,0,0,0,0,0,0,0
1,6,5,3496,13,1247,1,63,5,159,0,137,1,4,0,1176,2,21,4,0,0,843,0,47,0,59,0,119,0,11,0,5,1,76,0,0,3,336,0,0,1,0,0,0,0,0,0,0,0,0,0,0,0,0,0,0,0,0,0,0,0,0,0,0,0,0,0,0,0,0,0,0,0,0,1,7,2,46,0,1,0,0,0,0,0,0,0,0,0,0,0,0,0,0,0,0,0,0,0,0,0,0,0,0,0,0,0,0,0,0,0,0,0,0,0,0,0,0,0,0,0,0,0,0,0,0,1,0,0,0,0,0,0,0,1,0,0,0,0,0,0,0,0,0,0,0,0,0,0,0,8,89,3,715,48,151,0,3,0,0,0,0,0,0,0,0,0,0,0,0
0,0,357,0,77,4,0,0,8,0,63,0,0,0,0,0,231,9,556,0,0,0,1550,2,285,0,149,1,44,0,3,0,21,2,0,0,0,0,0,0,0,0,0,0,1,0,0,0,0,0,0,0,0,0,0,0,0,0,0,0,0,0,0,0,0,0,0,0,0,0,0,0,0,0,26,0,1,1,0,0,0,0,0,0,0,0,0,0,0,0,0,0,0,0,0,0,0,0,0,0,0,0,0,0,0,0,0,0,0,0,0,0,0,0,0,0,0,0,0,0,0,0,0,0,0,0,0,0,0,0,0,0,0,0,0,0,0,0,0,0,0,0,0,0,0,0,0,0,0,0,215,11,389,5,9,11,71,1,0,0,0,0,0,0,0,0,0,0,0,0
0,0,1,374,0,101,0,1,0,18,0,166,0,0,0,0,4,365,1,843,0,0,41,1687,0,458,0,280,0,56,0,1,0,82,0,0,1,0,0,0,0,1,0,0,0,2,0,0,0,0,0,0,0,0,0,0,0,0,0,0,0,0,0,0,0,0,0,0,0,0,0,0,0,0,0,42,0,54,0,1,0,0,0,0,0,0,0,16,0,0,0,0,0,2,0,0,0,0,0,0,0,0,0,0,0,0,0,0,0,0,0,0,0,0,0,0,0,0,0,0,0,0,0,0,0,0,0,0,0,0,0,0,0,0,0,0,0,0,0,0,0,0,0,0,0,0,0,0,0,0,31,354,3,436,0,58,0,65,0,0,0,0,0,0,0,0,0,0,0,0
0,0,182,2,72,6,0,0,11,0,110,1,0,0,0,0,965,8,69,0,1550,41,0,106,2073,1,203,0,102,1,5,0,69,1,0,0,0,0,0,0,0,0,1,0,3,0,0,0,0,0,0,0,0,0,0,0,0,0,0,0,0,0,0,0,0,0,0,0,0,0,0,0,0,0,26,1,8,0,1,0,0,0,0,0,0,0,1,1,0,0,1,0,0,0,0,0,0,0,0,0,0,0,0,0,0,0,0,0,0,0,0,0,0,0,0,0,0,0,0,0,0,0,0,0,0,0,0,0,0,0,0,0,0,0,0,0,0,0,0,0,0,0,0,0,0,0,0,0,0,0,145,8,111,5,3,6,250,3,0,0,0,0,0,0,0,0,0,0,0,0
0,0,0,40,0,19,0,0,0,3,0,36,0,0,0,0,2,803,0,47,2,1687,106,0,0,2288,0,86,0,103,0,1,0,78,0,0,0,0,0,0,0,2,0,1,0,29,0,0,0,0,0,0,0,0,0,0,0,0,0,0,0,0,0,0,0,0,0,0,0,0,0,0,0,0,0,141,0,112,0,4,0,0,0,0,0,1,0,24,0,0,0,1,0,0,0,0,0,0,0,0,0,0,0,0,0,0,0,0,0,0,0,0,0,0,0,0,0,0,0,0,0,0,0,0,0,0,0,0,0,0,0,0,0,0,0,0,0,0,0,0,0,0,0,0,0,0,0,0,0,0,18,195,0,85,0,15,0,244,0,0,0,0,0,1,0,0,0,0,0,0
0,0,180,1,64,0,0,0,15,0,139,0,0,0,0,0,243,0,46,0,285,0,2073,0,0,0,329,0,356,0,5,0,141,0,0,0,0,0,0,0,0,0,0,0,3,0,0,0,0,0,0,0,0,0,0,0,0,0,0,0,0,0,0,0,0,0,0,0,0,0,0,0,0,0,30,0,17,0,0,0,0,0,0,0,0,0,0,0,0,0,0,0,0,0,0,0,0,0,0,0,0,0,0,0,0,0,0,0,0,0,0,0,0,0,0,0,0,0,0,0,0,0,0,0,0,0,0,0,0,0,0,0,0,0,0,0,0,0,0,0,0,0,0,0,0,0,0,0,0,0,13,0,30,0,1,2,106,0,0,0,0,0,0,0,0,0,0,0,0,0
0,0,0,128,1,17,0,0,0,4,0,53,0,0,0,0,0,107,1,59,0,458,1,2288,0,0,0,283,0,79,0,0,0,71,0,0,0,0,0,0,0,0,0,0,0,5,0,0,0,0,0,0,0,0,0,0,0,0,0,1,0,0,0,0,0,0,0,0,0,0,0,0,0,0,0,36,0,31,0,0,0,0,0,0,0,0,0,8,0,0,0,0,0,0,0,0,0,0,0,0,0,0,0,0,0,0,0,0,0,0,0,0,0,0,0,0,0,0,0,0,0,0,0,0,0,0,0,0,0,0,0,0,0,0,0,0,0,0,0,0,0,0,0,0,0,0,0,0,0,0,1,10,0,21,1,1,0,6,0,0,0,0,0,0,0,0,0,0,0,0
0,0,481,0,153,0,0,0,6,0,74,0,0,0,0,0,12,0,37,0,149,0,203,0,329,0,0,0,37,0,0,0,11,0,0,0,0,0,0,0,0,0,0,0,0,0,0,0,0,0,0,0,0,0,0,0,0,0,0,0,0,0,0,0,0,0,0,0,0,0,0,0,0,0,11,0,1,0,0,0,0,0,0,0,0,0,0,0,0,0,0,0,0,0,0,0,0,0,0,0,0,0,0,0,0,0,0,0,0,0,0,0,0,0,0,0,0,0,0,0,0,0,0,0,0,0,0,0,0,0,0,0,0,0,0,0,0,0,0,0,0,0,0,0,0,0,0,0,0,0,3,1,8,0,0,0,1,0,0,0,0,0,0,0,0,0,0,0,0,0
0,0,1,419,1,171,0,0,0,13,0,303,0,0,0,0,0,6,0,119,1,280,0,86,0,283,0,0,0,123,0,134,0,58,0,0,0,0,0,0,0,0,0,0,0,1,0,0,0,0,0,0,0,0,0,0,0,0,0,0,0,0,0,0,0,0,0,0,0,0,0,0,0,0,0,9,0,56,0,0,0,0,0,0,0,0,0,2,0,0,0,0,0,0,0,0,0,0,0,0,0,0,0,0,0,0,0,0,0,0,0,0,0,0,0,0,0,0,0,0,0,0,0,0,0,0,0,0,0,0,0,0,0,0,0,0,0,0,0,0,0,0,0,0,0,0,0,0,0,0,1,11,0,18,1,0,1,0,0,0,0,0,0,0,0,0,0,0,0,0
0,0,158,0,88,0,0,0,92,0,960,0,0,0,0,0,54,0,46,0,44,0,102,0,356,0,37,0,0,0,70,0,487,0,0,0,0,0,0,0,0,0,0,0,1,0,0,0,0,0,0,0,0,0,0,0,0,0,0,0,0,0,0,0,0,0,0,0,0,0,0,0,0,0,24,0,9,0,0,0,0,0,0,0,0,0,3,0,0,0,0,0,0,0,0,0,0,0,0,0,0,0,0,0,0,0,0,0,0,0,0,0,0,0,0,0,0,0,0,0,0,0,0,0,0,0,0,0,0,0,0,0,0,0,0,0,0,0,0,0,0,0,0,0,0,0,0,0,0,0,7,1,23,0,2,6,23,0,0,0,0,0,0,0,0,0,0,0,0,0
0,0,0,3,0,23,0,0,0,16,1,889,0,0,0,0,0,74,0,11,0,56,1,103,0,79,0,123,0,0,0,80,0,227,0,0,0,0,0,0,0,0,0,0,0,7,0,0,0,0,0,0,0,0,0,0,0,0,0,1,0,0,0,0,0,0,0,0,0,0,0,0,0,0,0,34,0,21,0,0,0,0,0,0,0,0,0,29,0,0,0,0,0,0,0,0,0,0,0,0,0,0,0,0,0,0,0,0,0,0,0,0,0,0,0,0,0,0,0,0,0,0,0,0,0,0,0,0,0,0,0,0,0,0,0,0,0,0,0,0,0,0,0,0,0,0,0,0,0,0,1,2,0,5,0,0,0,1,0,0,0,0,0,0,0,0,0,0,0,0
0,0,17,0,14,0,0,0,102,0,773,0,0,0,0,0,1,0,0,0,3,0,5,0,5,0,0,0,70,0,0,0,39,0,0,0,0,0,0,0,0,0,0,0,0,0,0,0,0,0,0,0,0,0,0,0,0,0,0,0,0,0,0,0,0,0,0,0,0,0,0,0,0,0,1,0,8,0,0,0,0,0,0,0,0,0,2,0,0,0,0,0,0,0,0,0,0,0,0,0,0,0,0,0,0,0,0,0,0,0,0,0,0,0,0,0,0,0,0,0,0,0,0,0,0,0,0,0,0,0,0,0,0,0,0,0,0,0,0,0,0,0,0,0,0,0,0,0,0,0,0,0,0,0,1,4,1,0,0,0,0,0,0,0,0,0,0,0,0,0
0,0,0,8,0,244,0,0,0,4,0,690,0,0,0,0,0,0,0,5,0,1,0,1,0,0,0,134,0,80,0,0,0,3,0,0,0,0,0,0,0,0,0,0,0,0,0,0,0,0,0,0,0,0,0,0,0,0,0,0,0,0,0,0,0,0,0,0,0,0,0,0,0,0,0,0,0,1,0,0,0,0,0,0,0,0,0,0,0,0,0,0,0,0,0,0,0,0,0,0,0,0,0,0,0,0,0,0,0,0,0,0,0,0,0,0,0,0,0,0,0,0,0,0,0,0,0,0,0,0,0,0,0,0,0,0,0,0,0,0,0,0,0,0,0,0,0,0,0,0,0,0,0,1,0,0,0,0,0,0,0,0,0,0,0,0,0,0,0,0
159,0,332,3,461,12,736,2,1945,3,693,0,536,0,85,4,228,0,75,1,21,0,69,0,141,0,11,0,487,0,39,0,0,0,0,0,78,15,12,0,338,1,0,0,83,0,0,0,1,0,0,0,2,0,4,0,0,0,26,0,93,2,18,1,3,0,16,4,0,0,21,1,17,0,223,3,2050,2,78,6,0,0,126,3,278,1,678,0,220,0,62,0,203,0,0,0,0,1,0,1,0,0,0,0,0,1,0,1,1,0,2,2,0,0,0,0,0,0,0,0,0,0,0,0,22,0,14,2,15,5,5,0,0,0,13,0,2,0,6,0,0,0,2,0,8,0,1,0,6,0,8,0,34,5,76,14,56,0,4,1,1,0,8,0,3,0,3,3,1,1
0,238,6,103,9,310,1,1236,1,1323,2,764,0,1739,1,54,1,308,3,76,2,82,1,78,0,71,0,58,0,227,0,3,0,0,0,0,0,71,11,18,0,126,0,9,0,140,7,41,0,4,0,26,0,1,0,17,0,19,0,90,0,231,0,20,0,5,0,237,0,9,15,55,0,25,0,654,4,2076,1,45,0,0,1,155,0,425,0,371,0,66,0,3,0,50,0,0,0,0,0,0,0,0,0,0,0,0,0,0,0,1,0,0,0,0,0,0,0,0,0,0,0,0,0,0,0,0,0,6,0,5,0,1,0,0,0,1,0,0,0,5,0,0,0,5,0,2,0,0,0,0,0,9,1,39,29,61,0,7,0,1,0,0,0,1,0,0,0,0,1,0
0,0,0,0,0,0,0,0,0,0,0,0,0,0,0,0,0,0,0,0,0,0,0,0,0,0,0,0,0,0,0,0,0,0,0,0,0,0,0,0,0,0,0,0,0,0,0,0,0,0,0,0,0,0,0,0,0,0,0,0,0,0,0,0,0,0,0,0,0,0,0,0,0,0,0,0,0,0,0,0,0,0,0,0,0,0,0,0,0,0,0,0,0,0,0,0,0,0,0,0,0,0,0,0,0,0,0,0,0,0,0,0,0,0,0,0,0,0,0,0,0,0,0,0,0,0,0,0,0,0,0,0,0,0,0,0,0,0,0,0,0,0,0,0,0,0,0,0,0,0,0,0,0,0,0,0,0,0,0,0,0,0,0,0,0,0,0,0,0,0
0,0,0,0,0,0,0,0,0,0,0,0,0,0,0,0,0,0,0,0,0,0,0,0,0,0,0,0,0,0,0,0,0,0,0,0,0,0,0,0,0,0,0,0,0,0,0,0,0,0,0,0,0,0,0,0,0,0,0,0,0,0,0,0,0,0,0,0,0,0,0,0,0,0,0,0,0,0,0,0,0,0,0,0,0,0,0,0,0,0,0,0,0,0,0,0,0,0,0,0,0,0,0,0,0,0,0,0,0,0,0,0,0,0,0,0,0,0,0,0,0,0,0,0,0,0,0,0,0,0,0,0,0,0,0,0,0,0,0,0,0,0,0,0,0,0,0,0,0,0,0,0,0,0,0,0,0,0,0,0,0,0,0,0,0,0,0,0,0,0
400,2,582,10,128,7,56,3,46,1,0,0,64,1,2047,49,1,0,894,3,0,1,0,0,0,0,0,0,0,0,0,0,78,0,0,0,0,190,729,1,38,0,3,2,1,0,7,2,45,1,1,0,23,0,4,0,0,0,0,0,211,2,207,1,68,0,51,0,6,0,1720,8,692,2,65,4,180,5,113,3,0,0,25,1,96,3,3,0,6,0,2,0,1,0,0,1,1,1,0,0,1,0,1,1,0,0,0,2,2,0,1,5,1,0,0,0,0,0,0,0,3,0,1,0,33,0,84,1,111,0,13,0,4,0,49,1,4,0,0,0,1,0,1,0,7,0,1,0,36,0,0,0,0,0,259,13,2,0,3,1,5,0,18,1,10,0,4,5,3,1
78,152,52,300,45,308,31,118,25,104,0,0,9,29,66,1374,0,0,1,336,0,0,0,0,0,0,0,0,0,0,0,0,15,71,0,0,190,0,22,606,7,27,1,3,0,0,8,5,5,4,1,0,0,6,0,1,0,0,0,1,11,105,4,46,6,15,3,103,0,15,166,1821,14,276,46,16,41,282,12,120,0,0,3,11,5,52,2,0,3,3,0,0,0,0,0,0,0,1,0,1,0,0,0,0,0,0,0,0,2,0,2,1,0,2,0,0,0,0,0,0,1,0,0,0,19,2,9,23,10,45,2,3,2,0,11,1,2,0,0,0,0,0,0,4,4,2,0,2,10,1,0,0,0,50,271,579,0,1,1,4,2,0,1,2,1,0,1,1,1,0
9,0,1,0,0,0,1,0,0,0,0,0,6,0,0,0,0,0,0,0,0,0,0,0,0,0,0,0,0,0,0,0,12,11,0,0,729,22,0,80,141,5,60,0,0,0,145,244,136,24,73,7,46,0,2,0,0,0,2,0,4,0,16,0,3,0,2,2,0,3,1734,172,2,0,1,1,15,12,5,1,0,0,15,10,44,16,0,0,26,2,0,0,0,0,0,0,0,0,0,1,0,0,0,0,0,0,0,0,2,0,0,3,0,0,0,0,0,0,0,0,0,0,0,0,2,0,5,1,9,5,1,1,0,0,1,0,0,0,0,0,0,1,0,0,5,0,0,0,4,0,0,0,0,0,0,0,0,0,1,0,0,0,2,1,1,1,2,0,0,0
0,1,0,0,0,0,0,0,0,0,0,0,0,1,0,1,0,0,0,0,0,0,0,0,0,0,0,0,0,0,0,0,0,18,0,0,1,606,80,0,33,86,11,3,0,0,9,234,4,36,12,19,1,6,0,4,0,0,0,3,0,2,0,0,0,8,0,18,0,15,156,1091,0,1,0,0,0,43,0,21,0,0,0,34,0,83,0,0,0,6,0,0,0,0,0,0,0,0,0,0,0,0,0,0,0,0,0,0,0,0,0,0,0,0,0,0,0,0,0,0,0,0,0,0,0,0,0,2,0,11,0,0,0,0,0,2,0,0,0,0,0,0,0,1,2,4,0,1,0,4,0,0,0,0,0,0,0,0,0,0,0,0,0,0,0,0,0,0,0,0
5,0,2,0,3,0,5,1,6,0,1,0,6,0,5,2,21,0,1,1,0,0,0,0,0,0,0,0,0,0,0,0,338,0,0,0,38,7,141,33,0,35,683,6,492,0,8,53,1,1,223,3,0,0,0,0,0,0,74,0,20,0,8,0,6,0,3,2,0,0,185,57,4,0,24,9,844,2,507,11,0,0,19,0,278,0,265,0,358,1,304,0,404,0,0,1,1,4,19,21,12,2,1,2,0,0,5,10,9,6,39,31,6,19,0,0,0,0,0,5,0,0,3,0,16,5,20,8,53,6,12,0,6,0,25,0,0,0,82,0,15,0,72,0,393,1,2,0,21,0,0,0,0,0,2,0,31,0,24,1,19,4,99,5,20,4,78,18,21,1
0,5,0,1,1,0,0,2,0,1,0,0,2,1,0,5,1,12,0,0,0,1,0,2,0,0,0,0,0,0,0,0,1,126,0,0,0,27,5,86,35,0,15,1080,0,660,2,60,0,1,5,349,0,4,0,3,0,16,0,751,0,13,0,3,0,3,1,4,0,1,8,159,0,7,1,108,1,897,2,634,0,0,1,6,1,396,0,532,1,278,0,136,0,388,0,1,2,2,0,8,0,0,0,1,0,1,3,7,2,9,4,11,2,3,0,0,0,1,0,2,0,0,0,1,2,15,0,37,2,86,1,4,0,0,0,11,0,0,0,206,0,6,0,64,32,192,0,5,2,19,0,0,0,0,0,0,0,41,2,1,0,5,1,80,0,4,2,5,3,0
0,0,0,0,0,0,0,0,0,0,0,0,0,0,0,0,0,0,0,0,0,0,1,0,0,0,0,0,0,0,0,0,0,0,0,0,3,1,60,11,683,15,0,0,278,0,35,19,3,1,655,2,0,0,0,0,0,0,2208,0,0,0,0,0,0,0,0,0,0,0,115,30,0,0,0,0,7,0,2,0,0,0,1,0,1,0,138,0,3,0,185,0,19,0,1,2,0,3,9,2,12,0,4,0,1,0,7,8,19,10,40,16,3,4,3,0,0,0,0,2,0,0,0,0,0,1,1,0,1,0,0,0,0,0,1,1,0,0,1,0,0,0,0,0,3,0,0,0,0,0,0,0,0,0,0,0,0,0,0,0,0,0,1,0,1,0,26,5,2,0
1,0,0,0,0,0,0,0,0,0,0,0,0,0,0,0,0,4,0,0,0,0,0,1,0,0,0,0,0,0,0,0,0,9,0,0,2,3,0,3,6,1080,0,0,0,477,2,10,0,0,0,882,0,0,0,2,0,9,0,3656,0,0,1,1,0,0,0,0,0,0,3,65,1,0,0,3,0,116,1,20,0,0,0,0,0,22,0,384,0,29,0,358,0,154,0,2,0,1,1,56,3,5,0,6,0,1,1,4,3,10,6,11,3,4,0,0,0,1,0,3,0,0,0,0,0,0,0,3,0,14,0,0,0,0,0,2,0,0,0,19,0,2,0,10,2,27,0,0,1,1,0,0,0,0,0,0,0,0,0,0,1,1,0,2,0,0,1,0,1,0
1,0,4,1,5,1,0,0,26,1,9,0,0,0,0,0,165,0,1,0,1,0,3,0,3,0,0,0,1,0,0,0,83,0,0,0,1,0,0,0,492,0,278,0,0,0,0,0,0,0,0,0,0,0,0,0,0,0,11,0,0,0,0,0,0,0,0,0,0,0,1,0,1,0,48,0,601,0,159,0,0,0,0,0,1,0,744,0,30,0,293,0,37,0,0,0,0,0,0,2,0,0,0,0,0,0,0,0,0,0,1,1,0,0,0,0,0,0,0,0,0,0,0,0,17,0,4,0,4,0,0,0,6,0,3,0,0,0,2,0,0,0,1,0,1,0,0,0,2,0,0,0,0,0,3,1,211,0,0,0,1,0,31,0,2,1,1,0,0,0
0,0,0,0,0,1,0,0,0,0,1,0,0,0,0,1,0,563,0,0,0,2,0,29,0,5,0,1,0,7,0,0,0,140,0,0,0,0,0,0,0,660,0,477,0,0,0,0,0,0,0,0,0,0,0,0,0,0,0,101,0,0,0,0,0,0,0,0,0,0,0,0,0,0,0,57,0,806,1,67,0,0,1,0,0,10,0,985,0,30,0,119,0,92,0,0,0,0,0,0,0,0,0,0,0,0,0,0,0,0,1,0,0,0,0,0,0,0,0,0,0,0,0,0,0,8,0,0,0,2,0,0,0,1,0,1,0,0,0,1,0,0,0,0,0,0,0,0,0,0,0,2,0,0,0,0,0,411,0,1,0,1,0,17,0,0,0,0,0,0
0,0,0,0,0,0,0,0,0,0,0,0,0,0,0,1,0,0,0,0,0,0,0,0,0,0,0,0,0,0,0,0,0,7,0,0,7,8,145,9,8,2,35,2,0,0,0,1609,2457,591,2912,1342,834,337,707,32,162,21,103,22,0,0,5,1,3,0,1,2,12,3,1411,104,0,0,0,0,0,7,0,2,0,0,0,8,11,25,0,0,66,14,0,0,2,2,0,0,0,0,0,0,0,0,0,0,0,0,0,0,0,0,0,0,0,0,0,0,0,0,0,0,0,0,0,0,0,0,0,0,0,1,0,0,0,0,0,0,0,0,0,0,0,0,0,0,1,0,0,0,0,0,0,0,0,0,0,0,0,0,0,0,0,0,0,0,0,0,0,0,0,0
0,2,0,0,0,0,0,0,0,0,0,0,0,0,0,2,0,0,0,0,0,0,0,0,0,0,0,0,0,0,0,0,0,41,0,0,2,5,244,234,53,60,19,10,0,0,1609,0,906,1410,409,3474,0,741,0,1005,0,457,0,373,0,0,0,0,0,0,0,5,0,28,336,1341,0,0,0,0,0,33,0,19,0,0,0,37,0,214,0,0,0,348,0,0,0,47,0,0,0,0,0,1,1,0,0,0,0,0,0,0,1,1,0,0,1,0,7,0,0,0,0,0,0,0,0,0,0,0,0,1,0,3,0,0,0,0,0,2,0,0,0,6,0,2,0,8,7,5,0,0,0,1,0,0,0,0,0,0,0,0,0,0,0,0,0,0,0,2,0,1,0,0
1,0,0,0,0,0,0,0,0,0,0,0,0,0,0,0,0,0,0,0,0,0,0,0,0,0,0,0,0,0,0,0,1,0,0,0,45,5,136,4,1,0,3,0,0,0,2457,906,0,2168,42,51,2503,318,399,51,3,6,1,1,1,0,104,0,37,0,1,0,30,5,1401,316,1,0,0,0,0,6,1,0,0,0,3,5,5,10,0,0,57,17,0,0,1,2,0,0,0,0,0,0,0,0,0,0,0,0,0,0,0,0,0,0,0,0,0,0,0,0,0,0,0,0,0,0,0,0,0,0,1,0,0,0,0,0,0,0,0,0,0,0,0,0,0,0,0,0,0,0,0,1,0,0,0,0,0,0,0,0,0,0,0,0,0,0,0,0,0,0,0,0
0,3,0,0,0,0,0,0,0,0,0,0,0,1,0,0,0,0,0,0,0,0,0,0,0,0,0,0,0,0,0,0,0,4,0,0,1,4,24,36,1,1,1,0,0,0,591,1410,2168,0,25,96,3,3213,0,748,0,65,0,11,0,1,0,19,0,5,0,2,0,93,488,1482,0,0,0,0,0,4,0,3,0,0,0,0,0,28,0,0,0,72,0,0,0,10,0,0,0,0,0,0,0,0,0,0,0,0,0,0,0,0,0,0,0,0,0,0,0,0,0,0,0,0,0,0,0,0,0,0,0,0,0,0,0,0,0,0,0,0,0,1,0,0,0,0,0,0,0,0,0,1,0,0,0,0,0,0,0,0,0,0,0,0,0,0,0,0,0,0,0,0
0,0,0,0,0,0,0,0,0,0,0,0,0,0,0,0,0,0,0,0,0,0,0,0,0,0,0,0,0,0,0,0,0,0,0,0,1,1,73,12,223,5,655,0,0,0,2912,409,42,25,0,673,210,15,1159,4,737,1,2130,20,0,0,0,0,0,0,0,1,2,1,614,23,0,0,0,0,0,0,0,0,0,0,0,0,1,3,0,0,77,3,0,0,8,0,1556,0,37,0,56,1,266,1,1770,5,10,0,17,1,1,2,2,2,18,83,22,108,5,1,0,7,0,0,0,0,0,0,0,0,0,1,0,0,0,0,0,0,0,0,0,0,0,0,0,0,1,0,0,0,0,0,0,0,0,0,0,0,0,0,0,0,0,0,0,0,0,0,13,1,6,0
0,0,0,0,0,0,0,0,0,0,0,0,0,0,0,0,0,0,0,0,0,0,0,0,0,0,0,0,0,0,0,0,0,26,0,0,0,0,7,19,3,349,2,882,0,0,1342,3474,51,96,673,0,0,69,0,171,0,730,0,1575,0,1,0,0,0,0,0,4,0,4,3,502,0,0,0,1,0,55,0,13,0,0,0,18,0,177,0,1,0,202,0,0,0,71,0,22,0,4,0,16,1,25,1,173,0,0,0,4,1,7,2,1,0,71,31,40,2,0,1,0,0,0,0,1,0,0,0,0,0,4,0,0,0,0,0,0,0,0,0,9,0,3,0,2,0,6,0,0,0,0,0,0,0,0,0,0,0,0,0,0,0,0,0,0,1,2,1,3,6,0
1,0,1,0,1,0,0,0,0,0,0,0,0,0,0,0,0,0,0,0,0,0,0,0,0,0,0,0,0,0,0,0,2,0,0,0,23,0,46,1,0,0,0,0,0,0,834,0,2503,3,210,0,0,0,3371,0,46,0,4,0,6,0,351,0,238,0,2,0,159,0,655,1,0,0,0,0,3,0,0,0,0,0,1,0,34,2,0,0,247,0,0,0,2,0,0,0,0,0,0,0,0,0,0,0,0,0,0,0,0,0,0,0,0,0,0,0,0,0,0,0,0,0,0,0,0,0,0,0,0,0,0,0,0,0,0,0,0,0,0,0,0,0,0,0,0,0,0,0,0,0,0,0,0,0,0,0,0,0,0,0,0,0,0,0,0,0,0,0,0,0
0,10,0,3,0,0,0,0,0,0,0,0,0,1,0,2,0,0,0,0,0,0,0,0,0,0,0,0,0,0,0,0,0,1,0,0,0,6,0,6,0,4,0,0,0,0,337,741,318,3213,15,69,0,0,0,2665,0,98,0,20,0,18,0,409,0,42,0,17,0,588,39,762,0,6,0,0,0,10,0,4,0,0,0,3,0,37,0,0,0,169,0,0,0,10,0,0,0,0,0,0,0,0,0,0,0,0,0,0,0,0,0,0,0,0,0,0,0,0,0,0,0,0,0,0,0,0,0,0,0,3,0,0,0,0,0,0,0,0,0,0,0,0,0,0,0,1,0,0,0,0,0,0,0,0,0,0,0,0,0,1,0,0,0,0,1,0,0,0,0,0
7,0,0,0,0,0,0,0,0,0,0,0,0,0,0,0,0,0,0,0,0,0,0,0,0,0,0,0,0,0,0,0,4,0,0,0,4,0,2,0,0,0,0,0,0,0,707,0,399,0,1159,0,3371,0,0,0,1454,0,263,0,4,0,546,0,772,0,9,0,1646,0,106,1,0,0,1,0,1,0,3,0,0,0,5,0,58,0,0,0,3197,0,0,0,14,0,0,0,0,0,0,0,0,0,0,0,0,0,0,0,0,0,0,0,0,0,0,0,0,0,0,0,0,0,0,0,0,0,1,0,0,1,0,0,0,0,0,0,0,0,0,0,0,0,0,0,0,0,0,0,1,0,0,0,0,0,0,0,0,0,0,0,1,0,0,0,0,0,0,1,0,0
0,1,0,0,0,0,0,1,0,0,0,0,0,0,0,3,0,0,0,0,0,0,0,0,0,0,0,0,0,0,0,0,0,17,0,0,0,1,0,4,0,3,0,2,0,0,32,1005,51,748,4,171,0,2665,0,0,0,1032,0,125,0,1,0,12,0,21,0,8,0,1717,5,185,0,1,0,0,0,19,0,4,0,0,0,17,0,191,0,0,0,2565,0,0,0,132,0,0,0,0,0,0,0,0,0,0,0,0,0,0,0,0,0,0,0,0,0,0,0,0,0,0,0,0,0,0,0,0,0,0,0,0,0,0,0,0,0,0,0,0,0,0,0,0,0,0,0,1,0,0,0,0,0,0,0,0,0,0,0,0,0,0,0,0,0,0,0,0,0,0,0,0
0,0,0,0,0,0,0,0,0,0,0,0,0,0,0,0,0,0,0,0,0,0,0,0,0,0,0,0,0,0,0,0,0,0,0,0,0,0,0,0,0,0,0,0,0,0,162,0,3,0,737,0,46,0,1454,0,0,0,750,0,0,0,0,0,0,0,0,0,0,0,0,0,0,0,0,0,0,0,0,0,0,0,0,0,0,0,0,0,69,0,0,0,9,0,171,0,0,0,0,0,0,0,3,0,0,0,1,0,0,0,0,0,0,0,0,0,0,0,0,0,0,0,0,0,0,0,0,0,0,0,0,0,0,0,0,0,0,0,0,0,0,0,0,0,0,0,0,0,0,0,0,0,0,0,0,0,0,0,0,0,0,0,0,0,0,0,0,0,0,0
0,0,0,0,0,0,0,0,0,0,0,0,0,0,0,0,0,0,0,0,0,0,0,0,0,0,0,0,0,0,0,0,0,19,0,0,0,0,0,0,0,16,0,9,0,0,21,457,6,65,1,730,0,98,0,1032,0,0,0,1560,0,0,0,0,0,0,0,0,0,5,0,9,0,0,0,0,0,15,0,6,0,0,0,12,0,123,0,0,0,408,0,0,0,1119,0,0,0,0,0,0,0,0,0,0,0,0,0,0,0,0,0,0,0,0,0,0,0,0,0,0,0,0,0,0,0,0,0,0,0,0,0,0,0,0,0,0,0,0,0,4,0,0,0,1,0,5,0,0,0,0,0,0,0,0,0,0,0,0,0,0,0,0,0,0,0,0,0,0,0,0
0,0,1,0,0,0,0,0,4,0,0,0,0,0,0,0,0,0,0,0,0,0,0,0,0,0,0,0,0,0,0,0,26,0,0,0,0,0,2,0,74,0,2208,0,11,0,103,0,1,0,2130,0,4,0,263,0,750,0,0,0,1,0,0,0,0,0,0,0,0,0,32,1,0,0,2,0,27,1,4,0,0,0,0,0,19,0,72,0,109,0,1021,0,2539,0,1348,0,27,0,1,1,73,2,2591,3,8,0,16,0,1,0,0,0,0,0,0,9,4,2,0,0,0,0,0,0,1,0,0,0,0,0,0,0,0,0,0,0,0,0,2,0,0,0,0,0,1,0,0,0,0,0,0,0,0,0,0,0,0,0,0,0,0,0,2,0,0,0,0,0,0,0
0,0,0,1,0,0,0,0,0,1,0,0,0,0,0,0,0,4,0,0,0,0,0,0,0,1,0,0,0,1,0,0,0,90,0,0,0,1,0,3,0,751,0,3656,0,101,22,373,1,11,20,1575,0,20,0,125,0,1560,0,0,0,0,0,0,0,0,0,1,0,2,0,40,0,0,0,1,0,362,1,25,0,0,0,15,0,390,0,509,0,912,0,1368,0,5928,0,930,2,37,0,10,1,167,2,1996,1,11,2,21,2,7,1,4,2,0,13,19,6,1,0,0,0,0,0,1,0,0,0,0,0,1,0,0,0,0,0,0,0,0,0,11,0,1,0,5,0,12,0,0,0,0,0,0,0,0,1,0,0,2,0,0,0,0,0,1,0,0,2,0,0,0
4879,0,69,0,61,0,310,0,24,0,0,0,1171,1,41,4,1,0,0,0,0,0,0,0,0,0,0,0,0,0,0,0,93,0,0,0,211,11,4,0,20,0,0,0,0,0,0,0,1,0,0,0,6,0,4,0,0,0,1,0,0,0,1796,0,1762,0,1313,0,27,0,515,1,637,0,61,1,366,2,226,2,0,0,159,0,1020,0,1,0,7,0,0,0,0,0,0,0,0,0,0,2,0,1,0,0,0,0,0,2,1,0,1,2,0,0,0,0,0,0,0,0,1,0,0,0,37,1,129,1,59,1,18,0,4,0,43,0,8,0,1,0,0,0,0,0,3,0,1,0,7,0,0,0,0,0,3,1,0,0,4,1,7,0,44,0,8,1,3,2,0,0
0,3322,0,20,0,37,0,159,0,6,0,0,3,1313,0,127,0,0,0,0,0,0,0,0,0,0,0,0,0,0,0,0,2,231,0,0,2,105,0,2,0,13,0,0,0,0,0,0,0,1,0,1,0,18,0,1,0,0,0,0,0,0,0,1674,0,1069,1,1640,1,306,4,516,0,1107,0,43,5,407,1,111,0,0,3,32,3,221,0,1,1,14,0,0,0,0,0,1,0,0,0,0,0,0,0,0,0,0,0,0,0,0,2,0,0,0,0,0,0,0,0,0,0,0,0,0,0,2,0,17,2,18,1,2,0,0,0,1,0,0,0,0,0,1,0,0,0,2,0,0,2,1,0,0,0,0,2,1,0,1,0,0,0,0,0,3,0,0,1,0,0,0
293,0,17,0,18,0,11,0,4,0,0,0,19,0,10,0,0,0,0,0,0,0,0,0,0,0,0,0,0,0,0,0,18,0,0,0,207,4,16,0,8,0,0,1,0,0,5,0,104,0,0,0,351,0,546,0,0,0,0,0,1796,0,0,0,1573,0,86,0,475,0,2478,0,66,0,10,0,68,0,55,0,0,0,2,0,55,0,0,0,28,0,0,0,0,0,0,0,0,0,0,1,0,0,0,0,0,0,0,0,0,0,0,1,0,0,0,0,0,0,0,0,0,0,0,0,9,0,39,0,30,1,10,0,2,0,6,0,1,0,0,0,0,0,0,0,1,0,1,0,6,0,0,0,0,0,0,0,0,0,1,0,0,0,10,1,1,0,3,3,2,0
0,198,0,14,0,9,0,6,0,1,0,0,1,13,0,69,0,0,0,0,0,0,0,0,0,0,0,0,0,0,0,0,1,20,0,0,1,46,0,0,0,3,0,1,0,0,1,0,0,19,0,0,0,409,0,12,0,0,0,0,0,1674,0,0,0,1043,0,79,0,547,16,1619,0,230,0,2,0,122,1,47,0,0,0,1,0,8,0,0,0,4,0,0,0,0,1,0,0,0,0,0,0,0,0,0,0,0,0,0,0,1,1,0,0,0,0,0,0,0,0,0,0,0,0,0,1,1,0,2,0,3,0,0,0,0,0,0,0,0,0,0,0,0,0,1,0,1,0,0,0,0,0,0,0,0,0,1,0,0,0,1,0,0,0,0,0,0,0,0,0,0
257,0,13,0,10,0,6,0,1,0,0,0,21,0,9,0,0,0,0,0,0,0,0,0,0,0,0,0,0,0,0,0,3,0,0,0,68,6,3,0,6,0,0,0,0,0,3,0,37,0,0,0,238,0,772,0,0,0,0,0,1762,0,1573,0,0,0,1446,0,2592,0,146,0,8,1,5,0,69,0,47,0,0,0,2,0,257,0,2,0,63,0,0,0,0,0,0,0,0,0,0,0,0,0,0,0,0,0,0,0,1,2,0,0,0,0,0,0,0,0,0,0,0,0,0,0,4,0,21,1,13,1,4,0,2,0,5,0,1,0,1,0,0,0,0,0,0,0,1,0,0,0,0,0,0,0,1,0,0,0,0,0,0,0,2,0,1,0,0,0,0,0
0,128,0,10,0,5,0,1,0,1,0,0,0,5,0,16,0,0,0,0,0,0,0,0,0,0,0,0,0,0,0,0,0,5,0,0,0,15,0,8,0,3,0,0,0,0,0,0,0,5,0,0,0,42,0,21,0,0,0,0,0,1069,0,1043,0,0,0,1996,0,937,0,72,0,10,0,0,0,27,0,9,0,0,1,12,0,54,0,0,0,16,0,0,0,0,0,0,0,0,0,0,0,0,0,0,0,0,0,0,0,0,0,0,0,0,0,0,0,0,0,0,0,0,0,0,0,0,0,3,1,2,0,0,0,0,0,0,0,0,0,0,0,0,0,0,0,0,0,0,0,0,0,0,0,0,0,0,0,0,0,0,0,0,0,0,0,0,0,0,0,0
147,0,4,0,1,0,5,0,0,0,0,0,185,0,0,1,0,0,0,0,0,0,0,0,0,0,0,0,0,0,0,0,16,0,0,0,51,3,2,0,3,1,0,0,0,0,1,0,1,0,0,0,2,0,9,0,0,0,0,0,1313,1,86,0,1446,0,0,0,488,0,31,1,1,0,4,0,33,0,23,0,0,0,6,0,1598,0,0,0,374,0,0,0,0,0,0,0,0,0,0,0,0,0,0,0,0,0,0,0,0,0,0,0,1,0,0,0,0,0,0,0,0,0,0,0,3,0,13,0,8,0,1,0,0,0,3,0,0,0,0,0,0,0,0,0,0,0,0,0,0,0,0,0,0,0,0,0,0,0,0,0,0,0,2,1,0,0,0,0,0,0
0,461,0,17,0,29,0,43,0,1,0,0,2,731,1,40,0,0,0,0,0,0,0,0,0,0,0,0,0,0,0,0,4,237,0,0,0,103,2,18,2,4,0,0,0,0,2,5,0,2,1,4,0,17,0,8,0,0,0,1,0,1640,0,79,0,1996,0,0,0,306,2,40,0,13,0,7,0,138,0,39,0,0,4,59,4,1079,0,0,1,46,0,0,0,0,0,0,0,0,0,0,0,0,0,0,0,0,0,0,1,0,0,0,0,0,0,0,0,0,0,0,0,0,0,0,0,0,1,4,2,9,0,0,0,0,0,2,0,1,0,1,0,0,1,0,0,0,0,0,3,0,0,0,0,0,0,0,0,0,0,0,0,0,0,0,1,0,0,0,0,0
12,0,0,0,0,0,0,0,1,0,0,0,2,0,0,0,0,0,0,0,0,0,0,0,0,0,0,0,0,0,0,0,0,0,0,0,6,0,0,0,0,0,0,0,0,0,12,0,30,0,2,0,159,0,1646,0,0,0,0,0,27,1,475,0,2592,0,488,0,0,0,45,0,1,0,0,0,4,0,2,0,0,0,5,0,279,0,0,0,1310,0,0,0,0,0,0,0,0,0,0,0,0,0,0,0,0,0,0,0,0,0,0,0,0,0,0,0,0,0,0,0,0,0,0,0,0,0,2,0,0,0,0,0,0,0,0,0,0,0,0,0,0,0,0,0,0,0,0,0,0,0,0,0,0,0,0,0,0,0,0,0,0,0,1,0,0,0,0,0,0,0
0,97,0,9,0,4,0,2,0,0,0,0,0,3,0,29,0,0,0,0,0,0,0,0,0,0,0,0,0,0,0,0,0,9,0,0,0,15,3,15,0,1,0,0,0,0,3,28,5,93,1,4,0,588,0,1717,0,5,0,2,0,306,0,547,0,937,0,306,0,0,5,268,0,26,1,2,0,42,0,25,0,0,0,11,0,292,0,0,0,723,0,0,0,5,0,0,0,0,0,0,0,0,0,0,0,0,0,0,0,0,1,0,0,0,0,0,0,0,0,0,0,0,0,0,0,0,0,2,0,6,0,0,0,0,1,0,0,0,0,0,0,0,0,0,0,0,0,0,0,0,0,0,0,0,0,0,0,0,0,0,0,0,0,0,0,0,0,0,0,0
474,1,48,0,5,0,14,0,0,0,0,0,14,2,31,4,1,0,0,0,0,0,0,0,0,0,0,0,0,0,0,0,21,15,0,0,1720,166,1734,156,185,8,115,3,1,0,1411,336,1401,488,614,3,655,39,106,5,0,0,32,0,515,4,2478,16,146,0,31,2,45,5,0,2285,862,2,22,2,73,19,58,14,0,0,6,15,39,57,0,0,19,3,0,0,0,0,0,0,0,1,1,1,0,0,0,0,0,0,2,1,0,1,4,2,0,0,0,0,0,0,0,0,0,0,0,0,17,1,64,3,35,5,11,0,2,0,12,0,2,0,0,0,0,0,1,2,6,1,0,0,5,2,0,0,0,0,2,0,0,0,3,0,3,0,12,0,8,0,4,3,1,0
0,154,0,23,0,11,0,7,0,0,0,0,3,11,0,156,0,0,0,0,0,0,0,0,0,0,0,0,0,0,0,0,1,55,0,0,8,1821,172,1091,57,159,30,65,0,0,104,1341,316,1482,23,502,1,762,1,185,0,9,1,40,1,516,0,1619,0,72,1,40,0,268,2285,0,0,751,0,4,2,148,2,51,0,0,1,38,0,188,0,0,1,114,0,0,0,9,0,0,0,0,0,2,0,0,0,0,0,0,0,1,1,0,0,2,0,0,0,0,0,0,0,0,0,0,0,1,0,0,0,8,0,13,0,5,0,0,0,1,0,0,0,2,0,0,0,4,15,5,0,0,1,2,0,0,0,0,0,1,0,0,0,0,0,0,0,1,0,0,1,0,0,0
1249,1,297,0,64,1,49,0,8,0,0,0,14,0,1050,0,0,0,1,0,0,0,0,0,0,0,0,0,0,0,0,0,17,0,0,0,692,14,2,0,4,0,0,1,1,0,0,0,1,0,0,0,0,0,0,0,0,0,0,0,637,0,66,0,8,0,1,0,1,0,862,0,0,0,20,0,90,0,39,0,0,0,0,0,2,0,0,0,0,0,0,0,0,0,0,0,0,0,0,0,0,0,0,0,0,0,0,0,0,0,0,1,0,0,0,0,0,0,0,0,2,0,0,0,23,0,49,0,15,1,6,0,0,0,26,1,2,0,0,0,0,0,0,0,0,0,0,0,5,0,0,0,0,0,5,0,0,0,4,1,2,0,8,0,3,0,2,1,1,0
1,836,0,63,1,26,0,15,0,2,0,0,0,21,0,1196,0,0,0,0,0,0,0,0,0,0,0,0,0,0,0,0,0,25,0,0,2,276,0,1,0,7,0,0,0,0,0,0,0,0,0,0,0,6,0,1,0,0,0,0,0,1107,0,230,1,10,0,13,0,26,2,751,0,0,0,10,2,113,0,60,0,0,0,2,0,16,0,0,0,2,0,0,0,0,0,0,0,0,0,0,0,0,0,0,0,0,0,0,0,0,1,0,0,0,0,0,0,0,0,1,0,0,0,0,1,1,0,13,0,10,0,2,0,0,0,1,0,0,0,0,0,1,0,0,0,1,0,1,0,0,0,0,0,0,4,0,0,2,0,1,0,0,1,2,0,0,0,0,0,0
94,0,73,4,82,2,70,1,78,0,13,0,32,0,46,12,117,1,11,1,26,0,26,0,30,0,11,0,24,0,1,0,223,0,0,0,65,46,1,0,24,1,0,0,48,0,0,0,0,0,0,0,0,0,1,0,0,0,2,0,61,0,10,0,5,0,4,0,0,1,22,0,20,0,0,0,1159,2,464,0,0,0,0,0,6,0,11,0,1,0,5,0,2,0,0,0,0,0,0,3,0,0,0,1,0,0,0,3,4,1,2,5,2,0,0,0,0,0,0,0,14,0,1,0,269,0,363,0,222,0,61,0,18,0,252,4,17,0,1,0,1,0,7,1,49,0,13,0,74,0,26,1,6,1,29,22,135,0,7,1,9,0,65,1,15,0,1,3,3,1
2,45,0,6,1,59,1,194,0,145,0,52,0,44,0,19,2,211,0,7,0,42,1,141,0,36,0,9,0,34,0,0,3,654,0,0,4,16,1,0,9,108,0,3,0,57,0,0,0,0,0,1,0,0,0,0,0,0,0,1,1,43,0,2,0,0,0,7,0,2,2,4,0,10,0,0,1,3276,1,1221,0,0,2,1,0,3,0,128,1,3,0,2,0,6,0,0,0,0,0,0,4,0,0,0,0,0,9,5,6,1,17,3,2,1,0,0,0,0,0,1,0,2,0,0,0,385,2,713,0,508,0,178,1,6,0,101,0,23,1,2,0,5,1,23,3,85,0,35,0,70,1,16,0,2,2,23,0,223,0,23,0,25,0,220,0,22,7,6,4,1
352,3,217,6,334,9,202,2,406,2,74,0,204,1,160,9,524,0,24,2,1,0,8,0,17,0,1,0,9,0,8,0,2050,4,0,0,180,41,15,0,844,1,7,0,601,0,0,0,0,0,0,0,3,0,1,0,0,0,27,0,366,5,68,0,69,0,33,0,4,0,73,2,90,2,1159,1,0,7,1269,7,0,0,34,0,108,2,242,0,148,0,92,0,161,0,0,0,0,1,1,4,2,1,1,0,0,0,1,1,2,2,4,9,1,0,0,0,0,0,0,0,1,0,0,0,167,0,78,2,51,1,18,1,21,0,95,2,7,0,20,0,2,0,11,2,52,1,2,0,11,1,0,0,4,1,78,17,571,0,15,0,4,0,117,1,10,5,16,2,2,0
2,213,3,79,2,201,1,343,3,331,0,46,5,226,2,190,1,319,2,46,1,54,0,112,0,31,0,56,0,21,0,1,2,2076,0,0,5,282,12,43,2,897,0,116,0,806,7,33,6,4,0,55,0,10,0,19,0,15,1,362,2,407,0,122,0,27,0,138,0,42,19,148,0,113,2,3276,7,0,4,1520,0,0,4,32,7,255,0,486,0,216,0,17,0,322,0,0,2,1,1,7,2,1,0,0,0,1,1,4,6,6,12,15,0,3,1,0,1,0,0,1,0,0,0,0,1,53,1,81,7,40,0,18,0,2,1,5,0,4,1,87,0,5,1,26,1,48,0,4,2,4,1,5,3,18,46,84,0,764,1,6,0,11,0,81,1,2,0,1,4,0
146,0,57,1,78,3,54,0,31,0,0,0,52,0,45,5,44,0,1,0,0,0,1,0,0,0,0,0,0,0,0,0,78,1,0,0,113,12,5,0,507,2,2,1,159,1,0,0,1,0,0,0,0,0,3,0,0,0,4,1,226,1,55,1,47,0,23,0,2,0,58,2,39,0,464,1,1269,4,0,2,0,0,12,0,23,2,13,0,21,0,8,0,7,0,0,2,0,1,0,4,1,0,1,2,0,2,1,6,9,3,8,6,3,3,0,0,0,0,0,0,0,0,0,0,115,1,60,3,28,7,11,0,30,0,47,3,4,0,3,0,4,0,4,0,14,0,4,0,9,1,0,0,0,1,11,2,120,0,7,6,12,2,250,2,23,1,15,4,6,0
3,65,0,8,1,20,0,59,0,6,0,0,3,25,0,58,0,17,0,1,0,1,0,4,0,0,0,0,0,0,0,0,6,45,0,0,3,120,1,21,11,634,0,20,0,67,2,19,0,3,0,13,0,4,0,4,0,6,0,25,2,111,0,47,0,9,0,39,0,25,14,51,0,60,0,1221,7,1520,2,0,0,0,1,4,3,41,0,5,2,15,0,0,0,12,0,0,0,0,1,2,1,0,2,1,1,0,4,5,4,3,21,6,1,2,0,0,0,0,0,1,0,0,0,0,0,93,1,82,1,41,0,16,0,5,0,38,0,2,0,21,0,2,0,9,3,29,0,3,8,10,0,0,0,0,6,7,0,187,2,2,1,18,2,190,0,10,6,2,1,0
0,0,0,0,0,0,0,0,0,0,0,0,0,0,0,0,0,0,0,0,0,0,0,0,0,0,0,0,0,0,0,0,0,0,0,0,0,0,0,0,0,0,0,0,0,0,0,0,0,0,0,0,0,0,0,0,0,0,0,0,0,0,0,0,0,0,0,0,0,0,0,0,0,0,0,0,0,0,0,0,0,0,0,0,0,0,0,0,0,0,0,0,0,0,0,0,0,0,0,0,0,0,0,0,0,0,0,0,0,0,0,0,0,0,0,0,0,0,0,0,0,0,0,0,0,0,0,0,0,0,0,0,0,0,0,0,0,0,0,0,0,0,0,0,0,0,0,0,0,0,0,0,0,0,0,0,0,0,0,0,0,0,0,0,0,0,0,0,0,0
0,0,0,0,0,0,0,0,0,0,0,0,0,0,0,0,0,0,0,0,0,0,0,0,0,0,0,0,0,0,0,0,0,0,0,0,0,0,0,0,0,0,0,0,0,0,0,0,0,0,0,0,0,0,0,0,0,0,0,0,0,0,0,0,0,0,0,0,0,0,0,0,0,0,0,0,0,0,0,0,0,0,0,0,0,0,0,0,0,0,0,0,0,0,0,0,0,0,0,0,0,0,0,0,0,0,0,0,0,0,0,0,0,0,0,0,0,0,0,0,0,0,0,0,0,0,0,0,0,0,0,0,0,0,0,0,0,0,0,0,0,0,0,0,0,0,0,0,0,0,0,0,0,0,0,0,0,0,0,0,0,0,0,0,0,0,0,0,0,0
10,0,1,0,1,0,25,0,1,0,0,0,172,0,2,0,0,0,0,0,0,0,0,0,0,0,0,0,0,0,0,0,126,1,0,0,25,3,15,0,19,1,1,0,0,1,0,0,3,0,0,0,1,0,5,0,0,0,0,0,159,3,2,0,2,1,6,4,5,0,6,1,0,0,0,2,34,4,12,1,0,0,0,1,133,0,1,0,42,0,0,0,1,0,0,0,0,0,0,1,1,0,0,0,0,0,0,2,0,0,0,1,0,0,0,0,0,0,0,0,0,0,1,0,2,0,7,1,14,1,0,1,2,0,0,0,0,1,1,0,0,0,0,0,9,0,1,0,19,0,0,0,0,0,0,0,0,0,0,0,0,0,2,0,1,1,5,0,0,0
0,29,0,2,0,6,0,11,0,2,0,0,0,515,0,3,0,0,0,0,0,0,0,0,0,0,0,0,0,0,0,0,3,155,0,0,1,11,10,34,0,6,0,0,0,0,8,37,5,0,0,18,0,3,0,17,0,12,0,15,0,32,0,1,0,12,0,59,0,11,15,38,0,2,0,1,0,32,0,4,0,0,1,0,3,401,0,9,0,34,0,0,0,6,0,0,0,0,0,0,0,0,0,0,0,0,0,0,0,0,0,0,0,0,0,0,0,0,0,0,0,0,0,0,0,0,0,0,0,4,0,0,0,0,0,0,0,0,0,0,0,0,0,0,0,0,0,0,0,0,0,0,0,0,0,0,0,0,0,0,0,0,0,0,0,0,0,0,0,0
111,4,2,0,1,0,115,0,5,0,0,0,996,2,1,1,0,0,0,0,0,0,0,0,0,0,0,0,0,0,0,0,278,0,0,0,96,5,44,0,278,1,1,0,1,0,11,0,5,0,1,0,34,0,58,0,0,0,19,0,1020,3,55,0,257,0,1598,4,279,0,39,0,2,0,6,0,108,7,23,3,0,0,133,3,0,3,628,0,4801,0,5,0,312,0,0,0,0,0,0,0,0,0,0,0,0,0,0,1,0,0,0,0,0,0,0,0,0,0,0,0,0,0,0,0,2,0,9,0,12,2,5,0,0,0,4,0,0,0,3,0,0,0,2,0,9,0,0,0,6,0,0,0,0,0,1,0,0,0,2,0,0,1,1,0,0,0,0,1,1,0
0,199,0,25,0,16,0,19,0,1,0,0,1,1123,0,50,0,0,0,0,0,0,0,1,0,0,0,0,0,0,0,0,1,425,0,0,3,52,16,83,0,396,0,22,0,10,25,214,10,28,3,177,2,37,0,191,0,123,0,390,0,221,0,8,0,54,0,1079,0,292,57,188,0,16,0,3,2,255,2,41,0,0,0,401,3,0,0,619,1,6463,0,86,0,331,0,0,0,0,0,0,0,0,0,0,0,0,0,0,0,1,0,0,0,0,0,0,0,0,0,0,0,0,0,0,0,0,0,3,0,7,0,2,0,0,0,0,0,0,0,11,0,0,0,4,0,5,0,0,0,2,0,0,0,0,1,0,0,0,0,0,0,0,0,2,0,0,0,0,1,0
2,0,20,0,21,1,171,0,79,0,11,0,312,0,9,0,8,0,0,0,0,0,1,0,0,0,0,0,3,0,2,0,678,0,0,0,3,2,0,0,265,0,138,0,744,0,0,0,0,0,0,0,0,0,0,0,0,0,72,0,1,0,0,0,2,0,0,0,0,0,0,0,0,0,11,0,242,0,13,0,0,0,1,0,628,0,0,0,1067,0,1155,0,481,0,0,0,0,0,0,0,0,0,0,0,0,0,0,0,0,0,0,0,0,0,0,0,0,0,0,0,0,0,0,0,2,0,0,0,0,0,0,0,0,0,1,0,0,0,3,0,0,0,0,0,0,0,0,0,0,0,0,0,1,0,1,1,2,0,1,0,0,0,0,0,2,0,0,0,0,0
0,0,0,0,0,2,0,12,0,3,0,1,0,176,0,0,0,96,0,0,0,16,1,24,0,8,0,2,0,29,0,0,0,371,0,0,0,0,0,0,0,532,0,384,0,985,0,0,0,0,0,1,0,0,0,0,0,0,0,509,0,1,0,0,0,0,0,0,0,0,0,0,0,0,0,128,0,486,0,5,0,0,0,9,0,619,0,0,0,827,0,3254,0,933,0,0,0,0,0,0,0,0,0,0,0,0,0,0,0,0,0,0,0,0,0,0,0,0,0,0,0,0,0,0,0,0,0,0,0,0,0,0,0,0,0,0,0,0,0,0,0,0,0,0,0,0,0,0,0,0,0,4,0,1,0,2,0,6,0,0,0,0,0,1,0,1,0,0,0,0
6,0,1,0,1,0,0,0,4,0,0,0,3,1,1,0,0,0,0,0,0,0,0,0,0,0,0,0,0,0,0,0,220,0,0,0,6,3,26,0,358,1,3,0,30,0,66,0,57,0,77,0,247,0,3197,0,69,0,109,0,7,1,28,0,63,0,374,1,1310,0,19,1,0,0,1,1,148,0,21,2,0,0,42,0,4801,1,1067,0,0,0,428,0,4377,0,0,0,0,0,0,0,0,0,0,0,0,0,0,1,0,0,0,1,0,0,0,0,0,0,0,0,0,0,0,0,3,0,2,0,9,0,2,0,0,0,2,0,0,0,2,0,0,0,1,0,6,0,0,0,3,0,0,0,0,0,0,0,1,0,2,0,0,0,1,0,0,1,1,1,0,0
0,12,0,1,0,1,0,1,0,1,0,0,0,1,0,4,0,2,0,0,0,0,0,0,0,0,0,0,0,0,0,0,0,66,0,0,0,3,2,6,1,278,0,29,0,30,14,348,17,72,3,202,0,169,0,2565,0,408,0,912,0,14,0,4,0,16,0,46,0,723,3,114,0,2,0,3,0,216,0,15,0,0,0,34,0,6463,0,827,0,0,0,922,0,5584,0,0,0,0,0,0,0,0,0,0,0,0,0,0,0,0,0,0,0,0,0,0,0,0,0,0,0,0,0,0,0,0,0,0,0,0,0,1,0,0,0,0,0,0,0,2,0,0,0,5,0,4,0,0,0,0,0,0,0,0,0,0,0,1,0,0,0,0,0,0,0,0,0,0,0,0
0,0,6,0,4,0,0,0,4,0,3,0,0,0,2,0,1,0,0,0,0,0,1,0,0,0,0,0,0,0,0,0,62,0,0,0,2,0,0,0,304,0,185,0,293,0,0,0,0,0,0,0,0,0,0,0,0,0,1021,0,0,0,0,0,0,0,0,0,0,0,0,0,0,0,5,0,92,0,8,0,0,0,0,0,5,0,1155,0,428,0,0,0,3809,0,0,0,0,0,0,0,0,0,0,0,0,0,0,0,0,0,0,0,0,0,0,0,0,0,0,0,0,0,0,0,0,0,0,0,0,0,0,0,0,0,0,0,0,0,0,0,0,0,0,0,0,0,0,0,0,0,0,0,0,0,1,0,1,0,0,0,0,0,2,0,0,0,0,0,0,0
0,0,0,0,0,0,0,0,0,0,0,0,0,0,0,0,0,0,0,0,0,0,0,1,0,0,0,0,0,0,0,0,0,3,0,0,0,0,0,0,0,136,0,358,0,119,0,0,0,0,0,0,0,0,0,0,0,0,0,1368,0,0,0,0,0,0,0,0,0,0,0,0,0,0,0,2,0,17,0,0,0,0,0,0,0,86,0,3254,0,922,0,0,0,1763,0,0,0,0,0,0,0,0,0,0,0,0,0,0,0,0,0,0,0,0,0,0,0,0,0,0,0,0,0,0,0,0,0,0,0,0,0,0,0,0,0,0,0,0,0,0,0,0,0,0,0,0,0,0,0,0,0,0,0,0,0,0,0,0,0,0,0,0,0,0,0,0,0,0,0,0
0,0,0,0,4,0,2,0,7,0,1,0,1,0,1,0,0,0,0,0,0,0,0,0,0,0,0,0,0,0,0,0,203,0,0,0,1,0,0,0,404,0,19,0,37,0,2,0,1,0,8,0,2,0,14,0,9,0,2539,0,0,0,0,0,0,0,0,0,0,0,0,0,0,0,2,0,161,0,7,0,0,0,1,0,312,0,481,0,4377,0,3809,0,0,0,51,0,1,0,0,0,0,0,3,0,0,0,0,0,0,1,1,0,0,0,0,0,0,0,0,0,0,0,0,0,1,0,1,0,0,0,0,0,0,0,0,0,0,0,3,0,0,0,1,0,1,0,0,0,0,0,0,0,0,0,0,0,0,0,0,0,0,0,0,0,0,0,0,0,0,0
0,0,0,0,0,0,0,0,0,0,0,0,0,0,0,0,0,6,0,0,0,2,0,0,0,0,0,0,0,0,0,0,0,50,0,0,0,0,0,0,0,388,0,154,0,92,2,47,2,10,0,71,0,10,0,132,0,1119,0,5928,0,0,0,0,0,0,0,0,0,5,0,9,0,0,0,6,0,322,0,12,0,0,0,6,0,331,0,933,0,5584,0,1763,0,0,0,733,1,14,0,8,0,7,0,77,0,4,1,22,0,4,1,3,1,0,1,0,0,0,0,0,0,0,0,0,0,1,0,0,0,0,0,0,0,0,0,0,0,0,0,5,0,0,0,2,0,3,0,0,0,0,0,0,0,0,0,0,0,1,0,0,0,0,0,1,0,0,0,0,0,0
0,0,0,0,0,0,0,0,0,0,0,0,0,0,0,0,0,0,0,0,0,0,0,0,0,0,0,0,0,0,0,0,0,0,0,0,0,0,0,0,0,0,1,0,0,0,0,0,0,0,1556,0,0,0,0,0,171,0,1348,0,0,0,0,1,0,0,0,0,0,0,0,0,0,0,0,0,0,0,0,0,0,0,0,0,0,0,0,0,0,0,0,0,51,0,0,13,4642,25,32,0,289,3,5522,34,611,14,601,21,104,3,9,4,0,1,13,79,139,53,8,1,0,0,0,0,1,0,0,0,1,0,1,0,0,0,0,0,0,0,1,0,0,0,1,0,0,0,0,0,0,0,0,0,0,0,0,0,0,0,2,0,0,0,1,0,1,0,7,1,0,0
3,0,0,0,0,0,0,0,0,0,0,0,0,0,0,1,0,0,0,0,0,0,0,0,0,0,0,0,0,0,0,0,0,0,0,0,1,0,0,0,1,1,2,2,0,0,0,0,0,0,0,22,0,0,0,0,0,0,0,930,0,1,0,0,0,0,0,0,0,0,0,0,0,0,0,0,0,0,2,0,0,0,0,0,0,0,0,0,0,0,0,0,0,733,13,0,44,4119,3,169,15,300,24,6057,9,474,28,941,19,156,11,33,12,26,63,82,82,51,11,7,0,0,0,0,0,0,1,2,0,6,1,1,0,0,1,1,0,0,0,2,2,0,0,2,2,0,0,0,0,2,0,0,0,0,0,0,0,0,1,1,0,0,1,0,1,0,16,18,7,1
0,0,0,0,0,0,0,0,0,0,0,0,0,0,0,0,0,0,0,0,0,0,0,0,0,0,0,0,0,0,0,0,0,0,0,0,1,0,0,0,1,2,0,0,0,0,0,0,0,0,37,0,0,0,0,0,0,0,27,2,0,0,0,0,0,0,0,0,0,0,0,0,0,0,0,0,0,2,0,0,0,0,0,0,0,0,0,0,0,0,0,0,1,1,4642,44,0,261,35,4,230,11,1191,54,2277,108,1629,67,184,3,14,4,0,2,33,58,290,166,3,4,0,0,0,0,1,0,1,3,0,0,0,0,0,0,0,0,0,0,1,0,0,0,0,0,0,0,0,0,0,1,0,0,0,0,0,0,0,0,5,2,0,0,0,1,0,3,8,2,1,1
0,0,0,0,1,0,0,0,0,0,0,0,0,0,0,0,0,0,0,0,0,0,0,0,0,0,0,0,0,0,0,0,1,0,0,0,1,1,0,0,4,2,3,1,0,0,0,0,0,0,0,4,0,0,0,0,0,0,0,37,0,0,0,0,0,0,0,0,0,0,1,0,0,0,0,0,1,1,1,0,0,0,0,0,0,0,0,0,0,0,0,0,0,14,25,4119,261,0,2,109,26,155,46,790,18,2040,52,2030,17,124,10,18,6,21,53,74,265,202,12,2,0,0,0,0,0,0,2,1,2,2,3,1,0,1,0,2,0,0,0,0,0,0,0,2,0,0,0,0,0,0,0,0,0,0,0,0,0,0,3,0,1,1,0,1,1,2,14,13,7,0
1,0,0,0,0,0,0,0,0,0,0,0,0,0,0,0,0,0,0,0,0,0,0,0,0,0,0,0,0,0,0,0,0,0,0,0,0,0,0,0,19,0,9,1,0,0,0,0,0,0,56,0,0,0,0,0,0,0,1,0,0,0,0,0,0,0,0,0,0,0,1,0,0,0,0,0,1,1,0,1,0,0,0,0,0,0,0,0,0,0,0,0,0,0,32,3,35,2,0,7,279,8,87,4,32,0,249,16,498,28,51,30,137,38,72,6,0,7,5,296,0,0,0,0,1,2,3,1,6,3,1,0,0,0,1,2,0,0,0,1,9,0,4,0,3,0,0,0,1,1,0,0,0,0,0,0,0,0,1,0,0,0,2,2,0,3,365,5,27,1
1,0,1,0,1,0,0,0,0,0,0,0,1,0,0,0,0,0,0,0,0,0,0,0,0,0,0,0,0,0,0,0,1,0,0,0,0,1,1,0,21,8,2,56,2,0,0,1,0,0,1,16,0,0,0,0,0,0,1,10,2,0,1,0,0,0,0,0,0,0,1,2,0,0,3,0,4,7,4,2,0,0,1,0,0,0,0,0,0,0,0,0,0,8,0,169,4,109,7,0,45,1212,18,253,3,41,27,365,28,185,28,56,22,181,102,27,3,15,9,21,0,0,0,0,1,2,3,10,2,29,1,2,0,0,4,6,0,0,2,6,2,3,0,15,4,18,0,3,2,3,0,0,0,0,0,0,0,0,0,5,0,2,0,2,4,13,20,14,62,2
2,0,0,0,0,0,0,0,0,0,0,0,0,0,0,0,0,0,0,0,0,0,0,0,0,0,0,0,0,0,0,0,0,0,0,0,1,0,0,0,12,0,12,3,0,0,0,1,0,0,266,1,0,0,0,0,0,0,73,1,0,0,0,0,0,0,0,0,0,0,0,0,0,0,0,4,2,2,1,1,0,0,1,0,0,0,0,0,0,0,0,0,0,0,289,15,230,26,279,45,0,163,1818,57,254,11,1517,62,809,35,321,25,23,233,2045,99,54,141,102,123,1,0,0,0,3,1,2,3,5,5,2,1,0,0,1,0,0,1,3,0,2,0,1,1,1,1,0,0,1,0,0,0,0,0,0,0,0,0,8,2,0,0,0,0,5,4,82,10,13,1
0,0,0,0,0,0,0,0,0,0,0,0,0,0,0,0,0,0,0,0,0,0,0,0,0,0,0,0,0,0,0,0,0,0,0,0,0,0,0,0,2,0,0,5,0,0,0,0,0,0,1,25,0,0,0,0,0,0,2,167,1,0,0,0,0,0,0,0,0,0,0,0,0,0,0,0,1,1,0,0,0,0,0,0,0,0,0,0,0,0,0,0,0,7,3,300,11,155,8,1212,163,0,43,1814,3,72,42,350,15,101,13,116,26,61,1331,221,25,39,36,30,0,0,0,0,0,0,0,1,0,1,0,1,0,0,0,0,0,0,0,1,0,0,1,0,0,0,0,0,0,0,0,0,0,0,0,0,0,0,1,1,0,0,0,1,0,1,10,13,3,0
0,0,0,0,0,0,0,0,0,0,0,0,0,0,0,0,0,0,0,0,0,0,0,0,0,0,0,0,0,0,0,0,0,0,0,0,1,0,0,0,1,0,4,0,0,0,0,0,0,0,1770,1,0,0,0,0,3,0,2591,2,0,0,0,0,0,0,0,0,0,0,0,0,0,0,0,0,1,0,1,2,0,0,0,0,0,0,0,0,0,0,0,0,3,0,5522,24,1191,46,87,18,1818,43,0,150,814,21,1028,73,145,11,74,8,5,27,66,865,252,123,23,9,0,0,0,0,0,1,1,1,0,1,0,0,0,0,0,0,0,0,0,0,0,0,0,0,0,1,0,0,0,0,0,0,0,0,0,0,0,0,4,0,0,1,0,0,1,0,15,7,1,2
0,0,0,0,0,0,0,0,0,0,0,0,0,0,1,1,0,0,0,0,0,0,0,0,0,0,0,0,0,0,0,0,0,0,0,0,1,0,0,0,2,1,0,6,0,0,0,0,0,0,5,173,0,0,0,0,0,0,3,1996,0,0,0,0,0,0,0,0,0,0,0,0,0,0,1,0,0,0,2,1,0,0,0,0,0,0,0,0,0,0,0,0,0,77,34,6057,54,790,4,253,57,1814,150,0,21,266,93,706,15,190,10,231,34,35,196,913,213,149,16,8,0,0,0,0,0,1,1,1,0,6,1,3,0,0,0,2,0,0,1,0,0,1,1,3,3,0,0,0,1,2,0,0,0,0,0,0,0,0,4,2,1,0,1,0,0,2,18,13,4,1
0,0,0,0,0,0,0,0,0,0,0,0,0,0,0,0,0,0,0,0,0,0,0,0,0,0,0,0,0,0,0,0,0,0,0,0,0,0,0,0,0,0,1,0,0,0,0,0,0,0,10,0,0,0,0,0,0,0,8,1,0,0,0,0,0,0,0,0,0,0,0,0,0,0,0,0,0,0,0,1,0,0,0,0,0,0,0,0,0,0,0,0,0,0,611,9,2277,18,32,3,254,3,814,21,0,27,1228,18,145,5,29,2,2,1,9,20,50,31,1,3,0,0,0,0,1,0,0,0,1,0,0,0,0,0,0,0,0,0,0,0,0,0,0,0,0,0,0,0,0,0,0,0,0,0,0,0,0,0,1,0,0,0,0,0,0,1,3,1,0,0
0,0,0,0,0,0,0,0,0,0,0,0,0,0,0,0,0,0,0,0,0,0,0,0,0,0,0,0,0,0,0,0,1,0,0,0,0,0,0,0,0,1,0,1,0,0,0,0,0,0,0,0,0,0,0,0,0,0,0,11,0,0,0,0,0,0,0,0,0,0,0,0,0,0,0,0,0,1,2,0,0,0,0,0,0,0,0,0,0,0,0,0,0,4,14,474,108,2040,0,41,11,72,21,266,27,0,25,1583,5,72,4,7,6,7,22,31,76,154,5,0,0,0,0,0,0,0,0,0,1,0,1,0,0,0,0,0,0,0,0,0,0,1,0,0,0,1,0,0,1,0,0,0,0,0,0,0,0,0,0,0,0,0,0,0,1,1,8,2,0,0
