0,87,1916,14,2178,4,1270,9,138,4,0,0,916,1,612,53,0,0,3,1,0,0,0,0,0,0,0,0,0,0,0,0,1078,5,0,0,365,83,0,0,0,0,0,0,0,0,3,0,5,0,0,0,10,0,12,0,0,0,0,0,4574,10,164,0,33,0,39,3,11,0,345,5,754,1,146,19,88,8,8,2,0,0,13,0,22,0,0,0,9,0,0,0,0,0,0,0,0,0,0,0,0,0,0,0,0,0,0,0,0,0,0,0,0,0,0,0,0,0,0,0,0,0,0,0,1,1,9,2,19,1,0,0,0,0,1,2,1,0,0,0,0,0,0,0,0,1,0,0,0,0,0,0,0,1,50,16,0,0,0,0,0,0,0,0,0,1,0,0,0,0
87,0,30,2203,2,2307,23,1362,12,73,0,0,2,1058,41,1034,0,0,7,4,0,0,0,0,0,0,0,0,0,0,0,0,26,312,0,0,39,271,0,0,0,2,1,0,0,0,0,0,0,0,0,1,0,0,0,7,0,0,0,0,24,4405,0,68,0,70,0,733,0,65,20,233,39,475,116,235,4,492,5,232,0,0,0,4,0,33,0,0,0,4,0,0,0,0,0,0,0,0,0,0,0,0,0,0,0,0,0,0,0,0,1,0,0,0,0,0,0,0,0,0,0,4,0,0,1,40,0,118,0,32,0,5,0,0,0,56,0,10,0,1,0,1,0,0,0,14,0,4,0,7,0,0,1,0,67,53,0,0,1,4,0,7,2,39,0,14,0,0,0,0
1916,30,0,32,5337,46,90,9,395,12,348,0,6,2,2689,27,10,2,3726,13,480,3,60,5,126,0,323,0,99,0,25,0,285,9,0,0,372,21,1,0,0,0,0,0,0,0,0,0,2,0,0,0,1,0,1,0,0,0,0,0,47,1,7,0,2,0,4,0,1,0,32,0,110,1,208,65,170,12,12,5,0,0,0,0,0,0,2,0,0,0,0,0,0,0,0,0,0,0,0,0,0,0,0,0,0,0,0,0,0,0,0,0,0,0,0,0,0,0,0,0,0,0,0,0,0,0,0,3,3,0,0,1,0,0,0,0,0,0,0,0,0,0,0,0,0,0,0,0,0,0,13,12,95,40,302,53,20,0,0,0,0,0,3,1,0,1,0,0,0,0
14,2203,32,0,11,7024,7,148,4,305,0,174,0,31,37,3556,10,78,30,2282,12,384,11,112,0,160,0,358,0,78,1,6,5,396,0,0,18,979,0,0,0,2,0,0,0,2,0,0,0,1,0,1,0,0,0,0,0,0,0,0,6,112,0,7,0,7,0,48,0,0,6,48,11,20,42,143,2,342,2,49,0,0,0,6,0,4,0,3,0,1,0,0,0,0,0,0,0,0,0,0,0,0,0,0,0,0,0,0,0,0,1,0,0,0,0,0,0,0,0,0,0,1,0,0,0,10,0,25,1,8,0,1,0,0,0,13,0,3,0,0,0,0,0,0,0,4,0,0,0,1,32,89,51,451,50,570,2,27,0,1,0,0,0,2,0,2,0,0,0,0
2178,2,5337,11,0,13,553,4,3135,5,767,0,19,0,287,4,1,0,246,10,98,3,28,0,60,0,392,0,94,0,373,0,745,4,0,0,37,8,0,0,0,0,0,0,1,0,0,0,0,0,0,0,0,0,2,0,0,0,0,0,67,0,1,0,1,0,0,0,2,0,3,0,7,0,171,22,279,2,7,2,0,0,2,0,3,0,3,0,0,0,0,0,0,0,0,0,0,0,0,0,0,0,0,0,0,0,0,0,0,0,0,0,0,0,0,0,0,0,0,0,0,0,0,0,0,2,0,1,3,0,0,0,0,0,0,1,0,0,0,0,0,0,0,0,0,0,0,0,0,0,2,4,8,13,31,20,10,0,0,0,1,0,0,0,0,0,0,0,0,0
4,2307,46,7024,13,0,9,899,8,2961,0,1013,1,89,24,523,5,28,33,200,4,97,2,48,0,125,0,764,0,85,0,91,10,877,0,0,11,246,0,0,0,0,0,0,0,2,0,0,0,0,0,1,0,0,0,0,0,1,0,1,0,113,0,6,0,4,0,47,0,1,1,11,6,6,41,278,4,525,0,90,0,0,0,6,0,3,0,6,0,1,0,0,0,0,0,0,0,0,0,0,0,0,0,0,0,0,0,0,0,0,0,0,0,0,0,0,0,0,0,0,0,0,0,0,0,19,0,40,0,12,0,2,0,0,0,14,0,5,0,0,0,0,0,0,0,4,0,0,0,0,17,14,61,31,85,311,2,13,1,1,0,1,0,3,0,4,0,0,0,0
1270,23,90,7,553,9,0,5,2472,0,195,0,805,0,55,13,0,0,4,1,0,0,0,0,0,0,0,0,0,0,0,0,1111,2,0,0,29,10,0,0,0,0,0,0,0,0,0,0,0,0,0,0,0,0,0,0,0,0,0,0,66,4,1,0,0,0,1,0,0,0,3,0,13,1,27,8,11,3,5,3,0,0,0,0,0,0,0,0,0,0,0,0,0,0,0,0,0,0,0,0,0,0,0,0,0,0,0,0,0,0,0,0,0,0,0,0,0,0,0,0,0,0,0,0,1,0,2,1,0,0,0,0,0,0,0,1,0,0,0,0,0,0,0,0,0,0,0,0,0,0,0,0,0,0,16,13,0,0,0,0,1,0,0,1,0,1,0,0,0,0
9,1362,9,148,4,899,5,0,5,1777,0,6,0,1849,8,199,0,0,7,4,0,0,0,0,0,0,0,0,0,0,0,0,3,945,0,0,6,82,0,0,0,4,0,0,0,0,0,0,0,0,0,0,0,0,0,0,0,0,0,1,2,133,0,0,0,0,0,12,0,1,0,4,2,3,23,160,2,377,2,95,0,0,0,1,0,0,0,0,0,0,0,0,0,0,0,0,0,0,0,0,0,0,0,0,0,0,0,1,0,0,1,0,0,0,0,0,0,0,0,0,0,1,0,0,0,24,0,32,1,2,0,2,0,1,0,22,0,7,0,0,0,0,0,0,0,1,0,2,0,5,0,0,3,0,35,32,0,0,0,2,0,4,0,21,0,4,0,0,0,0
138,12,395,4,3135,8,2472,5,0,3,1629,0,317,0,77,17,1,0,68,1,2,0,2,1,2,0,10,0,31,0,33,0,1900,3,0,0,22,6,0,0,0,0,0,0,1,0,0,0,0,0,0,0,0,0,0,0,0,0,0,0,5,1,0,0,0,0,0,0,0,0,0,0,6,0,140,19,188,5,13,1,0,0,0,0,0,0,3,0,0,0,0,0,0,0,0,0,0,0,0,0,0,0,0,0,0,0,0,0,0,0,0,0,0,0,0,0,0,0,0,0,0,0,0,0,0,0,1,0,0,0,0,0,0,0,0,1,0,0,0,0,0,0,0,0,0,0,0,0,0,0,0,1,1,0,16,12,1,0,1,0,0,0,0,0,0,0,0,0,0,0
4,73,12,305,5,2961,0,1777,3,0,0,942,0,137,9,98,3,1,17,48,2,6,1,9,0,33,1,18,0,33,0,14,4,1091,0,0,2,73,0,0,0,0,0,0,0,1,0,0,0,0,0,1,0,0,0,0,0,0,0,2,0,8,0,0,0,0,0,1,0,0,0,2,1,0,16,214,2,584,1,85,0,0,0,0,0,0,0,8,0,0,0,0,0,0,0,0,0,0,0,0,0,0,0,0,0,0,0,0,0,0,0,0,0,0,0,0,0,0,0,0,0,0,0,0,0,30,0,7,0,2,0,2,0,1,0,14,0,1,0,0,0,0,0,0,0,1,0,0,0,1,4,1,21,6,57,89,1,2,0,0,0,0,0,7,0,2,0,0,0,0
0,0,348,0,767,0,195,0,1629,0,0,0,2,0,0,0,0,0,55,1,66,0,21,1,67,0,119,0,1057,0,899,0,321,0,0,0,0,0,0,0,0,0,0,0,0,0,0,0,0,0,0,0,0,0,0,0,0,0,0,0,0,0,0,0,0,0,0,0,0,0,0,0,0,0,19,0,65,0,0,0,0,0,0,0,0,0,1,0,0,0,0,0,0,0,0,0,0,0,0,0,0,0,0,0,0,0,0,0,0,0,0,0,0,0,0,0,0,0,0,0,0,0,0,0,0,0,0,0,0,0,0,0,0,0,0,0,0,0,0,0,0,0,0,0,0,0,0,0,0,0,0,1,11,1,1,0,7,0,0,0,0,0,0,0,0,0,0,0,0,0
0,0,0,174,0,1013,0,6,0,942,0,0,0,0,0,0,0,2,0,26,0,39,1,17,0,90,0,318,0,518,0,531,0,385,0,0,0,2,0,0,0,1,0,0,0,3,0,0,0,0,0,0,0,0,0,0,0,0,0,0,0,0,0,0,0,0,0,0,0,0,0,0,0,0,0,10,0,107,0,0,0,0,0,0,0,0,0,5,0,1,0,0,0,0,0,0,0,0,0,0,0,0,0,0,0,0,0,0,0,0,0,0,0,0,0,0,0,0,0,0,0,0,0,0,0,0,0,0,0,0,0,0,0,0,0,0,0,0,0,0,0,0,0,0,0,0,0,0,0,0,0,2,1,11,0,3,0,2,0,0,0,0,0,0,0,0,0,0,0,0
916,2,6,0,19,1,805,0,317,0,2,0,0,0,4,0,0,0,1,0,0,0,0,0,0,0,0,0,0,0,0,0,426,0,0,0,1,1,3,0,0,0,0,0,0,0,20,0,1,0,13,0,2,0,20,0,3,0,13,0,1366,0,2,0,25,0,221,0,24,0,2,2,0,0,20,2,25,0,4,0,0,0,7,0,40,0,0,0,32,0,0,0,3,0,0,0,0,0,0,0,0,0,1,0,0,0,0,0,0,0,0,0,0,0,0,0,0,0,0,0,0,0,2,0,0,0,6,0,15,0,0,0,0,0,2,0,0,0,0,0,0,0,0,0,1,0,0,0,0,0,0,0,0,0,1,2,0,0,0,0,0,0,0,0,0,0,0,0,0,0
1,1058,2,31,0,89,0,1849,0,137,0,0,0,0,3,35,0,0,0,0,0,0,0,0,0,0,0,0,0,0,0,0,1,278,0,0,2,6,0,3,0,0,0,0,0,0,0,6,0,4,0,8,0,0,0,6,0,0,0,8,0,986,0,0,0,8,0,443,0,34,1,11,1,1,5,34,1,132,1,36,0,0,0,41,0,456,0,0,0,8,0,0,0,0,0,0,0,0,0,0,0,0,0,0,0,0,0,0,0,0,0,0,0,0,0,0,0,0,0,0,0,0,0,0,0,4,0,8,0,1,0,1,0,0,0,4,0,2,0,0,0,0,0,0,0,0,0,0,0,0,0,0,0,0,0,3,0,0,0,0,0,0,0,4,0,0,0,0,1,0
612,41,2689,37,287,24,55,8,77,9,0,0,4,3,0,129,0,0,571,4,0,0,0,0,0,0,0,0,0,0,0,0,36,3,0,0,1519,66,0,0,0,0,0,0,0,0,0,0,1,0,0,0,0,0,0,0,0,0,0,0,13,4,8,0,2,0,0,0,0,0,44,2,833,16,47,26,17,6,8,4,0,0,0,0,0,0,0,0,0,0,0,0,0,0,0,0,0,0,0,0,0,0,0,0,0,0,0,0,0,0,0,0,0,0,0,0,0,0,0,0,0,0,0,0,2,1,2,2,0,0,0,0,0,0,0,1,0,0,0,0,0,0,0,0,0,0,0,0,0,0,0,0,0,0,123,25,0,0,1,0,3,0,2,1,0,1,0,0,0,0
53,1034,27,3556,4,523,13,199,17,98,0,0,0,35,129,0,0,0,4,372,0,0,0,0,0,0,0,0,0,0,0,0,17,94,0,0,71,2433,0,0,0,4,0,0,0,0,0,0,0,1,0,0,0,0,0,0,0,0,0,0,12,196,5,16,0,0,2,9,0,0,7,227,118,493,60,82,5,148,6,75,0,0,0,1,0,0,0,0,0,0,0,0,0,0,0,0,0,0,0,0,0,0,0,0,0,0,0,0,0,0,0,0,0,0,0,0,0,0,0,0,0,1,0,0,0,22,0,40,0,14,1,4,0,0,0,26,0,2,0,1,0,0,0,0,0,6,0,2,0,3,0,0,0,0,43,103,0,0,0,1,0,3,1,18,0,5,0,0,0,0
0,0,10,10,1,5,0,0,1,3,0,0,0,0,0,0,0,6,18,2,59,2,252,1,30,0,0,0,0,1,0,0,14,1,0,0,0,1,0,0,10,1,0,0,7,0,0,0,0,0,0,0,0,0,0,0,0,0,0,0,0,0,0,0,0,0,0,0,0,0,0,0,0,0,57,23,177,0,2,0,0,0,0,0,0,0,0,0,0,0,0,0,0,0,0,0,0,0,0,0,0,0,0,0,0,0,0,0,0,0,0,0,0,0,0,0,0,0,0,0,0,0,0,0,0,0,0,0,0,0,0,0,0,0,0,0,0,0,0,0,0,0,0,0,0,0,0,0,0,0,107,9,55,2,1,16,463,0,0,0,0,0,1,0,0,0,0,0,0,0
0,0,2,78,0,28,0,0,0,1,0,2,0,0,0,0,6,0,6,38,6,181,23,488,0,6,0,7,1,5,0,0,0,52,0,0,0,0,0,0,0,1,0,0,0,7,0,0,0,0,0,0,0,0,0,0,0,0,0,2,0,0,0,0,0,0,0,0,0,0,0,0,0,0,39,364,0,163,0,1,0,0,0,0,0,0,0,2,0,0,0,0,0,0,0,0,0,0,0,0,0,0,0,0,0,0,0,0,0,0,0,0,0,0,0,0,0,0,0,0,0,0,0,0,0,0,0,0,0,0,0,0,0,0,0,0,0,0,0,0,0,0,0,0,0,0,0,0,0,0,8,188,4,39,1,18,8,652,0,0,0,0,0,0,0,0,0,0,0,0
3,7,3726,30,246,33,4,7,68,17,55,0,1,0,571,4,18,6,0,16,367,5,72,8,60,0,26,0,41,0,7,0,98,11,0,0,68,9,0,0,0,0,0,0,0,0,0,0,0,0,0,0,0,0,0,0,0,0,0,0,1,0,0,0,0,0,0,0,0,0,1,0,0,0,185,68,81,21,0,1,0,0,0,0,0,0,1,0,0,1,0,0,0,0,0,0,0,0,0,0,0,0,0,0,0,0,0,0,0,0,0,0,0,0,0,0,0,0,0,0,0,0,0,0,0,0,0,0,0,0,0,0,0,0,0,0,0,0,0,0,0,0,0,0,0,0,0,0,0,0,20,19,589,79,790,54,30,0,0,0,0,0,0,0,0,0,0,0,0,0
1,4,13,2282,10,200,1,4,1,48,1,26,0,0,4,372,2,38,16,0,6,876,6,115,0,129,0,66,1,17,0,2,1,61,0,0,4,1122,0,0,0,0,0,0,0,0,0,0,0,0,0,0,0,0,0,0,0,0,0,0,0,1,0,0,0,0,0,0,0,0,0,0,1,0,14,39,2,71,0,12,0,0,0,0,0,0,0,1,0,0,0,0,0,0,0,0,0,0,0,0,0,0,0,0,0,0,0,0,0,0,0,0,0,0,0,0,0,0,0,0,0,0,0,0,0,2,0,0,0,0,0,0,0,0,0,0,0,0,0,0,0,0,0,0,0,0,0,0,0,0,19,70,39,1536,15,379,2,11,0,0,0,0,0,1,0,0,0,0,0,0
0,0,480,12,98,4,0,0,2,2,66,0,0,0,0,0,59,6,367,6,0,6,1569,14,378,4,247,1,113,0,3,0,33,2,0,0,0,0,0,0,0,0,0,0,0,0,0,0,0,0,0,0,0,0,0,0,0,0,0,0,0,0,0,0,0,0,0,0,0,0,0,0,0,0,97,23,59,1,0,0,0,0,0,0,0,0,0,0,0,0,0,0,0,0,0,0,0,0,0,0,0,0,0,0,0,0,0,0,0,0,0,0,0,0,0,0,0,0,0,0,0,0,0,0,0,0,0,0,0,0,0,0,0,0,0,0,0,0,0,0,0,0,0,0,0,0,0,0,0,0,219,8,940,13,17,12,101,0,0,0,0,0,0,0,0,0,0,0,0,0
0,0,3,384,3,97,0,0,0,6,0,39,0,0,0,0,2,181,5,876,6,0,47,2660,0,613,0,277,0,20,0,4,1,33,0,0,0,1,0,0,0,0,0,0,0,0,0,0,0,0,0,0,0,0,0,0,0,0,0,0,0,0,0,0,0,0,0,0,0,0,0,0,0,0,1,135,0,35,0,0,0,0,0,0,0,0,0,0,0,0,0,0,0,0,0,0,0,0,0,0,0,0,0,0,0,0,0,0,0,0,0,0,0,0,0,0,0,0,0,0,0,0,0,0,0,0,0,0,0,0,0,0,0,0,0,0,0,0,0,0,0,0,0,0,0,0,0,0,0,0,11,220,14,182,0,23,0,76,0,0,0,0,0,0,0,0,0,0,0,0
0,0,60,11,28,2,0,0,2,1,21,1,0,0,0,0,252,23,72,6,1569,47,0,437,1100,2,110,1,127,0,2,0,11,1,0,0,0,0,0,0,0,0,0,0,0,0,0,0,0,0,0,0,0,0,0,0,0,0,0,0,0,0,0,0,0,0,0,0,0,0,0,0,0,0,20,15,120,2,0,0,0,0,0,0,0,0,0,0,0,0,0,0,0,0,0,0,0,0,0,0,0,0,0,0,0,0,0,0,0,0,0,0,0,0,0,0,0,0,0,0,0,0,0,0,0,0,0,0,0,0,0,0,0,0,0,0,0,0,0,0,0,0,0,0,0,0,0,0,0,0,168,11,184,4,3,11,196,1,0,0,0,0,0,0,0,0,0,0,0,0
0,0,5,112,0,48,0,0,1,9,1,17,0,0,0,0,1,488,8,115,14,2660,437,0,0,1039,0,125,0,27,0,2,0,65,0,0,0,0,0,0,0,0,0,0,0,0,0,0,0,0,0,0,0,0,0,0,0,0,0,0,0,0,0,0,0,0,0,0,0,0,0,0,0,0,0,82,0,264,0,0,0,0,0,0,0,0,0,0,0,0,0,0,0,0,0,0,0,0,0,0,0,0,0,0,0,0,0,0,0,0,0,0,0,0,0,0,0,0,0,0,0,0,0,0,0,0,0,0,0,0,0,0,0,0,0,0,0,0,0,0,0,0,0,0,0,0,0,0,0,0,9,96,7,54,1,13,0,217,0,0,0,0,0,0,0,0,0,0,0,0
0,0,126,0,60,0,0,0,2,0,67,0,0,0,0,0,30,0,60,0,378,0,1100,0,0,0,238,0,748,0,6,0,60,0,0,0,0,0,0,0,0,0,0,0,0,0,0,0,0,0,0,0,0,0,0,0,0,0,0,0,0,0,0,0,0,0,0,0,0,0,0,0,0,0,11,0,24,0,0,0,0,0,0,0,0,0,1,0,0,0,0,0,0,0,0,0,0,0,0,0,0,0,0,0,0,0,0,0,0,0,0,0,0,0,0,0,0,0,0,0,0,0,0,0,0,0,0,0,0,0,0,0,0,0,0,0,0,0,0,0,0,0,0,0,0,0,0,0,0,0,0,3,38,0,0,0,11,0,0,0,0,0,0,0,0,0,0,0,0,0
0,0,0,160,0,125,0,0,0,33,0,90,0,0,0,0,0,6,0,129,4,613,2,1039,0,0,0,337,0,137,0,13,0,96,0,0,0,0,0,0,0,1,0,0,0,0,0,0,0,0,0,0,0,0,0,0,0,0,0,0,0,0,0,0,0,0,0,0,0,0,0,0,0,0,0,26,0,8,0,1,0,0,0,0,0,0,0,1,0,0,0,0,0,0,0,0,0,0,0,0,0,0,0,0,0,0,0,0,0,0,0,0,0,0,0,0,0,0,0,0,0,0,0,0,0,0,0,0,0,0,0,0,0,0,0,0,0,0,0,0,0,0,0,0,0,0,0,0,0,0,1,4,0,18,0,2,0,11,0,0,0,0,0,0,0,0,0,0,0,0
0,0,323,0,392,0,0,0,10,1,119,0,0,0,0,0,0,0,26,0,247,0,110,0,238,0,0,0,153,0,10,0,7,0,0,0,0,0,0,0,0,0,0,0,0,0,0,0,0,0,0,0,0,0,0,0,0,0,0,0,0,0,0,0,0,0,0,0,0,0,0,0,0,0,4,1,12,0,0,0,0,0,0,0,0,0,0,0,0,0,0,0,0,0,0,0,0,0,0,0,0,0,0,0,0,0,0,0,0,0,0,0,0,0,0,0,0,0,0,0,0,0,0,0,0,0,0,0,0,0,0,0,0,0,0,0,0,0,0,0,0,0,0,0,0,0,0,0,0,0,0,0,9,0,1,0,2,0,0,0,0,0,0,0,0,0,0,0,0,0
0,0,0,358,0,764,0,0,0,18,0,318,0,0,0,0,0,7,0,66,1,277,1,125,0,337,0,0,0,22,0,134,0,57,0,0,0,0,0,0,0,0,0,0,0,0,0,0,0,0,0,0,0,0,0,0,0,0,0,0,0,0,0,0,0,0,0,0,0,0,0,0,0,0,0,9,0,3,0,0,0,0,0,0,0,0,0,0,0,0,0,0,0,0,0,0,0,0,0,0,0,0,0,0,0,0,0,0,0,0,0,0,0,0,0,0,0,0,0,0,0,0,0,0,0,0,0,0,0,0,0,0,0,0,0,0,0,0,0,0,0,0,0,0,0,0,0,0,0,0,0,5,0,7,0,0,0,2,0,0,0,0,0,0,0,0,0,0,0,0
0,0,99,0,94,0,0,0,31,0,1057,0,0,0,0,0,0,1,41,1,113,0,127,0,748,0,153,0,0,0,119,0,477,0,0,0,0,0,0,0,0,0,0,0,0,0,0,0,0,0,0,0,0,0,0,0,0,0,0,0,0,0,0,0,0,0,0,0,0,0,0,0,0,0,44,0,138,0,0,0,0,0,0,0,0,0,0,0,0,0,0,0,0,0,0,0,0,0,0,0,0,0,0,0,0,0,0,0,0,0,0,0,0,0,0,0,0,0,0,0,0,0,0,0,0,0,0,0,0,0,0,0,0,0,0,0,0,0,0,0,0,0,0,0,0,0,0,0,0,0,1,0,23,0,1,0,8,0,0,0,0,0,0,0,0,0,0,0,0,0
0,0,0,78,0,85,0,0,0,33,0,518,0,0,0,0,1,5,0,17,0,20,0,27,0,137,0,22,0,0,0,9,0,746,0,0,0,0,0,0,0,3,0,14,0,1,0,0,0,0,0,0,0,0,0,0,0,0,0,5,0,0,0,0,0,0,0,0,0,0,0,0,0,0,0,10,0,18,0,0,0,0,0,0,0,4,0,84,0,7,0,16,0,3,0,0,0,0,0,0,0,0,0,0,0,0,0,0,0,0,0,0,0,0,0,0,0,0,0,0,0,0,0,0,0,0,0,0,0,0,0,0,0,0,0,0,0,0,0,0,0,0,0,0,0,0,0,0,0,0,1,0,0,9,0,1,0,2,0,0,0,0,0,0,0,0,0,0,0,0
0,0,25,1,373,0,0,0,33,0,899,0,0,0,0,0,0,0,7,0,3,0,2,0,6,0,10,0,119,0,0,0,15,0,0,0,0,0,0,0,0,0,0,0,0,0,0,0,0,0,0,0,0,0,0,0,0,0,0,0,0,0,0,0,0,0,0,0,0,0,0,0,0,0,0,0,4,0,0,0,0,0,0,0,0,0,0,0,0,0,0,0,0,0,0,0,0,0,0,0,0,0,0,0,0,0,0,0,0,0,0,0,0,0,0,0,0,0,0,0,0,0,0,0,0,0,0,0,0,0,0,0,0,0,0,0,0,0,0,0,0,0,0,0,0,0,0,0,0,0,0,0,2,0,0,0,0,0,0,0,0,0,0,0,0,0,0,0,0,0
0,0,0,6,0,91,0,0,0,14,0,531,0,0,0,0,0,0,0,2,0,4,0,2,0,13,0,134,0,9,0,0,0,4,0,0,0,0,0,0,0,0,0,0,0,0,0,0,0,0,0,0,0,0,0,0,0,0,0,0,0,0,0,0,0,0,0,0,0,0,0,0,0,0,0,0,0,2,0,0,0,0,0,0,0,0,0,1,0,0,0,0,0,0,0,0,0,0,0,0,0,0,0,0,0,0,0,0,0,0,0,0,0,0,0,0,0,0,0,0,0,0,0,0,0,0,0,0,0,0,0,0,0,0,0,0,0,0,0,0,0,0,0,0,0,0,0,0,0,0,0,0,0,0,0,0,0,0,0,0,0,0,0,0,0,0,0,0,0,0
1078,26,285,5,745,10,1111,3,1900,4,321,0,426,1,36,17,14,0,98,1,33,1,11,0,60,0,7,0,477,0,15,0,0,7,0,0,28,14,9,0,592,0,34,0,34,0,22,0,1,0,38,0,0,0,9,0,8,0,183,0,612,4,3,0,20,0,93,1,11,0,3,4,11,0,302,11,3155,2,104,1,0,0,43,0,313,1,185,0,101,0,1,0,168,0,1,0,0,0,0,0,0,0,0,0,0,0,0,0,0,0,1,0,0,0,0,0,0,0,0,0,0,0,0,0,3,0,39,2,49,0,5,0,1,0,5,0,1,0,25,0,2,0,3,0,22,0,0,0,2,0,0,0,15,3,23,5,10,0,1,0,5,0,20,0,2,0,1,0,0,0
5,312,9,396,4,877,2,945,3,1091,0,385,0,278,3,94,1,52,11,61,2,33,1,65,0,96,0,57,0,746,0,4,7,0,0,0,1,68,3,4,1,1319,3,166,0,76,3,124,0,35,0,113,1,6,0,19,0,16,0,460,1,138,0,1,0,3,0,113,0,39,3,242,0,5,11,274,1,3671,0,163,0,0,1,106,2,596,0,139,0,185,0,3,0,135,0,0,0,0,0,0,0,0,0,0,0,0,0,0,1,1,2,2,0,0,0,0,0,0,0,0,0,1,0,1,1,13,0,55,5,57,0,10,0,0,0,22,0,2,0,6,0,1,0,6,0,60,0,9,0,12,5,2,10,19,20,46,1,17,1,2,1,1,2,25,0,12,0,0,0,0
0,0,0,0,0,0,0,0,0,0,0,0,0,0,0,0,0,0,0,0,0,0,0,0,0,0,0,0,0,0,0,0,0,0,0,0,0,0,0,0,0,0,0,0,0,0,0,0,0,0,0,0,0,0,0,0,0,0,0,0,0,0,0,0,0,0,0,0,0,0,0,0,0,0,0,0,0,0,0,0,0,0,0,0,0,0,0,0,0,0,0,0,0,0,0,0,0,0,0,0,0,0,0,0,0,0,0,0,0,0,0,0,0,0,0,0,0,0,0,0,0,0,0,0,0,0,0,0,0,0,0,0,0,0,0,0,0,0,0,0,0,0,0,0,0,0,0,0,0,0,0,0,0,0,0,0,0,0,0,0,0,0,0,0,0,0,0,0,0,0
0,0,0,0,0,0,0,0,0,0,0,0,0,0,0,0,0,0,0,0,0,0,0,0,0,0,0,0,0,0,0,0,0,0,0,0,0,0,0,0,0,0,0,0,0,0,0,0,0,0,0,0,0,0,0,0,0,0,0,0,0,0,0,0,0,0,0,0,0,0,0,0,0,0,0,0,0,0,0,0,0,0,0,0,0,0,0,0,0,0,0,0,0,0,0,0,0,0,0,0,0,0,0,0,0,0,0,0,0,0,0,0,0,0,0,0,0,0,0,0,0,0,0,0,0,0,0,0,0,0,0,0,0,0,0,0,0,0,0,0,0,0,0,0,0,0,0,0,0,0,0,0,0,0,0,0,0,0,0,0,0,0,0,0,0,0,0,0,0,0
365,39,372,18,37,11,29,6,22,2,0,0,1,2,1519,71,0,0,68,4,0,0,0,0,0,0,0,0,0,0,0,0,28,1,0,0,0,140,1383,0,0,0,0,0,0,0,13,3,213,0,1,0,35,0,7,0,2,0,1,0,131,22,114,1,8,0,11,1,1,0,2788,11,451,5,57,19,25,7,2,2,0,0,2,0,2,1,0,0,1,0,0,0,0,0,0,0,0,0,0,0,0,0,0,0,0,0,0,0,0,0,0,0,0,0,0,0,0,0,0,0,0,0,1,0,1,0,7,1,8,0,0,0,0,0,4,0,0,0,0,0,0,0,0,0,2,0,0,0,1,2,0,0,0,1,539,6,0,0,0,0,0,0,1,1,0,0,0,0,0,0
83,271,21,979,8,246,10,82,6,73,0,2,1,6,66,2433,1,0,9,1122,0,1,0,0,0,0,0,0,0,0,0,0,14,68,0,0,140,0,138,1293,0,0,0,0,0,0,25,14,2,14,0,1,0,0,0,1,0,0,1,0,55,92,9,52,1,1,1,23,0,2,85,2673,30,485,104,58,4,133,1,41,0,0,2,2,0,4,0,0,0,0,0,0,0,0,0,0,0,0,0,0,0,0,0,0,0,0,0,0,0,0,1,1,0,0,0,0,0,0,0,0,0,1,0,0,0,12,3,26,1,11,0,2,0,0,0,12,0,1,0,0,0,0,0,0,0,2,0,0,0,1,2,1,13,80,63,804,0,1,0,1,0,1,1,9,0,5,0,0,0,0
0,0,1,0,0,0,0,0,0,0,0,0,3,0,0,0,0,0,0,0,0,0,0,0,0,0,0,0,0,0,0,0,9,3,0,0,1383,138,0,72,22,6,0,0,0,0,567,241,321,27,18,67,41,0,21,0,7,0,7,1,1,0,2,1,2,0,1,0,3,0,810,192,1,0,3,0,10,0,3,1,0,0,16,2,26,2,0,0,10,0,0,0,6,0,0,0,0,0,0,0,0,0,1,0,0,0,0,0,0,0,0,0,0,0,0,0,0,0,0,0,0,0,0,0,1,0,6,1,11,0,1,0,0,0,0,0,1,0,0,0,0,0,0,0,2,0,0,0,0,0,0,0,0,0,0,0,0,0,0,0,0,0,1,1,1,0,0,0,0,0
0,0,0,0,0,0,0,0,0,0,0,0,0,3,0,0,0,0,0,0,0,0,0,0,0,0,0,0,0,0,0,0,0,4,0,0,0,1293,72,0,18,79,0,0,0,0,55,77,4,33,1,48,1,0,0,0,0,0,1,0,0,1,0,0,0,0,0,0,0,0,107,938,0,1,0,3,0,4,1,0,0,0,2,3,2,7,0,0,1,2,0,0,1,0,0,0,0,0,0,0,0,0,0,0,0,0,0,0,0,0,0,0,0,0,0,0,0,0,0,0,0,0,0,0,0,0,0,1,0,1,0,0,0,0,0,0,0,0,0,0,0,0,0,0,0,0,0,0,0,1,0,0,0,0,0,0,0,0,0,0,0,0,0,0,0,0,0,0,0,0
0,0,0,0,0,0,0,0,0,0,0,0,0,0,0,0,10,0,0,0,0,0,0,0,0,0,0,0,0,0,0,0,592,1,0,0,0,0,22,18,0,31,1989,3,692,0,17,64,0,3,87,65,0,0,1,0,0,0,425,2,0,0,0,0,0,0,0,0,0,0,39,120,0,0,26,0,1364,3,295,4,0,0,67,1,509,0,663,0,194,0,22,0,305,0,1,0,0,0,2,1,5,0,1,0,0,0,4,1,2,4,14,14,0,0,0,0,0,0,0,0,0,0,18,0,9,1,54,5,128,2,14,0,4,0,28,1,3,0,214,3,27,8,42,1,307,0,28,0,7,1,0,0,0,0,0,0,30,0,10,3,31,0,339,2,9,2,4,0,7,0
0,2,0,2,0,0,0,4,0,0,0,1,0,0,0,4,1,1,0,0,0,0,0,0,0,1,0,0,0,3,0,0,0,1319,0,0,0,0,6,79,31,0,42,3102,0,454,1,12,0,1,0,400,0,0,0,1,0,3,0,580,0,1,0,0,0,0,0,1,0,0,4,70,0,0,0,26,0,2170,0,543,0,0,0,45,0,435,0,773,0,372,0,15,0,169,0,3,0,0,1,1,2,0,0,1,1,0,2,2,2,2,31,6,3,0,1,0,0,1,0,0,0,2,0,4,1,23,2,69,3,93,1,6,1,3,0,6,0,1,0,176,3,11,0,49,0,243,1,10,0,11,0,0,1,0,0,1,0,8,2,6,3,1,26,174,2,21,1,1,7,0
0,1,0,0,0,0,0,0,0,0,0,0,0,0,0,0,0,0,0,0,0,0,0,0,0,0,0,0,0,0,0,0,34,3,0,0,0,0,0,0,1989,42,0,13,198,0,0,0,0,1,790,0,0,0,2,0,1,0,904,0,0,0,0,0,0,0,0,2,1,0,28,1,0,0,0,2,15,7,0,11,0,0,10,0,46,1,165,0,51,0,30,0,40,0,1,0,3,0,2,2,15,0,0,0,3,0,22,2,15,7,23,23,0,0,0,0,0,0,0,0,0,0,0,0,1,2,2,10,4,6,0,0,0,2,0,0,0,0,0,26,0,37,1,1,3,7,0,0,0,0,0,0,0,0,0,0,0,0,1,1,3,0,38,2,1,3,0,1,1,0
0,0,0,0,0,0,0,0,0,0,0,0,0,0,0,0,0,0,0,0,0,0,0,0,0,0,0,0,0,14,0,0,0,166,0,0,0,0,0,0,3,3102,13,0,0,338,0,14,0,0,0,475,0,0,0,0,0,8,0,1203,0,0,0,1,0,0,0,0,0,1,0,27,0,0,0,0,0,53,0,2,0,0,0,2,0,128,0,522,0,143,0,444,0,80,1,10,0,2,1,2,0,0,0,5,0,5,2,30,1,15,5,16,1,0,0,0,0,0,0,0,0,0,0,0,0,0,2,0,0,0,0,0,0,0,0,0,0,0,0,7,0,1,0,0,1,2,0,0,0,0,0,0,0,0,0,0,0,0,0,0,0,0,3,0,0,0,0,0,1,0
0,0,0,0,1,0,0,0,1,0,0,0,0,0,0,0,7,0,0,0,0,0,0,0,0,0,0,0,0,0,0,0,34,0,0,0,0,0,0,0,692,0,198,0,0,0,0,0,0,0,0,0,0,0,0,0,0,0,248,0,0,0,0,0,0,0,0,0,0,0,0,0,0,0,8,0,235,0,73,0,0,0,0,0,0,0,148,0,14,0,2,0,16,0,0,0,0,0,0,0,0,0,0,0,0,0,0,0,0,0,0,0,0,0,0,0,0,0,0,0,0,0,0,0,0,0,0,0,0,0,0,0,0,0,1,0,0,0,2,0,0,0,0,0,0,0,0,0,0,0,0,0,0,0,0,0,24,0,0,0,0,0,11,0,0,0,0,0,0,0
0,0,0,2,0,2,0,0,0,1,0,3,0,0,0,0,0,7,0,0,0,0,0,0,0,0,0,0,0,1,0,0,0,76,0,0,0,0,0,0,0,454,0,338,0,0,0,0,0,0,0,0,0,0,0,0,0,0,0,144,0,0,0,0,0,0,0,0,0,0,0,0,0,0,0,36,0,637,0,107,0,0,0,0,0,8,0,1024,0,35,0,17,0,29,0,0,0,0,0,0,0,0,0,0,0,0,0,0,0,0,0,0,0,0,0,0,0,0,0,0,0,1,0,0,0,6,0,4,0,0,0,0,0,0,0,1,0,0,0,0,0,0,0,0,0,0,0,0,0,0,0,0,0,0,0,1,0,16,0,0,0,0,0,0,0,0,0,0,0,0
3,0,0,0,0,0,0,0,0,0,0,0,20,0,0,0,0,0,0,0,0,0,0,0,0,0,0,0,0,0,0,0,22,3,0,0,13,25,567,55,17,1,0,0,0,0,0,1783,3576,658,3684,267,1953,14,1491,8,593,0,342,0,8,0,48,0,10,0,4,0,22,0,1617,369,0,0,0,0,26,1,9,1,0,0,51,1,78,2,0,0,121,2,0,0,18,1,99,0,0,0,0,0,0,0,76,0,0,0,0,0,0,0,0,0,0,0,0,0,0,0,0,0,0,0,0,0,1,0,10,0,10,0,0,0,0,0,2,0,1,0,0,0,0,0,0,0,4,0,1,0,0,0,0,0,0,0,0,0,0,0,0,0,0,0,1,0,0,0,0,0,0,0
0,0,0,0,0,0,0,0,0,0,0,0,0,6,0,0,0,0,0,0,0,0,0,0,0,0,0,0,0,0,0,0,0,124,0,0,3,14,241,77,64,12,0,14,0,0,1783,0,485,3645,251,3784,2,837,0,1118,0,471,4,491,0,7,0,10,1,11,0,12,0,18,439,1640,0,0,0,1,2,28,0,9,0,0,0,70,2,208,0,0,0,841,0,0,0,114,0,0,0,0,0,0,0,0,0,4,0,0,0,0,1,1,0,0,0,0,2,0,0,0,0,0,0,0,0,0,0,0,0,1,0,5,0,3,0,0,0,1,0,0,0,0,0,0,0,0,0,1,0,0,0,0,0,0,0,0,0,0,0,0,1,0,0,0,0,4,0,2,0,0,0,0
5,0,2,0,0,0,0,0,0,0,0,0,1,0,1,0,0,0,0,0,0,0,0,0,0,0,0,0,0,0,0,0,1,0,0,0,213,2,321,4,0,0,0,0,0,0,3576,485,0,1250,49,14,2943,20,414,7,21,0,4,0,10,3,263,1,12,0,1,0,7,1,1444,423,4,0,0,0,3,0,0,0,0,0,4,0,8,0,0,0,10,0,0,0,0,0,1,0,0,0,0,0,0,0,0,0,0,0,0,0,0,0,0,0,0,0,0,0,0,0,0,0,0,0,0,0,0,0,0,0,1,0,0,0,0,0,0,0,0,0,0,0,0,0,0,0,0,1,0,0,0,0,0,0,0,0,0,0,0,0,0,0,0,0,0,0,0,0,0,0,0,0
0,0,0,1,0,0,0,0,0,0,0,0,0,4,0,1,0,0,0,0,0,0,0,0,0,0,0,0,0,0,0,0,0,35,0,0,0,14,27,33,3,1,1,0,0,0,658,3645,1250,0,47,191,0,2776,0,419,1,33,0,34,0,16,0,140,0,40,0,1,0,56,153,2294,0,2,0,0,0,8,0,4,0,0,2,18,1,39,0,0,0,64,0,0,1,6,0,0,0,0,0,0,0,0,0,0,0,0,0,0,0,0,0,0,0,0,0,0,0,0,0,0,0,0,0,0,0,0,0,3,0,1,0,1,0,0,0,0,0,0,0,0,0,0,0,0,0,4,0,0,0,0,0,0,0,0,0,0,0,0,0,0,0,0,0,0,0,0,0,0,0,0
0,0,0,0,0,0,0,0,0,0,0,0,13,0,0,0,0,0,0,0,0,0,0,0,0,0,0,0,0,0,0,0,38,0,0,0,1,0,18,1,87,0,790,0,0,0,3684,251,49,47,0,92,199,6,779,2,1397,0,1612,1,6,0,0,0,8,0,4,0,29,0,1399,46,0,0,6,0,66,0,11,0,0,0,110,1,155,0,0,0,152,0,0,0,45,1,320,0,0,0,9,2,10,0,454,0,0,0,5,2,7,3,4,3,0,24,0,0,0,0,0,0,0,0,1,0,0,0,13,1,13,0,1,0,0,0,1,0,0,0,0,0,0,0,2,0,10,0,1,0,3,0,0,0,0,0,0,0,0,0,2,0,2,0,6,0,3,1,30,1,13,1
0,1,0,1,0,1,0,0,0,1,0,0,0,8,0,0,0,0,0,0,0,0,0,0,0,0,0,0,0,0,0,0,0,113,0,0,0,1,67,48,65,400,0,475,0,0,267,3784,14,191,92,0,0,227,0,255,0,753,0,2101,0,7,0,0,0,9,0,18,0,21,164,1029,0,0,1,0,0,25,0,2,0,0,0,80,0,377,0,0,0,270,0,0,0,61,0,2,0,1,0,27,1,32,1,227,0,0,0,12,7,13,2,6,16,31,71,30,0,0,0,7,0,0,0,2,0,2,1,2,0,4,0,0,0,0,1,0,0,0,0,0,0,1,0,2,1,0,0,1,0,0,0,0,0,0,0,0,0,0,1,0,0,4,0,0,0,2,0,23,11,0
10,0,1,0,0,0,0,0,0,0,0,0,2,0,0,0,0,0,0,0,0,0,0,0,0,0,0,0,0,0,0,0,0,1,0,0,35,0,41,1,0,0,0,0,0,0,1953,2,2943,0,199,0,0,0,3559,0,78,0,11,0,27,0,872,0,146,0,1,0,20,0,452,5,3,0,1,0,1,0,1,0,0,0,1,0,6,0,0,0,15,0,0,0,5,0,5,0,0,0,0,0,0,0,12,0,0,0,0,0,0,0,0,0,0,0,0,0,0,0,0,0,0,0,0,0,0,0,2,0,2,0,0,0,0,0,0,0,0,0,0,0,0,0,0,0,1,0,0,0,0,0,0,0,0,0,1,0,0,0,0,0,0,0,0,0,0,0,0,0,0,0
0,0,0,0,0,0,0,0,0,0,0,0,0,0,0,0,0,0,0,0,0,0,0,0,0,0,0,0,0,0,0,0,0,6,0,0,0,0,0,0,0,0,0,0,0,0,14,837,20,2776,6,227,0,0,0,2388,0,184,0,69,0,47,0,437,0,142,0,7,0,677,0,448,0,0,0,1,0,1,0,1,0,0,0,3,0,11,0,0,0,133,0,0,0,14,0,0,0,0,0,0,0,0,0,3,0,0,0,0,0,0,0,0,0,0,0,0,0,0,0,0,0,0,0,0,0,0,0,0,0,1,0,0,0,0,0,0,0,0,0,0,0,0,0,0,0,0,0,0,0,0,0,0,0,0,0,0,0,0,0,0,0,0,0,0,0,0,0,0,0,0
12,0,1,0,2,0,0,0,0,0,0,0,20,0,0,0,0,0,0,0,0,0,0,0,0,0,0,0,0,0,0,0,9,0,0,0,7,0,21,0,1,0,2,0,0,0,1491,0,414,0,779,0,3559,0,0,0,2806,0,497,0,120,0,550,0,1419,0,18,0,967,0,155,3,0,0,4,0,11,0,0,0,0,0,33,0,83,0,0,0,2560,0,0,0,215,0,45,0,0,0,0,0,0,0,66,0,0,0,0,0,0,0,0,0,0,0,0,0,0,0,0,0,0,0,0,0,0,0,8,0,13,0,0,0,0,0,0,0,1,0,0,0,0,0,0,0,2,0,0,0,0,0,0,0,0,0,0,0,0,0,0,0,0,0,0,0,0,0,0,0,0,0
0,7,0,0,0,0,0,0,0,0,0,0,0,6,0,0,0,0,0,0,0,0,0,0,0,0,0,0,0,0,0,0,0,19,0,0,0,1,0,0,0,1,0,0,0,0,8,1118,7,419,2,255,0,2388,0,0,0,1636,0,177,0,90,0,65,0,111,0,30,0,1534,0,265,0,1,0,0,1,1,0,2,0,0,0,11,0,66,0,0,0,1474,0,0,0,288,0,0,0,0,0,0,0,0,0,1,0,0,0,0,0,0,1,0,0,0,0,0,0,0,0,0,0,0,0,0,0,0,0,2,0,0,0,0,0,0,0,1,0,0,0,0,0,0,0,0,0,0,0,0,0,0,0,0,0,0,0,0,0,0,0,0,0,0,0,0,0,0,0,0,0,0
0,0,0,0,0,0,0,0,0,0,0,0,3,0,0,0,0,0,0,0,0,0,0,0,0,0,0,0,0,0,0,0,8,0,0,0,2,0,7,0,0,0,1,0,0,0,593,0,21,1,1397,0,78,0,2806,0,0,0,1761,0,3,0,4,0,11,0,3,0,40,0,16,3,0,0,2,0,5,0,1,0,0,0,16,0,45,0,0,0,271,0,0,0,172,0,95,0,0,0,0,0,0,0,35,0,0,0,0,0,0,0,0,0,0,0,0,0,0,0,0,0,0,0,0,0,0,0,0,0,4,0,0,0,0,0,0,0,0,0,0,0,0,0,0,0,1,0,0,0,0,0,0,0,0,0,0,0,0,0,0,0,0,0,1,0,0,0,0,0,0,0
0,0,0,0,0,1,0,0,0,0,0,0,0,0,0,0,0,0,0,0,0,0,0,0,0,0,0,0,0,0,0,0,0,16,0,0,0,0,0,0,0,3,0,8,0,0,0,471,0,33,0,753,0,184,0,1636,0,0,0,1305,0,0,0,0,0,3,0,3,0,1,0,26,0,0,0,0,0,4,0,1,0,0,0,4,0,56,0,0,0,311,0,0,0,501,0,0,0,0,0,0,0,0,0,9,0,0,0,0,0,0,0,1,0,0,0,0,0,0,0,0,0,0,0,0,0,0,0,1,0,0,0,0,0,0,0,0,0,0,0,0,0,0,0,0,0,0,0,0,0,0,0,0,0,0,0,0,0,0,0,0,0,0,0,0,0,0,0,0,0,0
0,0,0,0,0,0,0,0,0,0,0,0,13,0,0,0,0,0,0,0,0,0,0,0,0,0,0,0,0,0,0,0,183,0,0,0,1,1,7,1,425,0,904,0,248,0,342,4,4,0,1612,0,11,0,497,0,1761,0,0,0,2,0,0,0,5,0,4,0,41,0,112,2,0,0,4,0,119,0,11,0,0,0,142,0,503,0,730,0,854,0,398,0,3203,0,429,0,0,0,0,0,1,0,237,0,0,0,0,0,0,0,0,0,0,0,0,0,0,0,0,0,0,0,0,0,1,0,9,0,10,0,1,0,1,0,1,0,0,0,0,1,0,0,0,0,11,0,1,0,1,0,0,0,0,0,0,0,0,0,0,1,0,0,10,0,1,0,0,0,0,0
0,0,0,0,0,1,0,1,0,2,0,0,0,8,0,0,0,2,0,0,0,0,0,0,0,0,0,0,0,5,0,0,0,460,0,0,0,0,1,0,2,580,0,1203,0,144,0,491,0,34,1,2101,0,69,0,177,0,1305,0,0,0,3,0,1,0,4,0,5,0,10,3,80,0,0,0,1,1,153,0,2,0,0,0,27,0,758,0,779,0,836,0,653,0,2220,0,0,0,0,0,0,0,0,0,80,0,0,0,0,0,0,0,0,0,0,0,0,0,0,0,0,0,0,0,0,0,0,0,0,0,1,0,1,0,0,0,0,0,0,0,2,0,0,0,0,0,1,0,0,0,0,0,0,0,1,1,0,0,1,0,0,0,0,0,1,0,0,0,0,0,0
4574,24,47,6,67,0,66,2,5,0,0,0,1366,0,13,12,0,0,1,0,0,0,0,0,0,0,0,0,0,0,0,0,612,1,0,0,131,55,1,0,0,0,0,0,0,0,8,0,10,0,6,0,27,0,120,0,3,0,2,0,0,3,764,0,2500,0,1760,10,221,0,489,4,632,1,216,0,119,3,1,1,0,0,9,1,153,0,0,0,70,0,0,0,1,0,0,0,0,0,0,0,0,0,0,0,0,0,0,0,0,0,0,0,0,0,0,0,0,0,0,0,1,0,0,0,0,0,16,1,54,0,0,0,0,0,0,2,0,0,0,0,0,0,0,0,1,0,0,0,0,0,0,0,0,0,10,1,0,0,0,0,0,0,0,0,0,0,0,0,0,0
10,4405,1,112,0,113,4,133,1,8,0,0,0,986,4,196,0,0,0,1,0,0,0,0,0,0,0,0,0,0,0,0,4,138,0,0,22,92,0,1,0,1,0,0,0,0,0,7,3,16,0,7,0,47,0,90,0,0,0,3,3,0,4,1972,1,1718,0,2988,0,493,5,666,7,421,13,150,0,472,0,169,0,0,0,8,0,124,0,0,0,39,0,0,0,0,0,0,0,0,0,0,0,0,0,0,0,0,1,0,0,0,3,1,0,0,0,0,0,0,0,0,0,0,0,0,0,14,0,94,0,39,0,3,0,0,0,36,0,10,0,0,0,0,0,0,0,9,0,4,0,13,0,0,0,0,8,4,0,0,0,1,0,12,0,35,0,4,0,0,1,0
164,0,7,0,1,0,1,0,0,0,0,0,2,0,8,5,0,0,0,0,0,0,0,0,0,0,0,0,0,0,0,0,3,0,0,0,114,9,2,0,0,0,0,0,0,0,48,0,263,0,0,0,872,0,550,0,4,0,0,0,764,4,0,0,3042,0,12,0,232,0,2390,1,40,0,10,0,1,0,0,0,0,0,1,0,5,0,0,0,7,0,0,0,0,0,0,0,0,0,0,0,0,0,0,0,0,0,0,0,0,0,0,0,0,0,0,0,0,0,0,0,0,0,0,0,0,0,0,0,1,0,0,0,0,0,0,0,0,0,0,0,0,0,0,0,0,0,0,0,0,0,0,0,0,0,1,0,0,0,0,0,0,0,0,0,0,0,0,0,0,0
0,68,0,7,0,6,0,0,0,0,0,0,0,0,0,16,0,0,0,0,0,0,0,0,0,0,0,0,0,0,0,0,0,1,0,0,1,52,1,0,0,0,0,1,0,0,0,10,1,140,0,0,0,437,0,65,0,0,0,1,0,1972,0,0,0,1338,0,4,0,814,25,1890,0,41,0,4,0,30,0,10,0,0,0,1,0,0,0,0,0,5,0,0,0,0,0,0,0,0,0,0,0,0,0,0,0,0,0,0,0,0,0,0,0,0,0,0,0,0,0,0,0,0,0,0,0,0,0,6,0,0,0,2,0,0,0,4,0,0,0,0,0,0,0,0,0,1,0,1,0,0,0,0,0,0,0,1,0,0,0,1,0,0,0,7,0,0,0,0,0,0
33,0,2,0,1,0,0,0,0,0,0,0,25,0,2,0,0,0,0,0,0,0,0,0,0,0,0,0,0,0,0,0,20,0,0,0,8,1,2,0,0,0,0,0,0,0,10,1,12,0,8,0,146,0,1419,0,11,0,5,0,2500,1,3042,0,0,0,1417,0,2965,0,52,0,0,0,18,0,14,0,1,0,0,0,3,1,166,0,0,0,165,0,0,0,2,0,0,0,0,0,0,0,0,0,1,0,0,0,0,0,0,0,0,0,0,0,0,0,0,0,0,0,0,0,0,0,0,0,5,0,10,0,0,0,0,0,1,0,0,0,0,0,0,0,0,0,1,0,0,0,0,0,0,0,0,0,1,0,0,0,0,0,0,0,0,0,0,0,0,0,0,0
0,70,0,7,0,4,0,0,0,0,0,0,0,8,0,0,0,0,0,0,0,0,0,0,0,0,0,0,0,0,0,0,0,3,0,0,0,1,0,0,0,0,0,0,0,0,0,11,0,40,0,9,0,142,0,111,0,3,0,4,0,1718,0,1338,0,0,0,1170,0,1396,0,79,0,0,0,4,0,8,0,7,0,0,0,2,0,22,0,0,0,42,0,0,0,3,0,0,0,0,0,0,0,0,0,1,0,0,0,0,0,0,0,0,0,0,0,0,0,0,0,0,0,1,0,0,0,1,0,3,0,1,0,0,0,0,0,0,0,0,0,0,0,0,0,0,0,0,0,0,0,1,0,0,0,0,0,0,0,0,0,0,0,0,0,1,0,0,0,0,0,0
39,0,4,0,0,0,1,0,0,0,0,0,221,0,0,2,0,0,0,0,0,0,0,0,0,0,0,0,0,0,0,0,93,0,0,0,11,1,1,0,0,0,0,0,0,0,4,0,1,0,4,0,1,0,18,0,3,0,4,0,1760,0,12,0,1417,0,0,0,801,0,5,0,0,0,27,1,42,0,0,0,0,0,1,0,457,0,0,0,270,0,0,0,2,0,0,0,0,0,0,0,0,0,0,0,0,0,0,0,0,0,0,0,0,0,0,0,0,0,0,0,0,0,1,0,0,0,14,0,25,0,1,0,0,0,1,0,0,0,0,0,0,0,0,0,2,0,0,0,0,0,0,0,0,0,0,0,0,0,0,0,0,0,1,0,0,0,0,0,0,0
3,733,0,48,0,47,0,12,0,1,0,0,0,443,0,9,0,0,0,0,0,0,0,0,0,0,0,0,0,0,0,0,1,113,0,0,1,23,0,0,0,1,2,0,0,0,0,12,0,1,0,18,0,7,0,30,0,3,0,5,10,2988,0,4,0,1170,0,0,0,1117,0,7,0,1,4,42,1,110,0,95,0,0,0,26,0,745,0,0,0,86,0,0,0,1,0,0,0,0,0,1,0,0,0,0,0,0,0,0,0,0,0,0,0,0,0,0,0,0,0,0,0,0,0,0,0,4,0,60,0,18,0,3,0,1,0,12,0,1,0,1,0,0,0,0,0,3,0,1,0,1,0,0,0,0,2,3,0,0,0,2,1,2,1,11,0,1,0,0,0,0
11,0,1,0,2,0,0,0,0,0,0,0,24,0,0,0,0,0,0,0,0,0,0,0,0,0,0,0,0,0,0,0,11,0,0,0,1,0,3,0,0,0,1,0,0,0,22,0,7,0,29,0,20,0,967,0,40,0,41,0,221,0,232,0,2965,0,801,0,0,0,7,0,0,0,4,0,11,0,2,0,0,0,12,1,544,0,0,0,1863,0,0,0,41,0,0,0,0,0,0,0,0,0,2,0,0,0,0,0,0,0,0,0,0,0,0,0,0,0,0,0,0,0,0,0,0,0,5,0,10,0,0,0,0,0,0,0,0,0,0,0,0,0,0,0,0,0,0,0,0,0,0,0,0,0,0,0,0,0,0,0,0,0,1,0,0,0,0,0,0,0
0,65,0,0,0,1,0,1,0,0,0,0,0,34,0,0,0,0,0,0,0,0,0,0,0,0,0,0,0,0,0,0,0,39,0,0,0,2,0,0,0,0,0,1,0,0,0,18,1,56,0,21,0,677,0,1534,0,1,0,10,0,493,0,814,0,1396,0,1117,0,0,0,87,0,0,0,7,0,8,0,24,0,0,0,13,0,430,0,0,0,1200,0,0,0,1,0,0,0,0,0,0,0,0,0,0,0,0,0,0,0,0,1,0,0,0,0,0,0,0,0,0,0,0,0,0,0,0,0,8,0,8,0,1,0,0,0,3,0,0,0,0,0,0,0,0,0,0,0,0,0,0,0,0,0,0,0,0,0,0,0,0,0,0,0,5,0,0,0,0,0,0
345,20,32,6,3,1,3,0,0,0,0,0,2,1,44,7,0,0,1,0,0,0,0,0,0,0,0,0,0,0,0,0,3,3,0,0,2788,85,810,107,39,4,28,0,0,0,1617,439,1444,153,1399,164,452,0,155,0,16,0,112,3,489,5,2390,25,52,0,5,0,7,0,0,844,335,8,16,1,10,3,0,1,0,0,20,2,16,1,0,0,28,0,0,0,3,0,2,0,0,0,0,0,0,0,5,0,0,0,0,0,0,0,0,0,0,0,0,0,0,0,0,0,0,0,0,0,0,0,1,1,1,0,1,0,0,0,0,0,0,0,0,0,0,0,0,0,1,1,0,0,1,0,0,0,0,0,2,1,0,0,0,1,0,0,0,1,0,1,0,0,0,0
5,233,0,48,0,11,0,4,0,2,0,0,2,11,2,227,0,0,0,0,0,0,0,0,0,0,0,0,0,0,0,0,4,242,0,0,11,2673,192,938,120,70,1,27,0,0,369,1640,423,2294,46,1029,5,448,3,265,3,26,2,80,4,666,1,1890,0,79,0,7,0,87,844,0,3,954,5,16,8,100,0,36,0,0,6,92,7,228,0,0,6,138,0,0,0,36,0,0,0,0,0,0,0,2,0,1,0,0,0,0,0,0,0,1,0,0,23,0,0,0,0,0,0,0,0,0,0,4,2,15,1,14,0,4,0,0,0,6,0,0,0,0,0,0,0,0,1,10,0,2,0,1,0,0,0,0,1,2,0,0,0,0,2,1,0,8,0,2,0,1,1,0
754,39,110,11,7,6,13,2,6,1,0,0,0,1,833,118,0,0,0,1,0,0,0,0,0,0,0,0,0,0,0,0,11,0,0,0,451,30,1,0,0,0,0,0,0,0,0,0,4,0,0,0,3,0,0,0,0,0,0,0,632,7,40,0,0,0,0,0,0,0,335,3,0,41,5,2,1,5,0,0,0,0,0,0,0,0,0,0,0,0,0,0,0,0,0,0,0,0,0,0,0,0,0,0,0,0,0,0,0,0,0,0,0,0,0,0,0,0,0,0,0,0,0,0,0,0,0,1,0,0,0,1,0,0,0,0,0,0,0,0,0,0,0,0,0,0,0,0,0,1,0,0,0,0,20,1,0,0,0,0,0,0,0,1,0,0,0,0,0,0
1,475,1,20,0,6,1,3,0,0,0,0,0,1,16,493,0,0,0,0,0,0,0,0,0,0,0,0,0,0,0,0,0,5,0,0,5,485,0,1,0,0,0,0,0,0,0,0,0,2,0,0,0,0,0,1,0,0,0,0,1,421,0,41,0,0,0,1,0,0,8,954,41,0,1,6,0,12,0,4,0,0,0,0,0,0,0,0,0,0,0,0,0,0,0,0,0,0,0,0,0,0,0,0,0,0,0,0,0,0,0,0,0,0,0,0,0,0,0,0,0,0,0,0,0,1,0,5,0,2,0,1,0,0,0,2,0,1,0,0,0,0,0,0,0,1,0,0,0,0,0,0,0,0,3,0,0,0,0,0,0,0,0,1,0,0,0,0,0,0
146,116,208,42,171,41,27,23,140,16,19,0,20,5,47,60,57,39,185,14,97,1,20,0,11,0,4,0,44,0,0,0,302,11,0,0,57,104,3,0,26,0,0,0,8,0,0,0,0,0,6,1,1,0,4,0,2,0,4,0,216,13,10,0,18,0,27,4,4,0,16,5,5,1,0,365,2592,21,1433,6,0,0,30,0,17,1,5,0,4,0,0,0,0,0,0,0,0,0,0,0,0,0,0,0,0,0,0,0,0,0,0,3,0,0,0,0,0,0,0,0,29,0,8,0,416,2,412,2,171,0,185,0,19,0,283,12,42,2,1,0,2,0,0,0,73,0,6,0,78,0,64,1,140,23,90,126,250,0,4,1,67,0,133,2,63,0,1,0,0,0
19,235,65,143,22,278,8,160,19,214,0,10,2,34,26,82,23,364,68,39,23,135,15,82,0,26,1,9,0,10,0,0,11,274,0,0,19,58,0,3,0,26,2,0,0,36,0,1,0,0,0,0,0,1,0,0,0,0,0,1,0,150,0,4,0,4,1,42,0,7,1,16,2,6,365,0,15,3210,3,1523,0,0,0,5,1,4,0,9,0,1,0,1,0,0,0,0,0,0,0,0,0,0,0,0,0,0,0,0,0,0,5,1,0,2,0,0,0,0,0,0,0,23,0,8,0,439,0,510,2,216,0,81,0,9,0,554,0,61,0,3,0,2,0,0,1,197,0,27,0,76,13,57,51,16,164,49,57,422,4,5,2,7,3,111,1,29,0,0,4,1
88,4,170,2,279,4,11,2,188,2,65,0,25,1,17,5,177,0,81,2,59,0,120,0,24,0,12,0,138,0,4,0,3155,1,0,0,25,4,10,0,1364,0,15,0,235,0,26,2,3,0,66,0,1,0,11,1,5,0,119,1,119,0,1,0,14,0,42,1,11,0,10,8,1,0,2592,15,0,2,2537,0,0,0,73,2,218,1,276,0,97,0,0,0,100,0,0,0,0,0,0,0,0,0,1,0,0,0,1,0,0,0,0,10,0,1,0,0,0,0,0,0,2,0,0,0,82,0,146,2,68,1,28,0,5,0,25,1,5,0,218,0,3,1,5,0,41,0,3,0,2,0,7,2,42,2,20,6,385,1,5,0,30,0,209,1,23,0,2,0,0,1
8,492,12,342,2,525,3,377,5,584,0,107,0,132,6,148,0,163,21,71,1,35,2,264,0,8,0,3,0,18,0,2,2,3671,0,0,7,133,0,4,3,2170,7,53,0,637,1,28,0,8,0,25,0,1,0,1,0,4,0,153,3,472,0,30,0,8,0,110,0,8,3,100,5,12,21,3210,2,0,1,2086,0,0,0,39,0,153,0,490,0,102,0,3,0,61,0,1,0,0,1,0,1,0,0,0,0,0,1,1,0,1,12,4,0,0,0,0,0,0,0,0,0,2,0,6,0,98,0,117,3,145,1,23,0,5,0,59,0,4,0,158,0,6,0,31,2,134,0,24,0,11,3,3,6,14,36,79,2,411,1,9,4,2,14,145,0,18,1,0,5,1
8,5,12,2,7,0,5,2,13,1,0,0,4,1,8,6,2,0,0,0,0,0,0,0,0,0,0,0,0,0,0,0,104,0,0,0,2,1,3,1,295,0,0,0,73,0,9,0,0,0,11,0,1,0,0,0,1,0,11,0,1,0,0,0,1,0,0,0,2,0,0,0,0,0,1433,3,2537,1,0,3,0,0,14,0,11,0,41,0,8,0,0,0,3,0,0,0,0,0,0,0,0,0,0,0,0,0,0,0,0,0,3,8,0,0,0,0,0,0,0,0,9,0,5,0,466,1,228,2,44,1,42,0,58,0,51,2,6,0,126,0,0,0,3,0,33,2,2,0,4,0,0,0,0,0,3,0,561,2,2,0,23,0,361,1,35,0,2,0,0,1
2,232,5,49,2,90,3,95,1,85,0,0,0,36,4,75,0,1,1,12,0,0,0,0,0,1,0,0,0,0,0,0,1,163,0,0,2,41,1,0,4,543,11,2,0,107,1,9,0,4,0,2,0,1,0,2,0,1,0,2,1,169,0,10,0,7,0,95,0,24,1,36,0,4,6,1523,0,2086,3,0,0,0,0,14,0,19,0,21,1,6,0,0,0,4,0,1,1,0,0,2,0,0,0,0,0,0,0,3,1,2,15,7,0,0,0,0,0,0,0,1,0,5,0,4,0,259,1,135,5,80,0,26,0,12,0,79,0,12,0,169,1,10,0,12,0,75,0,14,0,15,0,0,1,1,20,15,0,318,7,11,3,15,20,454,3,41,0,1,6,0
0,0,0,0,0,0,0,0,0,0,0,0,0,0,0,0,0,0,0,0,0,0,0,0,0,0,0,0,0,0,0,0,0,0,0,0,0,0,0,0,0,0,0,0,0,0,0,0,0,0,0,0,0,0,0,0,0,0,0,0,0,0,0,0,0,0,0,0,0,0,0,0,0,0,0,0,0,0,0,0,0,0,0,0,0,0,0,0,0,0,0,0,0,0,0,0,0,0,0,0,0,0,0,0,0,0,0,0,0,0,0,0,0,0,0,0,0,0,0,0,0,0,0,0,0,0,0,0,0,0,0,0,0,0,0,0,0,0,0,0,0,0,0,0,0,0,0,0,0,0,0,0,0,0,0,0,0,0,0,0,0,0,0,0,0,0,0,0,0,0
0,0,0,0,0,0,0,0,0,0,0,0,0,0,0,0,0,0,0,0,0,0,0,0,0,0,0,0,0,0,0,0,0,0,0,0,0,0,0,0,0,0,0,0,0,0,0,0,0,0,0,0,0,0,0,0,0,0,0,0,0,0,0,0,0,0,0,0,0,0,0,0,0,0,0,0,0,0,0,0,0,0,0,0,0,0,0,0,0,0,0,0,0,0,0,0,0,0,0,0,0,0,0,0,0,0,0,0,0,0,0,0,0,0,0,0,0,0,0,0,0,0,0,0,0,0,0,0,0,0,0,0,0,0,0,0,0,0,0,0,0,0,0,0,0,0,0,0,0,0,0,0,0,0,0,0,0,0,0,0,0,0,0,0,0,0,0,0,0,0
13,0,0,0,2,0,0,0,0,0,0,0,7,0,0,0,0,0,0,0,0,0,0,0,0,0,0,0,0,0,0,0,43,1,0,0,2,2,16,2,67,0,10,0,0,0,51,0,4,2,110,0,1,0,33,0,16,0,142,0,9,0,1,0,3,0,1,0,12,0,20,6,0,0,30,0,73,0,14,0,0,0,0,0,362,0,0,0,204,0,0,0,17,0,2,0,0,0,0,0,0,0,0,0,0,0,0,0,0,0,0,1,0,0,0,0,0,0,0,0,0,0,2,0,1,0,15,0,20,0,2,0,0,0,6,0,1,0,0,0,0,0,0,0,9,0,0,0,3,0,0,0,0,0,0,0,0,0,1,0,0,0,5,0,1,0,0,0,0,0
0,4,0,6,0,6,0,1,0,0,0,0,0,41,0,1,0,0,0,0,0,0,0,0,0,0,0,0,0,0,0,0,0,106,0,0,0,2,2,3,1,45,0,2,0,0,1,70,0,18,1,80,0,3,0,11,0,4,0,27,1,8,0,1,1,2,0,26,1,13,2,92,0,0,0,5,2,39,0,14,0,0,0,0,0,1160,0,7,1,32,0,0,0,4,0,0,0,0,0,0,0,0,0,0,0,0,0,0,0,0,1,0,0,0,0,0,0,0,0,0,0,0,0,1,0,0,0,6,0,5,0,3,0,0,0,0,0,0,0,0,0,0,0,0,0,8,0,0,0,4,0,0,0,0,0,0,0,0,0,0,0,1,0,2,0,0,0,0,0,0
22,0,0,0,3,0,0,0,0,0,0,0,40,0,0,0,0,0,0,0,0,0,0,0,0,0,0,0,0,0,0,0,313,2,0,0,2,0,26,2,509,0,46,0,0,0,78,2,8,1,155,0,6,0,83,0,45,0,503,0,153,0,5,0,166,0,457,0,544,0,16,7,0,0,17,1,218,0,11,0,0,0,362,0,0,0,657,0,6632,0,3,0,640,0,2,0,0,0,0,0,0,0,3,0,0,0,0,0,0,0,0,0,0,0,0,0,0,0,0,0,0,0,2,0,1,0,21,0,27,0,1,0,0,0,0,0,0,0,9,0,0,1,0,0,9,0,0,0,0,0,0,0,0,0,0,0,0,0,0,1,1,0,16,0,1,0,0,0,0,0
0,33,0,4,0,3,0,0,0,0,0,0,0,456,0,0,0,0,0,0,0,0,0,0,0,0,0,0,0,4,0,0,1,596,0,0,1,4,2,7,0,435,1,128,0,8,2,208,0,39,0,377,0,11,0,66,0,56,0,758,0,124,0,0,0,22,0,745,0,430,1,228,0,0,1,4,1,153,0,19,0,0,0,1160,0,0,0,1007,0,3697,0,17,0,631,0,0,0,0,0,0,1,0,0,2,0,0,0,0,1,0,0,0,0,0,0,0,0,0,0,0,0,0,0,1,0,1,0,13,0,3,0,0,0,1,0,5,0,0,0,2,0,0,0,1,0,10,0,0,0,2,0,0,0,0,0,1,0,0,0,1,0,0,1,4,0,1,0,0,0,0
0,0,2,0,3,0,0,0,3,0,1,0,0,0,0,0,0,0,1,0,0,0,0,0,1,0,0,0,0,0,0,0,185,0,0,0,0,0,0,0,663,0,165,0,148,0,0,0,0,0,0,0,0,0,0,0,0,0,730,0,0,0,0,0,0,0,0,0,0,0,0,0,0,0,5,0,276,0,41,0,0,0,0,0,657,0,0,0,1093,0,1310,0,1035,0,0,0,0,0,0,0,0,0,0,0,0,0,0,0,0,0,0,0,0,0,0,0,0,0,0,0,0,0,0,0,1,0,0,0,0,0,0,0,0,0,0,0,0,0,12,0,0,0,0,0,0,0,0,0,0,0,0,0,0,0,0,0,1,0,0,0,0,0,1,0,0,0,0,0,0,0
0,0,0,3,0,6,0,0,0,8,0,5,0,0,0,0,0,2,0,1,0,0,0,0,0,1,0,0,0,84,0,1,0,139,0,0,0,0,0,0,0,773,0,522,0,1024,0,0,0,0,0,0,0,0,0,0,0,0,0,779,0,0,0,0,0,0,0,0,0,0,0,0,0,0,0,9,0,490,0,21,0,0,0,7,0,1007,0,0,0,814,0,3393,0,796,0,0,0,0,0,0,0,0,0,0,0,0,0,0,0,0,0,0,0,0,0,0,0,0,0,0,0,0,0,0,0,1,0,0,0,0,0,0,0,0,0,0,0,0,0,1,0,0,0,0,0,0,0,0,0,0,0,0,1,0,1,0,0,3,0,0,0,0,0,0,0,0,0,0,0,0
9,0,0,0,0,0,0,0,0,0,0,0,32,0,0,0,0,0,0,0,0,0,0,0,0,0,0,0,0,0,0,0,101,0,0,0,1,0,10,1,194,0,51,0,14,0,121,0,10,0,152,0,15,0,2560,0,271,0,854,0,70,0,7,0,165,0,270,0,1863,0,28,6,0,0,4,0,97,0,8,1,0,0,204,1,6632,0,1093,0,0,0,681,0,4797,0,1,0,0,0,0,0,0,0,3,0,0,0,0,0,0,0,0,0,0,0,0,0,0,0,0,0,0,0,0,0,1,0,5,0,15,0,0,0,0,0,0,0,0,0,8,0,0,0,0,0,1,0,1,0,0,0,0,0,0,0,0,0,0,0,0,0,0,0,3,0,0,0,0,0,0,0
0,4,0,1,0,1,0,0,0,0,0,1,0,8,0,0,0,0,1,0,0,0,0,0,0,0,0,0,0,7,0,0,0,185,0,0,0,0,0,2,0,372,0,143,0,35,2,841,0,64,0,270,0,133,0,1474,0,311,0,836,0,39,0,5,0,42,0,86,0,1200,0,138,0,0,0,1,0,102,0,6,0,0,0,32,0,3697,0,814,0,0,0,1151,0,4911,0,0,0,0,0,0,0,0,0,0,0,0,0,0,0,0,1,1,0,0,0,0,0,0,0,0,0,0,0,0,0,0,0,0,0,2,0,0,0,0,0,0,0,0,0,2,0,0,0,0,0,0,0,0,0,0,0,0,0,0,0,0,0,0,0,0,0,0,0,0,0,0,0,0,0,0
0,0,0,0,0,0,0,0,0,0,0,0,0,0,0,0,0,0,0,0,0,0,0,0,0,0,0,0,0,0,0,0,1,0,0,0,0,0,0,0,22,0,30,0,2,0,0,0,0,0,0,0,0,0,0,0,0,0,398,0,0,0,0,0,0,0,0,0,0,0,0,0,0,0,0,0,0,0,0,0,0,0,0,0,3,0,1310,0,681,0,0,0,2088,0,0,0,0,0,0,0,0,0,0,0,0,0,0,0,0,0,0,0,0,0,0,0,0,0,0,0,0,0,0,0,0,0,0,0,0,0,0,0,0,0,0,0,0,0,0,0,0,0,0,0,0,0,0,0,0,0,0,0,0,0,0,0,0,0,0,0,0,0,0,0,0,0,0,0,0,0
0,0,0,0,0,0,0,0,0,0,0,0,0,0,0,0,0,0,0,0,0,0,0,0,0,0,0,0,0,16,0,0,0,3,0,0,0,0,0,0,0,15,0,444,0,17,0,0,0,0,0,0,0,0,0,0,0,0,0,653,0,0,0,0,0,0,0,0,0,0,0,0,0,0,0,1,0,3,0,0,0,0,0,0,0,17,0,3393,0,1151,0,0,0,1603,0,0,0,0,0,0,0,0,0,0,0,0,0,0,0,0,0,0,0,0,0,0,0,0,0,0,0,0,0,0,0,0,0,0,0,0,0,0,0,0,0,0,0,0,0,0,0,0,0,0,0,0,0,0,0,0,0,0,0,0,0,0,0,0,0,0,0,0,0,0,0,0,0,0,0,0
0,0,0,0,0,0,0,0,0,0,0,0,3,0,0,0,0,0,0,0,0,0,0,0,0,0,0,0,0,0,0,0,168,0,0,0,0,0,6,1,305,0,40,0,16,0,18,0,0,1,45,0,5,0,215,0,172,0,3203,0,1,0,0,0,2,0,2,0,41,0,3,0,0,0,0,0,100,0,3,0,0,0,17,0,640,0,1035,0,4797,0,2088,0,0,0,6,0,0,0,0,0,0,0,0,0,0,0,0,0,0,0,0,0,0,0,0,0,0,0,0,0,0,0,0,0,0,0,1,0,3,0,0,0,0,0,0,0,0,0,9,0,0,0,0,0,0,0,0,0,0,0,0,0,0,0,0,0,0,0,0,0,0,0,9,0,0,0,0,0,0,0
0,0,0,0,0,0,0,0,0,0,0,0,0,0,0,0,0,0,0,0,0,0,0,0,0,0,0,0,0,3,0,0,0,135,0,0,0,0,0,0,0,169,0,80,0,29,1,114,0,6,1,61,0,14,0,288,0,501,0,2220,0,0,0,0,0,3,0,1,0,1,0,36,0,0,0,0,0,61,0,4,0,0,0,4,0,631,0,796,0,4911,0,1603,0,0,0,0,0,0,0,0,0,0,0,0,0,0,0,0,0,0,0,0,0,0,0,0,0,0,0,0,0,0,0,0,0,1,0,1,0,0,0,0,0,0,0,0,0,0,0,1,0,0,0,0,0,0,0,0,0,0,0,0,0,0,0,0,0,0,0,0,0,0,0,0,0,0,0,0,0,0
0,0,0,0,0,0,0,0,0,0,0,0,0,0,0,0,0,0,0,0,0,0,0,0,0,0,0,0,0,0,0,0,1,0,0,0,0,0,0,0,1,0,1,1,0,0,99,0,1,0,320,0,5,0,45,0,95,0,429,0,0,0,0,0,0,0,0,0,0,0,2,0,0,0,0,0,0,0,0,0,0,0,2,0,2,0,0,0,1,0,0,0,6,0,0,0,5878,10,116,5,515,4,6562,17,1366,1,1338,14,205,11,25,6,5,0,11,34,109,83,3,4,0,0,0,0,0,0,1,0,1,0,0,1,0,0,0,0,0,0,0,0,0,0,1,0,0,3,0,1,0,0,0,0,0,0,0,0,0,0,6,1,0,0,6,0,0,0,5,1,9,0
0,0,0,0,0,0,0,0,0,0,0,0,0,0,0,0,0,0,0,0,0,0,0,0,0,0,0,0,0,0,0,0,0,0,0,0,0,0,0,0,0,3,0,10,0,0,0,0,0,0,0,2,0,0,0,0,0,0,0,0,0,0,0,0,0,0,0,0,0,0,0,0,0,0,0,0,0,1,0,1,0,0,0,0,0,0,0,0,0,0,0,0,0,0,0,0,10,4978,3,160,1,408,4,6895,1,631,22,1435,1,104,2,11,0,1,29,31,125,70,21,4,0,0,0,0,0,0,0,2,0,1,0,0,0,0,0,0,0,0,0,0,0,0,0,1,0,1,0,0,1,0,0,0,0,0,0,0,0,0,2,0,1,1,0,0,0,1,0,1,3,1
0,0,0,0,0,0,0,0,0,0,0,0,0,0,0,0,0,0,0,0,0,0,0,0,0,0,0,0,0,0,0,0,0,0,0,0,0,0,0,0,0,0,3,0,0,0,0,0,0,0,0,0,0,0,0,0,0,0,0,0,0,0,0,0,0,0,0,0,0,0,0,0,0,0,0,0,0,0,0,1,0,0,0,0,0,0,0,0,0,0,0,0,0,0,5878,10,0,81,32,1,218,0,646,10,1943,9,1030,37,58,2,5,0,0,1,7,25,169,229,3,1,0,0,0,0,0,0,0,1,0,1,0,0,0,0,1,1,0,0,0,0,0,0,0,0,0,0,0,0,0,0,0,0,0,0,0,0,0,0,1,0,0,0,1,0,0,0,1,0,4,0
0,0,0,0,0,0,0,0,0,0,0,0,0,0,0,0,0,0,0,0,0,0,0,0,0,0,0,0,0,0,0,0,0,0,0,0,0,0,0,0,0,0,0,2,0,0,0,0,0,0,0,1,0,0,0,0,0,0,0,0,0,0,0,0,0,0,0,0,0,0,0,0,0,0,0,0,0,0,0,0,0,0,0,0,0,0,0,0,0,0,0,0,0,0,10,4978,81,0,2,65,4,124,10,604,29,1595,41,1765,1,77,4,3,0,2,28,48,262,251,31,1,0,0,0,0,0,0,0,0,0,0,1,0,0,0,0,1,0,0,0,0,1,0,0,0,1,7,0,0,0,0,0,0,0,0,0,0,0,0,1,0,0,0,1,0,0,0,0,1,0,0
0,0,0,0,0,0,0,0,0,0,0,0,0,0,0,0,0,0,0,0,0,0,0,0,0,0,0,0,0,0,0,0,0,0,0,0,0,0,0,0,2,1,2,1,0,0,0,0,0,0,9,0,0,0,0,0,0,0,0,0,0,0,0,0,0,0,0,0,0,0,0,0,0,0,0,0,0,1,0,0,0,0,0,0,0,0,0,0,0,0,0,0,0,0,116,3,32,2,0,17,554,17,148,14,53,0,433,10,780,33,136,17,218,82,108,41,10,40,31,152,0,0,0,0,0,0,0,1,4,3,1,0,0,1,0,2,0,0,0,1,5,3,4,3,6,3,0,0,1,0,0,0,0,0,0,0,0,0,1,0,3,0,6,0,4,0,143,7,15,1
0,0,0,0,0,0,0,0,0,0,0,0,0,0,0,0,0,0,0,0,0,0,0,0,0,0,0,0,0,0,0,0,0,0,0,0,0,0,0,0,1,1,2,2,0,0,0,0,0,0,2,27,0,0,0,0,0,0,0,0,0,0,0,0,0,0,0,1,0,0,0,0,0,0,0,0,0,0,0,2,0,0,0,0,0,0,0,0,0,0,0,0,0,0,5,160,1,65,17,0,31,362,4,185,3,42,11,965,20,908,13,211,39,67,148,31,19,47,63,52,0,0,0,0,0,0,5,2,1,2,1,0,0,0,2,3,0,0,0,0,1,2,0,2,3,11,0,3,1,0,0,0,0,0,0,0,0,0,2,4,2,1,5,0,1,1,2,248,14,5
0,0,0,0,0,0,0,0,0,0,0,0,0,0,0,0,0,0,0,0,0,0,0,0,0,0,0,0,0,0,0,0,0,0,0,0,0,0,0,0,5,2,15,0,0,0,0,0,0,0,10,1,0,0,0,0,0,0,1,0,0,0,0,0,0,0,0,0,0,0,0,0,0,0,0,0,0,1,0,0,0,0,0,0,0,1,0,0,0,0,0,0,0,0,515,1,218,4,554,31,0,155,2127,86,210,2,830,40,355,20,167,8,25,49,1372,342,80,119,57,63,0,0,0,0,3,0,1,1,4,2,3,1,0,0,4,4,0,0,0,0,0,1,1,1,1,3,2,1,0,0,0,0,0,0,0,0,0,0,8,3,5,0,54,0,5,2,28,6,15,1
0,0,0,0,0,0,0,0,0,0,0,0,0,0,0,0,0,0,0,0,0,0,0,0,0,0,0,0,0,0,0,0,0,0,0,0,0,0,0,0,0,0,0,0,0,0,0,0,0,0,0,32,0,0,0,0,0,0,0,0,0,0,0,0,0,0,0,0,0,0,0,2,0,0,0,0,0,0,0,0,0,0,0,0,0,0,0,0,0,0,0,0,0,0,4,408,0,124,17,362,155,0,15,1242,1,78,5,736,13,120,1,35,24,63,1143,149,44,69,41,31,0,0,0,0,0,0,0,0,0,0,0,0,0,0,0,0,0,0,0,0,0,0,0,0,0,0,0,0,0,0,0,0,0,0,0,0,0,0,0,0,0,0,1,1,0,0,0,1,0,0
0,0,0,0,0,0,0,0,0,0,0,0,1,0,0,0,0,0,0,0,0,0,0,0,0,0,0,0,0,0,0,0,0,0,0,0,0,0,1,0,1,0,0,0,0,0,76,0,0,0,454,1,12,0,66,0,35,0,237,0,0,0,0,0,1,0,0,0,2,0,5,0,0,0,0,0,1,0,0,0,0,0,0,0,3,0,0,0,3,0,0,0,0,0,6562,4,646,10,148,4,2127,15,0,148,281,4,780,23,141,7,9,5,3,1,7,737,398,140,20,5,0,0,0,0,0,0,0,0,0,1,0,0,0,0,4,0,0,0,0,0,1,0,1,0,2,2,0,0,0,0,0,0,0,0,0,0,0,0,3,1,2,0,5,0,0,1,9,0,6,1
0,0,0,0,0,0,0,0,0,0,0,0,0,0,0,0,0,0,0,0,0,0,0,0,0,0,0,0,0,0,0,0,0,0,0,0,0,0,0,0,0,1,0,5,0,0,0,4,0,0,0,227,0,3,0,1,0,9,0,80,0,0,0,0,0,1,0,0,0,0,0,1,0,0,0,0,0,0,0,0,0,0,0,0,0,2,0,0,0,0,0,0,0,0,17,6895,10,604,14,185,86,1242,148,0,8,152,47,1064,21,214,4,7,4,6,133,1103,402,217,76,5,0,0,0,0,0,0,0,0,1,0,0,0,0,0,0,0,0,0,0,0,0,0,0,2,0,1,0,2,0,0,0,0,0,0,0,0,0,0,1,1,0,0,3,0,1,1,0,3,11,0
0,0,0,0,0,0,0,0,0,0,0,0,0,0,0,0,0,0,0,0,0,0,0,0,0,0,0,0,0,0,0,0,0,0,0,0,0,0,0,0,0,1,3,0,0,0,0,0,0,0,0,0,0,0,0,0,0,0,0,0,0,0,0,0,0,0,0,0,0,0,0,0,0,0,0,0,0,0,0,0,0,0,0,0,0,0,0,0,0,0,0,0,0,0,1366,1,1943,29,53,3,210,1,281,8,0,2,1049,8,64,1,22,3,0,0,3,7,42,89,1,3,0,0,0,0,0,0,0,0,1,1,1,0,0,0,0,0,0,0,0,0,0,0,0,0,0,0,0,0,0,0,0,0,0,0,0,0,0,0,1,0,0,0,2,1,0,0,4,0,3,0
0,0,0,0,0,0,0,0,0,0,0,0,0,0,0,0,0,0,0,0,0,0,0,0,0,0,0,0,0,0,0,0,0,0,0,0,0,0,0,0,0,0,0,5,0,0,0,0,0,0,0,0,0,0,0,0,0,0,0,0,0,0,0,0,0,0,0,0,0,0,0,0,0,0,0,0,0,0,0,0,0,0,0,0,0,0,0,0,0,0,0,0,0,0,1,631,9,1595,0,42,2,78,4,152,2,0,5,1558,0,40,1,3,0,0,6,22,26,60,7,0,0,0,0,0,0,0,0,0,0,1,0,0,0,1,0,0,0,0,0,0,0,1,0,0,0,1,1,0,0,0,0,0,0,0,0,0,0,0,0,0,0,0,0,0,0,0,0,0,0,0
