0,22,1711,6,1912,11,451,4,258,3,1,0,981,4,921,7,0,0,8,1,0,0,0,0,0,0,0,0,0,0,0,0,758,0,0,0,342,14,15,1,44,1,3,0,9,0,6,8,14,0,3,0,12,0,20,0,3,0,0,0,4329,1,234,2,315,0,447,1,54,1,568,4,2699,32,88,27,284,5,24,0,0,0,15,0,456,0,0,0,42,0,0,0,3,0,0,0,0,0,1,0,1,0,0,0,0,0,0,0,0,1,5,7,1,0,1,0,0,0,1,2,1,1,0,0,14,2,5,4,14,1,2,0,2,0,9,0,3,0,2,0,1,0,0,0,3,0,2,0,3,0,0,0,0,0,126,92,6,0,10,2,2,0,73,5,18,1,0,0,0,2
22,0,6,2103,4,2435,3,1829,0,94,0,0,0,967,36,537,0,0,0,1,0,0,0,0,0,0,0,0,0,0,0,0,3,318,0,0,97,522,0,5,0,31,0,0,0,1,0,10,0,12,2,4,0,24,0,40,0,0,0,0,3,5127,1,516,1,70,0,323,0,128,6,656,16,577,0,142,2,192,0,15,0,0,0,77,0,323,0,5,1,20,0,1,0,2,0,0,0,0,0,1,1,0,0,0,1,0,0,1,0,0,0,1,3,0,0,0,0,0,0,0,0,2,0,2,0,32,0,78,0,34,0,29,0,0,0,33,0,41,0,0,0,1,0,3,1,30,0,24,1,1,0,0,0,0,32,10,0,4,1,2,0,5,0,20,0,17,0,0,5,0
1711,6,0,15,5858,15,43,0,361,2,469,0,18,1,3823,12,14,28,5914,11,463,5,49,2,35,0,214,1,160,0,14,1,216,1,0,0,261,4,0,0,2,0,0,0,3,0,0,1,4,0,1,0,2,1,2,0,0,0,1,1,47,2,8,0,22,0,15,0,9,0,51,2,811,24,38,28,63,4,5,0,0,0,2,0,44,0,12,0,6,0,0,0,0,0,0,0,0,0,0,1,0,0,0,0,0,0,0,0,0,0,0,0,0,0,0,0,0,0,0,0,0,0,0,0,0,0,1,2,1,0,0,0,0,0,0,1,1,1,0,0,0,0,0,0,1,0,0,0,2,0,17,8,92,8,148,66,10,0,0,0,2,0,2,0,3,0,0,0,0,0
6,2103,15,0,44,6641,2,257,18,609,0,351,2,60,27,2912,6,47,40,2733,0,482,6,116,0,128,0,284,0,109,0,29,26,406,0,0,28,786,0,5,0,12,0,1,0,37,0,2,0,2,0,0,0,0,0,4,0,0,0,7,0,26,0,26,0,2,0,1,0,2,2,78,1,119,13,512,6,525,1,36,0,0,0,3,0,3,0,69,0,2,0,12,0,10,0,0,0,0,0,0,0,0,0,0,0,0,0,0,0,0,0,1,0,0,0,0,0,0,0,0,0,2,0,0,0,29,0,48,0,1,1,10,0,0,0,12,0,25,0,0,0,0,0,1,0,3,0,0,0,0,6,34,53,366,142,513,3,31,0,0,0,10,0,14,0,12,0,0,0,1
1912,4,5858,44,0,44,815,4,2913,4,1001,10,122,2,1433,11,12,54,1330,34,65,7,4,4,37,2,66,2,204,2,310,1,538,6,0,0,321,12,5,0,8,1,1,0,8,0,0,0,3,0,0,0,1,0,2,0,0,0,0,0,73,0,14,0,18,0,28,0,5,0,57,1,259,13,244,52,149,9,17,0,0,0,2,0,59,0,16,0,5,0,3,0,0,0,0,0,0,0,0,0,0,0,0,0,0,0,0,0,0,0,1,1,0,0,0,0,0,0,0,0,0,0,0,0,1,0,1,1,1,0,0,0,1,0,1,0,1,1,1,0,0,0,0,0,1,0,0,0,3,0,22,20,68,41,207,213,8,5,4,0,7,0,9,1,4,0,0,0,0,0
11,2435,15,6641,44,0,4,1540,40,4892,1,1081,1,76,29,236,3,43,30,89,1,29,0,36,0,41,0,585,0,102,0,123,13,820,0,0,43,288,0,1,0,16,0,1,0,47,0,2,0,2,0,0,0,2,0,0,0,0,0,5,1,109,0,37,0,10,1,12,0,4,0,62,2,31,7,723,2,563,1,43,0,0,0,21,0,13,0,62,0,5,0,10,0,8,0,0,0,0,0,0,0,0,0,0,0,0,1,0,0,0,2,0,0,0,0,0,0,0,0,0,0,1,0,1,0,38,0,58,1,5,0,25,0,0,0,14,0,25,0,1,0,0,0,0,0,5,0,7,1,0,1,26,27,22,147,291,2,20,0,2,0,8,2,19,0,17,1,0,0,0
451,3,43,2,815,4,0,1,1123,3,1,0,1832,1,167,4,0,0,11,0,0,1,0,0,0,0,0,0,0,0,0,0,832,0,0,0,72,5,1,0,2,0,0,0,3,0,0,0,1,0,0,0,0,0,0,0,0,0,0,0,259,0,2,0,2,0,12,0,0,0,11,1,45,1,54,10,81,0,4,0,0,0,5,0,103,0,66,0,0,0,0,0,2,0,0,0,0,0,0,0,0,0,0,0,0,0,0,0,0,0,0,1,0,0,0,0,0,0,0,0,0,0,0,0,2,0,1,0,1,0,0,0,0,0,1,0,2,0,0,0,0,0,0,0,2,0,0,0,3,0,0,0,0,3,39,39,1,0,2,0,2,0,21,0,6,0,0,0,0,0
4,1829,0,257,4,1540,1,0,3,2116,0,17,0,941,15,96,0,4,2,9,0,0,0,0,0,0,0,0,0,0,0,0,1,1127,0,0,27,112,0,1,0,19,0,2,0,9,0,0,0,0,0,0,0,1,0,2,0,0,0,4,0,194,0,18,0,4,0,8,0,6,2,20,3,12,1,195,1,171,0,19,0,0,0,38,0,17,0,41,0,1,0,4,0,4,1,0,0,0,1,0,0,0,0,0,0,0,0,0,0,0,0,0,1,0,0,0,0,0,0,0,0,0,0,0,0,20,0,33,0,4,0,8,0,0,0,12,0,16,0,0,0,0,0,1,0,5,0,3,0,0,0,0,1,0,34,39,0,4,0,0,0,2,1,11,0,12,0,0,0,0
258,0,361,18,2913,40,1123,3,0,6,1561,1,269,2,439,12,4,21,274,20,1,5,0,0,2,0,1,0,64,0,87,0,1616,8,0,0,255,13,1,0,4,1,0,1,1,0,0,1,2,0,0,0,1,0,0,0,0,0,0,0,47,0,4,1,0,0,3,0,0,0,4,1,14,1,236,52,231,4,37,1,0,0,1,0,9,0,13,0,2,0,0,0,0,0,0,0,0,0,0,0,0,0,0,0,0,0,0,0,0,0,0,2,0,0,0,0,0,0,0,0,0,0,0,0,6,0,2,1,2,0,0,0,0,0,2,1,2,0,0,0,0,0,0,0,3,0,0,0,2,0,4,3,17,19,170,182,4,4,3,0,7,0,25,0,12,1,0,0,0,0
3,94,2,609,4,4892,3,2116,6,0,0,1242,0,240,6,146,0,33,5,34,0,1,0,4,0,2,0,4,0,54,0,9,3,949,0,0,12,125,0,1,0,19,0,4,0,62,0,0,0,0,0,0,0,0,0,4,0,0,0,11,0,13,0,12,0,2,0,1,0,1,0,11,3,8,1,360,0,572,0,55,0,0,0,4,0,2,0,76,0,6,0,22,0,11,0,0,0,0,0,1,0,0,1,0,0,0,0,1,0,0,0,0,0,0,0,0,0,0,0,0,0,1,0,1,0,39,0,41,0,4,0,15,0,0,0,13,0,22,0,0,0,0,0,0,0,1,0,0,0,0,0,0,2,2,40,61,0,7,0,0,0,5,0,22,0,22,0,0,0,1
1,0,469,0,1001,1,1,0,1561,0,0,0,0,0,0,0,5,4,316,5,176,1,22,0,31,0,44,0,785,0,1373,0,296,0,0,0,0,0,0,0,1,0,0,0,1,0,0,0,0,0,0,0,0,0,0,0,0,0,0,0,0,0,0,0,0,0,1,0,0,0,0,0,0,0,25,1,25,0,0,0,0,0,0,0,0,0,8,0,0,0,0,0,0,0,0,0,0,0,0,0,0,0,0,0,0,0,0,0,0,0,0,0,0,0,0,0,0,0,0,0,0,0,0,0,0,0,0,0,0,0,0,0,0,0,0,0,0,0,0,0,0,0,0,0,0,0,0,0,0,0,13,0,115,1,13,0,4,0,0,0,0,0,0,0,0,0,0,0,0,0
0,0,0,351,10,1081,0,17,1,1242,0,0,0,1,0,2,1,35,4,40,0,41,1,67,0,153,0,170,0,1102,0,753,2,548,0,0,1,2,0,0,0,3,0,1,0,16,0,0,0,0,0,0,0,0,0,0,0,0,0,4,0,0,0,0,0,0,0,0,0,0,0,0,0,0,0,42,0,131,0,2,0,0,0,0,0,0,0,47,0,4,0,2,0,3,0,0,0,0,0,0,0,0,0,0,0,0,0,0,0,0,0,0,0,0,0,0,0,0,0,0,0,1,0,0,0,0,0,0,0,0,0,0,0,0,0,0,0,0,0,0,0,0,0,0,0,0,0,1,0,0,1,11,2,12,6,14,0,14,0,0,0,0,0,1,0,0,0,0,0,0
981,0,18,2,122,1,1832,0,269,0,0,0,0,0,31,0,0,0,7,0,0,0,0,0,0,0,0,0,0,0,0,0,406,1,0,0,35,2,44,2,4,2,0,0,2,0,4,33,21,0,2,0,5,0,15,0,0,0,0,0,2090,0,5,0,53,0,377,0,7,0,38,13,24,0,22,1,12,3,6,0,0,0,120,1,959,3,77,0,6,1,0,0,0,0,0,0,0,0,0,0,0,0,0,0,0,0,0,0,0,0,0,0,0,0,0,0,0,0,0,0,0,0,0,0,0,0,3,1,2,0,0,0,0,0,1,0,0,0,0,1,0,0,0,0,1,0,0,0,3,0,0,0,0,0,6,3,0,0,0,0,0,0,6,0,2,1,0,0,2,1
4,967,1,60,2,76,1,941,2,240,0,1,0,0,11,31,0,0,0,2,0,0,0,0,0,0,0,0,0,0,0,0,3,1216,0,0,22,194,0,5,0,20,0,0,0,4,0,0,0,2,0,0,0,4,0,2,0,0,0,4,0,899,1,62,1,26,0,648,0,11,6,61,3,22,0,40,0,139,0,8,0,0,0,566,0,569,0,150,0,2,0,0,0,0,0,0,0,0,0,1,1,0,1,0,0,0,1,0,0,0,0,0,1,0,0,0,0,0,0,0,0,1,0,0,0,15,0,14,1,12,0,17,0,0,0,4,0,1,0,1,0,0,0,3,0,8,0,10,0,2,0,0,0,0,6,2,0,2,0,2,1,7,0,28,1,16,0,1,7,0
921,36,3823,27,1433,29,167,15,439,6,0,0,31,11,0,39,0,0,932,3,0,0,0,0,0,0,0,0,0,0,0,0,205,8,0,0,1102,25,7,0,9,3,0,0,1,0,2,1,5,0,2,0,2,0,2,0,0,0,0,0,40,2,6,1,15,0,9,0,10,0,105,3,1584,20,54,78,137,10,20,1,0,0,3,0,18,0,3,0,2,1,0,1,0,0,0,1,0,0,0,2,0,0,0,0,0,0,0,0,0,0,2,0,0,0,0,0,0,0,0,0,0,0,0,0,2,1,0,3,3,0,1,1,1,0,5,0,1,3,0,0,1,0,0,0,1,1,1,0,1,0,0,0,0,1,115,162,0,1,2,0,4,0,19,0,3,1,0,0,1,0
7,537,12,2912,11,236,4,96,12,146,0,2,0,31,39,0,0,1,12,1060,0,0,0,0,0,0,0,0,0,0,0,0,2,90,0,0,26,2479,0,16,0,9,0,0,0,6,0,0,0,1,0,0,0,1,0,0,0,0,0,1,2,30,0,54,0,4,0,0,0,3,0,130,6,1403,3,287,0,186,0,14,0,0,0,0,0,0,0,10,0,3,0,5,0,1,0,0,1,0,0,2,0,0,0,0,0,0,0,0,0,0,0,0,0,0,0,0,0,0,0,0,0,1,0,1,0,22,0,41,0,3,0,13,0,0,0,10,0,24,0,0,0,0,0,1,1,0,0,10,0,0,0,0,0,0,83,220,0,6,0,0,0,3,0,11,0,12,0,0,0,0
0,0,14,6,12,3,0,0,4,0,5,1,0,0,0,0,0,46,57,6,160,4,852,1,6,0,1,1,25,0,2,0,182,0,0,0,0,0,0,0,7,0,6,0,76,0,0,0,0,0,0,0,0,0,0,0,0,0,1,0,0,0,0,0,0,0,0,0,0,0,0,0,0,0,160,5,1040,0,12,0,0,0,0,0,0,0,7,0,3,0,5,0,5,0,0,0,0,0,0,0,0,0,0,0,0,0,0,0,0,0,0,0,0,0,0,0,0,0,0,0,0,0,0,0,0,0,0,0,0,0,0,0,0,0,0,0,0,0,0,0,0,0,0,0,0,0,0,0,0,0,226,11,102,7,34,3,1547,9,0,0,0,0,1,0,0,0,0,0,0,0
0,0,28,47,54,43,0,4,21,33,4,35,0,0,0,1,46,0,75,42,3,184,14,613,2,24,0,6,5,13,0,0,25,399,0,0,2,2,0,0,0,16,4,0,0,271,0,0,0,0,0,0,0,1,0,0,0,0,0,3,0,2,0,1,0,0,0,0,0,0,0,2,0,0,310,261,2,986,0,3,0,0,0,0,0,0,0,129,0,1,0,6,0,4,0,0,0,0,0,0,0,0,0,0,0,0,0,0,0,0,0,0,0,0,0,0,0,0,0,0,0,0,0,0,0,0,0,0,0,0,0,0,0,0,0,0,0,0,0,0,0,0,0,0,0,0,0,0,0,0,13,283,33,67,31,97,13,1310,0,0,0,0,0,1,0,0,0,0,0,0
8,0,5914,40,1330,30,11,2,274,5,316,4,7,0,932,12,57,75,0,42,100,11,67,9,67,1,100,1,157,2,14,0,354,2,0,0,271,0,0,0,0,0,0,0,1,0,0,0,0,0,0,0,0,0,0,0,0,0,0,0,3,0,1,0,1,0,0,0,0,0,0,0,0,0,44,37,52,8,3,0,0,0,0,0,0,0,10,0,0,0,1,0,0,0,0,0,0,0,0,0,0,0,0,0,0,0,0,0,0,0,0,0,0,0,0,0,0,0,0,0,0,0,0,0,0,0,0,0,0,0,0,0,0,0,0,0,0,1,0,0,0,0,0,0,0,0,0,0,0,0,62,22,467,64,393,78,34,3,0,0,1,0,1,0,0,0,0,0,0,0
1,1,11,2733,34,89,0,9,20,34,5,40,0,2,3,1060,6,42,42,0,0,897,7,174,0,97,0,87,1,51,0,1,9,57,0,0,8,804,0,0,0,3,0,0,0,5,0,0,0,0,0,0,0,0,0,0,0,0,0,0,0,0,0,0,0,0,0,0,0,0,0,0,0,0,12,145,2,79,0,5,0,0,0,0,0,0,0,15,0,0,1,1,0,2,0,0,0,0,0,0,0,0,0,0,0,0,0,0,0,0,0,0,0,0,0,0,0,0,0,0,0,0,0,0,0,4,0,3,0,0,0,1,0,0,0,0,0,0,0,0,0,0,0,0,0,0,0,0,0,0,7,88,34,1444,72,454,3,31,0,0,0,0,1,1,0,0,0,0,0,0
0,0,463,0,65,1,0,0,1,0,176,0,0,0,0,0,160,3,100,0,0,1,2404,4,539,0,325,0,296,0,3,0,141,0,0,0,0,0,0,0,0,0,0,0,5,0,0,0,0,0,0,0,0,0,0,0,0,0,0,0,0,0,0,0,0,0,0,0,0,0,0,0,0,0,18,0,25,0,0,0,0,0,0,0,0,0,4,0,1,0,2,0,0,0,0,0,0,0,0,0,0,0,0,0,0,0,0,0,0,0,0,0,0,0,0,0,0,0,0,0,0,0,0,0,0,0,0,0,0,0,0,0,0,0,0,0,0,0,0,0,0,0,0,0,0,0,0,0,0,0,68,1,68,3,14,1,60,0,0,0,0,0,0,0,0,0,0,0,0,0
0,0,5,482,7,29,1,0,5,1,1,41,0,0,0,0,4,184,11,897,1,0,0,2239,0,460,0,278,1,49,0,1,7,29,0,0,1,1,0,0,0,0,0,0,0,2,0,0,0,0,0,0,0,0,0,0,0,0,0,0,0,0,0,0,0,0,0,0,0,0,0,0,0,0,8,78,1,15,0,0,0,0,0,0,0,0,0,5,0,0,0,0,0,0,0,0,0,0,0,0,0,0,0,0,0,0,0,0,0,0,0,0,0,0,0,0,0,0,0,0,0,0,0,0,0,0,0,0,0,0,0,0,0,0,0,0,0,0,0,0,0,0,0,0,0,0,0,0,0,0,2,452,15,259,11,50,2,75,0,0,0,0,0,0,0,0,0,0,0,0
0,0,49,6,4,0,0,0,0,0,22,1,0,0,0,0,852,14,67,7,2404,0,0,5,1048,0,80,0,100,0,0,0,70,0,0,0,0,0,0,0,0,0,0,0,1,0,0,0,0,0,0,0,0,0,0,0,0,0,0,0,0,0,0,0,0,0,0,0,0,0,0,0,0,0,59,0,75,0,0,0,0,0,0,0,0,0,1,0,0,0,0,0,0,0,0,0,0,0,0,0,0,0,0,0,0,0,0,0,0,0,0,0,0,0,0,0,0,0,0,0,0,0,0,0,0,0,0,0,0,0,0,0,0,0,0,0,0,0,0,0,0,0,0,0,0,0,0,0,0,0,338,3,128,7,22,3,300,0,0,0,0,0,0,0,0,0,0,0,0,0
0,0,2,116,4,36,0,0,0,4,0,67,0,0,0,0,1,613,9,174,4,2239,5,0,0,753,0,156,1,41,0,4,3,25,0,0,0,1,0,0,0,0,0,0,0,7,0,0,0,0,0,0,0,0,0,0,0,0,0,0,0,0,0,0,0,0,0,0,0,0,0,0,0,0,6,154,0,206,0,0,0,0,0,0,0,0,0,4,0,0,0,0,0,0,0,0,0,0,0,0,0,0,0,0,0,0,0,0,0,0,0,0,0,0,0,0,0,0,0,0,0,0,0,0,0,0,0,0,0,0,0,0,0,0,0,0,0,0,0,0,0,0,0,0,0,0,0,0,0,0,2,139,3,99,1,21,1,346,0,0,0,0,0,0,0,0,0,0,0,0
0,0,35,0,37,0,0,0,2,0,31,0,0,0,0,0,6,2,67,0,539,0,1048,0,0,0,60,0,127,0,0,0,59,0,0,0,0,0,0,0,0,0,0,0,0,0,0,0,0,0,0,0,0,0,0,0,0,0,0,0,0,0,0,0,0,0,0,0,0,0,0,0,0,0,36,0,7,0,0,0,0,0,0,0,0,0,0,0,0,0,0,0,0,0,0,0,0,0,0,0,0,0,0,0,0,0,0,0,0,0,0,0,0,0,0,0,0,0,0,0,0,0,0,0,0,0,0,0,0,0,0,0,0,0,0,0,0,0,0,0,0,0,0,0,0,0,0,0,0,0,28,1,162,0,7,0,20,0,0,0,0,0,0,0,0,0,0,0,0,0
0,0,0,128,2,41,0,0,0,2,0,153,0,0,0,0,0,24,1,97,0,460,0,753,0,0,0,253,0,125,0,1,1,89,0,0,0,0,0,0,0,1,0,0,0,3,0,0,0,0,0,0,0,0,0,0,0,0,0,1,0,0,0,0,0,0,0,0,0,0,0,0,0,0,2,64,0,21,0,0,0,0,0,0,0,0,0,7,0,0,0,0,0,1,0,0,0,0,0,0,0,0,0,0,0,0,0,0,0,0,0,0,0,0,0,0,0,0,0,0,0,0,0,0,0,0,0,0,0,0,0,0,0,0,0,0,0,0,0,0,0,0,0,0,0,0,0,0,0,0,0,8,0,17,1,5,0,12,0,0,0,0,0,0,0,0,0,0,0,0
0,0,214,0,66,0,0,0,1,0,44,0,0,0,0,0,1,0,100,0,325,0,80,0,60,0,0,0,74,0,1,0,1,0,0,0,0,0,0,0,0,0,0,0,0,0,0,0,0,0,0,0,0,0,0,0,0,0,0,0,0,0,0,0,0,0,0,0,0,0,0,0,0,0,2,0,2,0,0,0,0,0,0,0,0,0,0,0,0,0,0,0,0,0,0,0,0,0,0,0,0,0,0,0,0,0,0,0,0,0,0,0,0,0,0,0,0,0,0,0,0,0,0,0,0,0,0,0,0,0,0,0,0,0,0,0,0,0,0,0,0,0,0,0,0,0,0,0,0,0,1,0,68,0,1,0,1,0,0,0,0,0,0,0,0,0,0,0,0,0
0,0,1,284,2,585,0,0,0,4,0,170,0,0,0,0,1,6,1,87,0,278,0,156,0,253,0,0,0,80,0,106,1,36,0,0,0,0,0,0,0,2,0,0,0,2,0,0,0,0,0,0,0,0,0,0,0,0,0,0,0,0,0,0,0,0,0,0,0,0,0,0,0,0,0,13,1,10,0,0,0,0,0,0,0,0,0,4,0,0,0,0,0,0,0,0,0,0,0,0,0,0,0,0,0,0,0,0,0,0,0,0,0,0,0,0,0,0,0,0,0,0,0,0,0,0,0,0,0,0,0,0,0,0,0,0,0,0,0,0,0,0,0,0,0,0,0,0,0,0,0,0,2,8,5,2,1,6,0,0,0,0,0,0,0,0,0,0,0,0
0,0,160,0,204,0,0,0,64,0,785,0,0,0,0,0,25,5,157,1,296,1,100,1,127,0,74,0,0,0,132,0,1026,0,0,0,0,0,1,0,0,0,0,0,9,0,0,0,0,0,0,0,0,0,0,0,0,0,0,0,0,0,0,0,0,0,0,0,0,0,0,0,0,0,52,0,59,0,0,0,0,0,0,0,0,0,32,0,0,0,1,0,0,0,0,0,0,0,0,0,0,0,0,0,0,0,0,0,0,0,0,0,0,0,0,0,0,0,0,0,0,0,0,0,0,0,0,0,0,0,0,0,0,0,0,0,0,0,0,0,0,0,0,0,0,0,0,0,0,0,20,0,147,0,5,1,11,0,0,0,0,0,0,0,0,0,0,0,0,0
0,0,0,109,2,102,0,0,0,54,0,1102,0,0,0,0,0,13,2,51,0,49,0,41,0,125,0,80,0,0,0,48,0,349,0,0,1,0,0,0,0,2,0,1,0,0,0,0,0,0,0,0,0,0,0,0,0,0,0,0,0,0,0,1,0,0,0,0,0,0,0,0,0,0,1,46,0,36,0,0,0,0,0,0,0,0,0,15,0,0,0,4,0,0,0,0,0,0,0,0,0,0,0,0,0,0,0,0,0,0,0,0,0,0,0,0,0,0,0,0,0,0,0,0,0,0,0,0,0,0,0,0,0,0,0,0,0,0,0,0,0,0,0,0,0,0,0,0,0,0,0,5,1,20,3,5,0,0,0,0,0,0,0,0,0,0,0,0,0,0
0,0,14,0,310,0,0,0,87,0,1373,0,0,0,0,0,2,0,14,0,3,0,0,0,0,0,1,0,132,0,0,0,11,0,0,0,0,0,0,0,0,0,0,0,1,0,0,0,0,0,0,0,0,0,0,0,0,0,0,0,0,0,0,0,0,0,0,0,0,0,0,0,0,0,0,0,1,0,0,0,0,0,0,0,0,0,9,0,0,0,0,0,0,0,0,0,0,0,0,0,0,0,0,0,0,0,0,0,0,0,0,0,0,0,0,0,0,0,0,0,0,0,0,0,0,0,0,0,0,0,0,0,0,0,0,0,0,0,0,0,0,0,0,0,0,0,0,0,0,0,0,0,5,0,1,1,0,0,0,0,0,0,0,0,0,0,0,0,0,0
0,0,1,29,1,123,0,0,0,9,0,753,0,0,0,0,0,0,0,1,0,1,0,4,0,1,0,106,0,48,0,0,0,8,0,0,0,0,0,0,0,0,0,0,0,0,0,0,0,0,0,0,0,0,0,0,0,0,0,0,0,0,0,0,0,0,0,0,0,0,0,0,0,0,0,3,0,9,0,0,0,0,0,0,0,0,0,1,0,0,0,0,0,0,0,0,0,0,0,0,0,0,0,0,0,0,0,0,0,0,0,0,0,0,0,0,0,0,0,0,0,0,0,0,0,0,0,0,0,0,0,0,0,0,0,0,0,0,0,0,0,0,0,0,0,0,0,0,0,0,0,0,0,0,0,0,0,1,0,0,0,0,0,0,0,0,0,0,0,0
758,3,216,26,538,13,832,1,1616,3,296,2,406,3,205,2,182,25,354,9,141,7,70,3,59,1,1,1,1026,0,11,0,0,5,0,0,422,11,71,9,395,3,27,1,110,0,16,121,61,2,35,2,13,0,16,1,10,1,96,0,677,3,58,1,100,0,126,0,9,0,269,22,118,5,970,21,1853,14,33,0,0,0,112,2,176,9,222,0,123,2,3,0,113,1,1,0,0,0,0,0,0,0,1,0,0,0,2,1,0,0,6,3,0,0,0,0,0,0,0,0,1,1,0,0,11,1,14,2,12,0,1,1,3,0,12,0,6,1,4,0,3,0,4,0,36,1,2,0,9,0,51,13,107,27,210,139,13,2,13,0,7,1,47,1,15,1,0,0,2,0
0,318,1,406,6,820,0,1127,8,949,0,548,1,1216,8,90,0,399,2,57,0,29,0,25,0,89,0,36,0,349,0,8,5,0,0,0,12,160,14,76,4,654,0,62,1,314,7,105,3,53,14,74,0,15,0,14,0,2,0,260,2,138,1,27,2,10,0,31,0,24,2,148,1,10,2,260,5,2069,0,40,0,0,2,141,2,801,0,804,0,359,0,73,0,449,1,0,0,1,0,3,2,0,1,1,3,0,3,1,1,1,6,1,8,5,0,0,0,1,0,0,0,4,0,1,0,30,0,46,1,9,0,26,0,1,0,7,0,12,0,8,0,2,1,17,0,113,0,16,2,2,1,7,3,17,15,56,0,12,2,4,0,5,0,48,0,37,1,3,12,6
0,0,0,0,0,0,0,0,0,0,0,0,0,0,0,0,0,0,0,0,0,0,0,0,0,0,0,0,0,0,0,0,0,0,0,0,0,0,0,0,0,0,0,0,0,0,0,0,0,0,0,0,0,0,0,0,0,0,0,0,0,0,0,0,0,0,0,0,0,0,0,0,0,0,0,0,0,0,0,0,0,0,0,0,0,0,0,0,0,0,0,0,0,0,0,0,0,0,0,0,0,0,0,0,0,0,0,0,0,0,0,0,0,0,0,0,0,0,0,0,0,0,0,0,0,0,0,0,0,0,0,0,0,0,0,0,0,0,0,0,0,0,0,0,0,0,0,0,0,0,0,0,0,0,0,0,0,0,0,0,0,0,0,0,0,0,0,0,0,0
0,0,0,0,0,0,0,0,0,0,0,0,0,0,0,0,0,0,0,0,0,0,0,0,0,0,0,0,0,0,0,0,0,0,0,0,0,0,0,0,0,0,0,0,0,0,0,0,0,0,0,0,0,0,0,0,0,0,0,0,0,0,0,0,0,0,0,0,0,0,0,0,0,0,0,0,0,0,0,0,0,0,0,0,0,0,0,0,0,0,0,0,0,0,0,0,0,0,0,0,0,0,0,0,0,0,0,0,0,0,0,0,0,0,0,0,0,0,0,0,0,0,0,0,0,0,0,0,0,0,0,0,0,0,0,0,0,0,0,0,0,0,0,0,0,0,0,0,0,0,0,0,0,0,0,0,0,0,0,0,0,0,0,0,0,0,0,0,0,0
342,97,261,28,321,43,72,27,255,12,0,1,35,22,1102,26,0,2,271,8,0,1,0,0,0,0,0,0,0,1,0,0,422,12,0,0,0,59,823,1,64,7,5,0,6,1,7,9,93,0,1,1,11,0,6,0,1,0,3,0,162,28,82,6,56,1,36,7,4,0,1699,30,354,30,103,70,289,20,33,0,0,0,14,0,27,1,3,0,4,1,1,1,0,0,0,0,1,0,1,4,3,0,0,0,4,0,1,1,1,1,6,13,3,1,0,0,0,1,1,0,0,0,0,0,21,4,23,12,22,6,2,3,0,0,13,4,4,1,0,0,4,1,1,0,9,4,2,7,8,0,1,2,3,16,417,137,2,2,15,0,6,2,59,3,38,9,0,1,6,6
14,522,4,786,12,288,5,112,13,125,0,2,2,194,25,2479,0,2,0,804,0,1,0,1,0,0,0,0,0,0,0,0,11,160,0,0,59,0,18,902,1,57,0,1,0,10,24,47,2,35,2,18,0,13,1,24,1,0,1,2,7,308,2,284,1,28,0,120,1,30,52,2139,7,622,4,345,4,246,2,21,0,0,4,52,9,104,0,16,6,3,0,4,0,5,2,0,1,0,4,4,3,0,3,0,1,0,1,5,0,0,4,2,3,6,0,0,0,0,0,2,0,5,0,0,1,99,0,136,0,59,0,51,0,0,0,17,0,36,0,0,0,0,0,15,1,78,0,73,2,6,0,0,1,48,71,916,1,4,0,5,0,11,3,65,0,67,3,4,20,9
15,0,0,0,5,0,1,0,1,0,0,0,44,0,7,0,0,0,0,0,0,0,0,0,0,0,0,0,1,0,0,0,71,14,0,0,823,18,0,151,60,9,2,2,1,0,171,106,260,17,61,19,22,1,18,0,9,0,8,0,18,2,6,0,32,0,33,0,31,2,1295,112,3,0,5,1,32,8,6,0,0,0,67,7,165,20,0,0,68,5,0,0,2,1,2,0,0,0,1,1,0,0,4,0,0,0,1,1,0,0,3,2,0,2,0,0,0,0,0,0,0,0,1,0,1,2,6,2,7,1,0,0,0,0,2,0,0,0,0,0,4,0,2,0,5,2,0,1,2,0,0,0,0,0,0,0,0,0,2,0,0,1,6,5,7,2,0,0,0,2
1,5,0,5,0,1,0,1,0,1,0,0,2,5,0,16,0,0,0,0,0,0,0,0,0,0,0,0,0,0,0,0,9,76,0,0,1,902,151,0,70,36,2,0,0,0,197,478,15,109,25,36,1,4,4,5,4,1,0,5,0,8,0,5,1,1,0,1,1,3,229,1053,3,1,0,2,2,49,0,2,0,0,3,36,9,116,0,0,3,19,0,0,0,8,2,1,0,0,0,1,0,0,1,1,3,0,4,2,0,1,3,2,3,2,0,0,0,0,0,0,0,1,0,0,0,3,0,7,0,2,0,5,0,0,0,1,0,1,0,0,0,1,1,1,0,3,0,3,0,0,0,0,0,0,0,0,0,0,1,3,0,1,0,17,0,21,0,0,3,1
44,0,2,0,8,0,2,0,4,0,1,0,4,0,9,0,7,0,0,0,0,0,0,0,0,0,0,0,0,0,0,0,395,4,0,0,64,1,60,70,0,10,674,0,535,0,2,39,12,2,59,12,6,0,6,1,15,0,316,0,72,1,27,0,37,0,16,0,0,0,102,48,19,0,147,0,985,2,50,0,0,0,52,0,598,0,390,0,393,1,274,0,448,0,10,0,1,0,22,6,10,0,2,0,5,0,7,4,4,5,47,15,12,20,0,0,0,0,0,3,1,1,3,0,20,0,14,1,15,0,9,0,4,0,92,0,26,0,123,0,21,0,64,0,359,2,7,0,18,0,0,0,0,0,9,3,108,1,7,4,5,1,57,3,10,5,3,0,7,7
1,31,0,12,1,16,0,19,1,19,0,3,2,20,3,9,0,16,0,3,0,0,0,0,0,1,0,2,0,2,0,0,3,654,0,0,7,57,9,36,10,0,2,467,0,830,3,23,1,13,3,91,0,1,0,18,0,10,1,461,3,33,0,26,0,4,3,4,0,4,12,100,1,4,1,82,4,1189,2,144,0,0,2,13,5,352,0,402,0,505,0,210,0,399,5,0,4,2,9,37,16,5,2,3,15,1,18,25,3,11,38,19,35,16,0,1,0,0,0,4,0,2,1,0,0,124,0,76,1,33,0,30,0,1,1,6,0,17,0,93,0,4,0,79,5,243,0,26,5,6,0,0,0,0,3,6,0,177,7,17,0,16,0,380,6,41,6,15,14,17
3,0,0,0,1,0,0,0,0,0,0,0,0,0,0,0,6,4,0,0,0,0,0,0,0,0,0,0,0,0,0,0,27,0,0,0,5,0,2,2,674,2,0,1,799,0,29,5,1,1,1598,0,0,0,1,0,4,0,2745,0,2,0,0,0,0,0,2,0,0,0,19,1,0,0,8,0,32,1,0,0,0,0,1,0,52,0,38,0,123,0,97,0,43,0,0,0,0,0,3,4,16,0,0,0,1,0,1,3,0,3,17,10,3,2,0,0,0,0,0,2,0,0,1,0,1,0,3,0,4,0,0,0,0,0,6,0,2,0,15,0,1,0,9,0,41,0,0,0,6,0,0,0,0,0,0,1,0,0,17,0,2,0,0,4,8,3,1,1,2,0
0,0,0,1,0,1,0,2,1,4,0,1,0,0,0,0,0,0,0,0,0,0,0,0,0,0,0,0,0,1,0,0,1,62,0,0,0,1,2,0,0,467,1,0,0,847,11,8,1,0,0,985,0,0,0,4,0,0,0,2667,0,1,0,0,0,0,0,0,0,0,9,31,0,0,0,2,0,64,0,2,0,0,0,0,1,75,0,148,0,79,0,346,0,152,1,0,0,0,1,7,2,205,0,0,0,0,0,3,0,1,4,2,2,0,0,0,0,0,0,0,0,1,0,0,0,0,0,1,0,0,0,2,0,0,0,0,0,0,0,4,0,0,0,3,0,3,0,1,0,1,0,0,0,0,0,1,0,2,0,0,0,5,0,31,0,0,0,2,0,0
9,0,3,0,8,0,3,0,1,0,1,0,2,0,1,0,76,0,1,0,5,0,1,0,0,0,0,0,9,0,1,0,110,1,0,0,6,0,1,0,535,0,799,0,0,0,0,0,1,0,0,0,0,0,0,0,0,0,31,0,3,0,0,0,1,0,1,0,0,0,3,0,5,0,22,0,665,0,46,0,0,0,0,0,1,0,542,0,63,0,197,0,140,0,0,0,0,0,0,0,0,0,0,0,0,0,1,0,0,0,0,0,0,0,0,0,0,0,0,0,0,1,0,0,3,0,1,0,0,0,1,0,0,0,1,0,2,0,1,0,0,0,0,0,1,0,0,0,0,0,2,0,5,0,5,0,172,1,1,0,0,0,0,0,0,0,0,0,0,0
0,1,0,37,0,47,0,9,0,62,0,16,0,4,0,6,0,271,0,5,0,2,0,7,0,3,0,2,0,0,0,0,0,314,0,0,1,10,0,0,0,830,0,847,0,0,0,1,0,0,0,0,0,0,0,0,0,0,0,88,0,2,0,3,0,0,0,0,0,0,0,2,0,1,0,100,0,946,0,51,0,0,0,0,0,1,0,430,0,5,0,140,0,9,0,0,0,0,0,0,0,0,0,0,0,0,0,0,0,0,0,0,0,0,0,0,0,0,0,0,0,0,0,0,0,32,0,5,0,2,0,1,0,0,0,0,0,2,0,0,0,0,0,0,0,4,0,0,0,0,0,1,1,1,1,9,0,302,0,0,0,0,0,16,0,1,0,0,0,0
6,0,0,0,0,0,0,0,0,0,0,0,4,0,2,0,0,0,0,0,0,0,0,0,0,0,0,0,0,0,0,0,16,7,0,0,7,24,171,197,2,3,29,11,0,0,0,1384,3326,759,3471,799,1545,108,732,51,385,14,204,20,2,4,9,0,12,1,10,0,31,5,1354,281,1,0,1,0,7,4,0,0,0,0,13,0,83,35,0,0,191,70,0,0,13,42,2,0,0,0,0,0,9,0,11,12,0,0,0,0,0,0,1,0,0,0,0,2,0,0,0,0,0,0,0,0,0,0,0,1,0,0,0,0,0,0,1,0,1,0,0,0,0,0,0,0,2,0,0,0,0,0,0,0,0,0,0,0,0,0,0,0,0,0,0,0,1,0,0,0,0,0
8,10,1,2,0,2,0,0,1,0,0,0,33,0,1,0,0,0,0,0,0,0,0,0,0,0,0,0,0,0,0,0,121,105,0,0,9,47,106,478,39,23,5,8,0,1,1384,0,345,2677,132,2101,11,992,29,524,27,196,4,155,9,26,2,2,14,2,7,21,38,33,269,1011,3,0,5,5,44,81,1,0,0,0,177,47,339,492,0,2,190,383,1,0,9,142,1,0,1,0,2,1,1,0,1,2,1,0,3,2,4,2,4,3,0,2,0,0,0,1,0,1,0,1,1,0,2,3,2,4,4,1,1,0,0,0,3,0,0,3,3,1,2,0,3,2,18,5,1,0,4,0,0,0,0,0,0,1,1,0,1,4,0,5,5,17,2,10,0,0,3,7
14,0,4,0,3,0,1,0,2,0,0,0,21,0,5,0,0,0,0,0,0,0,0,0,0,0,0,0,0,0,0,0,61,3,0,0,93,2,260,15,12,1,1,1,1,0,3326,345,0,1005,112,12,1954,46,331,2,63,0,17,0,21,1,228,0,59,1,18,1,59,5,1290,40,8,0,1,0,30,1,1,0,0,0,83,1,230,8,0,0,273,5,0,0,16,0,0,0,0,0,1,0,0,0,4,0,0,0,0,1,0,0,3,1,0,0,0,0,0,0,0,0,0,0,0,0,0,0,3,0,1,0,0,0,0,0,0,0,0,0,2,0,7,0,3,0,4,0,0,0,2,0,0,0,0,0,0,1,1,0,0,1,0,0,2,1,0,0,0,0,0,1
0,12,0,2,0,2,0,0,0,0,0,0,0,2,0,1,0,0,0,0,0,0,0,0,0,0,0,0,0,0,0,0,2,53,0,0,0,35,17,109,2,13,1,0,0,0,759,2677,1005,0,3,94,1,2726,0,276,0,54,1,30,1,49,1,97,3,7,0,30,1,131,88,1330,1,1,0,5,2,38,0,1,0,0,5,30,10,149,0,0,4,130,0,1,0,46,0,0,0,0,0,1,1,0,1,1,0,0,1,3,0,1,4,1,1,0,0,0,1,0,0,0,0,1,0,0,0,4,0,2,0,2,0,0,0,0,1,0,0,3,0,1,0,1,0,0,0,5,0,1,0,0,0,0,0,0,0,0,0,0,1,2,0,1,0,9,0,12,0,0,1,1
3,2,1,0,0,0,0,0,0,0,0,0,2,0,2,0,0,0,0,0,0,0,0,0,0,0,0,0,0,0,0,0,35,14,0,0,1,2,61,25,59,3,1598,0,0,0,3471,132,112,3,0,319,146,7,554,13,1339,3,1970,6,3,1,6,0,5,0,2,1,8,0,725,6,1,0,5,0,15,8,1,2,0,0,19,0,195,32,0,0,516,33,0,0,52,16,74,0,3,0,43,1,32,0,130,1,4,0,3,0,3,1,7,4,7,86,0,1,0,0,0,1,0,0,0,0,0,0,0,0,1,0,0,0,0,0,0,0,0,0,1,0,2,0,7,1,25,1,0,0,0,0,0,0,0,0,0,1,0,0,0,1,0,0,2,2,1,3,1,0,6,4
0,4,0,0,0,0,0,0,0,0,0,0,0,0,0,0,0,0,0,0,0,0,0,0,0,0,0,0,0,0,0,0,2,74,0,0,1,18,19,36,12,91,0,985,0,0,799,2101,12,94,319,0,1,109,0,360,3,443,0,2172,0,11,0,0,0,0,0,10,0,9,73,650,0,0,1,0,1,58,0,0,0,0,2,19,4,430,0,6,2,445,0,0,0,274,2,0,0,0,1,11,2,19,1,116,0,0,1,9,2,3,9,1,79,170,2,108,0,0,0,9,0,0,0,0,1,0,0,0,1,1,0,0,0,0,0,0,0,0,0,0,0,0,0,2,1,7,1,0,0,1,0,0,0,0,0,0,0,1,1,22,0,5,0,11,4,9,0,9,4,3
12,0,2,0,1,0,0,0,1,0,0,0,5,0,2,0,0,0,0,0,0,0,0,0,0,0,0,0,0,0,0,0,13,0,0,0,11,0,22,1,6,0,0,0,0,0,1545,11,1954,1,146,1,0,0,3454,0,97,0,11,0,14,1,729,0,164,0,10,0,141,0,360,3,5,0,0,0,11,0,0,0,0,0,19,0,35,0,0,0,326,0,0,0,7,0,0,0,0,0,0,0,0,0,1,0,0,0,0,0,0,0,0,0,0,0,0,0,0,0,0,0,0,0,0,0,0,0,1,0,1,0,0,0,0,0,0,0,0,0,0,0,0,0,0,0,0,0,0,0,0,0,0,0,0,0,0,0,0,0,0,0,0,0,3,0,2,0,0,0,0,0
0,24,1,0,0,2,0,1,0,0,0,0,0,4,0,1,0,1,0,0,0,0,0,0,0,0,0,0,0,0,0,0,0,15,0,0,0,13,1,4,0,1,0,0,0,0,108,992,46,2726,7,109,0,0,0,2489,0,89,0,47,1,70,0,223,0,41,0,28,1,767,7,225,0,0,0,1,0,4,0,0,0,0,0,10,2,53,0,0,0,144,0,0,0,61,0,0,0,0,0,0,0,0,0,0,0,0,1,0,0,0,1,0,0,0,0,0,0,0,0,0,0,0,0,0,0,3,0,5,0,1,0,0,0,0,0,0,0,1,0,0,0,0,0,0,0,3,0,0,0,0,0,0,0,0,0,1,0,0,0,1,0,1,0,0,0,5,0,0,2,0
20,0,2,0,2,0,0,0,0,0,0,0,15,0,2,0,0,0,0,0,0,0,0,0,0,0,0,0,0,0,0,0,16,0,0,0,6,1,18,4,6,0,1,0,0,0,732,29,331,0,554,0,3454,0,0,0,3399,0,300,1,24,0,433,0,651,0,25,0,698,0,118,5,4,0,1,0,6,0,0,0,0,0,15,0,114,1,0,0,3201,1,0,0,311,0,0,0,0,0,0,0,0,0,39,0,0,0,0,0,0,0,0,0,0,0,0,0,0,0,0,0,0,0,0,0,0,0,0,0,1,0,0,0,0,0,2,0,0,0,0,0,0,0,1,0,0,0,0,0,0,0,0,0,0,0,0,0,0,0,0,0,0,0,2,0,0,0,0,0,0,0
0,40,0,4,0,0,0,2,0,4,0,0,0,2,0,0,0,0,0,0,0,0,0,0,0,0,0,0,0,0,0,0,1,14,0,0,0,24,0,5,1,18,0,4,0,0,51,524,2,276,13,360,0,2489,0,0,0,1355,0,378,0,196,0,32,0,49,0,90,0,1402,0,26,1,0,0,1,1,14,0,1,0,0,1,17,2,158,0,0,0,2171,0,0,0,507,0,0,0,0,0,1,1,0,0,1,0,0,0,0,0,0,4,0,1,0,0,5,0,0,0,1,0,1,0,0,0,3,0,9,1,3,0,2,0,0,0,0,0,0,0,0,0,0,0,2,0,3,0,1,0,0,0,0,0,0,0,0,0,0,0,0,0,2,0,5,0,3,0,0,1,0
3,0,0,0,0,0,0,0,0,0,0,0,0,0,0,0,0,0,0,0,0,0,0,0,0,0,0,0,0,0,0,0,10,0,0,0,1,1,9,4,15,0,4,0,0,0,385,27,63,0,1339,3,97,0,3399,0,0,0,1594,0,2,0,1,0,8,0,2,0,12,0,53,5,0,0,1,0,7,0,0,0,0,0,7,0,61,0,0,0,666,0,0,0,632,0,3,0,0,0,1,1,0,0,26,0,0,0,0,0,0,0,1,0,0,0,0,0,0,0,0,0,0,0,0,0,0,0,0,0,0,0,0,0,0,0,0,0,0,0,0,0,0,0,0,0,0,0,0,0,0,0,0,0,0,0,0,0,0,0,0,0,0,0,0,0,0,0,0,0,0,0
0,0,0,0,0,0,0,0,0,0,0,0,0,0,0,0,0,0,0,0,0,0,0,0,0,0,0,0,0,0,0,0,1,2,0,0,0,0,0,1,0,10,0,0,0,0,14,196,0,54,3,443,0,89,0,1355,0,0,0,1132,0,0,0,0,0,0,0,1,0,2,0,2,0,0,0,0,0,2,0,0,0,0,0,0,0,23,0,0,0,116,0,0,0,814,0,0,0,0,0,0,0,0,0,1,0,0,0,0,0,0,0,0,0,0,0,0,0,0,0,0,0,0,0,0,0,0,0,0,0,0,0,0,0,0,0,0,0,0,0,0,0,0,0,0,0,0,0,0,0,0,0,0,0,0,0,0,0,0,0,0,0,0,0,0,0,0,0,0,0,0
0,0,1,0,0,0,0,0,0,0,0,0,0,0,0,0,1,0,0,0,0,0,0,0,0,0,0,0,0,0,0,0,96,0,0,0,3,1,8,0,316,1,2745,0,31,0,204,4,17,1,1970,0,11,0,300,0,1594,0,0,0,1,0,1,0,1,0,0,0,6,0,84,5,0,0,5,0,136,0,0,0,0,0,9,0,311,0,101,0,1138,0,691,0,4333,0,32,0,0,0,0,0,9,0,94,0,0,0,0,0,0,1,1,2,0,0,0,0,0,0,0,0,0,0,0,0,2,0,0,0,0,0,0,0,0,0,0,0,0,0,4,0,0,0,1,0,26,0,0,0,0,0,0,0,0,0,0,0,1,0,1,0,0,0,0,0,0,1,0,0,0,0
0,0,1,7,0,5,0,4,0,11,0,4,0,4,0,1,0,3,0,0,0,0,0,0,0,1,0,0,0,0,0,0,0,260,0,0,0,2,0,5,0,461,0,2667,0,88,20,155,0,30,6,2172,0,47,1,378,0,1132,0,0,0,4,0,2,0,0,0,4,0,3,0,41,0,2,1,9,1,279,0,1,0,0,1,1,1,415,0,304,0,936,0,666,0,3908,0,2,0,0,1,4,2,13,0,194,0,0,2,0,0,0,1,0,0,0,0,1,1,0,0,0,0,0,0,0,0,0,0,2,0,0,0,1,0,0,0,0,0,0,0,5,0,0,0,2,0,4,0,0,0,0,0,0,0,0,2,0,0,0,0,0,0,0,0,3,0,1,0,0,1,1
4329,3,47,0,73,1,259,0,47,0,0,0,2090,0,40,2,0,0,3,0,0,0,0,0,0,0,0,0,0,0,0,0,677,2,0,0,162,7,18,0,72,3,2,0,3,0,2,9,21,1,3,0,14,1,24,0,2,0,1,0,0,2,1474,1,2401,0,1713,0,73,0,1236,4,1056,3,61,2,215,2,15,0,0,0,43,0,352,0,1,0,62,0,0,0,0,0,0,0,0,0,1,0,4,0,0,0,0,0,1,1,0,1,6,6,1,0,0,0,0,0,0,0,1,0,0,0,9,0,14,0,15,1,2,1,1,0,9,0,2,0,1,0,1,0,1,0,11,2,2,0,11,0,0,0,0,0,6,4,2,0,1,2,5,1,41,3,19,2,0,0,4,4
1,5127,2,26,0,109,0,194,0,13,0,0,0,899,2,30,0,2,0,0,0,0,0,0,0,0,0,0,0,0,0,0,3,138,0,0,28,308,2,8,1,33,0,1,0,2,4,26,1,49,1,11,1,70,0,196,0,0,0,4,2,0,0,1840,1,811,0,3166,0,897,3,1063,10,692,1,59,0,119,0,5,0,0,0,27,2,549,0,1,0,107,0,3,0,7,1,0,0,0,2,1,0,0,0,1,1,0,0,0,1,0,0,1,2,1,0,0,0,0,0,0,0,4,0,0,0,42,0,57,0,23,0,32,0,1,0,10,0,8,0,2,0,1,0,5,0,45,0,33,0,2,0,0,0,0,4,1,0,2,0,1,0,4,0,16,0,37,1,0,14,1
234,1,8,0,14,0,2,0,4,0,0,0,5,1,6,0,0,0,1,0,0,0,0,0,0,0,0,0,0,0,0,0,58,1,0,0,82,2,6,0,27,0,0,0,0,0,9,2,228,1,6,0,729,0,433,0,1,0,1,0,1474,0,0,0,2910,0,19,0,246,1,2431,2,108,0,18,0,68,0,5,0,0,0,1,0,18,0,1,0,14,0,0,0,0,0,0,0,0,1,1,0,1,0,0,1,0,0,0,1,0,0,2,4,0,1,0,0,0,0,0,0,1,0,0,0,2,0,8,0,4,0,0,0,0,0,2,0,0,0,0,0,1,0,0,0,2,0,0,0,0,0,0,0,0,0,0,0,0,0,3,0,0,0,7,1,11,0,0,0,2,2
2,516,0,26,0,37,0,18,1,12,0,0,0,62,1,54,0,1,0,0,0,0,0,0,0,0,0,0,0,1,0,0,1,27,0,0,6,284,0,5,0,26,0,0,0,3,0,2,0,97,0,0,0,223,0,32,0,0,0,2,1,1840,0,0,0,1166,0,175,0,1174,6,2662,1,120,0,47,1,58,0,4,0,0,0,2,0,8,0,1,0,4,0,0,0,0,1,0,0,0,0,1,3,0,0,0,0,0,1,0,0,0,1,1,2,1,0,0,0,0,0,0,0,0,0,0,0,47,0,42,0,29,0,25,0,0,0,2,0,10,0,0,0,1,0,1,1,42,0,32,0,1,0,0,0,0,1,1,0,1,0,3,0,2,0,21,0,25,1,2,9,1
315,1,22,0,18,0,2,0,0,0,0,0,53,1,15,0,0,0,1,0,0,0,0,0,0,0,0,0,0,0,0,0,100,2,0,0,56,1,32,1,37,0,0,0,1,0,12,14,59,3,5,0,164,0,651,0,8,0,1,0,2401,1,2910,0,0,0,1280,0,2117,1,175,3,36,1,11,1,59,1,6,0,0,0,10,0,176,1,0,0,145,0,0,0,1,0,0,0,0,0,1,0,1,1,0,0,0,0,0,2,0,2,3,1,0,0,0,0,0,0,0,0,1,0,0,0,0,0,7,0,4,0,0,0,0,0,3,0,0,1,0,0,0,0,0,0,2,0,1,0,2,0,0,0,0,0,2,1,0,0,0,0,1,0,14,2,6,1,0,0,0,0
0,70,0,2,0,10,0,4,0,2,0,0,0,26,0,4,0,0,0,0,0,0,0,0,0,0,0,0,0,0,0,0,0,10,0,0,1,28,0,1,0,4,0,0,0,0,1,2,1,7,0,0,0,41,0,49,0,0,0,0,0,811,0,1166,0,0,0,1428,0,1486,1,35,0,0,0,5,0,9,0,1,0,0,0,6,0,6,0,1,0,6,0,0,0,3,0,0,0,0,0,0,2,0,0,0,1,0,0,0,0,0,1,0,1,0,0,0,0,0,1,0,0,2,0,0,0,16,0,8,1,1,0,2,0,0,0,0,0,1,0,0,0,0,0,2,0,12,0,4,0,0,0,0,0,0,1,0,0,0,0,0,0,1,0,3,0,5,0,1,2,0
447,0,15,0,28,1,12,0,3,0,1,0,377,0,9,0,0,0,0,0,0,0,0,0,0,0,0,0,0,0,0,0,126,0,0,0,36,0,33,0,16,3,2,0,1,0,10,7,18,0,2,0,10,0,25,0,2,0,0,0,1713,0,19,0,1280,0,0,0,71,1,69,6,15,1,7,0,27,0,3,0,0,0,11,1,562,0,0,0,62,0,0,0,0,0,0,0,0,0,0,0,0,0,0,0,1,0,0,0,0,1,0,2,1,0,0,0,0,0,0,0,0,0,0,0,1,0,3,0,4,0,0,0,0,0,0,0,0,0,0,0,0,0,0,0,1,0,0,0,0,0,0,0,0,0,0,3,0,0,0,0,0,0,4,0,0,0,0,0,0,0
1,323,0,1,0,12,0,8,0,1,0,0,0,648,0,0,0,0,0,0,0,0,0,0,0,0,0,0,0,0,0,0,0,31,0,0,7,120,0,1,0,4,0,0,0,0,0,21,1,30,1,10,0,28,0,90,0,1,0,4,0,3166,0,175,0,1428,0,0,0,984,2,65,0,1,1,9,0,18,0,4,0,0,0,17,0,1244,0,0,0,101,0,0,0,5,0,0,0,0,0,1,0,0,0,0,0,0,0,0,0,0,1,0,0,0,0,0,0,0,0,0,0,0,0,0,0,8,0,11,0,6,0,2,0,0,0,2,0,2,0,0,0,0,0,0,0,7,0,3,2,1,0,0,0,0,0,0,0,0,0,0,0,0,0,5,0,3,0,0,2,0
54,0,9,0,5,0,0,0,0,0,0,0,7,0,10,0,0,0,0,0,0,0,0,0,0,0,0,0,0,0,0,0,9,0,0,0,4,1,31,1,0,0,0,0,0,0,31,38,59,1,8,0,141,1,698,0,12,0,6,0,73,0,246,0,2117,0,71,0,0,0,31,8,11,1,0,0,4,0,1,0,0,0,18,0,223,2,0,0,1202,0,0,0,2,0,0,0,0,0,0,0,0,0,2,0,0,0,0,0,0,0,0,1,0,0,0,0,0,0,0,0,0,0,0,0,0,0,0,0,0,0,0,0,0,0,0,0,0,0,0,0,0,0,0,0,0,0,0,0,1,0,0,0,0,0,0,0,0,0,0,1,0,0,0,1,0,0,0,0,0,0
1,128,0,2,0,4,0,6,0,1,0,0,0,11,0,3,0,0,0,0,0,0,0,0,0,0,0,0,0,0,0,0,0,24,0,0,0,30,2,3,0,4,0,0,0,0,5,33,5,131,0,9,0,767,0,1402,0,2,0,3,0,897,1,1174,1,1486,1,984,0,0,2,74,0,1,0,4,0,13,0,2,0,0,0,27,0,566,0,0,0,1170,0,0,0,6,0,0,0,0,0,0,0,0,2,0,2,0,0,0,1,0,0,0,0,0,0,0,0,0,0,0,0,0,0,0,0,8,0,9,0,1,0,7,0,0,0,0,0,2,0,0,0,0,0,2,0,7,0,3,0,0,0,0,0,0,0,0,0,0,0,2,0,1,0,1,1,6,0,1,2,1
568,6,51,2,57,0,11,2,4,0,0,0,38,6,105,0,0,0,0,0,0,0,0,0,0,0,0,0,0,0,0,0,269,2,0,0,1699,52,1295,229,102,12,19,9,3,0,1354,269,1290,88,725,73,360,7,118,0,53,0,84,0,1236,3,2431,6,175,1,69,2,31,2,0,961,1669,33,59,2,192,3,17,1,0,0,45,5,112,6,0,0,91,2,0,0,8,0,2,1,1,0,0,1,4,0,5,0,3,0,2,2,0,0,4,8,1,1,0,0,0,0,0,2,1,0,1,0,6,2,14,2,15,2,3,1,0,0,5,0,0,0,0,0,1,0,0,0,12,2,3,1,2,1,0,0,0,0,3,1,1,0,4,2,2,0,40,6,20,5,0,0,4,3
4,656,2,78,1,62,1,20,1,11,0,0,13,61,3,130,0,2,0,0,0,0,0,0,0,0,0,0,0,0,0,0,22,148,0,0,30,2139,112,1053,48,100,1,31,0,2,281,1011,40,1330,6,650,3,225,5,26,5,2,5,41,4,1063,2,2662,3,35,6,65,8,74,961,0,7,1317,0,73,8,163,2,5,0,0,18,82,42,287,0,4,15,55,0,1,1,31,1,0,2,0,2,8,2,0,3,0,3,0,4,6,0,3,7,4,7,3,0,0,0,0,0,0,0,2,0,0,1,52,1,48,2,22,0,25,0,0,1,4,0,10,0,5,0,2,0,17,4,63,1,31,3,2,0,0,0,0,9,2,0,1,3,5,0,9,2,39,0,33,0,4,11,8
2699,16,811,1,259,2,45,3,14,3,0,0,24,3,1584,6,0,0,0,0,0,0,0,0,0,0,0,0,0,0,0,0,118,1,0,0,354,7,3,3,19,1,0,0,5,0,1,3,8,1,1,0,5,0,4,1,0,0,0,0,1056,10,108,1,36,0,15,0,11,0,1669,7,0,239,24,7,117,3,7,0,0,0,2,0,30,0,2,0,6,0,0,0,0,0,1,0,0,0,1,0,0,0,0,0,0,1,0,0,1,1,3,3,0,0,0,0,0,0,0,0,1,0,0,0,7,0,3,2,1,0,1,3,1,0,6,0,2,0,1,0,0,0,0,1,3,1,1,1,5,0,0,0,0,0,2,10,1,1,4,0,0,0,22,1,9,0,0,0,0,1
32,577,24,119,13,31,1,12,1,8,0,0,0,22,20,1403,0,0,0,0,0,0,0,0,0,0,0,0,0,0,0,0,5,10,0,0,30,622,0,1,0,4,0,0,0,1,0,0,0,1,0,0,0,0,0,0,0,0,0,2,3,692,0,120,1,0,1,1,1,1,33,1317,239,0,1,36,4,29,0,0,0,0,0,0,1,1,0,0,0,0,0,0,0,0,0,0,0,0,0,0,0,0,1,0,0,0,0,0,0,1,0,0,0,1,0,0,0,0,0,0,0,0,0,0,0,5,0,6,1,10,0,5,0,0,1,6,0,4,0,0,0,0,0,0,0,4,0,9,0,0,0,0,0,0,9,3,0,0,0,0,0,1,1,3,0,1,1,0,0,0
88,0,38,13,244,7,54,1,236,1,25,0,22,0,54,3,160,310,44,12,18,8,59,6,36,2,2,0,52,1,0,0,970,2,0,0,103,4,5,0,147,1,8,0,22,0,1,5,1,0,5,1,0,0,1,0,1,0,5,1,61,1,18,0,11,0,7,1,0,0,59,0,24,1,0,116,1483,5,129,0,0,0,3,2,3,2,44,0,0,0,5,0,1,0,1,0,4,0,2,14,6,0,2,1,3,0,3,13,0,8,16,19,2,1,0,0,0,0,0,3,7,0,1,0,107,0,121,2,95,1,7,0,11,0,152,0,76,0,3,0,4,0,3,0,61,2,13,0,35,0,51,19,59,6,38,35,153,13,47,3,20,1,141,10,94,8,5,1,9,6
27,142,28,512,52,723,10,195,52,360,1,42,1,40,78,287,5,261,37,145,0,78,0,154,0,64,0,13,0,46,0,3,21,260,0,0,70,345,1,2,0,82,0,2,0,100,0,5,0,5,0,0,0,1,0,1,0,0,0,9,2,59,0,47,1,5,0,9,0,4,2,73,7,36,116,0,21,1861,1,326,0,0,0,2,0,6,0,26,0,1,0,6,0,9,0,0,0,0,1,2,0,0,0,0,0,0,1,0,0,0,0,1,0,0,0,0,0,0,0,0,0,4,0,0,0,129,1,98,0,25,0,28,0,0,0,39,0,60,0,0,0,0,0,3,0,26,0,18,0,3,0,57,11,48,139,149,7,388,0,1,0,7,3,53,0,25,0,1,1,0
284,2,63,6,149,2,81,1,231,0,25,0,12,0,137,0,1040,2,52,2,25,1,75,0,7,0,2,1,59,0,1,0,1853,5,0,0,289,4,32,2,985,4,32,0,665,0,7,44,30,2,15,1,11,0,6,1,7,0,136,1,215,0,68,1,59,0,27,0,4,0,192,8,117,4,1483,21,0,4,1312,0,0,0,16,1,112,2,979,0,250,0,110,0,353,0,1,2,0,0,0,7,2,0,1,0,2,0,1,4,0,2,8,7,1,2,1,0,0,0,0,1,0,15,0,0,54,0,46,0,19,0,6,0,27,0,151,1,40,0,18,0,1,0,7,1,72,1,3,0,14,0,9,2,28,1,87,71,760,3,24,0,38,1,106,5,82,1,2,2,3,5
5,192,4,525,9,563,0,171,4,572,0,131,3,139,10,186,0,986,8,79,0,15,0,206,0,21,0,10,0,36,0,9,14,2069,0,0,20,246,8,49,2,1189,1,64,0,946,4,81,1,38,8,58,0,4,0,14,0,2,0,279,2,119,0,58,1,9,0,18,0,13,3,163,3,29,5,1861,4,0,0,413,0,0,2,14,2,119,0,264,0,103,0,73,0,154,3,1,0,0,3,21,5,0,2,0,6,0,6,8,0,4,7,7,13,3,0,1,0,0,0,1,0,8,0,0,1,116,0,136,0,20,0,30,0,1,2,31,0,55,0,36,0,6,1,31,0,89,0,12,0,4,0,1,4,8,36,82,0,777,7,11,1,24,0,194,0,59,3,4,7,14
24,0,5,1,17,1,4,0,37,0,0,0,6,0,20,0,12,0,3,0,0,0,0,0,0,0,0,0,0,0,0,0,33,0,0,0,33,2,6,0,50,2,0,0,46,0,0,1,1,0,1,0,0,0,0,0,0,0,0,0,15,0,5,0,6,0,3,0,1,0,17,2,7,0,129,1,1312,0,0,0,0,0,1,0,5,2,1,0,1,0,2,0,1,0,0,0,0,0,0,0,0,0,0,0,0,0,2,0,0,0,0,0,0,0,0,0,0,0,0,0,0,9,0,0,21,0,10,0,7,0,2,0,5,0,52,0,6,0,1,0,0,0,0,0,9,0,2,0,5,0,0,0,0,0,7,11,237,1,0,0,3,0,4,0,11,0,0,0,0,1
0,15,0,36,0,43,0,19,1,55,0,2,0,8,1,14,0,3,0,5,0,0,0,0,0,0,0,0,0,0,0,0,0,40,0,0,0,21,0,2,0,144,0,2,0,51,0,0,0,1,2,0,0,0,0,1,0,0,0,1,0,5,0,4,0,1,0,4,0,2,1,5,0,0,0,326,0,413,0,0,0,0,0,3,0,2,0,4,0,0,0,0,0,1,0,0,0,0,1,2,0,1,0,0,0,0,0,0,0,1,1,0,0,0,0,0,0,0,0,1,0,2,0,0,0,6,0,1,0,4,0,1,0,0,0,2,0,5,0,2,0,0,0,3,0,12,0,0,0,0,0,0,0,0,2,7,0,56,0,0,0,2,1,28,0,2,1,0,0,0
0,0,0,0,0,0,0,0,0,0,0,0,0,0,0,0,0,0,0,0,0,0,0,0,0,0,0,0,0,0,0,0,0,0,0,0,0,0,0,0,0,0,0,0,0,0,0,0,0,0,0,0,0,0,0,0,0,0,0,0,0,0,0,0,0,0,0,0,0,0,0,0,0,0,0,0,0,0,0,0,0,0,0,0,0,0,0,0,0,0,0,0,0,0,0,0,0,0,0,0,0,0,0,0,0,0,0,0,0,0,0,0,0,0,0,0,0,0,0,0,0,0,0,0,0,0,0,0,0,0,0,0,0,0,0,0,0,0,0,0,0,0,0,0,0,0,0,0,0,0,0,0,0,0,0,0,0,0,0,0,0,0,0,0,0,0,0,0,0,0
0,0,0,0,0,0,0,0,0,0,0,0,0,0,0,0,0,0,0,0,0,0,0,0,0,0,0,0,0,0,0,0,0,0,0,0,0,0,0,0,0,0,0,0,0,0,0,0,0,0,0,0,0,0,0,0,0,0,0,0,0,0,0,0,0,0,0,0,0,0,0,0,0,0,0,0,0,0,0,0,0,0,0,0,0,0,0,0,0,0,0,0,0,0,0,0,0,0,0,0,0,0,0,0,0,0,0,0,0,0,0,0,0,0,0,0,0,0,0,0,0,0,0,0,0,0,0,0,0,0,0,0,0,0,0,0,0,0,0,0,0,0,0,0,0,0,0,0,0,0,0,0,0,0,0,0,0,0,0,0,0,0,0,0,0,0,0,0,0,0
15,0,2,0,2,0,5,0,1,0,0,0,120,0,3,0,0,0,0,0,0,0,0,0,0,0,0,0,0,0,0,0,112,2,0,0,14,4,67,3,52,2,1,0,0,0,13,177,83,5,19,2,19,0,15,1,7,0,9,1,43,0,1,0,10,0,11,0,18,0,45,18,2,0,3,0,16,2,1,0,0,0,0,0,191,5,0,0,23,2,0,0,0,0,0,0,0,0,0,0,0,0,0,0,0,0,0,1,0,1,2,0,0,0,0,0,0,0,0,0,0,0,0,0,1,0,1,0,4,0,0,0,0,0,0,0,0,0,1,0,0,0,2,0,7,0,0,0,5,0,0,0,0,0,0,0,0,0,0,0,0,0,2,3,2,1,0,0,0,0
0,77,0,3,0,21,0,38,0,4,0,0,1,566,0,0,0,0,0,0,0,0,0,0,0,0,0,0,0,0,0,0,2,141,0,0,0,52,7,36,0,13,0,0,0,0,0,47,1,30,0,19,0,10,0,17,0,0,0,1,0,27,0,2,0,6,1,17,0,27,5,82,0,0,2,2,1,14,0,3,0,0,0,0,0,350,0,3,0,16,0,0,0,0,1,0,0,0,1,0,0,0,1,0,0,0,0,0,0,0,2,0,0,0,0,0,0,0,0,0,0,0,0,0,0,4,0,4,0,0,0,2,0,0,0,0,0,1,0,0,0,0,0,1,1,3,0,5,0,0,0,0,0,0,2,0,0,0,0,1,0,1,0,5,0,8,0,0,2,0
456,0,44,0,59,0,103,0,9,0,0,0,959,0,18,0,0,0,0,0,0,0,0,0,0,0,0,0,0,0,0,0,176,2,0,0,27,9,165,9,598,5,52,1,1,0,83,339,230,10,195,4,35,2,114,2,61,0,311,1,352,2,18,0,176,0,562,0,223,0,112,42,30,1,3,0,112,2,5,0,0,0,191,0,0,5,650,0,6258,3,16,0,359,2,2,0,0,0,0,1,2,0,4,0,0,0,0,0,0,1,1,0,0,1,0,0,0,0,0,1,0,0,0,0,2,0,0,0,2,0,0,0,1,0,1,0,0,0,7,0,3,0,2,0,17,0,0,0,1,0,0,0,0,0,3,1,1,0,0,0,2,1,2,1,0,0,0,0,0,0
0,323,0,3,0,13,0,17,0,2,0,0,3,569,0,0,0,0,0,0,0,0,0,0,0,0,0,0,0,0,0,0,9,801,0,0,1,104,20,116,0,352,0,75,0,1,35,492,8,149,32,430,0,53,1,158,0,23,0,415,0,549,0,8,1,6,0,1244,2,566,6,287,0,1,2,6,2,119,2,2,0,0,5,350,5,0,0,1232,0,3163,0,96,0,262,1,0,0,0,0,0,0,0,0,1,0,0,0,3,0,0,1,0,1,0,0,1,0,0,0,0,0,1,0,0,0,2,1,5,0,1,0,2,0,0,0,0,0,0,0,2,0,0,0,4,1,10,0,1,0,0,0,0,0,0,0,1,0,0,0,2,0,2,1,3,0,5,0,1,1,0
0,0,12,0,16,0,66,0,13,0,8,0,77,0,3,0,7,0,10,0,4,0,1,0,0,0,0,0,32,0,9,0,222,0,0,0,3,0,0,0,390,0,38,0,542,0,0,0,0,0,0,0,0,0,0,0,0,0,101,0,1,0,1,0,0,0,0,0,0,0,0,0,2,0,44,0,979,0,1,0,0,0,0,0,650,0,0,0,1007,0,1487,0,453,0,0,0,0,0,0,0,0,0,0,0,0,0,0,0,0,0,0,0,0,0,0,0,0,0,0,0,0,0,0,0,1,0,0,0,0,0,0,0,0,0,2,0,0,0,0,0,0,0,0,0,1,0,0,0,0,0,0,0,2,0,8,2,3,0,0,0,0,0,0,0,0,0,0,0,0,0
0,5,0,69,0,62,0,41,0,76,0,47,0,150,0,10,0,129,0,15,0,5,0,4,0,7,0,4,0,15,0,1,0,804,0,0,0,16,0,0,0,402,0,148,0,430,0,2,0,0,0,6,0,0,0,0,0,0,0,304,0,1,0,1,0,1,0,0,0,0,0,4,0,0,0,26,0,264,0,4,0,0,0,3,0,1232,0,0,0,979,0,2226,0,364,0,0,0,0,0,0,0,0,0,0,0,0,0,0,0,0,0,0,0,0,0,0,0,0,0,0,0,0,0,0,0,0,0,2,0,1,0,0,0,0,0,0,0,0,0,1,0,0,0,2,0,1,0,1,0,0,0,0,0,0,5,16,0,3,0,2,0,0,0,2,0,0,0,0,0,0
42,1,6,0,5,0,0,0,2,0,0,0,6,0,2,0,3,0,0,0,1,0,0,0,0,0,0,0,0,0,0,0,123,0,0,0,4,6,68,3,393,0,123,0,63,0,191,190,273,4,516,2,326,0,3201,0,666,0,1138,0,62,0,14,0,145,0,62,0,1202,0,91,15,6,0,0,0,250,0,1,0,0,0,23,0,6258,0,1007,0,0,0,193,0,5838,0,6,0,0,0,0,0,0,0,19,0,0,0,0,0,0,0,0,0,0,0,0,0,0,0,0,0,0,0,0,0,1,0,0,0,1,0,0,0,0,0,0,0,0,0,2,0,2,0,2,0,7,0,0,0,0,0,1,0,0,0,0,0,0,0,0,0,0,0,0,0,2,0,0,0,0,0
0,20,0,2,0,5,0,1,0,6,0,4,1,2,1,3,0,1,0,0,0,0,0,0,0,0,0,0,0,0,0,0,2,359,0,0,1,3,5,19,1,505,0,79,0,5,70,383,5,130,33,445,0,144,1,2171,0,116,0,936,0,107,0,4,0,6,0,101,0,1170,2,55,0,0,0,1,0,103,0,0,0,0,2,16,3,3163,0,979,0,0,0,668,0,5442,0,0,0,0,0,0,1,0,0,2,0,0,0,0,0,0,0,0,1,0,0,4,0,0,0,0,0,0,0,0,0,2,0,0,0,0,0,0,0,0,0,0,0,1,0,2,0,0,0,1,0,1,0,1,0,0,0,0,1,0,0,1,0,0,0,0,0,0,0,2,0,0,0,0,0,1
0,0,0,0,3,0,0,0,0,0,0,0,0,0,0,0,5,0,1,1,2,0,0,0,0,0,0,0,1,0,0,0,3,0,0,0,1,0,0,0,274,0,97,0,197,0,0,1,0,0,0,0,0,0,0,0,0,0,691,0,0,0,0,0,0,0,0,0,0,0,0,0,0,0,5,0,110,0,2,0,0,0,0,0,16,0,1487,0,193,0,0,0,2852,0,0,0,0,0,0,0,0,0,0,0,0,0,0,0,0,0,0,0,0,0,0,0,0,0,0,0,0,0,0,0,0,0,0,0,0,0,0,0,0,0,0,0,0,0,0,0,0,0,0,0,0,0,0,0,0,0,1,0,1,0,0,0,1,0,0,0,0,0,0,0,0,0,0,0,0,0
0,1,0,12,0,10,0,4,0,22,0,2,0,0,1,5,0,6,0,1,0,0,0,0,0,0,0,0,0,4,0,0,0,73,0,0,1,4,0,0,0,210,0,346,0,140,0,0,0,1,0,0,0,0,0,0,0,0,0,666,0,3,0,0,0,0,0,0,0,0,0,1,0,0,0,6,0,73,0,0,0,0,0,0,0,96,0,2226,0,668,0,0,0,1845,0,0,0,0,0,0,0,0,0,0,0,0,0,0,0,1,0,0,0,0,0,0,0,0,0,0,0,0,0,0,0,0,0,0,0,1,0,0,0,0,0,1,0,0,0,0,0,0,0,0,0,0,0,1,0,0,0,0,0,0,2,1,0,0,0,0,0,0,0,1,0,0,0,0,0,0
3,0,0,0,0,0,2,0,0,0,0,0,0,0,0,0,5,0,0,0,0,0,0,0,0,0,0,0,0,0,0,0,113,0,0,0,0,0,2,0,448,0,43,0,140,0,13,9,16,0,52,0,7,0,311,0,632,0,4333,0,0,0,0,0,1,0,0,0,2,0,8,1,0,0,1,0,353,0,1,0,0,0,0,0,359,0,453,0,5838,0,2852,0,0,0,493,0,2,0,0,0,1,0,5,0,0,0,1,0,1,0,1,0,0,0,0,0,0,0,0,0,0,0,0,0,1,0,0,0,0,0,0,0,0,0,1,0,0,0,1,0,0,0,0,0,0,0,0,0,0,0,0,0,0,0,0,0,2,0,0,0,0,0,1,0,1,0,0,0,0,0
0,2,0,10,0,8,0,4,0,11,0,3,0,0,0,1,0,4,0,2,0,0,0,0,0,1,0,0,0,0,0,0,1,449,0,0,0,5,1,8,0,399,0,152,0,9,42,142,0,46,16,274,0,61,0,507,0,814,0,3908,0,7,0,0,0,3,0,5,0,6,0,31,0,0,0,9,0,154,0,1,0,0,0,0,2,262,0,364,0,5442,0,1845,0,0,0,181,0,2,0,0,0,0,0,30,0,0,0,1,0,0,2,0,0,0,0,1,0,0,0,0,0,0,0,0,0,0,0,0,0,1,0,0,0,0,0,3,0,0,0,0,0,0,0,0,0,1,0,0,0,0,0,0,0,1,1,1,0,0,0,1,0,0,0,1,0,0,0,0,0,0
0,0,0,0,0,0,0,1,0,0,0,0,0,0,0,0,0,0,0,0,0,0,0,0,0,0,0,0,0,0,0,0,1,1,0,0,0,2,2,2,10,5,0,1,0,0,2,1,0,0,74,2,0,0,0,0,3,0,32,0,0,1,0,1,0,0,0,0,0,0,2,1,1,0,1,0,1,3,0,0,0,0,0,1,2,1,0,0,6,0,0,0,493,0,0,29,7355,15,184,25,508,46,1977,105,878,6,1042,33,328,8,28,24,37,9,45,183,543,46,13,7,0,0,0,0,0,0,1,2,2,0,2,0,0,0,5,1,0,1,0,0,1,0,2,3,3,2,0,0,2,0,0,0,0,0,0,0,0,0,3,2,0,0,0,6,5,6,2,4,23,11
0,0,0,0,0,0,0,0,0,0,0,0,0,0,1,0,0,0,0,0,0,0,0,0,0,0,0,0,0,0,0,0,0,0,0,0,0,0,0,1,0,0,0,0,0,0,0,0,0,0,0,0,0,0,0,0,0,0,0,2,0,0,0,0,0,0,0,0,0,0,1,0,0,0,0,0,2,1,0,0,0,0,0,0,0,0,0,0,0,0,0,0,0,181,29,0,13,3714,0,175,19,518,27,7147,4,407,9,1071,2,84,9,8,1,0,58,197,314,20,19,4,0,0,0,0,0,0,0,0,0,0,0,0,0,0,1,0,0,0,0,0,0,0,0,0,0,2,0,0,0,0,0,0,0,0,0,0,0,0,1,0,0,0,0,0,1,1,0,1,2,0
0,0,0,0,0,0,0,0,0,0,0,0,0,0,0,1,0,0,0,0,0,0,0,0,0,0,0,0,0,0,0,0,0,0,0,0,1,1,0,0,1,4,0,0,0,0,0,1,0,0,3,0,0,0,0,0,0,0,0,0,0,0,0,0,0,0,0,0,0,0,1,2,0,0,4,0,0,0,0,0,0,0,0,0,0,0,0,0,0,0,0,0,2,0,7355,13,0,30,56,4,115,17,333,22,2997,1,1424,27,219,10,18,9,15,10,15,59,233,302,6,7,0,0,0,0,0,0,0,0,1,1,0,1,0,0,2,0,0,0,1,0,2,0,1,0,5,0,0,0,1,0,0,0,0,0,0,0,0,0,1,0,0,1,0,2,2,0,0,0,15,7
0,0,0,0,0,0,0,0,0,0,0,0,0,0,0,0,0,0,0,0,0,0,0,0,0,0,0,0,0,0,0,0,0,1,0,0,0,0,0,0,0,2,0,0,0,0,0,0,0,0,0,0,0,0,0,0,0,0,0,0,0,0,1,0,0,0,0,0,0,0,0,0,0,0,0,0,0,0,0,0,0,0,0,0,0,0,0,0,0,0,0,0,0,2,15,3714,30,0,0,93,14,158,35,1023,1,1474,13,2088,3,51,0,5,0,0,30,58,152,19,6,0,0,0,0,0,0,0,0,0,0,0,0,0,0,0,0,0,0,0,0,1,0,0,0,0,0,0,0,0,0,0,0,0,0,0,0,0,0,0,0,0,0,0,0,1,0,0,0,2,0,1
1,0,0,0,0,0,0,1,0,0,0,0,0,0,0,0,0,0,0,0,0,0,0,0,0,0,0,0,0,0,0,0,0,0,0,0,1,4,1,0,22,9,3,1,0,0,0,2,1,0,43,1,0,0,0,0,1,0,0,1,1,2,1,0,1,0,0,0,0,0,0,2,1,0,2,1,0,3,0,1,0,0,0,1,0,0,0,0,0,0,0,0,0,0,184,0,56,0,0,12,217,2,191,4,73,0,68,8,338,6,37,5,47,263,16,6,3,8,13,104,0,0,0,0,0,0,1,1,1,1,1,2,0,0,5,0,0,0,1,0,5,1,8,2,20,0,0,0,13,0,0,0,0,0,0,0,0,0,2,1,0,2,1,3,4,7,2,1,104,5
0,1,1,0,0,0,0,0,0,1,0,0,0,1,2,2,0,0,0,0,0,0,0,0,0,0,0,0,0,0,0,0,0,3,0,0,4,4,1,1,6,37,4,7,0,0,0,1,0,1,1,11,0,0,0,1,1,0,0,4,0,1,0,1,0,0,0,1,0,0,1,8,0,0,14,2,7,21,0,2,0,0,0,0,1,0,0,0,0,0,0,0,0,0,25,175,4,93,12,0,34,280,18,142,11,81,44,957,33,518,53,279,257,76,81,14,7,24,61,300,0,0,0,0,0,0,0,1,1,0,0,1,1,0,3,0,0,1,0,1,1,1,1,4,9,3,1,0,2,0,0,0,0,0,0,0,0,0,3,17,0,3,0,34,10,9,0,106,24,10
1,1,0,0,0,0,0,0,0,0,0,0,0,1,0,0,0,0,0,0,0,0,0,0,0,0,0,0,0,0,0,0,0,2,0,0,3,3,0,0,10,16,16,2,0,0,9,1,0,1,32,2,0,0,0,1,0,0,9,2,4,0,1,3,1,2,0,0,0,0,4,2,0,0,6,0,2,5,0,0,0,0,0,0,2,0,0,0,0,1,0,0,1,0,508,19,115,14,217,34,0,201,2068,46,92,2,140,44,146,18,124,16,29,77,1008,351,64,134,89,69,0,0,0,1,0,0,1,1,2,0,0,1,0,0,3,0,0,0,0,1,2,0,0,1,10,1,0,0,6,0,0,0,0,0,1,1,0,0,10,10,0,2,0,15,5,7,0,4,8,3
0,0,0,0,0,0,0,0,0,0,0,0,0,0,0,0,0,0,0,0,0,0,0,0,0,0,0,0,0,0,0,0,0,0,0,0,0,0,0,0,0,5,0,205,0,0,0,0,0,0,0,19,0,0,0,0,0,0,0,13,0,0,0,0,1,0,0,0,0,0,0,0,0,0,0,0,0,0,0,1,0,0,0,0,0,0,0,0,0,0,0,0,0,0,46,518,17,158,2,280,201,0,91,1862,5,105,42,678,1,163,5,94,1,3,995,274,124,64,121,28,0,0,0,0,0,0,0,0,1,0,0,0,0,0,2,0,0,0,0,0,0,0,0,0,0,0,0,0,0,0,0,0,0,0,0,0,0,0,0,0,0,0,0,1,0,1,0,3,0,0
0,0,0,0,0,0,0,0,0,1,0,0,0,1,0,0,0,0,0,0,0,0,0,0,0,0,0,0,0,0,0,0,1,1,0,0,0,3,4,1,2,2,0,0,0,0,11,1,4,1,130,1,1,0,39,0,26,0,94,0,0,0,0,0,0,0,0,0,2,2,5,3,0,1,2,0,1,2,0,0,0,0,0,1,4,0,0,0,19,0,0,0,5,0,1977,27,333,35,191,18,2068,91,0,137,144,4,499,67,288,13,22,5,22,19,226,812,490,145,21,9,0,0,0,0,0,0,0,0,1,0,0,1,0,0,2,0,0,0,0,1,0,0,1,0,7,2,0,0,2,1,0,0,0,0,0,0,0,0,1,2,0,0,0,2,6,4,1,4,18,7
0,0,0,0,0,0,0,0,0,0,0,0,0,0,0,0,0,0,0,0,0,0,0,0,0,0,0,0,0,0,0,0,0,1,0,0,0,0,0,1,0,3,0,0,0,0,12,2,0,1,1,116,0,0,0,1,0,1,0,194,0,1,1,0,0,0,0,0,0,0,0,0,0,0,1,0,0,0,0,0,0,0,0,0,0,1,0,0,0,2,0,0,0,30,105,7147,22,1023,4,142,46,1862,137,0,3,113,31,785,5,75,8,20,2,1,67,964,560,57,12,1,0,0,0,0,0,0,0,0,0,0,0,0,0,0,0,0,0,0,0,0,0,0,0,0,0,0,0,0,1,0,0,0,0,0,0,0,0,0,2,0,0,0,0,1,0,0,0,0,0,1
0,1,0,0,0,0,0,0,0,0,0,0,0,0,0,0,0,0,0,0,0,0,0,0,0,0,0,0,0,0,0,0,0,3,0,0,4,1,0,3,5,15,1,0,0,0,0,1,0,0,4,0,0,0,0,0,0,0,0,0,0,1,0,0,0,1,1,0,0,2,3,3,0,0,3,0,2,6,0,0,0,0,0,0,0,0,0,0,0,0,0,0,0,0,878,4,2997,1,73,11,92,5,144,3,0,1,2970,12,307,10,13,23,21,9,8,17,29,36,2,4,0,0,0,0,0,0,0,0,1,1,0,2,0,0,5,0,0,0,0,0,1,1,1,1,6,4,0,0,0,0,0,0,0,0,0,0,0,0,5,6,0,0,1,3,9,6,0,2,21,13
