0,8,1278,27,2598,6,1147,1,267,1,0,0,760,0,390,30,0,0,1,5,0,0,0,0,0,0,0,0,0,0,0,0,548,0,0,0,228,32,4,0,5,0,0,0,0,0,1,0,3,0,1,0,9,0,30,0,0,0,2,0,7019,2,243,0,385,1,171,0,11,0,532,3,1688,3,151,18,237,7,94,2,0,0,0,0,7,0,0,0,7,0,0,0,0,0,0,0,0,0,0,1,0,1,0,0,0,0,0,1,0,0,0,0,0,0,0,0,0,0,0,0,0,0,0,0,31,0,118,2,19,0,2,0,1,0,15,0,13,0,0,0,0,0,1,0,5,0,5,0,2,0,0,0,0,0,18,6,0,0,0,0,0,0,8,0,3,0,0,1,0,0
8,0,8,2164,2,2412,3,1385,0,74,0,0,5,1181,19,667,0,0,0,2,0,0,0,0,0,1,0,0,0,0,0,0,2,242,0,0,58,169,1,4,1,7,0,1,0,0,0,1,0,15,0,1,0,14,0,6,0,0,0,2,5,4851,2,254,2,361,0,437,1,62,13,259,11,776,13,343,0,277,6,84,0,0,0,8,0,182,0,1,0,4,0,0,0,0,0,0,0,0,0,1,0,0,0,0,0,0,0,0,1,1,6,1,1,1,0,0,0,0,0,0,0,7,0,7,1,46,2,298,0,48,0,1,0,1,0,64,0,12,0,0,0,1,0,0,0,64,0,19,0,23,0,0,0,0,8,10,0,0,0,0,1,1,0,12,1,1,0,2,2,0
1278,8,0,127,5697,40,111,1,551,5,301,0,7,1,4028,46,80,15,3417,93,341,17,60,6,353,2,476,2,179,0,39,0,556,1,0,0,386,56,1,0,0,0,0,0,11,0,1,0,0,0,0,0,0,0,0,0,0,0,1,0,234,2,9,0,18,0,9,0,0,0,51,0,466,1,300,270,500,10,206,0,0,0,0,0,3,0,10,1,1,0,0,0,1,0,0,0,0,0,1,0,0,0,0,0,0,0,1,1,1,0,0,0,0,0,0,0,0,0,0,0,0,0,0,0,32,2,26,3,3,0,3,0,0,0,14,1,5,0,0,0,0,1,0,0,7,0,3,0,3,0,60,24,100,36,328,89,12,4,0,0,1,0,7,0,6,0,0,1,0,0
27,2164,127,0,55,5948,21,274,33,279,1,305,4,39,150,2729,36,41,167,2519,19,279,19,75,3,175,0,418,3,87,0,22,13,346,0,0,134,627,0,2,0,9,0,2,0,19,2,5,0,11,0,3,0,2,0,1,0,0,0,3,3,225,0,27,0,16,1,22,0,6,11,121,40,151,79,963,26,661,20,161,0,0,0,5,0,13,0,73,0,1,0,0,0,5,0,0,0,0,1,0,1,0,0,0,0,0,2,0,0,0,0,0,0,0,0,0,0,0,0,0,0,3,0,2,2,93,6,85,1,10,0,0,0,2,2,38,0,11,0,1,0,1,0,1,0,20,1,7,1,11,146,48,63,331,166,272,9,18,0,0,0,1,1,2,1,3,0,0,0,0
2598,2,5697,55,0,18,341,5,3557,1,819,0,22,0,597,29,21,0,113,26,23,5,2,0,65,0,125,0,143,1,172,0,680,1,0,0,73,21,0,0,2,0,0,0,3,0,0,0,0,0,0,0,1,0,0,0,0,0,0,0,160,1,13,0,11,0,14,0,0,1,33,0,103,3,283,137,557,6,264,1,0,0,0,0,1,0,11,0,0,0,0,0,1,0,0,0,1,0,0,0,0,0,0,0,0,0,0,0,0,0,1,1,0,0,0,0,0,0,0,0,2,0,0,0,33,2,40,0,5,0,0,0,2,0,14,0,3,0,0,0,0,0,0,0,2,0,7,0,1,0,15,2,14,13,62,35,3,2,1,0,1,0,3,0,5,0,0,0,0,0
6,2412,40,5948,18,0,2,1128,12,2673,0,1043,0,181,52,489,3,5,28,180,1,35,5,18,0,88,1,422,0,90,0,112,2,910,0,0,39,128,0,1,0,10,0,2,0,16,0,2,0,3,0,1,0,0,0,0,0,0,0,3,0,188,0,13,2,10,0,53,0,7,1,33,19,37,36,997,13,656,3,206,0,0,0,1,0,9,1,83,0,5,0,0,0,3,0,0,0,0,0,0,0,0,0,0,0,0,0,1,1,0,1,1,0,0,0,0,0,0,0,0,0,5,0,1,1,93,2,92,0,16,0,1,0,2,2,44,0,13,0,1,0,1,0,0,0,18,0,4,0,4,36,1,22,15,65,49,3,3,0,0,1,0,0,3,0,4,0,0,0,0
1147,3,111,21,341,2,0,3,1916,2,0,0,975,0,121,20,0,0,1,0,0,0,0,0,0,0,0,0,0,0,0,0,1676,0,0,0,88,13,0,0,2,0,0,0,0,0,0,0,0,0,0,0,0,0,6,0,0,0,1,0,254,0,7,0,4,0,15,0,1,0,36,0,114,2,213,16,106,2,27,0,0,0,3,0,0,0,0,0,1,0,0,0,0,0,0,0,0,0,0,0,0,0,0,0,0,0,0,0,2,0,0,0,0,0,0,0,0,0,0,0,0,0,0,0,24,0,49,0,6,0,0,0,0,0,24,0,8,0,0,0,0,0,0,0,4,0,3,0,4,0,0,0,0,2,17,14,0,0,0,0,2,0,2,0,3,0,0,0,0,0
1,1385,1,274,5,1128,3,0,2,1868,0,0,0,1572,12,117,0,0,0,6,0,0,0,0,0,0,0,0,0,1,0,0,0,2006,0,0,11,40,0,1,0,3,0,0,0,1,0,1,0,3,0,1,0,0,0,0,0,0,0,3,1,210,0,9,0,6,0,40,0,0,1,19,8,39,10,253,1,351,0,59,0,0,0,7,0,13,0,31,0,3,0,1,0,0,0,0,0,0,0,0,0,0,0,0,0,0,0,0,0,1,1,0,0,1,0,0,0,0,0,0,0,3,0,1,0,34,0,66,0,11,0,0,0,0,0,24,0,4,0,0,0,0,0,0,0,19,1,6,0,2,0,0,0,0,4,5,0,0,0,0,0,0,0,3,0,3,0,0,0,0
267,0,551,33,3557,12,1916,2,0,3,1688,0,87,0,119,18,2,0,51,12,0,1,1,0,5,0,20,0,87,0,49,0,2347,1,0,0,83,19,0,0,1,0,0,0,3,0,0,0,0,0,0,0,0,0,0,0,0,0,0,0,35,0,2,0,9,0,2,0,0,0,11,0,34,1,292,40,388,0,115,1,0,0,0,0,2,0,4,0,0,0,0,0,1,0,1,0,0,0,0,0,1,0,0,0,0,0,1,0,0,2,2,0,0,0,0,0,0,0,0,0,0,0,0,0,41,1,27,0,4,0,0,0,0,0,20,0,6,0,0,0,0,0,1,0,5,0,0,0,1,0,0,0,2,2,35,25,0,0,0,0,0,0,1,0,3,0,0,0,0,0
1,74,5,279,1,2673,2,1868,3,0,0,834,0,155,16,109,0,1,3,45,0,3,1,2,0,8,0,10,0,45,0,37,1,1731,0,0,12,58,0,0,0,9,0,1,0,11,0,0,0,0,0,0,0,0,0,0,0,0,0,0,0,19,0,1,0,0,0,5,0,1,1,2,1,6,6,321,2,491,1,95,0,0,0,2,0,2,0,52,0,0,0,1,0,3,0,0,0,0,0,0,0,0,0,0,0,0,0,1,1,2,3,0,0,0,0,0,0,0,0,0,0,1,0,0,1,48,0,27,0,2,0,1,0,0,0,14,0,2,0,1,0,0,0,2,0,3,0,3,0,1,3,0,2,3,7,18,1,3,0,0,0,0,0,2,0,0,0,0,0,0
0,0,301,1,819,0,0,0,1688,0,0,0,0,0,0,0,17,0,36,0,39,1,5,0,60,0,164,0,1344,0,529,0,633,0,0,0,1,0,0,0,6,0,0,0,3,0,0,0,0,0,0,0,0,0,0,0,0,0,3,0,0,0,0,0,0,0,0,0,0,0,0,0,0,0,17,3,225,0,2,0,0,0,0,0,25,1,328,0,21,0,2,0,19,0,0,0,0,0,0,0,0,0,0,0,0,0,0,0,0,0,0,0,0,0,0,0,0,0,0,0,0,0,0,0,1,0,0,0,0,0,0,0,0,0,0,0,0,0,0,0,0,0,0,0,0,0,0,0,0,0,8,0,4,0,0,1,3,0,0,0,0,0,0,0,0,0,0,0,0,0
0,0,0,305,0,1043,0,0,0,834,0,0,0,0,0,0,2,7,3,58,0,35,0,20,0,91,0,343,0,860,0,581,0,571,0,0,0,2,0,0,0,4,0,0,0,11,0,0,0,0,0,0,0,0,0,0,0,0,0,2,0,0,0,0,0,0,0,0,0,0,0,0,0,0,1,32,0,166,0,7,0,0,0,0,0,0,0,61,0,1,0,0,0,2,0,0,0,0,0,0,0,0,0,0,0,0,0,0,0,0,0,0,0,0,0,0,0,0,0,0,0,0,0,0,0,0,0,0,0,0,0,0,0,0,0,0,0,0,0,0,0,0,0,0,0,0,0,0,0,0,2,2,2,8,0,2,0,5,0,0,0,0,0,0,0,0,0,0,0,0
760,5,7,4,22,0,975,0,87,0,0,0,0,1,16,3,0,0,0,0,0,0,0,0,0,0,0,0,0,0,0,0,873,2,0,0,25,3,81,16,28,3,1,0,0,0,12,17,4,5,14,8,8,8,38,1,10,0,23,0,1180,1,4,0,12,2,326,2,3,5,31,28,15,1,46,2,155,8,15,0,0,0,109,11,943,30,8,0,209,9,0,0,14,0,0,1,0,0,0,3,1,0,3,0,0,0,6,3,4,5,6,3,0,0,0,0,0,0,0,0,3,0,0,0,7,0,33,2,4,1,3,0,4,0,20,2,2,2,0,0,0,0,0,0,16,6,1,0,6,1,0,0,0,0,2,1,0,0,0,0,8,0,21,1,4,3,0,1,0,1
0,1181,1,39,0,181,0,1572,0,155,0,0,1,0,2,26,0,0,0,1,0,0,0,0,0,0,0,0,0,0,0,0,0,912,0,0,3,14,0,0,0,21,1,4,0,1,0,3,0,7,0,4,0,3,0,0,0,1,0,20,1,1314,0,7,0,1,0,1292,0,1,2,16,0,30,1,44,0,213,0,48,0,0,0,97,0,1381,0,260,0,44,0,9,0,4,0,2,0,0,0,3,0,0,0,1,0,0,0,3,2,2,5,1,0,0,0,0,0,0,0,0,0,1,0,0,0,24,0,88,0,12,0,0,0,0,0,13,0,0,0,0,0,0,0,0,0,8,0,2,0,2,0,0,0,0,0,0,0,0,1,0,0,0,1,8,0,0,0,3,1,0
390,19,4028,150,597,52,121,12,119,16,0,0,16,2,0,566,0,0,955,183,0,0,0,0,0,0,0,0,0,0,0,0,48,9,0,0,1451,231,1,0,1,0,0,0,0,0,0,0,0,0,0,1,0,0,2,0,0,0,1,0,53,1,2,0,12,0,4,2,0,0,58,2,1012,13,144,79,152,17,87,5,0,0,1,0,0,1,1,1,0,0,0,0,0,0,0,0,1,0,0,1,0,0,0,0,0,0,3,1,0,1,2,1,0,1,0,0,0,0,0,0,2,0,1,0,39,2,63,3,5,0,0,0,0,1,11,0,6,0,0,0,0,0,0,0,5,0,4,0,6,0,3,0,0,2,134,49,0,0,1,0,0,0,2,0,1,0,0,0,0,0
30,667,46,2729,29,489,20,117,18,109,0,0,3,26,566,0,2,1,49,797,0,0,0,0,0,0,0,0,0,0,0,0,9,75,0,0,176,2589,0,0,0,4,0,0,0,0,0,0,0,4,0,2,0,0,0,0,0,0,0,1,2,147,0,9,0,5,0,8,0,0,15,332,31,1574,64,433,22,172,15,92,0,0,0,5,1,4,0,4,0,0,0,0,0,0,0,0,0,0,0,0,1,0,0,0,0,0,1,1,0,0,0,1,0,0,0,0,0,0,0,0,0,7,0,0,5,56,9,94,0,8,0,0,0,0,1,24,1,8,0,1,0,0,0,1,0,14,0,6,0,11,0,0,2,1,56,172,0,0,0,0,0,0,0,3,0,1,0,1,2,0
0,0,80,36,21,3,0,0,2,0,17,2,0,0,0,2,0,75,153,32,211,25,641,8,43,0,17,0,34,1,2,0,62,0,0,0,0,5,0,0,0,0,32,0,38,0,0,0,0,0,0,0,0,0,0,0,0,0,0,0,0,0,0,0,0,0,0,0,0,0,0,0,0,0,81,36,536,4,3,0,0,0,0,0,0,0,3,1,0,0,0,0,0,0,0,0,0,0,0,0,0,0,0,0,0,0,0,0,0,0,0,0,0,0,0,0,0,0,0,0,0,0,0,0,0,0,0,0,0,0,0,0,0,0,0,0,0,0,0,0,0,0,0,0,0,0,0,0,0,0,279,20,73,30,4,6,1205,0,0,0,0,0,0,0,0,0,0,0,0,0
0,0,15,41,0,5,0,0,0,1,0,7,0,0,0,1,75,0,9,92,3,287,29,696,0,43,0,1,0,70,0,0,0,152,0,0,0,1,0,0,0,0,1,0,0,29,0,0,0,0,0,0,0,0,0,0,0,0,0,0,0,0,0,0,0,0,0,0,0,0,0,0,0,0,12,106,0,265,0,0,0,0,0,0,0,0,0,3,0,1,0,0,0,0,0,0,0,0,0,0,0,0,0,0,0,0,0,0,0,0,0,0,0,0,0,0,0,0,0,0,0,0,0,0,0,1,0,0,0,0,0,0,0,0,0,1,0,0,0,0,0,0,0,0,0,0,0,0,0,0,12,450,1,37,2,30,1,1179,0,0,0,0,0,0,0,0,0,0,0,0
1,0,3417,167,113,28,1,0,51,3,36,3,0,0,955,49,153,9,0,459,418,25,80,5,77,1,27,0,76,0,5,0,72,2,0,0,386,129,0,0,0,0,0,0,1,0,0,0,0,0,0,0,0,0,0,0,0,0,0,0,0,0,1,0,0,0,0,0,0,0,1,0,2,0,154,232,86,10,37,2,0,0,0,0,0,0,3,2,0,0,0,0,0,0,0,0,0,0,0,0,0,0,0,0,0,0,0,0,0,0,0,0,0,0,0,0,0,0,0,0,0,0,0,0,6,2,1,1,0,0,2,0,3,0,2,0,0,0,0,0,0,0,0,0,1,0,0,0,0,0,104,33,905,106,802,79,64,1,0,0,1,0,0,0,1,0,0,0,0,0
5,2,93,2519,26,180,0,6,12,45,0,58,0,1,183,797,32,92,459,0,8,960,12,159,1,163,0,52,2,110,0,10,7,97,0,0,32,1149,0,1,0,5,0,1,0,14,0,0,0,0,0,0,0,0,0,0,0,0,0,0,0,1,0,0,0,0,0,1,0,0,0,0,3,0,40,295,11,101,7,20,0,0,0,0,0,0,0,30,0,0,0,0,0,2,0,0,0,0,0,0,0,0,0,0,0,0,0,0,0,0,0,0,0,0,0,0,0,0,0,0,0,0,0,0,0,11,1,6,0,0,0,0,0,0,0,1,0,1,0,0,0,0,0,0,0,1,0,0,0,0,86,56,35,1079,87,269,4,67,0,0,0,0,0,0,0,2,0,0,0,0
0,0,341,19,23,1,0,0,0,0,39,0,0,0,0,0,211,3,418,8,0,12,1296,14,284,1,38,0,118,0,1,0,36,0,0,0,0,0,0,0,0,0,0,0,3,0,0,0,0,0,0,0,0,0,0,0,0,0,0,0,0,0,0,0,0,0,0,0,0,0,0,0,0,0,47,6,27,0,0,0,0,0,0,0,0,0,1,0,0,0,0,0,1,0,0,0,0,0,0,0,0,0,0,0,0,0,0,0,0,0,0,0,0,0,0,0,0,0,0,0,0,0,0,0,0,1,0,0,0,0,0,0,0,0,0,0,0,0,0,0,0,0,0,0,0,0,0,0,0,0,673,6,722,7,20,4,232,1,0,0,0,0,0,0,0,0,0,0,0,0
0,0,17,279,5,35,0,0,1,3,1,35,0,0,0,0,25,287,25,960,12,0,51,1500,1,338,0,51,1,84,0,4,0,62,0,0,0,0,0,0,0,0,0,0,0,14,0,0,0,0,0,0,0,0,0,0,0,0,0,0,0,0,0,0,0,0,0,0,0,0,0,0,0,0,29,127,1,34,0,1,0,0,0,0,0,0,0,12,0,0,0,0,0,0,0,0,0,0,0,0,0,0,0,0,0,0,0,0,0,0,0,0,0,0,0,0,0,0,0,0,0,0,0,0,0,0,0,0,0,0,0,0,0,0,0,1,0,0,0,0,0,0,0,0,0,0,0,0,0,0,41,481,5,371,5,54,1,288,0,0,0,0,0,0,0,0,0,0,0,0
0,0,60,19,2,5,0,0,1,1,5,0,0,0,0,0,641,29,80,12,1296,51,0,52,687,1,22,0,111,0,1,0,14,0,0,0,0,1,0,0,0,0,1,0,4,0,0,0,0,0,0,0,0,0,0,0,0,0,0,0,0,0,0,0,0,0,0,0,0,0,0,0,0,0,34,17,74,2,0,0,0,0,0,0,0,0,3,0,0,0,0,0,0,0,0,0,0,0,0,0,0,0,0,0,0,0,0,0,0,0,0,0,0,0,0,0,0,0,0,0,0,0,0,0,0,0,0,0,0,0,0,0,0,0,0,0,0,0,0,0,0,0,0,0,0,0,0,0,0,0,145,16,164,12,4,1,509,2,0,0,0,0,0,0,0,0,0,0,0,0
0,0,6,75,0,18,0,0,0,2,0,20,0,0,0,0,8,696,5,159,14,1500,52,0,0,978,0,51,0,76,0,1,0,36,0,0,0,2,0,0,0,1,0,0,0,4,0,0,0,0,0,0,0,0,0,0,0,0,0,0,0,0,0,0,0,0,0,0,0,0,0,0,0,0,8,27,0,72,0,0,0,0,0,0,0,0,0,1,0,1,0,0,0,0,0,0,0,0,0,0,0,0,0,0,0,0,0,0,0,0,0,0,0,0,0,0,0,0,0,0,0,0,0,0,0,0,0,0,0,0,0,0,0,0,0,0,0,0,0,0,0,0,0,0,0,0,0,0,0,0,16,188,2,101,8,17,0,287,0,0,0,0,0,0,0,0,0,0,0,0
0,0,353,3,65,0,0,0,5,0,60,0,0,0,0,0,43,0,77,1,284,1,687,0,0,0,457,0,760,0,3,0,63,0,0,0,0,0,0,0,1,0,0,0,7,0,0,0,0,0,0,0,0,0,0,0,0,0,0,0,0,0,0,0,0,0,0,0,0,0,0,0,0,0,17,1,31,0,0,0,0,0,0,0,0,0,6,0,1,0,0,0,0,0,0,0,0,0,0,0,0,0,0,0,0,0,0,0,0,0,0,0,0,0,0,0,0,0,0,0,0,0,0,0,0,0,0,0,0,0,0,0,0,0,0,0,0,0,0,0,0,0,0,0,0,0,0,0,0,0,5,0,65,1,2,2,60,0,0,0,0,0,0,0,0,0,0,0,0,0
0,1,2,175,0,88,0,0,0,8,0,91,0,0,0,0,0,43,1,163,1,338,1,978,0,0,0,347,0,573,0,12,0,125,0,0,0,0,0,0,0,1,0,0,0,3,0,0,0,0,0,0,0,0,0,0,0,0,0,0,0,0,0,0,0,0,0,0,0,0,0,0,0,0,0,25,0,23,0,0,0,0,0,0,0,0,0,9,0,1,0,0,0,0,0,0,0,0,0,0,0,0,0,0,0,0,0,0,0,0,0,0,0,0,0,0,0,0,0,0,0,0,0,0,0,0,0,0,0,0,0,0,0,0,0,0,0,0,0,0,0,0,0,0,0,0,0,0,0,0,2,7,0,14,1,4,0,127,0,0,0,0,0,0,0,0,0,0,0,0
0,0,476,0,125,1,0,0,20,0,164,0,0,0,0,0,17,0,27,0,38,0,22,0,457,0,0,0,459,0,16,0,51,0,0,0,0,1,0,0,0,0,0,0,2,0,0,0,0,0,0,0,0,0,0,0,0,0,0,0,0,0,0,0,0,0,0,0,0,0,0,0,0,0,0,0,14,0,0,0,0,0,0,0,0,0,0,0,0,0,0,0,1,0,0,0,0,0,0,0,0,0,0,0,0,0,0,0,0,0,0,0,0,0,0,0,0,0,0,0,0,0,0,0,0,0,0,0,0,0,0,0,0,0,0,0,0,0,0,0,0,0,0,0,0,0,0,0,0,0,2,0,5,0,1,0,6,0,0,0,0,0,0,0,0,0,0,0,0,0
0,0,2,418,0,422,0,0,0,10,0,343,0,0,0,0,0,1,0,52,0,51,0,51,0,347,0,0,0,541,0,19,0,100,0,0,0,1,0,0,0,0,0,1,0,1,0,0,0,0,0,0,0,0,0,0,0,0,0,0,0,0,0,0,0,0,0,0,0,0,0,0,0,0,0,5,0,15,0,0,0,0,0,0,0,0,0,8,0,0,0,0,0,0,0,0,0,0,0,0,0,0,0,0,0,0,0,0,0,0,0,0,0,0,0,0,0,0,0,0,0,0,0,0,0,0,0,0,0,0,0,0,0,0,0,0,0,0,0,0,0,0,0,0,0,0,0,0,0,0,0,1,0,3,0,0,1,8,0,0,0,0,0,0,0,0,0,0,0,0
0,0,179,3,143,0,0,0,87,0,1344,0,0,0,0,0,34,0,76,2,118,1,111,0,760,0,459,0,0,1,156,0,794,0,0,0,0,0,0,0,4,0,0,0,22,0,0,0,0,0,0,0,0,0,0,0,0,0,0,0,0,0,0,0,0,0,0,0,0,0,0,0,0,0,53,2,263,0,0,0,0,0,0,0,0,0,11,0,0,0,0,0,1,0,0,0,0,0,0,0,0,0,0,0,0,0,0,0,0,0,0,0,0,0,0,0,0,0,0,0,0,0,0,0,0,0,0,0,0,0,0,0,0,0,0,0,0,0,0,0,0,0,0,0,0,0,0,0,0,0,5,0,15,0,0,2,101,0,0,0,0,0,0,0,0,0,0,0,0,0
0,0,0,87,1,90,0,1,0,45,0,860,0,0,0,0,1,70,0,110,0,84,0,76,0,573,0,541,1,0,0,49,1,213,0,0,0,0,0,0,0,4,0,0,0,5,0,0,0,0,0,0,0,0,0,0,0,0,0,0,0,0,0,0,0,0,0,0,0,0,0,0,0,0,0,51,0,102,0,1,0,0,0,0,0,1,0,61,0,2,0,3,0,1,0,0,0,0,0,0,0,0,0,0,0,0,0,0,0,0,0,0,0,0,0,0,0,0,0,0,0,0,0,0,0,1,0,0,0,0,0,0,0,0,0,0,0,0,0,0,0,0,0,0,0,0,0,0,0,0,1,3,0,12,0,4,0,40,0,0,0,0,0,0,0,0,0,0,0,0
0,0,39,0,172,0,0,0,49,0,529,0,0,0,0,0,2,0,5,0,1,0,1,0,3,0,16,0,156,0,0,0,22,0,0,0,0,0,0,0,0,0,0,0,0,0,0,0,0,0,0,0,0,0,0,0,0,0,0,0,0,0,0,0,0,0,0,0,0,0,0,0,0,0,3,0,10,0,1,0,0,0,0,0,0,0,0,0,0,0,0,0,0,0,0,0,0,0,0,0,0,0,0,0,0,0,0,0,0,0,0,0,0,0,0,0,0,0,0,0,0,0,0,0,0,0,0,0,0,0,0,0,0,0,0,0,0,0,0,0,0,0,0,0,0,0,0,0,0,0,1,0,1,0,0,0,1,0,0,0,0,0,0,0,0,0,0,0,0,0
0,0,0,22,0,112,0,0,0,37,0,581,0,0,0,0,0,0,0,10,0,4,0,1,0,12,0,19,0,49,0,0,0,20,0,0,0,0,0,0,0,1,0,0,0,0,0,0,0,0,0,0,0,0,0,0,0,0,0,0,0,0,0,0,0,0,0,0,0,0,0,0,0,0,0,4,0,16,0,0,0,0,0,0,0,0,0,1,0,0,0,0,0,0,0,0,0,0,0,0,0,0,0,0,0,0,0,0,0,0,0,0,0,0,0,0,0,0,0,0,0,0,0,0,0,0,0,0,0,0,0,0,0,0,0,0,0,0,0,0,0,0,0,0,0,0,0,0,0,0,0,0,0,1,0,0,0,1,0,0,0,0,0,0,0,0,0,0,0,0
548,2,556,13,680,2,1676,0,2347,1,633,0,873,0,48,9,62,0,72,7,36,0,14,0,63,0,51,0,794,1,22,0,0,2,0,0,81,15,9,0,346,0,5,0,53,0,2,6,0,2,13,1,3,1,16,0,25,0,89,0,378,0,19,0,66,0,82,1,5,1,58,6,32,1,384,21,2515,2,62,0,0,0,32,0,506,1,426,0,252,2,2,0,179,0,3,0,1,0,7,2,2,2,4,2,0,0,15,3,16,9,26,1,6,1,0,0,0,0,0,0,4,0,6,0,51,0,108,5,35,1,3,0,7,0,66,0,10,0,19,0,1,0,1,0,95,2,17,0,21,0,2,1,6,2,13,15,22,0,1,0,23,0,86,0,12,1,1,2,3,4
0,242,1,346,1,910,0,2006,1,1731,0,571,2,912,9,75,0,152,2,97,0,62,0,36,0,125,0,100,0,213,0,20,2,0,0,0,4,46,3,6,0,409,4,18,0,271,4,35,1,12,0,61,1,9,3,16,0,17,0,221,1,122,0,11,0,11,0,80,1,4,1,59,3,25,6,236,2,4117,1,277,0,0,0,79,3,549,0,1274,2,200,0,29,0,121,0,5,0,1,2,6,2,2,0,15,1,0,5,7,7,8,35,8,3,2,0,0,0,0,0,0,0,3,0,1,0,40,3,153,0,16,0,3,0,4,0,46,0,3,0,12,0,6,0,10,0,38,1,5,0,9,4,0,5,8,5,10,1,27,1,0,2,2,1,139,1,10,0,2,2,5
0,0,0,0,0,0,0,0,0,0,0,0,0,0,0,0,0,0,0,0,0,0,0,0,0,0,0,0,0,0,0,0,0,0,0,0,0,0,0,0,0,0,0,0,0,0,0,0,0,0,0,0,0,0,0,0,0,0,0,0,0,0,0,0,0,0,0,0,0,0,0,0,0,0,0,0,0,0,0,0,0,0,0,0,0,0,0,0,0,0,0,0,0,0,0,0,0,0,0,0,0,0,0,0,0,0,0,0,0,0,0,0,0,0,0,0,0,0,0,0,0,0,0,0,0,0,0,0,0,0,0,0,0,0,0,0,0,0,0,0,0,0,0,0,0,0,0,0,0,0,0,0,0,0,0,0,0,0,0,0,0,0,0,0,0,0,0,0,0,0
0,0,0,0,0,0,0,0,0,0,0,0,0,0,0,0,0,0,0,0,0,0,0,0,0,0,0,0,0,0,0,0,0,0,0,0,0,0,0,0,0,0,0,0,0,0,0,0,0,0,0,0,0,0,0,0,0,0,0,0,0,0,0,0,0,0,0,0,0,0,0,0,0,0,0,0,0,0,0,0,0,0,0,0,0,0,0,0,0,0,0,0,0,0,0,0,0,0,0,0,0,0,0,0,0,0,0,0,0,0,0,0,0,0,0,0,0,0,0,0,0,0,0,0,0,0,0,0,0,0,0,0,0,0,0,0,0,0,0,0,0,0,0,0,0,0,0,0,0,0,0,0,0,0,0,0,0,0,0,0,0,0,0,0,0,0,0,0,0,0
228,58,386,134,73,39,88,11,83,12,1,0,25,3,1451,176,0,0,386,32,0,0,0,0,0,0,0,0,0,0,0,0,81,4,0,0,0,738,1908,19,36,0,0,0,0,1,14,33,13,1,0,5,5,0,125,1,0,1,0,0,209,11,110,0,51,3,12,2,11,1,1906,39,946,83,219,106,168,13,126,3,0,0,1,2,4,1,0,0,6,2,0,0,0,0,0,0,0,0,0,0,1,0,0,0,0,0,4,3,3,0,2,1,2,2,0,0,0,0,0,0,0,1,1,1,28,1,276,4,62,5,1,0,1,0,40,4,26,0,1,0,0,0,0,0,17,3,25,0,11,0,1,0,0,3,1061,64,0,0,0,0,5,0,4,0,8,0,0,3,3,2
32,169,56,627,21,128,13,40,19,58,0,2,3,14,231,2589,5,1,129,1149,0,0,1,2,0,0,1,1,0,0,0,0,15,46,0,0,738,0,52,1397,1,8,0,0,0,1,7,117,3,128,0,3,0,34,2,9,0,0,0,0,13,83,1,62,5,42,0,22,0,26,107,2767,41,588,60,536,20,159,11,75,0,0,1,5,0,22,0,2,0,18,0,0,1,1,0,1,0,0,1,0,0,0,0,0,0,0,3,1,1,1,6,1,1,0,0,1,0,0,0,0,0,4,1,1,3,28,11,190,1,33,0,1,0,0,1,27,2,7,0,0,0,2,0,0,0,47,0,15,1,21,17,2,8,44,84,861,2,0,2,1,1,0,0,11,0,1,0,1,0,0
4,1,1,0,0,0,0,0,0,0,0,0,81,0,1,0,0,0,0,0,0,0,0,0,0,0,0,0,0,0,0,0,9,3,0,0,1908,52,0,167,71,8,3,0,0,0,419,90,61,6,49,10,68,1,186,2,7,0,11,2,6,2,22,1,15,1,1,2,13,5,907,74,3,0,1,2,11,3,2,2,0,0,16,3,82,14,0,0,41,7,0,0,8,0,0,0,0,0,0,1,0,0,1,0,0,0,2,0,2,0,3,0,0,0,0,0,0,0,0,0,0,0,1,0,0,1,1,2,1,0,0,0,1,1,1,1,0,0,0,0,0,0,0,0,8,6,0,0,1,0,0,0,0,0,0,0,0,0,0,0,0,0,0,1,0,0,0,0,2,0
0,4,0,2,0,1,0,1,0,0,0,0,16,0,0,0,0,0,0,1,0,0,0,0,0,0,0,0,0,0,0,0,0,6,0,0,19,1397,167,0,47,87,1,0,0,0,70,229,11,29,17,126,6,22,27,12,1,1,0,7,0,4,1,1,0,19,0,16,0,28,56,917,0,2,0,10,4,5,0,4,0,0,7,26,23,95,0,0,16,35,0,0,2,1,0,0,0,0,0,0,0,0,0,1,0,0,1,1,0,4,4,0,0,0,0,0,0,0,0,0,0,0,0,1,0,1,0,7,0,4,0,0,0,0,1,5,0,1,0,0,0,1,0,2,1,20,0,1,0,1,0,0,0,0,0,1,0,0,1,0,0,1,0,8,1,4,2,0,1,1
5,1,0,0,2,0,2,0,1,0,6,0,28,0,1,0,0,0,0,0,0,0,0,0,1,0,0,0,4,0,0,0,346,0,0,0,36,1,71,47,0,38,1307,1,506,0,202,181,7,1,336,19,6,0,15,0,4,0,451,12,5,1,6,0,21,0,6,0,4,0,529,169,2,0,36,1,869,3,181,2,0,0,4,0,576,0,891,0,278,0,26,0,460,0,1,0,0,1,13,1,4,1,4,0,2,0,24,2,25,8,50,1,3,8,1,0,0,0,0,2,1,0,8,0,16,0,64,1,2,1,0,0,5,1,8,0,0,1,192,0,4,0,23,0,479,3,3,0,3,0,0,0,0,0,0,0,23,0,1,0,11,0,159,0,10,0,0,1,4,0
0,7,0,9,0,10,0,3,0,9,0,4,3,21,0,4,0,0,0,5,0,0,0,1,0,1,0,0,0,4,0,1,0,409,0,0,0,8,8,87,38,0,2,1244,0,292,6,21,0,12,4,75,1,5,4,18,0,17,0,1105,0,8,0,1,1,6,0,15,0,5,2,120,0,4,0,40,2,1593,0,140,0,0,3,18,2,431,0,738,0,469,0,113,1,652,0,7,0,1,0,8,0,15,0,7,0,1,3,17,8,25,40,11,5,2,0,0,0,2,0,1,0,3,0,1,1,29,1,18,0,12,0,4,1,2,1,23,0,4,0,128,0,21,0,61,0,378,0,0,0,4,0,0,0,0,1,1,1,10,0,0,0,3,0,188,0,25,1,8,9,1
0,0,0,0,0,0,0,0,0,0,0,0,1,1,0,0,32,1,0,0,0,0,1,0,0,0,0,0,0,0,0,0,5,4,0,0,0,0,3,1,1307,2,0,0,524,0,14,0,0,0,630,0,0,2,0,0,0,0,1606,0,0,1,0,0,0,1,0,0,0,0,134,3,0,1,0,0,23,3,1,3,0,0,0,0,8,1,390,0,8,0,136,0,169,0,1,1,1,0,3,1,52,0,0,1,2,0,27,3,16,4,47,7,0,0,0,0,0,0,0,0,0,0,0,0,1,2,0,3,0,0,0,0,0,0,1,0,0,0,4,0,3,0,1,0,10,1,0,0,0,0,0,0,0,0,0,0,0,0,11,0,1,0,2,0,1,0,0,0,1,0
0,1,0,2,0,2,0,0,0,1,0,0,0,4,0,0,0,0,0,1,0,0,0,0,0,0,0,1,0,0,0,0,0,18,0,0,0,0,0,0,1,1244,0,0,0,871,0,15,0,0,0,871,0,1,0,0,0,0,0,1827,0,0,0,0,0,0,0,1,0,0,1,132,0,1,1,1,0,74,1,4,0,0,0,5,0,37,0,270,0,78,0,259,0,119,0,2,1,3,1,7,0,80,0,6,0,0,1,16,3,21,4,13,0,0,0,0,0,0,0,1,0,1,0,0,0,1,0,2,0,0,0,0,0,0,0,0,0,0,0,1,0,2,0,4,0,6,0,0,0,0,0,0,0,1,0,0,0,2,1,0,0,0,0,4,0,0,0,2,0,0
0,0,11,0,3,0,0,0,3,0,3,0,0,0,0,0,38,0,1,0,3,0,4,0,7,0,2,0,22,0,0,0,53,0,0,0,0,0,0,0,506,0,524,0,0,0,0,0,0,0,0,0,0,0,0,0,0,0,47,0,0,0,0,0,0,0,0,0,0,0,0,0,0,0,5,0,522,0,139,0,0,0,0,0,4,0,849,0,12,0,14,0,43,0,0,0,0,0,0,0,1,0,0,0,0,0,2,0,0,0,2,0,0,0,0,0,0,0,0,0,1,0,0,0,43,0,0,0,0,0,1,0,13,0,4,0,0,0,7,0,0,0,0,0,1,0,0,0,0,0,0,0,0,0,0,0,64,0,1,0,2,0,9,0,6,0,0,0,0,0
0,0,0,19,0,16,0,1,0,11,0,11,0,1,0,0,0,29,0,14,0,14,0,4,0,3,0,1,0,5,0,0,0,271,0,0,1,1,0,0,0,292,0,871,0,0,0,0,0,0,0,0,0,0,0,0,0,0,0,77,0,1,0,0,0,0,0,1,0,0,0,0,0,0,1,29,0,533,1,120,0,0,0,0,0,5,0,713,0,12,0,22,0,58,0,0,0,0,0,0,0,0,0,0,1,0,0,0,0,1,2,0,0,1,0,0,0,0,0,0,0,0,0,0,0,27,0,1,0,0,0,4,0,0,0,10,0,1,0,4,0,0,0,0,0,0,0,1,0,0,0,0,0,1,0,1,4,106,1,0,0,0,0,8,0,12,0,0,0,0
1,0,1,2,0,0,0,0,0,0,0,0,12,0,0,0,0,0,0,0,0,0,0,0,0,0,0,0,0,0,0,0,2,4,0,0,14,7,419,70,202,6,14,0,0,0,0,2456,3725,969,2653,1571,2367,248,1491,36,204,4,33,9,2,0,3,0,16,1,1,0,29,2,2012,140,0,0,0,0,1,7,0,0,0,0,6,14,54,32,0,0,51,24,0,0,6,4,6,16,0,0,0,0,0,0,35,88,0,0,0,0,0,0,0,0,0,0,0,65,0,0,0,0,0,0,0,0,0,0,0,0,0,1,0,0,0,0,0,1,0,0,0,0,0,0,0,0,0,5,0,0,0,0,0,0,0,0,0,0,0,0,2,0,0,0,0,2,0,0,0,0,1,0
0,1,0,5,0,2,0,1,0,0,0,0,17,3,0,0,0,0,0,0,0,0,0,0,0,0,0,0,0,0,0,0,6,35,0,0,33,117,90,229,181,21,0,15,0,0,2456,0,722,1886,265,2265,81,1001,88,522,9,290,15,176,1,2,3,4,2,9,0,4,5,24,231,2080,0,0,1,5,5,28,1,3,0,0,14,54,45,118,0,0,42,165,0,0,9,18,1,91,0,0,1,0,0,1,0,68,0,0,3,0,2,2,6,0,3,1,1,6,0,0,0,0,0,0,0,0,0,0,2,5,0,5,0,0,1,0,0,3,0,0,0,0,0,0,0,3,3,13,0,1,0,1,0,0,0,0,0,0,0,0,0,0,0,0,0,4,0,3,0,0,1,2
3,0,0,0,0,0,0,0,0,0,0,0,4,0,0,0,0,0,0,0,0,0,0,0,0,0,0,0,0,0,0,0,0,1,0,0,13,3,61,11,7,0,0,0,0,0,3725,722,0,1597,47,28,3302,171,515,9,6,0,3,1,5,0,125,1,64,2,1,0,29,9,578,135,1,0,0,1,3,0,0,0,0,0,2,5,9,10,0,0,26,3,0,0,4,0,0,0,0,0,0,0,0,0,0,0,0,0,0,0,1,0,0,0,0,0,0,0,0,0,0,0,0,0,0,0,0,0,1,0,1,1,0,0,0,0,0,2,0,0,0,0,0,0,0,0,0,0,0,0,0,0,0,0,0,0,0,0,0,0,0,0,0,0,0,1,0,0,0,0,0,0
0,15,0,11,0,3,0,3,0,0,0,0,5,7,0,4,0,0,0,0,0,0,0,0,0,0,0,0,0,0,0,0,2,12,0,0,1,128,6,29,1,12,0,0,0,0,969,1886,1597,0,3,231,4,3375,9,476,1,46,0,20,3,23,1,84,0,37,0,28,0,166,25,1170,0,4,0,25,2,28,0,14,0,0,5,16,8,44,0,0,6,85,0,0,1,6,0,8,0,0,2,2,1,0,0,9,0,0,1,0,3,3,7,2,5,2,0,0,0,0,0,0,0,1,0,2,0,4,1,71,0,13,0,2,0,1,0,15,0,2,0,1,0,2,0,1,2,33,0,7,0,5,0,0,0,0,0,1,0,0,1,0,0,1,0,20,0,0,0,2,1,3
1,0,0,0,0,0,0,0,0,0,0,0,14,0,0,0,0,0,0,0,0,0,0,0,0,0,0,0,0,0,0,0,13,0,0,0,0,0,49,17,336,4,630,0,0,0,2653,265,47,3,0,348,151,0,1076,0,2125,0,2968,2,1,0,5,0,7,0,0,0,15,0,328,30,0,0,2,1,14,1,0,0,0,0,14,1,186,0,1,0,197,2,0,0,64,0,223,1,0,0,12,0,80,1,1432,4,0,0,2,0,4,2,2,1,1,5,0,2,0,0,0,0,0,0,0,0,1,0,1,1,1,1,0,0,0,0,12,0,0,0,0,0,0,0,2,0,18,0,1,0,0,0,0,0,0,0,0,0,0,0,0,0,0,0,2,0,0,0,0,0,1,0
0,1,0,3,0,1,0,1,0,0,0,0,8,4,1,2,0,0,0,0,0,0,0,0,0,0,0,0,0,0,0,0,1,61,0,0,5,3,10,126,19,75,0,871,0,0,1571,2265,28,231,348,0,1,336,6,380,0,1807,1,2674,0,5,0,2,0,6,0,7,2,9,13,1475,0,0,1,3,1,95,1,3,0,0,0,66,5,248,0,1,5,235,0,0,1,96,0,1240,0,0,3,59,1,148,0,987,0,0,1,13,6,16,7,6,20,101,11,194,0,0,0,1,0,0,0,0,1,2,0,14,0,4,0,0,0,0,1,1,0,1,0,4,0,4,0,20,0,52,0,2,0,1,0,0,0,0,0,0,0,0,0,0,0,1,0,11,0,2,0,15,20,0
9,0,0,0,1,0,0,0,0,0,0,0,8,0,0,0,0,0,0,0,0,0,0,0,0,0,0,0,0,0,0,0,3,1,0,0,5,0,68,6,6,1,0,0,0,0,2367,81,3302,4,151,1,0,1,2733,0,36,0,11,0,7,0,341,0,147,1,1,0,45,1,588,9,2,0,0,0,3,0,0,1,0,0,2,2,25,2,0,0,77,0,0,0,22,0,0,0,0,0,0,0,0,0,0,0,0,0,1,0,1,0,0,0,0,0,0,0,0,0,0,0,0,0,0,1,0,0,0,0,1,0,0,0,0,0,0,0,0,0,0,0,0,0,0,0,0,0,0,0,0,0,0,0,0,0,0,0,0,0,0,0,0,0,0,0,0,0,0,0,0,0
0,14,0,2,0,0,0,0,0,0,0,0,8,3,0,0,0,0,0,0,0,0,0,0,0,0,0,0,0,0,0,0,1,9,0,0,0,34,1,22,0,5,2,1,0,0,248,1001,171,3375,0,336,1,0,3,2870,0,117,0,28,0,14,1,781,0,28,0,10,1,688,2,456,0,0,0,11,1,11,0,7,0,0,2,21,3,71,0,0,1,187,0,0,0,26,0,20,0,0,0,0,0,0,0,20,0,0,1,0,0,0,2,0,0,0,0,0,0,0,0,0,0,0,0,1,0,0,0,23,0,2,0,0,0,0,0,4,0,0,0,0,0,0,0,0,0,10,0,4,0,2,0,0,0,0,0,0,0,0,0,0,0,0,0,4,1,1,0,1,0,0
30,0,0,0,0,0,6,0,0,0,0,0,38,0,2,0,0,0,0,0,0,0,0,0,0,0,0,0,0,0,0,0,16,3,0,0,125,2,186,27,15,4,0,0,0,0,1491,88,515,9,1076,6,2733,3,0,1,2522,0,436,0,34,1,339,1,710,8,11,6,1360,5,549,25,11,0,4,1,17,7,3,3,0,0,27,2,265,18,2,1,2476,7,0,0,375,0,32,1,0,0,1,0,0,0,37,0,1,0,1,1,2,0,3,0,0,0,0,0,0,0,0,0,0,0,0,0,1,1,19,4,4,2,0,0,0,1,4,2,0,0,0,0,0,0,0,0,2,6,2,1,0,1,0,0,0,0,2,0,0,0,0,0,2,0,6,3,0,0,0,0,1,1
0,6,0,1,0,0,0,0,0,0,0,0,1,0,0,0,0,0,0,0,0,0,0,0,0,0,0,0,0,0,0,0,0,16,0,0,1,9,2,12,0,18,0,0,0,0,36,522,9,476,0,380,0,2870,1,0,0,1124,0,235,0,10,0,48,0,40,0,10,0,1704,0,102,0,0,0,2,0,14,0,5,0,0,1,37,3,230,0,0,3,1669,0,0,0,157,0,40,0,0,0,0,0,0,0,36,0,0,0,1,0,0,0,0,0,0,0,1,0,0,0,0,0,0,0,0,0,0,0,5,0,1,0,0,0,0,0,0,0,0,0,0,0,0,0,0,0,2,0,2,0,2,0,0,0,0,0,0,0,0,0,0,0,0,0,3,0,1,0,0,0,0
0,0,0,0,0,0,0,0,0,0,0,0,10,0,0,0,0,0,0,0,0,0,0,0,0,0,0,0,0,0,0,0,25,0,0,0,0,0,7,1,4,0,0,0,0,0,204,9,6,1,2125,0,36,0,2522,0,0,0,1728,0,0,0,0,0,3,0,1,0,7,0,5,1,0,0,0,0,8,0,0,0,0,0,12,0,101,0,1,0,365,0,0,0,575,0,453,0,0,0,0,0,0,0,121,0,0,0,0,0,0,0,1,0,0,0,0,0,0,0,0,0,0,0,0,0,2,0,0,0,0,0,0,0,0,0,0,0,0,0,0,0,0,0,0,0,1,0,0,0,0,0,0,0,0,0,0,0,0,0,0,0,1,0,0,0,0,0,0,0,0,0
0,0,0,0,0,0,0,0,0,0,0,0,0,1,0,0,0,0,0,0,0,0,0,0,0,0,0,0,0,0,0,0,0,17,0,0,1,0,0,1,0,17,0,0,0,0,4,290,0,46,0,1807,0,117,0,1124,0,0,0,1308,0,0,0,0,0,1,0,0,0,1,0,2,0,0,0,1,0,9,0,0,0,0,0,11,0,66,0,2,1,664,0,0,0,961,0,204,0,0,0,0,0,1,0,250,0,0,0,0,0,0,0,0,0,0,0,0,0,0,0,0,0,0,0,0,0,0,0,2,0,0,0,0,0,0,0,0,0,0,0,0,0,0,0,0,0,3,0,0,0,0,0,0,0,0,0,0,0,0,0,0,0,0,0,0,0,0,0,0,0,0
2,0,1,0,0,0,1,0,0,0,3,0,23,0,1,0,0,0,0,0,0,0,0,0,0,0,0,0,0,0,0,0,89,0,0,0,0,0,11,0,451,0,1606,0,47,0,33,15,3,0,2968,1,11,0,436,0,1728,0,0,1,0,0,1,0,1,0,0,0,3,0,35,6,0,0,2,0,42,0,1,0,0,0,43,0,290,0,486,0,455,0,475,0,2885,0,968,0,0,0,0,0,158,0,2246,1,0,0,0,0,0,0,3,0,0,0,0,0,0,0,0,0,0,0,0,0,0,0,0,0,0,0,0,0,2,0,2,0,0,0,3,0,0,0,2,0,8,0,0,0,0,0,0,0,0,0,0,0,0,0,0,0,0,0,6,0,0,0,0,0,0,0
0,2,0,3,0,3,0,3,0,0,0,2,0,20,0,1,0,0,0,0,0,0,0,0,0,0,0,0,0,0,0,0,0,221,0,0,0,0,2,7,12,1105,0,1827,0,77,9,176,1,20,2,2674,0,28,0,235,0,1308,1,0,2,0,0,0,0,0,0,4,1,2,5,118,0,1,0,9,0,288,0,7,0,0,0,40,0,322,0,545,0,699,0,516,0,3690,0,588,0,0,1,1,0,46,0,1168,0,0,2,2,2,1,12,2,1,2,0,0,0,0,0,0,0,1,0,0,0,6,0,5,0,11,0,1,0,2,0,3,0,0,0,7,0,2,0,13,0,44,0,1,0,2,0,0,0,0,0,0,1,1,0,0,0,0,0,24,0,3,0,2,1,0
7019,5,234,3,160,0,254,1,35,0,0,0,1180,1,53,2,0,0,0,0,0,0,0,0,0,0,0,0,0,0,0,0,378,1,0,0,209,13,6,0,5,0,0,0,0,0,2,1,5,3,1,0,7,0,34,0,0,0,0,2,0,2,955,4,2982,0,1141,1,10,0,1087,5,435,4,44,3,205,0,93,0,0,0,2,0,12,0,0,0,6,0,0,0,0,0,0,0,0,0,1,0,0,0,0,0,0,0,1,0,2,0,2,0,0,0,0,0,0,0,0,0,0,0,2,0,8,0,193,0,32,0,0,0,0,0,16,0,6,0,0,0,0,0,1,0,5,0,12,0,2,0,0,0,0,0,5,1,0,0,0,0,1,0,16,0,2,0,2,0,0,0
2,4851,2,225,1,188,0,210,0,19,0,0,1,1314,1,147,0,0,0,1,0,0,0,0,0,0,0,0,0,0,0,0,0,122,0,0,11,83,2,4,1,8,1,0,0,1,0,2,0,23,0,5,0,14,1,10,0,0,0,0,2,0,0,2623,0,1409,1,1977,0,82,5,1226,2,602,1,156,0,241,0,91,0,0,1,7,2,257,0,1,0,14,0,0,0,0,0,1,1,0,1,2,2,0,0,0,0,0,0,1,2,3,10,0,1,2,0,0,0,0,0,0,0,0,0,4,0,14,1,361,0,55,0,2,0,0,0,40,0,10,0,1,0,2,0,0,0,44,0,28,0,15,0,0,0,0,1,1,0,0,3,0,0,0,1,13,0,4,1,0,2,0
243,2,9,0,13,0,7,0,2,0,0,0,4,0,2,0,0,0,1,0,0,0,0,0,0,0,0,0,0,0,0,0,19,0,0,0,110,1,22,1,6,0,0,0,0,0,3,3,125,1,5,0,341,1,339,0,0,0,1,0,955,0,0,1,1941,2,24,0,176,1,2379,9,42,1,19,2,57,1,24,0,0,0,0,2,3,1,1,0,15,0,0,0,1,0,0,0,0,0,2,0,0,0,0,0,0,0,1,0,3,0,4,0,0,2,0,0,0,0,0,0,0,0,0,0,1,0,39,0,19,0,0,0,2,0,11,0,0,0,0,0,0,1,0,0,3,1,10,0,5,0,0,0,0,0,4,0,0,0,2,0,2,0,12,0,1,1,1,1,1,0
0,254,0,27,0,13,0,9,0,1,0,0,0,7,0,9,0,0,0,0,0,0,0,0,0,0,0,0,0,0,0,0,0,11,0,0,0,62,1,1,0,1,0,0,0,0,0,4,1,84,0,2,0,781,1,48,0,0,0,0,4,2623,1,0,2,729,0,42,0,481,11,1800,0,266,0,38,0,52,0,28,0,0,0,3,0,7,0,0,0,8,0,0,0,1,0,0,0,0,0,1,1,0,0,0,0,0,0,3,0,2,1,1,1,1,0,0,0,0,0,0,0,0,0,1,0,2,0,163,0,38,0,1,0,1,0,14,0,7,0,0,0,2,0,1,0,28,0,15,0,18,0,0,0,0,0,0,0,0,0,0,0,0,0,4,0,2,0,0,1,1
385,2,18,0,11,2,4,0,9,0,0,0,12,0,12,0,0,0,0,0,0,0,0,0,0,0,0,0,0,0,0,0,66,0,0,0,51,5,15,0,21,1,0,0,0,0,16,2,64,0,7,0,147,0,710,0,3,0,1,0,2982,0,1941,2,0,1,1155,1,1290,3,216,2,21,0,28,0,155,3,37,0,0,0,1,0,15,1,1,0,60,1,0,0,2,0,0,0,0,0,3,3,0,0,0,0,1,0,1,3,2,0,6,0,3,4,0,0,0,0,0,0,1,0,1,0,3,0,84,0,31,0,0,0,1,0,16,0,2,1,0,0,0,0,0,0,10,3,10,0,3,0,0,0,0,0,2,0,0,0,0,1,11,0,31,1,9,1,0,0,0,2
1,361,0,16,0,10,0,6,0,0,0,0,2,1,0,5,0,0,0,0,0,0,0,0,0,0,0,0,0,0,0,0,0,11,0,0,3,42,1,19,0,6,1,0,0,0,1,9,2,37,0,6,1,28,8,40,0,1,0,0,0,1409,2,729,1,0,1,2699,0,1249,6,58,0,3,0,37,0,25,0,17,0,0,3,2,2,203,0,0,0,114,0,0,0,2,0,1,0,0,0,0,0,0,0,1,0,0,1,0,1,0,2,1,1,0,0,0,0,0,0,0,0,1,0,1,0,1,0,99,0,25,0,1,0,1,1,7,0,3,0,0,0,0,0,0,1,21,0,6,0,5,0,0,0,0,0,0,0,0,1,0,0,0,0,14,0,5,0,1,0,1
171,0,9,1,14,0,15,0,2,0,0,0,326,0,4,0,0,0,0,0,0,0,0,0,0,0,0,0,0,0,0,0,82,0,0,0,12,0,1,0,6,0,0,0,0,0,1,0,1,0,0,0,1,0,11,0,1,0,0,0,1141,1,24,0,1155,1,0,0,345,0,28,0,6,0,14,1,56,0,33,0,0,0,0,0,355,0,0,0,27,0,0,0,1,0,0,0,0,0,2,0,0,0,0,0,0,0,1,1,1,1,3,0,0,0,0,0,0,0,0,0,0,0,0,0,1,0,32,0,10,0,2,0,0,0,3,0,1,0,0,0,0,0,0,0,3,0,2,0,0,0,0,0,0,0,0,0,0,0,0,0,4,0,10,0,1,0,0,0,1,1
0,437,0,22,0,53,0,40,0,5,0,0,2,1292,2,8,0,0,0,1,0,0,0,0,0,0,0,0,0,0,0,0,1,80,0,0,2,22,2,16,0,15,0,1,0,1,0,4,0,28,0,7,0,10,6,10,0,0,0,4,1,1977,0,42,1,2699,0,0,1,634,1,43,0,5,0,62,1,119,0,60,0,0,0,18,0,1462,0,1,0,140,0,0,0,0,1,1,0,0,0,4,0,0,0,0,0,0,4,6,11,8,19,1,1,4,1,0,0,0,0,0,0,0,0,4,0,8,1,180,0,30,0,2,0,4,0,46,0,0,0,0,0,3,0,0,0,27,0,10,0,10,0,0,0,0,0,0,0,0,4,0,2,4,0,58,0,11,1,1,0,3
11,1,0,0,0,0,1,0,0,0,0,0,3,0,0,0,0,0,0,0,0,0,0,0,0,0,0,0,0,0,0,0,5,1,0,0,11,0,13,0,4,0,0,0,0,0,29,5,29,0,15,2,45,1,1360,0,7,0,3,1,10,0,176,0,1290,0,345,1,0,1,29,0,2,0,2,0,7,1,2,0,0,0,1,1,26,2,0,0,1008,0,0,0,18,0,0,0,0,0,0,0,0,0,1,0,0,0,0,0,0,0,0,0,0,0,0,0,0,0,0,0,1,0,0,0,2,0,2,0,1,0,0,0,0,0,2,0,0,0,0,0,0,0,0,0,0,2,1,0,1,1,0,0,0,0,0,0,0,0,0,0,0,0,1,0,0,0,0,0,1,0
0,62,0,6,1,7,0,0,0,1,0,0,5,1,0,0,0,0,0,0,0,0,0,0,0,0,0,0,0,0,0,0,1,4,0,0,1,26,5,28,0,5,0,0,0,0,2,24,9,166,0,9,1,688,5,1704,0,1,0,2,0,82,1,481,3,1249,0,634,1,0,3,172,0,0,1,6,1,18,1,9,0,0,0,20,0,465,0,0,1,958,0,0,0,7,0,1,0,0,0,1,0,0,0,1,0,0,0,1,1,0,4,0,0,0,0,1,0,0,0,0,0,0,0,2,0,0,0,46,0,13,0,0,0,0,0,5,0,0,0,0,0,1,0,0,0,11,0,4,0,2,0,0,0,0,0,0,0,0,0,0,0,0,0,8,0,1,0,0,1,0
532,13,51,11,33,1,36,1,11,1,0,0,31,2,58,15,0,0,1,0,0,0,0,0,0,0,0,0,0,0,0,0,58,1,0,0,1906,107,907,56,529,2,134,1,0,0,2012,231,578,25,328,13,588,2,549,0,5,0,35,5,1087,5,2379,11,216,6,28,1,29,3,0,682,773,13,56,7,114,3,83,3,0,0,8,5,39,7,0,0,42,3,0,0,6,0,1,0,0,0,1,1,0,0,2,1,1,0,4,4,3,1,3,1,0,2,0,0,0,0,0,0,1,0,2,0,7,0,204,10,52,2,1,0,3,0,35,2,13,0,0,0,0,0,0,0,8,5,19,1,5,0,0,0,0,0,2,2,0,0,1,0,0,0,8,0,8,0,3,1,1,3
3,259,0,121,0,33,0,19,0,2,0,0,28,16,2,332,0,0,0,0,0,0,0,0,0,0,0,0,0,0,0,0,6,59,0,0,39,2767,74,917,169,120,3,132,0,0,140,2080,135,1170,30,1475,9,456,25,102,1,2,6,118,5,1226,9,1800,2,58,0,43,0,172,682,0,1,1695,1,149,4,158,2,88,0,0,15,48,26,116,0,0,21,124,0,0,2,7,0,4,0,0,4,3,0,5,0,5,0,0,4,5,15,5,10,1,1,2,0,1,0,0,0,0,0,0,0,15,2,12,3,379,1,81,0,4,0,2,1,66,0,12,0,4,0,4,0,2,1,103,0,38,0,36,0,0,0,0,1,4,1,0,1,1,3,3,2,32,1,7,1,3,0,2
1688,11,466,40,103,19,114,8,34,1,0,0,15,0,1012,31,0,0,2,3,0,0,0,0,0,0,0,0,0,0,0,0,32,3,0,0,946,41,3,0,2,0,0,0,0,0,0,0,1,0,0,0,2,0,11,0,0,0,0,0,435,2,42,0,21,0,6,0,2,0,773,1,0,13,60,16,80,3,37,0,0,0,0,0,0,0,0,1,0,0,0,0,0,0,0,0,0,0,1,0,1,0,0,0,0,0,1,0,0,2,4,0,0,0,0,0,0,0,0,1,0,0,0,0,15,0,79,1,8,0,1,0,0,0,12,0,4,0,0,0,0,0,0,0,3,0,3,0,4,0,0,0,0,2,24,7,0,0,0,0,0,0,0,0,4,0,0,0,0,0
3,776,1,151,3,37,2,39,1,6,0,0,1,30,13,1574,0,0,0,0,0,0,0,0,0,0,0,0,0,0,0,0,1,25,0,0,83,588,0,2,0,4,1,1,0,0,0,0,0,4,0,0,0,0,0,0,0,0,0,1,4,602,1,266,0,3,0,5,0,0,13,1695,13,0,6,83,3,134,2,41,0,0,0,0,0,0,0,1,0,1,0,0,0,0,0,0,0,0,0,0,0,0,0,0,0,0,0,0,0,3,0,1,1,0,0,0,0,0,0,0,0,4,0,1,1,14,5,172,2,28,0,1,0,1,2,19,0,6,0,0,0,0,0,0,1,28,0,10,0,15,0,0,0,0,1,19,0,0,0,0,0,0,1,2,0,1,1,0,0,1
151,13,300,79,283,36,213,10,292,6,17,1,46,1,144,64,81,12,154,40,47,29,34,8,17,0,0,0,53,0,3,0,384,6,0,0,219,60,1,0,36,0,0,1,5,1,0,1,0,0,2,1,0,0,4,0,0,0,2,0,44,1,19,0,28,0,14,0,2,1,56,1,60,6,0,529,2683,9,760,5,0,0,2,0,8,0,10,1,2,0,0,0,1,0,1,0,0,0,8,1,4,0,0,0,0,0,19,6,21,5,22,4,3,3,0,0,0,0,0,0,54,2,46,1,394,1,843,3,346,1,15,0,14,0,358,0,89,1,0,0,1,0,1,0,146,2,150,1,116,1,26,9,25,8,67,42,105,14,4,0,16,0,84,1,49,0,3,1,4,4
18,343,270,963,137,997,16,253,40,321,3,32,2,44,79,433,36,106,232,295,6,127,17,27,1,25,0,5,2,51,0,4,21,236,0,0,106,536,2,10,1,40,0,1,0,29,0,5,1,25,1,3,0,11,1,2,0,1,0,9,3,156,2,38,0,37,1,62,0,6,7,149,16,83,529,0,43,3040,23,810,0,0,0,10,0,19,0,27,0,4,0,0,0,2,0,1,0,0,1,10,0,3,1,1,0,0,3,11,7,8,10,5,5,5,0,0,0,0,0,0,0,83,0,29,9,481,4,751,0,190,0,23,0,9,1,488,0,125,0,1,0,5,0,3,1,420,0,94,0,95,32,29,52,31,147,155,55,228,5,3,0,2,0,39,4,27,2,6,11,9
237,0,500,26,557,13,106,1,388,2,225,0,155,0,152,22,536,0,86,11,27,1,74,0,31,0,14,0,263,0,10,0,2515,2,0,0,168,20,11,4,869,2,23,0,522,0,1,5,3,2,14,1,3,1,17,0,8,0,42,0,205,0,57,0,155,0,56,1,7,1,114,4,80,3,2683,43,0,8,1712,3,0,0,25,0,292,2,447,3,150,3,1,0,171,0,3,0,0,0,7,0,3,0,1,0,2,0,10,4,5,4,34,6,4,7,0,0,0,0,0,0,4,0,6,0,159,4,172,0,27,0,2,0,18,0,69,0,13,0,156,0,1,0,19,0,156,1,18,0,8,0,1,0,10,1,40,7,389,5,2,0,4,0,65,0,28,0,0,1,2,1
7,277,10,661,6,656,2,351,0,491,0,166,8,213,17,172,4,265,10,101,0,34,2,72,0,23,0,15,0,102,0,16,2,4117,0,0,13,159,3,5,3,1593,3,74,0,533,7,28,0,28,1,95,0,11,7,14,0,9,0,288,0,241,1,52,3,25,0,119,1,18,3,158,3,134,9,3040,8,0,0,972,0,0,5,83,4,362,0,522,6,151,0,2,0,111,0,9,1,1,4,3,3,3,0,10,0,1,8,16,11,8,28,5,2,1,2,1,0,1,0,0,0,11,0,2,2,140,0,68,0,19,0,8,0,9,0,43,0,5,0,81,0,8,0,18,0,69,0,5,0,14,7,6,2,21,10,12,26,642,3,3,0,2,0,140,1,19,0,2,2,0
94,6,206,20,264,3,27,0,115,1,2,0,15,0,87,15,3,0,37,7,0,0,0,0,0,0,0,0,0,0,1,0,62,1,0,0,126,11,2,0,181,0,1,1,139,1,0,1,0,0,0,1,0,0,3,0,0,0,1,0,93,0,24,0,37,0,33,0,2,1,83,2,37,2,760,23,1712,0,0,2,0,0,3,0,4,0,50,1,16,0,1,0,20,0,0,0,0,0,3,4,1,2,0,4,1,0,21,11,16,10,15,13,3,2,0,0,0,0,0,4,12,0,1,0,290,3,33,0,9,0,1,0,69,1,68,0,5,0,29,0,0,0,2,0,12,2,4,0,5,0,0,0,0,2,24,6,261,2,4,1,9,1,126,0,76,0,2,2,4,0
2,84,0,161,1,206,0,59,1,95,0,7,0,48,5,92,0,0,2,20,0,1,0,0,0,0,0,0,0,1,0,0,0,277,0,0,3,75,2,4,2,140,3,4,0,120,0,3,0,14,0,3,1,7,3,5,0,0,0,7,0,91,0,28,0,17,0,60,0,9,3,88,0,41,5,810,3,972,2,0,0,0,0,6,1,14,0,45,0,9,0,1,0,6,1,1,0,1,2,4,3,2,0,0,1,1,5,13,16,6,23,5,2,1,1,0,0,0,0,1,0,14,0,1,1,73,0,47,1,14,0,14,0,6,4,48,1,12,0,114,0,3,0,2,1,29,0,6,0,6,3,0,4,3,3,7,6,146,3,13,0,4,0,213,4,58,1,3,1,3
0,0,0,0,0,0,0,0,0,0,0,0,0,0,0,0,0,0,0,0,0,0,0,0,0,0,0,0,0,0,0,0,0,0,0,0,0,0,0,0,0,0,0,0,0,0,0,0,0,0,0,0,0,0,0,0,0,0,0,0,0,0,0,0,0,0,0,0,0,0,0,0,0,0,0,0,0,0,0,0,0,0,0,0,0,0,0,0,0,0,0,0,0,0,0,0,0,0,0,0,0,0,0,0,0,0,0,0,0,0,0,0,0,0,0,0,0,0,0,0,0,0,0,0,0,0,0,0,0,0,0,0,0,0,0,0,0,0,0,0,0,0,0,0,0,0,0,0,0,0,0,0,0,0,0,0,0,0,0,0,0,0,0,0,0,0,0,0,0,0
0,0,0,0,0,0,0,0,0,0,0,0,0,0,0,0,0,0,0,0,0,0,0,0,0,0,0,0,0,0,0,0,0,0,0,0,0,0,0,0,0,0,0,0,0,0,0,0,0,0,0,0,0,0,0,0,0,0,0,0,0,0,0,0,0,0,0,0,0,0,0,0,0,0,0,0,0,0,0,0,0,0,0,0,0,0,0,0,0,0,0,0,0,0,0,0,0,0,0,0,0,0,0,0,0,0,0,0,0,0,0,0,0,0,0,0,0,0,0,0,0,0,0,0,0,0,0,0,0,0,0,0,0,0,0,0,0,0,0,0,0,0,0,0,0,0,0,0,0,0,0,0,0,0,0,0,0,0,0,0,0,0,0,0,0,0,0,0,0,0
0,0,0,0,0,0,3,0,0,0,0,0,109,0,1,0,0,0,0,0,0,0,0,0,0,0,0,0,0,0,0,0,32,0,0,0,1,1,16,7,4,3,0,0,0,0,6,14,2,5,14,0,2,2,27,1,12,0,43,0,2,1,0,0,1,3,0,0,1,0,8,15,0,0,2,0,25,5,3,0,0,0,0,0,555,5,0,0,181,5,0,0,6,0,0,0,0,0,0,0,1,0,0,0,0,0,2,0,1,0,0,1,0,2,0,0,0,1,0,0,1,0,0,0,0,0,0,0,0,0,0,0,0,0,3,0,0,0,0,0,0,0,0,0,20,1,0,0,1,0,0,0,0,0,0,0,0,0,0,0,0,0,1,0,0,0,0,0,0,0
0,8,0,5,0,1,0,7,0,2,0,0,11,97,0,5,0,0,0,0,0,0,0,0,0,0,0,0,0,0,0,0,0,79,0,0,2,5,3,26,0,18,0,5,0,0,14,54,5,16,1,66,2,21,2,37,0,11,0,40,0,7,2,3,0,2,0,18,1,20,5,48,0,0,0,10,0,83,0,6,0,0,0,0,8,1507,0,24,2,123,0,0,0,7,0,5,0,0,0,3,0,0,0,7,0,0,1,1,0,2,1,0,0,0,0,0,0,0,0,0,0,0,0,0,0,1,0,18,1,2,0,0,0,0,0,2,0,0,0,0,0,0,0,4,1,23,0,0,0,2,0,0,0,0,0,0,0,0,1,0,0,0,0,13,2,1,0,0,1,0
7,0,3,0,1,0,0,0,2,0,25,0,943,0,0,1,0,0,0,0,0,0,0,0,0,0,0,0,0,0,0,0,506,3,0,0,4,0,82,23,576,2,8,0,4,0,54,45,9,8,186,5,25,3,265,3,101,0,290,0,12,2,3,0,15,2,355,0,26,0,39,26,0,0,8,0,292,4,4,1,0,0,555,8,0,18,1286,0,4430,9,1,0,518,1,15,0,0,0,3,0,2,1,19,0,1,0,5,1,2,3,13,0,2,1,0,0,0,0,0,0,1,0,2,0,5,0,3,0,1,1,2,0,2,0,8,1,0,0,17,0,0,0,3,0,59,3,0,0,2,0,0,0,0,0,0,1,0,0,1,0,1,0,19,2,0,0,0,0,2,0
0,182,0,13,0,9,0,13,0,2,1,0,30,1381,1,4,0,0,0,0,0,0,0,0,0,0,0,0,0,1,0,0,1,549,0,0,1,22,14,95,0,431,1,37,0,5,32,118,10,44,0,248,2,71,18,230,0,66,0,322,0,257,1,7,1,203,0,1462,2,465,7,116,0,0,0,19,2,362,0,14,0,0,5,1507,18,0,0,1015,4,4904,0,56,1,224,0,16,0,0,0,2,0,1,0,31,0,0,3,4,1,6,17,4,1,3,0,0,0,0,0,0,0,0,0,0,0,1,1,32,1,7,0,0,1,0,0,7,0,1,0,11,0,3,0,16,2,69,0,1,0,11,0,0,0,0,0,1,0,0,1,0,0,2,0,31,1,8,0,4,3,0
0,0,10,0,11,1,0,0,4,0,328,0,8,0,1,0,3,0,3,0,1,0,3,0,6,0,0,0,11,0,0,0,426,0,0,0,0,0,0,0,891,0,390,0,849,0,0,0,0,0,1,0,0,0,2,0,1,0,486,0,0,0,1,0,1,0,0,0,0,0,0,0,0,0,10,0,447,0,50,0,0,0,0,0,1286,0,0,0,1173,0,1394,0,1303,0,0,0,0,0,0,0,0,0,0,0,0,1,1,0,1,0,0,0,0,0,0,0,0,0,0,0,0,0,0,0,43,0,0,0,0,0,0,0,5,0,0,0,1,0,9,0,0,0,0,0,0,1,0,0,0,0,1,0,1,0,1,0,1,0,0,0,0,0,1,0,3,0,0,0,0,0
0,1,1,73,0,83,0,31,0,52,0,61,0,260,1,4,1,3,2,30,0,12,0,1,0,9,0,8,0,61,0,1,0,1274,0,0,0,2,0,0,0,738,0,270,0,713,0,0,0,0,0,1,0,0,1,0,0,2,0,545,0,1,0,0,0,0,0,1,0,0,0,0,1,1,1,27,3,522,1,45,0,0,0,24,0,1015,0,0,0,548,0,1785,0,562,0,2,0,0,1,1,0,0,0,2,0,0,0,1,1,0,0,1,0,0,0,0,0,0,0,0,0,3,0,0,0,24,0,4,0,0,0,3,0,1,0,9,0,1,0,1,0,0,0,0,0,1,0,0,0,0,2,2,0,2,0,0,7,21,0,0,0,0,0,2,0,3,0,1,0,0
7,0,1,0,0,0,1,0,0,0,21,0,209,0,0,0,0,0,0,0,0,0,0,0,1,0,0,0,0,0,0,0,252,2,0,0,6,0,41,16,278,0,8,0,12,0,51,42,26,6,197,5,77,1,2476,3,365,1,455,0,6,0,15,0,60,0,27,0,1008,1,42,21,0,0,2,0,150,6,16,0,0,0,181,2,4430,4,1173,0,0,8,737,0,4268,0,22,0,0,0,1,0,1,0,21,0,0,0,2,0,1,0,4,1,1,1,0,0,0,0,0,1,1,0,1,0,4,0,1,1,1,0,0,0,0,0,5,0,1,0,5,0,0,0,0,0,27,4,1,0,0,0,0,0,0,0,0,1,0,0,0,0,2,0,8,1,2,0,0,0,1,1
0,4,0,1,0,5,0,3,0,0,0,1,9,44,0,0,0,1,0,0,0,0,0,1,0,1,0,0,0,2,0,0,2,200,0,0,2,18,7,35,0,469,0,78,0,12,24,165,3,85,2,235,0,187,7,1669,0,664,0,699,0,14,0,8,1,114,0,140,0,958,3,124,0,1,0,4,3,151,0,9,0,0,5,123,9,4904,0,548,8,0,0,456,1,5506,0,43,0,0,0,3,0,1,0,41,0,0,0,0,1,0,2,0,0,1,0,2,0,0,0,0,0,0,0,1,0,4,0,11,0,3,0,1,0,0,0,5,0,0,0,4,0,0,0,2,2,20,0,0,0,0,0,0,0,0,0,0,0,1,1,0,0,0,0,7,0,0,0,2,0,0
0,0,0,0,0,0,0,0,0,0,2,0,0,0,0,0,0,0,0,0,0,0,0,0,0,0,0,0,0,0,0,0,2,0,0,0,0,0,0,0,26,0,136,0,14,0,0,0,0,0,0,0,0,0,0,0,0,0,475,0,0,0,0,0,0,0,0,0,0,0,0,0,0,0,0,0,1,0,1,0,0,0,0,0,1,0,1394,0,737,0,0,0,1504,0,0,0,0,0,0,0,0,0,0,0,0,0,0,0,0,0,0,0,0,0,0,0,0,0,0,0,0,0,0,0,0,0,0,0,0,0,0,0,0,0,0,0,0,0,0,0,0,0,0,0,0,0,0,0,0,0,0,0,0,0,0,0,0,0,0,0,0,0,0,0,0,0,0,0,0,0
0,0,0,0,0,0,0,1,0,1,0,0,0,9,0,0,0,0,0,0,0,0,0,0,0,0,0,0,0,3,0,0,0,29,0,0,0,0,0,0,0,113,0,259,0,22,0,0,0,0,0,0,0,0,0,0,0,0,0,516,0,0,0,0,0,0,0,0,0,0,0,0,0,0,0,0,0,2,0,1,0,0,0,0,0,56,0,1785,0,456,0,0,0,640,0,0,0,0,0,0,0,0,0,0,0,0,0,0,0,0,0,0,0,0,0,0,0,0,0,0,0,0,0,0,0,1,0,0,0,0,0,0,0,0,0,0,0,0,0,0,0,0,0,0,0,0,0,0,0,0,0,0,0,0,0,0,0,0,0,0,0,0,0,0,0,0,0,0,0,0
0,0,1,0,1,0,0,0,1,0,19,0,14,0,0,0,0,0,0,0,1,0,0,0,0,0,1,0,1,0,0,0,179,0,0,0,0,1,8,2,460,1,169,0,43,0,6,9,4,1,64,1,22,0,375,0,575,0,2885,0,0,0,1,0,2,0,1,0,18,0,6,2,0,0,1,0,171,0,20,0,0,0,6,0,518,1,1303,0,4268,1,1504,0,0,0,169,0,0,0,0,0,2,0,96,0,0,0,0,0,0,0,3,0,0,0,0,0,0,0,0,0,0,0,0,0,13,0,0,0,0,0,0,0,0,0,0,0,0,0,7,0,0,0,0,0,15,0,0,0,0,0,0,0,0,0,0,0,0,0,0,0,0,0,4,0,1,0,0,0,0,0
0,0,0,5,0,3,0,0,0,3,0,2,0,4,0,0,0,0,0,2,0,0,0,0,0,0,0,0,0,1,0,0,0,121,0,0,0,1,0,1,0,652,0,119,0,58,4,18,0,6,0,96,0,26,0,157,0,961,0,3690,0,0,0,1,0,2,0,0,0,7,0,7,0,0,0,2,0,111,0,6,0,0,0,7,1,224,0,562,0,5506,0,640,0,0,0,203,0,0,0,1,0,0,0,90,0,0,0,0,0,0,0,0,0,0,0,1,0,0,0,0,0,0,0,0,0,4,0,0,0,0,0,0,0,0,0,0,0,0,0,2,0,0,0,0,0,4,0,0,0,1,0,0,0,0,0,0,1,2,0,0,0,0,0,0,0,0,0,0,0,0
0,0,0,0,0,0,0,0,1,0,0,0,0,0,0,0,0,0,0,0,0,0,0,0,0,0,0,0,0,0,0,0,3,0,0,0,0,0,0,0,1,0,1,0,0,0,6,1,0,0,223,0,0,0,32,0,453,0,968,0,0,0,0,0,0,0,0,1,0,0,1,0,0,0,1,0,3,0,0,1,0,0,0,0,15,0,0,0,22,0,0,0,169,0,0,2,4624,3,59,1,308,4,2231,26,577,0,843,2,42,1,15,1,0,0,11,36,73,8,6,0,0,0,0,0,1,0,0,3,0,0,0,0,0,0,4,0,0,0,0,0,0,0,0,0,1,1,0,0,0,0,0,0,0,0,0,0,0,0,5,0,3,0,0,0,0,0,0,0,0,0
0,0,0,0,0,0,0,0,0,0,0,0,1,2,0,0,0,0,0,0,0,0,0,0,0,0,0,0,0,0,0,0,0,5,0,0,0,1,0,0,0,7,1,2,0,0,16,91,0,8,1,1240,0,20,1,40,0,204,0,588,0,1,0,0,0,1,0,1,0,1,0,4,0,0,0,1,0,9,0,1,0,0,0,5,0,16,0,2,0,43,0,0,0,203,2,0,2,2900,1,224,5,420,1,3506,0,277,6,1544,2,192,5,53,14,1,22,19,34,8,17,0,0,0,0,0,3,0,1,2,0,0,0,0,0,0,0,1,0,0,0,1,0,0,0,0,0,3,0,0,0,0,0,0,0,0,0,0,0,0,1,0,0,0,0,7,0,0,0,2,1,1
0,0,0,0,1,0,0,0,0,0,0,0,0,0,1,0,0,0,0,0,0,0,0,0,0,0,0,0,0,0,0,0,1,0,0,0,0,0,0,0,0,0,1,1,0,0,0,0,0,0,0,0,0,0,0,0,0,0,0,0,0,1,0,0,0,0,0,0,0,0,0,0,0,0,0,0,0,1,0,0,0,0,0,0,0,0,0,0,0,0,0,0,0,0,4624,2,0,11,89,1,333,3,1164,12,1459,1,1095,9,73,5,17,2,2,1,19,24,193,17,7,1,0,0,0,0,0,0,2,1,0,0,0,0,0,0,2,0,0,0,0,0,0,0,0,0,1,0,1,0,0,0,0,0,0,0,0,0,0,0,3,0,1,1,0,0,0,0,0,0,1,2
0,0,0,0,0,0,0,0,0,0,0,0,0,0,0,0,0,0,0,0,0,0,0,0,0,0,0,0,0,0,0,0,0,1,0,0,0,0,0,0,1,1,0,3,0,0,0,0,0,0,0,0,0,0,0,0,0,0,0,0,0,0,0,0,0,0,0,0,0,0,0,0,0,0,0,0,0,1,0,1,0,0,0,0,0,0,0,0,0,0,0,0,0,0,3,2900,11,0,4,103,9,193,5,838,1,996,18,1350,9,107,7,16,9,1,34,23,215,43,17,1,0,0,0,0,0,0,0,0,0,0,0,0,0,0,0,0,0,0,0,1,0,1,0,0,2,0,0,0,0,0,0,0,0,0,0,1,0,0,2,1,0,0,0,0,0,0,0,1,1,0
0,0,1,1,0,0,0,0,0,0,0,0,0,0,0,0,0,0,0,0,0,0,0,0,0,0,0,0,0,0,0,0,7,2,0,0,0,1,0,0,13,0,3,1,0,0,0,1,0,2,12,3,0,0,1,0,0,0,0,1,1,1,2,0,3,0,2,0,0,0,1,4,1,0,8,1,7,4,3,2,0,0,0,0,3,0,0,1,1,0,0,0,0,0,59,1,89,4,0,13,847,16,98,10,92,4,782,22,753,36,65,9,226,124,168,53,26,66,34,222,1,0,0,0,2,1,15,8,3,0,0,0,1,0,27,10,3,1,3,0,0,0,4,0,11,5,2,0,1,0,0,0,0,0,0,0,1,1,3,2,1,2,3,1,13,1,4,6,21,1
1,1,0,0,0,0,0,0,0,0,0,0,3,3,1,0,0,0,0,0,0,0,0,0,0,0,0,0,0,0,0,0,2,6,0,0,0,0,1,0,1,8,1,7,0,0,0,0,0,2,0,59,0,0,0,0,0,0,0,1,0,2,0,1,3,0,0,4,0,1,1,3,0,0,1,10,0,3,4,4,0,0,0,3,0,2,0,1,0,3,0,0,0,1,1,224,1,103,13,0,21,1196,0,312,1,37,27,1160,37,364,31,250,16,33,335,38,9,21,16,14,0,0,0,0,1,4,3,24,1,6,0,0,0,0,4,19,0,1,0,1,0,2,0,14,1,14,0,1,0,0,0,0,0,0,0,0,0,0,9,1,7,2,3,6,5,9,1,47,14,4
0,0,0,1,0,0,0,0,1,0,0,0,1,0,0,1,0,0,0,0,0,0,0,0,0,0,0,0,0,0,0,0,2,2,0,0,1,0,0,0,4,0,52,0,1,0,0,0,0,1,80,1,0,0,0,0,0,0,158,0,0,2,0,1,0,0,0,0,0,0,0,0,1,0,4,0,3,3,1,3,0,0,1,0,2,0,0,0,1,0,0,0,2,0,308,5,333,9,847,21,0,18,2252,21,339,2,1650,31,335,16,268,12,12,20,780,151,108,42,14,10,0,0,0,0,1,3,3,6,0,0,0,0,0,0,9,0,0,0,1,0,1,1,1,0,23,3,0,0,1,0,0,0,0,0,0,0,0,0,16,3,2,0,4,3,8,2,2,2,3,0
1,0,0,0,0,0,0,0,0,0,0,0,0,0,0,0,0,0,0,0,0,0,0,0,0,0,0,0,0,0,0,0,2,2,0,0,0,0,0,0,1,15,0,80,0,0,0,1,0,0,1,148,0,0,0,0,0,1,0,46,0,0,0,0,0,0,0,0,0,0,0,5,0,0,0,3,0,3,2,2,0,0,0,0,1,1,0,0,0,1,0,0,0,0,4,420,3,193,16,1196,18,0,7,1654,4,77,23,1088,19,244,16,199,22,5,557,153,92,80,47,13,0,0,0,0,0,1,1,4,0,0,0,0,0,0,0,0,0,0,0,1,0,3,0,1,1,1,0,0,0,0,0,0,0,0,0,0,0,0,3,0,0,1,0,6,2,1,0,9,1,0
0,0,0,0,0,0,0,0,0,0,0,0,3,0,0,0,0,0,0,0,0,0,0,0,0,0,0,0,0,0,0,0,4,0,0,0,0,0,1,0,4,0,0,0,0,0,35,0,0,0,1432,0,0,0,37,0,121,0,2246,0,0,0,0,0,0,0,0,0,1,0,2,0,0,0,0,1,1,0,0,0,0,0,0,0,19,0,0,0,21,0,0,0,96,0,2231,1,1164,5,98,0,2252,7,0,19,527,0,899,9,78,3,171,4,1,1,30,277,128,20,1,2,0,0,0,0,0,0,1,1,0,0,0,0,0,0,0,1,0,0,0,0,0,0,0,0,1,0,0,0,0,0,0,0,0,0,0,0,0,0,1,0,0,0,0,0,0,1,0,0,2,0
0,0,0,0,0,0,0,0,0,0,0,0,0,1,0,0,0,0,0,0,0,0,0,0,0,0,0,0,0,0,0,0,2,15,0,0,0,0,0,1,0,7,1,6,0,0,88,68,0,9,4,987,0,20,0,36,0,250,1,1168,0,0,0,0,0,1,0,0,0,1,1,5,0,0,0,1,0,10,4,0,0,0,0,7,0,31,0,2,0,41,0,0,0,90,26,3506,12,838,10,312,21,1654,19,0,8,142,16,1400,12,192,13,206,21,1,76,363,249,75,25,1,0,0,0,0,0,1,0,1,0,0,0,0,0,2,1,1,0,0,0,0,0,0,0,0,0,3,0,0,0,1,0,0,0,0,0,0,0,0,4,0,0,2,0,3,1,1,0,5,0,0
0,0,0,0,0,0,0,0,0,0,0,0,0,0,0,0,0,0,0,0,0,0,0,0,0,0,0,0,0,0,0,0,0,1,0,0,0,0,0,0,2,0,2,0,0,1,0,0,0,0,0,0,0,0,1,0,0,0,0,0,0,0,0,0,1,0,0,0,0,0,1,0,0,0,0,0,2,0,1,1,0,0,0,0,1,0,0,0,0,0,0,0,0,0,577,0,1459,1,92,1,339,4,527,8,0,1,1837,11,90,3,10,4,1,1,13,19,44,18,3,1,0,0,0,0,0,0,3,2,0,0,0,0,0,0,1,0,0,0,0,0,0,0,0,0,0,0,0,0,0,0,0,0,0,0,0,0,0,0,10,1,1,0,0,0,3,1,0,0,0,0
