0,49,3064,23,1419,16,1543,4,273,2,1,0,1048,13,1136,45,0,0,17,0,0,0,0,0,0,1,0,0,0,0,0,0,454,11,0,0,430,135,35,2,11,1,0,0,0,0,1,0,4,0,4,0,14,0,30,0,4,0,1,0,6279,26,326,1,294,1,360,15,50,1,261,35,877,29,72,5,327,27,168,25,0,0,57,3,484,6,1,0,44,0,0,0,1,0,0,0,0,0,0,1,0,0,0,0,0,0,1,1,0,0,0,5,0,1,0,0,0,0,0,0,4,0,0,0,8,2,53,4,10,7,12,3,1,0,26,4,3,0,0,0,0,0,0,0,12,2,6,1,1,1,0,0,0,0,57,60,0,2,3,1,0,1,14,3,2,0,0,0,1,1
49,0,20,2909,17,3322,17,1458,10,72,0,0,15,938,153,1026,0,1,14,6,0,0,0,0,0,0,0,0,0,0,0,0,24,126,0,0,121,285,4,19,1,9,0,0,0,1,2,4,4,13,0,0,0,8,0,12,0,0,0,0,16,5912,4,56,7,348,2,580,0,98,4,554,32,1093,5,81,24,257,15,141,0,0,1,14,3,272,0,4,0,12,0,0,0,0,0,0,0,0,0,0,0,0,0,0,0,0,0,0,0,1,3,0,0,0,0,0,0,0,0,0,0,0,0,0,2,18,3,71,1,25,0,17,0,0,1,10,0,1,0,2,0,3,0,7,2,18,0,7,2,1,0,0,0,1,65,16,0,3,1,6,0,6,2,30,0,0,0,0,0,0
3064,20,0,44,6824,19,162,6,1013,4,324,0,74,7,3390,22,27,9,4773,7,610,4,120,0,171,0,401,0,261,0,123,0,822,3,0,0,131,37,5,0,4,0,0,0,7,0,1,0,2,0,0,0,0,0,5,0,0,0,0,0,161,1,19,0,31,0,44,0,8,1,24,8,387,4,248,56,263,16,33,9,0,0,6,0,98,1,16,0,12,0,0,0,2,0,0,0,0,0,0,0,0,0,0,0,0,0,0,1,0,0,0,0,0,0,0,0,0,0,0,0,0,0,0,0,3,1,4,3,1,2,0,1,0,0,4,3,0,0,0,0,1,0,0,2,3,0,0,1,0,0,3,4,44,11,190,85,22,8,0,2,0,0,3,2,0,0,0,0,0,0
23,2909,44,0,32,6978,6,608,12,679,0,401,2,164,58,4189,9,258,94,2826,12,498,8,164,2,347,0,841,5,259,0,44,18,690,0,0,64,1241,1,16,0,25,0,1,0,19,2,0,2,0,0,0,0,0,0,0,0,0,0,4,9,166,4,5,2,40,0,16,1,1,2,281,21,476,12,448,14,950,3,232,0,0,0,5,2,12,1,34,0,5,0,1,0,6,1,0,0,0,0,0,0,0,0,0,0,0,1,0,0,0,0,1,0,0,0,0,0,0,0,0,0,0,0,0,0,23,4,68,0,24,2,19,0,4,1,40,0,5,0,4,0,3,0,4,0,19,0,10,0,3,14,94,100,294,200,652,6,127,0,5,0,5,1,29,0,0,0,2,0,1
1419,17,6824,32,0,23,734,14,4174,1,621,0,125,4,573,26,10,13,595,5,76,4,10,0,39,0,179,0,155,0,452,0,858,8,0,0,45,41,1,0,2,1,0,0,2,0,0,0,2,0,0,0,0,0,0,0,0,0,0,0,53,0,1,0,2,1,12,1,1,0,9,4,41,1,283,69,284,13,38,8,0,0,3,0,18,1,10,1,2,0,0,0,0,0,0,0,0,0,0,0,0,0,0,0,0,0,1,0,0,0,0,1,0,0,0,0,0,0,0,0,0,0,0,0,3,2,7,3,2,0,1,2,0,0,2,1,0,0,0,0,0,0,0,0,2,3,0,1,0,0,2,2,8,4,280,161,10,7,2,0,0,0,3,2,1,0,0,0,0,0
16,3322,19,6978,23,0,7,1414,5,3635,2,1129,2,111,48,366,3,73,86,234,10,46,2,23,0,69,0,898,2,112,0,107,19,910,0,0,54,257,1,0,0,13,0,0,0,15,0,0,0,0,0,0,0,0,0,0,0,0,0,1,4,142,1,3,1,9,0,37,0,4,0,55,13,42,1,816,8,784,5,153,0,0,0,6,0,19,0,38,0,6,0,1,0,8,0,0,0,0,0,0,0,0,0,0,0,0,0,0,0,0,1,0,0,0,0,0,0,0,0,0,1,0,0,0,0,22,0,26,0,12,0,10,0,3,1,40,0,0,0,0,0,1,0,0,1,4,0,2,0,2,5,45,74,38,204,302,1,26,0,4,0,2,0,13,0,1,0,0,1,0
1543,17,162,6,734,7,0,2,2255,0,0,1,1170,2,224,15,0,0,21,0,0,0,0,0,0,0,0,0,1,0,0,0,777,1,0,0,70,37,1,0,0,0,0,0,0,0,0,0,0,0,0,0,0,0,2,0,0,0,0,0,277,4,6,0,1,0,40,2,2,0,16,2,143,7,30,4,61,4,19,6,0,0,20,0,30,0,172,0,1,0,0,0,0,0,0,0,0,0,0,0,0,0,0,0,0,0,0,0,0,0,1,0,0,0,0,0,0,0,0,0,0,0,0,0,2,1,10,3,2,3,0,0,0,0,4,0,0,0,0,0,0,0,0,0,3,0,0,0,0,0,0,0,0,0,31,15,0,2,0,0,0,0,4,1,0,0,0,0,0,0
4,1458,6,608,14,1414,2,0,1,2210,0,4,1,1489,28,214,0,0,8,38,0,0,0,0,0,0,0,0,0,1,0,0,6,1664,0,0,30,115,1,0,0,8,1,0,0,0,0,0,0,0,0,0,0,0,0,1,0,0,0,1,4,245,0,11,1,4,1,81,0,0,1,40,1,25,3,124,5,182,2,43,0,0,0,28,0,14,0,5,0,0,0,0,0,3,0,0,0,0,0,0,0,0,0,0,0,0,0,0,0,0,0,0,0,0,0,0,0,0,0,0,0,0,0,0,0,9,0,18,0,5,0,2,0,0,1,13,0,1,0,1,0,0,0,5,0,2,1,1,0,2,0,1,1,2,50,46,0,0,0,1,0,1,0,2,0,1,0,0,0,0
273,10,1013,12,4174,5,2255,1,0,1,1123,0,345,0,291,6,3,1,301,1,11,0,0,0,3,0,7,0,20,0,48,0,1766,1,0,0,41,19,1,0,0,1,0,1,1,0,1,0,0,0,0,0,0,0,0,0,0,0,0,0,68,2,3,0,1,0,8,0,0,0,4,0,38,1,141,12,190,5,42,3,0,0,4,0,9,1,68,0,1,0,0,0,0,0,0,0,1,0,0,0,0,0,0,0,0,0,0,0,0,0,2,0,0,0,0,0,0,0,0,0,0,0,0,0,4,0,16,0,1,1,0,1,1,0,6,1,0,0,0,0,1,0,0,0,0,0,0,0,0,1,1,0,1,1,88,43,1,1,1,0,2,0,6,4,1,0,0,0,0,0
2,72,4,679,1,3635,0,2210,1,0,0,1360,0,169,4,83,0,9,5,96,0,1,0,3,0,5,0,18,0,29,0,20,1,1415,0,0,3,87,0,0,0,10,0,0,0,13,0,0,0,0,0,0,0,0,0,0,0,0,0,1,1,31,0,1,0,0,0,2,0,0,0,10,1,11,0,98,2,312,0,55,0,0,0,1,0,6,0,14,0,4,0,0,0,1,0,0,0,0,0,0,0,0,0,0,0,0,0,0,0,0,0,0,0,0,0,0,0,0,0,0,0,0,0,0,0,8,0,6,0,2,0,4,0,1,0,17,0,2,0,3,0,0,0,0,0,2,0,0,0,0,0,2,4,2,21,36,0,3,0,3,0,2,0,2,0,1,0,0,0,0
1,0,324,0,621,2,0,0,1123,0,0,0,0,0,1,1,21,1,155,0,94,0,11,0,15,0,103,0,1444,0,542,0,436,0,0,0,0,0,0,0,0,0,0,0,2,0,0,0,0,0,0,0,0,0,0,0,0,0,0,0,0,0,0,0,0,0,0,0,0,0,0,0,0,0,31,2,69,0,0,0,0,0,0,0,1,0,62,0,0,0,1,0,0,0,0,0,0,0,0,0,0,0,0,0,0,0,0,0,0,0,0,0,0,0,0,0,0,0,0,0,0,0,0,0,0,0,0,0,0,0,0,0,0,0,0,0,0,0,0,0,0,0,0,0,0,0,0,0,0,0,0,1,25,2,5,2,27,0,0,0,0,0,0,0,0,0,0,0,0,0
0,0,0,401,0,1129,1,4,0,1360,0,0,0,0,0,2,0,33,1,36,0,13,0,26,0,132,0,445,0,1302,0,465,1,685,0,0,0,11,0,1,0,0,0,1,0,8,0,0,0,0,0,0,0,0,0,0,0,0,0,2,0,0,0,0,0,0,0,0,0,0,0,0,0,0,0,14,0,155,0,4,0,0,0,0,0,0,0,14,0,1,0,0,0,0,0,0,0,0,0,0,0,0,0,0,0,0,0,0,0,0,0,0,0,0,0,0,0,0,0,0,0,0,0,0,0,0,0,0,0,0,0,0,0,1,0,2,0,0,0,0,0,0,0,0,0,0,0,0,0,0,1,1,0,5,3,10,0,6,0,0,0,0,0,0,0,0,0,0,0,0
1048,15,74,2,125,2,1170,1,345,0,0,0,0,2,99,8,0,0,4,0,0,0,0,0,0,0,0,0,0,0,0,0,668,1,0,0,51,10,23,4,1,0,0,0,0,0,5,4,12,3,12,0,21,5,41,0,7,0,1,0,1644,3,22,0,26,2,255,1,5,0,38,6,62,1,2,0,122,1,22,4,0,0,413,0,849,6,296,0,12,0,0,0,2,0,0,0,0,0,1,1,0,0,0,0,0,0,0,0,0,1,1,0,0,0,0,0,0,0,0,0,0,0,0,0,0,0,5,1,1,0,1,0,1,0,5,0,1,0,0,0,0,0,0,0,3,0,0,0,1,0,0,0,0,0,10,5,0,0,0,0,0,0,3,0,0,0,0,0,0,0
13,938,7,164,4,111,2,1489,0,169,0,0,2,0,17,110,0,0,0,3,0,0,0,0,0,0,0,0,0,0,0,0,1,978,0,0,29,77,23,18,0,7,0,0,0,0,0,0,1,10,0,0,0,7,2,0,0,0,0,0,7,2051,9,8,9,3,5,915,1,5,1,109,7,55,2,33,4,124,13,28,0,0,1,782,2,485,0,47,0,3,0,0,0,0,0,0,0,0,0,0,0,0,0,0,0,0,0,1,0,0,0,0,0,0,0,0,0,0,0,0,0,0,0,0,0,1,2,17,1,13,2,3,0,0,1,3,0,0,0,0,0,1,0,2,1,8,1,0,1,3,0,0,0,0,16,10,0,0,0,0,0,0,1,6,0,0,0,0,0,0
1136,153,3390,58,573,48,224,28,291,4,1,0,99,17,0,147,0,0,1116,3,0,0,0,0,0,0,0,0,0,0,0,0,444,9,0,0,1300,178,18,1,1,3,0,0,0,0,1,0,0,0,0,1,2,0,2,0,2,0,0,0,106,16,106,2,36,0,28,2,2,0,133,10,2336,35,118,26,278,25,82,32,0,0,3,2,41,3,3,1,4,0,0,0,0,0,0,0,0,0,1,0,0,0,0,0,0,0,0,0,0,0,2,0,1,0,0,0,0,0,0,0,1,0,0,0,9,2,23,17,1,5,3,2,0,0,11,2,1,0,0,1,0,1,1,1,1,5,1,3,0,0,0,0,1,0,135,99,0,0,2,1,1,1,7,8,1,1,0,0,0,0
45,1026,22,4189,26,366,15,214,6,83,1,2,8,110,147,0,0,0,26,1117,0,0,0,0,0,0,0,0,0,3,0,0,23,121,0,0,196,2086,0,2,0,12,0,0,0,1,0,0,1,0,0,0,0,1,0,1,0,0,0,1,11,184,0,3,0,4,0,15,1,0,4,95,70,1419,6,136,27,275,10,156,0,0,1,0,2,8,0,5,0,3,0,0,0,2,0,0,0,0,0,0,0,0,0,0,0,0,1,0,0,0,1,0,3,0,0,0,0,0,0,0,1,1,0,0,0,23,3,96,0,45,0,32,1,1,4,39,0,4,0,2,0,5,0,9,1,29,0,11,0,6,0,2,9,2,119,153,0,3,0,5,0,7,0,34,0,0,0,1,0,0
0,0,27,9,10,3,0,0,3,0,21,0,0,0,0,0,0,126,48,14,233,4,652,6,15,0,7,1,123,1,2,0,221,0,0,0,0,0,1,0,57,6,1,0,307,2,0,0,0,0,0,0,0,0,0,0,0,0,1,0,0,0,0,0,0,0,0,0,0,0,0,0,0,0,59,24,325,17,49,3,0,0,0,0,0,0,18,0,2,0,0,1,3,0,0,0,0,0,0,0,0,0,0,0,0,0,0,0,1,0,0,2,0,0,0,0,0,0,0,0,0,2,0,0,0,1,2,0,0,0,2,0,3,0,3,2,1,0,0,0,1,0,0,0,0,0,1,0,0,0,327,13,132,11,39,8,1158,80,1,0,1,0,1,1,0,0,0,0,1,0
0,1,9,258,13,73,0,0,1,9,1,33,0,0,0,0,126,0,29,164,17,270,59,684,1,75,0,26,2,164,1,8,0,319,0,0,0,2,0,0,0,60,0,0,0,679,0,0,0,0,0,0,0,0,0,0,0,0,0,1,0,0,0,0,0,0,0,0,0,0,1,0,0,0,128,291,0,570,0,16,0,0,0,0,0,0,1,20,0,5,0,0,0,3,0,0,0,0,0,0,0,0,0,0,0,0,0,0,0,0,0,0,0,0,0,0,0,0,0,0,0,1,0,0,0,17,0,1,0,4,0,0,0,0,0,0,0,0,0,0,0,0,0,0,0,1,0,0,0,0,28,203,73,156,3,56,38,1200,0,0,0,0,0,3,0,0,0,0,0,0
17,14,4773,94,595,86,21,8,301,5,155,1,4,0,1116,26,48,29,0,28,314,23,28,6,30,1,55,1,185,0,23,0,491,13,0,0,945,17,0,0,0,0,0,0,5,1,0,1,0,0,0,0,0,0,0,0,0,0,0,0,1,0,0,0,1,0,1,0,0,0,1,0,0,1,278,153,241,22,24,1,0,0,0,0,1,1,10,0,0,0,0,0,1,0,0,0,0,0,1,0,0,0,0,0,0,0,0,0,0,0,0,0,0,0,0,0,0,0,0,0,0,0,0,0,1,1,2,5,0,0,1,1,0,1,1,3,0,1,0,0,0,0,0,1,0,1,0,0,0,0,18,15,1797,38,879,157,56,14,0,0,0,0,0,1,1,0,0,0,0,0
0,6,7,2826,5,234,0,38,1,96,0,36,0,3,3,1117,14,164,28,0,12,1023,5,190,0,103,0,54,0,48,0,2,4,160,0,0,1,1287,0,0,0,3,0,0,0,2,0,0,0,0,0,0,0,0,0,0,0,0,0,2,0,0,0,0,0,0,0,0,0,0,0,1,0,0,5,141,1,224,0,43,0,0,0,0,0,0,0,14,0,1,0,0,0,0,0,0,0,0,0,0,0,0,0,0,0,0,0,0,0,0,0,0,0,0,0,0,0,0,0,0,0,0,0,0,0,4,0,6,0,1,0,4,0,1,0,16,0,1,0,0,0,0,0,1,0,1,0,2,0,1,7,153,54,1507,66,616,9,87,0,1,0,1,0,1,0,1,0,0,0,0
0,0,610,12,76,10,0,0,11,0,94,0,0,0,0,0,233,17,314,12,0,5,1330,1,515,1,337,0,316,0,3,0,127,0,0,0,0,2,0,0,0,0,1,0,1,0,0,0,0,0,0,0,0,0,0,0,0,0,0,0,0,0,0,0,0,0,0,0,0,0,0,0,0,0,28,27,30,2,0,0,0,0,0,0,0,0,9,0,0,0,1,0,0,0,0,0,0,0,0,0,0,0,0,0,0,0,0,0,0,0,0,0,0,0,0,0,0,0,0,0,0,0,0,0,0,0,0,0,0,0,0,0,0,0,0,0,0,0,0,0,0,0,0,0,0,0,0,0,0,0,274,9,590,7,37,18,214,6,0,0,0,0,0,0,0,0,0,0,0,0
0,0,4,498,4,46,0,0,0,1,0,13,0,0,0,0,4,270,23,1023,5,0,72,1649,1,340,1,65,1,37,0,0,0,8,0,0,0,1,0,0,0,0,0,0,0,1,0,0,0,0,0,0,0,0,0,0,0,0,0,0,0,0,0,0,0,0,0,0,0,0,0,0,0,0,5,31,0,32,0,0,0,0,0,0,0,0,0,0,0,0,0,0,0,0,0,0,0,0,0,0,0,0,0,0,0,0,0,0,0,0,0,0,0,0,0,0,0,0,0,0,0,0,0,0,0,0,0,0,0,0,0,0,0,0,0,0,0,0,0,0,0,0,0,0,0,0,0,0,0,0,2,540,37,360,14,72,2,134,0,0,0,0,0,0,0,0,0,0,0,0
0,0,120,8,10,2,0,0,0,0,11,0,0,0,0,0,652,59,28,5,1330,72,0,685,559,0,155,0,116,0,1,0,19,0,0,0,0,0,0,0,0,0,0,0,4,0,0,0,0,0,0,0,0,0,0,0,0,0,0,0,0,0,0,0,0,0,0,0,0,0,0,0,0,0,2,5,52,1,0,0,0,0,0,0,0,0,0,0,0,0,0,0,0,0,0,0,0,0,0,0,0,0,0,0,0,0,0,0,0,0,0,0,0,0,0,0,0,0,0,0,0,0,0,0,0,0,0,0,0,0,0,0,0,0,0,0,0,0,0,0,0,0,0,0,0,0,0,0,0,0,263,7,180,7,42,4,233,4,0,0,0,0,0,0,0,0,0,0,0,0
0,0,0,164,0,23,0,0,0,3,0,26,0,0,0,0,6,684,6,190,1,1649,685,0,0,1371,0,67,0,54,0,2,1,20,0,0,0,0,0,0,0,1,0,0,0,9,0,0,0,0,0,0,0,0,0,0,0,0,0,0,0,0,0,0,0,0,0,0,0,0,0,0,0,0,1,41,0,62,0,3,0,0,0,0,0,0,0,2,0,0,0,0,0,0,0,0,0,0,0,0,0,0,0,0,0,0,0,0,0,0,0,0,0,0,0,0,0,0,0,0,0,0,0,0,0,0,0,0,0,0,0,0,0,0,0,0,0,0,0,0,0,0,0,0,0,0,0,0,0,0,3,108,1,78,1,14,0,280,0,0,0,0,0,0,0,0,0,0,0,0
0,0,171,2,39,0,0,0,3,0,15,0,0,0,0,0,15,1,30,0,515,1,559,0,0,0,459,0,579,0,2,0,72,0,0,0,0,0,0,0,0,0,0,0,0,0,0,0,0,0,0,0,0,0,0,0,0,0,0,0,0,0,0,0,0,0,0,0,0,0,0,0,0,0,6,1,10,0,0,0,0,0,0,0,0,0,1,0,0,0,0,0,0,0,0,0,0,0,0,0,0,0,0,0,0,0,0,0,0,0,0,0,0,0,0,0,0,0,0,0,0,0,0,0,0,0,0,0,0,0,0,0,0,0,0,0,0,0,0,0,0,0,0,0,0,0,0,0,0,0,3,3,82,1,1,1,19,0,0,0,0,0,0,0,0,0,0,0,0,0
1,0,0,347,0,69,0,0,0,5,0,132,0,0,0,0,0,75,1,103,1,340,0,1371,0,0,0,857,0,428,0,3,0,272,0,0,0,1,0,0,0,1,0,0,0,8,0,0,0,0,0,0,0,0,0,0,0,0,0,0,0,0,0,0,0,0,0,0,0,0,0,0,0,0,0,5,0,39,0,0,0,0,0,0,0,0,0,2,0,0,0,0,0,0,0,0,0,0,0,0,0,0,0,0,0,0,0,0,0,0,0,0,0,0,0,0,0,0,0,0,0,0,0,0,0,0,0,0,0,0,0,0,0,0,0,0,0,0,0,0,0,0,0,0,0,0,0,0,0,0,0,4,1,19,1,1,1,26,0,0,0,0,0,0,0,0,0,0,0,0
0,0,401,0,179,0,0,0,7,0,103,0,0,0,0,0,7,0,55,0,337,1,155,0,459,0,0,0,255,0,22,0,44,0,0,0,0,0,0,0,0,0,0,0,4,0,0,0,0,0,0,0,0,0,0,0,0,0,1,0,0,0,0,0,0,0,0,0,0,0,0,0,0,0,6,1,19,0,0,0,0,0,0,0,0,0,0,0,0,0,0,0,0,0,0,0,0,0,0,0,0,0,0,0,0,0,0,0,0,0,0,0,0,0,0,0,0,0,0,0,0,0,0,0,0,0,0,0,0,0,0,0,0,0,0,0,0,0,0,0,0,0,0,0,0,0,0,0,0,0,1,0,12,0,0,0,15,0,0,0,0,0,0,0,0,0,0,0,0,0
0,0,0,841,0,898,0,0,0,18,0,445,0,0,0,0,1,26,1,54,0,65,0,67,0,857,0,0,0,254,0,323,0,107,0,0,0,1,0,0,0,0,0,0,0,7,0,0,0,0,0,0,0,0,0,0,0,0,0,2,0,0,0,0,0,0,0,0,0,0,0,0,0,0,0,1,0,26,0,0,0,0,0,0,0,0,0,2,0,0,0,0,0,0,0,0,0,0,0,0,0,0,0,0,0,0,0,0,0,0,0,0,0,0,0,0,0,0,0,0,0,0,0,0,0,0,0,0,0,0,0,0,0,0,0,0,0,0,0,0,0,0,0,0,0,0,0,0,0,0,0,1,0,21,0,4,0,5,0,0,0,0,0,0,0,0,0,0,0,0
0,0,261,5,155,2,1,0,20,0,1444,0,0,0,0,0,123,2,185,0,316,1,116,0,579,0,255,0,0,0,299,0,1142,0,0,0,0,0,0,0,0,0,0,0,13,0,0,0,0,0,0,0,0,0,0,0,0,0,0,0,0,0,0,0,0,0,0,0,0,0,0,0,1,0,56,7,110,0,1,0,0,0,0,0,1,0,57,1,0,0,0,0,1,0,0,0,0,0,0,0,0,0,0,0,0,0,0,0,0,0,0,0,0,0,0,0,0,0,0,0,0,0,0,0,0,0,0,0,0,0,0,0,0,0,0,0,0,0,0,0,0,0,0,0,0,0,0,0,0,0,3,1,91,2,3,2,45,1,0,0,0,0,0,0,0,0,0,0,0,0
0,0,0,259,0,112,0,1,0,29,0,1302,0,0,0,3,1,164,0,48,0,37,0,54,0,428,0,254,0,0,0,10,0,649,0,0,0,1,0,0,0,5,0,0,0,12,0,0,0,0,0,0,0,0,0,0,0,0,0,1,0,0,0,0,0,0,0,0,0,0,0,0,0,0,0,9,0,82,0,1,0,0,0,0,0,0,0,8,0,0,0,1,0,0,0,0,0,0,0,0,0,0,0,0,0,0,0,0,0,0,0,0,0,0,0,0,0,0,0,0,0,0,0,0,0,0,0,0,0,0,0,0,0,0,0,0,0,0,0,0,0,0,0,0,0,0,0,0,0,0,1,0,0,16,0,7,0,13,0,0,0,0,0,0,0,0,0,0,0,0
0,0,123,0,452,0,0,0,48,0,542,0,0,0,0,0,2,1,23,0,3,0,1,0,2,0,22,0,299,0,0,0,33,0,0,0,1,0,0,0,0,0,0,0,0,0,0,0,0,0,0,0,0,0,0,0,0,0,0,0,0,0,0,0,0,0,0,0,0,0,0,0,0,0,6,0,13,0,0,0,0,0,0,0,0,0,3,0,0,0,0,0,0,0,0,0,0,0,0,0,0,0,0,0,0,0,0,0,0,0,0,0,0,0,0,0,0,0,0,0,0,0,0,0,0,0,0,0,0,0,0,0,0,0,0,0,0,0,0,0,0,0,0,0,0,0,0,0,0,0,0,0,0,0,0,1,2,0,0,0,0,0,0,0,0,0,0,0,0,0
0,0,0,44,0,107,0,0,0,20,0,465,0,0,0,0,0,8,0,2,0,0,0,2,0,3,0,323,0,10,0,0,0,16,0,0,0,0,0,0,0,0,0,0,0,0,0,0,0,0,0,0,0,0,0,0,0,0,0,0,0,0,0,0,0,0,0,0,0,0,0,0,0,0,0,0,0,9,0,0,0,0,0,0,0,0,0,1,0,0,0,0,0,0,0,0,0,0,0,0,0,0,0,0,0,0,0,0,0,0,0,0,0,0,0,0,0,0,0,0,0,0,0,0,0,0,0,0,0,0,0,0,0,0,0,0,0,0,0,0,0,0,0,0,0,0,0,0,0,0,0,0,1,2,0,2,0,0,0,0,0,0,0,0,0,0,0,0,0,0
454,24,822,18,858,19,777,6,1766,1,436,1,668,1,444,23,221,0,491,4,127,0,19,1,72,0,44,0,1142,0,33,0,0,4,0,0,131,38,23,4,126,1,18,0,288,0,14,3,20,2,27,1,21,0,154,0,59,0,84,0,494,12,37,1,24,2,52,3,5,0,61,13,97,7,282,14,2806,11,129,7,0,0,48,0,264,2,503,0,213,1,4,0,148,0,2,0,0,0,1,0,0,0,0,0,0,0,1,0,1,1,6,2,1,0,0,0,0,0,0,0,1,0,0,0,7,0,17,2,17,5,2,2,3,0,8,1,0,0,3,0,1,0,4,1,7,1,1,0,0,0,0,0,60,1,117,63,8,0,2,0,0,1,8,5,1,0,0,0,0,0
11,126,3,690,8,910,1,1664,1,1415,0,685,1,978,9,121,0,319,13,160,0,8,0,20,0,272,0,107,0,649,0,16,4,0,0,0,37,185,12,16,2,771,0,7,0,389,0,0,0,4,0,1,0,3,0,0,0,0,0,68,13,81,19,8,7,4,6,51,1,3,7,169,4,15,6,95,11,3315,17,136,0,0,0,86,1,697,0,323,0,275,0,8,0,68,0,0,0,0,0,0,0,0,0,2,0,0,0,0,0,0,1,0,0,0,0,0,0,0,0,0,0,0,0,0,2,6,14,8,1,12,4,1,0,0,3,3,0,0,0,4,0,0,0,2,4,7,1,1,0,1,0,8,10,10,38,54,0,5,0,0,0,0,1,4,0,0,0,0,0,0
0,0,0,0,0,0,0,0,0,0,0,0,0,0,0,0,0,0,0,0,0,0,0,0,0,0,0,0,0,0,0,0,0,0,0,0,0,0,0,0,0,0,0,0,0,0,0,0,0,0,0,0,0,0,0,0,0,0,0,0,0,0,0,0,0,0,0,0,0,0,0,0,0,0,0,0,0,0,0,0,0,0,0,0,0,0,0,0,0,0,0,0,0,0,0,0,0,0,0,0,0,0,0,0,0,0,0,0,0,0,0,0,0,0,0,0,0,0,0,0,0,0,0,0,0,0,0,0,0,0,0,0,0,0,0,0,0,0,0,0,0,0,0,0,0,0,0,0,0,0,0,0,0,0,0,0,0,0,0,0,0,0,0,0,0,0,0,0,0,0
0,0,0,0,0,0,0,0,0,0,0,0,0,0,0,0,0,0,0,0,0,0,0,0,0,0,0,0,0,0,0,0,0,0,0,0,0,0,0,0,0,0,0,0,0,0,0,0,0,0,0,0,0,0,0,0,0,0,0,0,0,0,0,0,0,0,0,0,0,0,0,0,0,0,0,0,0,0,0,0,0,0,0,0,0,0,0,0,0,0,0,0,0,0,0,0,0,0,0,0,0,0,0,0,0,0,0,0,0,0,0,0,0,0,0,0,0,0,0,0,0,0,0,0,0,0,0,0,0,0,0,0,0,0,0,0,0,0,0,0,0,0,0,0,0,0,0,0,0,0,0,0,0,0,0,0,0,0,0,0,0,0,0,0,0,0,0,0,0,0
430,121,131,64,45,54,70,30,41,3,0,0,51,29,1300,196,0,0,945,1,0,0,0,0,0,0,0,0,0,0,1,0,131,37,0,0,0,547,835,12,13,7,0,0,1,2,6,3,63,1,2,0,31,2,18,0,2,0,0,0,210,63,295,9,59,11,29,26,6,8,1640,61,987,53,95,32,231,69,181,74,0,0,3,9,22,13,0,0,4,3,0,0,0,0,0,0,0,0,0,1,0,0,0,0,0,0,1,0,0,0,7,7,1,0,0,0,0,0,0,0,1,0,0,0,22,3,62,20,18,21,16,2,3,1,46,11,6,0,1,3,0,2,1,3,34,7,9,2,2,1,0,0,14,0,482,39,0,0,6,1,2,0,32,15,6,2,0,0,0,0
135,285,37,1241,41,257,37,115,19,87,0,11,10,77,178,2086,0,2,17,1287,2,1,0,0,0,1,0,1,0,1,0,0,38,185,0,0,547,0,19,157,1,28,0,0,0,7,1,1,3,0,0,0,0,3,1,1,0,0,0,1,51,137,11,22,6,33,7,92,0,5,36,1394,130,298,24,263,64,354,37,224,0,0,2,39,5,45,1,8,0,2,0,0,0,1,0,0,0,0,0,0,0,1,0,0,0,0,0,0,1,2,0,1,2,0,0,0,0,0,0,0,1,0,0,0,2,22,17,55,5,59,6,7,0,1,7,29,1,2,0,11,0,5,0,9,5,18,3,3,2,3,2,1,8,96,217,909,0,3,2,6,0,3,7,37,2,2,0,0,0,0
35,4,5,1,1,1,1,1,1,0,0,0,23,23,18,0,1,0,0,0,0,0,0,0,0,0,0,0,0,0,0,0,23,12,0,0,835,19,0,140,116,1,7,3,1,0,195,108,101,50,74,24,64,23,42,5,5,0,9,11,32,15,112,6,67,7,65,7,12,12,660,181,31,3,16,0,88,9,104,5,0,0,57,34,65,93,0,0,13,14,0,0,1,8,0,0,0,0,2,0,1,1,1,0,0,0,3,0,3,3,4,5,0,0,2,0,0,0,0,0,1,0,3,0,4,1,45,1,68,0,26,0,1,0,26,2,5,0,1,1,2,0,5,0,54,1,10,1,13,0,0,0,0,0,0,0,0,0,4,1,0,0,21,0,4,0,0,0,0,2
2,19,0,16,0,0,0,0,0,0,0,1,4,18,1,2,0,0,0,0,0,0,0,0,0,0,0,0,0,0,0,0,4,16,0,0,12,157,140,0,40,1,1,13,0,0,157,454,43,151,50,76,10,83,7,13,0,0,5,52,1,50,8,3,2,21,3,19,3,23,97,739,1,1,1,0,9,12,11,2,0,0,12,82,14,183,0,0,1,84,0,0,0,14,0,0,0,0,0,0,1,0,0,0,0,0,0,0,0,0,0,1,0,0,0,0,0,0,0,0,0,0,0,0,0,0,3,1,7,0,3,0,0,0,3,0,0,0,1,0,0,0,0,1,9,0,1,0,0,0,0,0,0,0,0,0,0,0,1,0,0,0,5,0,0,0,0,0,0,0
11,1,4,0,2,0,0,0,0,0,0,0,1,0,1,0,57,0,0,0,0,0,0,0,0,0,0,0,0,0,0,0,126,2,0,0,13,1,116,40,0,5,655,5,886,0,10,24,19,1,187,27,15,3,96,1,74,0,698,11,5,0,19,0,3,0,4,2,3,1,57,79,1,0,31,0,867,3,312,1,0,0,3,2,145,0,696,0,246,2,128,0,394,2,4,4,2,0,13,1,4,0,3,2,5,0,32,2,17,5,63,26,3,3,0,0,0,0,1,1,1,0,1,0,19,0,22,1,46,3,14,0,9,0,24,6,3,0,204,1,13,0,65,0,266,0,2,0,4,0,0,0,0,0,0,0,74,0,6,0,9,0,139,0,21,0,0,1,7,0
1,9,0,25,1,13,0,8,1,10,0,0,0,7,3,12,6,60,0,3,0,0,0,1,0,1,0,0,0,5,0,0,1,771,0,0,7,28,1,1,5,0,2,394,2,857,0,6,0,1,1,35,0,0,0,0,2,0,2,237,3,3,2,0,2,0,0,0,0,0,2,45,0,6,1,47,4,1086,10,513,0,0,0,21,1,624,1,732,0,379,0,86,0,92,0,1,0,0,2,10,3,1,3,1,1,0,13,3,6,4,35,6,11,8,0,0,0,0,0,0,0,2,0,5,4,54,3,75,3,126,1,24,1,7,1,53,0,2,0,79,1,17,2,91,2,212,0,14,0,48,0,1,0,0,5,1,3,327,4,23,0,24,3,139,1,18,0,5,43,7
0,0,0,0,0,0,0,1,0,0,0,0,0,0,0,0,1,0,0,0,1,0,0,0,0,0,0,0,0,0,0,0,18,0,0,0,0,0,7,1,655,2,0,0,93,0,25,4,2,1,1408,3,0,0,20,0,17,0,2402,1,0,0,0,0,0,0,0,0,0,0,80,11,0,0,1,0,38,0,6,0,0,0,0,0,7,1,150,0,17,0,77,0,206,0,8,1,2,0,14,3,25,1,3,1,8,0,56,5,12,6,85,26,0,0,2,1,0,0,0,0,0,0,0,0,1,0,0,0,5,0,1,0,0,0,0,0,0,0,4,0,2,0,1,1,4,0,0,0,0,0,0,0,0,0,0,0,1,0,2,0,0,0,1,0,2,1,0,0,2,0
0,0,0,1,0,0,0,0,1,0,0,1,0,0,0,0,0,0,0,0,0,0,0,0,0,0,0,0,0,0,0,0,0,7,0,0,0,0,3,13,5,394,0,0,0,407,0,12,0,0,2,1317,0,0,0,0,0,0,0,3295,0,0,1,0,0,0,0,0,0,0,0,71,0,0,1,1,2,10,1,4,0,0,1,0,0,0,0,645,0,0,0,338,0,83,0,2,0,0,1,36,0,120,1,0,0,0,2,13,3,6,9,31,2,0,1,0,0,0,0,0,0,0,0,0,0,1,3,1,1,1,1,0,0,0,0,2,0,0,0,0,0,0,0,2,1,0,0,0,0,0,0,0,0,0,0,0,0,1,1,1,0,0,0,13,0,0,0,0,1,0
0,0,7,0,2,0,0,0,1,0,2,0,0,0,0,0,307,0,5,0,1,0,4,0,0,0,4,0,13,0,0,0,288,0,0,0,1,0,1,0,886,2,93,0,0,0,0,0,0,0,0,0,0,0,0,0,1,0,84,0,2,0,0,0,0,0,0,0,0,0,0,0,0,0,25,0,798,1,252,1,0,0,0,0,17,1,437,0,39,0,37,0,69,0,1,0,0,0,1,0,1,0,0,0,0,0,1,0,1,0,1,0,1,1,0,0,0,0,0,0,0,0,0,0,9,0,14,1,5,0,3,0,18,0,17,0,1,0,2,0,1,0,0,0,0,0,0,0,2,0,0,0,3,0,0,0,212,0,0,0,8,0,16,0,6,0,0,0,0,0
0,1,0,19,0,15,0,0,0,13,0,8,0,0,0,1,2,679,1,2,0,1,0,9,0,8,0,7,0,12,0,0,0,389,0,0,2,7,0,0,0,857,0,407,0,0,0,0,0,0,0,0,0,0,0,0,0,0,0,63,0,2,0,0,0,0,0,0,0,0,0,2,0,1,0,54,1,799,1,149,0,0,0,0,0,14,0,600,0,32,0,25,0,81,0,0,0,0,0,0,0,0,0,0,0,0,0,0,0,0,0,0,0,0,0,0,0,0,0,0,0,1,0,0,0,19,1,12,0,5,0,1,1,0,0,2,0,0,0,2,0,0,0,0,0,2,0,0,0,1,0,0,1,1,1,3,10,424,0,0,0,3,1,8,0,1,0,1,0,0
1,2,1,2,0,0,0,0,1,0,0,0,5,0,1,0,0,0,0,0,0,0,0,0,0,0,0,0,0,0,0,0,14,0,0,0,6,1,195,157,10,0,25,0,0,0,0,2181,5065,786,4919,1520,1772,182,884,68,852,49,129,139,1,1,32,0,12,0,2,1,12,2,1937,584,3,1,0,0,21,0,16,0,0,0,26,0,37,4,0,0,12,12,0,0,6,5,0,0,0,0,1,1,0,0,0,0,0,0,0,1,0,0,1,1,0,0,13,0,0,0,0,0,0,0,0,0,0,0,2,0,9,1,0,0,0,0,1,0,0,0,0,0,0,0,2,0,12,0,0,0,1,0,0,0,0,0,0,0,0,0,0,0,0,0,2,1,0,0,0,0,0,0
0,4,0,0,0,0,0,0,0,0,0,0,4,0,0,0,0,0,1,0,0,0,0,0,0,0,0,0,0,0,0,0,3,0,0,0,3,1,108,454,24,6,4,12,0,0,2181,0,1296,2916,163,2841,9,632,5,841,4,634,13,200,1,22,1,10,0,9,0,14,0,69,136,2068,1,0,2,0,9,1,4,0,0,0,6,0,6,30,0,0,0,425,0,0,0,28,0,0,0,0,0,0,0,0,0,0,0,0,1,0,2,1,2,1,0,0,0,0,0,0,0,0,0,0,1,0,0,0,0,0,0,0,1,0,0,0,1,0,0,0,0,0,0,0,1,0,2,0,3,0,0,0,0,0,0,0,0,0,0,0,0,0,0,0,2,0,0,0,0,0,0,0
4,4,2,2,2,0,0,0,0,0,0,0,12,1,0,1,0,0,0,0,0,0,0,0,0,0,0,0,0,0,0,0,20,0,0,0,63,3,101,43,19,0,2,0,0,0,5065,1296,0,2541,52,14,4099,157,448,40,26,0,11,0,1,11,101,10,29,9,5,7,20,14,1629,261,3,0,1,0,38,0,21,1,0,0,23,0,52,6,0,0,16,38,0,0,2,1,0,0,0,0,0,0,1,0,0,0,0,0,0,1,0,0,1,2,0,0,0,0,0,0,0,0,0,0,0,0,0,0,3,0,13,1,4,0,0,0,2,0,0,0,4,0,3,0,5,0,22,0,1,0,0,0,0,0,0,0,0,0,0,0,2,0,0,0,2,0,0,0,0,0,0,0
0,13,0,0,0,0,0,0,0,0,0,0,3,10,0,0,0,0,0,0,0,0,0,0,0,0,0,0,0,0,0,0,2,4,0,0,1,0,50,151,1,1,1,0,0,0,786,2916,2541,0,3,60,2,2370,2,573,1,27,1,9,1,120,4,123,4,85,0,56,1,182,116,1862,1,2,1,0,8,2,8,0,0,0,5,18,5,96,0,0,0,228,0,0,0,2,0,0,0,0,0,0,0,0,0,0,0,0,0,0,0,0,0,0,0,0,0,0,0,0,0,0,0,0,0,0,0,0,0,0,6,0,1,0,0,0,3,1,0,0,0,0,0,0,0,0,7,0,2,0,1,0,0,0,0,0,0,0,0,0,0,0,0,0,2,0,0,0,0,0,0,0
4,0,0,0,0,0,0,0,0,0,0,0,12,0,0,0,0,0,0,0,0,0,0,0,0,0,0,0,0,0,0,0,27,0,0,0,2,0,74,50,187,1,1408,2,0,0,4919,163,52,3,0,118,321,0,916,1,1412,5,1702,9,0,0,3,0,2,0,0,0,5,0,575,122,0,0,1,0,58,0,21,0,0,0,26,0,77,0,2,0,33,1,0,0,38,2,0,0,0,0,12,1,50,0,10,0,1,0,1,2,4,2,9,6,7,26,5,2,0,0,0,0,0,0,0,0,1,0,2,0,15,0,3,0,0,0,2,0,1,0,5,0,4,0,5,0,23,0,1,0,2,0,0,0,0,0,0,0,0,0,0,0,0,0,4,0,0,0,0,0,1,0
0,0,0,0,0,0,0,0,0,0,0,0,0,0,1,0,0,0,0,0,0,0,0,0,0,0,0,0,0,0,0,0,1,1,0,0,0,0,24,76,27,35,3,1317,0,0,1520,2841,14,60,118,0,1,33,0,250,0,1032,7,2108,0,0,0,0,0,0,0,0,0,1,22,863,0,0,1,1,0,3,0,2,0,0,0,0,0,3,0,0,0,5,0,0,1,242,2,8,0,0,1,25,4,44,0,25,0,0,3,2,7,18,15,13,54,162,3,2,1,0,0,0,1,0,0,0,0,5,2,7,0,4,1,4,1,0,3,4,0,1,0,3,1,0,1,1,6,1,0,1,1,0,0,0,0,0,0,0,0,0,3,1,0,0,0,2,0,11,0,16,75,1
14,0,0,0,0,0,0,0,0,0,0,0,21,0,2,0,0,0,0,0,0,0,0,0,0,0,0,0,0,0,0,0,21,0,0,0,31,0,64,10,15,0,0,0,0,0,1772,9,4099,2,321,1,0,0,4160,0,69,0,12,0,11,0,1035,0,99,0,12,0,126,0,590,14,6,1,1,0,26,2,25,1,0,0,35,1,60,2,0,0,74,0,0,0,3,0,0,0,0,0,0,1,0,0,0,0,0,0,0,1,1,0,0,1,1,0,0,0,0,0,0,0,0,0,0,0,0,0,3,0,12,0,0,0,0,0,2,1,1,0,0,0,2,0,1,0,3,0,2,0,3,0,0,0,0,0,0,0,0,0,0,0,0,0,3,0,0,1,0,0,2,0
0,8,0,0,0,0,0,0,0,0,0,0,5,7,0,1,0,0,0,0,0,0,0,0,0,0,0,0,0,0,0,0,0,3,0,0,2,3,23,83,3,0,0,0,0,0,182,632,157,2370,0,33,0,0,4,2884,0,111,0,26,1,87,3,492,3,98,2,28,1,607,9,486,0,0,2,0,7,2,7,0,0,0,2,10,5,69,0,0,0,233,0,0,0,0,0,0,0,0,0,0,0,0,0,0,0,0,0,0,0,0,0,0,1,0,0,0,0,0,0,0,0,0,0,0,0,0,3,0,9,0,0,0,0,0,0,0,0,0,0,0,1,0,0,0,2,0,1,0,0,0,0,0,0,0,0,0,0,0,0,0,0,0,2,0,0,0,0,0,0,1
30,0,5,0,0,0,2,0,0,0,0,0,41,2,2,0,0,0,0,0,0,0,0,0,0,0,0,0,0,0,0,0,154,0,0,0,18,1,42,7,96,0,20,0,0,0,884,5,448,2,916,0,4160,4,0,0,4904,0,349,0,17,0,487,1,792,0,30,0,2081,0,238,10,10,0,5,0,154,2,103,1,0,0,140,0,534,2,1,0,1889,2,0,0,245,0,0,0,0,0,3,1,0,0,1,0,0,0,3,1,6,0,9,8,1,0,0,1,0,0,0,0,0,0,0,0,0,0,8,0,32,1,5,0,0,0,5,1,0,0,7,0,7,0,7,0,39,1,2,0,5,1,0,0,0,0,0,0,0,0,1,0,0,0,10,0,1,1,0,1,0,0
0,12,0,0,0,0,0,1,0,0,0,0,0,0,0,1,0,0,0,0,0,0,0,0,0,0,0,0,0,0,0,0,0,0,0,0,0,1,5,13,1,0,0,0,0,0,68,841,40,573,1,250,0,2884,0,0,0,546,0,156,0,53,0,96,0,149,1,25,0,1454,1,35,0,2,0,0,1,2,0,0,0,0,0,3,0,33,0,0,0,2373,0,0,0,22,0,0,0,0,0,0,0,0,0,0,0,0,0,0,0,0,0,0,0,0,0,0,0,0,0,0,0,0,0,0,0,0,0,0,0,0,0,0,0,0,0,0,0,0,0,0,1,0,0,0,0,0,0,0,0,0,0,0,0,0,0,0,0,0,0,0,0,0,0,0,0,0,0,0,0,0
4,0,0,0,0,0,0,0,0,0,0,0,7,0,2,0,0,0,0,0,0,0,0,0,0,0,0,0,0,0,0,0,59,0,0,0,2,0,5,0,74,2,17,0,1,0,852,4,26,1,1412,0,69,0,4904,0,0,0,2833,0,4,0,4,0,5,0,1,1,5,0,27,7,2,0,2,0,67,0,43,1,0,0,34,0,113,0,0,0,196,0,0,0,466,0,1,1,0,0,4,2,1,0,1,0,0,0,3,1,4,0,15,4,1,2,0,0,0,0,0,0,1,0,1,0,0,0,1,0,12,1,4,0,0,0,2,1,1,0,1,0,2,0,6,1,24,0,0,0,2,0,0,0,0,0,0,0,0,0,2,2,1,0,3,1,0,0,0,0,2,0
0,0,0,0,0,0,0,0,0,0,0,0,0,0,0,0,0,0,0,0,0,0,0,0,0,0,0,0,0,0,0,0,0,0,0,0,0,0,0,0,0,0,0,0,0,0,49,634,0,27,5,1032,0,111,0,546,0,0,0,1656,0,0,0,0,0,0,0,0,0,0,0,4,0,0,0,0,0,0,0,0,0,0,0,0,0,0,0,0,0,7,0,0,0,533,0,0,0,0,0,0,0,0,0,0,0,0,0,0,0,0,0,0,0,0,0,0,0,0,0,0,0,0,0,0,0,0,0,0,0,0,0,0,0,0,0,0,0,0,0,0,0,0,0,0,0,0,0,0,0,0,0,0,0,0,0,0,0,0,0,0,0,0,0,0,0,0,0,0,0,0
1,0,0,0,0,0,0,0,0,0,0,0,1,0,0,0,1,0,0,0,0,0,0,0,0,0,1,0,0,0,0,0,84,0,0,0,0,0,9,5,698,2,2402,0,84,0,129,13,11,1,1702,7,12,0,349,0,2833,0,0,3,1,0,0,0,0,0,0,0,2,0,91,29,0,0,2,0,169,0,25,0,0,0,10,0,137,0,499,0,224,0,446,0,2685,2,0,0,0,0,2,1,1,0,1,0,0,0,2,1,0,2,8,1,2,0,1,0,0,0,0,0,0,0,0,0,0,0,1,0,7,1,1,0,0,0,1,1,0,0,1,0,0,0,4,0,10,0,0,0,1,0,0,0,0,0,0,0,0,0,0,0,0,0,4,0,0,0,0,0,1,0
0,0,0,4,0,1,0,1,0,1,0,2,0,0,0,1,0,1,0,2,0,0,0,0,0,0,0,2,0,1,0,0,0,68,0,0,0,1,11,52,11,237,1,3295,0,63,139,200,0,9,9,2108,0,26,0,156,0,1656,3,0,0,0,0,0,0,0,0,0,0,0,4,95,0,0,0,2,0,34,0,4,0,0,0,0,0,131,0,412,0,368,0,1043,0,3445,0,478,0,2,0,1,0,35,1,2335,0,0,0,3,0,0,0,0,0,0,1,1,1,0,1,0,0,0,0,0,0,0,0,0,0,0,0,0,0,0,0,0,0,0,0,0,0,0,0,0,0,0,0,0,0,0,0,0,0,0,0,0,0,7,0,0,0,0,0,0,0,0,0,0,0,0
6279,16,161,9,53,4,277,4,68,1,0,0,1644,7,106,11,0,0,1,0,0,0,0,0,0,0,0,0,0,0,0,0,494,13,0,0,210,51,32,1,5,3,0,0,2,0,1,1,1,1,0,0,11,1,17,0,4,0,1,0,0,8,1124,4,1559,2,2225,16,44,1,309,47,1002,12,73,1,615,31,232,26,0,0,112,2,759,12,1,0,44,0,0,0,3,0,0,0,0,0,0,3,0,0,0,1,0,0,2,0,0,3,2,3,1,0,0,0,0,0,0,0,0,0,0,0,17,2,101,5,21,1,18,1,7,0,59,15,4,0,0,2,0,0,0,2,35,0,7,0,5,0,0,0,0,0,6,4,0,0,3,3,6,2,31,1,7,0,0,0,1,0
26,5912,1,166,0,142,4,245,2,31,0,0,3,2051,16,184,0,0,0,0,0,0,0,0,0,0,0,0,0,0,0,0,12,81,0,0,63,137,15,50,0,3,0,0,0,2,1,22,11,120,0,0,0,87,0,53,0,0,0,0,8,0,5,2359,2,1969,0,4040,0,336,15,1212,27,619,4,27,5,205,18,91,0,0,0,48,2,463,0,1,1,98,0,0,0,0,0,0,0,0,0,0,0,0,0,0,0,0,0,0,1,0,2,0,0,0,0,0,0,0,0,0,0,0,0,0,0,3,8,28,2,24,1,8,0,0,4,7,1,0,0,3,1,2,0,7,1,5,2,4,1,0,1,0,0,0,9,2,0,1,1,3,0,2,3,22,0,2,0,0,0,0
326,4,19,4,1,1,6,0,3,0,0,0,22,9,106,0,0,0,0,0,0,0,0,0,0,0,0,0,0,0,0,0,37,19,0,0,295,11,112,8,19,2,0,1,0,0,32,1,101,4,3,0,1035,3,487,0,4,0,0,0,1124,5,0,3,1516,3,120,9,272,8,2308,38,129,0,17,0,193,23,157,9,0,0,10,14,104,20,0,0,176,0,0,0,6,0,1,1,0,0,0,3,2,0,0,0,0,0,5,1,1,2,5,5,0,0,0,0,0,0,0,0,0,0,0,0,5,0,36,1,41,3,21,1,1,0,21,6,3,0,1,1,1,0,0,0,22,0,4,0,12,0,0,0,0,0,1,1,0,0,3,0,0,0,18,0,5,1,0,0,0,0
1,56,0,5,0,3,0,11,0,1,0,0,0,8,2,3,0,0,0,0,0,0,0,0,0,0,0,0,0,0,0,0,1,8,0,0,9,22,6,3,0,0,0,0,0,0,0,10,10,123,0,0,0,492,1,96,0,0,0,0,4,2359,3,0,4,999,0,214,0,1482,3,1203,0,16,0,1,2,27,5,10,0,0,0,1,0,19,0,0,0,16,0,0,0,0,0,0,0,0,0,0,0,0,0,0,0,0,0,0,0,0,0,0,0,0,0,0,0,0,0,0,0,0,0,0,0,0,2,2,1,1,0,0,0,0,0,0,0,1,0,0,0,0,0,0,0,0,0,0,0,0,0,0,0,0,2,0,0,0,0,0,0,0,0,1,0,0,0,0,0,0
294,7,31,2,2,1,1,1,1,0,0,0,26,9,36,0,0,0,1,0,0,0,0,0,0,0,0,0,0,0,0,0,24,7,0,0,59,6,67,2,3,2,0,0,0,0,12,0,29,4,2,0,99,3,792,0,5,0,0,0,1559,2,1516,4,0,2,2192,2,3229,1,296,20,33,0,6,0,105,5,42,5,0,0,10,9,259,22,0,0,291,2,0,0,8,0,1,0,0,0,0,0,0,0,0,0,0,0,0,0,0,0,0,0,0,0,0,0,0,0,0,0,0,0,0,0,1,0,18,0,9,0,4,0,1,0,11,1,2,0,0,0,0,0,1,0,5,0,1,0,1,0,0,0,0,0,0,0,0,0,1,0,0,0,1,0,0,0,0,0,0,0
1,348,0,40,1,9,0,4,0,0,0,0,2,3,0,4,0,0,0,0,0,0,0,0,0,0,0,0,0,0,0,0,2,4,0,0,11,33,7,21,0,0,0,0,0,0,0,9,9,85,0,0,0,98,0,149,0,0,0,0,2,1969,3,999,2,0,3,2815,0,504,3,278,1,2,1,1,8,7,4,4,0,0,0,5,0,45,0,0,1,18,0,0,0,0,0,0,0,0,0,0,0,0,0,0,0,0,0,0,0,0,0,0,0,0,0,0,0,0,0,0,0,0,0,0,0,0,4,1,1,1,3,1,0,0,2,0,0,0,0,0,0,0,0,0,2,0,0,0,0,0,0,0,0,0,0,0,0,0,0,1,0,0,0,0,0,1,0,0,0,0
360,2,44,0,12,0,40,1,8,0,0,0,255,5,28,0,0,0,1,0,0,0,0,0,0,0,0,0,0,0,0,0,52,6,0,0,29,7,65,3,4,0,0,0,0,0,2,0,5,0,0,0,12,2,30,1,1,0,0,0,2225,0,120,0,2192,3,0,4,757,0,42,14,8,0,4,0,66,6,36,5,0,0,18,7,962,6,0,0,305,0,0,0,0,0,0,0,0,0,0,1,0,0,0,0,0,0,0,0,0,1,1,0,1,0,0,0,0,0,0,0,0,0,1,0,1,0,8,1,6,0,1,0,0,0,3,1,0,0,0,0,0,0,0,0,3,0,0,0,0,0,0,0,0,0,2,0,0,0,0,0,0,0,1,0,0,0,0,0,0,0
15,580,0,16,1,37,2,81,0,2,0,0,1,915,2,15,0,0,0,0,0,0,0,0,0,0,0,0,0,0,0,0,3,51,0,0,26,92,7,19,2,0,0,0,0,0,1,14,7,56,0,0,0,28,0,25,1,0,0,0,16,4040,9,214,2,2815,4,0,1,880,4,251,2,15,5,2,19,20,11,6,0,0,0,8,1,965,0,0,0,80,0,0,0,0,0,0,0,0,0,0,0,1,0,0,0,0,0,0,0,0,0,1,0,0,0,0,0,0,0,0,0,0,0,0,0,1,4,1,3,1,3,1,0,0,5,1,1,0,0,0,0,0,0,1,4,1,1,0,0,0,0,0,0,0,1,1,0,0,0,0,0,1,2,0,2,0,0,0,0,0
50,0,8,1,1,0,2,0,0,0,0,0,5,1,2,1,0,0,0,0,0,0,0,0,0,0,0,0,0,0,0,0,5,1,0,0,6,0,12,3,3,0,0,0,0,0,12,0,20,1,5,0,126,1,2081,0,5,0,2,0,44,0,272,0,3229,0,757,1,0,0,59,2,6,0,1,0,5,1,7,0,0,0,8,1,679,3,0,0,1328,0,0,0,5,0,0,0,0,0,0,0,0,0,0,0,0,0,0,0,0,0,0,0,0,0,0,0,0,0,0,0,0,0,0,0,1,0,4,0,1,1,1,0,0,0,0,0,0,0,0,0,0,0,0,1,1,0,1,0,1,0,0,0,0,0,0,0,0,0,0,0,0,0,0,0,0,1,0,0,0,0
1,98,1,1,0,4,0,0,0,0,0,0,0,5,0,0,0,0,0,0,0,0,0,0,0,0,0,0,0,0,0,0,0,3,0,0,8,5,12,23,1,0,0,0,0,0,2,69,14,182,0,1,0,607,0,1454,0,0,0,0,1,336,8,1482,1,504,0,880,0,0,1,280,0,2,1,0,3,2,8,1,0,0,2,4,1,742,0,1,1,955,0,0,0,0,0,0,0,0,0,0,0,0,0,0,0,0,1,0,0,0,0,0,0,0,0,0,0,0,0,0,0,0,0,0,0,0,4,2,4,0,1,0,1,0,2,0,0,0,0,0,0,0,0,0,2,0,0,0,1,0,0,0,0,0,0,0,0,0,1,0,0,0,3,0,0,0,0,0,0,0
261,4,24,2,9,0,16,1,4,0,0,0,38,1,133,4,0,1,1,0,0,0,0,0,0,0,0,0,0,0,0,0,61,7,0,0,1640,36,660,97,57,2,80,0,0,0,1937,136,1629,116,575,22,590,9,238,1,27,0,91,4,309,15,2308,3,296,3,42,4,59,1,0,301,873,3,28,0,133,15,119,14,0,0,33,3,60,14,0,0,37,4,0,0,1,3,1,0,0,0,2,2,1,0,0,0,1,0,5,0,1,1,11,9,2,2,9,0,0,0,0,0,0,0,1,0,5,0,35,1,38,2,17,0,2,0,22,4,3,0,2,1,2,0,5,1,44,0,7,0,12,0,0,0,0,0,2,1,0,1,5,0,0,0,21,1,3,1,0,0,1,0
35,554,8,281,4,55,2,40,0,10,0,0,6,109,10,95,0,0,0,1,0,0,0,0,0,0,0,0,0,0,0,0,13,169,0,0,61,1394,181,739,79,45,11,71,0,2,584,2068,261,1862,122,863,14,486,10,35,7,4,29,95,47,1212,38,1203,20,278,14,251,2,280,301,0,13,954,23,9,70,241,61,119,0,0,8,102,17,323,0,0,4,154,0,0,1,36,0,0,0,0,0,0,0,0,0,1,0,0,0,1,0,0,3,3,1,0,0,0,0,0,0,0,1,0,0,0,2,2,39,17,23,28,9,2,1,0,15,5,1,0,0,3,2,0,0,0,23,3,4,0,8,2,0,0,0,0,3,3,0,0,2,3,0,1,12,16,3,0,0,0,1,0
877,32,387,21,41,13,143,1,38,1,0,0,62,7,2336,70,0,0,0,0,0,0,0,0,0,0,0,0,1,0,0,0,97,4,0,0,987,130,31,1,1,0,0,0,0,0,3,1,3,1,0,0,6,0,10,0,2,0,0,0,1002,27,129,0,33,1,8,2,6,0,873,13,0,50,36,4,152,29,82,30,0,0,4,0,15,2,0,0,4,1,0,0,0,0,0,0,0,0,1,0,0,0,0,0,0,0,1,1,0,0,4,2,1,0,0,0,0,0,0,0,0,0,0,0,12,0,36,10,3,5,4,0,2,0,18,3,0,0,0,3,0,0,2,1,11,1,0,1,0,0,0,0,0,0,10,3,0,1,1,1,1,0,13,3,1,0,0,0,0,0
29,1093,4,476,1,42,7,25,1,11,0,0,1,55,35,1419,0,0,1,0,0,0,0,0,0,0,0,0,0,0,0,0,7,15,0,0,53,298,3,1,0,6,0,0,0,1,1,0,0,2,0,0,1,0,0,2,0,0,0,0,12,619,0,16,0,2,0,15,0,2,3,954,50,0,2,30,11,115,9,79,0,0,0,1,0,1,0,0,0,0,0,0,0,0,0,0,0,0,0,0,0,0,0,0,0,0,0,1,1,2,1,0,0,0,0,0,0,0,0,0,0,0,0,0,0,5,2,47,0,30,0,7,0,3,0,1,0,1,0,3,0,5,0,6,0,8,0,4,0,2,0,0,0,0,2,2,0,1,1,5,0,3,1,23,0,0,0,0,2,0
72,5,248,12,283,1,30,3,141,0,31,0,2,2,118,6,59,128,278,5,28,5,2,1,6,0,6,0,56,0,6,0,282,6,0,0,95,24,16,1,31,1,1,1,25,0,0,2,1,1,1,1,1,2,5,0,2,0,2,0,73,4,17,0,6,1,4,5,1,1,28,23,36,2,0,105,2411,17,1026,11,0,0,1,1,3,4,11,0,2,0,1,0,2,0,1,0,0,0,3,2,1,0,1,0,0,0,6,0,5,0,10,9,2,1,0,0,0,0,0,0,16,0,17,0,298,0,434,3,118,2,67,0,26,0,361,48,25,0,5,1,2,1,4,0,198,0,28,0,35,0,4,1,93,11,87,28,98,71,10,1,9,0,58,3,27,2,0,1,2,0
5,81,56,448,69,816,4,124,12,98,2,14,0,33,26,136,24,291,153,141,27,31,5,41,1,5,1,1,7,9,0,0,14,95,0,0,32,263,0,0,0,47,0,1,0,54,0,0,0,0,0,1,0,0,0,0,0,0,0,2,1,27,0,1,0,1,0,2,0,0,0,9,4,30,105,0,8,1583,1,940,0,0,0,3,0,5,0,2,0,1,0,0,0,3,0,0,0,0,0,1,0,0,0,0,0,0,1,1,1,1,0,1,0,0,0,0,0,0,0,0,0,3,0,0,1,139,2,278,0,232,0,57,0,20,0,176,0,17,0,14,0,4,0,56,0,134,0,24,0,48,13,19,199,99,213,366,13,331,0,9,0,11,0,56,0,5,0,0,2,0
327,24,263,14,284,8,61,5,190,2,69,0,122,4,278,27,325,0,241,1,30,0,52,0,10,0,19,0,110,0,13,0,2806,11,0,0,231,64,88,9,867,4,38,2,798,1,21,9,38,8,58,0,26,7,154,1,67,0,169,0,615,5,193,2,105,8,66,19,5,3,133,70,152,11,2411,8,0,29,2018,20,0,0,46,5,204,13,591,0,190,2,14,0,274,1,1,0,0,0,8,0,1,1,1,1,0,0,4,1,4,2,18,10,1,3,1,0,0,0,0,0,10,0,0,0,213,3,137,8,33,3,33,0,32,1,149,14,20,0,6,0,3,0,6,1,32,3,9,1,9,1,10,0,46,1,70,45,500,0,7,1,6,0,39,1,19,1,0,0,1,0
27,257,16,950,13,784,4,182,5,312,0,155,1,124,25,275,17,570,22,224,2,32,1,62,0,39,0,26,0,82,0,9,11,3315,0,0,69,354,9,12,3,1086,0,10,1,799,0,1,0,2,0,3,2,2,2,2,0,0,0,34,31,205,23,27,5,7,6,20,1,2,15,241,29,115,17,1583,29,0,37,1366,0,0,0,55,5,353,0,252,1,99,0,6,0,42,1,0,0,0,0,2,0,0,0,0,0,0,1,0,1,2,3,4,0,0,0,0,0,0,0,0,1,3,0,0,6,90,10,118,2,81,4,15,1,16,8,74,0,7,0,10,0,4,0,16,4,46,0,6,2,15,1,30,21,28,46,115,10,856,0,7,0,11,2,58,2,5,0,1,2,1
168,15,33,3,38,5,19,2,42,0,0,0,22,13,82,10,49,0,24,0,0,0,0,0,0,0,0,0,1,0,0,0,129,17,0,0,181,37,104,11,312,10,6,1,252,1,16,4,21,8,21,0,25,7,103,0,43,0,25,0,232,18,157,5,42,4,36,11,7,8,119,61,82,9,1026,1,2018,37,0,20,0,0,16,25,49,28,17,0,38,4,2,0,26,0,0,1,1,0,7,4,2,1,0,1,1,0,11,2,7,2,23,22,3,4,0,0,0,0,1,0,2,0,0,1,166,0,81,6,27,3,30,2,45,0,140,21,19,0,8,1,2,1,3,2,37,2,1,0,1,1,0,0,0,0,20,10,130,1,34,3,13,0,44,4,19,1,0,0,5,2
25,141,9,232,8,153,6,43,3,55,0,4,4,28,32,156,3,16,1,43,0,0,0,3,0,0,0,0,0,1,0,0,7,136,0,0,74,224,5,2,1,513,0,4,1,149,0,0,1,0,0,2,1,0,1,0,1,0,0,4,26,91,9,10,5,4,5,6,0,1,14,119,30,79,11,940,20,1366,20,0,0,0,0,37,0,64,0,10,0,12,0,0,0,4,1,0,1,0,0,3,2,0,0,0,0,0,3,0,3,4,7,5,1,1,0,0,0,0,0,1,0,1,0,0,0,189,13,80,3,63,4,8,0,8,8,52,0,3,0,22,0,4,0,11,4,37,2,8,0,12,0,3,0,0,22,40,7,237,0,12,1,10,5,112,0,6,0,1,4,0
0,0,0,0,0,0,0,0,0,0,0,0,0,0,0,0,0,0,0,0,0,0,0,0,0,0,0,0,0,0,0,0,0,0,0,0,0,0,0,0,0,0,0,0,0,0,0,0,0,0,0,0,0,0,0,0,0,0,0,0,0,0,0,0,0,0,0,0,0,0,0,0,0,0,0,0,0,0,0,0,0,0,0,0,0,0,0,0,0,0,0,0,0,0,0,0,0,0,0,0,0,0,0,0,0,0,0,0,0,0,0,0,0,0,0,0,0,0,0,0,0,0,0,0,0,0,0,0,0,0,0,0,0,0,0,0,0,0,0,0,0,0,0,0,0,0,0,0,0,0,0,0,0,0,0,0,0,0,0,0,0,0,0,0,0,0,0,0,0,0
0,0,0,0,0,0,0,0,0,0,0,0,0,0,0,0,0,0,0,0,0,0,0,0,0,0,0,0,0,0,0,0,0,0,0,0,0,0,0,0,0,0,0,0,0,0,0,0,0,0,0,0,0,0,0,0,0,0,0,0,0,0,0,0,0,0,0,0,0,0,0,0,0,0,0,0,0,0,0,0,0,0,0,0,0,0,0,0,0,0,0,0,0,0,0,0,0,0,0,0,0,0,0,0,0,0,0,0,0,0,0,0,0,0,0,0,0,0,0,0,0,0,0,0,0,0,0,0,0,0,0,0,0,0,0,0,0,0,0,0,0,0,0,0,0,0,0,0,0,0,0,0,0,0,0,0,0,0,0,0,0,0,0,0,0,0,0,0,0,0
57,1,6,0,3,0,20,0,4,0,0,0,413,1,3,1,0,0,0,0,0,0,0,0,0,0,0,0,0,0,0,0,48,0,0,0,3,2,57,12,3,0,0,1,0,0,26,6,23,5,26,0,35,2,140,0,34,0,10,0,112,0,10,0,10,0,18,0,8,2,33,8,4,0,1,0,46,0,16,0,0,0,0,1,370,5,0,0,47,3,0,0,5,0,0,0,0,0,0,0,0,0,0,0,0,0,0,0,0,0,1,2,0,0,0,0,0,0,0,0,0,0,0,0,0,0,5,0,3,0,2,0,0,0,1,0,0,0,0,0,3,0,0,0,5,0,0,0,0,0,0,0,0,0,0,0,0,0,0,0,0,0,0,0,0,0,0,0,0,0
3,14,0,5,0,6,0,28,0,1,0,0,0,782,2,0,0,0,0,0,0,0,0,0,0,0,0,0,0,0,0,0,0,86,0,0,9,39,34,82,2,21,0,0,0,0,0,0,0,18,0,0,1,10,0,3,0,0,0,0,2,48,14,1,9,5,7,8,1,4,3,102,0,1,1,3,5,55,25,37,0,0,1,0,3,312,0,0,0,161,0,0,0,0,0,0,0,0,0,0,0,0,0,0,0,0,0,0,0,0,2,0,1,0,0,0,0,0,0,0,0,0,0,0,1,2,6,7,2,11,2,1,1,0,1,1,1,0,0,2,0,0,0,0,3,1,0,0,1,2,0,0,0,0,0,0,0,0,2,2,0,3,2,13,1,1,0,0,1,1
484,3,98,2,18,0,30,0,9,0,1,0,849,2,41,2,0,0,1,0,0,0,0,0,0,0,0,0,1,0,0,0,264,1,0,0,22,5,65,14,145,1,7,0,17,0,37,6,52,5,77,0,60,5,534,0,113,0,137,0,759,2,104,0,259,0,962,1,679,1,60,17,15,0,3,0,204,5,49,0,0,0,370,3,0,5,829,0,6890,1,2,0,404,0,0,0,0,0,0,0,1,0,0,0,0,0,2,0,1,0,1,3,1,0,0,0,0,0,0,0,0,0,0,0,1,0,7,1,11,1,2,0,0,0,5,0,0,0,2,0,2,0,2,0,9,0,1,1,0,0,0,0,0,0,0,1,1,0,0,0,0,0,1,0,1,0,0,0,1,0
6,272,1,12,1,19,0,14,1,6,0,0,6,485,3,8,0,0,1,0,0,0,0,0,0,0,0,0,0,0,0,0,2,697,0,0,13,45,93,183,0,624,1,0,1,14,4,30,6,96,0,3,2,69,2,33,0,0,0,131,12,463,20,19,22,45,6,965,3,742,14,323,2,1,4,5,13,353,28,64,0,0,5,312,5,0,0,909,0,3513,0,39,0,126,0,0,0,0,0,0,4,0,0,0,0,0,1,0,2,0,6,1,2,0,0,0,0,0,0,0,0,0,1,0,1,1,7,7,11,12,3,1,0,1,5,4,0,1,0,13,0,1,0,10,8,6,0,0,3,5,0,0,1,0,2,2,0,2,1,3,0,3,3,19,1,1,0,0,1,0
1,0,16,1,10,0,172,0,68,0,62,0,296,0,3,0,18,1,10,0,9,0,0,0,1,0,0,0,57,0,3,0,503,0,0,0,0,1,0,0,696,1,150,0,437,0,0,0,0,0,2,0,0,0,1,0,0,0,499,0,1,0,0,0,0,0,0,0,0,0,0,0,0,0,11,0,591,0,17,0,0,0,0,0,829,0,0,0,715,0,1253,0,683,0,0,0,0,0,0,0,0,0,0,0,0,0,0,0,0,0,2,0,0,0,0,0,0,0,0,0,0,0,0,0,2,0,3,0,0,0,0,0,3,0,1,1,1,0,0,0,0,0,0,0,0,0,0,0,0,0,2,0,6,0,2,0,5,0,1,0,2,0,3,0,0,0,0,0,0,0
0,4,0,34,1,38,0,5,0,14,0,14,0,47,1,5,0,20,0,14,0,0,0,2,0,2,0,2,1,8,0,1,0,323,0,0,0,8,0,0,0,732,0,645,0,600,0,0,0,0,0,0,0,0,0,0,0,0,0,412,0,1,0,0,0,0,0,0,0,1,0,0,0,0,0,2,0,252,0,10,0,0,0,0,0,909,0,0,0,828,0,2704,0,375,0,0,0,0,0,0,0,0,0,0,0,0,0,0,0,0,0,0,0,0,0,0,0,0,0,0,0,1,0,0,0,0,0,0,0,0,0,0,0,0,0,0,0,0,0,0,0,0,0,0,0,0,0,0,0,0,0,0,0,1,2,3,4,18,0,0,0,0,0,1,0,0,0,0,0,0
44,0,12,0,2,0,1,0,1,0,0,0,12,0,4,0,2,0,0,0,0,0,0,0,0,0,0,0,0,0,0,0,213,0,0,0,4,0,13,1,246,0,17,0,39,0,12,0,16,0,33,0,74,0,1889,0,196,0,224,0,44,1,176,0,291,1,305,0,1328,1,37,4,4,0,2,0,190,1,38,0,0,0,47,0,6890,0,715,0,0,0,568,0,5195,0,0,0,0,0,0,0,1,0,0,0,0,0,1,0,0,0,3,5,0,0,0,0,0,0,0,0,0,0,0,0,0,0,4,0,0,0,1,0,0,0,2,1,0,0,1,0,0,0,4,1,9,0,0,0,0,0,0,0,0,0,0,0,1,0,0,1,0,0,2,0,0,0,0,0,1,0
0,12,0,5,0,6,0,0,0,4,0,1,0,3,0,3,0,5,0,1,0,0,0,0,0,0,0,0,0,0,0,0,1,275,0,0,3,2,14,84,2,379,0,0,0,32,12,425,38,228,1,5,0,233,2,2373,0,7,0,368,0,98,0,16,2,18,0,80,0,955,4,154,1,0,0,1,2,99,4,12,0,0,3,161,1,3513,0,828,0,0,0,303,0,3696,0,0,0,0,0,0,0,0,0,0,0,0,1,0,0,1,1,0,1,0,0,0,0,0,0,0,0,0,0,0,0,0,0,2,0,2,1,1,0,0,0,1,0,0,0,5,0,0,1,2,0,1,0,0,0,0,0,0,0,0,0,2,0,3,0,0,0,0,0,2,0,0,0,0,1,0
0,0,0,0,0,0,0,0,0,0,1,0,0,0,0,0,0,0,0,0,1,0,0,0,0,0,0,0,0,0,0,0,4,0,0,0,0,0,0,0,128,0,77,0,37,0,0,0,0,0,0,0,0,0,0,0,0,0,446,0,0,0,0,0,0,0,0,0,0,0,0,0,0,0,1,0,14,0,2,0,0,0,0,0,2,0,1253,0,568,0,0,0,2014,0,0,0,0,0,0,0,0,0,0,0,0,0,0,0,0,0,0,0,0,0,0,0,0,0,0,0,0,0,0,0,0,0,0,0,0,0,0,0,0,0,0,0,0,0,0,0,0,0,0,0,0,0,0,0,0,0,0,0,0,0,0,0,0,0,0,0,0,0,0,0,0,0,0,0,0,0
0,0,0,1,0,1,0,0,0,0,0,0,0,0,0,0,1,0,0,0,0,0,0,0,0,0,0,0,0,1,0,0,0,8,0,0,0,0,0,0,0,86,0,338,0,25,0,0,0,0,0,0,0,0,0,0,0,0,0,1043,0,0,0,0,0,0,0,0,0,0,0,0,0,0,0,0,0,6,0,0,0,0,0,0,0,39,0,2704,0,303,0,0,0,1285,0,0,0,0,0,0,0,0,0,0,0,0,0,0,0,0,0,0,0,0,0,0,0,0,0,0,0,0,0,0,0,0,0,0,0,0,0,0,0,1,0,1,0,0,0,0,0,0,0,0,0,0,0,0,0,0,0,0,0,0,0,0,0,2,0,0,0,0,0,0,0,0,0,0,0,0
1,0,2,0,0,0,0,0,0,0,0,0,2,0,0,0,3,0,1,0,0,0,0,0,0,0,0,0,1,0,0,0,148,0,0,0,0,0,1,0,394,0,206,0,69,0,6,0,2,0,38,1,3,0,245,0,466,0,2685,0,3,0,6,0,8,0,0,0,5,0,1,1,0,0,2,0,274,0,26,0,0,0,5,0,404,0,683,0,5195,0,2014,0,0,0,8,0,0,0,1,0,1,0,2,0,0,0,3,0,1,0,2,1,0,1,0,0,0,0,0,0,0,0,0,0,5,0,1,0,0,0,0,0,2,0,3,0,0,0,3,0,0,0,1,0,5,0,0,0,0,0,0,0,1,0,1,0,5,0,1,0,0,0,2,0,0,0,0,0,0,0
0,0,0,6,0,8,0,3,0,1,0,0,0,0,0,2,0,3,0,0,0,0,0,0,0,0,0,0,0,0,0,0,0,68,0,0,0,1,8,14,2,92,0,83,0,81,5,28,1,2,2,242,0,0,0,22,0,533,2,3445,0,0,0,0,0,0,0,0,0,0,3,36,0,0,0,3,1,42,0,4,0,0,0,0,0,126,0,375,0,3696,0,1285,0,0,0,498,0,2,0,0,0,0,0,155,0,0,0,1,0,0,0,0,0,0,0,0,1,0,0,0,0,0,0,0,0,0,0,0,0,0,0,0,0,0,0,0,0,0,0,0,0,0,0,0,0,0,0,0,0,0,0,0,0,0,0,1,0,2,0,0,0,0,0,0,0,0,0,0,0,0
0,0,0,1,0,0,0,0,0,0,0,0,0,0,0,0,0,0,0,0,0,0,0,0,0,0,0,0,0,0,0,0,2,0,0,0,0,0,0,0,4,0,8,0,1,0,0,0,0,0,0,2,0,0,0,0,1,0,0,0,0,0,1,0,1,0,0,0,0,0,1,0,0,0,1,0,1,1,0,1,0,0,0,0,0,0,0,0,0,0,0,0,8,0,0,13,659,3,100,16,887,11,3491,18,279,0,318,14,80,4,26,6,0,8,39,65,134,28,10,4,0,0,0,0,3,0,1,1,2,1,1,0,0,0,0,0,0,0,0,0,1,0,1,0,1,0,0,0,0,0,0,0,0,0,0,0,0,0,0,1,1,0,1,0,1,3,0,0,1,1
0,0,0,0,0,0,0,0,0,0,0,0,0,0,0,0,0,0,0,0,0,0,0,0,0,0,0,0,0,0,0,0,0,0,0,0,0,0,0,0,4,1,1,2,0,0,0,0,0,0,0,8,0,0,0,0,1,0,0,478,0,0,1,0,0,0,0,0,0,0,0,0,0,0,0,0,0,0,1,0,0,0,0,0,0,0,0,0,0,0,0,0,0,498,13,0,17,2545,7,118,24,641,39,6674,2,1,16,223,4,18,18,17,0,4,56,88,268,16,8,1,0,0,0,0,0,0,0,3,1,2,1,0,0,0,0,0,0,0,0,1,0,0,0,1,1,0,0,0,0,0,0,0,0,0,0,0,0,0,0,1,0,0,0,0,0,1,0,0,0,0
0,0,0,0,0,0,0,0,1,0,0,0,0,0,0,0,0,0,0,0,0,0,0,0,0,0,0,0,0,0,0,0,0,0,0,0,0,0,0,0,2,0,2,0,0,0,0,0,0,0,0,0,0,0,0,0,0,0,0,0,0,0,0,0,0,0,0,0,0,0,0,0,0,0,0,0,0,0,1,1,0,0,0,0,0,0,0,0,0,0,0,0,0,0,659,17,0,4,43,4,132,6,296,14,62,0,132,9,26,2,7,5,1,5,41,68,216,7,3,3,0,0,0,0,2,0,0,2,4,0,0,0,0,0,0,0,0,0,0,0,0,0,0,3,0,0,0,0,0,0,0,0,0,0,0,0,0,0,0,0,0,0,0,0,0,0,0,0,0,0
0,0,0,0,0,0,0,0,0,0,0,0,0,0,0,0,0,0,0,0,0,0,0,0,0,0,0,0,0,0,0,0,0,0,0,0,0,0,0,0,0,0,0,0,0,0,0,0,0,0,0,0,0,0,0,0,0,0,0,2,0,0,0,0,0,0,0,0,0,0,0,0,0,0,0,0,0,0,0,0,0,0,0,0,0,0,0,0,0,0,0,0,0,2,3,2545,4,0,3,9,6,62,7,325,0,0,6,62,0,2,2,7,0,0,6,14,139,48,5,0,0,0,0,0,0,0,0,0,0,0,0,0,0,0,0,0,0,0,0,0,0,0,0,0,0,0,0,0,0,0,0,0,0,0,0,0,0,0,0,0,0,0,0,0,0,0,0,0,1,0
0,0,0,0,0,0,0,0,0,0,0,0,1,0,1,0,0,0,1,0,0,0,0,0,0,0,0,0,0,0,0,0,1,0,0,0,0,0,2,0,13,2,14,1,1,0,1,0,0,0,12,1,0,0,3,0,4,0,2,0,0,0,0,0,0,0,0,0,0,0,2,0,1,0,3,0,8,0,7,0,0,0,0,0,0,0,0,0,0,0,0,0,1,0,100,7,43,3,0,47,622,27,120,20,29,0,403,28,532,11,191,24,66,99,148,37,23,34,40,100,2,0,0,0,5,0,9,4,24,1,1,1,1,0,4,0,0,1,5,0,13,0,10,1,13,0,1,0,2,0,0,0,0,0,1,0,0,0,6,1,0,0,4,0,4,6,0,0,37,1
1,0,0,0,0,0,0,0,0,0,0,0,1,0,0,0,0,0,0,0,0,0,0,0,0,0,0,0,0,0,0,0,0,0,0,0,1,0,0,0,1,10,3,36,0,0,1,0,0,0,1,25,1,0,1,0,2,0,1,1,3,0,3,0,0,0,1,0,0,0,2,0,0,0,2,1,0,2,4,3,0,0,0,0,0,0,0,0,0,0,0,0,0,0,16,118,4,9,47,0,61,1065,19,234,3,0,35,689,30,751,65,725,118,90,127,36,32,43,115,143,0,0,0,0,1,0,4,12,3,12,2,2,1,0,0,4,0,2,0,5,0,0,1,6,3,3,0,0,0,0,0,0,0,0,0,0,0,0,7,10,0,0,1,1,0,4,0,8,14,0
0,0,0,0,0,0,0,0,0,0,0,0,0,0,0,0,0,0,0,0,0,0,0,0,0,0,0,0,0,0,0,0,0,0,0,0,0,0,1,1,4,3,25,0,1,0,0,0,1,0,50,4,0,0,0,0,1,0,1,0,0,0,2,0,0,0,0,0,0,0,1,0,0,0,1,0,1,0,2,2,0,0,0,0,1,4,0,0,1,0,0,0,1,0,887,24,132,6,622,61,0,183,2004,64,234,0,1023,41,210,11,178,24,13,122,899,197,99,54,58,34,0,0,0,0,1,0,1,1,4,3,2,0,0,0,1,1,0,0,3,0,2,0,1,0,6,0,1,0,0,0,0,0,0,0,0,0,0,0,5,6,1,0,0,0,4,2,0,0,7,1
0,0,0,0,0,0,0,0,0,0,0,0,0,0,0,0,0,0,0,0,0,0,0,0,0,0,0,0,0,0,0,0,0,0,0,0,0,1,1,0,0,1,1,120,0,0,0,0,0,0,0,44,0,0,0,0,0,0,0,35,0,0,0,0,0,0,0,1,0,0,0,0,0,0,0,0,1,0,1,0,0,0,0,0,0,0,0,0,0,0,0,0,0,0,11,641,6,62,27,1065,183,0,26,2012,1,0,24,877,12,91,30,119,4,33,894,173,67,50,70,30,0,0,0,0,1,0,1,1,2,1,0,1,0,0,0,0,0,0,0,3,0,0,0,0,0,0,0,0,0,0,0,0,0,0,0,0,0,0,0,4,1,0,3,0,0,1,0,0,1,0
0,0,0,0,0,0,0,0,0,0,0,0,0,0,0,0,0,0,0,0,0,0,0,0,0,0,0,0,0,0,0,0,0,0,0,0,0,0,1,0,3,3,3,1,0,0,0,0,0,0,10,0,0,0,1,0,1,0,1,1,0,0,0,0,0,0,0,0,0,0,0,0,0,0,1,0,1,0,0,0,0,0,0,0,0,0,0,0,0,0,0,0,2,0,3491,39,296,7,120,19,2004,26,0,99,61,0,453,15,76,4,26,6,3,8,56,328,200,41,15,4,0,0,0,0,0,0,1,1,0,0,0,1,0,0,0,0,0,0,0,0,0,0,0,0,1,0,0,0,0,0,0,0,0,0,0,0,0,0,0,0,0,1,2,0,0,3,0,0,2,0
0,0,0,0,0,0,0,0,0,0,0,0,0,0,0,0,0,0,0,0,0,0,0,0,0,0,0,0,0,0,0,0,0,2,0,0,0,0,0,0,2,1,1,0,0,0,0,0,0,0,0,25,0,0,0,0,0,0,0,2335,1,0,0,0,0,0,0,0,0,0,0,1,0,0,0,0,1,0,1,0,0,0,0,0,0,0,0,0,0,0,0,0,0,155,18,6674,14,325,20,234,64,2012,99,0,0,0,31,592,18,57,13,81,1,12,187,384,335,65,32,5,0,0,0,0,1,1,2,1,2,1,1,1,0,0,0,0,0,0,0,0,1,0,0,2,2,0,0,0,0,0,0,0,0,0,0,0,0,0,2,2,0,0,1,0,0,0,0,0,1,0
