0,63,1635,50,2723,23,2038,11,377,5,1,0,731,3,364,200,0,0,4,3,0,0,0,0,0,0,0,0,0,0,0,0,291,5,0,0,71,179,5,2,15,2,2,0,1,1,1,0,16,4,0,0,25,1,55,0,9,0,0,0,4950,3,400,1,307,2,436,4,146,1,256,22,862,46,496,20,523,18,193,10,0,0,36,0,425,0,6,0,178,0,0,0,13,0,1,1,5,3,6,0,2,0,1,0,2,0,15,8,3,3,6,1,0,0,0,0,0,0,1,0,5,0,4,1,22,1,150,3,72,3,32,1,9,0,67,8,7,0,0,1,2,0,5,0,86,3,7,0,10,0,0,0,0,0,30,13,0,0,1,1,0,0,20,2,4,1,1,0,1,0
63,0,21,2543,7,2385,8,1236,1,168,0,0,2,1071,30,394,0,0,0,5,0,0,0,0,0,0,0,0,0,0,0,0,4,237,0,0,4,107,1,1,1,36,0,0,0,0,4,3,5,45,0,5,0,34,3,57,0,3,0,2,25,4546,12,311,2,153,4,859,1,209,24,524,44,530,46,752,13,601,5,370,0,0,0,15,2,156,1,1,3,220,0,0,0,4,0,0,1,1,2,0,0,0,2,0,0,0,5,7,3,3,2,0,0,0,0,0,0,0,0,0,0,0,0,0,1,9,6,149,1,90,1,21,1,7,1,9,0,2,0,0,0,3,0,6,2,37,0,7,1,9,0,0,0,0,14,19,0,2,2,1,0,0,1,5,2,4,0,0,0,0
1635,21,0,158,7528,60,155,5,494,19,318,2,26,3,1878,174,19,11,3576,162,640,29,178,13,170,1,452,0,127,0,2,0,490,22,0,0,135,146,4,1,3,1,1,0,2,0,0,0,14,0,1,0,10,0,12,0,2,0,1,0,252,2,106,0,22,0,9,2,26,0,124,3,467,5,1007,81,774,31,157,20,0,0,0,0,31,0,43,1,22,0,5,1,8,0,1,1,2,0,1,0,3,0,0,0,0,0,14,9,2,4,5,4,0,0,0,0,0,0,0,0,1,0,1,0,63,2,43,4,19,0,10,1,8,0,51,6,14,1,0,0,0,0,2,0,52,2,0,0,0,0,18,35,90,103,160,129,23,0,1,0,2,0,28,3,6,0,1,0,0,0
50,2543,158,0,89,6390,5,266,29,581,10,332,4,47,129,2280,20,64,153,3428,21,369,16,146,1,189,0,249,1,145,0,8,13,357,0,0,18,323,1,0,0,26,0,1,0,15,0,0,1,15,0,0,0,1,0,4,0,0,0,2,9,114,1,58,1,10,1,62,0,14,13,495,18,273,123,1086,35,701,11,200,0,0,1,2,0,21,3,24,0,13,0,3,0,6,0,1,2,1,1,3,2,0,1,1,0,0,7,8,1,4,2,0,1,1,0,0,0,0,0,0,0,1,0,0,5,53,5,77,3,30,0,12,0,4,4,52,3,7,0,1,0,0,0,1,4,33,0,3,2,3,48,47,104,277,81,554,5,54,2,3,0,0,1,17,0,8,1,1,0,0
2723,7,7528,89,0,30,454,4,4263,6,723,1,78,3,126,107,9,9,227,52,65,11,44,8,44,0,29,0,134,0,10,0,669,4,0,0,16,73,1,1,7,0,0,1,3,0,0,0,3,0,0,0,3,0,4,0,0,0,0,0,167,1,17,0,26,0,17,0,24,1,23,4,29,3,919,44,779,14,134,8,0,0,7,0,45,0,60,0,28,0,7,0,1,0,0,0,2,1,2,0,2,0,1,0,2,0,14,5,0,4,3,1,0,0,1,0,0,0,0,0,0,0,0,0,58,2,47,3,12,2,12,0,3,0,70,4,15,1,0,0,0,0,3,0,62,0,4,0,6,0,4,8,24,23,37,78,20,1,3,1,2,0,17,1,8,0,0,0,2,0
23,2385,60,6390,30,0,4,2665,3,3854,3,957,0,146,53,357,7,46,56,348,4,16,1,34,0,112,1,542,0,127,0,72,4,757,0,0,8,92,0,0,0,28,2,1,0,19,1,2,0,8,0,6,1,4,2,12,0,1,0,3,4,282,3,46,0,32,0,199,2,22,11,91,18,101,50,1373,13,1081,3,354,0,0,0,17,1,89,2,40,1,43,0,3,1,3,1,3,2,1,1,2,2,1,1,0,1,0,16,13,4,0,3,1,3,0,0,0,0,0,0,0,0,0,0,1,3,69,4,89,1,33,0,14,0,9,5,78,1,13,0,1,0,1,1,4,6,57,1,3,0,10,17,13,24,21,49,332,2,47,1,4,0,5,1,13,1,9,0,0,3,0
2038,8,155,5,454,4,0,0,1656,1,1,0,2635,2,55,40,0,0,1,1,0,0,0,0,0,0,0,0,0,0,0,0,1324,0,0,0,15,28,2,1,7,0,0,0,0,0,0,0,5,0,0,0,2,0,6,0,0,0,1,0,371,1,51,0,14,0,38,2,2,0,61,0,142,6,175,5,279,1,59,1,0,0,13,0,26,0,32,0,4,0,1,0,2,0,0,1,1,0,3,0,0,0,1,0,1,0,3,2,3,0,0,0,0,0,0,0,0,0,0,0,0,0,2,0,7,0,37,1,11,0,4,1,2,0,7,3,4,0,1,0,0,0,2,0,26,0,1,0,3,0,0,0,0,0,8,1,0,0,1,0,0,0,9,0,1,0,0,0,1,0
11,1236,5,266,4,2665,0,0,0,1582,0,5,0,1991,20,288,0,0,3,24,0,0,0,0,0,0,0,0,0,0,0,0,2,1843,0,0,1,42,1,0,0,10,0,0,0,0,0,0,1,3,0,0,1,1,0,2,0,1,0,0,2,156,2,13,2,3,0,170,1,4,3,48,7,61,11,251,3,250,0,127,0,0,0,13,1,18,0,0,1,4,0,0,0,0,0,1,2,1,0,1,1,0,0,1,0,0,3,2,2,1,0,0,1,0,0,0,0,0,0,0,0,0,0,0,0,9,0,47,0,15,0,16,0,0,0,13,0,0,0,0,0,1,0,2,0,33,0,5,0,2,0,0,1,0,9,22,0,0,0,0,0,0,0,4,1,2,0,0,0,1
377,1,494,29,4263,3,1656,0,0,4,1918,0,208,0,91,37,0,2,50,17,5,1,5,0,5,0,3,0,56,0,59,0,1600,0,0,0,4,41,0,0,6,0,0,0,0,1,0,0,1,1,0,0,0,0,1,0,0,0,0,0,89,0,25,0,16,0,5,1,3,0,21,3,42,0,609,12,393,5,77,4,0,0,5,0,7,0,26,0,6,0,2,0,4,0,0,0,1,1,1,2,1,0,1,0,0,0,6,4,3,0,0,0,0,0,1,0,0,0,0,0,1,0,0,0,45,2,37,0,17,0,14,0,5,0,47,1,5,0,0,0,0,0,1,0,56,1,1,0,2,0,0,1,5,8,22,13,2,0,0,0,0,1,17,2,1,0,0,0,0,0
5,168,19,581,6,3854,1,1582,4,0,0,1219,0,264,7,165,0,8,10,99,0,0,1,4,0,1,0,8,0,41,0,3,0,1171,0,0,4,47,0,1,1,16,1,4,0,14,0,2,0,7,0,2,0,1,0,3,0,0,1,4,1,66,2,10,0,2,0,35,0,2,6,23,3,23,6,435,1,550,1,163,0,0,1,6,0,9,0,18,0,3,0,1,0,3,0,1,0,0,1,0,2,0,0,0,0,0,4,1,1,4,0,1,0,0,0,0,0,0,0,0,0,1,0,0,0,40,0,41,0,14,0,11,0,0,0,46,0,2,0,0,0,1,0,2,0,25,0,2,0,3,0,2,4,2,8,61,0,8,1,6,0,1,1,7,0,3,0,0,0,0
1,0,318,10,723,3,1,0,1918,0,0,1,1,0,1,0,28,4,90,10,100,2,76,0,120,0,28,0,1469,0,331,0,858,0,0,0,1,0,0,0,2,0,0,0,4,0,0,0,0,0,0,0,0,0,0,0,1,0,2,0,0,0,0,0,0,0,0,0,0,0,1,0,0,0,134,11,337,0,16,0,0,0,0,0,0,0,31,0,2,0,3,0,4,0,0,0,0,0,0,0,0,0,0,0,0,0,0,0,0,0,0,0,0,0,0,0,0,0,0,0,0,0,0,0,1,0,1,1,0,0,1,0,0,0,3,0,1,0,0,0,0,0,0,0,2,0,0,0,0,0,3,8,15,7,0,7,16,0,0,0,0,0,0,0,1,0,0,0,0,0
0,0,2,332,1,957,0,5,0,1219,1,0,0,0,0,2,1,32,3,42,2,11,0,17,0,30,0,236,0,1335,0,450,0,244,0,0,0,0,0,0,0,12,0,1,0,31,0,0,0,0,0,0,0,0,0,0,0,0,0,2,0,0,0,0,0,0,0,0,0,0,0,0,0,0,0,100,0,178,0,17,0,0,0,0,0,0,0,38,0,4,0,2,0,8,0,0,0,0,0,0,0,0,0,0,0,0,0,0,0,0,0,0,0,0,0,0,0,0,0,0,0,0,0,0,0,7,0,2,0,0,0,0,0,1,0,8,0,0,0,0,0,0,0,0,0,1,0,0,0,0,4,5,0,5,0,7,1,10,0,0,0,0,0,0,0,0,0,0,0,0
731,2,26,4,78,0,2635,0,208,0,1,0,0,0,5,3,0,0,0,0,0,0,0,0,0,0,0,0,0,0,0,0,599,0,0,0,5,5,4,0,4,0,1,0,0,0,0,0,0,0,0,0,4,0,12,1,2,0,1,0,1714,0,15,0,9,0,498,0,11,0,16,1,22,1,26,0,171,0,28,0,0,0,60,0,130,0,8,0,9,0,0,0,1,0,0,0,1,0,0,0,0,0,0,0,0,0,1,0,0,0,0,0,0,0,0,0,0,0,0,0,0,0,0,0,2,0,9,1,9,0,8,0,0,0,5,1,0,0,1,0,0,0,1,0,7,0,3,0,1,0,0,0,0,0,1,0,0,0,0,0,0,0,0,0,0,1,0,0,0,0
3,1071,3,47,3,146,2,1991,0,264,0,0,0,0,2,91,0,0,0,4,0,0,0,0,0,0,0,0,0,0,0,0,0,1130,0,0,0,10,0,0,2,2,0,1,0,0,0,0,2,5,0,0,0,1,0,6,0,0,0,0,1,1124,3,2,1,2,0,759,0,6,0,23,3,9,3,53,2,97,0,29,0,0,0,18,0,115,0,1,0,1,0,0,0,1,0,0,0,0,0,0,0,0,0,0,0,0,0,0,1,0,0,0,0,0,0,0,0,0,0,0,0,0,0,0,0,2,0,14,0,8,0,1,0,0,0,0,0,0,0,0,0,0,0,0,2,4,0,0,0,1,0,0,0,0,4,4,0,0,0,0,0,0,0,0,0,0,0,0,1,0
364,30,1878,129,126,53,55,20,91,7,1,0,5,2,0,372,0,0,835,83,3,0,2,0,0,0,0,0,0,0,0,0,79,14,0,0,2008,296,16,1,6,3,0,0,0,0,0,0,11,0,0,0,9,0,2,0,0,0,0,0,25,0,99,1,11,0,1,0,3,0,343,10,2122,18,370,37,166,26,67,15,0,0,1,0,0,0,3,0,6,0,0,0,3,0,0,0,1,0,2,0,0,0,0,0,0,0,4,1,0,1,0,0,0,0,0,0,0,0,0,0,2,0,0,0,35,1,31,5,4,0,11,1,1,0,27,5,9,1,0,0,0,0,2,0,26,2,1,0,1,0,1,0,63,13,314,115,0,0,1,0,1,1,12,0,3,0,0,0,1,0
200,394,174,2280,107,357,40,288,37,165,0,2,3,91,372,0,0,0,56,1395,0,0,1,0,0,0,0,0,0,0,0,0,32,121,0,0,76,2415,0,2,0,20,1,0,0,0,0,0,4,9,0,1,1,1,1,2,1,0,0,0,75,84,30,22,4,1,3,31,2,5,101,361,238,1920,107,446,78,467,24,342,0,0,1,4,4,9,2,1,1,1,0,2,1,0,0,1,2,1,0,1,3,0,0,0,0,1,12,13,5,4,5,0,2,0,0,0,0,1,0,1,0,0,0,0,6,42,26,136,4,42,0,20,1,3,9,42,2,10,0,1,0,2,1,7,14,53,2,14,1,8,1,1,11,4,106,178,0,0,0,7,0,1,2,13,2,2,0,0,2,0
0,0,19,20,9,7,0,0,0,0,28,1,0,0,0,0,0,71,30,32,304,60,570,0,152,0,2,0,210,0,0,0,155,1,0,0,1,0,0,0,23,0,2,0,20,0,0,0,0,0,0,0,0,0,0,0,0,0,0,0,0,0,0,0,0,0,0,0,0,0,0,0,0,0,158,26,348,1,0,0,0,0,0,0,0,0,5,0,0,0,2,0,0,0,0,0,0,0,0,0,0,0,0,0,0,0,0,0,0,0,0,0,0,0,0,0,0,0,0,0,0,0,0,0,0,0,0,0,0,0,0,0,0,0,0,0,0,0,0,0,0,0,0,0,0,0,0,0,0,0,345,26,90,11,47,7,1429,7,0,0,0,0,0,0,0,0,0,0,0,0
0,0,11,64,9,46,0,0,2,8,4,32,0,0,0,0,71,0,24,110,41,644,54,1028,0,210,0,23,1,110,0,2,0,393,0,0,0,2,0,0,1,38,1,0,0,88,0,0,0,0,0,0,0,0,0,0,0,0,0,0,0,0,0,0,0,0,0,0,0,0,0,0,0,0,280,301,5,613,2,4,0,0,0,0,0,0,0,35,0,2,0,1,0,4,0,0,0,0,0,0,0,0,0,0,0,0,0,0,0,0,0,0,0,0,0,0,0,0,0,0,0,0,0,0,0,3,0,0,0,0,0,0,0,0,0,1,0,0,0,0,0,0,0,0,0,4,0,0,0,0,19,191,20,56,2,22,74,646,0,0,0,0,0,0,0,0,0,0,0,0
4,0,3576,153,227,56,1,3,50,10,90,3,0,0,835,56,30,24,0,370,511,33,64,15,55,1,35,0,50,0,0,0,106,6,0,0,275,128,2,0,1,0,0,0,0,0,0,0,0,0,0,0,1,0,0,0,0,0,0,0,0,0,3,0,0,0,0,0,0,0,6,1,7,0,493,74,193,14,27,4,0,0,0,0,0,0,13,0,0,0,1,0,1,1,0,0,1,0,0,0,0,0,0,0,0,0,1,2,0,1,0,0,0,0,0,0,0,0,0,0,0,0,0,0,8,0,6,1,3,0,1,0,1,0,4,5,2,0,0,0,0,0,0,0,8,2,0,0,0,1,56,29,910,114,914,160,35,6,0,0,0,0,0,0,0,0,0,0,0,0
3,5,162,3428,52,348,1,24,17,99,10,42,0,4,83,1395,32,110,370,0,53,1059,20,201,0,98,0,37,1,68,0,1,10,133,0,0,15,904,0,0,0,8,0,1,1,8,0,0,0,2,0,0,0,0,0,0,0,0,0,2,2,0,2,1,0,0,0,0,0,0,3,7,0,2,110,568,37,268,9,60,0,0,0,0,0,2,0,7,0,3,0,2,1,5,0,0,0,1,0,0,2,0,0,0,0,0,3,0,1,1,3,0,0,0,0,0,0,0,0,0,1,0,0,0,2,22,2,10,0,3,2,2,0,2,3,30,0,2,0,0,0,0,0,0,1,18,1,0,0,1,111,129,129,1510,94,605,11,67,1,0,0,1,0,2,0,1,0,0,0,0
0,0,640,21,65,4,0,0,5,0,100,2,0,0,3,0,304,41,511,53,0,150,1143,27,377,9,139,1,106,2,0,0,34,0,0,0,0,1,0,0,0,0,0,0,4,1,0,0,0,0,0,0,0,0,0,0,0,0,0,0,0,0,0,0,0,0,0,0,0,0,0,0,0,0,316,44,133,3,0,0,0,0,0,0,0,0,7,0,0,0,0,0,2,0,0,0,0,0,0,0,0,0,0,0,0,0,0,0,0,0,0,0,0,0,0,0,0,0,0,0,0,0,0,0,0,0,1,0,0,0,0,0,0,0,0,1,0,0,0,0,0,0,0,0,1,0,0,0,0,0,231,30,384,21,7,19,240,2,0,0,0,0,0,0,0,0,0,0,0,0
0,0,29,369,11,16,0,0,1,0,2,11,0,0,0,0,60,644,33,1059,150,0,67,1932,0,277,0,74,2,64,0,0,0,23,0,0,0,0,0,0,0,0,0,0,0,3,0,0,0,0,0,0,0,0,0,0,0,0,0,0,0,0,0,0,0,0,0,0,0,0,0,0,0,0,31,259,4,45,1,1,0,0,0,0,0,0,0,2,0,0,0,0,0,2,0,0,0,0,0,0,0,0,0,0,0,0,0,0,0,0,0,0,0,0,0,0,0,0,0,0,0,0,0,0,0,0,0,0,0,0,1,0,0,0,0,0,0,0,0,0,0,0,0,0,0,0,0,0,0,0,95,292,18,248,4,91,1,205,0,0,0,0,0,0,0,0,0,0,0,0
0,0,178,16,44,1,0,0,5,1,76,0,0,0,2,1,570,54,64,20,1143,67,0,269,803,4,128,1,164,1,0,0,44,0,0,0,0,1,0,0,2,0,0,0,1,0,0,0,0,0,0,0,0,0,0,0,0,0,0,0,0,0,0,0,0,0,0,0,0,0,0,0,0,0,113,3,129,8,1,0,0,0,0,0,0,0,3,0,0,0,1,0,0,0,0,0,0,0,0,0,0,0,0,0,0,0,0,0,0,0,0,0,0,0,0,0,0,0,0,0,0,0,0,0,0,0,0,0,0,0,0,0,0,0,0,0,0,0,0,0,0,0,0,0,0,0,0,0,0,0,175,7,110,5,6,13,425,8,0,0,0,0,0,0,0,0,0,0,0,0
0,0,13,146,8,34,0,0,0,4,0,17,0,0,0,0,0,1028,15,201,27,1932,269,0,0,889,0,72,0,92,0,2,0,41,0,0,1,0,0,0,0,1,0,0,0,6,0,0,1,0,0,0,0,0,0,0,0,0,0,0,0,0,0,0,0,0,0,0,0,0,0,0,0,0,4,94,5,102,1,1,0,0,0,0,0,0,0,5,0,0,0,0,0,0,0,0,0,0,0,0,0,0,0,0,0,0,0,0,0,0,0,0,0,0,0,0,0,0,0,0,0,0,0,0,0,1,0,0,0,0,0,0,0,0,0,0,0,0,0,0,0,0,0,0,0,1,0,0,0,0,6,41,7,68,4,15,0,357,0,0,0,0,0,0,0,0,0,0,0,0
0,0,170,1,44,0,0,0,5,0,120,0,0,0,0,0,152,0,55,0,377,0,803,0,0,0,518,0,506,0,1,0,128,0,0,0,0,0,0,0,0,0,0,0,5,0,0,0,0,0,0,0,0,0,0,0,0,0,0,0,0,0,0,0,0,0,0,0,0,0,0,0,0,0,26,4,111,1,2,0,0,0,0,0,0,0,5,0,0,0,1,0,0,0,0,0,0,0,0,0,0,0,0,0,0,0,0,0,0,0,0,0,0,0,0,0,0,0,0,0,0,0,0,0,1,0,0,0,0,0,0,0,0,0,0,0,0,0,0,0,0,0,0,0,0,0,0,0,0,0,6,3,20,0,1,2,69,0,0,0,0,0,0,0,0,0,0,0,0,0
0,0,1,189,0,112,0,0,0,1,0,30,0,0,0,0,0,210,1,98,9,277,4,889,0,0,0,155,0,232,0,2,0,109,0,0,0,0,0,0,0,1,0,0,0,10,0,0,0,0,0,0,0,0,0,0,0,0,0,0,0,0,0,0,0,0,0,0,0,0,0,0,0,0,1,15,0,23,0,0,0,0,0,0,0,0,0,11,0,0,0,2,0,1,0,0,0,0,0,0,0,0,0,0,0,0,0,0,0,0,0,0,0,0,0,0,0,0,0,0,0,0,0,0,0,0,0,0,0,0,0,0,0,0,0,0,0,0,0,0,0,0,0,0,0,0,0,0,0,0,1,2,0,25,0,2,0,59,0,0,0,0,0,0,0,0,0,0,0,0
0,0,452,0,29,1,0,0,3,0,28,0,0,0,0,0,2,0,35,0,139,0,128,0,518,0,0,0,67,0,0,0,8,0,0,0,0,0,0,0,0,0,0,0,0,0,0,0,0,0,0,0,0,0,0,0,0,0,0,0,0,0,0,0,0,0,0,0,0,0,0,0,0,0,2,1,11,0,0,0,0,0,0,0,0,0,2,0,0,0,1,0,0,0,0,0,0,0,0,0,0,0,0,0,0,0,0,0,0,0,0,0,0,0,0,0,0,0,0,0,0,0,0,0,0,0,0,0,0,0,0,0,0,0,0,0,0,0,0,0,0,0,0,0,0,0,0,0,0,0,1,0,3,1,0,1,0,0,0,0,0,0,1,0,0,0,0,0,0,0
0,0,0,249,0,542,0,0,0,8,0,236,0,0,0,0,0,23,0,37,1,74,1,72,0,155,0,0,0,133,0,70,0,24,0,0,0,0,0,0,0,3,0,0,0,7,0,0,0,0,0,0,0,0,0,0,0,0,0,0,0,0,0,0,0,0,0,0,0,0,0,0,0,0,0,9,0,6,0,0,0,0,0,0,0,0,0,10,0,0,0,0,0,2,0,0,0,0,0,0,0,0,0,0,0,0,0,0,0,0,0,0,0,0,0,0,0,0,0,0,0,0,0,0,0,0,0,0,0,0,0,0,0,0,0,0,0,0,0,0,0,0,0,0,0,0,0,0,0,0,1,0,0,3,0,0,0,10,0,0,0,0,0,0,0,0,0,0,0,0
0,0,127,1,134,0,0,0,56,0,1469,0,0,0,0,0,210,1,50,1,106,2,164,0,506,0,67,0,0,0,35,0,628,0,0,0,0,0,0,0,0,0,0,0,3,0,0,0,0,0,0,0,0,0,0,0,0,0,0,0,0,0,0,0,0,0,0,0,0,0,0,0,0,0,58,5,99,0,0,0,0,0,0,0,0,0,29,0,1,0,2,0,1,0,0,0,0,0,0,0,0,0,0,0,0,0,0,0,0,0,0,0,0,0,0,0,0,0,0,0,0,0,0,0,0,0,0,0,1,0,0,0,0,0,1,0,0,0,0,0,0,0,0,0,0,0,0,0,0,0,1,2,16,2,0,6,61,0,0,0,0,0,0,0,0,0,0,0,0,0
0,0,0,145,0,127,0,0,0,41,0,1335,0,0,0,0,0,110,0,68,2,64,1,92,0,232,0,133,0,0,0,54,0,354,0,0,0,0,0,0,0,6,0,2,0,26,0,0,0,0,0,0,0,0,0,0,0,0,0,3,0,0,0,0,0,0,0,0,0,0,0,0,0,0,1,64,0,172,0,1,0,0,0,0,0,0,0,41,0,1,0,2,0,6,0,0,0,0,0,0,0,0,0,0,0,0,0,0,0,0,0,0,0,0,0,0,0,0,0,0,0,0,0,0,0,0,0,0,0,0,0,0,0,0,0,2,0,0,0,0,0,0,0,0,0,0,0,0,0,0,4,2,0,7,0,3,0,15,1,0,0,0,0,0,0,0,0,0,0,0
0,0,2,0,10,0,0,0,59,0,331,0,0,0,0,0,0,0,0,0,0,0,0,0,1,0,0,0,35,0,0,0,13,0,0,0,0,0,0,0,0,0,0,0,0,0,0,0,0,0,0,0,0,0,0,0,0,0,0,0,0,0,0,0,0,0,0,0,0,0,0,0,0,0,2,0,6,0,1,0,0,0,0,0,0,0,0,0,0,0,0,0,0,0,0,0,0,0,0,0,0,0,0,0,0,0,0,0,0,0,0,0,0,0,0,0,0,0,0,0,0,0,0,0,0,0,0,0,0,0,0,0,0,0,0,0,0,0,0,0,0,0,0,0,0,0,0,0,0,0,0,0,0,1,0,0,0,0,0,0,0,0,0,0,0,0,0,0,0,0
0,0,0,8,0,72,0,0,0,3,0,450,0,0,0,0,0,2,0,1,0,0,0,2,0,2,0,70,0,54,0,0,0,3,0,0,0,0,0,0,0,0,0,0,0,0,0,0,0,0,0,0,0,0,0,0,0,0,0,0,0,0,0,0,0,0,0,0,0,0,0,0,0,0,0,5,0,1,0,0,0,0,0,0,0,0,0,1,0,0,0,0,0,0,0,0,0,0,0,0,0,0,0,0,0,0,0,0,0,0,0,0,0,0,0,0,0,0,0,0,0,0,0,0,0,0,0,0,0,0,0,0,0,0,0,0,0,0,0,0,0,0,0,0,0,0,0,0,0,0,0,0,0,0,0,0,0,1,0,0,0,0,0,0,0,0,0,0,0,0
291,4,490,13,669,4,1324,2,1600,0,858,0,599,0,79,32,155,0,106,10,34,0,44,0,128,0,8,0,628,0,13,0,0,5,0,0,17,24,29,19,277,0,22,0,64,0,7,0,18,2,25,0,36,0,111,2,90,0,81,0,205,1,47,1,23,2,36,2,13,2,44,36,52,2,460,9,2313,6,99,6,0,0,82,5,248,5,471,0,219,1,23,0,183,0,0,1,2,1,0,0,4,0,1,0,0,0,5,4,3,1,0,0,0,0,0,0,0,0,0,0,2,0,0,0,10,1,28,0,24,3,8,0,1,0,21,0,3,0,7,0,1,0,6,0,52,0,5,0,3,0,5,3,11,10,16,17,52,0,0,0,0,0,4,1,4,0,0,0,1,0
5,237,22,357,4,757,0,1843,0,1171,0,244,0,1130,14,121,1,393,6,133,0,23,0,41,0,109,0,24,0,354,0,3,5,0,0,0,9,47,13,12,9,914,1,89,0,164,32,48,26,117,3,88,13,46,8,88,9,24,1,277,6,291,12,72,7,30,10,267,8,69,29,238,3,44,9,242,12,4075,3,100,0,0,4,53,12,517,0,475,7,203,0,28,2,134,1,2,0,2,1,0,2,0,1,1,0,0,4,11,2,4,2,2,0,1,0,0,0,0,0,0,0,1,0,2,0,16,3,21,6,29,0,8,1,2,0,14,0,0,0,22,0,5,0,15,6,51,0,1,1,10,1,0,4,7,6,48,0,8,0,3,0,0,0,3,0,1,0,0,0,0
0,0,0,0,0,0,0,0,0,0,0,0,0,0,0,0,0,0,0,0,0,0,0,0,0,0,0,0,0,0,0,0,0,0,0,0,0,0,0,0,0,0,0,0,0,0,0,0,0,0,0,0,0,0,0,0,0,0,0,0,0,0,0,0,0,0,0,0,0,0,0,0,0,0,0,0,0,0,0,0,0,0,0,0,0,0,0,0,0,0,0,0,0,0,0,0,0,0,0,0,0,0,0,0,0,0,0,0,0,0,0,0,0,0,0,0,0,0,0,0,0,0,0,0,0,0,0,0,0,0,0,0,0,0,0,0,0,0,0,0,0,0,0,0,0,0,0,0,0,0,0,0,0,0,0,0,0,0,0,0,0,0,0,0,0,0,0,0,0,0
0,0,0,0,0,0,0,0,0,0,0,0,0,0,0,0,0,0,0,0,0,0,0,0,0,0,0,0,0,0,0,0,0,0,0,0,0,0,0,0,0,0,0,0,0,0,0,0,0,0,0,0,0,0,0,0,0,0,0,0,0,0,0,0,0,0,0,0,0,0,0,0,0,0,0,0,0,0,0,0,0,0,0,0,0,0,0,0,0,0,0,0,0,0,0,0,0,0,0,0,0,0,0,0,0,0,0,0,0,0,0,0,0,0,0,0,0,0,0,0,0,0,0,0,0,0,0,0,0,0,0,0,0,0,0,0,0,0,0,0,0,0,0,0,0,0,0,0,0,0,0,0,0,0,0,0,0,0,0,0,0,0,0,0,0,0,0,0,0,0
71,4,135,18,16,8,15,1,4,4,1,0,5,0,2008,76,1,0,275,15,0,0,0,1,0,0,0,0,0,0,0,0,17,9,0,0,0,174,1190,13,28,2,1,0,0,0,10,7,286,6,5,0,100,4,15,1,5,0,2,0,79,7,295,4,55,0,35,3,3,1,3175,46,985,19,143,11,77,14,40,4,0,0,13,3,31,6,1,0,13,2,0,0,1,0,2,0,0,0,2,0,3,1,0,0,0,0,5,3,1,0,0,0,1,1,0,1,0,0,0,0,1,0,3,0,7,0,23,2,21,3,12,0,0,0,14,1,8,0,0,0,1,0,1,0,19,1,1,0,7,0,1,0,32,3,681,22,1,0,0,0,0,0,3,0,1,0,0,0,0,0
179,107,146,323,73,92,28,42,41,47,0,0,5,10,296,2415,0,2,128,904,1,0,1,0,0,0,0,0,0,0,0,0,24,47,0,0,174,0,12,800,9,9,1,2,0,2,7,47,14,30,0,9,13,5,6,4,2,0,1,1,181,39,132,25,36,16,24,34,8,7,324,2524,436,533,104,249,67,170,40,87,0,0,2,5,9,5,1,1,4,10,0,0,1,1,1,0,0,0,2,1,2,0,0,0,0,0,4,2,2,2,2,0,0,0,0,1,0,0,0,1,1,0,0,0,4,9,29,24,30,50,7,5,0,1,15,8,3,1,0,0,0,1,1,3,23,13,2,0,1,7,0,1,47,211,143,771,0,0,0,2,0,0,0,3,1,2,0,0,0,0
5,1,4,1,1,0,2,1,0,0,0,0,4,0,16,0,0,0,2,0,0,0,0,0,0,0,0,0,0,0,0,0,29,13,0,0,1190,12,0,73,122,10,4,3,0,0,149,76,317,19,69,52,184,3,114,4,47,3,20,2,16,1,38,2,20,1,33,5,19,4,896,144,2,0,19,1,72,15,31,2,0,0,31,7,80,17,2,0,43,12,0,0,16,1,0,0,2,0,4,0,5,0,0,0,0,0,4,3,1,0,1,1,0,0,0,0,0,0,0,1,2,0,5,0,3,0,12,0,38,3,9,0,0,0,14,2,0,0,0,0,0,0,3,0,35,0,3,0,6,0,0,0,0,0,5,1,1,0,1,0,0,0,3,1,1,0,0,0,0,0
2,1,1,0,1,0,1,0,0,1,0,0,0,0,1,2,0,0,0,0,0,0,0,0,0,0,0,0,0,0,0,0,19,12,0,0,13,800,73,0,58,51,0,7,0,0,64,288,81,46,16,155,72,9,41,7,25,11,5,7,1,0,18,1,4,4,9,3,10,3,85,975,1,1,0,2,23,15,7,8,0,0,4,3,33,34,1,0,24,21,0,0,3,4,0,0,0,0,0,0,1,0,0,0,0,0,1,0,1,1,1,1,0,0,0,0,0,0,0,0,1,0,0,0,0,0,0,0,8,3,1,0,0,0,1,1,0,0,0,0,0,1,0,0,9,3,1,0,1,0,0,0,0,0,1,0,0,0,0,0,1,0,1,0,0,0,0,1,0,0
15,1,3,0,7,0,7,0,6,1,2,0,4,2,6,0,23,1,1,0,0,0,2,0,0,0,0,0,0,0,0,0,277,9,0,0,28,9,122,58,0,9,2176,1,353,0,124,258,49,30,624,71,54,4,81,4,118,5,785,5,51,0,26,0,11,0,6,0,10,1,167,134,5,1,58,1,1010,8,688,4,0,0,7,2,242,13,517,0,283,6,234,0,481,2,4,3,10,2,14,0,23,0,9,1,7,0,50,15,19,4,15,6,1,3,2,0,0,0,0,0,4,0,12,0,7,2,94,0,69,6,16,1,5,0,44,5,5,0,167,0,15,0,64,1,333,1,12,0,9,0,0,0,0,0,0,0,54,0,0,0,0,1,145,0,3,0,0,0,5,0
2,36,1,26,0,28,0,10,0,16,0,12,0,2,3,20,0,38,0,8,0,0,0,1,0,1,0,3,0,6,0,0,0,914,0,0,2,9,10,51,9,0,1,2046,0,561,9,51,3,13,0,313,0,6,1,6,1,17,1,1016,2,43,7,18,1,2,0,19,0,3,12,256,1,15,2,137,5,1721,3,1015,0,0,0,17,1,628,0,814,1,463,0,350,0,465,4,9,3,9,1,12,2,6,0,2,1,1,6,43,8,32,4,14,5,1,3,2,0,1,0,1,0,0,0,18,0,31,2,108,3,67,0,15,0,6,1,14,0,3,0,136,0,13,0,42,1,219,0,6,0,13,0,0,0,0,2,6,0,71,1,6,0,5,1,64,0,22,0,0,2,1
2,0,1,0,0,2,0,0,0,1,0,0,1,0,0,1,2,1,0,0,0,0,0,0,0,0,0,0,0,0,0,0,22,1,0,0,1,1,4,0,2176,1,0,0,802,0,67,0,1,0,807,1,1,1,8,1,35,0,1648,0,1,0,1,0,3,0,0,0,1,0,136,1,0,0,6,2,27,1,4,3,0,0,0,0,25,0,165,0,35,0,202,0,281,0,11,0,19,1,4,3,62,0,8,1,5,0,79,6,18,3,21,1,0,1,0,1,0,0,0,0,1,0,3,0,1,0,3,0,6,0,2,0,0,0,2,0,0,0,2,0,3,0,6,0,18,1,0,1,1,0,0,0,0,0,0,0,2,0,1,1,0,0,1,0,0,0,0,0,0,0
0,0,0,1,1,1,0,0,0,4,0,1,0,1,0,0,0,0,0,1,0,0,0,0,0,0,0,0,0,2,0,0,0,89,0,0,0,2,3,7,1,2046,0,0,0,572,2,64,0,3,0,695,0,0,0,2,0,5,0,2010,0,2,1,1,1,0,0,0,0,0,1,99,0,1,1,4,1,90,0,20,0,0,0,0,1,113,0,145,1,158,0,598,0,167,1,17,1,14,1,20,4,7,0,14,0,3,5,66,2,35,2,17,0,0,2,1,2,0,0,0,0,1,0,0,0,3,0,2,0,9,0,0,1,0,0,2,0,0,0,6,0,3,0,8,1,10,0,1,0,1,0,0,0,0,0,0,0,0,0,1,0,0,1,2,0,1,0,0,0,0
1,0,2,0,3,0,0,0,0,0,4,0,0,0,0,0,20,0,0,1,4,0,1,0,5,0,0,0,3,0,0,0,64,0,0,0,0,0,0,0,353,0,802,0,0,0,0,0,0,0,2,0,0,0,1,0,1,0,9,0,0,0,0,0,0,0,0,0,0,0,0,0,0,0,74,0,446,1,93,2,0,0,0,0,2,0,726,0,13,0,81,0,34,0,0,0,1,0,1,0,1,0,0,0,1,0,0,0,2,0,1,0,0,0,0,0,0,0,0,1,0,0,0,0,8,0,1,0,0,0,2,0,8,0,7,0,1,0,13,0,0,0,1,0,4,0,0,0,0,0,0,0,0,1,0,0,73,0,2,0,1,1,11,1,0,0,0,0,0,0
1,0,0,15,0,19,0,0,1,14,0,31,0,0,0,0,0,88,0,8,1,3,0,6,0,10,0,7,0,26,0,0,0,164,0,0,0,2,0,0,0,561,0,572,0,0,0,0,0,0,0,0,0,0,0,0,0,0,0,93,0,1,0,0,0,0,0,0,0,0,0,0,0,0,0,73,0,652,0,96,0,0,0,0,0,4,0,891,0,12,0,281,0,98,0,1,0,2,1,1,1,1,0,0,0,0,1,3,0,2,1,1,0,0,1,0,0,0,0,0,0,0,0,0,0,17,1,1,0,2,0,0,0,2,0,2,0,0,0,12,0,1,0,1,0,16,0,0,0,0,0,0,0,1,0,0,0,254,0,2,0,2,0,14,0,9,1,0,0,0
1,4,0,0,0,1,0,0,0,0,0,0,0,0,0,0,0,0,0,0,0,0,0,0,0,0,0,0,0,0,0,0,7,32,0,0,10,7,149,64,124,9,67,2,0,0,0,1862,3857,580,3882,828,1634,108,1093,56,649,23,217,8,1,1,14,0,3,1,1,6,4,0,1391,223,1,0,2,3,4,27,5,2,0,0,5,13,26,80,0,1,26,58,0,0,8,11,0,0,0,0,0,0,1,0,0,0,0,0,1,0,0,0,0,0,0,0,0,0,0,0,0,0,0,0,0,0,0,0,0,1,1,3,0,0,2,0,0,1,0,0,1,0,0,0,0,0,9,2,0,0,0,0,0,0,0,0,0,0,0,0,0,0,0,0,1,0,0,0,0,0,0,0
0,3,0,0,0,2,0,0,0,2,0,0,0,0,0,0,0,0,0,0,0,0,0,0,0,0,0,0,0,0,0,0,0,48,0,0,7,47,76,288,258,51,0,64,0,0,1862,0,802,1867,256,2670,27,506,33,564,47,616,43,59,1,1,0,5,0,1,0,5,0,7,393,934,0,0,0,2,2,26,0,6,0,0,0,23,2,151,0,0,5,155,0,0,1,39,0,0,0,0,0,0,1,0,0,0,0,0,1,0,0,0,1,1,0,1,0,0,0,0,0,0,0,0,0,1,0,1,1,0,2,2,0,0,0,0,0,0,0,0,0,0,0,1,0,0,2,4,0,0,0,0,0,0,0,0,0,0,0,0,0,0,0,0,0,0,0,0,0,0,0,0
16,5,14,1,3,0,5,1,1,0,0,0,0,2,11,4,0,0,0,0,0,0,0,1,0,0,0,0,0,0,0,0,18,26,0,0,286,14,317,81,49,3,1,0,0,0,3857,802,0,1463,78,36,2916,213,485,50,52,7,9,0,13,2,137,5,11,1,8,4,9,5,2232,235,6,0,10,1,50,16,13,2,0,0,20,12,56,51,1,0,42,29,0,0,6,1,0,1,0,0,1,0,0,0,0,0,1,0,5,0,1,1,2,0,1,0,0,0,0,0,0,0,1,0,3,0,0,0,9,1,26,1,3,0,1,0,4,1,3,0,0,0,1,0,2,0,25,3,1,0,6,0,0,0,1,0,1,0,0,0,0,0,0,0,3,0,1,1,0,0,1,0
4,45,0,15,0,8,0,3,1,7,0,0,0,5,0,9,0,0,0,2,0,0,0,0,0,0,0,0,0,0,0,0,2,117,0,0,6,30,19,46,30,13,0,3,0,0,580,1867,1463,0,16,57,16,2854,34,770,24,70,7,10,3,77,13,139,5,18,6,26,5,90,86,1382,1,7,1,7,19,92,5,36,0,0,4,52,18,122,0,0,11,116,0,0,3,27,0,0,1,0,0,0,0,1,0,0,0,0,0,2,0,1,0,2,0,1,0,0,0,0,0,0,0,0,0,0,0,1,3,2,2,12,1,0,0,0,1,0,0,0,0,0,0,0,0,6,8,9,0,1,0,4,0,0,0,0,0,0,0,0,0,0,0,0,0,0,0,0,0,0,0,0
0,0,1,0,0,0,0,0,0,0,0,0,0,0,0,0,0,0,0,0,0,0,0,0,0,0,0,0,0,0,0,0,25,3,0,0,5,0,69,16,624,0,807,0,2,0,3882,256,78,16,0,131,103,4,474,1,762,2,2326,1,2,0,2,0,0,0,1,0,3,1,995,51,0,0,2,0,41,0,10,1,0,0,10,2,68,9,6,0,96,1,0,0,114,2,74,0,10,0,1,1,86,0,146,0,2,0,9,0,4,1,0,1,0,0,2,5,0,0,0,0,1,0,3,0,0,0,3,1,13,0,1,0,0,0,1,2,2,0,3,0,2,0,4,0,18,0,1,0,1,0,0,0,0,0,0,0,0,0,0,0,0,0,0,0,0,0,0,0,1,0
0,5,0,0,0,6,0,0,0,2,0,0,0,0,0,1,0,0,0,0,0,0,0,0,0,0,0,0,0,0,0,0,0,88,0,0,0,9,52,155,71,313,1,695,0,0,828,2670,36,57,131,0,4,31,13,147,12,583,8,536,1,8,1,0,0,0,0,7,0,9,76,471,0,1,0,3,1,49,0,11,0,0,1,40,1,500,0,3,2,461,0,0,2,131,0,5,0,0,0,24,3,47,3,61,0,0,3,4,0,1,0,3,3,45,5,8,3,0,2,0,0,0,0,0,0,1,0,8,1,56,0,0,0,1,0,3,0,2,0,0,0,7,0,23,0,19,1,1,0,10,0,0,0,0,0,0,0,0,0,0,0,0,0,0,0,0,0,0,1,0
25,0,10,0,3,1,2,1,0,0,0,0,4,0,9,1,0,0,1,0,0,0,0,0,0,0,0,0,0,0,0,0,36,13,0,0,100,13,184,72,54,0,1,0,0,0,1634,27,2916,16,103,4,0,6,3362,8,169,1,24,1,19,0,463,1,129,0,14,6,34,4,529,118,9,1,8,1,67,8,29,3,0,0,30,6,99,13,1,0,96,9,0,0,29,1,0,0,1,0,7,0,1,0,1,0,1,0,9,3,2,1,1,0,0,0,0,0,0,0,0,0,1,0,4,0,3,0,4,0,33,0,5,0,1,0,10,2,0,0,1,0,0,0,3,0,24,2,5,1,2,0,0,0,0,0,1,0,0,0,1,0,0,0,3,1,0,0,1,0,1,0
1,34,0,1,0,4,0,1,0,1,0,0,0,1,0,1,0,0,0,0,0,0,0,0,0,0,0,0,0,0,0,0,0,46,0,0,4,5,3,9,4,6,1,0,0,0,108,506,213,2854,4,31,6,0,10,2486,11,80,1,9,0,71,1,665,2,118,2,24,1,560,13,495,0,1,0,4,3,32,2,4,0,0,0,24,5,76,0,0,1,132,0,0,0,38,1,0,0,0,0,0,0,0,0,0,0,0,0,1,0,1,0,0,0,0,0,0,0,0,0,0,0,0,0,0,0,0,0,0,1,3,0,0,0,0,0,0,0,0,0,0,0,0,0,0,0,1,0,0,0,1,0,0,0,0,0,0,0,0,0,0,0,0,0,0,0,0,0,0,0,0
55,3,12,0,4,2,6,0,1,0,0,0,12,0,2,1,0,0,0,0,0,0,0,0,0,0,0,0,0,0,0,0,111,8,0,0,15,6,114,41,81,1,8,0,1,0,1093,33,485,34,474,13,3362,10,0,2,3502,0,443,1,35,0,684,0,920,0,40,3,1118,1,214,148,5,1,7,0,169,12,51,5,0,0,110,10,337,23,1,0,2357,17,0,0,249,1,0,1,2,1,4,1,6,0,2,0,1,0,12,3,3,2,1,0,0,1,0,0,1,0,0,0,2,0,3,0,1,0,6,0,40,1,8,0,1,0,16,4,1,0,1,0,2,0,5,0,72,0,5,0,19,0,0,0,0,0,0,0,0,0,0,0,2,0,0,0,1,1,1,0,1,0
0,57,0,4,0,12,0,2,0,3,0,0,1,6,0,2,0,0,0,0,0,0,0,0,0,0,0,0,0,0,0,0,2,88,0,0,1,4,4,7,4,6,1,2,0,0,56,564,50,770,1,147,8,2486,2,0,2,1047,1,66,1,138,5,127,1,137,1,41,3,1686,10,236,0,2,0,4,3,35,0,13,0,0,1,41,6,211,0,1,4,2396,0,0,1,282,0,0,0,0,0,0,0,0,1,0,0,0,0,1,0,1,0,0,0,0,0,0,0,0,0,0,0,0,0,0,1,0,3,1,0,4,0,0,0,0,0,0,0,0,0,2,0,2,0,2,3,1,0,1,0,1,0,0,0,0,0,0,0,0,0,0,0,0,0,0,0,0,0,0,0,0
9,0,2,0,0,0,0,0,0,0,1,0,2,0,0,1,0,0,0,0,0,0,0,0,0,0,0,0,0,0,0,0,90,9,0,0,5,2,47,25,118,1,35,0,1,0,649,47,52,24,762,12,169,11,3502,2,0,2,2333,0,5,1,8,0,3,0,3,1,7,0,123,88,0,0,5,4,108,5,24,2,0,0,44,1,238,26,19,0,536,16,1,0,932,3,0,0,3,0,5,0,7,0,2,1,1,0,10,1,5,2,2,2,0,1,0,0,0,0,0,1,1,0,4,0,1,0,1,0,20,0,3,0,1,0,8,0,0,0,3,0,1,0,8,1,52,0,0,0,7,0,0,0,0,0,0,0,0,0,0,1,0,0,3,0,3,0,0,0,3,0
0,3,0,0,0,1,0,1,0,0,0,0,0,0,0,0,0,0,0,0,0,0,0,0,0,0,0,0,0,0,0,0,0,24,0,0,0,0,3,11,5,17,0,5,0,0,23,616,7,70,2,583,1,80,0,1047,2,0,1,1296,0,1,0,0,0,1,0,1,0,9,8,12,0,0,0,1,1,7,0,3,0,0,0,14,0,220,0,1,1,369,0,0,0,1960,0,0,0,0,0,0,0,0,0,0,0,0,0,0,0,0,0,0,0,0,0,0,0,0,0,0,0,0,0,0,0,0,0,0,0,0,0,0,0,0,0,0,0,0,0,0,0,0,0,0,1,1,0,0,0,0,0,0,0,0,0,0,0,0,0,0,0,0,0,0,0,0,0,0,0,0
0,0,1,0,0,0,1,0,0,1,2,0,1,0,0,0,0,0,0,0,0,0,0,0,0,0,0,0,0,0,0,0,81,1,0,0,2,1,20,5,785,1,1648,0,9,0,217,43,9,7,2326,8,24,1,443,1,2333,1,0,0,1,1,0,0,0,0,1,1,1,0,112,21,0,0,1,1,111,1,8,2,0,0,10,1,155,4,169,0,248,1,563,0,2469,0,127,0,1,0,2,0,0,0,66,0,1,1,6,0,1,0,1,0,0,1,0,0,0,0,0,0,0,0,0,0,0,0,0,0,8,1,1,0,0,0,0,0,0,0,4,0,1,0,5,0,24,0,0,0,1,0,0,0,0,0,0,0,0,0,0,0,0,0,0,0,0,0,0,0,0,0
0,2,0,2,0,3,0,0,0,4,0,2,0,0,0,0,0,0,0,2,0,0,0,0,0,0,0,0,0,3,0,0,0,277,0,0,0,1,2,7,5,1016,0,2010,0,93,8,59,0,10,1,536,1,9,1,66,0,1296,0,0,0,0,0,0,0,1,0,0,0,7,9,35,0,0,0,4,0,143,0,4,0,0,0,8,1,674,0,316,0,1168,0,980,0,3035,0,88,0,18,0,1,0,4,0,561,0,2,1,13,0,1,1,0,0,0,1,3,2,0,0,0,0,0,0,1,0,0,0,1,0,1,0,0,0,0,0,0,0,0,0,2,0,0,0,0,0,11,0,0,0,0,0,0,0,1,0,1,0,1,0,0,0,0,0,0,0,1,1,0,0,0
4950,25,252,9,167,4,371,2,89,1,0,0,1714,1,25,75,0,0,0,2,0,0,0,0,0,0,0,0,0,0,0,0,205,6,0,0,79,181,16,1,51,2,1,0,0,0,1,1,13,3,2,1,19,0,35,1,5,0,1,0,0,7,1704,4,2272,0,2070,8,139,1,440,39,396,37,337,4,737,13,420,9,0,0,28,1,466,0,2,0,201,1,0,0,9,0,1,0,4,0,8,1,7,0,1,1,1,0,24,15,11,2,5,1,0,1,0,0,0,0,0,0,2,0,1,0,30,2,315,8,181,7,58,2,10,0,129,20,20,0,1,0,2,0,14,1,102,1,14,0,22,0,0,0,0,0,1,0,1,0,1,0,2,1,5,1,5,1,1,0,2,0
3,4546,2,114,1,282,1,156,0,66,0,0,0,1124,0,84,0,0,0,0,0,0,0,0,0,0,0,0,0,0,0,0,1,291,0,0,7,39,1,0,0,43,0,2,0,1,1,1,2,77,0,8,0,71,0,138,1,1,1,0,7,0,10,2921,5,1233,1,2650,0,532,12,1172,6,958,8,222,5,603,1,309,0,0,0,21,1,95,0,0,0,270,0,0,0,1,0,1,0,0,0,2,1,0,1,0,0,0,3,3,2,4,0,0,3,1,0,0,0,0,0,0,0,0,0,0,0,9,0,75,1,142,0,15,1,6,2,4,0,1,0,3,0,0,0,2,1,28,0,6,0,11,0,0,0,0,0,4,0,0,0,3,0,0,0,4,0,2,1,0,0,0
400,12,106,1,17,3,51,2,25,2,0,0,15,3,99,30,0,0,3,2,0,0,0,0,0,0,0,0,0,0,0,0,47,12,0,0,295,132,38,18,26,7,1,1,0,0,14,0,137,13,2,1,463,1,684,5,8,0,0,0,1704,10,0,5,1568,1,81,9,553,6,1978,56,275,20,117,4,219,14,165,5,0,0,9,4,37,3,0,0,38,2,0,0,4,2,2,0,3,0,4,0,1,1,0,0,1,0,6,6,2,4,1,2,0,0,0,0,0,0,0,1,2,0,2,0,9,1,115,1,149,6,37,0,3,0,71,11,14,0,0,0,1,0,6,0,71,1,21,0,2,1,0,0,1,0,8,2,0,0,1,0,2,0,7,1,3,0,0,0,3,0
1,311,0,58,0,46,0,13,0,10,0,0,0,2,1,22,0,0,0,1,0,0,0,0,0,0,0,0,0,0,0,0,1,72,0,0,4,25,2,1,0,18,0,1,0,0,0,5,5,139,0,0,1,665,0,127,0,0,0,0,4,2921,5,0,2,842,2,263,0,1369,7,1833,0,69,11,34,0,157,0,94,0,0,1,2,2,2,0,0,0,16,0,0,1,0,1,0,0,0,0,1,1,1,0,0,0,0,1,2,0,1,1,0,0,1,0,0,0,0,0,0,0,0,0,0,0,0,0,10,3,45,0,2,0,1,1,2,1,0,0,1,0,0,0,1,2,6,0,2,0,1,0,0,0,0,0,1,0,0,0,0,0,0,0,1,0,0,0,0,0,0
307,2,22,1,26,0,14,2,16,0,0,0,9,1,11,4,0,0,0,0,0,0,0,0,0,0,0,0,0,0,0,0,23,7,0,0,55,36,20,4,11,1,3,1,0,0,3,0,11,5,0,0,129,2,920,1,3,0,0,0,2272,5,1568,2,0,2,1157,4,2355,4,86,41,8,1,52,4,136,11,82,8,0,0,11,2,168,0,1,0,253,1,0,0,16,0,1,0,0,0,3,0,2,0,0,0,0,0,9,1,1,2,1,2,0,1,0,0,0,0,0,0,2,2,0,1,5,0,37,0,85,2,27,0,1,0,31,6,2,0,0,0,1,0,1,0,17,0,6,0,6,2,0,0,0,0,0,0,0,0,0,0,0,0,7,0,4,0,0,0,0,0
2,153,0,10,0,32,0,3,0,2,0,0,0,2,0,1,0,0,0,0,0,0,0,0,0,0,0,0,0,0,0,0,2,30,0,0,0,16,1,4,0,2,0,0,0,0,1,1,1,18,0,0,0,118,0,137,0,1,0,1,0,1233,1,842,2,0,3,1771,1,2165,4,45,1,3,3,6,2,25,0,18,0,0,0,5,0,31,0,0,0,64,0,0,0,1,0,0,0,0,0,0,0,0,0,0,0,0,2,0,0,2,0,0,0,0,0,0,0,0,0,0,0,0,1,0,0,1,0,2,2,11,0,0,0,0,1,0,0,0,0,0,0,0,0,2,2,0,0,0,0,2,0,0,0,0,0,1,0,0,1,1,0,0,0,2,0,0,0,0,0,0
436,4,9,1,17,0,38,0,5,0,0,0,498,0,1,3,0,0,0,0,0,0,0,0,0,0,0,0,0,0,0,0,36,10,0,0,35,24,33,9,6,0,0,0,0,0,1,0,8,6,1,0,14,2,40,1,3,0,1,0,2070,1,81,2,1157,3,0,9,348,2,35,36,1,0,32,3,71,14,29,3,0,0,27,2,1456,2,0,0,513,2,0,0,15,0,0,0,0,0,1,0,1,0,0,0,0,0,4,0,0,3,0,0,0,0,0,0,0,0,0,0,2,0,2,0,2,0,18,0,26,2,6,0,1,0,6,3,1,0,0,0,0,0,0,0,15,1,5,0,3,0,0,0,0,0,0,0,0,0,1,0,1,0,0,0,3,0,0,0,0,0
4,859,2,62,0,199,2,170,1,35,0,0,0,759,0,31,0,0,0,0,0,0,0,0,0,0,0,0,0,0,0,0,2,267,0,0,3,34,5,3,0,19,0,0,0,0,6,5,4,26,0,7,6,24,3,41,1,1,1,0,8,2650,9,263,4,1771,9,0,2,1003,15,129,1,15,7,59,3,165,3,46,0,0,2,87,4,943,0,0,1,271,0,0,0,1,0,0,0,0,0,0,0,0,0,0,0,0,2,2,0,0,0,0,1,1,0,1,0,0,0,0,0,0,0,0,1,0,2,12,2,39,1,2,0,1,2,2,0,1,0,0,0,0,0,2,3,2,0,2,0,7,0,0,0,0,0,0,0,0,1,0,0,0,0,1,0,1,0,0,0,0
146,1,26,0,24,2,2,1,3,0,0,0,11,0,3,2,0,0,0,0,0,0,0,0,0,0,0,0,0,0,0,0,13,8,0,0,3,8,19,10,10,0,1,0,0,0,4,0,9,5,3,0,34,1,1118,3,7,0,1,0,139,0,553,0,2355,1,348,2,0,3,37,24,3,2,8,1,43,6,7,0,0,0,30,6,181,1,1,0,1552,0,0,0,28,0,0,0,0,0,1,1,1,0,0,0,0,0,3,1,0,0,0,0,0,0,0,0,0,0,0,0,1,0,0,0,3,0,4,1,15,2,0,0,0,0,4,1,0,0,0,0,0,0,1,0,11,0,1,0,1,0,0,0,0,0,1,0,0,0,0,1,0,0,2,0,1,1,0,0,0,0
1,209,0,14,1,22,0,4,0,2,0,0,0,6,0,5,0,0,0,0,0,0,0,0,0,0,0,0,0,0,0,0,2,69,0,0,1,7,4,3,1,3,0,0,0,0,0,7,5,90,1,9,4,560,1,1686,0,9,0,7,1,532,6,1369,4,2165,2,1003,3,0,10,120,0,3,2,7,4,48,3,13,0,0,2,18,3,465,0,0,3,1601,0,0,1,14,0,0,0,0,0,0,0,0,0,0,0,0,0,0,0,1,0,0,0,0,0,0,0,0,0,0,0,1,1,0,0,0,1,4,0,12,0,1,0,0,0,0,0,0,0,0,0,0,0,0,3,1,0,1,0,0,0,0,0,0,1,0,0,0,0,0,0,0,1,0,0,0,0,0,0,0
256,24,124,13,23,11,61,3,21,6,1,0,16,0,343,101,0,0,6,3,0,0,0,0,0,0,0,0,0,0,0,0,44,29,0,0,3175,324,896,85,167,12,136,1,0,0,1391,393,2232,86,995,76,529,13,214,10,123,8,112,9,440,12,1978,7,86,4,35,15,37,10,0,494,1788,66,184,11,233,37,153,19,0,0,17,7,84,43,1,0,35,28,0,0,9,7,0,3,4,1,2,0,5,1,1,0,2,1,11,12,4,7,4,3,0,1,1,1,0,0,0,0,1,0,2,0,16,1,154,5,120,9,39,2,4,0,77,9,15,1,0,0,0,0,3,1,105,4,18,0,13,2,0,0,1,0,13,3,0,0,2,1,2,0,14,0,7,1,1,0,1,0
22,524,3,495,4,91,0,48,3,23,0,0,1,23,10,361,0,0,1,7,0,0,0,0,0,0,0,0,0,0,0,0,36,238,0,0,46,2524,144,975,134,256,1,99,0,0,223,934,235,1382,51,471,118,495,148,236,88,12,21,35,39,1172,56,1833,41,45,36,129,24,120,494,0,12,322,34,94,98,414,19,228,0,0,23,84,78,245,1,1,79,196,0,0,21,17,0,3,2,0,2,1,2,0,0,1,2,0,9,11,5,9,2,3,4,3,0,0,1,1,0,2,3,0,3,3,3,6,13,32,26,128,6,7,1,3,13,9,0,1,0,2,0,6,3,9,30,21,4,5,11,12,0,0,0,0,5,6,0,0,1,2,0,1,1,5,2,3,1,0,3,0
862,44,467,18,29,18,142,7,42,3,0,0,22,3,2122,238,0,0,7,0,0,0,0,0,0,0,0,0,0,0,0,0,52,3,0,0,985,436,2,1,5,1,0,0,0,0,1,0,6,1,0,0,9,0,5,0,0,0,0,0,396,6,275,0,8,1,1,1,3,0,1788,12,0,180,162,12,168,21,99,10,0,0,0,0,10,0,2,0,2,1,0,0,2,0,1,1,1,0,3,0,1,0,0,1,0,0,7,8,3,3,7,0,0,1,1,0,0,0,0,0,0,0,0,0,10,0,97,5,28,3,9,0,4,1,36,6,11,0,1,0,0,0,2,0,64,3,4,0,5,0,0,0,0,0,41,11,0,0,1,0,0,0,13,0,3,1,0,0,0,0
46,530,5,273,3,101,6,61,0,23,0,0,1,9,18,1920,0,0,0,2,0,0,0,0,0,0,0,0,0,0,0,0,2,44,0,0,19,533,0,1,1,15,0,1,0,0,0,0,0,7,0,1,1,1,1,2,0,0,0,0,37,958,20,69,1,3,0,15,2,3,66,322,180,0,16,172,8,254,4,204,0,0,0,0,0,3,0,0,0,4,0,0,0,1,0,0,1,1,2,3,0,1,1,1,0,0,4,7,2,1,2,0,0,3,2,0,0,0,0,0,0,0,0,0,0,6,12,83,3,92,0,19,0,4,1,4,0,2,0,3,0,1,0,6,3,23,0,4,0,9,0,0,0,0,1,3,0,4,1,4,0,1,1,6,1,1,0,0,1,0
496,46,1007,123,919,50,175,11,609,6,134,0,26,3,370,107,158,280,493,110,316,31,113,4,26,1,2,0,58,1,2,0,460,9,0,0,143,104,19,0,58,2,6,1,74,0,2,0,10,1,2,0,8,0,7,0,5,0,1,0,337,8,117,11,52,3,32,7,8,2,184,34,162,16,0,397,2899,19,954,24,0,0,4,0,18,0,28,0,12,0,5,0,9,0,3,3,7,0,22,0,5,1,5,0,2,1,43,24,18,9,18,8,1,6,0,2,0,0,1,1,38,1,7,1,377,3,650,8,311,7,132,3,61,0,623,33,65,0,1,0,4,0,27,1,482,3,45,1,45,0,59,56,96,36,84,81,158,6,4,5,2,1,87,1,28,1,2,0,4,0
20,752,81,1086,44,1373,5,251,12,435,11,100,0,53,37,446,26,301,74,568,44,259,3,94,4,15,1,9,5,64,0,5,9,242,0,0,11,249,1,2,1,137,2,4,0,73,3,2,1,7,0,3,1,4,0,4,4,1,1,4,4,222,4,34,4,6,3,59,1,7,11,94,12,172,397,0,14,3679,6,1282,0,0,0,1,3,10,0,13,1,11,0,4,0,4,4,4,3,6,7,6,8,6,3,5,1,2,34,35,6,18,18,8,5,9,1,0,0,0,0,2,0,17,0,7,0,428,2,644,4,559,0,111,1,24,8,531,0,55,0,6,0,16,2,55,2,768,0,41,1,117,25,38,47,118,32,199,14,534,3,20,0,7,3,80,6,42,3,2,7,0
523,13,774,35,779,13,279,3,393,1,337,0,171,2,166,78,348,5,193,37,133,4,129,5,111,0,11,0,99,0,6,0,2313,12,0,0,77,67,72,23,1010,5,27,1,446,0,4,2,50,19,41,1,67,3,169,3,108,1,111,0,737,5,219,0,136,2,71,3,43,4,233,98,168,8,2899,14,0,17,1790,13,0,0,47,5,205,9,569,0,221,3,67,0,240,0,1,2,10,1,13,1,16,4,4,2,5,0,40,13,7,4,13,2,0,3,0,0,0,0,0,0,6,0,2,0,58,3,131,0,92,5,34,0,52,0,101,13,11,0,39,0,5,0,35,1,194,4,8,0,17,0,20,5,44,16,35,36,825,1,4,3,0,1,64,0,15,0,2,1,4,0
18,601,31,701,14,1081,1,250,5,550,0,178,0,97,26,467,1,613,14,268,3,45,8,102,1,23,0,6,0,172,0,1,6,4075,0,0,14,170,15,15,8,1721,1,90,1,652,27,26,16,92,0,49,8,32,12,35,5,7,1,143,13,603,14,157,11,25,14,165,6,48,37,414,21,254,19,3679,17,0,10,2067,0,0,1,42,15,166,0,208,8,81,0,22,0,74,2,8,5,11,3,15,2,7,0,4,4,3,29,65,6,29,12,13,8,5,2,3,0,0,2,0,0,0,0,18,0,151,2,167,9,186,1,26,1,14,1,81,1,10,0,99,0,19,1,45,9,289,0,10,1,38,0,9,13,27,18,134,0,891,0,12,0,1,1,55,2,14,0,1,4,0
193,5,157,11,134,3,59,0,77,1,16,0,28,0,67,24,0,2,27,9,0,1,1,1,2,0,0,0,0,0,1,0,99,3,0,0,40,40,31,7,688,3,4,0,93,0,5,0,13,5,10,0,29,2,51,0,24,0,8,0,420,1,165,0,82,0,29,3,7,3,153,19,99,4,954,6,1790,10,0,21,0,0,11,2,34,3,5,0,33,1,5,0,5,0,1,6,15,5,16,3,13,1,3,2,4,1,64,34,29,20,31,13,0,3,0,1,0,0,0,0,0,0,2,0,131,4,93,4,46,5,44,1,76,1,93,8,12,0,25,0,2,0,10,0,65,1,3,0,5,0,0,1,2,6,12,5,387,0,7,1,2,1,245,2,60,3,0,4,2,0
10,370,20,200,8,354,1,127,4,163,0,17,0,29,15,342,0,4,4,60,0,1,0,1,0,0,0,0,0,1,0,0,6,100,0,0,4,87,2,8,4,1015,3,20,2,96,2,6,2,36,1,11,3,4,5,13,2,3,2,4,9,309,5,94,8,18,3,46,0,13,19,228,10,204,24,1282,13,2067,21,0,0,0,0,7,9,20,0,3,2,5,0,0,0,0,1,17,10,12,3,20,25,12,3,15,4,4,77,83,26,40,40,15,9,1,1,4,2,0,2,3,0,1,2,4,4,77,10,111,4,105,4,16,1,23,5,60,2,8,0,52,0,13,1,28,10,122,2,10,0,15,0,0,3,1,6,36,1,76,12,26,0,16,10,275,6,25,2,0,3,2
0,0,0,0,0,0,0,0,0,0,0,0,0,0,0,0,0,0,0,0,0,0,0,0,0,0,0,0,0,0,0,0,0,0,0,0,0,0,0,0,0,0,0,0,0,0,0,0,0,0,0,0,0,0,0,0,0,0,0,0,0,0,0,0,0,0,0,0,0,0,0,0,0,0,0,0,0,0,0,0,0,0,0,0,0,0,0,0,0,0,0,0,0,0,0,0,0,0,0,0,0,0,0,0,0,0,0,0,0,0,0,0,0,0,0,0,0,0,0,0,0,0,0,0,0,0,0,0,0,0,0,0,0,0,0,0,0,0,0,0,0,0,0,0,0,0,0,0,0,0,0,0,0,0,0,0,0,0,0,0,0,0,0,0,0,0,0,0,0,0
0,0,0,0,0,0,0,0,0,0,0,0,0,0,0,0,0,0,0,0,0,0,0,0,0,0,0,0,0,0,0,0,0,0,0,0,0,0,0,0,0,0,0,0,0,0,0,0,0,0,0,0,0,0,0,0,0,0,0,0,0,0,0,0,0,0,0,0,0,0,0,0,0,0,0,0,0,0,0,0,0,0,0,0,0,0,0,0,0,0,0,0,0,0,0,0,0,0,0,0,0,0,0,0,0,0,0,0,0,0,0,0,0,0,0,0,0,0,0,0,0,0,0,0,0,0,0,0,0,0,0,0,0,0,0,0,0,0,0,0,0,0,0,0,0,0,0,0,0,0,0,0,0,0,0,0,0,0,0,0,0,0,0,0,0,0,0,0,0,0
36,0,0,1,7,0,13,0,5,1,0,0,60,0,1,1,0,0,0,0,0,0,0,0,0,0,0,0,0,0,0,0,82,4,0,0,13,2,31,4,7,0,0,0,0,0,5,0,20,4,10,1,30,0,110,1,44,0,10,0,28,0,9,1,11,0,27,2,30,2,17,23,0,0,4,0,47,1,11,0,0,0,0,1,441,2,0,0,86,2,0,0,5,0,0,0,0,0,0,0,0,0,0,0,0,0,1,0,0,1,1,0,0,0,0,0,0,0,0,0,0,0,1,0,0,0,1,0,7,0,0,0,0,0,8,0,0,0,0,1,0,0,0,0,7,0,2,0,2,0,0,0,0,0,0,0,0,0,0,0,0,1,0,0,0,0,0,0,0,0
0,15,0,2,0,17,0,13,0,6,0,0,0,18,0,4,0,0,0,0,0,0,0,0,0,0,0,0,0,0,0,0,5,53,0,0,3,5,7,3,2,17,0,0,0,0,13,23,12,52,2,40,6,24,10,41,1,14,1,8,1,21,4,2,2,5,2,87,6,18,7,84,0,0,0,1,5,42,2,7,0,0,1,0,11,627,0,0,4,22,0,0,1,4,0,0,0,0,0,0,0,0,0,0,0,0,2,0,0,0,1,1,0,0,0,0,0,0,0,0,0,0,0,0,0,1,0,4,0,1,0,0,0,0,1,0,0,0,0,0,0,0,0,0,1,3,0,0,0,1,0,0,0,0,0,0,0,0,0,0,0,0,0,0,0,0,0,0,0,0
425,2,31,0,45,1,26,1,7,0,0,0,130,0,0,4,0,0,0,0,0,0,0,0,0,0,0,0,0,0,0,0,248,12,0,0,31,9,80,33,242,1,25,1,2,0,26,2,56,18,68,1,99,5,337,6,238,0,155,1,466,1,37,2,168,0,1456,4,181,3,84,78,10,0,18,3,205,15,34,9,0,0,441,11,0,6,1270,0,5338,3,1,0,308,0,0,0,2,0,4,0,5,0,2,0,1,0,18,2,8,2,3,1,0,0,0,0,0,0,0,0,2,1,9,0,1,0,9,1,30,3,7,0,0,0,14,3,1,0,3,1,4,0,9,0,70,4,3,0,6,0,0,0,0,0,1,1,1,0,0,0,0,0,5,0,1,1,0,0,1,0
0,156,0,21,0,89,0,18,0,9,0,0,0,115,0,9,0,0,0,2,0,0,0,0,0,0,0,0,0,0,0,0,5,517,0,0,6,5,17,34,13,628,0,113,0,4,80,151,51,122,9,500,13,76,23,211,26,220,4,674,0,95,3,2,0,31,2,943,1,465,43,245,0,3,0,10,9,166,3,20,0,0,2,627,6,0,0,1293,4,2207,0,28,2,247,0,0,0,0,0,0,0,1,1,0,0,0,1,1,0,1,0,0,0,0,0,0,0,0,0,0,0,0,0,1,0,3,0,9,3,10,1,5,0,1,2,4,0,1,0,2,0,1,0,5,4,24,0,0,0,4,0,0,0,0,0,0,0,1,0,0,0,0,0,0,0,0,0,0,0,0
6,1,43,3,60,2,32,0,26,0,31,0,8,0,3,2,5,0,13,0,7,0,3,0,5,0,2,0,29,0,0,0,471,0,0,0,1,1,2,1,517,0,165,0,726,0,0,0,1,0,6,0,1,0,1,0,19,0,169,0,2,0,0,0,1,0,0,0,1,0,1,1,2,0,28,0,569,0,5,0,0,0,0,0,1270,0,0,0,763,0,1063,0,428,0,0,0,0,0,1,0,0,1,0,0,0,0,0,0,0,0,0,0,0,0,0,0,0,0,0,0,0,0,0,0,1,0,2,0,1,0,0,0,1,0,1,0,1,0,6,0,0,0,0,0,5,0,0,0,0,0,0,1,2,2,2,1,9,0,0,0,0,0,2,0,0,0,0,0,1,0
0,1,1,24,0,40,0,0,0,18,0,38,0,1,0,1,0,35,0,7,0,2,0,5,0,11,0,10,0,41,0,1,0,475,0,0,0,1,0,0,0,814,0,145,0,891,1,0,0,0,0,3,0,0,0,1,0,1,0,316,0,0,0,0,0,0,0,0,0,0,0,1,0,0,0,13,0,208,0,3,0,0,0,0,0,1293,0,0,0,589,0,2046,0,398,0,0,0,0,0,1,0,0,0,0,0,0,0,0,0,0,0,0,0,0,0,0,0,0,0,0,0,0,0,0,0,0,0,0,0,0,0,0,0,0,0,0,0,0,0,2,0,0,0,1,0,2,0,0,0,0,0,0,0,1,0,2,0,2,0,0,0,0,0,0,0,0,0,0,0,0
178,3,22,0,28,1,4,1,6,0,2,0,9,0,6,1,0,0,0,0,0,0,0,0,0,0,0,0,1,0,0,0,219,7,0,0,13,4,43,24,283,1,35,1,13,0,26,5,42,11,96,2,96,1,2357,4,536,1,248,0,201,0,38,0,253,0,513,1,1552,3,35,79,2,0,12,1,221,8,33,2,0,0,86,4,5338,4,763,0,0,3,918,0,3703,0,0,1,0,0,1,0,0,0,0,1,0,0,3,1,3,2,0,2,0,0,0,0,0,0,0,0,3,0,2,0,1,0,4,1,15,1,3,0,0,0,7,3,0,0,1,0,2,1,6,0,22,1,4,0,4,0,0,0,2,0,0,1,1,0,1,0,0,0,1,0,1,0,0,0,0,0
0,220,0,13,0,43,0,4,0,3,0,4,0,1,0,1,0,2,0,3,0,0,0,0,0,0,0,0,0,1,0,0,1,203,0,0,2,10,12,21,6,463,0,158,0,12,58,155,29,116,1,461,9,132,17,2396,16,369,1,1168,1,270,2,16,1,64,2,271,0,1601,28,196,1,4,0,11,3,81,1,5,0,0,2,22,3,2207,0,589,3,0,0,875,3,3316,0,0,0,0,0,0,0,0,0,0,0,0,0,2,0,0,0,0,0,0,0,0,0,0,0,0,0,1,0,0,0,1,0,4,1,4,0,0,0,0,2,0,0,0,0,0,0,2,0,0,0,1,0,0,0,1,0,0,0,0,2,1,0,0,0,0,0,0,0,0,0,0,0,0,0,0
0,0,5,0,7,0,1,0,2,0,3,0,0,0,0,0,2,0,1,0,0,0,1,0,1,0,1,0,2,0,0,0,23,0,0,0,0,0,0,0,234,0,202,0,81,0,0,0,0,0,0,0,0,0,0,0,1,0,563,0,0,0,0,0,0,0,0,0,0,0,0,0,0,0,5,0,67,0,5,0,0,0,0,0,1,0,1063,0,918,0,0,0,1409,0,0,0,0,0,0,0,0,0,0,0,0,0,0,0,0,0,0,0,0,0,0,0,0,0,0,0,0,0,0,0,0,0,0,0,0,0,0,0,0,0,0,0,0,0,1,0,0,0,0,0,0,0,0,0,0,0,0,0,0,0,0,1,2,0,0,0,0,0,0,0,0,0,0,0,0,0
0,0,1,3,0,3,0,0,0,1,0,2,0,0,0,2,0,1,0,2,0,0,0,0,0,2,0,0,0,2,0,0,0,28,0,0,0,0,0,0,0,350,0,598,0,281,0,0,0,0,0,0,0,0,0,0,0,0,0,980,0,0,0,0,0,0,0,0,0,0,0,0,0,0,0,4,0,22,0,0,0,0,0,0,0,28,0,2046,0,875,0,0,0,1327,0,0,0,0,0,0,0,0,0,0,0,0,0,0,0,0,1,0,0,0,0,0,0,0,0,0,0,0,0,0,0,0,0,0,0,0,0,0,0,0,0,0,0,0,0,0,0,0,0,0,0,1,0,0,0,0,0,0,0,0,0,0,0,1,0,0,0,0,0,0,0,0,0,0,0,0
13,0,8,0,1,1,2,0,4,0,4,0,1,0,3,1,0,0,1,1,2,0,0,0,0,0,0,0,1,0,0,0,183,2,0,0,1,1,16,3,481,0,281,0,34,0,8,1,6,3,114,2,29,0,249,1,932,0,2469,0,9,0,4,1,16,0,15,0,28,1,9,21,2,0,9,0,240,0,5,0,0,0,5,1,308,2,428,0,3703,3,1409,0,0,0,1,0,0,1,0,0,0,0,0,0,0,0,1,0,1,0,0,0,0,0,0,0,0,0,0,0,0,0,1,0,1,0,2,0,6,0,0,0,0,0,4,0,0,0,10,0,0,0,3,0,23,0,0,0,2,0,0,0,0,0,0,0,1,0,0,0,0,0,0,0,0,0,0,0,1,0
0,4,0,6,0,3,0,0,0,3,0,8,0,1,0,0,0,4,1,5,0,2,0,0,0,1,0,2,0,6,0,0,0,134,0,0,0,1,1,4,2,465,0,167,0,98,11,39,1,27,2,131,1,38,1,282,3,1960,0,3035,0,1,2,0,0,1,0,1,0,14,7,17,0,1,0,4,0,74,0,0,0,0,0,4,0,247,0,398,0,3316,0,1327,0,0,0,0,0,0,0,0,0,0,0,0,0,0,0,0,0,0,0,0,0,0,0,0,0,0,0,0,0,0,0,0,0,0,0,0,0,0,0,0,0,0,0,0,0,0,0,3,0,0,0,0,0,1,0,0,0,0,0,0,0,1,0,0,0,1,0,0,0,0,0,0,0,0,0,0,0,0
1,0,1,0,0,1,0,0,0,0,0,0,0,0,0,0,0,0,0,0,0,0,0,0,0,0,0,0,0,0,0,0,0,1,0,0,2,1,0,0,4,4,11,1,0,0,0,0,0,0,74,0,0,1,0,0,0,0,127,0,1,0,2,1,1,0,0,0,0,0,0,0,1,0,3,4,1,2,1,1,0,0,0,0,0,0,0,0,0,0,0,0,1,0,0,7,6386,11,81,1,602,5,4738,34,382,0,338,39,83,7,24,4,0,1,10,30,142,40,11,1,0,0,0,0,1,0,3,3,1,1,0,0,0,0,2,0,2,0,1,0,0,0,0,0,2,0,0,0,0,0,0,0,0,0,0,0,1,0,8,5,0,1,3,1,3,1,0,0,0,0
1,0,1,1,0,3,1,1,0,1,0,0,0,0,0,1,0,0,0,0,0,0,0,0,0,0,0,0,0,0,0,0,1,2,0,0,0,0,0,0,3,9,0,17,0,1,0,0,1,0,0,5,0,0,1,0,0,0,0,88,0,1,0,0,0,0,0,0,0,0,3,3,1,0,3,4,2,8,6,17,0,0,0,0,0,0,0,0,1,0,0,0,0,0,7,0,17,6042,2,189,14,498,20,3598,8,297,60,1133,22,141,37,103,4,2,68,76,94,13,9,6,0,0,0,0,1,0,2,6,0,11,0,0,0,0,1,1,0,0,0,1,0,3,0,3,0,4,0,0,0,1,0,0,0,0,0,0,1,0,1,1,0,2,3,7,1,0,0,0,0,0
5,1,2,2,2,2,1,2,1,0,0,0,1,0,1,2,0,0,1,0,0,0,0,0,0,0,0,0,0,0,0,0,2,0,0,0,0,0,2,0,10,3,19,1,1,0,0,0,0,1,10,0,1,0,2,0,3,0,1,0,4,0,3,0,0,0,0,0,0,0,4,2,1,1,7,3,10,5,15,10,0,0,0,0,2,0,0,0,0,0,0,0,0,0,6386,17,0,119,135,8,936,18,1458,61,1001,21,556,94,158,27,34,14,0,4,54,81,322,97,54,1,0,0,4,0,1,0,4,5,4,1,0,1,0,1,4,2,0,0,1,0,0,0,2,0,10,0,2,0,0,0,0,0,0,0,0,0,0,0,21,15,1,3,6,5,4,0,0,0,2,0
3,1,0,1,1,1,0,1,1,0,0,0,0,0,0,1,0,0,0,1,0,0,0,0,0,0,0,0,0,0,0,0,1,2,0,0,0,0,0,0,2,9,1,14,0,2,0,0,0,0,0,0,0,0,1,0,0,0,0,18,0,0,0,0,0,0,0,0,0,0,1,0,0,1,0,6,1,11,5,12,0,0,0,0,0,0,0,0,0,0,0,0,1,0,11,6042,119,0,3,114,24,342,20,1132,33,761,84,1354,18,132,37,114,4,0,70,93,247,42,20,12,0,0,0,0,0,1,1,1,0,9,0,1,0,0,0,0,0,0,0,1,0,0,0,3,0,2,0,0,0,0,0,0,0,0,0,0,0,0,2,4,0,3,2,3,0,0,0,0,0,0
6,2,1,1,2,1,3,0,1,1,0,0,0,0,2,0,0,0,0,0,0,0,0,0,0,0,0,0,0,0,0,0,0,1,0,0,2,2,4,0,14,1,4,1,1,1,0,0,1,0,1,0,7,0,4,0,5,0,2,0,8,0,4,0,3,0,1,0,1,0,2,2,3,2,22,7,13,3,16,3,0,0,0,0,4,0,1,0,1,0,0,0,0,0,81,2,135,3,0,3,334,4,172,8,33,1,300,9,676,9,61,9,29,102,48,32,8,7,33,76,4,0,2,0,20,9,35,8,64,6,20,1,4,2,68,8,6,0,1,0,2,1,12,1,49,3,9,0,4,0,0,0,0,0,0,0,3,0,1,1,0,1,4,4,31,23,0,0,80,0
0,0,0,3,0,2,0,1,2,0,0,0,0,0,0,1,0,0,0,0,0,0,0,0,0,0,0,0,0,0,0,0,0,0,0,0,0,1,0,0,0,12,3,20,0,1,0,0,0,0,1,24,0,0,1,0,0,0,0,1,1,2,0,1,0,0,0,0,1,0,0,1,0,3,0,6,1,15,3,20,0,0,0,0,0,0,0,1,0,0,0,0,0,0,1,189,8,114,3,0,32,1006,8,168,3,25,30,376,11,160,24,20,24,96,175,46,21,11,15,8,0,0,0,2,0,4,1,19,1,71,0,5,0,1,1,21,0,0,0,0,0,3,0,15,1,22,0,6,0,12,0,0,0,0,0,0,0,0,0,1,0,3,0,3,0,1,0,4,42,0
2,0,3,2,2,2,0,1,1,2,0,0,0,0,0,3,0,0,0,2,0,0,0,0,0,0,0,0,0,0,0,0,4,2,0,0,3,2,5,1,23,2,62,4,1,1,1,1,0,0,86,3,1,0,6,0,7,0,0,0,7,1,1,1,2,0,1,0,1,0,5,2,1,0,5,8,16,2,13,25,0,0,0,0,5,0,0,0,0,0,0,0,0,0,602,14,936,24,334,32,0,141,1882,21,403,8,1455,103,420,52,166,9,9,56,1120,199,53,65,46,44,3,0,0,0,0,4,9,4,30,2,3,0,1,1,8,0,0,0,0,0,3,1,7,1,46,1,0,0,2,0,0,0,0,0,0,0,0,0,14,4,0,6,8,1,5,0,0,1,1,0
0,0,0,0,0,1,0,0,0,0,0,0,0,0,0,0,0,0,0,0,0,0,0,0,0,0,0,0,0,0,0,0,0,0,0,0,1,0,0,0,0,6,0,7,0,1,0,0,0,1,0,47,0,0,0,0,0,0,0,4,0,0,1,1,0,0,0,0,0,0,1,0,0,1,1,6,4,7,1,12,0,0,0,0,0,1,1,0,0,0,0,0,0,0,5,498,18,342,4,1006,141,0,53,1718,9,53,65,567,20,222,28,128,3,58,907,368,67,28,25,12,0,0,0,0,0,4,0,2,0,8,0,0,0,0,0,3,0,0,0,0,0,1,0,1,1,1,0,0,0,4,0,0,0,0,1,0,0,0,2,1,0,4,1,4,0,0,0,2,1,0
1,2,0,1,1,1,1,0,1,0,0,0,0,0,0,0,0,0,0,0,0,0,0,0,0,0,0,0,0,0,0,0,1,1,0,0,0,0,0,0,9,0,8,0,0,0,0,0,0,0,146,3,1,0,2,1,2,0,66,0,1,1,0,0,0,0,0,0,0,0,1,0,0,1,5,3,4,0,3,3,0,0,0,0,2,1,0,0,0,0,0,0,0,0,4738,20,1458,20,172,8,1882,53,0,36,393,4,518,45,233,14,45,10,1,3,126,272,59,18,14,1,1,0,0,1,0,0,3,1,7,1,0,1,0,0,2,1,0,0,1,0,2,0,0,0,1,0,0,0,2,1,0,0,0,0,0,0,1,0,12,4,0,1,5,0,2,2,0,1,0,0
