0,181,2346,38,2274,50,1248,77,422,22,0,0,1182,10,834,281,0,0,5,6,1,0,0,0,0,0,0,0,0,0,0,0,594,13,0,0,121,370,1,4,27,3,0,0,1,1,2,0,8,0,5,0,7,0,124,0,3,0,0,0,6130,21,267,2,228,1,510,5,264,1,381,23,988,31,772,71,507,43,197,30,0,0,98,4,811,2,1,0,288,1,0,0,8,0,0,0,0,1,5,0,0,0,0,0,0,1,0,1,1,0,0,0,0,1,0,0,0,0,0,0,0,0,3,0,80,8,305,12,47,8,16,10,5,0,63,2,14,0,2,0,0,0,13,2,173,12,16,3,9,0,0,0,0,0,98,18,0,0,20,2,18,0,25,5,0,0,0,0,0,0
181,0,8,1368,8,1793,13,1402,8,194,0,0,4,1040,65,1046,0,0,1,4,0,0,0,0,0,0,0,0,0,0,0,0,10,279,0,0,18,326,0,5,0,16,0,3,0,0,1,3,1,9,0,4,1,13,0,25,0,0,0,0,68,5122,5,144,1,20,2,583,1,195,19,423,77,445,99,683,8,404,6,217,0,0,0,50,1,840,0,3,2,292,0,0,1,0,0,0,0,0,0,1,0,0,0,0,1,0,0,1,1,2,0,0,3,0,0,0,0,0,0,0,0,1,0,0,3,32,15,170,0,46,1,42,0,2,2,35,1,9,0,0,0,0,1,9,9,57,0,24,0,4,0,0,0,0,5,9,0,0,3,5,1,5,0,16,0,0,0,0,0,1
2346,8,0,83,5487,39,160,10,543,13,351,1,28,1,2394,48,3,1,1704,97,188,17,33,1,118,2,262,2,79,0,31,0,648,12,0,0,194,125,12,3,8,0,1,0,1,0,0,0,4,0,0,0,3,0,54,0,2,0,1,0,375,1,165,0,63,0,29,0,45,0,405,3,65,3,971,40,669,8,121,5,0,0,11,0,16,1,19,2,24,0,1,0,3,0,0,0,0,0,1,0,0,0,0,0,0,0,0,0,0,0,0,0,1,0,0,0,0,0,0,0,0,0,0,0,63,3,51,1,13,1,9,1,2,0,19,1,13,1,0,0,0,0,1,0,25,0,3,1,1,0,3,3,13,60,149,92,6,2,2,0,1,0,6,1,1,0,0,0,0,0
38,1368,83,0,57,5571,15,216,17,326,11,263,2,38,71,3600,9,37,220,1846,37,309,39,119,2,197,4,220,6,115,0,24,20,329,0,0,38,860,1,38,2,3,0,2,0,5,0,0,0,3,1,1,0,3,0,6,0,0,0,4,10,210,1,55,0,2,0,29,1,18,8,481,9,161,228,996,36,510,1,124,0,0,0,9,1,35,1,83,0,16,0,0,0,1,0,0,0,0,0,3,0,0,0,0,0,0,2,0,1,1,0,0,1,0,0,0,0,0,0,2,0,0,1,2,7,68,5,44,1,23,0,14,0,5,3,46,1,6,0,0,0,0,0,0,2,21,0,11,0,1,12,7,134,207,33,407,17,70,0,8,1,4,0,24,0,4,0,0,0,0
2274,8,5487,57,0,55,600,16,2367,16,689,1,54,0,380,81,5,1,221,50,33,2,16,2,52,1,94,0,90,1,194,0,747,7,0,0,65,112,1,1,9,0,1,0,1,0,1,0,2,0,0,0,2,0,12,0,0,0,0,0,159,1,50,0,48,0,68,0,38,0,79,1,10,0,1374,34,757,20,111,10,0,0,23,0,73,0,27,3,23,0,1,0,3,0,0,0,0,0,1,0,0,0,0,1,0,0,0,0,0,1,0,0,0,0,0,0,0,0,0,0,2,0,0,0,73,0,33,0,16,0,8,0,0,0,39,2,7,1,1,0,0,0,2,0,36,0,2,0,2,0,0,2,10,17,105,47,12,0,3,0,2,1,6,1,2,0,0,0,0,0
50,1793,39,5571,55,0,14,1162,16,2760,2,845,0,73,92,946,1,11,48,380,7,63,6,53,2,66,0,205,2,66,0,89,9,818,0,0,24,354,2,22,0,11,0,3,0,6,0,2,0,4,0,3,0,1,0,3,0,0,0,3,9,141,1,19,0,6,0,111,0,32,6,98,11,32,177,1446,30,777,9,229,0,0,0,29,0,168,1,101,0,32,0,1,0,0,0,0,0,0,0,2,0,0,0,0,0,0,0,0,0,1,0,0,1,0,0,0,0,0,0,0,0,0,0,0,11,144,4,77,0,25,0,23,0,5,2,102,1,20,0,0,0,1,1,3,2,65,0,9,1,3,1,0,22,40,14,159,3,53,0,11,0,12,0,41,0,8,0,1,1,0
1248,13,160,15,600,14,0,5,1746,1,1,0,2198,0,273,43,0,0,6,1,0,0,0,0,0,0,0,0,0,0,0,0,1265,2,0,0,45,38,0,1,3,0,1,0,0,0,0,0,0,0,1,0,0,0,8,0,1,0,0,0,536,1,16,0,7,0,19,0,7,0,34,2,53,4,309,6,179,4,46,3,0,0,32,0,90,0,31,0,11,0,0,0,0,0,0,0,0,0,0,0,0,0,0,0,0,0,1,0,0,0,0,0,1,0,0,0,0,0,0,0,0,0,0,0,18,2,75,1,14,0,3,1,0,0,15,0,4,0,1,0,0,0,1,0,34,0,2,0,3,0,0,0,0,0,8,5,0,0,1,0,0,0,0,1,1,0,0,0,0,0
77,1402,10,216,16,1162,5,0,8,1314,0,0,3,1309,47,744,0,0,0,8,0,0,0,0,0,0,0,0,0,0,0,0,5,1618,0,0,9,251,0,4,0,6,0,1,0,0,0,1,0,1,0,1,0,2,0,0,0,0,0,1,17,207,1,11,0,1,0,63,0,6,8,75,10,81,65,497,4,311,1,62,0,0,1,44,2,75,0,6,0,7,0,0,0,0,0,0,0,0,0,0,0,0,0,0,0,0,0,0,0,0,0,1,0,0,0,0,0,0,0,0,0,0,0,0,2,32,4,59,0,19,0,4,0,0,2,30,1,8,0,0,0,1,0,2,3,35,0,10,0,1,0,0,0,0,10,14,0,0,0,2,0,3,0,9,0,0,0,0,1,0
422,8,543,17,2367,16,1746,8,0,5,1267,0,282,0,336,34,0,0,69,11,1,1,3,0,5,0,2,0,73,0,18,0,1664,4,0,0,55,46,0,0,5,0,0,0,0,1,0,0,0,0,0,0,0,0,3,0,0,0,0,0,131,1,19,0,9,0,9,0,1,0,44,1,19,0,649,16,407,6,66,3,0,0,14,0,19,0,20,0,4,0,0,0,3,0,0,0,0,0,0,0,0,0,0,0,0,0,0,0,0,0,0,0,0,0,0,0,0,0,0,0,2,0,1,0,42,2,54,0,7,0,1,0,1,0,29,0,10,0,0,0,2,0,3,1,50,0,4,0,5,0,0,0,1,2,27,13,1,0,0,0,1,0,1,0,0,0,0,0,0,0
22,194,13,326,16,2760,1,1314,5,0,0,693,0,182,30,493,0,2,10,72,0,2,0,1,0,5,0,25,0,13,0,24,6,1706,0,0,5,216,1,5,0,4,1,1,0,1,0,1,0,0,0,0,0,2,1,2,0,0,0,0,4,68,1,8,0,2,1,8,0,2,2,33,2,19,33,555,8,397,0,72,0,0,0,20,0,10,0,55,1,1,0,1,0,2,0,0,0,0,1,2,0,0,0,0,0,0,0,0,0,0,0,0,0,0,0,0,0,0,0,0,0,0,0,1,2,38,2,45,2,12,0,15,0,2,0,31,0,6,0,0,0,0,0,2,2,21,0,7,0,1,0,0,1,8,5,47,0,2,0,2,0,1,0,13,0,0,0,0,0,0
0,0,351,11,689,2,1,0,1267,0,0,0,0,0,3,0,2,0,98,10,106,1,40,0,136,0,80,0,576,0,472,0,603,0,0,0,2,0,0,0,1,0,1,0,0,0,0,0,0,0,0,0,0,0,0,0,0,0,0,0,1,0,0,0,0,0,0,0,0,0,0,0,0,0,131,3,297,1,24,0,0,0,0,0,0,0,29,0,0,0,1,0,0,0,0,0,0,0,0,0,0,0,0,0,0,0,0,0,0,0,0,0,0,0,0,0,0,0,0,0,0,0,0,0,2,0,1,0,0,0,0,0,0,0,1,0,0,0,0,0,0,0,0,0,0,0,0,0,0,0,1,1,3,11,2,2,19,1,0,0,0,0,0,0,0,0,0,0,0,0
0,0,1,263,1,845,0,0,0,693,0,0,0,0,0,2,1,12,3,53,2,30,2,49,0,73,0,589,1,466,0,703,1,800,0,0,0,3,0,0,0,3,0,1,0,4,0,0,0,0,0,0,0,0,0,0,0,0,0,1,0,0,0,0,0,0,0,0,0,0,0,0,0,0,3,111,1,294,0,25,0,0,0,0,0,0,0,156,0,1,0,0,0,0,0,0,0,0,0,0,0,0,0,0,0,0,0,0,0,0,0,0,0,0,0,0,0,0,0,0,0,0,0,0,0,2,0,0,0,1,0,0,0,2,0,1,0,0,0,0,0,0,0,0,0,0,0,0,0,0,0,1,1,4,0,5,0,46,0,0,0,0,0,2,0,0,0,0,0,0
1182,4,28,2,54,0,2198,3,282,0,0,0,0,1,23,6,0,0,3,0,0,0,0,0,0,0,0,0,1,0,0,0,517,2,0,0,11,12,0,0,10,1,3,0,0,0,0,0,0,0,0,0,0,0,3,0,1,0,0,0,1268,0,12,0,4,0,291,1,8,0,17,6,29,0,73,2,126,3,33,2,0,0,48,0,312,0,511,0,7,0,0,0,0,0,0,0,0,0,1,0,0,0,0,0,0,0,0,0,0,0,0,0,0,0,0,0,0,0,0,0,0,0,0,0,1,0,12,0,12,3,2,0,1,0,4,0,1,0,0,0,0,0,2,0,11,1,0,0,1,0,0,1,0,0,1,0,0,0,0,1,0,0,5,0,1,0,0,0,0,0
10,1040,1,38,0,73,0,1309,0,182,0,0,1,0,5,75,0,0,0,2,0,0,0,0,0,0,0,0,0,0,0,0,2,1508,0,0,5,102,0,2,2,2,0,0,0,0,1,10,1,8,0,5,0,9,0,10,0,2,0,0,11,1179,1,18,1,3,1,870,0,7,12,87,2,48,10,124,4,231,0,64,0,0,0,251,2,343,0,211,0,9,0,0,0,1,0,0,0,0,0,0,0,0,0,0,0,0,2,0,0,0,1,0,0,0,0,0,0,1,0,0,0,0,0,1,1,1,2,19,4,4,3,5,0,0,2,4,1,3,0,0,0,0,0,0,1,5,0,5,0,2,0,0,0,0,1,1,0,0,0,0,0,1,0,1,0,0,0,0,0,0
834,65,2394,71,380,92,273,47,336,30,3,0,23,5,0,243,0,0,345,30,1,0,0,0,0,0,0,0,2,0,0,0,228,16,0,0,1300,357,2,5,9,0,2,0,0,1,0,0,3,0,0,0,1,0,4,1,0,0,0,0,84,4,47,0,12,0,7,2,7,0,384,4,988,6,307,45,361,34,105,16,0,0,3,0,7,1,1,1,7,0,0,0,0,0,0,0,0,0,4,1,0,0,0,0,1,0,1,0,0,0,0,0,1,0,0,0,0,0,0,2,1,0,0,0,141,12,88,9,22,2,6,2,3,0,38,5,18,4,1,0,2,0,5,0,85,4,4,0,2,0,0,0,10,7,680,69,0,0,7,3,5,0,8,3,2,1,0,0,0,0
281,1046,48,3600,81,946,43,744,34,493,0,2,6,75,243,0,0,0,7,589,0,0,0,0,0,0,0,0,0,0,0,0,13,121,0,0,59,1969,1,46,2,12,1,1,0,2,0,0,0,0,0,1,1,1,0,1,0,0,0,0,98,296,4,38,3,0,5,10,1,10,29,259,86,592,119,359,28,327,21,152,0,0,2,9,3,11,0,1,1,3,0,1,0,0,1,0,0,1,1,7,0,0,0,0,1,0,0,0,0,0,0,0,0,0,1,0,0,0,0,0,1,1,0,0,19,68,14,89,3,29,2,26,0,2,8,35,1,13,0,0,0,0,3,1,18,37,0,11,0,4,0,0,0,0,20,59,0,0,1,11,2,2,0,27,0,3,0,0,0,0
0,0,3,9,5,1,0,0,0,0,2,1,0,0,0,0,0,2,18,30,221,59,242,11,10,0,1,1,3,0,0,0,20,0,0,0,0,0,0,0,5,0,55,0,68,0,0,0,0,0,0,0,0,0,0,0,0,0,1,0,0,0,0,0,0,0,0,0,0,0,0,0,0,0,45,9,124,6,12,0,0,0,0,0,0,0,2,1,0,0,0,0,0,0,0,0,0,0,0,0,0,0,0,0,0,0,0,0,0,0,0,0,0,0,0,0,0,0,0,0,0,2,0,0,0,0,0,0,0,0,0,0,1,0,2,0,0,0,0,0,0,0,0,0,0,0,0,0,0,0,295,18,140,23,1,3,457,5,0,0,0,0,0,0,0,0,0,0,0,0
0,0,1,37,1,11,0,0,0,2,0,12,0,0,0,0,2,0,15,114,3,512,49,496,1,90,0,9,1,3,0,1,2,107,0,0,0,0,0,0,0,22,0,0,0,6,0,0,0,0,0,0,0,0,0,0,0,0,0,0,0,0,0,0,0,0,0,0,0,0,0,0,0,0,68,43,1,153,0,2,0,0,0,0,0,0,0,23,0,0,0,0,0,0,0,0,0,0,0,0,0,0,0,0,0,0,0,0,0,0,0,0,0,0,0,0,0,0,0,0,0,1,0,0,0,0,0,0,0,0,0,0,0,0,0,0,0,0,0,0,0,0,0,0,0,0,0,0,0,0,14,223,19,110,1,14,10,177,0,0,0,0,0,0,0,0,0,0,0,0
5,1,1704,220,221,48,6,0,69,10,98,3,3,0,345,7,18,15,0,285,382,43,121,16,92,1,38,1,82,5,4,0,207,19,0,0,583,70,9,0,2,1,0,0,0,1,0,0,0,0,0,0,0,0,2,0,0,0,0,0,3,0,5,0,3,0,1,0,2,0,35,1,2,0,697,50,255,15,41,2,0,0,0,0,0,0,17,5,0,0,0,0,2,0,0,0,0,0,1,0,0,0,0,0,0,0,0,0,0,0,0,0,0,0,0,0,0,0,0,0,0,0,0,0,27,0,11,0,2,0,0,0,0,2,8,1,2,0,0,0,0,0,1,0,12,0,2,0,1,0,19,9,331,253,638,186,24,1,0,1,2,0,1,3,0,0,0,0,0,0
6,4,97,1846,50,380,1,8,11,72,10,53,0,2,30,589,30,114,285,0,58,1098,72,221,4,64,3,43,7,42,0,5,16,144,0,0,28,796,1,7,0,1,0,0,0,3,0,0,0,0,0,1,0,0,0,0,0,0,0,1,1,0,0,1,0,0,0,0,0,0,2,4,2,1,123,366,22,133,3,41,0,0,0,0,0,0,4,33,0,1,0,0,0,0,0,0,0,0,0,0,0,0,0,0,0,0,0,0,0,0,0,0,0,0,0,0,0,0,0,0,0,0,0,0,1,22,0,3,0,5,0,1,1,2,1,14,0,0,0,0,0,0,0,1,0,3,0,0,0,0,61,44,164,842,35,318,23,51,0,1,0,1,0,9,0,1,0,0,0,0
1,0,188,37,33,7,0,0,1,0,106,2,0,0,1,0,221,3,382,58,0,175,851,23,272,5,90,3,124,0,5,0,169,2,0,0,0,0,0,0,0,0,0,0,3,1,0,0,0,0,0,0,0,0,0,0,0,0,0,0,0,0,0,0,0,0,0,0,0,0,0,0,0,0,76,15,88,1,6,0,0,0,0,0,0,0,6,1,0,0,0,0,0,0,0,0,0,0,0,0,0,0,0,0,0,0,0,0,0,0,0,0,0,0,0,0,0,0,0,0,0,0,0,0,0,0,0,0,0,0,1,0,0,0,1,0,0,0,0,0,0,0,0,0,3,0,0,0,0,0,208,5,415,65,13,23,396,4,1,0,0,0,1,0,0,0,0,0,0,0
0,0,17,309,2,63,0,0,1,2,1,30,0,0,0,0,59,512,43,1098,175,0,123,1501,1,141,1,66,0,48,0,9,1,120,0,0,0,2,0,0,0,0,0,0,0,3,0,0,0,0,0,0,0,0,0,0,0,0,0,0,0,0,0,0,0,0,0,0,0,0,0,0,0,0,42,78,6,19,0,3,0,0,0,0,0,0,0,14,0,0,0,0,0,0,0,0,0,0,0,0,0,0,0,0,0,0,0,0,0,0,0,0,0,0,0,0,0,0,0,0,0,0,0,0,2,1,0,0,0,0,0,0,0,0,0,0,0,0,0,0,0,0,0,0,0,1,0,0,0,0,37,474,35,421,1,15,4,104,0,0,0,0,0,0,0,0,0,0,0,0
0,0,33,39,16,6,0,0,3,0,40,2,0,0,0,0,242,49,121,72,851,123,0,184,435,8,39,1,111,2,3,0,120,15,0,0,0,1,0,0,0,0,0,0,0,0,0,0,0,0,0,0,0,0,0,0,0,0,0,0,0,0,0,0,1,0,0,0,0,0,0,0,0,0,44,10,50,2,1,0,0,0,0,0,0,0,3,0,0,0,0,0,0,0,0,0,0,0,0,0,0,0,0,0,0,0,0,0,0,0,0,0,0,0,0,0,0,0,0,0,0,0,0,0,1,0,0,0,0,0,0,0,0,0,0,0,0,0,0,0,0,0,0,0,0,0,0,0,0,0,220,18,209,90,13,27,187,6,0,0,0,0,0,0,0,0,0,0,0,0
0,0,1,119,2,53,0,0,0,1,0,49,0,0,0,0,11,496,16,221,23,1501,184,0,1,541,1,98,0,53,0,7,3,139,0,0,1,0,0,0,0,0,0,0,0,0,0,0,0,0,0,0,0,0,0,0,0,0,0,0,0,0,0,0,0,0,0,0,0,0,0,0,0,0,9,50,0,35,0,6,0,0,0,0,0,0,0,14,0,0,0,0,0,0,0,0,0,0,0,0,0,0,0,0,0,0,0,0,0,0,0,0,0,0,0,0,0,0,0,0,0,0,0,0,0,0,0,0,0,0,0,0,0,0,0,0,0,0,0,0,0,0,0,0,0,0,0,0,0,0,9,131,12,92,2,3,1,90,0,0,0,0,0,1,0,0,0,0,0,0
0,0,118,2,52,2,0,0,5,0,136,0,0,0,0,0,10,1,92,4,272,1,435,1,0,0,415,0,271,0,4,0,174,1,0,0,0,0,0,0,2,0,0,0,0,0,0,0,0,0,0,0,0,0,0,0,0,0,0,0,0,0,0,0,0,0,0,0,0,0,0,0,0,0,29,2,97,0,8,0,0,0,0,0,0,0,5,0,0,0,0,0,0,0,0,0,0,0,0,0,0,0,0,0,0,0,0,0,0,0,0,0,0,0,0,0,0,0,0,0,0,0,0,0,0,0,2,0,0,0,0,0,0,0,0,0,0,0,0,0,0,0,0,0,0,0,0,0,0,0,5,0,41,6,2,4,56,0,0,0,0,0,0,0,0,0,0,0,0,0
0,0,2,197,1,66,0,0,0,5,0,73,0,0,0,0,0,90,1,64,5,141,8,541,0,0,0,194,0,97,0,17,1,74,0,0,0,0,0,0,0,0,0,0,0,0,0,0,0,0,0,0,0,0,0,0,0,0,0,0,0,0,0,0,0,0,0,0,0,0,0,0,0,0,2,46,0,38,0,11,0,0,0,0,0,0,0,4,0,0,0,0,0,0,0,0,0,0,0,0,0,0,0,0,0,0,0,0,0,0,0,0,0,0,0,0,0,0,0,0,0,0,0,0,0,1,0,0,0,0,0,0,0,0,0,0,0,0,0,0,0,0,0,0,0,0,0,0,0,0,1,3,1,3,0,1,0,20,0,0,0,0,0,0,0,0,0,0,0,0
0,0,262,4,94,0,0,0,2,0,80,0,0,0,0,0,1,0,38,3,90,1,39,1,415,0,0,0,119,0,5,0,34,0,0,0,0,0,0,0,0,0,0,0,0,0,0,0,0,0,0,0,0,0,0,0,0,0,0,0,0,0,0,0,0,0,0,0,0,0,0,0,0,0,4,0,16,0,2,0,0,0,0,0,0,0,3,0,0,0,0,0,0,0,0,0,0,0,0,0,0,0,0,0,0,0,0,0,0,0,0,0,0,0,0,0,0,0,0,0,0,0,0,0,0,0,0,0,0,0,0,0,0,0,0,0,0,0,0,0,0,0,0,0,0,0,0,0,0,0,0,1,2,1,0,0,10,0,0,0,0,0,0,0,0,0,0,0,0,0
0,0,2,220,0,205,0,0,0,25,0,589,0,0,0,0,1,9,1,43,3,66,1,98,0,194,0,0,0,444,0,109,0,54,0,0,0,0,0,0,0,0,0,0,0,0,0,0,0,0,0,0,0,0,0,0,0,0,0,0,0,0,0,1,0,0,0,0,0,0,0,0,0,0,1,21,0,19,0,2,0,0,0,0,0,0,0,20,0,0,0,0,0,0,0,0,0,0,0,0,0,0,0,0,0,0,0,0,0,0,0,0,0,0,0,0,0,0,0,0,0,0,0,0,0,0,0,0,0,0,0,0,0,0,0,0,0,1,0,0,0,0,0,0,0,0,0,0,0,0,1,1,3,0,0,1,0,12,0,0,0,0,0,0,0,0,0,0,0,0
0,0,79,6,90,2,0,0,73,0,576,1,1,0,2,0,3,1,82,7,124,0,111,0,271,0,119,0,0,0,29,0,449,0,0,0,1,0,0,0,2,0,0,0,0,0,0,0,0,0,0,0,0,0,0,0,0,0,0,0,1,0,0,0,0,0,0,0,0,0,0,0,0,0,38,1,167,0,11,0,0,0,0,0,0,0,21,0,0,0,0,0,1,0,0,0,0,0,0,0,0,0,0,0,0,0,0,0,0,0,0,0,0,0,0,0,0,0,0,0,0,0,0,0,1,0,0,0,0,0,0,0,0,0,0,0,0,0,0,0,0,0,0,0,0,0,0,0,0,0,3,1,18,7,0,5,60,0,0,0,0,0,0,0,0,0,0,0,0,0
0,0,0,115,1,66,0,0,0,13,0,466,0,0,0,0,0,3,5,42,0,48,2,53,0,97,0,444,0,0,0,121,0,125,0,0,0,0,0,0,0,5,0,0,0,0,0,0,0,0,0,0,0,0,0,0,0,0,0,3,0,0,0,0,0,0,0,0,0,0,0,0,0,0,0,14,0,22,0,0,0,0,0,0,0,0,0,7,0,0,0,9,0,2,0,0,0,0,0,0,0,0,0,0,0,0,0,0,0,0,0,0,0,0,0,0,0,0,0,0,0,0,0,0,0,0,0,0,0,0,0,0,0,0,0,0,0,0,0,0,0,0,0,0,0,0,0,0,0,0,1,0,3,4,0,0,0,10,0,0,0,0,0,0,0,0,0,0,0,0
0,0,31,0,194,0,0,0,18,0,472,0,0,0,0,0,0,0,4,0,5,0,3,0,4,0,5,0,29,0,0,0,43,0,0,0,0,0,0,0,1,0,0,0,1,0,0,0,0,0,0,0,0,0,0,0,0,0,2,0,0,0,0,0,0,0,0,0,0,0,0,0,0,0,26,0,27,0,0,0,0,0,0,0,0,0,8,0,0,0,0,0,0,0,0,0,0,0,0,0,0,0,0,0,0,0,0,0,0,0,0,0,0,0,0,0,0,0,0,0,0,0,0,0,0,0,0,0,0,0,0,0,0,0,0,0,0,0,0,0,0,0,0,0,0,0,0,0,0,0,0,0,0,0,0,0,4,0,0,0,0,0,0,0,0,0,0,0,0,0
0,0,0,24,0,89,0,0,0,24,0,703,0,0,0,0,0,1,0,5,0,9,0,7,0,17,0,109,0,121,0,0,0,51,0,0,0,0,0,0,0,0,0,0,0,1,0,0,0,0,0,0,0,0,0,0,0,0,0,0,0,0,0,0,0,0,0,0,0,0,0,0,0,0,1,10,0,23,0,3,0,0,0,0,0,0,0,13,0,0,0,0,0,0,0,0,0,0,0,0,0,0,0,0,0,0,0,0,0,0,0,0,0,0,0,0,0,0,0,0,0,0,0,0,0,0,0,0,0,0,0,0,0,0,0,0,0,0,0,0,0,0,0,0,0,0,0,0,0,0,0,0,1,1,0,0,0,10,0,0,0,0,0,0,0,0,0,0,0,0
594,10,648,20,747,9,1265,5,1664,6,603,1,517,2,228,13,20,2,207,16,169,1,120,3,174,1,34,0,449,0,43,0,0,4,0,0,69,33,8,0,285,1,14,2,23,0,18,0,10,1,101,0,39,0,221,0,70,0,85,0,322,2,40,0,33,0,22,1,25,1,68,8,23,1,330,10,1764,6,125,3,0,0,76,1,275,1,302,0,184,0,1,0,219,0,0,1,2,2,3,1,1,0,1,0,1,0,0,4,0,0,3,2,0,1,0,0,0,0,0,0,2,0,1,1,22,0,38,2,66,1,7,0,0,0,18,0,4,0,3,0,2,0,17,0,51,0,3,0,3,0,4,2,36,18,44,19,78,0,2,0,3,1,6,0,2,0,0,1,0,0
13,279,12,329,7,818,2,1618,4,1706,0,800,2,1508,16,121,0,107,19,144,2,120,15,139,1,74,0,54,0,125,0,51,4,0,0,0,8,131,3,18,4,725,0,21,0,10,11,101,10,66,1,150,4,97,4,78,0,46,0,245,3,150,4,39,1,9,2,138,2,53,23,254,7,20,37,362,2,1818,2,89,0,0,1,192,2,514,0,156,3,170,0,1,0,122,0,0,0,1,0,8,0,0,0,0,1,0,2,2,1,2,2,4,0,1,0,0,0,0,1,4,0,3,0,5,1,13,1,24,2,48,0,10,0,0,1,19,0,6,0,25,0,7,0,3,2,95,0,9,1,6,2,1,5,12,5,32,0,32,0,4,0,1,0,6,0,1,0,0,0,0
0,0,0,0,0,0,0,0,0,0,0,0,0,0,0,0,0,0,0,0,0,0,0,0,0,0,0,0,0,0,0,0,0,0,0,0,0,0,0,0,0,0,0,0,0,0,0,0,0,0,0,0,0,0,0,0,0,0,0,0,0,0,0,0,0,0,0,0,0,0,0,0,0,0,0,0,0,0,0,0,0,0,0,0,0,0,0,0,0,0,0,0,0,0,0,0,0,0,0,0,0,0,0,0,0,0,0,0,0,0,0,0,0,0,0,0,0,0,0,0,0,0,0,0,0,0,0,0,0,0,0,0,0,0,0,0,0,0,0,0,0,0,0,0,0,0,0,0,0,0,0,0,0,0,0,0,0,0,0,0,0,0,0,0,0,0,0,0,0,0
0,0,0,0,0,0,0,0,0,0,0,0,0,0,0,0,0,0,0,0,0,0,0,0,0,0,0,0,0,0,0,0,0,0,0,0,0,0,0,0,0,0,0,0,0,0,0,0,0,0,0,0,0,0,0,0,0,0,0,0,0,0,0,0,0,0,0,0,0,0,0,0,0,0,0,0,0,0,0,0,0,0,0,0,0,0,0,0,0,0,0,0,0,0,0,0,0,0,0,0,0,0,0,0,0,0,0,0,0,0,0,0,0,0,0,0,0,0,0,0,0,0,0,0,0,0,0,0,0,0,0,0,0,0,0,0,0,0,0,0,0,0,0,0,0,0,0,0,0,0,0,0,0,0,0,0,0,0,0,0,0,0,0,0,0,0,0,0,0,0
121,18,194,38,65,24,45,9,55,5,2,0,11,5,1300,59,0,0,583,28,0,0,0,1,0,0,0,0,1,0,0,0,69,8,0,0,0,276,1920,1,31,2,0,0,0,0,2,0,132,1,0,0,3,0,14,0,0,0,0,0,44,3,45,3,7,2,11,4,7,0,2346,20,502,10,201,15,88,11,24,11,0,0,4,0,11,3,1,1,9,0,0,0,1,0,0,1,0,1,0,1,1,0,0,0,0,0,0,0,1,2,2,0,0,0,0,0,0,0,0,0,0,0,4,0,20,2,53,5,31,6,14,4,2,0,13,0,5,0,2,0,0,0,4,0,28,5,0,0,5,0,1,0,36,7,1236,43,0,0,1,0,1,0,3,1,0,0,0,0,0,0
370,326,125,860,112,354,38,251,46,216,0,3,12,102,357,1969,0,0,70,796,0,2,1,0,0,0,0,0,0,0,0,0,33,131,0,0,276,0,48,1535,2,126,1,5,0,1,1,0,10,11,0,3,2,2,8,4,0,0,0,0,175,292,33,49,10,1,3,50,4,7,145,1806,271,183,206,493,58,309,22,227,0,0,2,4,5,10,0,7,3,1,0,0,1,1,0,0,2,0,1,5,1,0,0,0,3,1,4,2,3,1,1,2,2,1,0,0,0,1,0,4,0,1,2,2,20,46,38,158,12,68,3,28,0,2,10,35,4,15,0,0,1,1,2,7,32,40,2,13,1,8,0,0,15,118,55,748,0,0,0,6,0,3,2,18,0,5,0,0,3,1
1,0,12,1,1,2,0,0,0,1,0,0,0,0,2,1,0,0,9,1,0,0,0,0,0,0,0,0,0,0,0,0,8,3,0,0,1920,48,0,277,111,40,0,0,0,0,105,105,787,22,5,2,108,4,63,0,2,0,1,2,7,0,12,0,1,0,2,2,11,3,2568,249,2,0,8,2,7,3,6,0,0,0,12,0,19,4,0,0,25,2,0,0,0,0,0,0,0,0,1,0,0,0,0,0,0,1,0,1,0,0,1,1,0,0,0,0,0,0,0,0,0,0,1,0,1,0,7,1,19,2,2,0,1,0,3,0,0,0,0,0,0,0,0,0,10,0,3,0,5,0,0,0,0,0,8,2,0,0,1,0,0,0,0,0,0,0,1,0,0,0
4,5,3,38,1,22,1,4,0,5,0,0,0,2,5,46,0,0,0,7,0,0,0,0,0,0,0,0,0,0,0,0,0,18,0,0,1,1535,277,0,21,164,0,0,0,0,14,147,54,35,3,4,12,1,3,3,0,0,0,1,2,2,3,9,0,0,0,9,2,16,52,2178,0,1,3,10,2,16,0,8,0,0,1,2,1,12,0,0,0,7,0,0,0,0,0,0,0,0,0,0,0,0,0,0,0,0,0,0,1,2,0,0,0,0,0,0,0,0,0,0,0,0,1,0,0,0,2,2,1,5,0,1,0,0,0,0,0,0,0,0,0,0,0,0,0,8,0,1,2,0,0,0,0,0,1,1,0,0,0,0,0,0,0,0,0,1,0,0,1,0
27,0,8,2,9,0,3,0,5,0,1,0,10,2,9,2,5,0,2,0,0,0,0,0,2,0,0,0,2,0,1,0,285,4,0,0,31,2,111,21,0,156,1645,0,312,0,29,152,45,21,634,6,10,11,103,0,45,0,469,0,63,2,62,1,21,0,29,2,16,2,1290,212,7,0,51,4,903,6,716,4,0,0,10,0,342,7,525,0,335,2,138,0,556,0,0,9,1,15,73,5,9,0,1,1,5,10,7,25,11,7,52,20,5,13,1,3,0,1,0,4,12,0,11,0,66,1,72,2,243,4,18,0,42,0,48,0,6,1,226,0,31,0,180,0,679,15,6,1,25,1,0,0,0,0,0,0,9,0,82,2,95,0,228,1,22,2,4,2,13,0
3,16,0,3,0,11,0,6,0,4,0,3,1,2,0,12,0,22,1,1,0,0,0,0,0,0,0,0,0,5,0,0,1,725,0,0,2,126,40,164,156,0,1,2317,0,497,1,244,3,5,3,588,1,3,2,15,0,30,1,758,0,35,1,6,1,1,0,0,0,2,38,1707,1,15,6,77,1,1142,0,695,0,0,0,9,0,440,0,1082,1,264,0,218,0,215,2,1,2,2,7,21,2,2,1,1,4,4,11,14,7,31,15,36,11,2,3,0,1,1,0,7,0,4,0,28,0,17,0,34,2,83,4,5,0,0,2,4,0,3,0,259,0,38,1,54,4,597,1,19,0,13,0,0,0,0,1,0,0,1,0,5,0,3,0,207,0,2,1,7,6,0
0,0,1,0,1,0,1,0,0,1,1,0,3,0,2,1,55,0,0,0,0,0,0,0,0,0,0,0,0,0,0,0,14,0,0,0,0,1,0,0,1645,1,0,1,153,0,3,2,1,0,566,0,1,0,14,0,7,0,1071,0,2,0,7,0,1,0,3,0,0,0,71,3,0,0,5,1,30,0,40,1,0,0,0,0,12,0,12,0,4,0,13,0,86,0,36,4,38,9,100,3,54,4,23,1,112,4,132,23,45,13,103,16,2,0,6,2,2,2,0,6,0,0,0,0,2,1,15,1,29,1,2,0,2,0,2,0,2,0,2,1,1,0,5,0,10,0,0,0,3,0,0,0,0,0,0,0,0,0,2,0,7,0,14,0,2,1,0,0,1,0
0,3,0,2,0,3,0,1,0,1,0,1,0,0,0,1,0,0,0,0,0,0,0,0,0,0,0,0,0,0,0,0,2,21,0,0,0,5,0,0,0,2317,1,0,0,543,0,7,0,0,0,523,0,1,0,2,0,8,0,811,2,6,0,2,0,0,0,0,0,0,3,77,0,1,2,21,0,74,0,72,0,0,0,0,0,19,0,103,0,22,0,131,0,51,1,28,2,21,5,36,1,3,0,4,4,14,7,67,5,23,15,33,1,0,0,2,2,1,0,5,0,1,0,2,0,3,0,6,3,13,1,0,0,0,1,1,0,1,0,9,0,3,0,2,0,12,0,1,0,0,0,0,0,1,0,0,0,2,0,3,0,0,0,10,0,2,0,6,0,1
1,0,1,0,1,0,0,0,0,0,0,0,0,0,0,0,68,0,0,0,3,0,0,0,0,0,0,0,0,0,1,0,23,0,0,0,0,0,0,0,312,0,153,0,0,0,0,0,0,0,0,0,0,0,0,0,0,0,38,0,1,0,1,0,1,0,0,0,0,0,0,0,0,0,11,1,275,0,103,0,0,0,0,0,0,0,93,0,3,0,15,0,9,0,0,0,0,0,4,1,1,0,0,0,0,0,2,0,1,0,1,0,1,0,0,0,0,0,0,0,0,0,0,0,26,0,14,0,12,0,4,0,35,0,24,0,1,0,3,0,1,0,2,0,20,0,1,0,1,0,0,0,0,0,0,0,73,1,4,0,5,0,25,0,1,0,0,0,3,0
1,0,0,5,0,6,0,0,1,1,0,4,0,0,1,2,0,6,1,3,1,3,0,0,0,0,0,0,0,0,0,1,0,10,0,0,0,1,0,0,0,497,0,543,0,0,0,0,0,0,0,1,0,0,0,0,0,1,0,104,0,4,0,0,0,0,0,0,0,0,0,2,0,0,1,28,0,123,0,98,0,0,0,0,0,3,0,907,0,12,0,348,0,12,0,0,1,0,0,1,0,0,0,0,0,0,1,0,1,0,0,1,0,1,0,0,0,0,0,0,0,0,0,1,0,24,0,9,0,4,0,1,0,6,0,11,0,2,0,25,0,1,0,0,0,5,0,0,0,0,0,1,0,0,0,0,0,51,0,3,0,3,0,46,0,7,0,0,1,0
2,1,0,0,1,0,0,0,0,0,0,0,0,1,0,0,0,0,0,0,0,0,0,0,0,0,0,0,0,0,0,0,18,11,0,0,2,1,105,14,29,1,3,0,0,0,0,279,2097,76,3236,50,1241,41,844,6,152,3,9,1,3,0,13,0,2,0,0,3,5,2,463,221,0,0,1,0,20,4,3,1,0,0,31,4,46,25,0,0,38,9,0,0,3,3,0,0,0,0,0,0,0,0,0,0,0,0,0,1,0,0,0,0,0,0,0,0,0,0,0,0,0,0,0,0,0,0,1,0,9,1,2,0,0,0,1,0,0,0,0,0,3,0,0,0,7,0,1,0,0,0,0,0,0,0,0,0,0,0,0,0,1,0,0,0,0,0,0,0,1,0
0,3,0,0,0,2,0,1,0,1,0,0,0,10,0,0,0,0,0,0,0,0,0,0,0,0,0,0,0,0,0,0,0,101,0,0,0,0,105,147,152,244,2,7,0,0,279,0,47,3018,8,4356,10,1635,0,803,0,735,3,223,0,5,0,5,0,3,0,5,0,12,173,1557,0,0,0,0,0,28,0,5,0,0,0,38,0,286,0,7,1,276,0,0,0,67,0,0,1,0,1,2,0,0,0,0,0,0,1,1,0,0,0,0,1,1,5,0,0,0,0,0,0,1,0,0,0,0,0,0,0,5,0,0,0,0,0,0,0,0,0,3,0,0,0,1,1,4,0,2,0,0,0,0,0,0,0,0,0,0,0,0,0,0,0,0,0,0,0,0,0,0
8,1,4,0,2,0,0,0,0,0,0,0,0,1,3,0,0,0,0,0,0,0,0,0,0,0,0,0,0,0,0,0,10,10,0,0,132,10,787,54,45,3,1,0,0,0,2097,47,0,153,32,4,3413,27,528,1,1,0,0,0,4,1,60,1,2,0,1,5,8,5,1734,262,2,0,1,0,16,13,6,5,0,0,20,7,19,22,0,0,29,2,0,0,1,0,0,0,1,1,1,0,0,0,0,0,0,0,0,2,0,1,0,0,1,0,0,0,0,0,0,0,0,0,1,0,1,1,9,0,20,2,7,0,2,0,4,0,1,0,0,0,1,0,0,0,6,1,0,0,5,0,0,0,0,0,0,0,0,0,0,0,0,0,1,0,0,0,0,0,0,0
0,9,0,3,0,4,0,1,0,0,0,0,0,8,0,0,0,0,0,0,0,0,0,0,0,0,0,0,0,0,0,0,1,66,0,0,1,11,22,35,21,5,0,0,0,0,76,3018,153,0,4,138,14,4029,4,483,0,30,0,8,0,17,3,202,0,11,0,29,0,73,47,2194,0,1,2,0,2,28,0,19,0,0,2,23,1,111,0,1,3,99,0,0,0,6,0,0,0,0,0,0,0,0,0,0,0,0,0,0,0,1,0,0,0,0,0,0,0,0,0,1,0,0,0,0,0,0,0,2,3,4,0,0,0,0,0,0,0,0,0,0,0,0,0,0,3,0,0,0,0,1,0,0,0,0,0,0,0,0,0,0,0,0,0,0,0,0,0,0,0,0
5,0,0,1,0,0,1,0,0,0,0,0,0,0,0,0,0,0,0,0,0,0,0,0,0,0,0,0,0,0,0,0,101,1,0,0,0,0,5,3,634,3,566,0,0,0,3236,8,32,4,0,1,148,0,958,0,947,0,1698,0,4,0,4,0,0,0,1,0,3,0,895,11,0,0,7,0,70,0,17,3,0,0,18,0,177,0,0,0,110,0,0,0,24,0,308,0,1,0,64,1,83,0,155,1,0,0,3,0,5,1,4,0,6,47,5,9,0,0,0,0,0,0,0,0,0,0,2,1,11,0,1,0,0,0,2,3,0,0,8,0,0,0,8,0,24,2,0,0,1,0,0,0,0,0,0,0,0,0,0,0,0,0,0,0,4,0,0,0,16,0
0,4,0,1,0,3,0,1,0,0,0,0,0,5,0,1,0,0,0,1,0,0,0,0,0,0,0,0,0,0,0,0,0,150,0,0,0,3,2,4,6,588,0,523,0,1,50,4356,4,138,1,0,0,113,0,176,0,974,1,1583,0,7,0,0,1,0,0,1,0,6,3,690,0,0,1,7,0,79,0,20,0,0,0,30,1,498,0,13,0,326,0,1,0,103,0,0,0,3,2,152,0,5,0,0,3,2,2,3,4,7,1,7,15,113,18,0,0,0,0,5,0,0,0,1,0,8,0,4,0,59,2,0,0,0,0,1,0,0,0,24,0,7,0,10,2,54,0,1,0,3,0,0,0,0,0,0,0,0,0,0,0,5,0,0,0,3,0,0,1,0
7,1,3,0,2,0,0,0,0,0,0,0,0,0,1,1,0,0,0,0,0,0,0,0,0,0,0,0,0,0,0,0,39,4,0,0,3,2,108,12,10,1,1,0,0,0,1241,10,3413,14,148,0,0,7,3651,0,17,0,4,0,5,1,428,1,15,0,1,2,18,7,230,115,0,0,5,0,42,3,14,1,0,0,50,1,59,7,0,0,61,4,0,0,7,1,0,0,0,1,0,0,1,0,0,0,0,0,1,1,0,0,0,1,0,0,0,0,0,0,0,0,0,0,0,0,2,0,9,0,25,1,2,0,0,0,2,0,0,0,0,0,0,0,1,0,10,0,2,0,6,0,0,0,0,0,0,0,0,0,0,0,2,0,2,0,0,1,0,0,1,0
0,13,0,3,0,1,0,2,0,2,0,0,0,9,0,1,0,0,0,0,0,0,0,0,0,0,0,0,0,0,0,0,0,97,0,0,0,2,4,1,11,3,0,1,0,0,41,1635,27,4029,0,113,7,0,4,4103,0,119,0,50,1,27,1,995,0,30,0,20,1,358,14,605,1,0,1,2,1,33,0,9,0,0,0,50,0,197,0,3,0,450,0,0,0,62,0,0,0,0,0,1,0,0,0,0,0,0,1,0,0,1,0,0,0,0,0,0,0,0,0,0,0,0,0,0,0,1,0,3,0,4,0,1,0,0,0,1,0,0,0,1,0,0,0,0,0,0,0,0,0,0,0,0,0,0,0,0,0,0,0,0,0,0,0,0,0,0,0,0,0,0
124,0,54,0,12,0,8,0,3,1,0,0,3,0,4,0,0,0,2,0,0,0,0,0,0,0,0,0,0,0,0,0,221,4,0,0,14,8,63,3,103,2,14,0,0,0,844,0,528,4,958,0,3651,4,0,3,3355,0,394,0,100,3,945,0,581,0,24,6,1380,3,194,49,8,0,25,2,208,2,56,6,0,0,166,0,640,8,2,0,3302,1,0,0,399,0,1,1,0,5,7,2,0,0,0,1,1,0,1,3,2,0,1,0,0,0,0,0,0,0,0,1,2,0,4,0,5,0,29,2,77,2,20,0,1,0,20,0,1,0,1,0,4,0,6,0,37,1,5,0,12,0,0,0,0,0,1,0,0,0,1,0,0,0,4,0,1,0,0,0,0,0
0,25,0,6,0,3,0,0,0,2,0,0,0,10,1,1,0,0,0,0,0,0,0,0,0,0,0,0,0,0,0,0,0,78,0,0,0,4,0,3,0,15,0,2,0,0,6,803,1,483,0,176,0,4103,3,0,0,1615,0,157,0,80,0,182,0,71,0,43,0,1375,1,113,0,1,0,5,1,34,0,3,0,0,0,60,0,251,0,15,0,3165,0,0,0,455,0,0,0,0,0,0,0,0,0,0,0,0,0,1,0,0,0,1,0,0,0,0,0,0,0,0,0,0,0,0,0,0,0,1,0,3,0,1,0,0,0,1,0,0,0,0,0,0,0,0,0,1,0,0,0,0,0,0,0,0,0,0,0,0,0,0,0,0,0,0,0,0,0,0,0,0
3,0,2,0,0,0,1,0,0,0,0,0,1,0,0,0,0,0,0,0,0,0,0,0,0,0,0,0,0,0,0,0,70,0,0,0,0,0,2,0,45,0,7,0,0,0,152,0,1,0,947,0,17,0,3355,0,0,0,1297,0,3,0,0,0,1,0,0,0,6,0,8,1,0,0,1,0,32,0,7,0,0,0,26,0,146,0,2,0,352,0,0,0,560,0,0,0,0,0,1,0,0,0,0,0,0,2,1,1,1,0,1,1,0,0,0,0,0,0,0,0,0,0,0,0,0,0,1,0,5,0,0,0,0,0,0,0,0,0,2,0,1,0,0,0,6,0,0,0,0,0,0,0,0,0,0,0,0,0,0,0,1,0,0,0,0,0,0,0,0,0
0,0,0,0,0,0,0,0,0,0,0,0,0,2,0,0,0,0,0,0,0,0,0,0,0,0,0,0,0,0,0,0,0,46,0,0,0,0,0,0,0,30,0,8,0,1,3,735,0,30,0,974,0,119,0,1615,0,0,0,1318,0,1,0,2,0,0,0,0,0,4,0,8,0,0,0,0,0,16,0,2,0,0,0,8,0,228,0,16,0,731,0,0,0,1091,0,0,0,0,0,0,0,0,0,0,0,0,0,0,0,0,0,1,0,0,0,0,0,0,0,0,0,0,0,0,0,0,0,1,0,0,0,0,0,0,0,1,0,0,0,0,0,2,0,0,0,2,0,0,0,0,0,0,0,0,0,0,0,0,0,0,0,0,0,0,0,0,0,0,0,1
0,0,1,0,0,0,0,0,0,0,0,0,0,0,0,0,1,0,0,0,0,0,0,0,0,0,0,0,0,0,2,0,85,0,0,0,0,0,1,0,469,1,1071,0,38,0,9,3,0,0,1698,1,4,0,394,0,1297,0,0,0,1,0,0,0,1,0,0,0,2,0,10,0,0,0,1,0,73,0,9,0,0,0,3,0,106,0,226,0,202,0,239,0,2502,0,28,1,4,0,2,0,65,0,225,0,3,0,1,0,0,0,0,0,0,0,1,0,2,1,0,0,1,0,0,0,0,0,1,0,0,0,0,0,0,0,1,0,0,0,3,0,0,0,0,0,5,0,0,0,0,0,0,0,0,0,0,0,0,0,0,0,0,0,0,0,0,0,0,0,0,0
0,0,0,4,0,3,0,1,0,0,0,1,0,0,0,0,0,0,0,1,0,0,0,0,0,0,0,0,0,3,0,0,0,245,0,0,0,0,2,1,0,758,0,811,0,104,1,223,0,8,0,1583,0,50,0,157,0,1318,0,0,0,0,0,1,0,0,0,0,0,2,0,68,0,0,0,2,0,120,0,8,0,0,1,7,0,423,0,672,1,921,0,383,0,2314,0,153,0,0,0,0,0,1,0,285,0,0,2,1,0,2,0,0,0,0,1,0,0,0,0,0,0,0,0,1,0,0,0,0,0,0,0,0,0,0,0,0,0,0,0,8,0,0,0,4,0,16,0,0,0,0,0,0,0,0,0,1,0,0,0,0,0,0,0,1,0,0,0,0,0,0
6130,68,375,10,159,9,536,17,131,4,1,0,1268,11,84,98,0,0,3,1,0,0,0,0,0,0,0,0,1,0,0,0,322,3,0,0,44,175,7,2,63,0,2,2,1,0,3,0,4,0,4,0,5,1,100,0,3,0,1,0,0,20,1707,2,2083,0,1505,4,272,0,298,26,445,34,612,24,763,24,234,19,0,0,51,0,642,2,0,0,369,1,1,0,3,0,0,3,0,1,9,0,0,0,0,1,3,3,0,4,1,1,1,1,2,1,0,0,0,0,0,2,1,0,13,0,30,2,447,17,88,4,50,2,11,0,130,4,50,0,3,0,2,0,16,1,221,1,22,1,18,1,0,0,0,0,8,6,0,0,15,0,5,0,41,3,1,0,0,0,2,1
21,5122,1,210,1,141,1,207,1,68,0,0,0,1179,4,296,0,0,0,0,0,0,0,0,0,0,0,0,0,0,0,0,2,150,0,0,3,292,0,2,2,35,0,6,0,4,0,5,1,17,0,7,1,27,3,80,0,1,0,0,20,0,8,2895,1,2012,4,1964,2,627,23,576,22,437,28,284,7,586,2,411,0,0,0,33,0,233,0,0,0,155,0,0,0,2,1,0,1,2,2,3,0,0,0,0,1,0,4,0,1,2,0,1,0,0,0,0,0,0,0,1,0,0,0,0,0,6,8,193,2,98,1,34,0,0,1,26,0,4,0,0,0,1,2,6,2,34,0,10,0,0,0,0,0,0,0,3,0,0,0,2,0,2,1,5,0,2,0,0,1,0
267,5,165,1,50,1,16,1,19,1,0,0,12,1,47,4,0,0,5,0,0,0,0,0,0,0,0,0,0,0,0,0,40,4,0,0,45,33,12,3,62,1,7,0,1,0,13,0,60,3,4,0,428,1,945,0,0,0,0,0,1707,8,0,2,2338,0,45,9,580,3,1521,26,29,9,147,5,230,5,142,17,0,0,8,2,9,2,2,0,38,0,0,0,0,0,1,0,1,2,9,0,2,0,0,0,0,1,1,9,0,0,1,0,2,1,1,0,0,0,0,0,0,0,8,0,11,1,196,6,152,2,28,0,2,1,64,2,8,0,0,0,1,0,5,1,61,1,7,0,8,0,0,0,1,0,4,2,0,0,2,1,5,0,22,1,2,0,1,0,4,0
2,144,0,55,0,19,0,11,0,8,0,0,0,18,0,38,0,0,0,1,0,0,0,0,0,0,0,1,0,0,0,0,0,39,0,0,3,49,0,9,1,6,0,2,0,0,0,5,1,202,0,0,1,995,0,182,0,2,0,1,2,2895,2,0,1,1882,0,627,0,692,4,1146,0,81,7,35,0,124,0,68,0,0,0,3,1,12,0,0,0,34,0,0,0,2,0,0,0,0,1,1,2,0,1,0,0,0,2,1,2,0,0,1,0,0,0,0,0,0,0,0,0,0,0,1,0,3,1,29,0,19,0,8,0,0,0,4,0,1,0,0,0,0,0,0,1,2,0,2,0,0,0,0,0,0,1,0,0,0,0,1,0,0,0,0,0,1,0,0,2,0
228,1,63,0,48,0,7,0,9,0,0,0,4,1,12,3,0,0,3,0,0,0,1,0,0,0,0,0,0,0,0,0,33,1,0,0,7,10,1,0,21,1,1,0,1,0,2,0,2,0,0,1,15,0,581,0,1,0,1,0,2083,1,2338,1,0,0,1152,0,2202,0,60,5,4,0,38,0,127,4,54,8,0,0,5,0,81,0,1,0,252,0,0,0,3,0,0,2,0,1,2,0,0,0,0,0,0,0,1,1,0,2,1,0,2,0,0,0,0,0,0,0,0,0,2,0,7,1,40,1,38,2,11,0,1,0,17,0,4,0,0,0,0,0,2,0,15,0,2,0,4,0,0,0,0,0,0,0,0,0,3,1,1,0,6,0,0,0,0,0,1,0
1,20,0,2,0,6,0,1,0,2,0,0,0,3,0,0,0,0,0,0,0,0,0,0,0,0,0,0,0,0,0,0,0,9,0,0,2,1,0,0,0,1,0,0,0,0,0,3,0,11,0,0,0,30,0,71,0,0,0,0,0,2012,0,1882,0,0,0,1282,0,1475,0,79,0,0,3,0,0,13,0,7,0,0,0,3,0,14,0,0,0,41,0,0,0,0,0,0,0,0,0,1,0,0,0,0,0,0,0,0,0,0,0,0,0,0,0,0,0,0,0,0,0,0,0,0,0,0,0,2,0,2,0,0,0,0,0,0,0,0,0,0,0,0,0,0,0,0,0,0,0,0,0,0,0,0,0,0,0,0,0,0,0,0,0,0,0,0,0,0,0,0
510,2,29,0,68,0,19,0,9,1,0,0,291,1,7,5,0,0,1,0,0,0,0,0,0,0,0,0,0,0,0,0,22,2,0,0,11,3,2,0,29,0,3,0,0,0,0,0,1,0,1,0,1,0,24,0,0,0,0,0,1505,4,45,0,1152,0,0,1,676,0,20,10,1,0,29,2,73,5,27,2,0,0,38,0,1182,1,0,0,306,0,0,0,0,0,0,0,0,0,2,0,0,0,0,1,0,1,1,2,1,0,0,0,1,0,0,0,0,0,0,0,0,0,1,0,5,0,35,1,64,3,17,0,1,0,14,0,3,0,0,0,0,0,0,0,12,0,3,0,5,0,0,0,0,0,0,0,0,0,2,0,1,0,4,0,0,0,0,0,0,0
5,583,0,29,0,111,0,63,0,8,0,0,1,870,2,10,0,0,0,0,0,0,0,0,0,0,0,0,0,0,0,0,1,138,0,0,4,50,2,9,2,0,0,0,0,0,3,5,5,29,0,1,2,20,6,43,0,0,0,0,4,1964,9,627,0,1282,1,0,1,1339,17,219,1,5,8,43,4,112,1,43,0,0,2,36,5,835,0,0,4,90,0,0,0,1,0,0,0,1,0,0,0,0,0,0,0,0,0,2,1,0,0,0,0,0,0,0,0,0,0,0,0,0,0,0,1,0,0,12,4,8,0,0,0,0,0,0,0,0,0,0,0,0,0,1,3,1,0,0,1,0,0,0,0,0,0,0,0,0,0,0,0,0,0,1,0,1,0,0,0,0
264,1,45,1,38,0,7,0,1,0,0,0,8,0,7,1,0,0,2,0,0,0,0,0,0,0,0,0,0,0,0,0,25,2,0,0,7,4,11,2,16,0,0,0,0,0,5,0,8,0,3,0,18,1,1380,0,6,0,2,0,272,2,580,0,2202,0,676,1,0,0,64,14,3,1,27,1,61,6,17,2,0,0,50,0,421,2,0,0,1997,2,0,0,12,0,0,0,0,0,1,0,0,0,0,0,0,0,0,0,0,0,0,1,0,0,0,0,0,0,0,0,1,0,1,0,2,0,17,0,44,0,8,0,1,0,7,0,2,0,0,0,0,0,0,0,17,0,3,0,3,0,0,0,0,0,0,0,0,0,2,0,0,0,1,0,1,0,0,0,2,0
1,195,0,18,0,32,0,6,0,2,0,0,0,7,0,10,0,0,0,0,0,0,0,0,0,0,0,0,0,0,0,0,1,53,0,0,0,7,3,16,2,2,0,0,0,0,2,12,5,73,0,6,7,358,3,1375,0,4,0,2,0,627,3,692,0,1475,0,1339,0,0,12,284,0,6,3,8,1,39,1,18,0,0,0,30,3,948,0,0,1,1144,0,0,0,13,0,0,0,0,0,0,0,0,0,0,0,0,1,1,0,0,0,0,0,0,0,0,0,0,0,0,0,0,0,0,0,0,0,3,1,4,0,0,0,0,0,0,0,0,0,1,0,0,0,0,2,0,0,0,0,0,0,0,0,0,0,1,0,0,0,0,0,0,0,0,0,1,0,0,0,0
381,19,405,8,79,6,34,8,44,2,0,0,17,12,384,29,0,0,35,2,0,0,0,0,0,0,0,0,0,0,0,0,68,23,0,0,2346,145,2568,52,1290,38,71,3,0,0,463,173,1734,47,895,3,230,14,194,1,8,0,10,0,298,23,1521,4,60,0,20,17,64,12,0,378,629,34,285,19,170,35,98,27,0,0,24,3,30,21,0,0,31,6,0,0,0,1,0,1,0,1,8,2,0,0,0,0,2,0,2,5,1,3,1,1,6,0,0,0,0,0,0,0,4,0,11,0,17,0,196,8,202,10,49,4,4,0,84,1,15,1,1,0,3,0,6,1,120,6,7,0,29,2,0,0,1,0,44,5,0,0,4,0,5,2,19,0,4,2,1,1,3,0
23,423,3,481,1,98,2,75,1,33,0,0,6,87,4,259,0,0,1,4,0,0,0,0,0,0,0,0,0,0,0,0,8,254,0,0,20,1806,249,2178,212,1707,3,77,0,2,221,1557,262,2194,11,690,115,605,49,113,1,8,0,68,26,576,26,1146,5,79,10,219,14,284,378,0,15,675,39,159,14,462,5,356,0,0,4,49,20,145,0,0,16,89,0,0,0,14,3,0,2,1,6,4,0,1,1,0,3,0,7,2,4,4,3,4,4,2,2,0,0,0,0,4,1,0,0,0,2,20,5,158,22,131,5,49,0,0,6,14,1,2,0,1,0,0,0,9,10,51,0,11,1,5,0,0,0,0,0,0,0,0,2,4,0,7,1,5,0,6,0,0,8,2
988,77,65,9,10,11,53,10,19,2,0,0,29,2,988,86,0,0,2,2,0,0,0,0,0,0,0,0,0,0,0,0,23,7,0,0,502,271,2,0,7,1,0,0,0,0,0,0,2,0,0,0,0,1,8,0,0,0,0,0,445,22,29,0,4,0,1,1,3,0,629,15,0,56,91,24,81,17,28,15,0,0,2,0,3,2,0,0,0,0,0,0,0,0,0,1,0,0,0,0,0,0,0,0,1,0,0,0,0,0,0,1,0,0,0,0,0,0,0,0,0,0,0,0,9,1,82,9,12,3,6,4,1,0,14,4,9,4,0,0,0,0,0,0,47,1,5,0,5,0,0,0,0,0,29,4,0,0,3,0,1,0,6,1,0,0,0,0,0,0
31,445,3,161,0,32,4,81,0,19,0,0,0,48,6,592,0,0,0,1,0,0,0,0,0,0,0,0,0,0,0,0,1,20,0,0,10,183,0,1,0,15,0,1,0,0,0,0,0,1,0,0,0,0,0,1,0,0,0,0,34,437,9,81,0,0,0,5,1,6,34,675,56,0,23,120,5,139,4,101,0,0,0,1,1,5,0,0,1,1,0,0,0,0,0,0,0,0,0,3,0,0,1,0,1,0,3,0,0,2,0,0,2,1,0,0,0,0,0,2,0,0,0,2,1,13,5,74,0,15,0,14,0,0,3,15,0,3,0,0,0,0,0,0,4,22,0,8,0,2,0,0,0,0,0,1,0,0,1,2,0,0,0,8,0,0,0,0,0,0
772,99,971,228,1374,177,309,65,649,33,131,3,73,10,307,119,45,68,697,123,76,42,44,9,29,2,4,1,38,0,26,1,330,37,0,0,201,206,8,3,51,6,5,2,11,1,1,0,1,2,7,1,5,1,25,0,1,0,1,0,612,28,147,7,38,3,29,8,27,3,285,39,91,23,0,443,2602,80,828,45,0,0,23,2,22,1,15,7,12,1,2,0,0,0,1,0,2,1,12,1,1,0,0,0,0,1,0,4,0,1,0,1,1,0,0,0,0,0,0,0,116,57,62,0,364,13,678,27,394,9,128,4,30,0,491,15,78,0,6,0,4,0,44,0,731,14,45,3,73,0,15,15,253,98,206,88,83,4,21,1,17,2,29,5,6,0,0,1,1,0
71,683,40,996,34,1446,6,497,16,555,3,111,2,124,45,359,9,43,50,366,15,78,10,50,2,46,0,21,1,14,0,10,10,362,0,0,15,493,2,10,4,77,1,21,1,28,0,0,0,0,0,7,0,2,2,5,0,0,0,2,24,284,5,35,0,0,2,43,1,8,19,159,24,120,443,0,25,3319,6,1572,0,0,1,11,4,20,3,32,0,10,0,0,0,0,2,1,3,2,8,16,0,0,0,0,7,1,7,2,6,13,4,3,13,6,1,1,0,0,0,3,0,9,1,9,3,497,6,732,1,569,1,219,0,38,1,632,2,80,0,3,0,2,0,24,7,447,0,108,1,58,11,4,31,64,10,103,12,263,2,30,0,20,0,121,0,19,1,4,12,2
507,8,669,36,757,30,179,4,407,8,297,1,126,4,361,28,124,1,255,22,88,6,50,0,97,0,16,0,167,0,27,0,1764,2,0,0,88,58,7,2,903,1,30,0,275,0,20,0,16,2,70,0,42,1,208,1,32,0,73,0,763,7,230,0,127,0,73,4,61,1,170,14,81,5,2602,25,0,8,1217,5,0,0,45,0,142,4,581,2,190,0,58,0,292,0,2,2,1,5,20,0,2,1,0,2,0,1,4,7,2,2,10,3,2,1,1,0,0,0,0,4,2,0,5,0,192,4,221,4,52,1,27,1,30,0,144,4,14,0,21,0,4,0,22,0,190,2,10,0,14,0,1,2,22,27,80,24,351,3,15,0,20,0,25,2,6,0,1,1,6,1
43,404,8,510,20,777,4,311,6,397,1,294,3,231,34,327,6,153,15,133,1,19,2,35,0,38,0,19,0,22,0,23,6,1818,0,0,11,309,3,16,6,1142,0,74,0,123,4,28,13,28,0,79,3,33,2,34,0,16,0,120,24,586,5,124,4,13,5,112,6,39,35,462,17,139,80,3319,8,0,8,979,0,0,2,54,4,166,0,500,2,77,0,19,0,57,1,0,4,2,4,16,4,0,2,1,8,1,16,9,4,29,12,34,11,4,1,0,0,0,0,9,0,2,0,16,2,80,6,132,7,107,3,36,0,4,3,59,0,10,0,86,0,20,1,22,4,239,0,35,1,31,1,0,7,38,3,49,5,570,0,11,0,16,0,59,0,6,0,6,9,0
197,6,121,1,111,9,46,1,66,0,24,0,33,0,105,21,12,0,41,3,6,0,1,0,8,0,2,0,11,0,0,0,125,2,0,0,24,22,6,0,716,0,40,0,103,0,3,0,6,0,17,0,14,0,56,0,7,0,9,0,234,2,142,0,54,0,27,1,17,1,98,5,28,4,828,6,1217,8,0,7,0,0,11,0,43,1,19,0,23,0,6,0,20,0,3,0,3,9,45,3,5,0,1,0,1,1,10,11,5,4,11,2,12,7,0,0,0,0,0,1,1,0,1,0,377,0,148,0,74,2,22,2,25,1,105,3,15,1,21,0,7,0,7,0,109,0,10,1,7,0,0,0,1,3,14,3,80,2,62,1,49,0,84,0,17,1,0,0,10,0
30,217,5,124,10,229,3,62,3,72,0,25,2,64,16,152,0,2,2,41,0,3,0,6,0,11,0,2,0,0,0,3,3,89,0,0,11,227,0,8,4,695,1,72,0,98,1,5,5,19,3,20,1,9,6,3,0,2,0,8,19,411,17,68,8,7,2,43,2,18,27,356,15,101,45,1572,5,979,7,0,0,0,2,19,3,24,0,22,3,5,0,1,0,2,6,0,5,4,12,28,2,0,0,0,16,1,25,11,13,15,11,16,16,2,0,0,1,0,0,13,0,2,0,10,2,107,5,127,8,110,1,26,0,22,1,88,0,16,0,58,1,9,1,9,7,105,0,16,1,16,0,0,0,2,3,8,0,27,2,21,0,21,2,132,4,18,3,2,10,0
0,0,0,0,0,0,0,0,0,0,0,0,0,0,0,0,0,0,0,0,0,0,0,0,0,0,0,0,0,0,0,0,0,0,0,0,0,0,0,0,0,0,0,0,0,0,0,0,0,0,0,0,0,0,0,0,0,0,0,0,0,0,0,0,0,0,0,0,0,0,0,0,0,0,0,0,0,0,0,0,0,0,0,0,0,0,0,0,0,0,0,0,0,0,0,0,0,0,0,0,0,0,0,0,0,0,0,0,0,0,0,0,0,0,0,0,0,0,0,0,0,0,0,0,0,0,0,0,0,0,0,0,0,0,0,0,0,0,0,0,0,0,0,0,0,0,0,0,0,0,0,0,0,0,0,0,0,0,0,0,0,0,0,0,0,0,0,0,0,0
0,0,0,0,0,0,0,0,0,0,0,0,0,0,0,0,0,0,0,0,0,0,0,0,0,0,0,0,0,0,0,0,0,0,0,0,0,0,0,0,0,0,0,0,0,0,0,0,0,0,0,0,0,0,0,0,0,0,0,0,0,0,0,0,0,0,0,0,0,0,0,0,0,0,0,0,0,0,0,0,0,0,0,0,0,0,0,0,0,0,0,0,0,0,0,0,0,0,0,0,0,0,0,0,0,0,0,0,0,0,0,0,0,0,0,0,0,0,0,0,0,0,0,0,0,0,0,0,0,0,0,0,0,0,0,0,0,0,0,0,0,0,0,0,0,0,0,0,0,0,0,0,0,0,0,0,0,0,0,0,0,0,0,0,0,0,0,0,0,0
98,0,11,0,23,0,32,1,14,0,0,0,48,0,3,2,0,0,0,0,0,0,0,0,0,0,0,0,0,0,0,0,76,1,0,0,4,2,12,1,10,0,0,0,0,0,31,0,20,2,18,0,50,0,166,0,26,0,3,1,51,0,8,0,5,0,38,2,50,0,24,4,2,0,23,1,45,2,11,2,0,0,0,0,561,2,0,0,170,0,0,0,2,0,0,0,0,0,0,0,0,0,0,0,0,0,1,0,0,0,0,0,0,0,0,0,0,0,0,0,1,0,3,0,0,0,4,1,5,2,3,0,0,0,3,0,0,0,0,0,0,0,2,0,11,0,0,1,1,0,0,0,0,0,0,0,0,0,0,0,0,0,1,0,0,0,0,0,0,1
4,50,0,9,0,29,0,44,0,20,0,0,0,251,0,9,0,0,0,0,0,0,0,0,0,0,0,0,0,0,0,0,1,192,0,0,0,4,0,2,0,9,0,0,0,0,4,38,7,23,0,30,1,50,0,60,0,8,0,7,0,33,2,3,0,3,0,36,0,30,3,49,0,1,2,11,0,54,0,19,0,0,0,0,0,414,0,0,1,27,0,0,0,2,0,0,0,0,0,0,0,0,0,0,0,0,1,0,1,0,0,0,0,0,0,0,0,0,0,1,0,0,0,0,0,0,0,1,2,2,0,1,0,0,0,0,0,0,0,0,0,0,0,0,0,4,0,0,0,0,0,0,0,0,0,0,0,0,0,0,0,0,0,0,0,0,0,0,1,0
811,1,16,1,73,0,90,2,19,0,0,0,312,2,7,3,0,0,0,0,0,0,0,0,0,0,0,0,0,0,0,0,275,2,0,0,11,5,19,1,342,0,12,0,0,0,46,0,19,1,177,1,59,0,640,0,146,0,106,0,642,0,9,1,81,0,1182,5,421,3,30,20,3,1,22,4,142,4,43,3,0,0,561,0,0,4,435,0,4725,0,3,0,382,0,0,0,1,1,3,0,0,0,0,0,0,0,0,1,0,0,2,1,1,0,0,0,0,0,0,0,0,0,1,0,6,0,12,0,37,5,5,0,2,0,5,0,1,0,2,0,1,0,2,1,19,0,2,1,2,0,0,0,0,0,0,0,0,0,2,0,1,0,2,0,1,0,0,0,1,0
2,840,1,35,0,168,0,75,0,10,0,0,0,343,1,11,0,0,0,0,0,0,0,0,0,0,0,0,0,0,0,0,1,514,0,0,3,10,4,12,7,440,0,19,0,3,25,286,22,111,0,498,7,197,8,251,0,228,0,423,2,233,2,12,0,14,1,835,2,948,21,145,2,5,1,20,4,166,1,24,0,0,2,414,4,0,0,762,1,2751,0,3,0,316,0,1,0,1,0,1,0,0,0,0,1,0,3,3,0,2,0,2,2,0,0,0,0,0,0,0,0,0,0,2,0,1,1,8,0,9,0,0,0,0,0,1,0,1,0,17,0,5,0,4,0,37,0,1,0,1,0,0,0,0,0,0,0,0,0,0,0,0,0,0,0,0,0,0,1,0
1,0,19,1,27,1,31,0,20,0,29,0,511,0,1,0,2,0,17,4,6,0,3,0,5,0,3,0,21,0,8,0,302,0,0,0,1,0,0,0,525,0,12,0,93,0,0,0,0,0,0,0,0,0,2,0,2,0,226,0,0,0,2,0,1,0,0,0,0,0,0,0,0,0,15,3,581,0,19,0,0,0,0,0,435,0,0,0,741,0,564,0,782,0,0,0,0,0,1,0,0,0,0,0,0,0,0,0,0,0,0,0,0,0,0,0,0,0,0,0,0,0,0,0,3,0,2,0,1,0,0,0,3,0,3,0,0,0,5,0,0,0,0,0,3,0,0,0,0,0,0,0,0,1,1,2,10,0,0,0,0,0,0,0,1,0,0,0,0,0
0,3,2,83,3,101,0,6,0,55,0,156,0,211,1,1,1,23,5,33,1,14,0,14,0,4,0,20,0,7,0,13,0,156,0,0,1,7,0,0,0,1082,0,103,0,907,0,7,0,1,0,13,0,3,0,15,0,16,0,672,0,0,0,0,0,0,0,0,0,0,0,0,0,0,7,32,2,500,0,22,0,0,0,0,0,762,0,0,0,522,0,1203,0,403,0,0,0,0,0,0,0,0,0,0,0,0,0,0,0,0,0,0,0,0,0,0,0,0,0,0,0,0,0,0,0,8,0,1,0,0,0,1,0,1,0,2,0,1,0,3,0,0,0,1,0,0,0,0,0,0,2,3,2,10,0,4,0,13,0,0,0,0,0,2,0,0,0,0,0,0
288,2,24,0,23,0,11,0,4,1,0,0,7,0,7,1,0,0,0,0,0,0,0,0,0,0,0,0,0,0,0,0,184,3,0,0,9,3,25,0,335,1,4,0,3,0,38,1,29,3,110,0,61,0,3302,0,352,0,202,1,369,0,38,0,252,0,306,4,1997,1,31,16,0,1,12,0,190,2,23,3,0,0,170,1,4725,1,741,0,0,2,221,0,3909,0,0,0,0,0,1,1,0,0,0,0,0,0,0,2,0,1,1,1,0,0,0,0,0,0,0,0,0,0,2,0,2,0,18,0,33,1,6,0,2,0,9,0,0,0,1,0,0,0,5,0,18,0,0,0,5,1,0,0,0,0,0,0,1,0,0,0,1,2,1,0,1,0,0,0,0,0
1,292,0,16,0,32,0,7,0,1,0,1,0,9,0,3,0,0,0,1,0,0,0,0,0,0,0,0,0,0,0,0,0,170,0,0,0,1,2,7,2,264,0,22,0,12,9,276,2,99,0,326,4,450,1,3165,0,731,0,921,1,155,0,34,0,41,0,90,2,1144,6,89,0,1,1,10,0,77,0,5,0,0,0,27,0,2751,0,522,2,0,0,651,0,4991,0,0,0,0,0,0,0,0,0,0,0,0,0,0,0,0,0,0,0,0,0,0,0,0,0,0,0,0,0,0,1,1,0,3,2,3,0,1,0,0,0,1,0,0,0,3,0,0,0,2,1,5,0,0,0,1,0,0,0,0,0,0,0,0,0,0,0,0,0,0,0,0,0,0,0,0
0,0,1,0,1,0,0,0,0,0,1,0,0,0,0,0,0,0,0,0,0,0,0,0,0,0,0,0,0,0,0,0,1,0,0,0,0,0,0,0,138,0,13,0,15,0,0,0,0,0,0,0,0,0,0,0,0,0,239,0,1,0,0,0,0,0,0,0,0,0,0,0,0,0,2,0,58,0,6,0,0,0,0,0,3,0,564,0,221,0,0,0,1310,0,0,0,0,0,0,0,0,0,0,0,0,0,0,0,0,0,0,0,0,0,0,0,0,0,0,0,0,0,0,0,1,0,0,0,0,0,0,0,0,0,4,0,0,0,2,0,0,0,0,0,0,0,0,0,0,0,0,0,0,0,1,0,0,0,0,0,0,0,1,0,0,0,0,0,0,0
0,0,0,0,0,1,0,0,0,1,0,0,0,0,0,1,0,0,0,0,0,0,0,0,0,0,0,0,0,9,0,0,0,1,0,0,0,0,0,0,0,218,0,131,0,348,0,0,0,0,0,1,0,0,0,0,0,0,0,383,0,0,0,0,0,0,0,0,0,0,0,0,0,0,0,0,0,19,0,1,0,0,0,0,0,3,0,1203,0,651,0,0,0,1027,0,0,0,0,0,0,0,0,0,0,0,0,0,0,0,0,0,0,0,0,0,0,0,0,0,0,0,0,0,0,0,0,0,0,0,0,0,0,0,1,0,1,0,0,0,0,0,0,0,0,0,0,0,0,0,0,0,0,0,0,0,0,0,0,0,0,0,0,0,1,0,0,0,0,0,0
8,1,3,0,3,0,0,0,3,0,0,0,0,0,0,0,0,0,2,0,0,0,0,0,0,0,0,0,1,0,0,0,219,0,0,0,1,1,0,0,556,0,86,0,9,0,3,0,1,0,24,0,7,0,399,0,560,0,2502,0,3,0,0,0,3,0,0,0,12,0,0,0,0,0,0,0,292,0,20,0,0,0,2,0,382,0,782,0,3909,0,1310,0,0,0,0,0,0,0,0,0,0,0,0,0,0,0,1,0,0,0,0,0,0,1,0,0,0,0,0,0,0,0,0,0,0,0,0,0,0,0,2,0,0,0,2,0,1,0,3,0,1,0,0,0,1,0,0,0,0,0,0,0,0,0,0,0,0,0,0,0,0,0,0,0,0,0,0,0,0,0
0,0,0,1,0,0,0,0,0,2,0,0,0,1,0,0,0,0,0,0,0,0,0,0,0,0,0,0,0,2,0,0,0,122,0,0,0,1,0,0,0,215,0,51,0,12,3,67,0,6,0,103,1,62,0,455,0,1091,0,2314,0,2,0,2,0,0,0,1,0,13,1,14,0,0,0,0,0,57,0,2,0,0,0,2,0,316,0,403,0,4991,0,1027,0,0,0,407,0,7,0,1,0,2,0,10,0,0,0,0,0,1,0,0,0,0,0,1,0,0,0,0,0,0,0,0,0,1,0,0,0,1,0,0,0,0,0,0,0,0,0,2,0,0,0,0,0,1,0,0,0,0,0,0,0,0,0,0,0,0,0,0,0,0,0,0,0,0,0,0,0,0
0,0,0,0,0,0,0,0,0,0,0,0,0,0,0,1,0,0,0,0,0,0,0,0,0,0,0,0,0,0,0,0,0,0,0,0,0,0,0,0,0,2,36,1,0,0,0,0,0,0,308,0,0,0,1,0,0,0,28,0,0,1,1,0,0,0,0,0,0,0,0,3,0,0,1,2,2,1,3,6,0,0,0,0,0,0,0,0,0,0,0,0,0,0,0,21,4765,34,149,20,1045,31,2632,27,367,19,429,60,186,16,27,25,0,5,46,65,84,26,3,2,0,0,0,0,0,0,6,0,3,1,0,0,0,0,0,0,0,0,0,0,0,0,0,0,1,0,0,0,0,0,0,0,0,0,0,0,0,0,28,1,6,0,0,0,1,0,0,1,2,0
0,0,0,0,0,0,0,0,0,0,0,0,0,0,0,0,0,0,0,0,0,0,0,0,0,0,0,0,0,0,0,0,1,0,0,0,1,0,0,0,9,1,4,28,0,0,0,0,0,0,0,0,0,0,1,0,0,0,1,153,3,0,0,0,2,0,0,0,0,0,1,0,1,0,0,1,2,0,0,0,0,0,0,0,0,1,0,0,0,0,0,0,0,407,21,0,32,5938,12,245,49,707,13,4015,38,387,61,443,22,60,30,102,5,2,81,37,50,9,2,4,0,0,0,0,0,0,1,0,4,2,1,0,0,0,1,0,0,0,0,0,0,0,0,0,1,0,0,0,2,0,0,0,0,0,0,0,0,0,1,0,0,0,0,0,0,0,0,0,0,0
0,0,0,0,0,0,0,0,0,0,0,0,0,0,0,0,0,0,0,0,0,0,0,0,0,0,0,0,0,0,0,0,2,0,0,0,0,2,0,0,1,2,38,2,0,1,0,1,1,0,1,0,0,0,0,0,0,0,4,0,0,1,1,0,0,0,0,0,0,0,0,2,0,0,2,3,1,4,3,5,0,0,0,0,1,0,0,0,0,0,0,0,0,0,4765,32,0,98,159,29,1034,42,960,69,3768,40,1619,165,216,39,33,30,0,8,51,103,284,45,8,5,0,0,0,1,1,2,2,3,4,1,0,0,0,0,0,1,0,0,0,0,0,0,1,0,1,1,0,1,1,0,0,0,0,0,0,0,0,0,32,4,4,0,0,0,2,1,0,2,0,1
1,0,0,0,0,0,0,0,0,0,0,0,0,0,0,1,0,0,0,0,0,0,0,0,0,0,0,0,0,0,0,0,2,1,0,0,1,0,0,0,15,2,9,21,0,0,0,0,1,0,0,3,1,0,5,0,0,0,0,0,1,2,2,0,1,0,0,1,0,0,1,1,0,0,1,2,5,2,9,4,0,0,0,0,1,1,0,0,0,0,0,0,0,7,34,5938,98,0,16,328,64,456,33,1065,78,2705,210,1814,44,128,67,83,6,7,91,64,164,60,4,6,0,0,0,1,0,2,2,2,10,2,1,1,0,0,0,0,0,0,0,0,0,0,0,0,1,0,0,0,0,0,0,0,0,0,0,0,0,0,5,3,0,0,0,0,0,0,0,1,0,1
5,0,1,0,1,0,0,0,0,1,0,0,1,0,4,1,0,0,1,0,0,0,0,0,0,0,0,0,0,0,0,0,3,0,0,0,0,1,1,0,73,7,100,5,4,0,0,1,1,0,64,2,0,0,7,0,1,0,2,0,9,2,9,1,2,0,2,0,1,0,8,6,0,0,12,8,20,4,45,12,0,0,0,0,3,0,1,0,1,0,0,0,0,0,149,12,159,16,0,98,698,34,194,10,147,15,342,68,1109,60,131,52,187,262,103,30,9,11,84,155,0,0,0,0,24,20,46,41,111,44,30,8,13,5,32,17,4,1,7,1,15,3,26,5,103,9,7,2,7,4,0,0,0,0,0,0,0,0,25,0,30,1,5,2,61,31,3,11,163,12
0,1,0,3,0,2,0,0,0,2,0,0,0,0,1,7,0,0,0,0,0,0,0,0,0,0,0,0,0,0,0,0,1,8,0,0,1,5,0,0,5,21,3,36,1,1,0,2,0,0,1,152,0,1,2,0,0,0,0,0,0,3,0,1,0,1,0,0,0,0,2,4,0,3,1,16,0,16,3,28,0,0,0,0,0,1,0,0,1,0,0,0,0,1,20,245,29,328,98,0,134,836,28,131,32,178,96,991,56,640,93,119,72,210,236,56,30,30,6,32,0,0,0,2,5,21,4,76,11,165,8,17,3,4,7,23,0,4,2,4,3,21,2,20,8,19,1,14,0,9,0,0,0,0,0,1,0,1,7,4,2,24,1,0,16,17,5,11,37,13
0,0,0,0,0,0,0,0,0,0,0,0,0,0,0,0,0,0,0,0,0,0,0,0,0,0,0,0,0,0,0,0,1,0,0,0,1,1,0,0,9,2,54,1,1,0,0,0,0,0,83,0,1,0,0,0,0,0,65,0,0,0,2,2,0,0,0,0,0,0,0,0,0,0,1,0,2,4,5,2,0,0,0,0,0,0,0,0,0,0,0,0,0,0,1045,49,1034,64,698,134,0,580,3649,70,672,35,687,165,405,58,74,33,13,148,1163,163,61,91,32,14,0,0,0,0,3,1,6,2,6,1,0,0,0,0,0,1,0,0,3,0,1,0,6,0,2,5,1,0,0,0,0,0,0,0,0,0,0,0,7,0,1,0,0,0,2,0,1,2,3,0
0,0,0,0,0,0,0,0,0,0,0,0,0,0,0,0,0,0,0,0,0,0,0,0,0,0,0,0,0,0,0,0,0,0,0,0,0,0,0,0,0,2,4,3,0,0,0,0,0,0,0,5,0,0,0,0,0,0,0,1,0,0,0,0,0,0,0,0,0,0,0,1,0,0,0,0,1,0,0,0,0,0,0,0,0,0,0,0,0,0,0,0,0,2,31,707,42,456,34,836,580,0,71,2792,33,146,69,551,32,137,13,111,4,20,1328,187,54,52,6,2,0,0,0,0,0,1,0,0,2,0,0,0,0,0,0,0,0,0,0,0,0,0,0,0,0,0,0,0,0,1,0,0,0,0,0,0,0,0,4,0,0,0,0,0,0,0,0,0,0,0
0,0,0,0,0,0,0,0,0,0,0,0,0,0,0,0,0,0,0,0,0,0,0,0,0,0,0,0,0,0,0,0,1,0,0,0,0,0,0,0,1,1,23,0,0,0,0,0,0,0,155,0,0,0,0,0,0,0,225,0,0,0,0,1,0,0,0,0,0,0,0,1,0,1,0,0,0,2,1,0,0,0,0,0,0,0,0,0,0,0,0,0,0,0,2632,13,960,33,194,28,3649,71,0,167,298,10,263,57,133,21,21,11,0,6,116,783,61,32,5,3,0,0,0,0,0,1,0,0,1,1,0,0,0,0,0,0,0,0,0,0,0,0,0,0,0,0,0,0,0,0,0,0,0,0,0,0,0,0,6,1,1,0,0,0,0,0,0,3,0,0
