0,62,1489,7,1937,0,785,0,320,0,0,0,404,2,1622,21,0,0,14,1,0,0,0,0,0,0,0,0,0,0,1,0,235,2,0,0,180,17,11,2,65,1,7,0,0,0,5,7,12,7,2,1,35,0,150,0,24,0,9,0,4162,4,523,2,691,0,299,0,194,1,196,11,1681,16,268,3,677,5,275,2,0,0,36,1,661,4,15,0,765,0,0,0,64,0,3,0,0,0,8,0,2,0,1,1,1,0,5,7,1,0,19,1,1,1,0,1,1,0,0,3,3,0,0,0,9,0,124,2,69,1,22,0,3,1,24,0,12,0,0,0,3,0,9,1,45,0,18,0,13,0,0,0,0,0,68,17,0,0,1,1,0,0,30,1,1,0,0,0,1,0
62,0,47,3008,24,1907,11,1567,8,123,0,5,7,885,310,1361,0,1,17,2,0,0,0,0,0,7,0,4,0,3,0,0,15,299,0,0,290,381,3,16,2,50,1,2,0,1,5,69,3,60,0,19,1,59,3,55,1,8,0,19,23,4029,6,461,3,174,0,335,1,90,38,591,89,877,20,244,31,928,15,331,0,0,1,63,8,1176,1,42,8,638,0,3,3,134,3,2,1,2,17,10,1,0,1,6,5,0,17,9,3,3,3,1,12,3,0,1,0,0,0,8,0,0,0,11,3,28,6,309,3,137,0,80,0,4,3,75,0,66,0,5,1,3,0,36,2,396,0,51,1,62,0,0,2,0,186,47,0,0,2,8,0,9,4,55,1,15,0,2,4,1
1489,47,0,74,4765,60,129,16,634,5,277,3,48,12,2084,54,9,15,3213,53,96,76,20,28,186,6,218,3,251,4,28,0,495,8,0,0,96,26,5,1,8,0,1,0,3,1,0,0,2,0,0,0,3,0,45,0,5,0,2,0,68,1,35,0,43,0,37,1,31,0,21,2,338,2,430,61,360,19,132,4,0,0,22,0,109,1,79,1,201,0,0,0,35,0,0,0,0,0,2,1,0,0,0,0,0,0,4,3,1,0,3,4,0,0,0,0,0,0,1,0,0,0,0,0,23,0,16,3,8,2,4,1,0,0,9,2,2,2,0,0,0,0,2,0,6,7,4,1,8,2,17,8,47,7,209,180,7,0,1,0,0,0,19,0,1,1,0,0,2,0
7,3008,74,0,54,5744,1,927,36,1152,4,544,5,341,83,1832,17,38,282,1399,10,86,7,72,3,168,0,320,11,286,1,61,32,671,0,0,91,715,2,119,1,59,3,9,0,134,1,16,4,8,0,3,0,2,0,2,1,0,0,44,1,122,2,71,0,12,2,30,0,3,19,402,16,97,32,891,26,1632,6,260,0,0,0,23,1,117,2,155,1,38,0,41,2,65,4,0,0,0,10,12,0,0,1,2,3,0,4,7,0,0,1,1,6,5,0,0,0,0,0,3,0,1,0,7,0,135,1,191,0,79,1,58,0,5,2,190,0,63,0,3,0,0,0,10,0,439,0,19,1,18,12,16,137,62,489,517,1,10,3,13,0,15,3,59,3,23,0,1,3,1
1937,24,4765,54,0,27,418,8,2716,3,528,2,220,4,1159,20,6,5,1101,39,30,27,12,16,145,2,487,4,186,1,71,2,910,3,0,0,116,11,11,1,17,2,3,0,4,1,0,5,2,1,7,0,14,2,49,0,15,0,6,0,166,1,44,2,104,0,144,0,81,1,33,13,105,0,1150,38,625,13,192,0,0,0,89,1,849,0,89,1,764,0,0,0,70,0,3,0,0,0,2,1,0,0,1,0,2,0,4,3,2,0,4,2,1,0,1,0,0,0,0,0,0,0,1,0,28,0,30,3,20,3,8,0,5,0,7,3,2,0,1,0,0,0,3,0,14,5,5,1,2,0,3,3,51,8,281,147,3,0,0,0,1,0,30,0,0,0,0,0,1,0
0,1907,60,5744,27,0,2,1126,16,2474,3,728,1,331,74,305,2,20,156,156,3,9,1,16,0,107,0,582,4,308,0,107,24,849,0,0,89,142,0,21,0,63,1,5,0,102,0,3,1,6,0,3,0,3,0,4,0,0,0,18,0,226,0,37,0,38,0,237,0,17,4,39,5,23,25,773,18,1149,1,148,0,0,0,148,3,549,2,122,0,199,0,19,0,45,3,0,0,0,8,4,0,1,1,2,4,0,4,3,3,0,2,0,5,4,0,0,0,0,1,1,0,1,0,2,0,84,0,113,0,87,0,27,0,6,0,129,0,48,0,2,0,2,0,11,1,263,0,28,1,18,1,1,53,13,358,267,0,9,1,5,0,6,0,30,1,16,0,1,3,2
785,11,129,1,418,2,0,0,1415,1,21,1,1632,3,460,3,0,0,37,0,0,0,0,0,1,0,0,0,1,0,0,0,673,0,0,0,28,3,2,0,5,0,1,0,0,0,0,0,1,3,1,0,0,0,10,0,2,0,0,0,272,1,26,0,24,0,61,0,6,0,10,4,67,2,89,2,162,3,65,0,0,0,48,0,359,0,93,0,31,0,0,0,5,0,2,0,0,0,0,0,0,1,0,0,1,0,1,0,2,1,3,1,0,0,0,0,0,0,0,1,1,0,0,0,2,0,36,1,13,0,8,0,0,0,9,0,7,0,0,0,1,0,2,0,9,1,5,0,4,0,0,0,0,0,25,12,0,0,0,0,0,0,9,0,0,0,0,0,0,0
0,1567,16,927,8,1126,0,0,2,1699,0,52,0,1726,21,411,0,0,8,12,0,0,0,0,0,1,0,1,0,1,0,1,1,738,0,0,31,61,0,17,0,9,1,0,0,0,0,1,0,7,0,1,0,2,0,7,0,0,0,5,0,123,0,37,0,28,0,137,0,5,3,33,1,8,9,181,0,316,0,50,0,0,0,103,0,408,0,7,0,122,0,1,0,13,0,0,0,0,0,1,0,1,0,0,0,0,0,2,1,0,0,0,2,0,0,0,0,0,0,0,0,0,0,0,0,17,1,25,0,11,0,7,0,1,0,19,0,10,0,2,0,1,0,3,0,56,0,3,0,2,0,0,0,0,91,43,0,0,0,2,0,2,0,6,0,0,0,0,0,0
320,8,634,36,2716,16,1415,2,0,1,2005,3,836,2,661,19,0,1,690,8,7,4,2,2,6,2,9,1,67,1,46,0,2553,2,0,0,118,8,4,0,10,0,1,0,1,1,0,0,4,0,0,0,3,0,6,0,3,0,1,0,45,1,14,0,24,0,27,0,12,0,8,2,22,1,634,36,401,3,129,0,0,0,54,0,309,0,54,0,43,0,0,0,7,0,0,0,0,0,1,0,1,0,0,0,0,0,2,1,0,1,5,0,0,1,0,0,0,0,0,0,0,0,1,0,13,0,32,1,9,0,3,0,1,0,11,1,4,0,0,0,1,0,2,0,9,0,4,0,1,0,1,0,19,6,134,93,1,0,0,0,0,0,20,0,0,0,0,0,0,0
0,123,5,1152,3,2474,1,1699,1,0,0,1304,1,646,1,185,0,0,41,118,2,0,0,2,0,4,0,14,0,17,0,33,7,1176,0,0,8,80,0,13,0,17,0,3,0,28,0,3,0,3,0,0,0,1,0,0,0,1,0,22,0,93,0,21,0,15,0,18,0,1,0,12,1,5,4,310,3,488,0,48,0,0,0,56,0,83,0,48,0,16,0,8,0,36,1,0,0,0,2,1,0,0,0,0,0,0,1,0,1,0,0,0,1,0,0,0,0,0,0,0,0,0,0,0,1,28,0,29,0,5,0,11,0,0,0,34,0,11,0,1,0,0,0,1,0,57,0,4,0,1,0,0,19,0,82,56,0,0,0,3,0,0,0,6,1,3,0,0,1,0
0,0,277,4,528,3,21,0,2005,0,0,1,3,0,2,0,3,2,136,3,75,9,26,3,105,2,317,0,1035,0,679,0,664,1,0,0,5,0,0,0,1,0,1,0,4,1,0,0,0,0,0,0,0,0,0,0,0,0,0,0,1,0,0,0,0,0,1,0,0,0,0,0,1,0,24,3,140,0,12,0,0,0,0,0,2,0,341,0,5,0,0,0,0,0,0,0,0,0,0,0,0,0,0,0,0,0,0,0,0,0,0,1,0,0,0,0,0,0,0,0,0,0,0,0,1,0,0,0,1,0,0,0,0,0,0,0,0,0,0,0,0,0,0,0,0,0,0,0,0,0,7,0,20,0,4,4,3,0,0,0,0,0,1,0,0,0,0,0,0,0
0,5,3,544,2,728,1,52,3,1304,1,0,0,13,0,18,0,19,22,80,0,18,0,13,0,196,0,527,0,1273,0,977,3,910,0,0,0,16,0,1,0,7,0,5,0,40,0,0,0,0,0,0,0,0,0,1,0,0,0,9,0,2,0,0,0,0,0,0,0,0,0,0,0,1,2,113,3,238,0,6,0,0,0,1,0,0,0,156,0,5,0,14,0,16,0,0,0,0,1,0,0,0,0,0,0,0,0,0,0,0,0,0,0,0,0,0,0,0,0,0,0,0,0,0,0,9,0,0,0,1,0,1,0,0,0,9,0,0,0,0,0,0,0,0,0,9,0,0,0,0,1,0,13,6,21,28,0,4,0,0,0,1,0,0,0,0,0,0,0,0
404,7,48,5,220,1,1632,0,836,1,3,0,0,0,146,6,0,0,21,0,0,0,0,0,2,0,0,0,1,0,1,0,476,0,0,0,12,0,1,0,10,0,1,0,0,0,0,0,0,0,0,0,1,0,5,0,0,0,0,0,587,1,20,0,23,0,104,0,7,1,11,2,79,4,46,1,138,0,26,0,0,0,270,0,1308,0,109,0,15,0,0,0,2,0,0,0,0,0,1,0,0,0,0,0,1,0,0,0,0,1,2,0,0,0,0,0,0,0,0,0,0,0,0,0,1,0,15,0,2,0,3,0,0,0,4,0,2,0,0,0,0,0,2,0,5,0,4,0,1,0,0,0,0,0,9,1,0,0,0,0,0,0,3,0,0,0,0,0,0,0
2,885,12,341,4,331,3,1726,2,646,0,13,0,0,24,213,0,1,3,1,0,0,0,0,0,3,0,1,0,2,0,3,1,496,0,0,25,22,0,3,1,21,2,2,0,0,1,10,0,5,0,0,0,9,1,9,0,0,0,1,0,946,1,47,0,63,0,483,0,18,1,42,1,25,1,35,2,531,0,151,0,0,0,618,2,461,0,23,0,61,0,1,0,15,1,0,0,0,3,4,0,0,1,1,0,0,2,1,1,2,2,0,4,0,0,0,0,1,0,1,0,0,0,2,0,3,1,60,1,24,1,15,0,1,0,18,0,12,0,3,0,0,0,2,0,67,0,8,0,8,0,0,0,0,21,11,0,0,0,0,0,6,0,8,1,4,0,1,0,0
1622,310,2084,83,1159,74,460,21,661,1,2,0,146,24,0,238,0,0,496,1,1,1,0,0,0,1,0,0,0,0,0,0,319,13,0,0,642,88,14,1,31,6,3,0,0,0,3,5,12,4,0,1,33,3,256,1,37,0,4,0,125,12,134,1,64,1,35,1,80,1,227,15,858,40,363,64,645,32,316,8,0,0,18,1,103,5,29,2,139,2,0,0,94,0,6,0,0,0,3,1,2,0,2,0,1,0,2,4,6,1,9,3,1,1,0,2,0,0,0,4,1,0,0,0,24,3,88,10,20,3,18,5,6,0,18,8,10,4,2,1,2,0,5,2,22,27,6,0,7,2,0,0,1,0,402,342,0,0,0,1,2,0,40,2,0,0,0,0,4,0
21,1361,54,1832,20,305,3,411,19,185,0,18,6,213,238,0,0,1,56,666,1,3,0,1,0,4,0,2,0,6,0,1,6,134,0,0,260,3171,0,222,0,19,1,4,0,3,0,5,1,4,0,8,0,1,1,0,0,0,0,9,9,92,3,22,0,5,0,9,1,6,4,310,78,658,19,481,20,591,8,118,0,0,0,7,1,20,0,17,0,10,0,3,0,8,4,0,1,2,7,0,2,0,1,0,0,0,2,1,2,2,2,1,8,0,0,1,0,0,0,3,0,1,0,5,0,56,3,143,1,29,2,24,0,2,1,95,0,38,0,0,0,0,0,18,1,274,0,12,0,14,0,1,4,14,546,532,0,0,1,8,0,3,0,27,0,6,0,0,4,0
0,0,9,17,6,2,0,0,0,0,3,0,0,0,0,0,0,47,37,26,296,32,367,9,78,7,3,4,200,4,3,0,158,1,0,0,0,1,0,0,3,0,0,0,64,2,0,0,0,0,0,0,0,0,0,0,0,0,1,0,0,0,0,0,0,0,0,0,0,0,0,0,0,0,33,64,138,1,1,0,0,0,0,0,1,0,35,1,4,0,2,0,3,0,0,0,0,0,0,0,0,0,0,0,0,0,0,0,0,0,0,0,0,0,0,0,0,0,0,0,0,0,0,0,0,0,0,0,0,0,0,0,0,0,0,0,0,0,0,0,0,0,0,0,0,1,0,0,0,0,262,8,148,5,16,2,253,1,0,0,0,0,0,0,0,0,0,0,0,0
0,1,15,38,5,20,0,0,1,0,2,19,0,1,0,1,47,0,37,79,65,322,29,685,9,121,1,24,6,15,0,2,9,17,0,0,1,3,0,0,0,0,0,2,1,3,0,0,0,0,0,0,0,0,0,0,0,0,0,0,1,1,0,0,0,0,0,0,0,0,0,1,0,0,19,111,1,255,1,0,0,0,0,0,0,0,2,4,1,0,0,0,0,0,0,0,0,0,0,0,0,0,0,0,0,0,0,0,0,0,0,0,0,0,0,0,0,0,0,0,0,0,0,0,0,0,0,1,0,0,0,0,0,0,0,0,0,1,0,0,0,0,0,0,0,0,0,0,0,0,14,126,75,18,9,11,56,588,0,0,0,0,0,1,0,0,0,0,0,0
14,17,3213,282,1101,156,37,8,690,41,136,22,21,3,496,56,37,37,0,251,310,235,89,49,99,36,26,11,197,13,12,4,661,25,0,0,140,56,0,2,0,0,0,0,3,6,0,1,0,0,0,0,0,0,3,0,0,0,1,0,9,0,3,1,6,0,8,1,3,0,2,3,14,0,506,158,378,75,104,4,0,0,5,2,45,5,89,5,28,0,0,0,2,1,0,0,0,1,1,0,0,0,0,0,1,0,1,0,0,0,0,0,0,0,0,0,0,0,0,0,0,0,0,0,17,10,12,3,7,0,2,1,3,0,3,7,1,2,0,0,0,0,1,1,2,9,1,0,1,0,118,43,472,79,446,382,2,4,0,0,1,0,11,0,0,0,0,0,0,0
1,2,53,1399,39,156,0,12,8,118,3,80,0,1,1,666,26,79,251,0,12,676,13,257,8,61,0,5,10,79,0,9,34,83,0,0,8,874,0,12,0,4,0,3,1,31,0,0,0,0,0,2,0,0,0,0,0,0,0,5,0,4,0,0,0,0,0,1,0,0,1,1,0,1,47,318,11,206,2,14,0,0,0,0,1,1,7,28,0,0,0,5,1,4,0,0,0,0,0,0,0,0,0,0,0,0,0,0,0,0,0,0,0,0,0,0,0,0,0,1,0,1,0,0,0,8,1,3,0,0,0,1,0,1,0,19,0,2,0,0,0,0,0,0,0,10,0,0,0,0,54,90,142,570,274,665,2,29,0,0,0,0,0,2,0,0,0,0,0,0
0,0,96,10,30,3,0,0,7,2,75,0,0,0,1,1,296,65,310,12,0,35,1264,42,258,22,45,1,333,2,5,0,152,1,0,0,1,2,0,0,2,0,0,0,10,0,0,0,0,0,0,0,0,0,0,0,0,0,1,0,1,0,2,0,1,0,0,0,0,0,0,0,0,0,15,12,35,1,5,0,0,0,0,0,0,0,58,0,4,0,0,0,2,0,0,0,0,0,0,0,0,0,0,0,0,0,0,0,0,0,0,0,0,0,0,0,0,0,0,0,0,0,0,0,2,0,0,0,0,0,0,0,0,0,0,0,0,0,0,0,0,0,0,0,0,0,0,0,0,0,305,5,167,5,19,6,32,6,0,0,0,0,0,0,0,0,0,0,0,0
0,0,76,86,27,9,0,0,4,0,9,18,0,0,1,3,32,322,235,676,35,0,43,1417,11,212,3,28,14,102,1,1,36,62,0,0,1,20,0,0,0,0,0,1,1,11,0,0,0,0,0,0,0,0,0,0,0,0,0,0,0,0,0,0,0,0,0,0,0,0,0,0,0,0,102,145,21,30,0,1,0,0,0,0,0,0,16,16,0,0,0,1,0,0,0,0,0,0,0,0,0,0,0,0,0,0,0,0,0,0,0,0,1,0,0,0,0,0,0,0,0,0,0,0,1,0,0,2,0,0,0,0,0,0,0,0,0,0,0,0,0,0,0,0,0,0,0,0,0,0,68,214,92,118,10,39,9,91,0,0,0,0,0,0,0,0,0,0,0,0
0,0,20,7,12,1,0,0,2,0,26,0,0,0,0,0,367,29,89,13,1264,43,0,58,628,3,18,1,471,2,3,0,223,1,0,0,1,1,0,0,0,0,0,0,16,0,0,0,0,0,0,0,0,0,0,0,0,0,0,0,0,0,0,0,0,0,0,0,0,0,0,0,0,0,8,3,14,1,4,0,0,0,0,0,1,0,29,0,3,0,1,0,1,0,0,0,0,0,0,0,0,0,0,0,0,0,0,0,0,0,0,0,0,0,0,0,0,0,0,0,0,0,0,0,4,0,3,0,2,0,0,0,0,0,0,0,0,0,0,0,0,0,0,0,0,0,0,0,0,0,312,6,216,4,46,5,41,3,0,0,0,0,3,0,0,0,0,0,0,0
0,0,28,72,16,16,0,0,2,2,3,13,0,0,0,1,9,685,49,257,42,1417,58,0,5,418,3,51,4,67,0,2,9,38,0,0,0,7,0,0,0,2,0,1,1,8,0,0,0,0,0,0,0,0,0,0,0,0,0,0,0,1,0,0,0,0,0,0,0,0,0,0,0,0,51,73,3,72,0,4,0,0,0,0,0,0,0,9,1,0,0,0,0,0,0,0,0,0,0,0,0,0,0,0,0,0,0,0,0,0,0,0,0,0,0,0,0,0,0,0,0,0,0,0,0,6,0,2,0,1,0,1,0,0,0,4,0,0,0,0,0,0,0,0,0,7,0,0,0,0,16,107,44,52,13,22,12,262,0,1,0,0,0,0,0,1,0,0,0,0
0,0,186,3,145,0,1,0,6,0,105,0,2,0,0,0,78,9,99,8,258,11,628,5,0,2,174,1,423,1,9,0,121,0,0,0,2,0,0,0,0,0,0,0,1,0,0,0,0,0,0,0,0,0,0,0,0,0,1,0,1,0,1,0,0,0,0,0,0,0,0,0,0,0,27,4,86,0,33,2,0,0,1,0,1,0,14,0,0,0,0,0,1,0,0,0,0,0,0,0,0,0,0,0,0,0,0,0,0,1,2,0,0,0,0,0,0,0,0,0,0,0,0,0,17,0,3,0,0,1,2,0,1,0,1,0,0,0,0,0,1,0,0,0,1,0,0,0,0,0,57,1,83,1,15,3,14,1,0,0,0,0,10,0,0,0,1,0,0,0
0,7,6,168,2,107,0,1,2,4,2,196,0,3,1,4,7,121,36,61,22,212,3,418,2,0,0,605,3,324,0,11,5,144,0,0,0,4,0,0,0,1,0,2,0,21,0,0,0,0,0,0,0,0,0,0,0,0,0,2,0,1,0,1,0,0,0,1,0,0,0,0,0,0,33,101,3,305,0,16,0,0,0,0,0,2,2,17,0,0,0,3,0,5,0,0,0,0,0,0,0,0,0,0,0,0,0,0,0,0,0,0,0,0,0,0,0,0,0,0,0,0,0,0,0,13,0,3,0,1,0,1,0,0,0,20,0,3,0,0,0,0,0,0,0,15,0,0,0,0,4,14,20,4,5,6,12,129,0,0,0,0,0,0,0,1,0,0,0,0
0,0,218,0,487,0,0,0,9,0,317,0,0,0,0,0,3,1,26,0,45,3,18,3,174,0,0,0,108,0,51,0,58,0,0,0,0,1,0,0,0,0,0,0,1,0,0,0,0,0,0,0,0,0,0,0,0,0,0,0,0,0,0,0,0,0,0,0,0,0,0,0,1,0,4,0,24,0,6,0,0,0,0,0,2,0,6,0,0,0,0,0,0,0,0,0,0,0,0,0,0,0,0,0,0,0,0,0,0,0,0,0,0,0,0,0,0,0,0,0,0,0,0,0,1,0,0,0,0,0,0,0,0,0,0,0,0,0,0,0,0,0,0,0,0,0,0,0,0,0,1,0,3,0,4,0,2,0,0,0,0,0,0,0,0,0,0,0,0,0
0,4,3,320,4,582,0,1,1,14,0,527,0,1,0,2,4,24,11,5,1,28,1,51,1,605,0,0,0,380,0,97,3,156,0,0,0,1,0,0,0,0,0,2,0,24,0,0,0,0,0,0,0,0,0,0,0,0,0,0,0,1,0,1,0,0,0,0,0,0,0,0,0,1,8,39,0,94,0,3,0,0,0,0,0,1,0,33,0,0,0,1,0,2,0,0,0,0,0,0,0,0,0,0,0,0,0,0,0,0,0,0,0,0,0,0,0,0,0,0,0,0,0,0,0,0,0,2,0,0,0,2,0,0,0,2,0,1,0,0,0,0,0,1,0,1,0,0,0,0,0,0,7,1,1,4,1,12,0,0,0,0,0,1,0,0,0,0,0,0
0,0,251,11,186,4,1,0,67,0,1035,0,1,0,0,0,200,6,197,10,333,14,471,4,423,3,108,0,0,0,232,0,767,1,0,0,1,2,0,0,0,0,0,0,4,0,0,0,0,0,0,0,0,0,0,0,0,0,0,0,0,0,0,0,1,0,0,0,0,0,0,0,0,0,64,2,193,0,17,0,0,0,0,0,1,0,448,0,1,0,2,0,1,0,0,0,0,0,0,0,0,0,0,0,0,0,0,0,0,0,0,0,0,0,0,0,0,0,0,0,0,0,0,0,0,0,0,0,0,0,0,0,0,0,0,0,0,0,0,0,0,0,0,0,0,0,0,0,0,0,72,3,122,2,12,1,67,1,0,0,0,0,0,0,0,0,0,0,0,0
0,3,4,286,1,308,0,1,1,17,0,1273,0,2,0,6,4,15,13,79,2,102,2,67,1,324,0,380,0,0,0,179,2,814,0,0,0,6,0,1,0,3,0,4,0,40,0,0,0,0,0,0,0,0,0,0,0,0,0,3,0,2,0,0,0,0,0,0,0,0,0,0,0,0,2,31,1,194,1,6,0,0,0,0,0,0,0,292,0,3,0,6,0,4,0,2,0,0,0,0,0,0,0,0,0,0,0,0,0,0,0,0,0,0,0,0,0,0,0,0,0,0,0,0,0,5,0,2,0,0,0,0,0,0,0,2,0,0,0,0,0,0,0,0,0,2,0,0,0,0,2,3,10,5,7,10,0,17,0,0,0,0,0,0,0,1,0,0,0,0
1,0,28,1,71,0,0,0,46,0,679,0,1,0,0,0,3,0,12,0,5,1,3,0,9,0,51,0,232,0,0,0,80,0,0,0,0,0,0,0,0,0,0,0,1,0,0,0,0,0,0,0,0,0,0,0,0,0,1,0,1,0,0,0,0,0,0,0,0,0,0,0,0,0,2,0,26,0,0,0,0,0,0,0,1,0,67,0,0,0,0,0,0,0,0,0,0,0,0,0,0,0,0,0,0,0,0,0,0,0,0,0,0,0,0,0,0,0,0,0,0,0,0,0,0,0,0,0,0,0,0,0,0,0,0,0,0,0,0,0,0,0,0,0,0,0,0,0,0,0,0,0,3,0,0,0,2,0,0,0,0,0,0,0,0,0,0,0,0,0
0,0,0,61,2,107,0,1,0,33,0,977,0,3,0,1,0,2,4,9,0,1,0,2,0,11,0,97,0,179,0,0,1,152,0,0,0,2,0,0,0,2,0,0,0,24,0,0,0,0,0,0,0,0,0,0,0,0,0,0,0,1,0,0,0,0,0,0,0,0,0,0,0,0,1,13,1,66,0,0,0,0,0,0,0,0,0,22,0,1,0,2,0,2,0,0,0,0,0,0,0,0,0,0,0,0,0,0,0,0,0,0,0,0,0,0,0,0,0,0,0,0,0,0,0,0,0,0,0,0,0,0,0,0,0,1,0,0,0,0,0,0,0,0,0,0,0,0,0,0,0,0,2,1,3,6,0,2,0,0,0,0,0,0,0,0,0,0,0,0
235,15,495,32,910,24,673,1,2553,7,664,3,476,1,319,6,158,9,661,34,152,36,223,9,121,5,58,3,767,2,80,1,0,4,0,0,98,4,10,3,149,0,15,0,63,2,2,3,18,5,28,1,10,0,129,0,41,0,82,0,425,1,63,1,86,1,44,0,19,0,32,17,89,2,589,35,1154,6,124,1,0,0,51,0,561,1,618,0,127,0,2,0,54,1,17,0,0,0,3,1,0,0,1,0,0,0,1,2,1,0,3,0,0,0,0,0,0,0,0,0,3,0,3,0,17,0,26,0,17,1,2,0,1,0,19,4,6,0,5,0,3,0,10,0,35,2,2,0,7,0,49,4,98,8,92,48,55,1,0,0,0,1,14,0,0,0,0,0,1,0
2,299,8,671,3,849,0,738,2,1176,1,910,0,496,13,134,1,17,25,83,1,62,1,38,0,144,0,156,1,814,0,152,4,0,0,0,21,53,0,26,3,523,1,77,0,96,3,74,1,34,1,69,1,54,2,100,0,29,1,421,1,87,3,79,0,65,4,36,1,27,19,115,3,5,3,111,3,1447,4,98,0,0,0,53,2,197,0,493,1,171,0,40,2,430,1,15,1,0,2,5,0,4,0,10,1,0,2,1,1,0,3,1,4,4,0,1,0,0,0,1,0,3,0,3,0,10,0,18,1,20,0,7,0,0,0,12,0,6,0,22,0,5,0,3,1,49,0,2,1,6,0,4,4,5,34,25,0,16,0,2,0,10,1,4,1,3,0,1,4,0
0,0,0,0,0,0,0,0,0,0,0,0,0,0,0,0,0,0,0,0,0,0,0,0,0,0,0,0,0,0,0,0,0,0,0,0,0,0,0,0,0,0,0,0,0,0,0,0,0,0,0,0,0,0,0,0,0,0,0,0,0,0,0,0,0,0,0,0,0,0,0,0,0,0,0,0,0,0,0,0,0,0,0,0,0,0,0,0,0,0,0,0,0,0,0,0,0,0,0,0,0,0,0,0,0,0,0,0,0,0,0,0,0,0,0,0,0,0,0,0,0,0,0,0,0,0,0,0,0,0,0,0,0,0,0,0,0,0,0,0,0,0,0,0,0,0,0,0,0,0,0,0,0,0,0,0,0,0,0,0,0,0,0,0,0,0,0,0,0,0
0,0,0,0,0,0,0,0,0,0,0,0,0,0,0,0,0,0,0,0,0,0,0,0,0,0,0,0,0,0,0,0,0,0,0,0,0,0,0,0,0,0,0,0,0,0,0,0,0,0,0,0,0,0,0,0,0,0,0,0,0,0,0,0,0,0,0,0,0,0,0,0,0,0,0,0,0,0,0,0,0,0,0,0,0,0,0,0,0,0,0,0,0,0,0,0,0,0,0,0,0,0,0,0,0,0,0,0,0,0,0,0,0,0,0,0,0,0,0,0,0,0,0,0,0,0,0,0,0,0,0,0,0,0,0,0,0,0,0,0,0,0,0,0,0,0,0,0,0,0,0,0,0,0,0,0,0,0,0,0,0,0,0,0,0,0,0,0,0,0
180,290,96,91,116,89,28,31,118,8,5,0,12,25,642,260,0,1,140,8,1,1,1,0,2,0,0,0,1,0,0,0,98,21,0,0,0,265,1823,9,60,15,6,0,0,1,112,18,118,28,4,0,38,5,84,1,16,0,2,2,126,110,113,74,39,32,42,8,32,3,2523,148,357,242,275,69,207,46,123,22,0,0,27,2,79,26,4,0,63,6,0,1,32,2,5,0,1,0,4,0,1,0,1,0,1,0,3,1,4,4,8,2,4,0,1,0,1,0,0,3,0,0,6,1,9,5,31,16,56,23,11,6,1,1,15,4,2,2,1,0,2,0,5,1,31,28,6,5,17,10,0,0,17,1,848,221,0,0,1,2,1,2,23,1,0,0,0,1,0,0
17,381,26,715,11,142,3,61,8,80,0,16,0,22,88,3171,1,3,56,874,2,20,1,7,0,4,1,1,2,6,0,2,4,53,0,0,265,0,10,759,6,30,0,1,0,3,3,49,2,21,0,91,0,2,3,1,1,1,0,2,8,217,3,170,5,24,1,28,1,8,44,2169,108,1070,22,208,20,152,10,33,0,0,0,3,3,40,2,10,2,10,0,1,1,3,2,0,0,0,0,2,0,0,0,0,1,0,2,1,2,1,1,0,7,1,0,1,0,0,0,2,0,1,0,0,0,11,4,23,4,54,0,7,0,0,3,18,1,12,0,2,0,0,0,4,1,57,0,8,0,13,1,9,12,188,141,1364,0,1,0,0,0,6,3,6,0,1,1,0,1,0
11,3,5,2,11,0,2,0,4,0,0,0,1,0,14,0,0,0,0,0,0,0,0,0,0,0,0,0,0,0,0,0,10,0,0,0,1823,10,0,37,87,1,22,0,0,0,1234,40,300,26,178,5,177,12,289,0,119,0,35,0,7,2,47,2,14,3,25,1,56,2,2100,41,7,0,3,0,19,1,6,1,0,0,11,0,56,0,1,0,127,1,0,0,30,0,13,0,0,0,0,0,2,1,4,1,1,0,3,1,0,0,3,0,0,0,0,1,0,0,0,0,0,0,0,0,0,0,1,0,14,3,0,0,0,0,2,0,0,0,0,0,2,0,1,0,20,1,1,0,4,0,0,0,0,0,3,0,0,0,0,0,0,0,0,0,0,0,0,0,0,0
2,16,1,119,1,21,0,17,0,13,0,1,0,3,1,222,0,0,2,12,0,0,0,0,0,0,0,0,0,1,0,0,3,26,0,0,9,759,37,0,55,23,1,4,0,1,172,682,21,263,16,97,18,74,56,21,16,2,7,4,1,10,4,13,1,6,1,3,7,3,277,2062,1,6,1,23,2,20,0,8,0,0,1,1,14,12,0,3,11,8,0,0,5,4,2,0,0,0,0,2,1,0,0,2,0,0,1,2,0,0,2,0,0,0,0,1,0,0,0,2,0,0,0,0,0,7,0,4,0,4,0,1,0,0,0,5,0,1,0,0,0,0,0,1,7,26,0,1,0,1,0,0,0,2,19,25,0,0,0,0,0,1,0,3,0,0,1,0,0,0
65,2,8,1,17,0,5,0,10,0,1,0,10,1,31,0,3,0,0,0,2,0,0,0,0,0,0,0,0,0,0,0,149,3,0,0,60,6,87,55,0,13,809,13,223,0,25,146,23,32,265,56,28,14,116,1,61,0,407,5,221,4,109,5,59,2,11,0,10,0,275,150,98,0,219,1,1038,1,476,2,0,0,11,0,492,2,669,0,417,0,362,0,512,0,71,0,4,0,27,2,15,3,28,1,17,2,42,9,12,4,31,5,0,5,3,2,1,0,0,6,31,0,19,0,23,0,83,0,87,0,5,0,8,0,21,1,2,0,246,0,59,0,113,0,564,31,10,0,15,0,0,0,0,0,3,1,8,0,1,0,2,0,444,0,2,2,1,1,4,0
1,50,0,59,2,63,0,9,0,17,0,7,0,21,6,19,0,0,0,4,0,0,0,2,0,1,0,0,0,3,0,2,0,523,0,0,15,30,1,23,13,0,8,493,0,474,7,98,1,31,4,203,2,24,5,17,1,24,0,528,0,156,2,100,2,62,2,10,1,7,23,494,8,27,11,49,7,943,8,1121,0,0,1,2,1,147,0,520,1,145,0,287,0,424,24,14,13,2,24,47,9,11,8,16,16,0,65,28,26,13,41,9,25,15,5,3,0,0,0,48,0,6,0,15,1,78,5,44,3,98,1,7,1,4,7,15,1,2,0,240,0,45,0,76,3,641,1,15,3,37,0,0,0,1,6,5,1,2,3,12,0,72,3,289,2,46,1,17,11,4
7,1,1,3,3,1,1,1,1,0,1,0,1,2,3,1,0,0,0,0,0,0,0,0,0,0,0,0,0,0,0,0,15,1,0,0,6,0,22,1,809,8,0,0,210,0,41,4,12,4,698,0,14,2,45,1,20,0,975,0,13,6,27,5,10,2,4,0,3,0,135,11,6,1,14,0,69,7,20,4,0,0,2,0,52,0,35,0,39,0,44,0,51,0,53,1,13,1,40,3,42,2,37,5,26,0,55,37,12,10,19,15,0,1,1,2,1,0,1,13,4,0,2,0,1,0,2,0,23,0,0,0,0,0,0,0,0,0,2,0,9,0,5,1,32,0,0,0,4,0,0,0,0,0,0,0,0,0,1,2,0,1,0,0,0,1,0,1,1,0
0,2,0,9,0,5,0,0,0,3,0,5,0,2,0,4,0,2,0,3,0,1,0,1,0,2,0,2,0,4,0,0,0,77,0,0,0,1,0,4,13,493,0,0,0,234,5,27,0,2,2,509,0,0,3,2,0,4,0,1263,0,3,0,0,0,0,0,1,0,0,12,121,0,0,0,3,0,73,0,37,0,0,0,0,0,22,0,43,0,27,0,403,0,57,3,15,2,6,2,81,3,33,1,17,8,7,10,98,6,17,18,8,3,6,2,2,1,1,1,14,0,0,0,2,0,2,0,1,1,9,0,2,0,1,0,0,0,0,0,21,0,6,0,6,2,28,1,1,0,3,0,0,0,0,1,0,0,5,0,0,0,5,1,38,1,4,0,7,5,0
0,0,3,0,4,0,0,0,1,0,4,0,0,0,0,0,64,1,3,1,10,1,16,1,1,0,1,0,4,0,1,0,63,0,0,0,0,0,0,0,223,0,210,0,0,0,0,0,0,0,0,0,0,0,0,0,0,0,14,0,0,0,0,0,0,0,0,0,0,0,0,0,0,0,13,0,90,0,27,0,0,0,0,0,1,0,267,0,41,0,40,0,50,0,0,0,0,0,0,0,0,0,0,0,0,0,0,0,0,0,0,0,0,0,0,0,0,0,0,0,1,0,0,0,1,0,0,0,0,0,0,0,1,0,1,0,0,0,3,0,0,0,0,0,2,0,0,0,0,0,8,0,5,0,2,0,18,1,0,0,0,0,6,0,0,0,0,0,0,0
0,1,1,134,1,102,0,0,1,28,1,40,0,0,0,3,2,3,6,31,0,11,0,8,0,21,0,24,0,40,0,24,2,96,0,0,1,3,0,1,0,474,0,234,0,0,0,0,0,0,0,1,0,0,0,0,0,0,0,27,0,2,0,0,0,0,0,0,0,0,0,2,0,0,1,57,2,589,3,390,0,0,0,1,0,0,0,173,0,2,0,38,0,14,0,0,0,0,4,2,0,0,0,0,0,0,2,0,0,1,0,0,3,0,0,0,0,0,0,0,0,6,0,0,0,99,0,4,0,2,0,0,0,1,0,5,0,0,0,10,0,0,0,0,0,8,0,0,1,0,0,1,2,5,4,8,11,61,0,2,0,0,0,26,0,16,0,0,1,0
5,5,0,1,0,0,0,0,0,0,0,0,0,1,3,0,0,0,0,0,0,0,0,0,0,0,0,0,0,0,0,0,2,3,0,0,112,3,1234,172,25,7,41,5,0,0,0,1703,3263,669,3554,868,2174,275,1969,31,556,30,80,3,1,2,7,1,5,0,2,1,2,3,1450,119,2,0,0,0,5,3,0,0,0,0,4,0,25,41,0,3,34,24,0,0,28,11,85,5,0,0,0,0,6,0,53,13,0,0,3,0,0,0,1,0,0,0,3,1,0,0,0,0,1,0,0,0,0,0,2,0,2,1,1,0,0,0,0,0,0,0,0,0,1,0,2,0,4,1,0,0,0,0,0,0,0,0,0,0,0,0,0,0,0,0,0,0,0,0,0,0,0,0
7,69,0,16,5,3,0,1,0,3,0,0,0,10,5,5,0,0,1,0,0,0,0,0,0,0,0,0,0,0,0,0,3,74,0,0,18,49,40,682,146,98,4,27,0,0,1703,0,531,4188,92,2733,53,2049,159,1097,88,564,25,119,1,41,18,85,4,32,10,50,6,39,267,1719,4,2,2,1,18,65,5,5,0,0,7,2,34,199,0,10,56,226,0,1,32,76,12,18,0,0,2,2,1,5,2,34,1,0,2,3,2,0,6,1,0,0,41,38,0,0,0,0,1,0,1,0,0,0,1,0,10,6,0,1,0,0,1,0,0,1,0,3,0,1,1,1,14,49,0,0,2,0,0,0,0,0,2,0,0,0,0,0,0,5,1,1,0,0,0,2,0,0
12,3,2,4,2,1,1,0,4,0,0,0,0,0,12,1,0,0,0,0,0,0,0,0,0,0,0,0,0,0,0,0,18,1,0,0,118,2,300,21,23,1,12,0,0,0,3263,531,0,470,457,52,3345,65,1154,9,169,1,38,0,3,0,96,5,18,1,23,0,40,1,1389,92,11,0,3,0,27,0,10,0,0,0,15,0,58,3,1,0,104,1,0,0,42,1,16,0,0,0,2,1,2,0,5,1,2,0,0,0,0,0,3,1,0,0,5,1,0,0,0,1,0,0,0,0,0,0,4,0,7,1,0,0,0,0,1,0,0,0,0,0,1,0,2,0,10,0,0,0,1,0,0,0,0,0,0,0,0,0,0,0,0,0,0,0,0,0,0,0,0,0
7,60,0,8,1,6,3,7,0,3,0,0,0,5,4,4,0,0,0,0,0,0,0,0,0,0,0,0,0,0,0,0,5,34,0,0,28,21,26,263,32,31,4,2,0,0,669,4188,470,0,21,602,29,3428,29,327,15,63,5,47,1,40,18,417,5,50,11,44,13,53,99,1857,5,0,1,1,10,35,4,13,0,0,4,1,33,72,0,6,34,30,0,0,6,19,4,5,0,0,1,1,0,1,0,9,2,0,4,0,1,0,0,0,1,0,21,15,0,0,0,0,2,0,1,0,0,1,3,0,6,11,0,2,0,0,0,0,0,1,0,0,0,0,1,0,6,5,0,0,3,0,0,0,0,0,0,0,0,0,0,0,0,1,1,1,0,0,0,0,0,0
2,0,0,0,7,0,1,0,0,0,0,0,0,0,0,0,0,0,0,0,0,0,0,0,0,0,0,0,0,0,0,0,28,1,0,0,4,0,178,16,265,4,698,2,0,0,3554,92,457,21,0,59,278,2,683,0,1544,0,1305,2,1,0,3,0,3,0,0,2,1,0,646,18,0,0,7,0,74,0,5,2,0,0,1,0,104,1,2,0,147,0,0,0,80,1,565,1,1,0,25,1,99,0,357,2,2,0,6,0,0,2,4,0,1,56,2,1,0,0,0,1,1,0,1,0,1,0,0,0,10,0,0,0,1,0,1,1,0,0,10,1,2,0,16,0,29,3,1,0,3,0,0,0,0,0,0,0,0,0,0,0,0,1,2,0,0,0,0,0,0,0
1,19,0,3,0,3,0,1,0,0,0,0,0,0,1,8,0,0,0,2,0,0,0,0,0,0,0,0,0,0,0,0,1,69,0,0,0,91,5,97,56,203,0,509,0,1,868,2733,52,602,59,0,4,439,15,463,10,1355,2,1540,0,15,3,6,1,2,0,16,0,7,81,807,0,2,0,5,1,46,0,6,0,0,0,2,1,410,0,38,0,341,0,2,4,278,2,311,0,1,3,96,1,250,0,475,0,0,4,6,7,9,5,3,33,141,230,84,3,1,0,14,0,0,0,0,0,1,0,1,1,6,0,2,1,0,0,2,1,0,0,18,0,5,0,6,5,40,0,0,0,3,0,0,0,0,0,1,0,0,0,0,0,0,0,2,1,0,0,6,7,2
35,1,3,0,14,0,0,0,3,0,0,0,1,0,33,0,0,0,0,0,0,0,0,0,0,0,0,0,0,0,0,0,10,1,0,0,38,0,177,18,28,2,14,0,0,0,2174,53,3345,29,278,4,0,3,3870,2,303,0,72,0,16,1,653,6,52,0,20,1,74,0,519,47,15,0,3,0,31,1,8,2,0,0,21,0,76,1,0,0,145,0,0,0,58,0,36,0,0,0,3,0,1,0,10,0,0,0,2,0,1,1,0,1,0,0,0,0,0,0,0,0,1,0,6,0,0,0,0,0,7,0,1,0,0,0,0,0,0,0,0,0,2,0,7,0,24,1,0,0,1,0,0,0,0,0,0,1,0,0,0,0,0,0,1,0,0,0,0,0,1,0
0,59,0,2,2,3,0,2,0,1,0,0,0,9,3,1,0,0,0,0,0,0,0,0,0,0,0,0,0,0,0,0,0,54,0,0,5,2,12,74,14,24,2,0,0,0,275,2049,65,3428,2,439,3,0,7,3049,5,431,5,258,0,60,6,718,4,136,5,149,3,737,26,490,1,0,0,0,6,50,1,12,0,0,6,7,7,158,0,14,7,120,0,0,2,92,0,22,0,0,0,0,1,0,1,19,0,0,2,1,0,0,0,0,1,0,4,2,0,0,0,0,0,0,0,0,0,0,1,1,3,9,0,0,0,0,0,0,0,0,0,0,1,0,0,0,3,6,0,0,0,2,0,0,0,0,1,0,0,0,0,0,0,6,0,1,0,2,0,0,0,1
150,3,45,0,49,0,10,0,6,0,0,0,5,1,256,1,0,0,3,0,0,0,0,0,0,0,0,0,0,0,0,0,129,2,0,0,84,3,289,56,116,5,45,3,0,0,1969,159,1154,29,683,15,3870,7,0,2,3268,0,635,1,57,2,1015,4,468,0,75,0,729,1,340,86,114,0,12,0,256,2,55,1,0,0,130,0,573,0,2,0,2555,0,0,0,573,1,217,1,0,0,4,2,2,0,40,0,1,0,11,0,6,3,9,1,0,0,0,0,0,1,0,1,3,0,1,0,2,0,8,0,26,1,2,0,0,0,3,0,2,0,3,0,6,0,16,0,51,1,2,0,9,0,0,0,0,0,8,4,0,0,0,0,0,0,3,1,0,0,0,0,0,0
0,55,0,2,0,4,0,7,0,0,0,1,0,9,1,0,0,0,0,0,0,0,0,0,0,0,0,0,0,0,0,0,0,100,0,0,1,1,0,21,1,17,1,2,0,0,31,1097,9,327,0,463,2,3049,2,0,0,2902,0,615,0,85,1,177,0,138,1,378,0,1338,11,122,0,1,0,0,1,55,3,4,0,0,1,7,1,442,0,22,1,2766,0,4,0,656,0,64,0,0,0,0,1,0,0,76,0,0,0,2,0,0,0,0,0,0,0,0,0,0,0,1,0,0,1,0,0,0,0,1,0,4,0,0,0,0,0,0,0,0,0,0,0,0,0,0,0,3,0,0,0,2,0,0,0,0,0,0,0,0,0,0,0,1,0,0,0,0,0,0,2,0
24,1,5,1,15,0,2,0,3,0,0,0,0,0,37,0,0,0,0,0,0,0,0,0,0,0,0,0,0,0,0,0,41,0,0,0,16,1,119,16,61,1,20,0,0,0,556,88,169,15,1544,10,303,5,3268,0,0,0,920,1,6,0,15,0,16,0,6,1,5,0,51,31,10,0,1,1,73,0,7,0,0,0,7,0,162,0,12,0,468,0,0,0,781,0,626,0,0,0,2,0,1,0,52,0,2,0,4,3,2,0,0,1,0,0,0,2,0,0,0,0,1,0,2,0,2,0,1,0,3,0,0,0,0,0,0,0,0,0,4,0,4,0,2,0,12,1,2,0,0,0,0,0,0,0,1,0,0,0,0,0,0,0,0,0,0,0,1,0,0,0
0,8,0,0,0,0,0,0,0,1,0,0,0,0,0,0,0,0,0,0,0,0,0,0,0,0,0,0,0,0,0,0,0,29,0,0,0,1,0,2,0,24,0,4,0,0,30,564,1,63,0,1355,0,431,0,2902,0,0,0,975,0,6,0,6,0,4,0,22,0,19,1,13,0,0,0,0,0,11,0,0,0,0,0,1,0,124,0,8,0,562,0,0,0,1053,0,193,0,0,0,0,0,0,0,132,0,0,0,0,0,0,0,0,0,0,2,0,0,0,0,0,0,0,0,0,0,0,0,0,0,0,0,0,0,0,0,0,0,0,0,0,0,0,0,0,0,1,0,0,0,2,0,0,0,0,0,0,0,0,0,0,0,1,0,0,0,0,0,0,0,0
9,0,2,0,6,0,0,0,1,0,0,0,0,0,4,0,1,0,1,0,1,0,0,0,1,0,0,0,0,0,1,0,82,1,0,0,2,0,35,7,407,0,975,0,14,0,80,25,38,5,1305,2,72,5,635,0,920,0,0,0,4,0,4,0,0,0,1,0,2,0,50,16,1,0,5,0,343,0,21,0,0,0,3,0,329,0,200,0,573,0,407,0,1719,0,503,0,1,0,0,0,0,0,574,0,1,0,2,0,0,2,2,0,0,0,1,0,0,0,0,0,0,0,3,0,1,0,1,0,1,0,1,0,1,0,3,0,0,0,9,0,6,0,5,0,23,0,0,0,1,0,0,0,0,0,0,0,0,0,0,0,0,0,0,0,0,0,0,0,0,0
0,19,0,44,0,18,0,5,0,22,0,9,0,1,0,9,0,0,0,5,0,0,0,0,0,2,0,0,0,3,0,0,0,421,0,0,2,2,0,4,5,528,0,1263,0,27,3,119,0,47,2,1540,0,258,1,615,1,975,0,0,0,15,1,7,0,5,0,29,0,19,6,49,0,1,0,6,0,204,0,14,0,0,0,0,0,336,0,387,1,556,0,660,0,2285,0,645,0,0,1,4,2,220,1,862,1,0,1,0,4,0,2,2,1,0,8,0,0,0,0,0,0,0,0,1,0,1,0,2,0,6,0,1,0,0,0,0,0,0,0,16,0,0,0,3,0,32,0,0,0,4,0,0,0,0,4,4,1,1,0,1,0,6,0,1,0,0,0,1,0,0
4162,23,68,1,166,0,272,0,45,0,1,0,587,0,125,9,0,1,9,0,1,0,0,0,1,0,0,0,0,0,1,0,425,1,0,0,126,8,7,1,221,0,13,0,0,0,1,1,3,1,1,0,16,0,57,0,6,0,4,0,0,11,1224,2,1802,1,1195,0,89,0,163,14,1109,15,253,1,970,4,530,1,0,0,186,0,588,0,4,0,250,1,0,0,34,0,6,0,3,0,4,2,1,1,2,1,2,0,10,4,2,4,29,0,3,0,1,1,0,0,0,1,1,0,4,0,21,0,100,1,289,2,44,0,2,0,30,1,5,0,0,0,1,0,9,0,41,1,44,0,13,0,0,0,0,1,4,2,0,0,1,0,2,0,62,0,0,2,0,0,1,1
4,4029,1,122,1,226,1,123,1,93,0,2,1,946,12,92,0,1,0,4,0,0,0,1,0,1,0,1,0,2,0,1,1,87,0,0,110,217,2,10,4,156,6,3,0,2,2,41,0,40,0,15,1,60,2,85,0,6,0,15,11,0,5,1726,0,1469,0,1341,0,118,11,434,78,930,6,125,5,909,9,736,0,0,0,56,0,302,0,14,2,291,0,0,1,110,20,5,2,4,21,16,3,0,3,9,5,1,23,39,11,11,9,1,33,5,4,1,0,0,0,10,0,0,0,3,1,16,3,223,2,370,0,124,0,9,7,78,0,42,0,8,0,2,0,29,1,188,0,60,2,60,0,0,1,0,6,3,0,0,4,13,0,13,5,43,3,15,0,1,11,5
523,6,35,2,44,0,26,0,14,0,0,0,20,1,134,3,0,0,3,0,2,0,0,0,1,0,0,0,0,0,0,0,63,3,0,0,113,3,47,4,109,2,27,0,0,0,7,18,96,18,3,3,653,6,1015,1,15,0,4,1,1224,5,0,11,1254,1,141,0,515,1,1296,65,402,0,48,2,252,2,105,2,0,0,52,1,125,7,0,0,114,1,0,0,16,0,10,0,3,0,11,0,1,1,6,0,4,0,19,2,4,2,20,0,1,0,1,1,0,0,0,5,2,0,7,0,5,0,26,0,167,3,18,1,2,0,7,1,2,0,1,0,2,0,16,1,49,2,13,0,17,0,0,0,0,0,4,1,0,0,0,1,1,1,29,0,2,0,1,0,1,0
2,461,0,71,2,37,0,37,0,21,0,0,0,47,1,22,0,0,1,0,0,0,0,0,0,1,0,1,0,0,0,0,1,79,0,0,74,170,2,13,5,100,5,0,0,0,1,85,5,417,0,6,6,718,4,177,0,6,0,7,2,1726,11,0,1,625,1,163,1,957,58,2193,26,73,6,67,10,200,3,118,0,0,2,23,4,117,0,0,2,46,0,0,1,10,3,0,1,0,16,17,2,1,1,2,6,0,7,19,4,4,8,3,13,6,1,2,0,0,0,4,0,0,0,0,0,7,2,52,6,212,0,27,0,2,0,13,0,6,0,0,0,1,0,4,3,71,0,29,1,33,0,0,0,0,4,1,0,0,1,1,0,21,1,11,1,9,1,2,4,2
691,3,43,0,104,0,24,0,24,0,0,0,23,0,64,0,0,0,6,0,1,0,0,0,0,0,0,0,1,0,0,0,86,0,0,0,39,5,14,1,59,2,10,0,0,0,5,4,18,5,3,1,52,4,468,0,16,0,0,0,1802,0,1254,1,0,3,1494,1,1637,0,80,16,96,0,55,0,272,3,79,0,0,0,22,1,235,3,1,0,496,0,0,0,36,0,3,2,0,0,9,0,2,0,1,0,3,0,8,1,3,1,13,1,2,0,0,0,0,1,0,3,2,0,0,0,3,0,20,0,121,1,7,0,1,0,7,0,2,0,0,0,0,0,9,0,24,0,10,0,12,0,0,0,0,0,2,1,0,0,0,0,0,1,8,0,1,1,0,0,0,0
0,174,0,12,0,38,0,28,0,15,0,0,0,63,1,5,0,0,0,0,0,0,0,0,0,0,0,0,0,0,0,0,1,65,0,0,32,24,3,6,2,62,2,0,0,0,0,32,1,50,0,2,0,136,0,138,0,4,0,5,1,1469,1,625,3,0,1,735,1,1696,11,67,13,3,0,16,2,135,0,68,0,0,0,16,2,75,0,3,0,49,0,0,0,25,3,2,0,0,6,3,1,0,2,0,1,0,8,6,2,2,2,0,2,3,0,1,0,0,0,1,0,0,0,0,0,2,1,18,6,112,0,17,0,2,1,2,0,0,0,2,1,0,0,1,0,25,0,10,1,12,0,0,0,0,2,1,0,0,1,1,0,5,0,8,0,3,0,3,6,0
299,0,37,2,144,0,61,0,27,0,1,0,104,0,35,0,0,0,8,0,0,0,0,0,0,0,0,0,0,0,0,0,44,4,0,0,42,1,25,1,11,2,4,0,0,0,2,10,23,11,0,0,20,5,75,1,6,0,1,0,1195,0,141,1,1494,1,0,0,499,0,79,22,26,1,19,0,76,2,13,0,0,0,44,0,1108,1,0,0,399,1,0,0,1,0,1,0,0,0,3,0,1,0,0,0,3,0,2,0,2,0,4,0,0,0,0,0,0,0,0,0,0,0,1,0,4,0,6,0,23,0,1,0,1,0,2,0,1,0,0,0,0,0,1,0,4,0,2,0,4,0,0,0,0,0,3,0,0,0,0,0,0,0,3,0,0,0,0,0,0,0
0,335,1,30,0,237,0,137,0,18,0,0,0,483,1,9,0,0,1,1,0,0,0,0,0,1,0,0,0,0,0,0,0,36,0,0,8,28,1,3,0,10,0,1,0,0,1,50,0,44,2,16,1,149,0,378,1,22,0,29,0,1341,0,163,1,735,0,0,0,1362,3,59,5,10,0,8,0,61,1,34,0,0,1,39,0,1069,0,11,1,616,0,1,0,195,1,4,1,0,1,0,0,0,0,5,0,0,1,0,1,1,0,0,1,1,0,1,0,0,0,1,0,0,0,0,0,0,0,2,1,12,0,6,0,0,0,0,0,0,0,0,0,0,0,0,0,4,0,1,0,3,0,0,0,0,4,1,0,0,0,1,0,2,1,2,0,1,0,0,2,0
194,1,31,0,81,0,6,0,12,0,0,0,7,0,80,1,0,0,3,0,0,0,0,0,0,0,0,0,0,0,0,0,19,1,0,0,32,1,56,7,10,1,3,0,0,0,2,6,40,13,1,0,74,3,729,0,5,0,2,0,89,0,515,1,1637,1,499,0,0,0,87,24,48,1,9,0,42,1,20,0,0,0,23,0,124,1,0,0,1247,0,0,0,23,1,1,0,0,0,1,0,0,0,0,0,0,0,1,0,2,0,1,0,0,0,0,0,0,0,0,1,0,0,1,0,0,0,4,0,13,0,0,0,0,0,1,0,0,0,0,0,1,0,1,0,3,0,0,0,6,0,0,0,0,0,2,0,0,0,0,0,0,0,1,0,0,0,0,0,0,0
1,90,0,3,1,17,0,5,0,1,0,0,1,18,1,6,0,0,0,0,0,0,0,0,0,0,0,0,0,0,0,0,0,27,0,0,3,8,2,3,0,7,0,0,0,0,3,39,1,53,0,7,0,737,1,1338,0,19,0,19,0,118,1,957,0,1696,0,1362,0,0,3,128,0,1,0,2,0,23,0,6,0,0,0,7,3,318,0,1,1,1231,0,0,0,131,0,3,0,0,0,0,0,0,0,1,0,0,1,0,1,0,0,0,0,0,0,0,0,0,0,1,0,0,0,0,0,0,0,2,0,16,0,1,0,0,1,0,1,0,0,0,0,0,0,1,0,3,1,0,0,1,0,0,0,0,1,0,0,0,0,0,0,0,0,0,0,0,0,0,0,0
196,38,21,19,33,4,10,3,8,0,0,0,11,1,227,4,0,0,2,1,0,0,0,0,0,0,0,0,0,0,0,0,32,19,0,0,2523,44,2100,277,275,23,135,12,0,0,1450,267,1389,99,646,81,519,26,340,11,51,1,50,6,163,11,1296,58,80,11,79,3,87,3,0,730,478,9,88,3,152,16,116,3,0,0,37,3,117,19,3,0,104,8,0,0,23,0,15,0,3,0,10,0,3,0,15,0,4,0,13,5,6,5,26,0,3,0,1,1,0,0,0,6,0,0,2,0,9,1,34,2,158,13,28,0,1,1,7,4,1,2,2,0,1,0,13,0,47,17,10,3,18,6,0,0,0,0,5,3,0,0,1,0,0,3,18,0,1,2,2,0,4,0
11,591,2,402,13,39,4,33,2,12,0,0,2,42,15,310,0,1,3,1,0,0,0,0,0,0,0,0,0,0,0,0,17,115,0,0,148,2169,41,2062,150,494,11,121,0,2,119,1719,92,1857,18,807,47,490,86,122,31,13,16,49,14,434,65,2193,16,67,22,59,24,128,730,0,28,536,12,48,32,178,11,62,0,0,17,25,55,221,2,3,57,56,0,0,24,7,13,3,1,0,6,9,2,3,1,4,4,0,13,7,10,5,11,0,15,1,20,1,1,1,0,4,1,0,1,0,1,2,6,33,11,154,2,19,0,1,3,13,0,3,0,0,1,1,6,6,27,189,3,14,7,26,0,0,1,0,19,8,0,0,0,2,0,20,0,8,0,6,1,0,4,1
1681,89,338,16,105,5,67,1,22,1,1,0,79,1,858,78,0,0,14,0,0,0,0,0,0,0,1,0,0,0,0,0,89,3,0,0,357,108,7,1,98,8,6,0,0,0,2,4,11,5,0,0,15,1,114,0,10,0,1,0,1109,78,402,26,96,13,26,5,48,0,478,28,0,133,187,9,485,9,311,7,0,0,6,1,44,4,3,1,40,2,0,0,7,0,3,1,2,0,5,1,1,0,1,0,1,0,5,3,0,1,26,2,0,0,0,0,0,0,0,3,0,0,1,0,12,0,116,5,118,8,44,1,2,0,40,1,8,2,0,1,1,1,11,0,33,5,21,2,13,2,0,0,0,0,12,5,0,0,1,0,1,0,43,1,0,1,1,0,1,0
16,877,2,97,0,23,2,8,1,5,0,1,4,25,40,658,0,0,0,1,0,0,0,0,0,0,0,1,0,0,0,0,2,5,0,0,242,1070,0,6,0,27,1,0,0,0,0,2,0,0,0,2,0,0,0,1,0,0,0,1,15,930,0,73,0,3,1,10,1,1,9,536,133,0,4,88,7,87,6,114,0,0,0,2,1,2,0,0,1,3,0,0,0,0,1,1,1,0,3,5,1,0,1,0,1,0,5,4,1,4,4,1,3,3,1,0,0,0,0,0,0,0,0,0,2,9,5,79,2,103,1,35,0,5,0,33,0,14,0,3,0,1,0,6,1,91,0,17,0,22,0,0,0,0,13,2,0,0,1,1,0,4,1,6,0,2,1,1,2,0
268,20,430,32,1150,25,89,9,634,4,24,2,46,1,363,19,33,19,506,47,15,102,8,51,27,33,4,8,64,2,2,1,589,3,0,0,275,22,3,1,219,11,14,0,13,1,0,2,3,1,7,0,3,0,12,0,1,0,5,0,253,6,48,6,55,0,19,0,9,0,88,12,187,4,0,100,2604,19,1091,5,0,0,6,1,49,0,114,2,40,2,1,0,10,0,8,2,6,0,34,5,16,0,2,2,5,0,29,18,15,10,60,12,8,6,1,3,0,0,0,9,18,0,39,1,431,1,1083,6,760,3,270,0,69,1,489,5,119,1,24,1,22,0,112,0,681,3,165,0,177,0,26,11,106,7,391,63,41,4,9,0,8,0,259,2,5,2,2,1,10,2
3,244,61,891,38,773,2,181,36,310,3,113,1,35,64,481,64,111,158,318,12,145,3,73,4,101,0,39,2,31,0,13,35,111,0,0,69,208,0,23,1,49,0,3,0,57,0,1,0,1,0,5,0,0,0,0,1,0,0,6,1,125,2,67,0,16,0,8,0,2,3,48,9,88,100,0,18,1766,5,378,0,0,2,10,1,26,2,18,0,9,0,7,0,12,1,0,1,0,8,8,1,1,2,0,0,0,3,7,3,5,5,2,16,4,0,0,0,1,0,4,0,7,0,18,0,91,2,288,0,274,0,77,2,3,0,133,1,40,0,12,0,1,0,48,0,761,0,83,0,126,7,33,44,32,123,144,12,39,0,8,0,6,2,24,0,9,0,0,1,0
677,31,360,26,625,18,162,0,401,3,140,3,138,2,645,20,138,1,378,11,35,21,14,3,86,3,24,0,193,1,26,1,1154,3,0,0,207,20,19,2,1038,7,69,0,90,2,5,18,27,10,74,1,31,6,256,1,73,0,343,0,970,5,252,10,272,2,76,0,42,0,152,32,485,7,2604,18,0,6,1119,5,0,0,18,1,401,2,662,0,507,0,36,0,525,0,54,2,4,1,14,2,6,0,20,2,4,0,23,11,6,4,26,4,1,1,0,1,0,0,0,8,4,0,10,0,209,1,127,3,103,5,52,0,30,0,107,2,24,0,15,1,14,0,26,0,127,3,16,0,20,1,20,2,42,4,99,49,378,1,7,2,2,1,111,0,2,1,1,0,2,0
5,928,19,1632,13,1149,3,316,3,488,0,238,0,531,32,591,1,255,75,206,1,30,1,72,0,305,0,94,0,194,0,66,6,1447,0,0,46,152,1,20,1,943,7,73,0,589,3,65,0,35,0,46,1,50,2,55,0,11,0,204,4,909,2,200,3,135,2,61,1,23,16,178,9,87,19,1766,6,0,13,1992,0,0,0,50,1,120,1,276,3,87,0,75,0,194,16,5,3,2,19,25,1,3,0,10,7,1,34,14,6,12,13,1,21,9,0,2,1,1,0,17,0,10,0,3,2,190,6,151,1,89,2,48,2,5,4,137,1,35,0,54,0,9,0,17,1,205,1,26,0,14,2,0,23,15,91,96,19,236,5,15,0,45,0,132,0,13,0,4,9,5
275,15,132,6,192,1,65,0,129,0,12,0,26,0,316,8,1,1,104,2,5,0,4,0,33,0,6,0,17,1,0,0,124,4,0,0,123,10,6,0,476,8,20,0,27,3,0,5,10,4,5,0,8,1,55,3,7,0,21,0,530,9,105,3,79,0,13,1,20,0,116,11,311,6,1091,5,1119,13,0,6,0,0,7,0,31,2,34,0,52,0,6,1,47,0,14,0,0,4,20,1,20,0,4,3,2,1,19,17,10,6,32,8,4,1,0,1,2,1,0,7,8,0,3,0,128,2,49,1,72,2,18,0,50,0,151,9,5,0,6,0,8,0,21,0,108,1,10,0,12,0,0,1,5,1,36,16,28,0,9,0,9,2,281,0,4,1,4,0,4,0
2,331,4,260,0,148,0,50,0,48,0,6,0,151,8,118,0,0,4,14,0,1,0,4,2,16,0,3,0,6,0,0,1,98,0,0,22,33,1,8,2,1121,4,37,0,390,0,5,0,13,2,6,2,12,1,4,0,0,0,14,1,736,2,118,0,68,0,34,0,6,3,62,7,114,5,378,5,1992,6,0,0,0,1,12,1,24,0,38,0,12,0,31,0,15,24,3,9,1,33,30,10,5,5,7,12,3,40,52,12,13,19,6,44,12,1,3,2,1,1,19,0,1,0,0,0,202,7,36,5,30,3,29,0,11,1,77,1,15,0,46,0,1,0,9,0,53,0,7,2,5,0,0,1,1,17,6,5,121,11,40,0,34,20,471,7,66,0,3,13,4
0,0,0,0,0,0,0,0,0,0,0,0,0,0,0,0,0,0,0,0,0,0,0,0,0,0,0,0,0,0,0,0,0,0,0,0,0,0,0,0,0,0,0,0,0,0,0,0,0,0,0,0,0,0,0,0,0,0,0,0,0,0,0,0,0,0,0,0,0,0,0,0,0,0,0,0,0,0,0,0,0,0,0,0,0,0,0,0,0,0,0,0,0,0,0,0,0,0,0,0,0,0,0,0,0,0,0,0,0,0,0,0,0,0,0,0,0,0,0,0,0,0,0,0,0,0,0,0,0,0,0,0,0,0,0,0,0,0,0,0,0,0,0,0,0,0,0,0,0,0,0,0,0,0,0,0,0,0,0,0,0,0,0,0,0,0,0,0,0,0
0,0,0,0,0,0,0,0,0,0,0,0,0,0,0,0,0,0,0,0,0,0,0,0,0,0,0,0,0,0,0,0,0,0,0,0,0,0,0,0,0,0,0,0,0,0,0,0,0,0,0,0,0,0,0,0,0,0,0,0,0,0,0,0,0,0,0,0,0,0,0,0,0,0,0,0,0,0,0,0,0,0,0,0,0,0,0,0,0,0,0,0,0,0,0,0,0,0,0,0,0,0,0,0,0,0,0,0,0,0,0,0,0,0,0,0,0,0,0,0,0,0,0,0,0,0,0,0,0,0,0,0,0,0,0,0,0,0,0,0,0,0,0,0,0,0,0,0,0,0,0,0,0,0,0,0,0,0,0,0,0,0,0,0,0,0,0,0,0,0
36,1,22,0,89,0,48,0,54,0,0,0,270,0,18,0,0,0,5,0,0,0,0,0,1,0,0,0,0,0,0,0,51,0,0,0,27,0,11,1,11,1,2,0,0,0,4,7,15,4,1,0,21,6,130,1,7,0,3,0,186,0,52,2,22,0,44,1,23,0,37,17,6,0,6,2,18,0,7,1,0,0,0,0,251,0,5,1,32,1,0,0,4,0,3,0,0,0,0,0,0,0,1,0,0,0,1,0,1,0,0,0,0,0,0,0,0,0,0,0,0,0,0,0,1,0,2,0,4,0,0,0,0,0,0,0,1,0,0,0,0,0,3,0,14,0,1,0,0,0,0,0,0,0,0,1,0,0,0,0,0,0,1,0,0,0,0,0,0,0
1,63,0,23,1,148,0,103,0,56,0,1,0,618,1,7,0,0,2,0,0,0,0,0,0,0,0,0,0,0,0,0,0,53,0,0,2,3,0,1,0,2,0,0,0,1,0,2,0,1,0,2,0,7,0,7,0,1,0,0,0,56,1,23,1,16,0,39,0,7,3,25,1,2,1,10,1,50,0,12,0,0,0,0,0,211,0,5,0,22,0,0,0,0,2,0,0,0,0,0,0,0,0,0,0,0,0,0,0,1,0,0,1,0,0,0,0,0,0,0,0,0,0,0,0,1,0,4,0,6,0,1,0,0,0,2,0,0,0,0,0,0,0,0,0,2,0,0,0,0,0,0,0,1,1,0,0,0,0,1,0,0,0,1,0,1,0,0,0,0
661,8,109,1,849,3,359,0,309,0,2,0,1308,2,103,1,1,0,45,1,0,0,1,0,1,0,2,0,1,0,1,0,561,2,0,0,79,3,56,14,492,1,52,0,1,0,25,34,58,33,104,1,76,7,573,1,162,0,329,0,588,0,125,4,235,2,1108,0,124,3,117,55,44,1,49,1,401,1,31,1,0,0,251,0,0,1,436,0,3976,0,0,0,166,0,65,0,3,0,8,1,3,0,11,0,3,0,8,0,1,2,2,2,2,0,1,1,1,0,0,2,2,0,5,0,1,0,8,1,21,0,0,0,1,0,5,0,1,0,9,0,13,0,29,0,49,1,4,0,3,0,1,0,1,0,10,5,0,0,0,0,0,0,9,0,0,0,0,0,0,0
4,1176,1,117,0,549,0,408,0,83,0,0,0,461,5,20,0,0,5,1,0,0,0,0,0,2,0,1,0,0,0,0,1,197,0,0,26,40,0,12,2,147,0,22,0,0,41,199,3,72,1,410,1,158,0,442,0,124,0,336,0,302,7,117,3,75,1,1069,1,318,19,221,4,2,0,26,2,120,2,24,0,0,0,211,1,0,0,986,3,3815,0,50,0,196,0,23,2,0,0,2,0,2,1,39,0,0,4,1,0,1,5,1,1,1,3,1,0,0,0,2,0,1,0,2,1,3,2,14,0,12,0,4,0,0,0,5,0,5,0,4,0,1,0,4,0,21,0,1,1,3,0,0,0,0,18,2,0,0,1,0,0,3,0,2,1,2,0,0,0,0
15,1,79,2,89,2,93,0,54,0,341,0,109,0,29,0,35,2,89,7,58,16,29,0,14,2,6,0,448,0,67,0,618,0,0,0,4,2,1,0,669,0,35,0,267,0,0,0,1,0,2,0,0,0,2,0,12,0,200,0,4,0,0,0,1,0,0,0,0,0,3,2,3,0,114,2,662,1,34,0,0,0,5,0,436,0,0,0,1305,0,179,0,559,0,4,0,0,0,1,0,0,0,2,0,0,0,0,0,0,0,0,0,0,0,0,0,0,0,0,0,1,0,0,0,3,0,1,0,0,0,0,0,1,0,5,0,0,0,5,0,0,0,0,0,0,0,1,0,0,0,9,0,41,1,12,4,26,0,0,0,0,0,3,0,0,0,0,0,0,0
0,42,1,155,1,122,0,7,0,48,0,156,0,23,2,17,1,4,5,28,0,16,0,9,0,17,0,33,0,292,0,22,0,493,0,0,0,10,0,3,0,520,0,43,0,173,3,10,0,6,0,38,0,14,0,22,0,8,0,387,0,14,0,0,0,3,0,11,0,1,0,3,1,0,2,18,0,276,0,38,0,0,1,5,0,986,0,0,0,420,0,501,0,600,0,10,0,0,1,1,0,3,0,7,0,0,0,0,1,0,0,1,0,0,0,0,0,0,0,1,0,0,0,0,0,4,0,4,0,0,0,0,0,0,0,0,0,1,0,7,0,1,0,4,0,13,0,0,0,2,1,0,5,1,8,6,0,0,0,0,0,3,0,0,0,1,0,0,0,0
765,8,201,1,764,0,31,0,43,0,5,0,15,0,139,0,4,1,28,0,4,0,3,1,0,0,0,0,1,0,0,0,127,1,0,0,63,2,127,11,417,1,39,0,41,0,34,56,104,34,147,0,145,7,2555,1,468,0,573,1,250,2,114,2,496,0,399,1,1247,1,104,57,40,1,40,0,507,3,52,0,0,0,32,0,3976,3,1305,0,0,2,525,0,3213,0,108,0,0,0,1,0,0,0,27,0,0,0,0,0,3,0,2,1,0,0,0,0,0,0,0,1,2,0,2,0,1,0,9,0,16,0,1,0,0,0,3,0,1,0,8,0,1,0,7,0,10,0,2,0,3,0,2,0,2,0,11,2,11,0,0,0,0,0,0,0,0,0,0,0,0,0
0,638,0,38,0,199,0,122,0,16,0,5,0,61,2,10,0,0,0,0,0,0,0,0,0,0,0,0,0,3,0,1,0,171,0,0,6,10,1,8,0,145,0,27,0,2,24,226,1,30,0,341,0,120,0,2766,0,562,0,556,1,291,1,46,0,49,1,616,0,1231,8,56,2,3,2,9,0,87,0,12,0,0,1,22,0,3815,0,420,2,0,0,240,0,4073,0,42,0,0,0,0,0,4,0,55,0,0,0,1,1,0,0,0,0,1,2,2,0,0,0,0,0,0,0,2,0,0,0,1,0,4,0,1,0,0,0,1,0,2,0,3,0,1,0,2,0,7,0,0,0,1,0,0,0,0,2,3,0,0,0,0,0,0,1,0,0,0,0,0,1,0
0,0,0,0,0,0,0,0,0,0,0,0,0,0,0,0,2,0,0,0,0,0,1,0,0,0,0,0,2,0,0,0,2,0,0,0,0,0,0,0,362,0,44,0,40,0,0,0,0,0,0,0,0,0,0,0,0,0,407,0,0,0,0,0,0,0,0,0,0,0,0,0,0,0,1,0,36,0,6,0,0,0,0,0,0,0,179,0,525,0,0,0,832,0,0,0,0,0,0,0,0,0,0,0,0,0,0,0,0,0,0,0,0,0,0,0,0,0,0,0,0,0,0,0,0,0,0,0,0,0,0,0,0,0,0,0,0,0,0,0,0,0,0,0,0,0,0,0,0,0,0,0,0,0,0,0,1,1,0,0,0,0,0,0,0,0,0,0,0,0
0,3,0,41,0,19,0,1,0,8,0,14,0,1,0,3,0,0,0,5,0,1,0,0,0,3,0,1,0,6,0,2,0,40,0,0,1,1,0,0,0,287,0,403,0,38,0,1,0,0,0,2,0,0,0,4,0,0,0,660,0,0,0,0,0,0,0,1,0,0,0,0,0,0,0,7,0,75,1,31,0,0,0,0,0,50,0,501,0,240,0,0,0,991,0,4,0,0,0,6,0,11,0,0,0,0,0,0,0,0,0,0,0,0,0,0,0,0,0,0,0,0,0,1,0,0,0,0,0,0,0,0,0,0,0,2,0,0,0,3,0,0,0,0,0,3,0,2,0,0,0,0,0,0,0,0,0,0,0,0,0,0,0,1,0,0,0,0,0,0
64,3,35,2,70,0,5,0,7,0,0,0,2,0,94,0,3,0,2,1,2,0,1,0,1,0,0,0,1,0,0,0,54,2,0,0,32,1,30,5,512,0,51,0,50,0,28,32,42,6,80,4,58,2,573,0,781,0,1719,0,34,1,16,1,36,0,1,0,23,0,23,24,7,0,10,0,525,0,47,0,0,0,4,0,166,0,559,0,3213,0,832,0,0,0,351,0,0,0,0,0,0,0,19,0,1,0,2,0,0,0,3,0,0,0,0,0,0,0,0,0,0,0,0,0,3,0,4,0,3,0,0,0,1,0,0,0,1,0,3,0,3,0,1,0,0,0,1,0,1,0,2,0,0,0,3,3,1,0,0,0,0,0,3,0,0,0,0,0,0,0
0,134,0,65,0,45,0,13,0,36,0,16,0,15,0,8,0,0,1,4,0,0,0,0,0,5,0,2,0,4,0,2,1,430,0,0,2,3,0,4,0,424,0,57,0,14,11,76,1,19,1,278,0,92,1,656,0,1053,0,2285,0,110,0,10,0,25,0,195,1,131,0,7,0,0,0,12,0,194,0,15,0,0,0,0,0,196,0,600,0,4073,0,991,0,0,0,306,0,0,0,1,0,4,0,114,0,0,3,0,0,0,0,0,0,0,1,1,0,0,0,0,0,0,0,2,0,2,0,3,0,3,0,0,0,0,0,0,0,0,0,12,0,0,0,1,0,6,0,0,0,0,0,0,0,0,1,2,0,0,0,0,0,3,0,2,0,0,0,0,0,0
3,3,0,4,3,3,2,0,0,1,0,0,0,1,6,4,0,0,0,0,0,0,0,0,0,0,0,0,0,0,0,0,17,1,0,0,5,2,13,2,71,24,53,3,0,0,85,12,16,4,565,2,36,0,217,0,626,0,503,0,6,20,10,3,3,3,1,1,1,0,15,13,3,1,8,1,54,16,14,24,0,0,3,2,65,0,4,0,108,0,0,0,351,0,0,7,6960,7,291,34,714,18,4238,22,1072,1,2301,138,838,47,87,48,6,27,104,186,341,108,3,10,0,0,0,0,5,1,5,3,23,9,3,5,2,0,8,1,0,0,0,1,1,1,5,3,15,4,3,1,2,1,0,0,1,0,0,0,0,0,6,10,1,7,3,5,5,6,0,3,4,1
0,2,0,0,0,0,0,0,0,0,0,0,0,0,0,0,0,0,0,0,0,0,0,0,0,0,0,0,0,2,0,0,0,15,0,0,0,0,0,0,0,14,1,15,0,0,5,18,0,5,1,311,0,22,1,64,0,193,0,645,0,5,0,0,2,2,0,4,0,3,0,3,1,1,2,0,2,5,0,3,0,0,0,0,0,23,0,10,0,42,0,4,0,306,7,0,9,5162,3,325,7,389,11,4760,4,738,13,3390,16,585,8,59,0,6,27,29,68,92,28,3,0,0,0,1,0,0,1,0,0,0,0,0,0,0,1,0,0,0,0,0,0,1,0,0,0,3,0,0,0,0,0,0,0,0,0,0,0,0,1,1,0,0,0,0,0,2,0,1,0,0
0,1,0,0,0,0,0,0,0,0,0,0,0,0,0,1,0,0,0,0,0,0,0,0,0,0,0,0,0,0,0,0,0,1,0,0,1,0,0,0,4,13,13,2,0,0,0,0,0,0,1,0,0,0,0,0,0,0,1,0,3,2,3,1,0,0,0,1,0,0,3,1,2,1,6,1,4,3,0,9,0,0,0,0,3,2,0,0,0,0,0,0,0,0,6960,9,0,6,154,12,307,8,979,14,3182,5,3212,39,278,18,32,22,2,34,116,68,332,363,2,8,0,0,0,0,1,0,5,1,14,3,1,0,1,1,7,0,0,0,0,1,0,0,1,0,6,1,1,0,1,0,0,0,0,0,0,0,0,0,5,1,0,1,1,1,2,2,0,0,4,0
0,2,0,0,0,0,0,0,0,0,0,0,0,0,0,2,0,0,1,0,0,0,0,0,0,0,0,0,0,0,0,0,0,0,0,0,0,0,0,0,0,2,1,6,0,0,0,0,0,0,0,1,0,0,0,0,0,0,0,0,0,4,0,0,0,0,0,0,0,0,0,0,0,0,0,0,1,2,4,1,0,0,0,0,0,0,0,0,0,0,0,0,0,0,7,5162,6,0,5,204,5,277,9,1453,6,1963,35,3142,5,317,7,60,0,8,29,39,153,295,16,5,0,0,0,0,0,0,0,0,1,2,1,0,0,0,0,0,1,0,0,0,0,0,0,0,0,2,0,0,0,0,0,0,0,0,0,0,0,0,0,3,0,0,0,2,0,0,0,1,0,0
8,17,2,10,2,8,0,0,1,2,0,1,1,3,3,7,0,0,1,0,0,0,0,0,0,0,0,0,0,0,0,0,3,2,0,0,4,0,0,0,27,24,40,2,0,4,0,2,2,1,25,3,3,0,4,0,2,0,0,1,4,21,11,16,9,6,3,1,1,0,10,6,5,3,34,8,14,19,20,33,0,0,0,0,8,0,1,1,1,0,0,0,0,0,291,3,154,5,0,66,572,65,353,24,104,1,437,59,893,35,97,18,185,383,182,84,14,20,12,118,5,0,1,1,30,4,102,41,140,68,53,22,8,5,137,45,8,7,2,6,3,3,23,3,68,16,16,2,20,5,0,0,1,0,0,2,0,0,18,6,5,7,0,3,55,87,16,8,169,13
0,10,1,12,1,4,0,1,0,1,0,0,0,4,1,0,0,0,0,0,0,0,0,0,0,0,0,0,0,0,0,0,1,5,0,0,0,2,0,2,2,47,3,81,0,2,0,2,1,1,1,96,0,0,2,0,0,0,0,4,2,16,0,17,0,3,0,0,0,0,0,9,1,5,5,8,2,25,1,30,0,0,0,0,1,2,0,1,0,0,0,6,0,1,34,325,12,204,66,0,100,1090,15,686,16,86,67,1515,48,1030,44,119,94,256,254,34,14,23,39,208,0,0,1,0,1,2,9,20,8,40,4,11,0,0,15,10,0,2,0,9,0,15,0,11,1,18,1,3,2,2,0,0,0,0,0,1,0,0,2,5,1,11,0,9,8,10,0,25,25,2
2,1,0,0,0,0,0,0,1,0,0,0,0,0,2,2,0,0,0,0,0,0,0,0,0,0,0,0,0,0,0,0,0,0,0,0,1,0,2,1,15,9,42,3,0,0,6,1,2,0,99,1,1,1,2,1,1,0,0,2,1,3,1,2,2,1,1,0,0,0,3,2,1,1,16,1,6,1,20,10,0,0,0,0,3,0,0,0,0,0,0,0,0,0,714,7,307,5,572,100,0,372,3279,62,225,2,557,80,364,51,71,29,15,164,1015,216,80,95,24,16,0,0,0,0,6,0,12,0,29,2,4,0,3,1,12,2,0,0,0,1,2,0,25,0,32,1,2,1,10,0,0,0,0,0,0,0,0,0,2,1,0,3,1,2,6,3,0,0,10,0
