0,108,1893,15,2023,18,1583,10,310,3,1,0,1491,7,1515,185,0,0,6,0,0,0,0,0,0,0,0,0,1,0,0,0,1331,5,0,0,236,47,18,2,131,1,6,3,2,0,29,0,28,0,20,1,76,1,143,0,21,0,8,0,5350,15,436,8,260,3,258,10,224,2,700,21,1428,63,1583,46,245,5,14,0,0,0,34,1,783,0,1,0,617,5,0,0,61,0,2,6,3,6,34,22,4,5,0,3,4,4,14,39,4,11,9,9,27,8,1,2,0,1,0,1,0,0,2,2,1,0,60,4,24,1,2,0,8,0,56,6,44,1,2,0,7,2,7,0,78,1,37,1,3,0,0,0,0,1,10,2,0,0,11,1,22,2,48,5,12,3,0,0,8,4
108,0,10,1838,18,1618,15,1897,9,382,0,3,7,1042,185,1417,1,0,3,21,0,0,0,1,0,0,0,0,0,0,0,0,21,290,0,0,269,249,6,44,8,85,0,1,1,4,0,11,4,82,1,16,1,143,1,123,0,3,0,7,53,5119,6,763,4,158,3,974,1,259,21,539,203,1534,116,1653,9,349,1,12,0,0,1,21,3,630,0,4,2,1247,0,0,0,32,4,0,6,3,16,26,2,1,0,0,2,1,25,12,9,6,9,6,31,11,0,0,0,0,0,8,0,1,0,10,0,2,3,67,0,49,0,2,0,5,4,44,9,38,1,2,1,6,0,11,10,42,2,51,0,12,0,1,1,0,5,9,0,1,4,3,3,33,3,104,4,12,0,0,21,2
1893,10,0,134,4910,139,234,9,453,23,399,2,25,0,2321,122,35,17,1820,223,143,76,57,15,228,2,253,0,196,6,8,0,656,16,0,0,290,75,14,5,21,3,0,0,4,0,10,0,26,0,3,0,38,1,48,0,9,0,1,0,83,7,45,6,32,0,7,0,70,0,368,5,178,11,753,85,415,38,51,1,0,0,5,0,21,1,31,6,43,1,0,0,8,1,0,1,0,2,11,5,1,0,0,1,0,0,4,14,0,1,1,1,3,0,0,0,0,0,0,1,0,0,0,1,32,2,4,7,6,0,0,0,1,1,55,9,29,8,4,1,2,0,0,1,9,2,2,0,2,0,20,13,23,89,121,78,6,2,5,1,2,1,8,4,8,3,0,1,2,2
15,1838,134,0,87,5436,9,425,21,394,6,332,1,61,102,1856,17,28,315,1356,22,147,7,97,1,174,3,420,7,173,0,11,18,449,0,0,81,349,3,10,1,15,1,0,0,5,0,3,1,28,0,3,0,39,0,12,0,0,1,2,4,72,0,88,1,29,0,190,0,18,6,262,7,71,122,921,40,448,8,28,0,0,1,13,0,101,1,55,0,127,0,1,0,4,0,1,1,1,7,5,0,1,0,1,5,1,8,5,2,2,3,2,10,0,0,1,0,0,0,1,0,3,0,3,1,12,1,59,1,10,0,3,2,3,7,66,0,46,0,2,0,0,0,2,1,12,0,9,0,0,5,32,87,63,31,254,5,19,2,3,1,20,2,33,4,8,0,0,5,2
2023,18,4910,87,0,97,718,26,1653,26,273,1,107,2,908,123,8,11,292,127,37,37,17,20,89,4,107,0,183,2,8,0,782,16,0,0,103,39,8,2,52,3,0,0,2,0,9,1,5,0,6,0,3,0,12,0,2,0,0,0,195,2,42,2,63,0,45,5,38,0,105,8,96,8,1935,69,527,30,81,0,0,0,14,2,91,0,51,4,25,0,0,0,6,0,1,1,1,3,15,15,0,2,0,0,4,1,4,10,2,1,1,0,7,1,0,0,0,0,0,1,0,0,1,1,59,1,23,3,9,1,4,1,9,0,132,8,66,7,4,0,3,0,0,1,22,2,8,1,2,1,7,7,24,31,50,59,7,2,14,0,14,2,18,4,7,0,0,0,7,0
18,1618,139,5436,97,0,19,1321,20,1699,6,730,1,176,130,590,13,19,204,350,22,48,2,44,0,102,0,196,3,175,0,95,33,710,0,0,107,191,1,13,3,19,0,3,0,15,0,1,2,8,0,0,0,14,0,7,0,0,0,4,6,117,2,69,1,26,0,242,0,18,7,62,6,47,108,2240,26,707,5,67,0,0,0,19,2,161,0,85,0,114,0,3,0,7,3,2,1,2,4,14,0,2,2,0,0,0,10,15,3,3,2,0,18,0,0,3,0,0,0,0,0,0,0,5,0,35,2,106,0,23,0,9,1,4,4,182,8,134,0,3,1,1,0,4,5,8,1,9,0,4,2,23,52,13,33,353,1,28,2,7,2,24,7,37,5,23,0,0,5,1
1583,15,234,9,718,19,0,13,869,2,0,0,2395,1,630,95,0,0,11,2,0,0,0,0,0,0,0,0,1,0,0,0,2184,5,0,0,97,27,5,1,25,1,1,2,1,0,4,0,3,0,0,0,3,0,6,0,1,0,1,0,379,3,35,1,11,0,11,2,10,0,55,5,184,9,625,13,134,5,13,0,0,0,8,1,22,0,11,0,12,1,0,0,3,0,1,1,0,3,11,10,0,2,0,2,1,1,0,4,1,0,2,3,3,2,0,0,0,0,0,0,1,0,0,0,0,0,34,1,3,0,1,0,2,0,23,0,35,2,2,0,4,0,1,0,20,0,17,0,3,0,0,0,0,0,13,3,0,0,5,0,5,0,20,0,3,2,0,0,1,1
10,1897,9,425,26,1321,13,0,8,1387,0,4,1,1328,87,821,0,0,10,39,0,2,1,1,0,0,0,1,0,0,0,1,7,956,0,0,57,106,2,8,0,11,0,2,0,0,0,0,0,4,0,1,0,5,0,1,0,0,0,2,6,100,3,46,0,14,0,69,2,3,7,42,4,114,29,1123,5,131,2,1,0,0,1,4,1,34,0,1,0,23,0,0,0,0,1,0,0,0,1,6,2,0,0,1,1,0,5,0,0,1,2,0,5,0,0,0,0,0,0,0,0,0,0,6,0,4,2,62,0,17,0,4,0,0,1,28,1,33,0,2,0,1,0,1,0,5,1,12,0,1,0,0,0,0,5,34,0,0,1,1,0,4,0,29,0,2,0,1,2,1
310,9,453,21,1653,20,869,8,0,3,1148,0,175,0,492,53,0,0,173,18,0,3,0,0,0,0,1,0,159,1,63,0,2062,3,0,0,90,26,5,1,32,0,2,0,4,0,2,0,4,0,5,0,3,0,3,0,2,0,0,0,57,0,15,3,5,0,8,0,4,0,49,2,38,2,871,25,717,6,61,0,0,0,7,0,2,0,52,1,6,0,0,0,4,0,1,0,1,1,15,8,0,0,0,3,1,0,2,12,3,4,0,2,6,1,0,0,0,0,0,3,0,0,0,0,66,0,15,4,2,0,1,0,8,0,112,5,62,4,3,0,1,0,0,0,15,0,7,1,3,0,0,0,1,7,41,25,0,0,12,2,10,0,9,1,16,1,0,0,2,1
3,382,23,394,26,1699,2,1387,3,0,1,1233,2,411,30,454,0,1,22,76,1,5,0,2,0,2,0,3,0,12,0,8,2,1606,0,0,27,113,0,6,0,18,1,0,0,2,0,1,1,4,0,1,0,5,0,4,0,1,0,2,2,75,0,20,1,8,1,20,0,2,1,38,3,49,11,795,8,592,0,49,0,0,0,5,0,10,1,6,0,21,0,4,0,0,1,0,0,0,1,5,0,2,0,0,2,0,4,13,0,1,1,1,8,1,0,0,0,0,0,1,0,2,0,4,0,11,4,45,0,6,0,2,0,6,1,81,1,65,0,0,0,1,0,4,3,9,1,6,0,1,0,1,1,1,6,45,0,1,2,9,0,11,1,18,1,15,0,0,5,0
1,0,399,6,273,6,0,0,1148,1,0,0,1,0,2,0,6,2,112,18,46,13,29,1,123,2,43,0,1431,0,165,0,308,0,0,0,0,0,0,0,0,0,0,0,1,1,0,0,0,0,1,0,0,0,0,0,0,0,1,0,1,0,2,0,0,0,0,0,0,0,0,0,1,0,74,4,270,1,12,0,0,0,0,0,0,0,74,0,0,0,8,0,0,0,0,0,0,0,0,0,0,0,0,0,0,0,0,3,0,0,0,0,0,0,0,0,0,0,0,0,0,0,0,0,17,0,0,0,0,0,0,0,2,0,4,0,0,0,0,0,0,0,0,0,0,0,0,0,0,0,14,5,1,10,4,4,4,0,1,0,1,1,6,0,2,0,0,0,0,0
0,3,2,332,1,730,0,4,0,1233,0,0,0,0,0,6,0,7,9,77,2,38,0,49,0,150,0,244,0,1520,0,219,0,905,0,0,0,3,0,0,0,8,0,0,0,22,0,0,0,0,0,0,0,0,0,0,0,0,0,6,0,6,0,1,0,0,0,0,0,0,0,0,0,1,5,326,1,541,0,3,0,0,0,0,0,1,0,141,0,16,0,11,0,18,0,0,0,0,0,0,0,0,0,0,0,0,2,0,0,0,1,0,2,0,0,0,0,0,0,0,0,2,0,1,1,21,0,2,0,0,0,4,0,2,0,12,0,3,0,0,0,0,0,0,0,0,0,0,0,0,0,4,6,6,0,18,1,32,0,1,0,2,0,4,0,2,0,0,1,0
1491,7,25,1,107,1,2395,1,175,2,1,0,0,0,61,10,0,0,3,1,0,0,0,0,0,0,0,0,0,0,0,0,885,0,0,0,15,6,9,0,12,0,1,1,0,0,18,0,9,1,6,0,13,2,56,0,13,0,4,0,1888,1,19,1,13,0,315,0,56,0,24,1,32,3,118,0,39,0,4,0,0,0,38,0,330,0,210,0,21,0,0,0,0,0,0,0,0,1,1,1,0,0,0,0,0,0,1,6,0,1,0,0,2,2,0,0,0,0,0,0,0,0,0,0,0,0,4,0,1,0,0,0,1,0,2,2,7,0,0,0,0,0,1,1,11,0,2,1,0,0,0,0,0,0,3,2,0,0,1,0,4,0,3,2,1,0,0,0,0,0
7,1042,0,61,2,176,1,1328,0,411,0,0,0,0,18,135,0,0,1,4,0,0,0,1,0,0,0,0,0,0,0,0,1,705,0,0,22,57,5,15,1,22,1,1,0,0,0,13,2,18,1,8,0,28,0,25,0,2,0,6,1,1159,1,25,1,4,1,378,0,11,5,20,4,97,5,225,1,158,0,0,0,0,0,15,0,144,0,0,0,18,0,0,0,3,0,1,0,0,1,2,0,0,0,0,0,0,0,4,0,0,1,2,3,0,0,0,0,0,0,0,0,0,0,0,0,0,1,10,0,5,0,0,0,0,0,8,0,3,0,0,0,0,0,0,0,4,1,2,0,3,0,0,0,0,3,1,0,0,1,0,0,5,0,15,0,0,0,0,2,0
1515,185,2321,102,908,130,630,87,492,30,2,0,61,18,0,568,0,0,715,26,0,0,0,1,0,0,0,0,0,0,0,0,496,36,0,0,1260,155,8,6,81,3,3,4,1,1,7,0,13,3,8,1,19,4,32,3,1,0,1,1,126,23,52,8,12,2,15,15,25,4,631,27,1969,121,557,88,251,38,63,1,0,0,9,1,26,10,7,0,13,9,0,0,4,0,4,1,2,6,26,17,3,3,2,1,0,2,8,32,3,5,6,6,16,5,0,0,0,0,0,2,0,0,2,1,1,0,73,22,13,7,5,0,5,0,55,15,98,15,3,1,3,0,2,0,50,4,25,2,5,1,0,0,0,0,61,26,0,0,16,3,29,4,38,10,13,2,0,1,10,2
185,1417,122,1856,123,590,95,821,53,454,0,6,10,135,568,0,0,1,44,415,0,0,0,2,0,0,0,0,0,1,0,1,67,202,0,0,812,2448,9,98,8,38,2,3,0,7,1,4,2,21,3,5,1,40,5,8,1,0,0,2,53,166,4,107,4,19,1,43,5,5,48,571,214,1361,149,598,45,406,9,4,0,0,0,8,4,25,1,0,6,39,0,0,1,1,2,6,3,3,22,31,2,3,1,2,5,1,20,17,7,5,3,7,20,5,1,0,1,1,0,4,0,0,0,7,0,2,21,173,3,45,0,4,1,6,13,68,31,97,1,5,0,3,0,6,9,26,2,32,0,4,0,1,3,0,58,180,0,2,3,11,5,33,11,92,4,22,1,0,16,2
0,1,35,17,8,13,0,0,0,0,6,0,0,0,0,0,0,270,151,55,393,66,531,23,40,2,4,1,95,1,2,0,41,2,0,0,0,0,0,0,7,0,16,1,51,7,0,0,0,0,0,0,0,0,1,0,0,0,0,0,0,0,0,0,0,0,0,0,0,0,0,0,0,0,94,43,170,17,0,0,0,0,0,0,0,0,7,7,2,1,2,0,2,1,0,0,0,0,0,0,0,0,0,0,0,0,0,0,0,0,0,0,0,0,0,0,0,0,0,0,0,0,0,0,1,0,0,0,0,0,0,0,0,0,0,0,0,0,0,0,0,0,0,0,0,0,0,0,0,0,118,41,64,18,2,4,190,8,0,0,0,0,0,0,0,0,0,0,0,0
0,0,17,28,11,19,0,0,0,1,2,7,0,0,0,1,270,0,46,111,16,355,39,686,2,19,1,2,1,46,0,1,3,54,0,0,0,1,0,0,0,21,9,4,0,12,0,0,0,0,0,0,0,0,0,0,0,0,0,0,0,0,0,0,0,0,0,0,0,0,0,0,0,0,177,59,3,198,0,1,0,0,0,0,0,0,0,38,0,0,0,0,0,1,0,0,0,0,0,0,0,0,0,0,0,0,0,0,0,0,0,0,0,0,0,0,0,0,0,0,0,0,0,0,0,0,0,0,0,0,0,0,0,0,0,1,0,0,0,0,0,0,0,0,0,0,0,0,0,0,12,136,13,37,1,3,41,94,0,0,0,0,0,0,0,0,0,0,0,0
6,3,1820,315,292,204,11,10,173,22,112,9,3,1,715,44,151,46,0,617,563,176,183,49,101,6,13,1,117,12,2,0,312,24,0,0,316,139,3,1,6,1,0,0,2,0,1,0,1,0,1,0,0,0,1,0,0,0,0,0,4,3,2,2,1,0,1,1,0,0,7,1,5,0,592,195,371,93,26,6,0,0,0,0,1,0,40,9,1,2,0,0,0,0,0,1,0,0,2,2,0,0,1,0,0,0,1,3,0,0,1,0,1,0,0,0,0,0,0,0,0,0,0,0,24,6,2,2,2,1,0,4,5,1,42,19,10,12,1,0,0,0,1,0,1,0,2,0,0,0,126,42,113,368,466,296,20,1,6,1,1,1,5,4,3,3,0,0,2,1
0,21,223,1356,127,350,2,39,18,76,18,77,1,4,26,415,55,111,617,0,77,401,27,228,5,68,1,29,27,130,0,9,43,180,0,0,43,1184,1,4,2,4,0,0,0,2,0,0,0,0,1,0,0,0,0,0,0,0,0,0,0,9,1,3,1,0,0,3,0,2,1,10,0,5,171,490,39,272,1,28,0,0,0,0,0,1,7,56,0,3,0,2,0,1,0,1,0,0,1,1,0,0,0,0,2,0,1,1,1,1,0,1,1,2,0,0,0,0,0,0,0,0,0,0,2,4,1,14,0,0,0,3,2,0,5,28,1,26,0,0,0,1,0,0,1,2,0,1,0,0,60,87,267,1181,39,517,4,11,0,3,0,5,0,9,2,6,0,0,2,0
0,0,143,22,37,22,0,0,0,1,46,2,0,0,0,0,393,16,563,77,0,35,1074,5,263,1,40,0,141,0,1,0,107,1,0,0,0,4,0,0,0,1,0,0,1,0,0,0,0,0,0,0,0,0,0,0,0,0,0,0,0,0,0,0,0,0,0,0,0,0,0,0,0,0,124,12,22,1,0,0,0,0,0,0,0,0,2,3,0,0,1,0,0,0,0,0,0,0,0,0,0,0,0,0,0,0,0,0,0,0,0,0,0,0,0,0,0,0,0,0,0,0,0,0,1,0,0,0,0,0,0,0,0,1,1,0,0,0,0,0,0,0,0,0,1,0,0,0,0,0,264,9,550,98,0,10,142,1,0,0,1,0,0,0,0,1,0,0,0,0
0,0,76,147,37,48,0,2,3,5,13,38,0,0,0,0,66,355,176,401,35,0,77,1315,1,267,1,63,17,157,1,0,14,103,0,0,1,5,0,0,0,1,0,0,0,1,0,0,0,0,0,0,0,0,0,0,0,0,0,0,0,2,0,0,0,0,0,1,0,0,0,0,0,1,72,77,9,28,0,2,0,0,0,0,0,0,1,23,0,0,0,1,0,0,0,0,0,0,0,0,0,0,0,0,0,0,0,1,0,0,0,0,0,0,0,0,0,0,0,0,0,0,0,0,1,1,0,1,0,1,0,0,0,0,0,3,0,2,0,0,0,0,0,0,0,0,0,0,0,0,138,740,61,159,2,37,5,9,0,0,0,0,0,2,0,0,0,0,0,0
0,0,57,7,17,2,0,1,0,0,29,0,0,0,0,0,531,39,183,27,1074,77,0,416,612,8,20,0,143,4,0,1,131,1,0,0,0,0,0,0,0,5,27,0,5,0,0,0,0,0,0,0,0,0,0,0,0,0,0,0,0,0,0,0,0,0,0,0,0,0,0,0,0,0,50,2,18,0,0,0,0,0,0,0,0,0,3,0,1,0,0,0,0,0,0,0,0,0,0,0,0,0,0,0,0,0,0,0,0,0,0,0,0,0,0,0,0,0,0,0,0,0,0,0,0,0,0,0,0,0,0,0,0,0,0,0,0,0,0,0,0,0,0,0,0,0,0,0,0,0,342,6,133,13,1,2,200,0,0,0,0,0,0,0,0,0,0,0,0,0
0,1,15,97,20,44,0,1,0,2,1,49,0,1,1,2,23,686,49,228,5,1315,416,0,4,815,0,78,6,100,0,2,4,56,0,0,1,2,0,0,0,19,0,9,0,1,0,0,0,0,0,0,0,0,0,0,0,0,0,0,0,0,0,0,0,0,0,0,0,0,0,0,0,1,20,70,2,47,0,3,0,0,0,0,0,0,0,31,0,0,0,0,0,0,0,0,0,0,0,1,0,0,0,0,0,0,0,0,0,0,0,0,0,0,0,0,0,0,0,0,0,0,0,0,1,1,0,0,0,0,0,0,0,1,0,2,0,1,0,0,0,0,0,0,0,0,0,0,0,0,42,145,12,62,1,6,1,90,0,0,0,0,0,1,0,1,0,0,0,0
0,0,228,1,89,0,0,0,0,0,123,0,0,0,0,0,40,2,101,5,263,1,612,4,0,0,244,0,416,0,7,0,123,0,0,0,0,0,0,0,1,0,1,0,1,0,0,0,0,0,0,0,0,0,0,0,0,0,0,0,0,0,0,0,0,0,0,0,0,0,0,0,0,0,37,3,65,0,1,0,0,0,0,0,0,0,4,0,0,0,0,0,0,0,0,0,0,0,0,0,0,0,0,0,0,0,0,0,0,0,0,0,0,0,0,0,0,0,0,0,0,0,0,0,1,0,0,0,0,0,0,0,0,0,0,0,0,0,0,0,0,0,0,0,0,0,0,0,0,0,19,1,19,3,0,1,26,0,0,0,0,0,0,0,0,0,0,0,0,0
0,0,2,174,4,102,0,0,0,2,2,150,0,0,0,0,2,19,6,68,1,267,8,815,0,0,0,362,0,177,0,11,0,30,0,0,0,0,0,0,0,0,0,0,0,0,0,0,0,0,0,0,0,0,0,0,0,0,0,0,0,0,0,0,0,0,0,0,0,0,0,0,0,0,8,43,0,71,0,0,0,0,0,0,0,0,0,6,0,0,0,0,0,0,0,0,0,0,0,0,0,0,0,0,0,0,0,0,0,0,0,0,0,0,0,0,0,0,0,0,0,0,0,0,0,0,0,0,0,0,0,0,0,0,0,0,0,0,0,0,0,0,0,0,0,0,0,0,0,0,5,11,4,8,0,1,0,2,0,0,0,0,0,0,0,1,0,0,0,0
0,0,253,3,107,0,0,0,1,0,43,0,0,0,0,0,4,1,13,1,40,1,20,0,244,0,0,0,155,0,1,0,32,0,0,0,0,1,0,0,0,0,0,0,0,0,0,0,0,0,0,0,0,0,0,0,0,0,0,0,0,0,0,0,0,0,0,0,0,0,0,0,0,0,1,0,12,0,0,0,0,0,0,0,0,0,2,0,0,0,0,0,0,0,0,0,0,0,0,0,0,0,0,0,0,0,0,0,0,0,0,0,0,0,0,0,0,0,0,0,0,0,0,0,1,0,0,0,0,0,0,0,2,0,1,0,0,0,0,0,0,0,0,0,0,0,0,0,0,0,0,1,0,2,0,0,1,0,0,0,0,0,0,0,0,0,0,0,0,0
0,0,0,420,0,196,0,1,0,3,0,244,0,0,0,0,1,2,1,29,0,63,0,78,0,362,0,0,1,121,0,10,0,38,0,0,0,0,0,0,0,0,0,0,0,2,0,0,0,0,0,0,0,0,0,0,0,0,0,1,0,0,0,0,0,0,0,0,0,0,0,0,0,0,3,30,0,41,0,0,0,0,0,0,0,0,0,24,0,1,0,1,0,0,0,0,0,0,0,0,0,0,0,0,0,0,0,0,0,0,0,0,0,0,0,0,0,0,0,0,0,0,0,0,0,0,0,0,0,0,0,0,0,0,0,0,0,0,0,0,0,0,0,0,0,0,0,0,0,0,0,0,1,1,0,1,0,5,0,0,0,0,0,1,0,0,0,0,0,0
1,0,196,7,183,3,1,0,159,0,1431,0,0,0,0,0,95,1,117,27,141,17,143,6,416,0,155,1,0,1,63,0,237,0,0,0,0,3,0,0,0,0,0,0,1,0,0,0,0,0,0,0,0,0,0,0,0,0,0,0,0,0,1,0,0,0,0,0,0,0,0,0,0,0,41,5,164,2,2,0,0,0,0,0,0,0,47,0,0,0,1,0,0,0,0,0,0,0,0,0,0,0,0,0,0,0,0,1,0,0,0,0,0,0,0,0,0,0,0,0,0,0,0,0,3,1,0,0,0,0,0,0,1,0,1,0,0,0,0,0,0,0,0,0,0,0,0,0,0,0,22,3,6,14,1,3,18,0,0,0,0,0,0,0,0,0,0,0,0,0
0,0,6,173,2,175,0,0,1,12,0,1520,0,0,0,1,1,46,12,130,0,157,4,100,0,177,0,121,1,0,0,79,0,268,0,0,0,1,0,0,0,4,0,0,0,6,0,0,0,0,0,0,0,0,0,0,0,0,0,2,0,0,0,0,0,0,0,0,0,0,0,0,0,1,9,80,0,185,0,0,0,0,0,0,0,0,0,51,0,9,0,4,0,5,0,0,0,0,0,0,0,0,0,0,0,0,0,0,0,1,0,0,0,0,0,0,0,0,0,0,0,0,0,0,0,0,0,0,0,0,0,0,0,0,0,1,0,0,0,0,0,0,0,0,0,1,0,0,0,0,2,8,5,33,0,2,0,49,0,0,0,0,0,0,0,0,0,0,0,0
0,0,8,0,8,0,0,0,63,0,165,0,0,0,0,0,2,0,2,0,1,1,0,0,7,0,1,0,63,0,0,0,21,0,0,0,0,0,0,0,0,0,0,0,0,0,0,0,0,0,0,0,0,0,0,0,0,0,0,0,0,0,0,0,0,0,0,0,0,0,0,0,0,0,4,0,15,0,0,0,0,0,0,0,0,0,7,0,0,0,1,0,1,0,0,0,0,0,0,0,0,0,0,0,0,0,0,0,0,0,0,0,0,0,0,0,0,0,0,0,0,0,0,0,0,0,0,0,0,0,0,0,0,0,0,0,0,0,0,0,0,0,0,0,0,0,0,0,0,0,1,1,1,0,0,0,1,0,0,0,1,0,0,0,0,0,0,0,0,0
0,0,0,11,0,95,0,1,0,8,0,219,0,0,0,1,0,1,0,9,0,0,1,2,0,11,0,10,0,79,0,0,0,45,0,0,0,0,0,0,0,0,0,0,0,3,0,0,0,0,0,0,0,0,0,0,0,0,0,0,0,0,0,0,0,0,0,0,0,0,0,0,0,0,0,62,0,47,0,0,0,0,0,0,0,0,1,25,0,4,0,1,0,1,0,0,0,0,0,0,0,0,0,0,0,0,0,0,0,0,0,0,0,0,0,0,0,0,0,0,0,0,0,0,0,4,0,0,0,0,0,0,0,0,0,2,0,0,0,0,0,0,0,0,0,0,0,0,0,0,0,0,0,1,0,2,0,3,0,0,0,0,0,0,0,0,0,0,0,0
1331,21,656,18,782,33,2184,7,2062,2,308,0,885,1,496,67,41,3,312,43,107,14,131,4,123,0,32,0,237,0,21,0,0,2,0,0,96,36,90,11,624,1,85,2,14,0,112,1,41,1,208,0,64,1,245,0,111,0,214,0,757,2,143,0,95,1,150,3,66,0,121,6,179,9,719,18,1636,13,34,0,0,0,42,0,178,0,325,0,110,1,4,0,106,0,0,1,0,1,20,6,0,0,0,0,1,1,9,13,5,4,4,9,10,4,0,0,0,0,0,4,0,0,3,0,5,0,37,3,4,2,3,0,4,0,43,8,49,4,10,0,14,0,14,0,85,1,9,0,1,1,16,3,9,13,54,17,35,1,5,2,11,0,23,1,8,2,0,0,2,0
5,290,16,449,16,710,5,956,3,1606,0,905,0,705,36,202,2,54,24,180,1,103,1,56,0,30,0,38,0,268,0,45,2,0,0,0,24,96,19,95,1,534,1,31,0,7,0,64,7,107,0,127,0,116,1,120,0,35,0,325,3,172,1,33,1,18,3,42,0,42,4,67,5,58,13,843,3,1950,2,10,0,0,0,122,0,195,1,146,0,146,0,25,0,165,1,0,1,1,4,8,1,0,0,1,1,0,5,13,1,5,2,6,6,6,0,0,0,0,0,4,0,1,0,4,2,2,0,35,0,4,0,1,1,0,1,28,0,27,0,18,0,8,0,3,0,109,1,5,0,20,0,4,3,24,2,31,0,2,2,1,0,14,1,34,3,6,0,0,3,0
0,0,0,0,0,0,0,0,0,0,0,0,0,0,0,0,0,0,0,0,0,0,0,0,0,0,0,0,0,0,0,0,0,0,0,0,0,0,0,0,0,0,0,0,0,0,0,0,0,0,0,0,0,0,0,0,0,0,0,0,0,0,0,0,0,0,0,0,0,0,0,0,0,0,0,0,0,0,0,0,0,0,0,0,0,0,0,0,0,0,0,0,0,0,0,0,0,0,0,0,0,0,0,0,0,0,0,0,0,0,0,0,0,0,0,0,0,0,0,0,0,0,0,0,0,0,0,0,0,0,0,0,0,0,0,0,0,0,0,0,0,0,0,0,0,0,0,0,0,0,0,0,0,0,0,0,0,0,0,0,0,0,0,0,0,0,0,0,0,0
0,0,0,0,0,0,0,0,0,0,0,0,0,0,0,0,0,0,0,0,0,0,0,0,0,0,0,0,0,0,0,0,0,0,0,0,0,0,0,0,0,0,0,0,0,0,0,0,0,0,0,0,0,0,0,0,0,0,0,0,0,0,0,0,0,0,0,0,0,0,0,0,0,0,0,0,0,0,0,0,0,0,0,0,0,0,0,0,0,0,0,0,0,0,0,0,0,0,0,0,0,0,0,0,0,0,0,0,0,0,0,0,0,0,0,0,0,0,0,0,0,0,0,0,0,0,0,0,0,0,0,0,0,0,0,0,0,0,0,0,0,0,0,0,0,0,0,0,0,0,0,0,0,0,0,0,0,0,0,0,0,0,0,0,0,0,0,0,0,0
236,269,290,81,103,107,97,57,90,27,0,0,15,22,1260,812,0,0,316,43,0,1,0,1,0,0,0,0,0,0,0,0,96,24,0,0,0,342,2537,23,54,7,0,1,0,0,3,0,41,4,4,1,13,5,10,4,1,0,2,1,78,68,32,19,10,2,27,11,3,2,2786,41,518,266,473,100,99,52,7,2,0,0,3,1,8,5,4,0,4,9,0,0,1,0,2,2,0,0,10,4,2,1,0,0,0,1,5,14,2,6,2,0,11,4,0,0,0,0,0,3,0,0,1,2,1,0,21,15,13,6,1,0,7,0,41,9,23,18,1,3,1,0,2,1,36,2,12,7,4,1,0,0,3,1,568,39,0,0,3,1,8,5,10,13,4,4,0,0,2,2
47,249,75,349,39,191,27,106,26,113,0,3,6,57,155,2448,0,1,139,1184,4,5,0,2,0,0,1,0,3,1,0,0,36,96,0,0,342,0,138,1589,8,82,1,1,0,1,1,3,5,38,0,3,5,44,3,7,1,1,0,0,23,195,22,75,15,32,13,140,7,17,61,3054,56,437,49,454,24,250,5,19,0,0,4,23,3,30,1,2,2,5,0,0,0,0,1,0,2,2,7,15,1,2,0,1,2,2,8,16,6,4,5,3,21,3,2,0,1,1,0,1,0,0,1,1,0,0,3,42,4,20,0,0,1,0,5,38,9,30,0,2,0,4,0,5,4,13,1,12,0,8,1,0,29,34,45,861,0,0,2,0,3,20,1,59,1,8,0,1,12,3
18,6,14,3,8,1,5,2,5,0,0,0,9,5,8,9,0,0,3,1,0,0,0,0,0,0,0,0,0,0,0,0,90,19,0,0,2537,138,0,1522,129,68,3,3,0,0,1464,34,359,36,170,10,224,28,341,4,57,0,16,6,32,1,13,3,26,1,93,10,85,4,2350,218,5,1,22,5,33,16,2,1,0,0,71,10,186,20,0,1,173,12,0,0,26,1,1,1,0,0,7,4,0,0,0,1,2,0,1,6,3,1,4,1,4,3,0,0,0,0,0,2,0,0,2,0,0,0,1,0,0,0,0,0,0,0,2,1,1,0,0,0,4,0,1,0,17,2,0,0,0,0,0,0,0,0,3,0,0,0,1,0,3,0,13,2,1,0,0,0,1,0
2,44,5,10,2,13,1,8,1,6,0,0,0,15,6,98,0,0,1,4,0,0,0,0,0,0,0,0,0,0,0,0,11,95,0,0,23,1589,1522,0,19,375,0,13,0,1,722,1080,91,795,15,177,21,420,29,61,1,14,3,46,1,14,3,11,0,13,5,116,5,45,352,2867,3,6,3,21,6,98,1,8,0,0,7,83,13,250,0,2,3,114,0,0,0,30,1,2,1,1,2,13,0,0,0,1,2,1,3,7,2,2,3,11,8,4,0,0,0,0,0,1,0,0,0,2,0,0,0,3,0,9,0,0,0,0,1,4,0,0,0,3,0,1,0,3,1,22,0,3,0,4,0,0,0,0,1,1,0,0,0,0,0,8,2,34,1,3,0,0,4,0
131,8,21,1,52,3,25,0,32,0,0,0,12,1,81,8,7,0,6,2,0,0,0,0,1,0,0,0,0,0,0,0,624,1,0,0,54,8,129,19,0,297,1535,4,283,0,140,30,52,6,824,9,65,1,113,1,60,1,408,11,281,3,161,6,119,3,83,0,37,1,1315,109,74,2,249,12,1207,6,195,0,0,0,36,1,409,0,550,0,485,1,324,0,834,3,3,5,2,5,138,19,7,6,4,6,2,2,20,35,12,10,8,41,21,29,0,2,1,1,0,12,1,0,18,0,56,0,8,0,8,0,2,0,20,1,164,0,4,0,524,0,36,1,136,0,1084,22,15,1,2,0,0,0,0,0,2,3,60,1,23,2,19,4,384,1,22,1,0,0,17,4
1,85,3,15,3,19,1,11,0,18,0,8,0,22,3,38,0,21,1,4,1,1,5,19,0,0,0,0,0,4,0,0,1,534,0,0,7,82,68,375,297,0,9,1670,1,266,89,45,3,57,42,541,1,88,3,51,3,37,19,1246,6,184,5,145,6,41,1,55,1,11,229,1273,3,65,10,258,0,1066,0,137,0,0,0,27,2,152,0,582,0,394,0,424,0,850,1,8,2,5,9,63,0,4,0,4,6,2,19,34,11,20,4,19,25,32,0,1,0,2,0,12,0,0,0,3,0,25,0,5,2,31,0,6,0,3,4,18,1,4,0,631,0,118,0,96,7,1228,0,18,0,39,0,0,0,0,2,6,4,19,1,5,0,41,0,420,8,12,0,0,13,1
6,0,0,1,0,0,1,0,2,1,0,0,1,1,3,2,16,9,0,0,0,0,27,0,1,0,0,0,0,0,0,0,85,1,0,0,0,1,3,0,1535,9,0,8,82,0,5,1,3,0,384,0,3,0,5,0,9,0,1115,0,13,2,4,0,6,0,3,0,1,0,16,1,4,0,16,2,30,0,9,0,0,0,1,0,51,0,9,0,32,0,1,0,80,0,3,3,1,3,4,15,8,7,2,2,4,0,31,37,10,7,7,36,0,1,1,1,0,0,1,1,0,0,1,0,0,0,0,0,0,0,0,0,0,0,3,0,0,0,1,1,4,1,2,0,30,0,1,0,0,0,0,0,0,0,0,0,0,0,2,0,0,0,4,1,1,1,0,0,1,0
3,1,0,0,0,3,2,2,0,0,0,0,1,1,4,3,1,4,0,0,0,0,0,9,0,0,0,0,0,0,0,0,2,31,0,0,1,1,3,13,4,1670,8,0,0,413,0,4,2,1,0,378,0,2,1,5,0,10,0,746,21,2,6,1,4,0,2,2,0,1,17,90,9,3,5,10,1,77,0,6,0,0,0,2,2,18,0,88,0,19,0,351,0,52,2,3,0,2,1,5,4,1,0,2,3,2,11,8,4,5,8,6,1,1,1,0,0,1,0,1,0,0,0,0,0,0,0,1,0,2,0,0,0,0,0,0,0,0,0,23,0,2,0,0,0,20,0,0,0,1,0,0,0,0,0,0,0,2,3,6,0,9,9,8,0,6,0,0,0,0
2,1,4,0,2,0,1,0,4,0,1,0,0,0,1,0,51,0,2,0,1,0,5,0,1,0,0,0,1,0,0,0,14,0,0,0,0,0,0,0,283,1,82,0,0,0,0,0,0,0,0,0,0,0,1,0,0,0,30,0,1,0,1,0,1,0,0,0,0,0,0,0,2,0,8,0,154,4,160,0,0,0,0,0,0,0,265,1,11,0,68,0,40,1,0,0,0,0,0,1,0,0,0,0,1,0,1,0,0,0,0,1,0,0,0,0,0,0,0,0,5,0,0,0,57,0,0,0,0,0,3,0,19,0,51,0,0,0,2,0,0,0,0,0,2,0,1,0,0,0,1,0,0,0,0,0,121,1,0,0,0,0,24,0,5,0,0,0,0,0
0,4,0,5,0,15,0,0,0,2,1,22,0,0,1,7,7,12,0,2,0,1,0,1,0,0,0,2,0,6,0,3,0,7,0,0,0,1,0,1,0,266,0,413,0,0,0,0,0,0,0,0,0,1,0,0,0,1,0,22,2,2,1,1,0,0,0,0,0,0,0,1,0,2,1,71,3,282,0,47,0,0,0,0,0,0,0,724,0,32,0,93,0,84,0,1,1,0,2,4,0,0,0,0,0,1,1,1,4,0,0,1,4,0,0,0,0,0,0,0,0,4,0,0,0,47,0,4,0,0,0,5,0,3,0,25,0,1,0,5,0,0,0,0,0,0,0,0,0,0,0,0,1,2,0,2,1,219,0,1,0,4,0,49,0,9,0,0,0,0
29,0,10,0,9,0,4,0,2,0,0,0,18,0,7,1,0,0,1,0,0,0,0,0,0,0,0,0,0,0,0,0,112,0,0,0,3,1,1464,722,140,89,5,0,0,0,0,297,1558,52,3542,46,1532,13,2539,1,579,1,105,4,26,0,28,1,10,0,4,0,35,0,1205,424,12,0,11,1,37,0,0,0,0,0,110,3,208,3,1,0,119,1,0,0,15,0,0,0,1,1,3,0,0,1,0,2,0,1,3,3,1,1,2,3,3,3,0,0,0,0,0,1,0,0,1,0,0,0,0,0,1,0,0,0,0,0,0,1,0,0,0,0,2,0,0,0,13,0,1,0,1,0,0,0,0,0,0,0,0,0,1,0,4,0,16,0,0,0,0,0,0,0
0,11,0,3,1,1,0,0,0,1,0,0,0,13,0,4,0,0,0,0,0,0,0,0,0,0,0,0,0,0,0,0,1,64,0,0,0,3,34,1080,30,45,1,4,0,0,297,0,139,1537,5,3399,2,1037,1,983,0,724,2,210,0,3,0,7,0,2,0,12,0,5,123,1783,0,6,0,7,1,60,0,3,0,0,1,42,2,310,0,2,2,243,0,0,0,51,0,0,0,0,0,2,0,1,0,0,0,0,2,1,1,2,0,2,6,2,1,0,0,0,0,2,0,0,0,0,0,0,0,0,0,1,0,0,0,0,0,1,0,0,0,0,0,3,0,2,1,16,0,0,0,3,0,0,0,0,0,0,0,0,0,0,0,2,0,0,0,0,0,0,0,0
28,4,26,1,5,2,3,0,4,1,0,0,9,2,13,2,0,0,1,0,0,0,0,0,0,0,0,0,0,0,0,0,41,7,0,0,41,5,359,91,52,3,3,2,0,0,1558,139,0,920,112,19,5269,123,776,9,48,1,14,6,13,2,132,4,8,1,14,7,25,0,705,214,12,1,3,1,23,4,2,1,0,0,40,6,65,19,0,0,56,6,0,0,9,1,0,0,0,0,0,1,0,0,0,0,0,0,0,2,0,1,2,0,0,3,0,1,0,0,0,0,0,0,0,0,0,0,0,0,1,0,0,0,0,0,0,0,0,0,0,0,1,0,0,0,4,2,1,0,0,0,0,0,0,0,0,0,0,0,1,0,0,1,9,2,1,0,0,0,0,0
0,82,0,28,0,8,0,4,0,4,0,0,1,18,3,21,0,0,0,0,0,0,0,0,0,0,0,0,0,0,0,0,1,107,0,0,4,38,36,795,6,57,0,1,0,0,52,1537,920,0,0,245,2,4835,0,1334,0,109,0,54,2,28,1,112,1,17,2,104,1,43,99,3603,1,25,2,21,0,86,0,3,0,0,0,98,2,229,0,1,0,216,0,0,1,42,0,0,0,0,2,4,0,0,0,0,0,0,2,1,1,1,0,3,3,3,0,0,0,0,0,1,0,0,0,0,0,0,0,0,0,4,0,0,0,0,0,6,1,0,0,0,0,1,0,2,3,3,0,2,0,3,0,0,0,0,0,0,0,0,0,0,0,6,0,6,0,1,0,0,4,0
20,1,3,0,6,0,0,0,5,0,1,0,6,1,8,3,0,0,1,1,0,0,0,0,0,0,0,0,0,0,0,0,208,0,0,0,4,0,170,15,824,42,384,0,0,0,3542,5,112,0,0,20,236,0,947,0,544,0,659,2,29,1,17,0,2,0,4,0,16,0,1080,30,5,1,18,0,50,1,2,0,0,0,116,0,309,0,0,0,287,0,0,0,75,1,3,2,2,3,202,1,109,6,335,14,4,0,10,5,3,4,4,5,10,20,5,69,3,3,1,5,0,0,2,0,0,0,1,0,0,0,0,0,0,0,11,0,1,0,7,0,4,0,8,0,52,5,1,0,0,0,0,0,0,0,1,0,0,0,0,0,2,1,12,0,0,0,0,0,2,0
1,16,0,3,0,0,0,1,0,1,0,0,0,8,1,5,0,0,0,0,0,0,0,0,0,0,0,0,0,0,0,0,0,127,0,0,1,3,10,177,9,541,0,378,0,0,46,3399,19,245,20,0,1,230,0,480,0,509,0,1653,2,9,0,4,1,3,0,3,1,2,12,728,0,7,0,10,1,138,0,0,0,0,0,45,0,683,0,15,0,420,0,0,0,164,0,76,1,16,4,186,5,291,27,1139,1,2,5,36,3,22,1,6,23,129,31,367,18,10,1,11,0,0,0,5,0,0,0,0,0,1,0,0,0,0,0,4,0,0,0,10,0,9,0,23,0,80,0,1,0,17,0,0,0,0,0,0,0,0,0,2,0,6,2,5,2,0,0,0,3,1
76,1,38,0,3,0,3,0,3,0,0,0,13,0,19,1,0,0,0,0,0,0,0,0,0,0,0,0,0,0,0,0,64,0,0,0,13,5,224,21,65,1,3,0,0,0,1532,2,5269,2,236,1,0,1,4992,0,381,0,41,0,24,0,840,0,16,1,26,0,84,0,419,4,27,0,9,0,29,2,2,0,0,0,86,2,112,0,1,0,133,0,0,0,21,0,1,0,0,0,2,5,1,0,0,0,1,1,2,0,0,2,7,3,3,1,0,0,0,0,0,0,0,0,0,0,0,0,0,0,2,0,0,0,0,0,2,0,1,0,0,0,2,0,0,0,10,0,0,0,0,0,0,0,0,0,1,1,0,0,0,0,2,0,8,1,0,0,0,0,0,0
1,143,1,39,0,14,0,5,0,5,0,0,2,28,4,40,0,0,0,0,0,0,0,0,0,0,0,0,0,0,0,0,1,116,0,0,5,44,28,420,1,88,0,2,0,1,13,1037,123,4835,0,230,1,0,1,4240,0,258,0,149,2,82,5,622,4,185,3,249,0,386,13,535,1,39,2,35,0,122,0,3,0,0,1,88,0,298,0,3,1,720,0,0,0,109,1,1,1,0,3,7,0,0,1,0,1,1,6,3,3,3,0,4,14,5,0,0,0,0,0,2,0,0,0,1,0,0,0,1,0,5,0,0,0,1,0,10,0,0,0,2,0,3,0,2,2,8,0,1,0,2,0,0,0,0,0,1,0,0,0,0,0,6,1,35,1,2,0,0,4,0
143,1,48,0,12,0,6,0,3,0,0,0,56,0,32,5,1,0,1,0,0,0,0,0,0,0,0,0,0,0,0,0,245,1,0,0,10,3,341,29,113,3,5,1,1,0,2539,1,776,0,947,0,4992,1,0,0,3715,0,241,1,111,1,976,3,882,0,35,0,1397,0,348,6,47,1,27,4,93,0,8,0,0,0,333,0,719,1,4,0,2277,0,0,0,427,0,1,1,2,0,9,4,1,2,0,0,0,2,4,0,2,1,7,11,4,0,0,0,0,0,0,0,0,0,0,0,1,0,0,0,2,0,1,0,0,0,2,0,0,0,1,0,3,0,1,0,17,0,1,0,2,0,0,0,0,0,1,0,0,0,0,0,1,0,21,0,1,1,0,0,2,0
0,123,0,12,0,7,0,1,0,4,0,0,0,25,3,8,0,0,0,0,0,0,0,0,0,0,0,0,0,0,0,0,0,120,0,0,4,7,4,61,1,51,0,5,0,0,1,983,9,1334,0,480,0,4240,0,0,0,1525,0,324,2,79,0,295,1,180,0,132,0,735,1,72,0,24,0,15,0,81,0,3,0,0,0,91,0,504,0,21,0,3272,0,4,0,519,0,0,0,0,0,2,0,0,0,0,0,0,0,0,0,0,0,1,1,0,0,0,0,0,0,0,0,0,0,0,0,1,0,0,0,2,0,1,0,0,0,1,0,0,0,2,0,2,0,1,0,8,0,0,0,1,0,0,0,0,0,0,0,0,0,1,0,0,0,8,0,0,0,0,0,0
21,0,9,0,2,0,1,0,2,0,0,0,13,0,1,1,0,0,0,0,0,0,0,0,0,0,0,0,0,0,0,0,111,0,0,0,1,1,57,1,60,3,9,0,0,0,579,0,48,0,544,0,381,0,3715,0,0,0,907,0,21,0,25,0,4,0,1,0,28,0,52,2,6,0,4,0,12,0,0,0,0,0,90,0,338,0,4,0,552,0,0,0,508,0,1,0,0,1,1,0,2,0,0,0,0,0,0,2,1,0,1,1,1,0,0,0,0,0,0,0,0,0,0,0,0,0,1,0,0,0,0,0,0,0,1,0,0,0,0,0,0,0,0,0,11,0,0,0,0,0,0,0,0,0,0,0,0,0,0,0,0,0,1,0,0,0,0,0,0,2
0,3,0,0,0,0,0,0,0,1,0,0,0,2,0,0,0,0,0,0,0,0,0,0,0,0,0,0,0,0,0,0,0,35,0,0,0,1,0,14,1,37,0,10,0,1,1,724,1,109,0,509,0,258,0,1525,0,0,0,434,0,2,0,2,0,1,0,2,0,1,0,9,0,1,0,1,0,19,0,0,0,0,0,8,0,137,0,16,0,493,0,3,0,1217,0,0,0,0,0,1,0,0,0,0,0,0,0,0,0,0,0,0,0,1,0,0,0,0,0,1,0,0,0,0,0,0,0,0,0,0,0,0,0,0,0,0,0,0,0,1,0,0,0,0,0,4,0,0,0,2,0,0,0,0,0,0,0,0,0,0,0,1,0,0,0,0,0,0,0,0
8,0,1,1,0,0,1,0,0,0,1,0,4,0,1,0,0,0,0,0,0,0,0,0,0,0,0,0,0,0,0,0,214,0,0,0,2,0,16,3,408,19,1115,0,30,0,105,2,14,0,659,0,41,0,241,0,907,0,0,1,9,0,1,0,2,0,0,0,0,0,66,10,3,0,4,1,46,0,2,0,0,0,32,0,319,0,200,0,457,0,731,0,1808,0,4,0,1,0,5,0,59,1,234,0,3,0,2,2,2,0,1,0,1,1,0,0,0,0,0,0,0,0,2,0,0,0,3,0,0,0,0,0,0,0,3,0,0,0,3,0,1,0,2,0,23,0,1,0,0,0,0,0,0,0,0,0,1,0,0,0,1,0,1,0,0,0,0,0,0,0
0,7,0,2,0,4,0,2,0,2,0,6,0,6,1,2,0,0,0,0,0,0,0,0,0,0,0,1,0,2,0,0,0,325,0,0,1,0,6,46,11,1246,0,746,0,22,4,210,6,54,2,1653,0,149,1,324,0,434,1,0,0,0,1,1,0,1,1,0,0,5,18,107,0,1,0,14,1,307,0,3,0,0,0,8,0,440,0,235,0,707,0,571,0,2365,0,227,0,10,1,7,3,121,7,1343,0,3,2,14,0,10,0,2,2,3,5,16,3,0,0,1,0,0,0,1,0,1,0,1,0,4,0,0,0,0,0,2,0,0,0,29,0,9,0,7,0,64,0,1,0,3,0,0,0,1,0,0,1,7,0,1,0,1,0,3,0,0,0,0,2,0
5350,53,83,4,195,6,379,6,57,2,1,0,1888,1,126,53,0,0,4,0,0,0,0,0,0,0,0,0,0,0,0,0,757,3,0,0,78,23,32,1,281,6,13,21,1,2,26,0,13,2,29,2,24,2,111,2,21,0,9,0,0,21,1706,25,1830,2,1436,6,284,1,402,41,1267,57,1406,24,523,11,21,1,0,0,53,0,1375,1,3,0,770,1,0,0,34,0,6,7,6,6,70,49,3,4,4,9,5,8,16,60,16,9,18,9,37,28,4,1,1,0,0,7,0,0,2,0,1,0,27,2,117,1,2,0,23,0,119,7,25,2,4,0,13,2,5,0,130,1,79,1,10,1,0,0,0,0,3,4,0,0,12,1,31,5,109,4,16,1,2,2,23,5
15,5119,7,72,2,117,3,100,0,75,0,6,1,1159,23,166,0,0,3,9,0,2,0,0,0,0,0,0,0,0,0,0,2,172,0,0,68,195,1,14,3,184,2,2,0,2,0,3,2,28,1,9,0,82,1,79,0,2,0,0,21,0,20,1736,13,1066,7,1944,0,404,65,404,62,666,41,828,2,451,0,12,0,0,1,5,3,164,0,0,1,326,0,0,0,11,3,0,1,2,13,34,4,0,0,0,10,2,21,26,6,11,8,16,26,6,0,1,0,0,0,3,0,0,0,0,0,1,0,21,0,54,0,0,2,5,4,38,2,16,0,11,1,10,0,5,5,33,0,33,0,10,0,0,0,0,0,8,0,0,1,4,2,44,7,147,5,16,0,0,29,4
436,6,45,0,42,2,35,3,15,0,2,0,19,1,52,4,0,0,2,1,0,0,0,0,0,0,0,0,1,0,0,0,143,1,0,0,32,22,13,3,161,5,4,6,1,1,28,0,132,1,17,0,840,5,976,0,25,0,1,1,1706,20,0,11,1220,5,130,7,790,0,733,30,268,18,196,15,151,4,18,0,0,0,11,2,51,0,0,0,235,2,0,0,20,0,1,5,2,4,40,23,3,2,1,1,3,2,13,18,14,6,16,20,12,13,2,1,0,0,0,3,0,0,2,0,1,0,9,2,30,1,3,0,11,0,28,5,4,1,2,1,15,0,7,0,30,0,11,1,3,2,0,0,0,0,1,2,0,0,2,0,16,2,49,5,8,0,0,0,10,4
8,763,6,88,2,69,1,46,3,20,0,1,1,25,8,107,0,0,2,3,0,0,0,0,0,0,0,0,0,0,0,0,0,33,0,0,19,75,3,11,6,145,0,1,0,1,1,7,4,112,0,4,0,622,3,295,0,2,0,1,25,1736,11,0,17,1392,5,301,1,1256,49,1009,15,253,10,233,3,240,1,9,0,0,2,19,6,38,0,1,1,125,0,0,0,11,2,1,1,0,18,27,1,1,0,1,1,1,5,25,7,6,8,7,34,6,0,0,1,0,0,3,0,0,1,0,0,1,1,10,0,20,0,1,0,1,2,20,0,9,0,3,0,6,0,5,2,7,2,10,1,4,0,0,0,0,0,2,0,0,1,4,0,28,0,92,0,8,0,3,15,4
260,4,32,1,63,1,11,0,5,1,0,0,13,1,12,4,0,0,1,1,0,0,0,0,0,0,0,0,0,0,0,0,95,1,0,0,10,15,26,0,119,6,6,4,1,0,10,0,8,1,2,1,16,4,882,1,4,0,2,0,1830,13,1220,17,0,0,988,6,2174,0,59,16,26,2,104,9,95,1,9,0,0,0,22,1,385,1,0,0,612,1,0,0,15,1,1,0,2,0,24,9,1,2,0,0,2,1,7,16,5,2,7,6,12,4,0,2,0,0,0,1,0,0,1,0,0,0,6,0,17,3,0,0,5,0,14,1,1,0,0,0,4,0,7,0,19,0,11,1,0,0,0,0,0,0,1,0,0,0,3,0,12,0,29,1,4,1,0,0,5,0
3,158,0,29,0,26,0,14,0,8,0,0,0,4,2,19,0,0,0,0,0,0,0,0,0,0,0,0,0,0,0,0,1,18,0,0,2,32,1,13,3,41,0,0,0,0,0,2,1,17,0,3,1,185,0,180,0,1,0,1,2,1066,5,1392,0,0,2,2749,0,1991,10,82,1,21,4,31,1,54,0,3,0,0,0,8,0,46,0,0,0,105,0,0,0,4,0,0,0,0,1,5,0,0,0,0,1,0,1,2,1,0,0,0,6,1,0,0,0,0,0,0,0,0,0,0,0,0,0,1,0,3,0,0,0,0,1,3,0,1,1,0,0,0,0,1,0,3,0,1,0,0,0,0,0,0,0,0,0,0,0,1,2,6,0,24,0,1,0,1,2,1
258,3,7,0,45,0,11,0,8,1,0,0,315,1,15,1,0,0,1,0,0,0,0,0,0,0,0,0,0,0,0,0,150,3,0,0,27,13,93,5,83,1,3,2,0,0,4,0,14,2,4,0,26,3,35,0,1,0,0,1,1436,7,130,5,988,2,0,2,595,1,115,13,22,4,90,6,89,2,5,1,0,0,21,0,1038,0,0,0,330,0,0,0,0,0,1,5,0,1,14,10,1,1,0,1,0,3,4,8,6,1,14,7,4,6,1,1,0,0,0,0,0,0,3,0,0,0,6,0,9,0,1,0,2,0,12,1,0,0,1,0,10,0,0,0,11,0,3,0,0,0,0,0,0,0,0,0,0,0,1,0,13,0,26,0,3,2,0,0,6,2
10,974,0,190,5,242,2,69,0,20,0,0,0,378,15,43,0,0,1,3,0,1,0,0,0,0,0,0,0,0,0,0,3,42,0,0,11,140,10,116,0,55,0,2,0,0,0,12,7,104,0,3,0,249,0,132,0,2,0,0,6,1944,7,301,6,2749,2,0,2,1036,18,164,5,20,8,114,0,94,0,0,0,0,1,28,0,796,0,0,0,233,0,0,0,3,1,1,0,0,2,6,0,0,0,2,1,0,2,4,2,2,0,4,5,1,0,0,0,0,0,1,0,0,0,2,0,0,2,5,0,6,0,0,0,0,1,6,0,5,0,0,0,0,0,0,0,3,0,6,0,2,0,0,0,0,1,2,0,0,0,3,0,4,2,25,0,1,0,0,4,0
224,1,70,0,38,0,10,2,4,0,0,0,56,0,25,5,0,0,0,0,0,0,0,0,0,0,0,0,0,0,0,0,66,0,0,0,3,7,85,5,37,1,1,0,0,0,35,0,25,1,16,1,84,0,1397,0,28,0,0,0,284,0,790,1,2174,0,595,2,0,0,77,1,31,0,27,1,46,0,2,0,0,0,64,0,368,0,0,0,1606,0,0,0,18,0,1,0,0,0,3,0,1,0,0,0,1,0,3,4,1,0,4,1,4,1,0,0,0,0,0,2,0,0,0,0,0,0,0,0,8,0,0,0,2,0,1,0,1,0,0,0,4,0,0,0,3,0,3,0,0,0,0,0,0,0,0,1,0,0,0,0,3,1,18,0,0,0,0,0,3,0
2,259,0,18,0,18,0,3,0,2,0,0,0,11,4,5,0,0,0,2,0,0,0,0,0,0,0,0,0,0,0,0,0,42,0,0,2,17,4,45,1,11,0,1,0,0,0,5,0,43,0,2,0,386,0,735,0,1,0,5,1,404,0,1256,0,1991,1,1036,0,0,3,80,0,15,0,10,0,30,0,4,0,0,0,53,0,691,0,1,0,1582,0,0,0,35,0,1,0,0,0,1,2,0,0,0,0,0,0,1,0,2,1,1,4,0,0,0,0,0,0,0,0,0,0,0,0,0,0,0,0,2,0,0,0,0,0,0,0,0,0,1,0,0,0,0,1,1,0,1,0,1,0,0,0,0,0,0,0,0,0,0,0,1,0,5,1,0,0,0,1,0
700,21,368,6,105,7,55,7,49,1,0,0,24,5,631,48,0,0,7,1,0,0,0,0,0,0,0,0,0,0,0,0,121,4,0,0,2786,61,2350,352,1315,229,16,17,0,0,1205,123,705,99,1080,12,419,13,348,1,52,0,66,18,402,65,733,49,59,10,115,18,77,3,0,753,645,56,327,26,127,13,15,1,0,0,46,2,98,1,1,1,71,3,0,0,5,4,4,1,1,2,31,22,1,1,0,3,4,1,13,26,8,6,19,9,9,8,2,0,0,0,0,0,0,0,4,1,3,0,8,1,30,1,0,0,8,0,31,3,6,3,0,0,5,0,1,0,55,11,18,0,2,2,0,0,1,0,7,1,0,0,3,0,10,2,44,6,9,1,0,0,13,4
21,539,5,262,8,62,5,42,2,38,0,0,1,20,27,571,0,0,1,10,0,0,0,0,0,0,0,0,0,0,0,0,6,67,0,0,41,3054,218,2867,109,1273,1,90,0,1,424,1783,214,3603,30,728,4,535,6,72,2,9,10,107,41,404,30,1009,16,82,13,164,1,80,753,0,28,903,24,204,9,193,2,8,0,0,1,43,6,73,0,1,5,40,0,0,0,10,1,2,2,2,9,30,3,0,2,1,6,1,11,13,7,6,7,13,22,3,1,2,0,0,0,1,1,0,0,1,0,0,2,7,0,19,0,0,0,2,1,27,0,6,0,6,0,4,0,4,6,25,0,11,0,6,0,0,0,0,0,4,0,0,0,4,1,19,1,104,5,4,0,1,12,3
1428,203,178,7,96,6,184,4,38,3,1,0,32,4,1969,214,0,0,5,0,0,0,0,0,0,0,0,0,0,0,0,0,179,5,0,0,518,56,5,3,74,3,4,9,2,0,12,0,12,1,5,0,27,1,47,0,6,0,3,0,1267,62,268,15,26,1,22,5,31,0,645,28,0,273,626,40,90,13,3,0,0,0,6,1,20,2,0,0,47,2,0,0,11,0,2,3,0,2,24,19,2,1,0,4,1,2,4,13,9,9,7,2,11,6,3,0,1,1,0,3,0,0,3,0,1,0,22,0,24,0,0,0,8,0,50,1,26,2,1,0,1,0,1,0,48,2,20,6,5,0,0,0,0,0,3,0,0,0,3,1,15,4,40,5,8,1,0,0,6,5
63,1534,11,71,8,47,9,114,2,49,0,1,3,97,121,1361,0,0,0,5,0,1,0,1,0,0,0,0,0,1,0,0,9,58,0,0,266,437,1,6,2,65,0,3,0,2,0,6,1,25,1,7,0,39,1,24,0,1,0,1,57,666,18,253,2,21,4,20,0,15,56,903,273,0,85,509,5,159,1,5,0,0,0,8,0,23,0,0,1,21,0,0,0,5,4,1,1,0,8,17,1,1,1,2,2,2,11,11,3,2,7,6,19,4,0,0,0,1,0,0,0,0,0,6,0,1,1,26,3,37,0,2,0,3,4,28,1,19,0,1,0,6,1,3,6,20,0,32,1,19,0,0,0,1,0,3,0,0,0,2,0,14,2,82,0,8,0,0,9,1
1583,116,753,122,1935,108,625,29,871,11,74,5,118,5,557,149,94,177,592,171,124,72,50,20,37,8,1,3,41,9,4,0,719,13,0,0,473,49,22,3,249,10,16,5,8,1,11,0,3,2,18,0,9,2,27,0,4,0,4,0,1406,41,196,10,104,4,90,8,27,0,327,24,626,85,0,178,2133,25,86,0,0,0,31,1,68,4,18,5,35,3,0,0,7,0,2,4,4,11,76,32,2,4,0,10,4,3,13,64,18,12,11,6,47,18,1,0,1,0,0,1,104,1,96,1,76,1,167,4,82,0,63,0,20,1,1054,10,347,8,7,0,23,0,16,0,322,1,152,1,27,0,47,92,40,64,283,30,68,6,11,1,49,6,89,11,25,6,1,1,20,3
46,1653,85,921,69,2240,13,1123,25,795,4,326,0,225,88,598,43,59,195,490,12,77,2,70,3,43,0,30,5,80,0,62,18,843,0,0,100,454,5,21,12,258,2,10,0,71,1,7,1,21,0,10,0,35,4,15,0,1,1,14,24,828,15,233,9,31,6,114,1,10,26,204,40,509,178,0,43,3145,2,106,0,0,1,10,5,40,1,47,0,45,1,5,1,15,6,3,6,7,25,58,4,3,4,3,8,3,32,34,13,20,12,23,70,7,0,0,1,0,0,14,0,122,0,202,0,94,7,388,0,151,0,32,0,13,15,564,3,222,0,12,0,11,0,13,7,93,1,148,0,62,3,12,58,58,27,202,21,325,4,19,4,77,4,234,10,30,0,2,41,6
245,9,415,40,527,26,134,5,717,8,270,1,39,1,251,45,170,3,371,39,22,9,18,2,65,0,12,0,164,0,15,0,1636,3,0,0,99,24,33,6,1207,0,30,1,154,3,37,1,23,0,50,1,29,0,93,0,12,0,46,1,523,2,151,3,95,1,89,0,46,0,127,9,90,5,2133,43,0,22,583,0,0,0,8,0,104,1,867,2,299,2,102,0,470,1,2,2,0,3,8,6,2,2,1,1,0,1,7,28,6,4,3,8,5,3,0,0,0,0,0,3,3,0,3,0,57,0,16,0,2,1,5,0,21,0,75,2,22,1,51,0,6,0,5,0,34,1,6,0,2,0,5,3,1,15,47,19,449,16,8,2,14,0,77,1,12,0,0,0,2,0
5,349,38,448,30,707,5,131,6,592,1,541,0,158,38,406,17,198,93,272,1,28,0,47,0,71,0,41,2,185,0,47,13,1950,0,0,52,250,16,98,6,1066,0,77,4,282,0,60,4,86,1,138,2,122,0,81,0,19,0,307,11,451,4,240,1,54,2,94,0,30,13,193,13,159,25,3145,22,0,1,400,0,0,0,51,1,95,0,644,1,218,0,96,0,304,3,0,2,1,14,36,2,3,3,2,6,2,9,13,9,14,6,12,24,15,0,0,1,0,0,2,0,2,0,7,0,38,0,66,0,25,0,9,0,3,3,59,0,24,0,86,0,19,0,19,3,180,1,21,0,11,0,1,25,7,15,98,12,552,1,10,2,25,1,86,4,29,0,0,14,1
14,1,51,8,81,5,13,2,61,0,12,0,4,0,63,9,0,0,26,1,0,0,0,0,1,0,0,0,2,0,0,0,34,2,0,0,7,5,2,1,195,0,9,0,160,0,0,0,2,0,2,0,2,0,8,0,0,0,2,0,21,0,18,1,9,0,5,0,2,0,15,2,3,1,86,2,583,1,0,0,0,0,0,0,3,0,4,0,5,0,4,0,13,0,0,0,0,0,2,0,1,1,0,0,0,1,1,2,0,0,0,3,0,0,0,0,0,0,0,1,1,0,1,0,15,0,0,0,0,0,0,0,2,0,34,1,1,1,18,0,0,0,1,0,6,0,0,0,0,0,0,0,0,0,4,4,23,0,2,0,0,0,23,0,4,0,0,0,0,0
0,12,1,28,0,67,0,1,0,49,0,3,0,0,1,4,0,1,6,28,0,2,0,3,0,0,0,0,0,0,0,0,0,10,0,0,2,19,1,8,0,137,0,6,0,47,0,3,1,3,0,0,0,3,0,3,0,0,0,3,1,12,0,9,0,3,1,0,0,4,1,8,0,5,0,106,0,400,0,0,0,0,0,0,0,3,0,0,0,2,0,0,0,4,1,0,1,0,3,6,2,1,0,0,0,0,4,6,1,1,0,3,2,2,0,0,0,0,0,0,0,0,0,0,0,23,0,0,0,0,0,1,0,2,0,6,0,3,0,49,0,1,0,4,0,24,0,1,0,0,0,0,2,0,1,6,0,5,2,3,0,9,0,42,5,9,0,0,1,0
0,0,0,0,0,0,0,0,0,0,0,0,0,0,0,0,0,0,0,0,0,0,0,0,0,0,0,0,0,0,0,0,0,0,0,0,0,0,0,0,0,0,0,0,0,0,0,0,0,0,0,0,0,0,0,0,0,0,0,0,0,0,0,0,0,0,0,0,0,0,0,0,0,0,0,0,0,0,0,0,0,0,0,0,0,0,0,0,0,0,0,0,0,0,0,0,0,0,0,0,0,0,0,0,0,0,0,0,0,0,0,0,0,0,0,0,0,0,0,0,0,0,0,0,0,0,0,0,0,0,0,0,0,0,0,0,0,0,0,0,0,0,0,0,0,0,0,0,0,0,0,0,0,0,0,0,0,0,0,0,0,0,0,0,0,0,0,0,0,0
0,0,0,0,0,0,0,0,0,0,0,0,0,0,0,0,0,0,0,0,0,0,0,0,0,0,0,0,0,0,0,0,0,0,0,0,0,0,0,0,0,0,0,0,0,0,0,0,0,0,0,0,0,0,0,0,0,0,0,0,0,0,0,0,0,0,0,0,0,0,0,0,0,0,0,0,0,0,0,0,0,0,0,0,0,0,0,0,0,0,0,0,0,0,0,0,0,0,0,0,0,0,0,0,0,0,0,0,0,0,0,0,0,0,0,0,0,0,0,0,0,0,0,0,0,0,0,0,0,0,0,0,0,0,0,0,0,0,0,0,0,0,0,0,0,0,0,0,0,0,0,0,0,0,0,0,0,0,0,0,0,0,0,0,0,0,0,0,0,0
34,1,5,1,14,0,8,1,7,0,0,0,38,0,9,0,0,0,0,0,0,0,0,0,0,0,0,0,0,0,0,0,42,0,0,0,3,4,71,7,36,0,1,0,0,0,110,1,40,0,116,0,86,1,333,0,90,0,32,0,53,1,11,2,22,0,21,1,64,0,46,1,6,0,31,1,8,0,0,0,0,0,0,1,203,1,0,0,120,0,0,0,13,1,0,0,0,0,0,0,0,0,0,0,0,0,0,0,0,0,0,0,0,0,0,0,0,0,0,0,0,0,1,0,0,0,2,0,0,0,0,0,1,0,0,0,1,0,0,0,1,0,2,0,23,0,0,0,0,0,0,0,0,0,0,1,0,0,0,0,2,0,2,0,0,0,0,0,0,0
1,21,0,13,2,19,1,4,0,5,0,0,0,15,1,8,0,0,0,0,0,0,0,0,0,0,0,0,0,0,0,0,0,122,0,0,1,23,10,83,1,27,0,2,0,0,3,42,6,98,0,45,2,88,0,91,0,8,0,8,0,5,2,19,1,8,0,28,0,53,2,43,1,8,1,10,0,51,0,0,0,0,1,0,0,294,0,0,0,42,0,0,0,11,0,0,0,0,0,2,0,0,0,0,1,0,0,4,2,2,2,1,1,1,0,0,0,1,0,0,0,0,0,0,0,0,0,1,0,1,0,0,0,0,0,1,0,0,0,0,0,0,0,1,0,12,0,0,0,0,0,0,0,0,0,0,0,0,0,0,0,3,0,8,1,1,0,0,0,0
783,3,21,0,91,2,22,1,2,0,0,0,330,0,26,4,0,0,1,0,0,0,0,0,0,0,0,0,0,0,0,0,178,0,0,0,8,3,186,13,409,2,51,2,0,0,208,2,65,2,309,0,112,0,719,0,338,0,319,0,1375,3,51,6,385,0,1038,0,368,0,98,6,20,0,68,5,104,1,3,0,0,0,203,0,0,1,156,0,4577,0,0,0,396,0,0,0,0,0,1,2,0,0,1,1,0,0,1,3,1,1,4,4,4,2,0,0,0,0,0,0,0,0,2,0,0,0,2,0,2,0,0,0,0,0,4,0,0,1,2,0,1,0,1,0,34,0,2,0,0,0,0,0,0,0,0,0,0,0,0,0,2,0,10,0,0,0,0,0,3,0
0,630,1,101,0,161,0,34,0,10,0,1,0,144,10,25,0,0,0,1,0,0,0,0,0,0,0,0,0,0,0,0,0,195,0,0,5,30,20,250,0,152,0,18,0,0,3,310,19,229,0,683,0,298,1,504,0,137,0,440,1,164,0,38,1,46,0,796,0,691,1,73,2,23,4,40,1,95,0,3,0,0,1,294,1,0,0,889,0,1298,0,3,0,243,0,0,0,0,2,8,0,1,0,0,1,0,1,0,2,1,3,2,4,3,0,0,0,0,0,0,0,0,0,2,0,0,1,2,0,2,0,0,0,0,1,3,0,2,0,8,0,5,0,2,0,52,0,1,0,5,0,0,0,0,1,3,0,0,0,0,1,1,0,5,0,0,0,0,0,0
1,0,31,1,51,0,11,0,52,1,74,0,210,0,7,1,7,0,40,7,2,1,3,0,4,0,2,0,47,0,7,1,325,1,0,0,4,1,0,0,550,0,9,0,265,0,1,0,0,0,0,0,1,0,4,0,4,0,200,0,3,0,0,0,0,0,0,0,0,0,1,0,0,0,18,1,867,0,4,0,0,0,0,0,156,0,0,0,875,0,25,0,940,0,0,0,0,0,0,0,0,0,0,0,0,0,0,0,0,0,0,1,0,0,0,0,0,0,0,0,0,0,0,0,3,0,0,0,0,0,0,0,1,0,0,0,0,0,2,0,0,0,0,0,1,0,0,0,0,0,0,0,2,1,0,0,24,0,0,0,0,0,2,0,0,0,0,0,0,0
0,4,6,55,4,85,0,1,1,6,0,141,0,0,0,0,7,38,9,56,3,23,0,31,0,6,0,24,0,51,0,25,0,146,0,0,0,2,1,2,0,582,0,88,1,724,0,2,0,1,0,15,0,3,0,21,0,16,0,235,0,0,0,1,0,0,0,0,0,1,1,1,0,0,5,47,2,644,0,0,0,0,0,0,0,889,0,0,0,388,0,668,0,371,0,0,1,0,0,0,0,0,0,0,0,0,0,0,0,0,0,0,0,0,0,0,0,0,0,0,0,0,0,0,0,2,0,0,0,1,0,0,0,0,0,4,0,0,0,4,0,0,0,2,0,3,0,1,0,0,0,3,4,11,0,5,2,62,0,0,0,0,0,2,0,2,0,0,0,0
617,2,43,0,25,0,12,0,6,0,0,0,21,0,13,6,2,0,1,0,0,0,1,0,0,0,0,0,0,0,0,0,110,0,0,0,4,2,173,3,485,0,32,0,11,0,119,2,56,0,287,0,133,1,2277,0,552,0,457,0,770,1,235,1,612,0,330,0,1606,0,71,5,47,1,35,0,299,1,5,0,0,0,120,0,4577,0,875,0,0,0,186,0,4952,0,1,0,0,0,4,0,1,0,0,0,0,0,2,2,2,1,3,7,0,0,0,0,0,0,0,1,0,0,1,0,1,0,0,0,2,0,0,0,0,0,4,1,2,0,0,0,1,0,1,0,16,0,1,0,0,0,0,0,0,0,0,0,10,0,1,0,2,1,4,1,0,0,0,0,2,1
5,1247,1,127,0,114,1,23,0,21,0,16,0,18,9,39,1,0,2,3,0,0,0,0,0,0,0,1,0,9,0,4,1,146,0,0,9,5,12,114,1,394,0,19,0,32,1,243,6,216,0,420,0,720,0,3272,0,493,0,707,1,326,2,125,1,105,0,233,0,1582,3,40,2,21,3,45,2,218,0,2,0,0,0,42,0,1298,0,388,0,0,0,791,0,5407,0,0,0,1,0,6,0,1,0,0,0,0,1,3,0,0,2,1,3,0,0,0,0,0,0,1,0,0,0,1,0,1,0,0,0,1,0,0,0,0,0,2,1,3,0,5,0,2,0,1,0,17,0,1,0,3,0,0,0,1,0,0,1,15,0,0,1,2,0,10,0,1,0,0,2,0
0,0,0,0,0,0,0,0,0,0,8,0,0,0,0,0,2,0,0,0,1,0,0,0,0,0,0,0,1,0,1,0,4,0,0,0,0,0,0,0,324,0,1,0,68,0,0,0,0,0,0,0,0,0,0,0,0,0,731,0,0,0,0,0,0,0,0,0,0,0,0,0,0,0,0,1,102,0,4,0,0,0,0,0,0,0,25,0,186,0,0,0,2250,0,0,0,0,0,0,0,0,0,0,0,0,0,0,0,0,0,0,0,0,0,0,0,0,0,0,0,0,0,0,0,0,0,0,0,0,0,0,0,0,0,0,0,0,0,0,0,0,0,0,0,0,0,0,0,0,0,0,0,0,0,0,0,6,0,0,0,0,0,0,0,0,0,0,0,0,0
0,0,0,1,0,3,0,0,0,4,0,11,0,0,0,0,0,0,0,2,0,1,0,0,0,0,0,1,0,4,0,1,0,25,0,0,0,0,0,0,0,424,0,351,0,93,0,0,0,0,0,0,0,0,0,4,0,3,0,571,0,0,0,0,0,0,0,0,0,0,0,0,0,0,0,5,0,96,0,0,0,0,0,0,0,3,0,668,0,791,0,0,0,1953,0,0,0,0,0,0,0,0,0,0,0,0,0,0,0,0,0,0,0,0,0,0,0,0,0,0,0,0,0,0,0,1,0,0,0,0,0,0,0,0,0,0,0,0,0,2,0,0,0,0,0,0,0,0,0,0,0,0,1,0,0,0,0,12,0,0,0,0,0,0,0,0,0,0,0,0
61,0,8,0,6,0,3,0,4,0,0,0,0,0,4,1,2,0,0,0,0,0,0,0,0,0,0,0,0,0,1,0,106,0,0,0,1,0,26,0,834,0,80,0,40,0,15,0,9,1,75,0,21,0,427,0,508,0,1808,0,34,0,20,0,15,0,0,0,18,0,5,0,11,0,7,1,470,0,13,0,0,0,13,0,396,0,940,0,4952,0,2250,0,0,0,0,0,0,0,0,0,0,0,0,0,0,0,0,0,0,0,1,0,0,0,0,0,0,0,0,0,0,0,0,0,0,0,0,0,1,0,0,0,0,0,1,1,1,0,3,0,1,0,1,0,6,0,0,0,0,0,0,0,0,0,1,0,17,0,0,0,0,0,1,0,0,0,0,0,0,0
0,32,1,4,0,7,0,0,0,0,0,18,0,3,0,1,1,1,0,1,0,0,0,0,0,0,0,0,0,5,0,1,0,165,0,0,0,0,1,30,3,850,0,52,1,84,0,51,1,42,1,164,0,109,0,519,0,1217,0,2365,0,11,0,11,1,4,0,3,0,35,4,10,0,5,0,15,1,304,0,4,0,0,1,11,0,243,0,371,0,5407,0,1953,0,0,0,28,0,0,0,0,0,0,0,1,0,0,0,0,0,1,0,0,0,0,0,0,0,0,0,0,0,0,0,0,0,3,0,0,0,0,0,1,0,0,0,0,0,1,0,11,0,1,0,3,0,16,0,0,0,2,0,0,0,0,0,1,1,41,0,0,0,0,1,0,0,0,0,0,2,0
2,4,0,0,1,3,1,1,1,1,0,0,0,0,4,2,0,0,0,0,0,0,0,0,0,0,0,0,0,0,0,0,0,1,0,0,2,1,1,1,3,1,3,2,0,0,0,0,0,0,3,0,1,1,1,0,1,0,4,0,6,3,1,2,1,0,1,1,1,0,4,1,2,4,2,6,2,3,0,1,0,0,0,0,0,0,0,0,1,0,0,0,0,0,0,27,3226,21,317,32,1160,54,3263,34,889,17,1470,153,368,50,46,86,4,3,74,63,128,11,3,4,0,0,0,0,0,0,1,0,0,0,0,0,0,0,0,3,0,0,0,1,0,1,0,0,3,1,0,0,0,1,0,0,0,0,0,0,0,0,9,0,3,1,2,2,2,2,0,0,4,1
6,0,1,1,1,2,1,0,0,0,0,0,0,1,1,6,0,0,1,1,0,0,0,0,0,0,0,0,0,0,0,0,1,0,0,0,2,0,1,2,5,8,3,3,0,1,0,0,0,0,2,76,0,1,1,0,0,0,0,227,7,0,5,1,0,0,5,1,0,1,1,2,3,1,4,3,2,0,0,0,0,0,0,0,0,0,0,0,0,0,0,0,0,28,27,0,41,3128,16,318,21,1316,18,6243,33,541,120,2105,40,198,11,21,1,4,150,65,150,11,5,1,0,0,0,0,0,0,1,0,1,0,0,0,0,1,0,0,1,1,1,4,0,0,0,0,3,0,0,0,0,0,0,0,0,0,0,0,0,0,8,16,0,3,4,2,2,7,0,0,2,1
3,6,0,1,1,1,0,0,1,0,0,0,0,0,2,3,0,0,0,0,0,0,0,0,0,0,0,0,0,0,0,0,0,1,0,0,0,2,0,1,2,2,1,0,0,1,1,0,0,0,2,1,0,1,2,0,0,0,1,0,6,1,2,1,2,0,0,0,0,0,1,2,0,1,4,6,0,2,0,1,0,0,0,0,0,0,0,1,0,0,0,0,0,0,3226,41,0,56,214,26,590,45,703,26,1795,14,893,122,147,38,36,49,2,5,78,76,125,7,0,6,0,0,0,0,0,0,0,0,0,2,0,0,0,0,0,3,0,0,0,1,0,0,0,0,2,2,0,0,0,0,0,0,0,0,0,0,0,0,7,2,5,0,2,1,3,1,0,0,1,1
6,3,2,1,3,2,3,0,1,0,0,0,1,0,6,3,0,0,0,0,0,0,0,0,0,0,0,0,0,0,0,0,1,1,0,0,0,2,0,1,5,5,3,2,0,0,1,0,0,0,3,16,0,0,0,0,1,0,0,10,6,2,4,0,0,0,1,0,0,0,2,2,2,0,11,7,3,1,0,0,0,0,0,0,0,0,0,0,0,1,0,0,0,0,21,3128,56,0,14,288,44,627,20,1015,41,818,107,983,33,150,19,31,1,8,145,103,150,29,5,3,0,0,0,0,0,0,0,0,0,1,0,0,0,2,2,0,0,1,0,1,0,0,0,1,2,2,1,0,0,0,0,0,0,0,0,0,0,0,8,24,2,2,3,1,3,2,0,0,2,1
34,16,11,7,15,4,11,1,15,1,0,0,1,1,26,22,0,0,2,1,0,0,0,0,0,0,0,0,0,0,0,0,20,4,0,0,10,7,7,2,138,9,4,1,0,2,3,0,0,2,202,4,2,3,9,0,1,0,5,1,70,13,40,18,24,1,14,2,3,0,31,9,24,8,76,25,8,14,2,3,0,0,0,0,1,2,0,0,4,0,0,0,0,0,317,16,214,14,0,83,537,100,433,23,251,11,683,113,1270,62,38,65,130,148,208,77,50,58,142,467,0,0,5,0,1,1,1,1,8,0,0,0,2,3,39,22,1,2,2,0,13,0,17,0,139,4,8,2,4,1,0,0,1,0,1,2,0,0,14,3,39,9,5,4,44,37,0,1,104,6
22,26,5,5,15,14,10,6,8,5,0,0,1,2,17,31,0,0,2,1,0,0,0,1,0,0,0,0,0,0,0,0,6,8,0,0,4,15,4,13,19,63,15,5,1,4,0,2,1,4,1,186,5,7,4,2,0,1,0,7,49,34,23,27,9,5,10,6,0,1,22,30,19,17,32,58,6,36,0,6,0,0,0,2,2,8,0,0,0,6,0,0,0,0,32,318,26,288,83,0,88,447,31,334,54,156,211,1146,94,594,60,52,52,77,326,93,43,42,186,163,0,0,0,0,0,0,0,0,1,4,0,0,0,0,6,45,0,2,1,7,0,12,0,48,11,32,2,6,0,3,0,0,0,0,2,4,0,0,17,58,5,34,13,6,27,32,0,0,83,4
4,2,1,0,0,0,0,2,0,0,0,0,0,0,3,2,0,0,0,0,0,0,0,0,0,0,0,0,0,0,0,0,0,1,0,0,2,1,0,0,7,0,8,4,0,0,0,0,0,0,109,5,1,0,1,0,2,0,59,3,3,4,3,1,1,0,1,0,1,2,1,3,2,1,2,4,2,2,1,2,0,0,0,0,0,0,0,0,1,0,0,0,0,0,1160,21,590,44,537,88,0,692,3995,62,651,11,1458,125,516,54,216,86,2,37,1554,295,110,125,30,7,0,0,0,0,0,0,0,0,0,0,0,0,0,0,1,2,1,0,1,0,0,0,2,0,4,1,1,1,0,0,0,0,0,0,0,0,0,0,4,0,3,0,1,6,0,2,0,0,1,1
5,1,0,1,2,2,2,0,0,2,0,0,0,0,3,3,0,0,0,0,0,0,0,0,0,0,0,0,0,0,0,0,0,0,0,0,1,2,0,0,6,4,7,1,0,0,1,1,0,0,6,291,0,0,2,0,0,0,1,121,4,0,2,1,2,0,1,0,0,0,1,0,1,1,4,3,2,3,1,1,0,0,0,0,0,1,0,0,0,1,0,0,0,0,54,1316,45,627,100,447,692,0,96,1906,41,235,165,1106,51,279,27,115,1,41,1229,429,96,66,26,9,0,0,0,0,0,0,0,0,0,1,0,0,0,0,2,2,0,1,2,1,0,0,0,2,2,1,0,0,0,0,0,0,0,0,0,0,0,0,5,7,3,2,4,0,1,0,0,0,4,0
