0,97,2198,15,2242,27,910,30,532,5,0,0,226,11,633,251,0,0,12,2,0,0,0,0,0,0,0,0,1,0,0,0,281,22,0,0,345,226,7,0,6,2,1,0,1,0,0,0,2,1,1,0,26,0,78,0,3,0,0,0,6295,17,472,3,477,2,316,3,74,4,173,7,907,29,165,9,751,59,182,36,0,0,4,1,547,1,7,0,179,1,0,0,18,0,0,2,1,1,5,1,1,0,0,0,1,1,5,5,4,1,0,1,0,0,0,0,0,1,0,2,1,0,0,0,57,2,318,17,117,3,52,4,2,0,36,1,5,0,0,0,4,0,0,2,10,1,8,1,3,1,0,0,0,0,8,6,4,0,1,0,1,0,11,1,23,1,5,2,5,3
97,0,14,2463,26,2343,9,1037,13,133,0,2,4,296,68,997,0,0,2,16,0,0,0,0,0,0,0,0,0,0,0,1,22,233,0,0,57,336,3,7,0,10,1,0,0,0,12,21,6,75,0,4,1,100,3,111,0,9,0,2,39,4450,2,255,5,113,0,178,1,147,19,299,29,647,31,26,64,346,15,201,0,0,1,7,4,191,0,1,1,315,0,0,1,24,0,2,0,0,1,2,0,0,0,0,0,0,3,1,0,2,0,0,1,0,0,0,0,0,0,0,0,0,0,0,6,8,33,68,9,32,7,12,0,0,8,4,0,1,0,1,0,1,2,1,4,2,0,5,0,4,0,0,1,0,35,10,0,1,2,1,0,3,1,7,1,1,3,2,2,1
2198,14,0,71,6800,81,416,23,957,31,251,6,90,9,1309,86,4,12,1188,60,140,1,29,3,165,0,285,1,136,1,91,0,820,23,0,0,109,103,4,1,10,1,0,0,0,0,1,0,3,0,0,1,24,1,35,0,3,0,5,0,190,3,231,0,34,0,34,1,11,0,97,2,108,7,82,19,729,38,121,22,0,0,9,0,117,0,84,1,24,0,12,0,20,2,1,0,0,0,6,1,1,0,0,0,0,0,2,2,2,0,1,1,0,0,0,1,0,0,0,0,1,0,0,0,47,2,126,16,59,7,23,5,2,0,38,4,6,2,1,0,1,0,2,1,25,2,6,1,2,0,1,12,26,23,80,51,1,0,1,0,0,1,3,1,6,4,3,1,3,4
15,2463,71,0,87,6273,12,439,38,704,22,290,3,47,51,3115,30,133,157,2177,61,216,14,66,1,108,0,97,15,180,0,36,72,404,0,0,14,398,6,25,0,93,0,5,1,17,1,5,3,10,0,10,1,5,0,11,0,1,0,16,3,162,1,46,0,7,1,7,0,9,10,368,4,303,27,162,55,857,18,165,0,0,0,1,6,15,8,68,1,53,1,8,2,12,1,0,0,0,1,2,0,0,0,1,0,0,1,1,1,0,0,0,3,0,0,0,0,0,0,0,0,1,0,0,4,43,18,82,9,39,2,27,0,5,7,48,0,5,0,6,0,0,0,2,8,15,0,3,0,3,99,100,110,125,94,293,12,25,1,2,0,0,0,14,2,3,1,1,0,1
2242,26,6800,87,0,128,626,69,3232,50,470,2,49,8,256,174,3,6,441,72,51,0,15,1,55,0,213,0,127,2,198,0,619,55,0,0,111,127,4,9,7,1,0,0,0,0,2,0,1,0,0,1,16,2,51,0,3,0,2,1,137,9,29,1,48,0,29,0,26,0,7,8,23,5,51,20,384,59,63,34,0,0,13,0,193,3,75,0,71,2,9,0,24,1,0,0,0,1,5,0,0,0,0,0,1,1,1,1,2,2,0,0,0,0,0,0,0,1,0,0,0,0,1,0,25,7,76,28,21,4,15,6,1,0,21,15,3,2,0,0,1,0,2,0,19,8,3,2,0,0,5,12,41,17,152,63,2,1,1,1,0,1,4,1,2,2,0,1,0,3
27,2343,81,6273,128,0,18,1846,56,2810,7,745,1,107,86,806,11,45,123,382,15,26,8,10,0,54,1,548,9,112,1,164,99,405,0,0,19,256,4,15,0,56,0,5,0,7,2,6,0,30,0,4,0,21,1,25,0,6,0,9,4,151,0,43,1,16,0,13,0,25,3,81,4,155,26,162,78,497,17,135,0,0,0,3,7,46,11,32,1,89,1,7,0,9,0,0,0,1,0,2,0,0,0,1,0,1,3,0,0,1,0,0,1,0,0,0,0,0,0,0,0,0,0,0,4,40,33,72,14,29,8,21,0,2,8,62,0,3,0,5,1,1,0,4,12,11,0,8,1,3,37,20,78,56,115,196,8,7,0,2,0,2,1,4,2,3,0,1,3,3
910,9,416,12,626,18,0,13,2380,8,104,0,612,1,268,52,0,0,49,9,0,0,0,0,0,0,0,0,2,0,1,0,643,12,0,0,65,39,2,1,1,1,0,0,0,0,0,1,0,0,0,0,5,0,5,0,0,0,0,0,405,3,34,0,21,0,73,0,5,0,15,4,51,2,7,2,163,9,23,12,0,0,4,0,131,0,7,0,7,1,2,0,3,0,0,0,0,0,2,0,0,0,0,0,0,0,0,0,0,0,0,0,0,0,0,0,0,0,0,0,0,0,0,0,4,0,21,3,7,1,3,1,0,0,1,1,0,0,0,0,1,0,0,0,4,1,1,0,0,0,0,0,1,4,22,4,0,1,0,0,0,0,0,0,2,0,0,0,0,0
30,1037,23,439,69,1846,13,0,9,1696,1,40,2,1216,67,660,1,0,16,86,0,0,0,0,0,0,0,0,0,1,0,0,15,1078,0,0,13,192,4,13,0,6,0,1,0,0,1,1,0,3,0,3,0,1,0,5,0,0,1,2,3,239,2,23,0,8,1,93,1,17,2,43,1,38,15,57,31,197,7,101,0,0,0,34,2,113,2,1,2,21,0,0,0,1,0,2,0,0,0,1,0,0,0,0,0,0,0,0,1,0,2,0,0,0,0,0,0,0,0,0,0,0,0,0,7,15,19,42,5,31,3,6,0,0,1,16,0,2,1,0,1,1,0,3,3,7,1,1,0,3,0,0,6,1,33,27,0,0,0,0,0,0,0,5,1,0,0,0,3,0
532,13,957,38,3232,56,2380,9,0,25,968,4,193,4,270,43,1,1,303,43,1,0,1,0,0,0,0,0,36,1,25,0,958,21,0,0,58,41,7,4,2,2,0,0,1,0,0,0,1,0,1,0,1,0,4,0,0,0,1,0,72,3,20,0,15,0,41,0,1,0,10,1,15,2,11,6,197,29,33,22,0,0,5,0,121,0,51,0,10,2,3,0,9,0,0,0,0,1,0,0,0,0,0,0,1,1,1,0,0,1,0,0,0,0,0,0,0,0,0,0,0,0,0,0,6,0,19,11,9,4,5,4,0,0,9,6,1,1,1,0,0,0,0,1,7,0,0,0,1,0,0,0,5,2,99,45,2,0,0,1,0,0,1,1,1,0,0,0,0,0
5,133,31,704,50,2810,8,1696,25,0,13,825,1,350,26,266,6,5,66,295,7,2,2,0,1,1,0,8,4,17,0,5,51,912,0,0,6,158,1,10,0,52,0,2,0,7,0,2,0,0,0,1,0,0,0,0,0,0,0,8,0,39,1,5,0,4,0,5,0,5,2,10,0,16,5,115,24,332,5,41,0,0,0,4,4,16,2,16,0,10,1,5,1,2,0,0,0,0,0,0,0,0,0,0,0,0,1,0,0,0,0,0,0,0,0,0,0,0,0,0,0,0,0,0,4,20,7,22,1,13,2,9,0,0,3,26,0,3,0,0,0,0,0,0,1,2,0,3,0,1,6,5,28,16,37,104,1,2,0,1,1,0,0,3,0,1,0,1,1,1
0,0,251,22,470,7,104,1,968,13,0,1,1,0,7,2,0,5,148,14,87,0,28,0,87,0,243,0,921,0,355,0,683,1,0,0,2,8,0,0,2,0,0,1,0,0,0,0,0,0,0,0,0,0,0,0,0,0,0,0,2,0,0,0,0,0,0,0,0,0,1,0,0,0,11,3,127,5,36,1,0,0,0,0,14,0,179,1,7,1,12,0,11,0,0,0,0,0,1,0,0,0,1,0,0,0,0,0,0,0,0,0,0,0,0,0,0,0,0,0,0,0,0,0,6,2,3,0,1,0,2,0,0,0,1,2,0,0,0,1,0,0,0,1,2,0,0,0,0,0,4,2,24,2,20,16,0,0,0,1,0,0,0,0,0,0,1,0,0,0
0,2,6,290,2,745,0,40,4,825,1,0,0,0,0,13,7,26,21,63,9,16,3,7,0,55,0,283,3,983,0,352,2,807,0,0,1,6,0,1,0,110,0,8,0,14,0,0,0,0,0,1,0,0,0,0,0,0,1,34,0,3,0,0,0,0,0,0,0,0,0,0,0,1,4,54,4,469,1,18,0,0,0,0,0,1,0,81,0,21,0,14,0,8,0,0,0,0,0,0,0,0,0,0,0,0,0,0,1,0,0,0,0,0,0,0,0,0,0,0,0,0,0,0,0,5,0,4,0,2,0,3,0,1,0,11,0,0,0,3,0,0,0,0,0,1,0,0,0,0,18,16,14,15,5,14,0,7,0,0,0,0,0,1,0,2,0,1,0,0
226,4,90,3,49,1,612,2,193,1,1,0,0,0,52,14,0,0,5,1,0,0,0,0,0,0,0,0,1,0,0,0,747,6,0,0,78,33,38,0,4,2,0,0,0,0,0,0,5,0,1,0,16,0,24,1,2,0,1,0,1073,1,62,0,25,0,121,1,6,1,25,12,40,3,3,1,445,3,63,5,0,0,326,0,342,1,1,0,17,0,0,0,2,0,0,0,0,0,0,0,0,0,0,0,0,0,2,0,1,0,0,0,0,0,0,0,1,0,0,0,0,0,0,0,0,0,13,2,6,1,2,0,1,0,3,0,0,0,0,0,0,0,0,0,0,0,0,0,0,0,0,0,1,0,1,0,0,0,0,0,0,0,0,0,1,0,0,0,0,1
11,296,9,47,8,107,1,1216,4,350,0,0,0,0,10,86,0,0,4,20,0,0,0,0,0,0,0,0,0,0,0,0,2,1372,0,0,13,73,3,3,0,4,0,0,0,0,0,1,4,2,1,0,0,2,0,5,0,0,0,0,5,1065,0,28,1,9,1,720,0,11,6,76,0,32,15,12,6,159,3,54,0,0,0,626,1,875,2,1,2,13,0,0,0,0,0,0,0,0,0,0,0,0,0,0,0,0,0,0,0,0,0,0,0,0,0,0,0,0,0,1,0,0,0,0,1,3,2,15,5,9,1,3,0,0,0,1,0,0,0,0,0,0,0,1,1,0,0,0,2,0,0,0,0,0,6,12,0,0,0,0,0,0,0,1,0,1,0,0,0,0
633,68,1309,51,256,86,268,67,270,26,7,0,52,10,0,318,0,0,1170,36,0,0,0,0,0,0,0,0,3,0,0,0,385,40,0,0,2008,304,74,1,5,2,1,0,1,0,5,3,6,3,0,2,12,1,12,2,2,0,0,0,114,10,231,0,13,1,14,0,2,1,375,11,1846,22,127,10,498,76,145,46,0,0,3,1,44,0,5,0,12,2,0,0,5,1,0,0,0,0,6,1,0,0,0,0,1,1,5,6,0,0,2,1,1,1,0,0,0,0,0,0,1,0,0,0,56,5,204,34,84,11,32,4,4,0,33,2,4,0,0,0,4,0,1,0,31,2,5,0,0,0,0,0,4,1,114,16,1,0,0,1,0,0,4,3,7,0,1,4,0,3
251,997,86,3115,174,806,52,660,43,266,2,13,14,86,318,0,0,0,42,457,0,0,0,1,0,0,0,0,0,2,0,0,60,385,0,0,108,2080,5,83,2,28,0,4,0,2,3,6,0,3,0,22,3,3,5,2,0,0,0,3,80,233,14,25,3,3,2,11,3,6,23,349,100,1518,43,78,151,649,45,388,0,0,4,0,23,19,0,1,5,20,0,0,1,2,0,1,0,4,2,7,1,0,0,1,2,2,4,3,1,0,0,1,1,1,0,1,0,1,0,0,1,0,0,0,13,27,83,213,20,78,5,40,3,3,14,42,4,4,1,1,1,3,1,4,19,14,1,12,0,5,0,0,5,0,95,77,0,2,3,5,1,3,1,8,4,8,1,4,3,5
0,0,4,30,3,11,0,1,1,6,0,7,0,0,0,0,0,6,15,30,229,13,505,6,12,1,1,0,54,0,0,0,120,3,0,0,0,6,0,0,23,2,2,0,64,1,0,0,0,0,0,0,0,0,0,0,0,0,0,0,0,0,0,0,0,0,0,0,0,0,0,0,0,0,11,6,153,7,6,0,0,0,0,0,0,0,14,2,0,0,2,0,1,0,0,0,0,0,0,0,0,0,0,0,0,0,0,0,0,0,0,0,0,0,0,0,0,0,0,0,0,0,0,0,3,2,1,0,0,0,0,0,1,0,2,2,0,0,0,1,0,0,0,0,1,0,0,0,0,0,351,54,25,20,8,9,268,5,0,0,0,0,2,1,1,0,0,0,0,1
0,0,12,133,6,45,0,0,1,5,5,26,0,0,0,0,6,0,91,115,208,480,12,797,0,198,3,33,16,41,3,4,12,63,0,0,0,0,0,0,0,40,0,1,0,53,0,0,0,0,0,0,0,0,0,0,0,0,0,2,0,0,0,0,0,0,0,0,0,0,0,0,0,0,14,90,8,278,1,5,0,0,0,0,0,0,1,29,0,0,0,4,1,0,0,0,0,0,1,0,0,0,0,0,0,0,0,0,0,0,0,0,0,0,0,0,0,0,0,0,0,16,0,0,0,3,1,4,0,1,0,0,0,0,11,8,0,1,0,0,0,0,0,0,0,1,0,0,0,0,17,239,43,25,10,185,2,369,0,0,0,0,0,3,0,0,0,0,0,0
12,2,1188,157,441,123,49,16,303,66,148,21,5,4,1170,42,15,91,0,198,329,11,50,8,36,0,18,0,144,4,24,0,422,35,0,0,434,58,36,6,11,3,1,0,0,1,1,1,2,1,0,1,3,1,4,0,0,0,2,0,8,0,14,0,1,0,1,2,0,0,22,3,3,1,123,31,234,73,50,26,0,0,0,0,26,1,77,6,5,1,9,1,20,1,0,0,0,1,1,3,0,0,0,0,0,0,0,0,0,1,1,0,0,1,1,0,0,0,0,0,1,0,0,0,19,7,22,17,14,2,6,3,1,0,15,13,7,1,1,0,2,0,2,1,10,1,3,0,0,1,36,75,695,50,489,115,8,0,1,0,0,0,1,3,3,0,0,0,1,1
2,16,60,2177,72,382,9,86,43,295,14,63,1,20,36,457,30,115,198,0,38,854,9,206,1,34,0,1,9,27,2,2,69,189,0,0,7,907,1,7,1,35,0,0,0,6,0,0,0,1,0,1,0,0,0,0,0,0,0,10,0,4,0,0,0,0,0,1,0,0,0,6,0,4,15,107,46,421,10,105,0,0,0,0,4,0,6,19,1,4,4,9,2,6,0,0,0,0,1,0,0,0,0,0,0,0,0,0,0,0,1,0,0,0,0,0,0,0,0,0,0,0,0,0,0,23,6,43,1,19,4,11,0,2,7,31,0,1,0,2,1,0,0,2,1,5,0,0,0,0,106,327,114,841,102,585,14,6,0,1,0,0,2,4,0,4,1,0,3,0
0,0,140,61,51,15,0,0,1,7,87,9,0,0,0,0,229,208,329,38,0,18,695,4,218,2,38,0,312,2,11,0,197,3,0,0,0,4,0,0,0,3,0,0,1,0,0,0,0,0,0,0,0,0,0,0,0,0,1,0,0,0,0,0,0,0,0,0,0,0,0,0,0,0,106,10,36,22,0,1,0,0,0,0,1,0,32,2,0,2,2,0,1,0,0,0,0,0,0,0,0,0,0,0,0,0,0,0,0,0,0,0,0,0,0,0,0,0,0,0,0,0,0,0,0,1,1,2,0,0,0,1,0,0,0,0,0,0,0,0,0,0,0,0,0,0,0,0,0,0,169,101,122,13,18,20,106,4,0,0,0,0,0,0,0,0,0,0,0,0
0,0,1,216,0,26,0,0,0,2,0,16,0,0,0,0,13,480,11,854,18,0,0,1545,0,177,0,17,0,60,0,4,0,23,0,0,0,1,0,0,0,2,0,0,0,3,0,0,0,0,0,0,0,0,0,0,0,0,0,1,0,0,0,0,0,0,0,0,0,0,0,0,0,0,2,7,1,32,0,0,0,0,0,0,0,0,1,16,0,0,0,2,0,0,0,0,0,0,0,0,0,0,0,0,0,0,0,0,0,0,0,0,0,0,0,0,0,0,0,0,0,0,0,0,1,0,0,0,0,0,0,0,0,0,0,2,0,0,0,0,0,0,0,0,0,0,0,1,0,0,14,295,12,269,5,123,0,16,0,0,0,0,0,0,0,0,0,0,0,0
0,0,29,14,15,8,0,0,1,2,28,3,0,0,0,0,505,12,50,9,695,0,0,31,507,1,9,0,522,1,5,0,231,0,0,0,0,0,0,0,0,1,0,0,1,0,0,0,0,0,0,0,0,0,0,0,0,0,0,0,0,0,0,0,0,0,0,0,0,0,0,0,0,0,19,3,14,7,0,1,0,0,0,0,0,0,14,0,0,1,1,0,1,0,0,0,0,0,0,0,0,0,0,0,0,0,0,0,0,0,0,0,0,0,0,0,0,0,0,0,0,0,0,0,0,0,0,0,1,0,0,0,0,0,0,0,0,0,0,0,0,0,0,0,0,0,0,0,0,0,71,4,16,2,2,10,229,2,0,0,0,0,0,0,0,0,0,0,0,0
0,0,3,66,1,10,0,0,0,0,0,7,0,0,0,1,6,797,8,206,4,1545,31,0,0,581,0,26,0,83,0,1,3,48,0,0,0,0,0,0,0,2,0,0,0,9,0,0,0,0,0,0,0,0,0,0,0,0,0,1,0,0,0,0,0,0,0,0,0,0,0,0,0,0,1,25,1,46,1,0,0,0,0,0,0,0,0,18,0,0,0,1,0,0,0,0,0,0,0,0,0,0,0,0,0,0,0,0,0,0,0,0,0,0,0,0,0,0,0,0,0,0,0,0,0,0,0,0,0,0,0,0,0,0,0,0,0,0,0,0,0,0,0,0,0,0,0,0,0,0,5,165,6,44,6,121,0,85,0,0,0,0,0,0,0,0,0,0,1,0
0,0,165,1,55,0,0,0,0,1,87,0,0,0,0,0,12,0,36,1,218,0,507,0,0,0,317,0,590,0,13,0,103,0,0,0,0,0,0,0,0,0,0,0,0,0,0,0,0,0,0,0,0,0,0,0,0,0,0,0,0,0,0,0,0,0,0,0,0,0,0,0,0,0,2,0,1,1,0,0,0,0,0,0,0,0,4,0,0,0,1,0,0,0,0,0,0,0,0,0,0,0,0,0,0,0,0,0,0,0,0,0,0,0,0,0,0,0,0,0,0,0,0,0,0,0,0,0,0,0,0,0,0,0,0,0,0,0,0,0,0,0,0,0,0,0,0,0,0,0,1,0,5,0,0,1,11,0,0,0,0,0,0,0,0,0,0,0,0,0
0,0,0,108,0,54,0,0,0,1,0,55,0,0,0,0,1,198,0,34,2,177,1,581,0,0,0,288,0,414,0,8,0,190,0,0,0,0,0,0,0,8,0,0,0,17,0,0,0,0,0,0,0,0,0,0,0,0,0,4,0,0,0,0,0,0,0,0,0,0,0,0,0,0,0,8,1,51,0,0,0,0,0,0,0,0,0,84,0,3,0,7,0,2,0,0,0,0,0,0,0,0,0,0,0,0,0,0,0,0,0,0,0,0,0,0,0,0,0,0,0,0,0,0,0,0,0,2,0,0,0,0,0,0,0,0,0,0,0,0,0,0,0,0,0,0,0,0,0,0,4,17,1,4,1,27,0,16,0,0,0,0,0,1,0,0,0,0,0,0
0,0,285,0,213,1,0,0,0,0,243,0,0,0,0,0,1,3,18,0,38,0,9,0,317,0,0,0,128,0,52,0,27,0,0,0,0,0,0,0,0,0,0,0,0,0,0,0,0,0,0,0,0,0,0,0,0,0,0,0,0,0,0,0,0,0,0,0,0,0,0,0,0,0,4,0,15,0,1,0,0,0,0,0,0,0,5,0,1,0,1,0,0,0,0,0,0,0,0,0,0,0,0,0,0,0,0,0,0,0,0,0,0,0,0,0,0,0,0,0,0,0,0,0,0,0,0,0,0,0,0,0,0,0,0,0,0,0,0,0,0,0,0,0,0,0,0,0,0,0,0,0,0,0,0,0,0,0,0,0,0,0,0,0,0,0,0,0,0,0
0,0,1,97,0,548,0,0,0,8,0,283,0,0,0,0,0,33,0,1,0,17,0,26,0,288,0,0,0,347,1,59,0,68,0,0,0,0,0,0,0,9,0,0,0,7,0,0,0,0,0,0,0,0,0,0,0,0,0,1,0,0,0,0,0,0,0,0,0,0,0,0,0,0,0,2,0,30,0,1,0,0,0,0,0,0,0,27,0,3,0,2,0,2,0,0,0,0,0,0,0,0,0,0,0,0,0,0,0,0,0,0,0,0,0,0,0,0,0,0,0,0,0,0,0,0,0,0,0,0,0,0,0,0,0,0,0,0,0,0,0,0,0,0,0,0,0,0,0,0,0,2,1,1,0,0,0,6,0,0,0,0,0,0,0,0,0,0,0,0
1,0,136,15,127,9,2,0,36,4,921,3,1,0,3,0,54,16,144,9,312,0,522,0,590,0,128,0,0,0,163,0,843,0,0,0,1,1,1,0,0,0,0,0,2,0,0,0,0,0,0,0,0,0,1,0,0,0,0,0,0,0,1,0,0,0,0,0,0,0,1,0,0,0,16,1,91,8,14,0,0,0,0,0,5,0,108,0,1,0,3,0,8,0,0,0,0,0,1,0,0,0,0,0,0,0,0,0,0,0,0,0,0,0,0,0,0,0,0,0,0,0,0,0,1,0,1,2,0,0,1,0,0,0,1,1,0,0,1,0,0,1,0,0,1,0,0,0,0,0,2,7,29,2,7,17,62,0,0,0,0,0,0,0,0,0,0,0,0,0
0,0,1,180,2,112,0,1,1,17,0,983,0,0,0,2,0,41,4,27,2,60,1,83,0,414,0,347,0,0,0,281,0,251,0,0,0,1,0,0,0,22,0,1,0,5,0,0,0,0,0,0,0,0,0,0,0,0,0,4,0,0,0,0,0,0,0,0,0,0,0,0,0,0,0,7,2,145,0,4,0,0,0,0,0,0,0,57,0,5,0,4,0,3,0,0,0,0,0,0,0,0,0,0,0,0,0,0,0,0,0,0,0,0,0,0,0,0,0,0,0,0,0,0,0,0,0,1,0,0,0,0,0,0,0,3,0,1,0,1,0,0,0,0,0,0,0,0,0,0,14,18,3,8,0,4,0,6,0,0,0,0,0,0,0,0,0,1,0,0
0,0,91,0,198,1,1,0,25,0,355,0,0,0,0,0,0,3,24,2,11,0,5,0,13,0,52,1,163,0,0,0,101,1,0,0,0,0,0,0,0,0,0,0,0,0,0,0,0,0,0,0,0,0,0,0,0,0,0,0,0,0,0,0,0,0,0,0,0,0,0,0,0,0,2,0,42,2,7,0,0,0,0,0,2,0,18,0,1,0,1,0,1,0,0,0,0,0,0,0,0,0,0,0,0,0,0,0,0,0,0,0,0,0,0,0,0,0,0,0,0,0,0,0,0,0,0,1,0,0,0,0,0,0,1,0,0,0,0,0,0,0,0,0,0,0,0,0,0,0,0,1,5,2,4,3,0,0,0,0,0,0,0,0,0,0,0,0,0,0
0,1,0,36,0,164,0,0,0,5,0,352,0,0,0,0,0,4,0,2,0,4,0,1,0,8,0,59,0,281,0,0,0,19,0,0,0,0,0,0,0,4,0,0,0,0,0,0,0,0,0,0,0,0,0,0,0,0,0,1,0,0,0,0,0,0,0,0,0,0,0,0,0,0,0,1,0,28,0,0,0,0,0,0,0,0,0,10,0,0,0,1,0,1,0,0,0,0,0,1,0,0,0,0,0,0,0,0,0,0,0,0,0,0,0,0,0,0,0,0,0,0,0,0,0,0,0,1,0,0,0,0,0,0,0,0,0,0,0,0,0,0,0,0,0,0,0,0,0,0,1,4,0,0,0,0,0,0,0,0,0,0,0,0,0,0,0,0,0,0
281,22,820,72,619,99,643,15,958,51,683,2,747,2,385,60,120,12,422,69,197,0,231,3,103,0,27,0,843,0,101,0,0,21,0,0,119,77,79,3,113,4,9,0,36,2,4,0,17,0,9,0,73,0,373,0,94,0,44,1,229,3,62,0,51,0,49,1,18,0,36,4,69,3,203,17,1674,42,122,18,0,0,142,2,311,2,318,2,140,0,37,0,177,0,17,1,2,0,5,0,2,0,4,0,1,1,4,6,2,0,2,2,0,1,0,0,0,0,0,1,1,0,3,0,14,2,42,9,57,4,10,6,0,1,21,7,2,1,28,0,7,0,14,0,41,3,3,1,2,2,11,7,74,28,101,36,238,0,0,1,0,0,7,0,6,1,1,0,0,2
22,233,23,404,55,405,12,1078,21,912,1,807,6,1372,40,385,3,63,35,189,3,23,0,48,0,190,0,68,0,251,1,19,21,0,0,0,73,250,98,39,0,648,0,83,0,38,15,61,6,55,0,97,3,30,6,31,0,57,0,346,4,473,4,90,2,23,0,116,0,25,55,329,7,106,39,82,39,1012,11,74,0,0,4,271,6,534,1,602,0,179,1,27,0,109,0,52,0,1,1,1,0,1,0,30,0,1,3,4,0,0,1,1,0,2,0,0,0,1,0,3,3,2,3,0,5,9,26,36,49,63,8,9,0,0,2,19,1,0,0,48,0,21,0,18,23,43,5,12,7,3,6,3,9,4,25,63,1,13,1,1,1,0,2,4,1,0,0,1,3,0
0,0,0,0,0,0,0,0,0,0,0,0,0,0,0,0,0,0,0,0,0,0,0,0,0,0,0,0,0,0,0,0,0,0,0,0,0,0,0,0,0,0,0,0,0,0,0,0,0,0,0,0,0,0,0,0,0,0,0,0,0,0,0,0,0,0,0,0,0,0,0,0,0,0,0,0,0,0,0,0,0,0,0,0,0,0,0,0,0,0,0,0,0,0,0,0,0,0,0,0,0,0,0,0,0,0,0,0,0,0,0,0,0,0,0,0,0,0,0,0,0,0,0,0,0,0,0,0,0,0,0,0,0,0,0,0,0,0,0,0,0,0,0,0,0,0,0,0,0,0,0,0,0,0,0,0,0,0,0,0,0,0,0,0,0,0,0,0,0,0
0,0,0,0,0,0,0,0,0,0,0,0,0,0,0,0,0,0,0,0,0,0,0,0,0,0,0,0,0,0,0,0,0,0,0,0,0,0,0,0,0,0,0,0,0,0,0,0,0,0,0,0,0,0,0,0,0,0,0,0,0,0,0,0,0,0,0,0,0,0,0,0,0,0,0,0,0,0,0,0,0,0,0,0,0,0,0,0,0,0,0,0,0,0,0,0,0,0,0,0,0,0,0,0,0,0,0,0,0,0,0,0,0,0,0,0,0,0,0,0,0,0,0,0,0,0,0,0,0,0,0,0,0,0,0,0,0,0,0,0,0,0,0,0,0,0,0,0,0,0,0,0,0,0,0,0,0,0,0,0,0,0,0,0,0,0,0,0,0,0
345,57,109,14,111,19,65,13,58,6,2,1,78,13,2008,108,0,0,434,7,0,0,0,0,0,0,0,0,1,0,0,0,119,73,0,0,0,340,856,6,8,9,1,0,1,0,33,7,153,4,9,5,35,1,14,0,1,0,0,0,240,18,350,1,37,1,45,5,8,8,3183,51,1271,48,257,10,244,45,91,42,0,0,22,34,99,96,6,0,11,16,0,0,3,1,1,0,1,2,9,1,3,0,1,0,2,1,4,0,3,1,2,2,0,0,0,2,0,0,0,1,4,0,0,0,36,2,251,21,209,17,42,5,4,0,35,1,4,0,1,0,4,0,6,0,34,0,6,0,2,0,6,0,22,0,701,15,5,0,1,1,0,0,13,0,16,1,2,2,2,4
226,336,103,398,127,256,39,192,41,158,8,6,33,73,304,2080,6,0,58,907,4,1,0,0,0,0,0,0,1,1,0,0,77,250,0,0,340,0,51,709,3,65,0,18,0,1,59,29,25,35,1,107,8,3,17,6,0,1,0,2,112,127,29,17,14,6,6,49,2,14,88,2113,184,228,93,82,126,422,38,262,0,0,4,17,26,47,6,4,7,11,1,0,2,0,1,2,0,0,5,11,0,4,0,0,1,1,11,4,2,2,1,4,1,0,30,0,0,0,0,8,2,0,0,0,19,27,82,168,65,88,18,22,0,1,13,27,5,2,1,0,1,7,1,2,19,12,3,1,4,2,3,4,22,91,63,766,0,2,1,5,1,7,3,7,6,9,4,5,6,1
7,3,4,6,4,4,2,4,7,1,0,0,38,3,74,5,0,0,36,1,0,0,0,0,0,0,0,0,1,0,0,0,79,98,0,0,856,51,0,138,35,1,4,1,0,0,209,245,211,75,45,24,109,12,156,5,9,10,15,2,9,2,92,0,1,4,20,6,1,11,1081,175,1,2,45,2,151,21,47,2,0,0,80,53,232,235,0,1,28,72,0,0,2,11,2,2,2,0,10,1,6,0,6,0,4,1,8,3,7,3,1,5,0,2,8,0,0,0,0,0,13,0,17,0,9,0,65,3,251,0,18,0,1,0,9,0,2,0,0,1,10,0,8,0,64,0,8,0,25,0,0,0,1,0,11,0,0,0,2,0,1,0,25,0,6,0,2,0,7,1
0,7,1,25,9,15,1,13,4,10,0,1,0,3,1,83,0,0,6,7,0,0,0,0,0,0,0,0,0,0,0,0,3,39,0,0,6,709,138,0,0,0,0,8,0,0,149,372,75,144,4,190,17,19,21,9,0,11,0,17,0,3,1,0,0,2,0,9,0,4,106,897,0,0,5,0,5,15,2,6,0,0,1,17,2,118,0,1,1,78,0,0,0,30,0,2,0,0,0,0,1,1,0,4,0,0,1,0,0,0,0,0,0,0,13,0,0,0,0,0,1,0,0,0,0,0,2,0,6,2,1,1,0,0,0,0,0,0,0,0,0,0,0,0,3,0,0,0,0,0,0,0,0,0,3,2,0,0,0,0,0,0,0,0,0,0,0,0,0,0
6,0,10,0,7,0,1,0,2,0,2,0,4,0,5,2,23,0,11,1,0,0,0,0,0,0,0,0,0,0,0,0,113,0,0,0,8,3,35,0,0,3,1877,8,596,0,26,4,5,1,254,0,28,0,114,0,48,0,575,0,8,2,31,0,14,0,3,1,3,1,25,3,7,0,19,1,440,1,731,5,0,0,1,0,38,4,533,0,62,1,491,0,489,0,23,3,4,14,12,7,58,1,7,1,5,9,38,17,13,10,7,12,0,4,1,1,0,0,0,1,8,0,10,0,16,0,18,1,64,3,8,0,2,0,18,0,2,0,338,1,79,0,78,1,380,0,11,0,23,0,0,0,1,1,1,0,48,1,20,2,3,1,16,3,4,2,1,1,2,1
2,10,1,93,1,56,1,6,2,52,0,110,2,4,2,28,2,40,3,35,3,2,1,2,0,8,0,9,0,22,0,4,4,648,0,0,9,65,1,0,3,0,8,699,0,408,0,5,1,6,0,57,1,2,1,4,0,8,0,527,0,25,2,17,0,0,0,0,0,0,3,57,1,16,12,118,2,935,3,1193,0,0,0,4,2,170,0,865,0,353,0,382,0,440,1,20,0,11,4,15,0,6,0,10,2,5,18,21,5,14,7,8,1,2,4,1,1,2,1,8,0,6,1,1,1,17,6,72,3,193,1,28,0,0,0,19,0,0,0,415,0,56,0,114,1,144,0,21,0,29,2,0,2,3,6,10,7,59,3,17,0,8,3,23,1,8,1,7,6,1
1,1,0,0,0,0,0,0,0,0,0,0,0,0,1,0,2,0,1,0,0,0,0,0,0,0,0,0,0,0,0,0,9,0,0,0,1,0,4,0,1877,8,0,60,198,0,115,24,4,3,694,0,3,0,8,0,1,0,880,0,3,0,2,0,0,0,0,0,0,0,101,5,0,0,3,1,15,4,25,15,0,0,0,0,0,1,98,0,0,0,54,0,32,0,35,4,52,14,37,6,238,2,14,3,75,15,206,31,18,7,41,3,0,3,1,3,1,0,0,0,1,0,0,0,4,0,3,7,13,3,4,0,0,0,3,1,0,0,2,1,4,1,1,0,3,0,0,0,1,0,0,0,0,0,0,0,1,0,29,1,0,2,16,9,6,2,1,3,2,0
0,0,0,5,0,5,0,1,0,2,1,8,0,0,0,4,0,1,0,0,0,0,0,0,0,0,0,0,0,1,0,0,0,83,0,0,0,18,1,8,8,699,60,0,0,824,0,149,2,8,0,840,0,2,0,0,0,7,0,857,0,2,1,0,1,0,0,0,0,0,2,137,0,4,1,2,1,62,4,44,0,0,0,1,0,32,0,132,0,89,0,337,0,87,1,65,3,85,5,360,5,283,2,21,8,53,36,181,6,39,8,14,0,2,9,1,2,0,3,5,0,0,0,0,0,1,0,5,0,26,0,6,0,0,0,2,0,1,1,28,0,0,0,3,0,4,0,2,0,1,0,0,0,1,1,1,0,2,4,3,0,3,9,7,2,0,1,3,0,2
1,0,0,1,0,0,0,0,1,0,0,0,0,0,1,0,64,0,0,0,1,0,1,0,0,0,0,0,2,0,0,0,36,0,0,0,1,0,0,0,596,0,198,0,0,1,0,0,0,0,1,0,1,0,5,0,2,0,28,0,2,0,0,0,1,0,0,0,0,0,0,0,0,0,7,1,249,4,157,1,0,0,0,0,2,0,410,0,11,0,74,0,46,0,1,0,1,0,5,0,0,0,0,0,0,0,1,1,0,0,1,0,0,0,0,0,0,0,0,0,1,1,0,0,12,0,3,0,1,0,0,0,2,0,7,0,1,0,14,0,5,0,2,0,9,0,0,0,0,0,1,0,0,0,0,0,189,3,3,0,0,0,18,0,3,0,1,0,2,2
0,0,0,17,0,7,0,0,0,7,0,14,0,0,0,2,1,53,1,6,0,3,0,9,0,17,0,7,0,5,0,0,2,38,0,0,0,1,0,0,0,408,0,824,1,0,0,0,0,0,0,0,0,0,0,0,0,0,0,50,0,1,0,0,0,0,0,0,0,0,0,0,0,0,0,16,9,163,2,10,0,0,0,0,0,0,0,1373,0,11,0,265,0,21,0,0,0,0,0,0,0,1,0,0,0,0,0,1,0,0,0,0,0,0,0,0,0,0,0,0,0,6,0,0,0,14,0,7,0,4,0,0,0,1,0,6,0,0,0,25,0,1,0,4,0,2,0,0,0,0,2,0,1,2,0,0,10,163,0,0,0,0,0,7,0,0,0,0,0,1
0,12,1,1,2,2,0,1,0,0,0,0,0,0,5,3,0,0,1,0,0,0,0,0,0,0,0,0,0,0,0,0,4,15,0,0,33,59,209,149,26,0,115,0,0,0,0,1627,3438,699,4411,668,2434,154,1393,45,234,43,93,29,1,2,12,0,1,0,1,4,1,2,930,497,0,1,1,0,12,0,0,0,0,0,3,3,16,86,0,1,8,57,0,0,3,19,104,31,0,0,0,0,142,0,211,58,0,0,0,0,0,0,0,0,0,0,37,108,0,0,0,0,0,0,0,0,0,0,2,0,2,0,0,0,0,0,0,0,0,0,0,0,2,0,1,0,2,0,1,0,1,0,0,0,0,0,1,0,0,0,0,0,0,0,0,0,0,0,0,0,0,0
0,21,0,5,0,6,1,1,0,2,0,0,0,1,3,6,0,0,1,0,0,0,0,0,0,0,0,0,0,0,0,0,0,61,0,0,7,29,245,372,4,5,24,149,0,0,1627,0,1091,3133,167,3664,35,968,29,855,1,540,52,118,0,10,0,3,0,5,1,6,0,12,268,562,0,0,2,0,2,18,1,2,0,0,0,20,0,223,0,6,1,231,0,0,10,88,3,91,0,0,0,4,2,19,10,113,0,0,0,1,0,0,0,0,0,0,33,9,0,0,0,0,0,0,0,0,0,0,0,1,2,2,0,0,0,0,0,0,0,0,0,5,0,0,0,0,1,0,0,0,0,1,0,0,0,0,1,0,0,0,0,0,0,0,0,0,1,0,0,0,0,0
2,6,3,3,1,0,0,0,1,0,0,0,5,4,6,0,0,0,2,0,0,0,0,0,0,0,0,0,0,0,0,0,17,6,0,0,153,25,211,75,5,1,4,2,0,0,3438,1091,0,826,518,181,2532,82,421,11,3,6,4,1,1,4,78,3,1,2,3,2,0,3,2595,244,1,0,6,0,29,7,2,0,0,0,18,11,58,69,1,0,11,28,0,0,2,7,0,1,0,0,1,0,18,0,3,0,1,0,0,0,0,0,0,0,0,1,14,11,0,0,0,0,2,0,1,0,0,0,2,0,16,1,1,0,0,0,0,0,0,0,1,0,3,0,2,0,3,0,1,0,2,0,0,0,0,0,0,0,0,0,0,0,0,0,0,0,1,0,2,0,0,0
1,75,0,10,0,30,0,3,0,0,0,0,0,2,3,3,0,0,1,1,0,0,0,0,0,0,0,0,0,0,0,0,0,55,0,0,4,35,75,144,1,6,3,8,0,0,699,3133,826,0,28,295,27,2758,35,530,2,199,11,58,0,44,0,57,0,27,0,40,0,60,154,948,0,0,1,0,4,29,3,8,0,0,0,31,3,251,0,1,1,220,0,0,3,72,0,18,0,0,0,0,0,2,1,7,0,0,0,0,0,0,0,0,0,0,0,3,0,0,0,0,0,0,1,0,0,0,2,1,2,3,1,0,0,0,0,1,0,0,0,0,0,0,0,0,5,0,0,0,1,0,0,0,0,0,0,0,0,0,0,0,0,0,0,0,0,0,0,0,0,0
1,0,0,0,0,0,0,0,1,0,0,0,1,1,0,0,0,0,0,0,0,0,0,0,0,0,0,0,0,0,0,0,9,0,0,0,9,1,45,4,254,0,694,0,1,0,4411,167,518,28,0,23,344,0,980,0,1362,0,1761,0,0,0,2,0,1,0,0,0,0,0,459,18,0,1,1,0,24,0,2,0,0,0,3,0,18,0,2,0,40,1,1,0,55,0,1506,0,0,0,5,0,659,0,2113,0,0,0,0,0,0,0,0,0,0,1,269,430,0,0,0,0,2,0,2,0,4,0,8,0,50,0,8,0,1,0,15,0,0,0,6,0,16,0,14,0,26,1,1,1,4,0,0,0,0,0,0,0,0,0,0,0,1,0,0,0,0,0,1,0,11,0
0,4,1,10,1,4,0,3,0,1,0,1,0,0,2,22,0,0,1,1,0,0,0,0,0,0,0,0,0,0,0,0,0,97,0,0,5,107,24,190,0,57,0,840,0,0,668,3664,181,295,23,0,1,128,1,171,0,1647,3,2151,0,5,0,0,0,0,0,0,0,3,18,380,0,1,0,2,2,22,0,0,0,0,0,7,0,186,0,17,0,265,0,0,1,144,0,1478,0,0,1,59,5,185,7,1050,0,1,0,0,1,1,0,0,17,91,17,35,0,0,0,3,0,1,0,0,0,1,1,1,0,4,0,0,0,0,0,0,0,0,0,12,0,9,0,8,0,27,0,2,0,2,0,0,0,0,2,0,0,0,0,0,0,0,0,1,0,0,0,0,35,0
26,1,24,1,16,0,5,0,1,0,0,0,16,0,12,3,0,0,3,0,0,0,0,0,0,0,0,0,0,0,0,0,73,3,0,0,35,8,109,17,28,1,3,0,1,0,2434,35,2532,27,344,1,0,1,3623,1,84,1,31,0,20,1,645,0,82,0,34,1,39,0,573,49,3,1,4,0,123,0,29,1,0,0,51,1,205,10,0,0,49,4,1,0,11,0,6,0,1,0,4,2,9,0,5,0,1,0,3,3,4,1,3,2,0,2,3,3,0,0,0,1,1,0,4,0,3,0,16,0,61,1,4,0,0,0,1,0,0,0,2,0,2,0,2,0,11,0,1,0,3,0,0,0,0,0,0,0,1,0,0,1,0,0,3,0,2,1,1,0,3,2
0,100,1,5,2,21,0,1,0,0,0,0,0,2,1,3,0,0,1,0,0,0,0,0,0,0,0,0,0,0,0,0,0,30,0,0,1,3,12,19,0,2,0,2,0,0,154,968,82,2758,0,128,1,0,2,4771,0,493,1,79,0,100,0,374,0,120,0,70,0,787,16,575,0,2,0,0,0,12,0,6,0,0,0,5,1,114,0,3,0,192,0,0,0,118,0,26,0,0,0,0,0,0,0,10,0,0,0,0,1,0,0,0,0,0,1,0,0,0,0,0,0,0,0,0,0,0,1,1,0,2,0,0,0,0,0,0,0,0,0,0,0,0,0,0,0,0,0,0,0,0,0,0,0,0,0,0,0,0,0,0,0,0,0,0,0,0,0,0,0,0
78,3,35,0,51,1,5,0,4,0,0,0,24,0,12,5,0,0,4,0,0,0,0,0,0,0,0,0,1,0,0,0,373,6,0,0,14,17,156,21,114,1,8,0,5,0,1393,29,421,35,980,1,3623,2,0,1,4403,0,818,0,61,1,731,0,1431,1,83,0,1144,2,187,85,4,0,14,1,361,2,96,2,0,0,62,1,738,10,35,0,2398,11,4,0,606,0,221,1,1,0,14,1,9,0,108,0,2,1,4,1,7,2,5,4,0,1,3,6,0,0,0,0,12,0,8,0,6,0,37,0,105,0,16,1,0,0,20,0,0,0,20,0,30,0,8,0,75,0,6,0,19,0,0,0,0,0,2,1,0,0,1,1,0,0,8,0,3,0,3,0,2,0
0,111,0,11,0,25,0,5,0,0,0,0,1,5,2,2,0,0,0,0,0,0,0,0,0,0,0,0,0,0,0,0,0,31,0,0,0,6,5,9,0,4,0,0,0,0,45,855,11,530,0,171,1,4771,1,0,0,2774,0,139,0,167,0,105,0,170,0,122,0,1531,10,178,0,2,1,1,1,15,0,3,0,0,0,0,0,136,0,1,0,3039,0,0,1,788,0,59,0,0,0,0,0,0,0,11,0,0,0,0,0,0,0,0,0,0,0,0,0,0,0,0,0,0,1,0,0,0,0,0,1,2,0,0,0,0,0,0,0,0,0,1,0,0,0,0,0,1,0,0,0,0,0,0,0,0,0,0,0,0,0,0,0,0,0,0,0,0,0,0,0,0
3,0,3,0,3,0,0,0,0,0,0,0,2,0,2,0,0,0,0,0,0,0,0,0,0,0,0,0,0,0,0,0,94,0,0,0,1,0,9,0,48,0,1,0,2,0,234,1,3,2,1362,0,84,0,4403,0,0,0,1627,0,1,0,4,0,1,0,0,0,0,0,6,0,1,0,3,0,66,0,7,1,0,0,1,0,121,0,20,0,121,0,6,0,667,0,482,0,1,1,1,0,0,0,133,0,1,0,3,0,4,0,0,0,0,0,0,0,0,0,0,0,2,0,6,0,1,0,4,0,17,0,1,0,0,0,2,0,0,0,8,0,13,0,6,0,32,0,5,0,3,0,0,0,0,1,0,0,0,0,0,0,0,0,3,0,0,0,1,0,0,0
0,9,0,1,0,6,0,0,0,0,0,0,0,0,0,0,0,0,0,0,0,0,0,0,0,0,0,0,0,0,0,0,0,57,0,0,0,1,10,11,0,8,0,7,0,0,43,540,6,199,0,1647,1,493,0,2774,0,0,1,944,0,3,0,1,0,3,0,1,0,2,8,19,0,0,0,0,0,5,0,1,0,0,0,3,0,159,0,12,0,391,0,0,0,935,0,500,0,0,0,0,0,0,0,121,0,0,0,0,0,0,0,0,0,0,0,0,0,0,0,0,0,0,0,0,0,0,0,1,0,0,0,1,0,0,0,0,0,0,0,3,0,0,0,0,0,0,0,0,0,0,0,0,0,0,0,0,0,0,0,0,0,0,0,0,0,0,0,0,0,0
0,0,5,0,2,0,0,1,1,0,0,1,1,0,0,0,0,0,2,0,1,0,0,0,0,0,0,0,0,0,0,0,44,0,0,0,0,0,15,0,575,0,880,0,28,0,93,52,4,11,1761,3,31,1,818,0,1627,1,0,0,0,0,0,0,1,0,0,0,1,0,19,5,0,0,0,1,56,0,5,0,0,0,2,0,44,1,113,0,54,0,592,0,3287,0,1816,0,0,0,0,0,15,0,597,0,0,0,2,0,0,0,0,0,0,0,2,8,0,0,0,1,1,0,1,0,0,0,0,0,6,0,0,0,0,0,1,0,0,0,11,0,3,0,5,0,15,0,0,0,2,0,0,0,0,0,1,0,0,0,0,0,0,0,0,0,1,0,1,0,0,0
0,2,0,16,1,9,0,2,0,8,0,34,0,0,0,3,0,2,0,10,0,1,0,1,0,4,0,1,0,4,0,1,1,346,0,0,0,2,2,17,0,527,0,857,0,50,29,118,1,58,0,2151,0,79,0,139,0,944,0,0,0,2,0,0,0,0,0,0,0,0,2,6,0,0,0,3,0,76,0,0,0,0,0,1,0,288,1,364,0,971,0,620,0,3579,1,1090,0,0,0,0,0,144,0,1087,0,1,0,0,0,0,0,1,0,0,0,0,0,0,0,0,0,0,0,0,0,1,1,5,0,7,0,0,0,0,0,3,0,0,0,12,0,6,0,5,0,6,0,0,0,2,3,0,1,1,1,1,1,2,0,0,0,2,0,1,0,0,0,0,1,0
6295,39,190,3,137,4,405,3,72,0,2,0,1073,5,114,80,0,0,8,0,0,0,0,0,0,0,0,0,0,0,0,0,229,4,0,0,240,112,9,0,8,0,3,0,2,0,1,0,1,0,0,0,20,0,61,0,1,0,0,0,0,6,1814,0,2781,1,1246,1,100,0,273,8,948,39,154,1,733,19,282,13,0,0,24,0,333,1,7,0,145,1,0,0,21,0,2,1,1,2,14,0,1,0,0,0,0,2,5,6,3,3,4,1,0,0,0,0,0,0,0,2,6,0,2,0,36,2,257,10,124,2,45,1,6,0,27,1,5,0,0,0,4,0,0,0,7,0,7,0,0,0,0,0,0,0,2,0,2,0,1,2,2,1,12,1,16,6,2,1,4,5
17,4450,3,162,9,151,3,239,3,39,0,3,1,1065,10,233,0,0,0,4,0,0,0,0,0,0,0,0,0,0,0,0,3,473,0,0,18,127,2,3,2,25,0,2,0,1,2,10,4,44,0,5,1,100,1,167,0,3,0,2,6,0,2,1751,0,1050,1,2411,1,437,22,324,12,943,18,18,17,599,5,387,0,0,0,23,0,204,0,0,0,325,0,0,0,7,0,1,0,1,1,1,0,0,0,1,0,0,2,4,0,0,0,1,1,0,0,0,0,0,0,1,0,0,0,0,1,2,7,95,4,48,0,9,0,0,2,3,0,0,0,0,0,0,0,0,0,1,0,0,0,1,0,0,0,0,7,5,0,1,1,2,0,1,0,2,1,3,2,2,2,0
472,2,231,1,29,0,34,2,20,1,0,0,62,0,231,14,0,0,14,0,0,0,0,0,0,0,0,0,1,0,0,0,62,4,0,0,350,29,92,1,31,2,2,1,0,0,12,0,78,0,2,0,645,0,731,0,4,0,0,0,1814,2,0,0,1244,0,157,3,208,0,1038,13,228,4,140,2,235,3,202,1,0,0,97,0,267,2,0,0,50,0,0,0,7,0,0,0,2,5,26,3,6,1,1,0,4,2,9,6,8,12,2,8,2,1,0,0,1,0,0,3,0,0,1,0,25,0,272,1,270,1,41,0,7,0,15,0,8,0,0,1,1,0,1,0,11,0,1,0,1,0,0,0,0,0,5,0,1,0,7,2,0,0,21,0,22,3,11,13,10,4
3,255,0,46,1,43,0,23,0,5,0,0,0,28,0,25,0,0,0,0,0,0,0,0,0,0,0,0,0,0,0,0,0,90,0,0,1,17,0,0,0,17,0,0,0,0,0,3,3,57,0,0,0,374,0,105,0,1,0,0,0,1751,0,0,0,771,0,274,0,926,7,777,0,43,6,1,0,124,1,100,0,0,0,1,0,7,0,0,0,14,0,0,0,0,0,0,0,1,0,1,0,0,0,0,0,0,1,3,0,0,0,0,0,0,0,0,0,0,0,3,0,0,0,0,0,0,0,15,1,4,0,0,0,0,0,0,0,0,0,0,0,1,0,0,0,0,0,1,0,0,0,0,0,0,0,2,0,0,0,1,0,0,0,1,0,0,0,1,0,0
477,5,34,0,48,1,21,0,15,0,0,0,25,1,13,3,0,0,1,0,0,0,0,0,0,0,0,0,0,0,0,0,51,2,0,0,37,14,1,0,14,0,0,1,1,0,1,0,1,0,1,0,82,0,1431,0,1,0,1,0,2781,0,1244,0,0,0,2078,0,2027,0,13,3,15,2,40,1,259,3,157,4,0,0,10,0,224,0,4,0,180,0,0,0,22,0,1,0,0,1,4,2,2,0,1,0,1,2,4,6,3,5,5,3,2,0,0,0,0,0,0,2,1,0,0,0,16,0,122,3,77,1,19,0,2,0,12,0,2,0,0,0,2,0,2,0,5,0,1,0,0,0,0,0,0,0,1,1,1,0,3,1,2,0,12,0,18,1,4,4,4,2
2,113,0,7,0,16,0,8,0,4,0,0,0,9,1,3,0,0,0,0,0,0,0,0,0,0,0,0,0,0,0,0,0,23,0,0,1,6,4,2,0,0,0,0,0,0,0,5,2,27,0,0,0,120,1,170,0,3,0,0,1,1050,0,771,0,0,0,2262,0,1461,7,122,0,9,1,0,1,27,0,16,0,0,0,1,2,7,0,0,0,71,0,0,0,1,0,0,0,0,0,0,0,0,0,0,0,0,0,0,0,0,0,0,0,0,0,0,0,0,0,0,0,0,0,0,0,0,1,0,0,1,0,0,0,0,0,0,0,0,0,0,0,0,0,0,0,0,0,0,0,0,0,0,0,0,2,0,0,0,0,1,0,0,0,0,0,0,0,0,0,0
316,0,34,1,29,0,73,1,41,0,0,0,121,1,14,2,0,0,1,0,0,0,0,0,0,0,0,0,0,0,0,0,49,0,0,0,45,6,20,0,3,0,0,0,0,0,1,1,3,0,0,0,34,0,83,0,0,0,0,0,1246,1,157,0,2078,0,0,0,580,0,31,2,5,1,5,2,141,0,60,0,0,0,3,0,1157,0,3,0,398,0,2,0,14,0,2,0,0,0,1,0,0,0,0,0,0,0,3,0,2,0,0,0,1,0,0,0,0,0,0,0,0,0,0,0,2,1,33,0,13,0,4,0,0,0,3,0,0,0,0,0,0,0,0,0,2,0,1,0,0,0,0,0,0,0,2,0,0,0,0,0,0,0,2,0,4,0,0,1,2,0
3,178,1,7,0,13,0,93,0,5,0,0,1,720,0,11,0,0,2,1,0,0,0,0,0,0,0,0,0,0,0,0,1,116,0,0,5,49,6,9,1,0,0,0,0,0,4,6,2,40,0,0,1,70,0,122,0,1,0,0,1,2411,3,274,0,2262,0,0,0,549,50,232,0,14,10,2,6,48,3,23,0,0,0,7,2,980,0,0,0,175,0,0,0,2,0,1,0,0,0,0,0,0,0,0,0,0,0,0,0,0,0,0,0,0,0,0,0,0,0,0,0,0,1,0,0,0,6,0,12,4,4,2,0,0,2,0,0,0,0,0,0,0,0,0,1,0,1,0,0,0,0,0,0,0,0,0,0,0,0,0,0,0,1,1,1,0,0,0,0,0
74,1,11,0,26,0,5,1,1,0,0,0,6,0,2,3,0,0,0,0,0,0,0,0,0,0,0,0,0,0,0,0,18,0,0,0,8,2,1,0,3,0,0,0,0,0,1,0,0,0,0,0,39,0,1144,0,0,0,1,0,100,1,208,0,2027,0,580,0,0,0,6,1,3,0,3,0,47,1,17,0,0,0,5,0,368,0,4,0,1443,0,0,0,44,0,0,0,0,0,2,0,0,0,0,0,0,0,1,0,0,1,0,0,0,0,0,0,0,0,0,0,0,0,0,0,1,0,8,0,6,0,2,0,1,0,1,0,1,0,0,0,0,0,2,0,0,0,0,0,0,0,0,0,0,0,1,0,0,0,0,0,0,0,1,0,0,0,0,1,0,0
4,147,0,9,0,25,0,17,0,5,0,0,1,11,1,6,0,0,0,0,0,0,0,0,0,0,0,0,0,0,0,0,0,25,0,0,8,14,11,4,1,0,0,0,0,0,2,12,3,60,0,3,0,787,2,1531,0,2,0,0,0,437,0,926,0,1461,0,549,0,0,28,163,0,6,3,0,2,15,0,5,0,0,0,0,3,382,0,0,1,1833,0,0,0,15,0,0,0,0,0,1,0,0,0,0,0,0,0,0,0,0,0,0,0,0,0,0,0,0,0,0,0,0,0,0,0,0,1,3,0,0,1,0,0,0,0,0,1,0,0,0,0,0,0,0,1,0,0,0,0,0,0,0,0,0,0,1,0,0,0,0,0,0,1,0,0,0,0,0,0,0
173,19,97,10,7,3,15,2,10,2,1,0,25,6,375,23,0,0,22,0,0,0,0,0,0,0,0,0,1,0,0,0,36,55,0,0,3183,88,1081,106,25,3,101,2,0,0,930,268,2595,154,459,18,573,16,187,10,6,8,19,2,273,22,1038,7,13,7,31,50,6,28,0,367,825,15,86,0,120,29,70,19,0,0,26,35,103,101,0,1,16,52,0,0,3,6,2,1,1,0,7,2,65,1,12,0,2,2,4,6,1,1,1,2,1,1,8,4,0,0,0,1,1,0,1,0,15,0,115,7,97,3,19,0,2,0,14,1,1,0,0,0,1,0,0,0,9,0,2,0,2,0,0,0,0,0,2,1,2,0,3,0,0,1,9,1,4,1,2,1,1,1
7,299,2,368,8,81,4,43,1,10,0,0,12,76,11,349,0,0,3,6,0,0,0,0,0,0,0,0,0,0,0,0,4,329,0,0,51,2113,175,897,3,57,5,137,0,0,497,562,244,948,18,380,49,575,85,178,0,19,5,6,8,324,13,777,3,122,2,232,1,163,367,0,19,108,47,10,15,282,11,189,0,0,6,83,18,295,0,1,3,152,0,0,2,32,0,5,0,0,2,19,0,33,0,1,0,3,4,4,3,1,5,1,0,1,132,1,0,2,0,4,4,0,3,0,3,0,26,65,67,39,7,1,0,0,2,0,2,1,1,0,1,1,0,0,15,1,2,1,3,0,0,0,0,0,4,3,0,0,1,2,0,1,1,3,2,1,0,1,0,3
907,29,108,4,23,4,51,1,15,0,0,0,40,0,1846,100,0,0,3,0,0,0,0,0,0,0,0,0,0,0,0,0,69,7,0,0,1271,184,1,0,7,1,0,0,0,0,0,0,1,0,0,0,3,0,4,0,1,0,0,0,948,12,228,0,15,0,5,0,3,0,825,19,0,138,240,1,354,25,119,26,0,0,0,0,19,1,0,0,6,0,0,0,1,0,0,1,1,0,3,3,1,1,0,1,1,3,7,7,1,3,0,0,0,0,0,1,0,1,0,1,0,0,0,0,40,0,293,12,117,3,42,2,5,0,21,0,8,0,0,0,2,0,2,0,15,0,6,0,0,1,0,0,0,0,1,1,1,0,1,1,0,0,3,0,3,1,3,4,5,2
29,647,7,303,5,155,2,38,2,16,0,1,3,32,22,1518,0,0,1,4,0,0,0,0,0,0,0,0,0,0,0,0,3,106,0,0,48,228,2,0,0,16,0,4,0,0,1,0,0,0,1,1,1,2,0,2,0,0,0,0,39,943,4,43,2,9,1,14,0,6,15,108,138,0,22,17,10,232,8,246,0,0,0,0,3,5,0,0,1,4,0,0,0,0,0,0,0,0,2,1,2,0,0,0,0,1,3,3,0,1,0,1,2,0,0,0,0,0,0,1,0,0,0,0,0,2,12,91,8,42,2,8,1,1,0,2,1,0,0,4,0,2,0,3,0,2,0,0,0,0,0,0,0,0,8,3,1,0,0,0,0,2,1,7,0,2,1,4,0,0
165,31,82,27,51,26,7,15,11,5,11,4,3,15,127,43,11,14,123,15,106,2,19,1,2,0,4,0,16,0,2,0,203,39,0,0,257,93,45,5,19,12,3,1,7,0,1,2,6,1,1,0,4,0,14,1,3,0,0,0,154,18,140,6,40,1,5,10,3,3,86,47,240,22,0,12,1674,48,463,27,0,0,3,7,11,20,40,0,6,2,10,0,9,0,0,1,0,1,12,7,1,0,1,0,1,0,10,2,5,4,2,3,1,3,0,0,0,0,0,2,60,16,13,0,261,0,1146,17,496,9,101,1,8,0,324,7,40,1,3,0,12,1,21,1,177,1,26,0,38,0,11,5,56,8,22,12,44,1,2,6,3,0,12,3,18,2,3,1,3,7
9,26,19,162,20,162,2,57,6,115,3,54,1,12,10,78,6,90,31,107,10,7,3,25,0,8,0,2,1,7,0,1,17,82,0,0,10,82,2,0,1,118,1,2,1,16,0,0,0,0,0,2,0,0,1,1,0,0,1,3,1,18,2,1,1,0,2,2,0,0,0,10,1,17,12,0,22,2743,5,1028,0,0,0,1,1,6,3,5,0,2,0,1,0,0,1,1,1,1,3,12,2,2,0,0,2,1,11,5,5,10,7,7,4,0,0,0,0,0,0,4,1,39,0,2,1,183,5,1004,1,552,1,126,0,4,1,441,0,26,0,14,0,11,0,64,2,203,0,42,0,109,13,9,23,28,17,33,15,223,2,5,0,3,0,23,8,17,2,10,5,0
751,64,729,55,384,78,163,31,197,24,127,4,445,6,498,151,153,8,234,46,36,1,14,1,1,1,15,0,91,2,42,0,1674,39,0,0,244,126,151,5,440,2,15,1,249,9,12,2,29,4,24,2,123,0,361,1,66,0,56,0,733,17,235,0,259,1,141,6,47,2,120,15,354,10,1674,22,0,55,1554,42,0,0,76,6,338,10,206,2,130,0,70,1,171,0,11,7,1,8,31,14,8,5,4,2,5,2,24,25,14,7,12,4,2,2,1,0,1,2,0,1,7,0,2,0,173,3,283,25,101,13,66,4,21,0,126,5,26,0,51,1,27,0,32,1,103,1,11,2,3,1,0,3,25,9,56,27,335,14,16,3,3,0,74,3,21,6,15,14,21,12
59,346,38,857,59,497,9,197,29,332,5,469,3,159,76,649,7,278,73,421,22,32,7,46,1,51,0,30,8,145,2,28,42,1012,0,0,45,422,21,15,1,935,4,62,4,163,0,18,7,29,0,22,0,12,2,15,0,5,0,76,19,599,3,124,3,27,0,48,1,15,29,282,25,232,48,2743,55,0,21,1041,0,0,0,26,6,130,5,165,5,54,1,21,2,9,0,19,0,6,5,11,1,1,0,7,2,2,9,16,5,7,7,7,2,0,1,0,0,1,0,4,2,11,1,0,10,59,32,128,27,99,6,35,0,6,14,79,0,4,0,138,0,46,4,38,7,43,4,6,2,5,28,27,61,56,49,129,26,701,9,13,0,8,3,66,7,11,10,10,7,4
182,15,121,18,63,17,23,7,33,5,36,1,63,3,145,45,6,1,50,10,0,0,0,1,0,0,1,0,14,0,7,0,122,11,0,0,91,38,47,2,731,3,25,4,157,2,0,1,2,3,2,0,29,0,96,0,7,0,5,0,282,5,202,1,157,0,60,3,17,0,70,11,119,8,463,5,1554,21,0,16,0,0,10,2,60,9,5,0,25,0,5,0,5,0,14,16,17,21,39,28,6,3,6,1,25,26,100,79,21,37,21,24,0,4,7,1,3,0,1,9,22,0,2,0,119,2,196,16,97,10,45,3,15,0,257,0,11,0,13,0,12,1,5,1,62,2,1,0,1,0,0,0,7,3,11,11,128,3,35,6,10,2,119,5,44,4,13,11,27,16
36,201,22,165,34,135,12,101,22,41,1,18,5,54,46,388,0,5,26,105,1,0,1,0,0,0,0,1,0,4,0,0,18,74,0,0,42,262,2,6,5,1193,15,44,1,10,0,2,0,8,0,0,1,6,2,3,1,1,0,0,13,387,1,100,4,16,0,23,0,5,19,189,26,246,27,1028,42,1041,16,0,0,0,0,8,5,17,1,0,2,8,1,1,0,0,1,3,2,8,4,35,5,0,4,2,14,8,60,30,5,17,22,21,12,4,2,1,1,0,1,9,0,1,0,0,3,42,33,182,18,143,4,44,0,13,6,47,3,7,0,21,0,12,0,5,6,16,3,6,1,6,2,0,10,2,32,31,4,39,13,37,1,20,7,147,15,19,9,19,18,8
0,0,0,0,0,0,0,0,0,0,0,0,0,0,0,0,0,0,0,0,0,0,0,0,0,0,0,0,0,0,0,0,0,0,0,0,0,0,0,0,0,0,0,0,0,0,0,0,0,0,0,0,0,0,0,0,0,0,0,0,0,0,0,0,0,0,0,0,0,0,0,0,0,0,0,0,0,0,0,0,0,0,0,0,0,0,0,0,0,0,0,0,0,0,0,0,0,0,0,0,0,0,0,0,0,0,0,0,0,0,0,0,0,0,0,0,0,0,0,0,0,0,0,0,0,0,0,0,0,0,0,0,0,0,0,0,0,0,0,0,0,0,0,0,0,0,0,0,0,0,0,0,0,0,0,0,0,0,0,0,0,0,0,0,0,0,0,0,0,0
0,0,0,0,0,0,0,0,0,0,0,0,0,0,0,0,0,0,0,0,0,0,0,0,0,0,0,0,0,0,0,0,0,0,0,0,0,0,0,0,0,0,0,0,0,0,0,0,0,0,0,0,0,0,0,0,0,0,0,0,0,0,0,0,0,0,0,0,0,0,0,0,0,0,0,0,0,0,0,0,0,0,0,0,0,0,0,0,0,0,0,0,0,0,0,0,0,0,0,0,0,0,0,0,0,0,0,0,0,0,0,0,0,0,0,0,0,0,0,0,0,0,0,0,0,0,0,0,0,0,0,0,0,0,0,0,0,0,0,0,0,0,0,0,0,0,0,0,0,0,0,0,0,0,0,0,0,0,0,0,0,0,0,0,0,0,0,0,0,0
4,1,9,0,13,0,4,0,5,0,0,0,326,0,3,4,0,0,0,0,0,0,0,0,0,0,0,0,0,0,0,0,142,4,0,0,22,4,80,1,1,0,0,0,0,0,3,0,18,0,3,0,51,0,62,0,1,0,2,0,24,0,97,0,10,0,3,0,5,0,26,6,0,0,3,0,76,0,10,0,0,0,0,3,740,0,0,0,21,1,0,0,1,0,0,0,1,0,0,1,0,0,0,0,0,0,0,0,0,0,0,1,0,0,0,0,0,0,0,0,0,0,0,0,1,0,4,0,1,0,1,0,0,0,1,0,0,0,0,0,0,0,0,0,3,0,0,0,0,0,0,0,0,0,0,0,0,0,0,0,0,0,0,0,1,0,0,0,0,0
1,7,0,1,0,3,0,34,0,4,0,0,0,626,1,0,0,0,0,0,0,0,0,0,0,0,0,0,0,0,0,0,2,271,0,0,34,17,53,17,0,4,0,1,0,0,3,20,11,31,0,7,1,5,1,0,0,3,0,1,0,23,0,1,0,1,0,7,0,0,35,83,0,0,7,1,6,26,2,8,0,0,3,0,4,461,0,0,1,5,0,0,0,2,0,0,0,0,1,0,0,0,0,0,0,0,0,0,0,0,0,0,0,0,0,0,0,0,0,0,3,0,1,0,2,0,4,0,19,4,1,0,0,0,2,0,0,0,0,0,0,0,1,0,6,0,1,0,6,0,0,0,0,0,0,0,0,0,0,0,0,0,2,0,0,0,1,0,0,0
547,4,117,6,193,7,131,2,121,4,14,0,342,1,44,23,0,0,26,4,1,0,0,0,0,0,0,0,5,0,2,0,311,6,0,0,99,26,232,2,38,2,0,0,2,0,16,0,58,3,18,0,205,1,738,0,121,0,44,0,333,0,267,0,224,2,1157,2,368,3,103,18,19,3,11,1,338,6,60,5,0,0,740,4,0,7,459,0,3405,3,8,0,378,0,8,0,0,1,1,1,0,0,2,0,1,1,5,2,2,0,0,1,1,0,1,0,0,0,0,0,0,0,1,0,6,0,21,2,32,2,1,0,2,0,4,0,2,0,5,0,8,0,6,0,33,0,0,0,4,0,0,0,1,2,6,3,2,0,0,2,0,0,2,0,6,0,1,2,0,1
1,191,0,15,3,46,0,113,0,16,0,1,1,875,0,19,0,0,1,0,0,0,0,0,0,0,0,0,0,0,0,0,2,534,0,0,96,47,235,118,4,170,1,32,0,0,86,223,69,251,0,186,10,114,10,136,0,159,1,288,1,204,2,7,0,7,0,980,0,382,101,295,1,5,20,6,10,130,9,17,0,0,0,461,7,0,0,676,1,2209,0,22,0,167,0,81,0,0,1,1,0,1,0,48,0,0,1,1,1,0,0,0,0,0,0,0,0,0,1,0,1,0,4,0,2,0,12,6,46,31,5,2,0,0,4,2,0,0,0,23,1,9,0,8,22,5,3,1,4,2,0,0,0,0,0,1,0,0,0,0,0,0,1,1,0,0,0,0,1,0
7,0,84,8,75,11,7,2,51,2,179,0,1,2,5,0,14,1,77,6,32,1,14,0,4,0,5,0,108,0,18,0,318,1,0,0,6,6,0,0,533,0,98,0,410,0,0,0,1,0,2,0,0,0,35,0,20,0,113,1,7,0,0,0,4,0,3,0,4,0,0,0,0,0,40,3,206,5,5,1,0,0,0,0,459,0,0,1,652,1,222,0,661,0,3,0,0,0,0,0,0,0,0,0,0,0,0,0,0,0,0,0,0,0,0,0,0,0,0,0,0,0,0,0,5,0,4,1,2,0,0,0,0,0,1,0,1,0,6,0,1,0,4,0,10,0,0,0,1,0,4,0,24,3,4,12,15,0,0,1,0,0,1,0,1,0,0,0,0,0
0,1,1,68,0,32,0,1,0,16,1,81,0,1,0,1,2,29,6,19,2,16,0,18,0,84,0,27,0,57,0,10,2,602,0,0,0,4,1,1,0,865,0,132,0,1373,1,6,0,1,0,17,0,3,0,1,0,12,0,364,0,0,0,0,0,0,0,0,0,0,1,1,0,0,0,5,2,165,0,0,0,0,0,0,0,676,1,0,0,455,0,761,0,405,0,8,0,0,0,0,0,0,0,8,0,0,0,0,0,0,0,0,0,0,0,0,0,0,0,0,0,0,0,0,0,1,0,1,0,1,0,0,0,0,0,1,0,0,0,11,0,0,0,2,0,3,0,0,0,1,5,3,2,2,0,6,2,17,0,0,0,0,0,0,0,0,0,0,0,0
179,1,24,1,71,1,7,2,10,0,7,0,17,2,12,5,0,0,5,1,0,0,0,0,0,0,1,0,1,0,1,0,140,0,0,0,11,7,28,1,62,0,0,0,11,0,8,1,11,1,40,0,49,0,2398,0,121,0,54,0,145,0,50,0,180,0,398,0,1443,1,16,3,6,1,6,0,130,5,25,2,0,0,21,1,3405,1,652,0,0,0,200,0,3644,0,20,0,0,0,0,0,0,0,7,0,0,0,4,0,1,0,1,0,0,0,0,0,0,0,0,0,0,0,2,0,2,1,10,1,9,0,1,0,0,0,1,0,0,0,12,0,3,0,5,0,17,0,2,0,1,0,0,1,1,0,0,1,0,0,0,0,0,0,3,0,3,0,0,0,1,0
1,315,0,53,2,89,1,21,2,10,1,21,0,13,2,20,0,0,1,4,2,0,1,0,0,3,0,3,0,5,0,0,0,179,0,0,16,11,72,78,1,353,0,89,0,11,57,231,28,220,1,265,4,192,11,3039,0,391,0,971,1,325,0,14,0,71,0,175,0,1833,52,152,0,4,2,2,0,54,0,8,0,0,1,5,3,2209,1,455,0,0,0,468,0,4670,0,116,0,0,0,0,0,2,0,75,0,1,0,0,0,0,0,0,0,0,0,0,0,0,0,0,1,0,0,0,0,0,1,2,8,3,1,0,0,0,0,0,0,0,0,11,0,2,0,2,2,4,2,0,1,0,1,0,0,1,0,1,1,0,0,0,0,0,0,0,0,0,0,0,0,0
0,0,12,1,9,1,2,0,3,1,12,0,0,0,0,0,2,0,9,4,2,0,1,0,1,0,1,0,3,0,1,0,37,1,0,0,0,1,0,0,491,0,54,0,74,0,0,0,0,0,1,0,1,0,4,0,6,0,592,0,0,0,0,0,0,0,2,0,0,0,0,0,0,0,10,0,70,1,5,1,0,0,0,0,8,0,222,0,200,0,0,0,1253,0,4,0,0,0,0,0,0,0,1,0,0,0,0,0,0,0,0,0,0,0,0,0,0,0,0,0,0,0,0,0,5,0,1,0,0,0,0,0,0,0,1,0,0,0,5,0,1,0,2,0,2,0,0,0,0,0,0,1,6,1,0,2,5,0,0,0,0,0,0,0,0,0,0,0,0,0
0,0,0,8,0,7,0,0,0,5,0,14,0,0,0,0,0,4,1,9,0,2,0,1,0,7,0,2,0,4,0,1,0,27,0,0,0,0,0,0,0,382,0,337,0,265,0,0,0,0,0,0,0,0,0,0,0,0,0,620,0,0,0,0,0,0,0,0,0,0,0,0,0,0,0,1,1,21,0,1,0,0,0,0,0,22,0,761,0,468,0,0,0,1943,0,1,0,0,0,0,0,1,0,0,0,0,0,0,0,0,0,0,0,0,0,0,0,0,0,0,0,0,0,0,0,0,0,0,0,0,0,0,0,0,0,0,0,0,0,2,0,0,0,1,0,0,0,0,0,0,0,0,0,2,2,0,0,2,0,0,0,0,0,0,0,0,0,0,0,0
18,1,20,2,24,0,3,0,9,1,11,0,2,0,5,1,1,1,20,2,1,0,1,0,0,0,0,0,8,0,1,0,177,0,0,0,3,2,2,0,489,0,32,0,46,0,3,10,2,3,55,1,11,0,606,1,667,0,3287,0,21,0,7,0,22,0,14,0,44,0,3,2,1,0,9,0,171,2,5,0,0,0,1,0,378,0,661,0,3644,0,1253,0,0,0,93,0,0,0,0,0,0,0,28,0,0,0,1,1,1,0,0,0,0,0,0,0,1,0,0,1,1,0,3,0,0,0,3,0,4,0,0,0,0,0,1,0,0,0,16,0,3,0,11,0,47,0,0,0,2,0,0,1,4,1,4,6,4,0,0,0,0,0,2,0,1,0,0,0,0,0
0,24,2,12,1,9,0,1,0,2,0,8,0,0,1,2,0,0,1,6,0,0,0,0,0,2,0,2,0,3,0,1,0,109,0,0,1,0,11,30,0,440,0,87,0,21,19,88,7,72,0,144,0,118,0,788,0,935,0,3579,0,7,0,0,0,1,0,2,0,15,6,32,0,0,0,0,0,9,0,0,0,0,0,2,0,167,0,405,0,4670,0,1943,0,0,0,285,0,0,0,0,0,0,0,65,0,0,0,0,0,0,0,0,0,0,0,0,0,0,0,0,0,0,0,0,0,0,0,0,0,0,0,0,0,0,0,0,0,0,0,0,0,1,0,0,0,0,0,0,1,0,0,0,1,0,0,1,0,0,0,0,0,0,0,0,0,0,0,0,0,0
0,0,1,1,0,0,0,0,0,0,0,0,0,0,0,0,0,0,0,0,0,0,0,0,0,0,0,0,0,0,0,0,17,0,0,0,1,1,2,0,23,1,35,1,1,0,104,3,0,0,1506,0,6,0,221,0,482,0,1816,1,2,0,0,0,1,0,2,0,0,0,2,0,0,0,0,1,11,0,14,1,0,0,0,0,8,0,3,0,20,0,4,0,93,0,0,16,4073,17,243,15,988,16,5899,17,532,3,301,17,62,9,26,4,9,9,27,83,170,4,2,9,0,0,0,0,0,1,0,1,2,2,0,0,0,0,2,0,0,0,2,1,1,0,0,0,12,0,0,0,2,0,0,0,0,0,0,0,0,0,12,4,0,0,3,1,1,1,3,2,1,1
2,2,0,0,0,0,0,2,0,0,0,0,0,0,0,1,0,0,0,0,0,0,0,0,0,0,0,0,0,0,0,0,1,52,0,0,0,2,2,2,3,20,4,65,0,0,31,91,1,18,0,1478,0,26,1,59,0,500,0,1090,1,1,0,0,0,0,0,1,0,0,1,5,1,0,1,1,7,19,16,3,0,0,0,0,0,81,0,8,0,116,0,1,0,285,16,0,21,6011,19,292,29,756,30,4806,14,374,67,539,5,43,31,70,9,16,95,50,573,9,1,2,0,0,0,0,0,0,0,2,0,3,0,0,0,0,1,0,0,0,1,4,0,0,0,0,0,2,0,0,0,0,0,0,0,0,0,0,0,0,2,2,0,2,2,1,0,1,1,1,0,0
1,0,0,0,0,0,0,0,0,0,0,0,0,0,0,0,0,0,0,0,0,0,0,0,0,0,0,0,0,0,0,0,2,0,0,0,1,0,2,0,4,0,52,3,1,0,0,0,0,0,0,0,1,0,1,0,1,0,0,0,1,0,2,0,0,0,0,0,0,0,1,0,1,0,0,1,1,0,17,2,0,0,1,0,0,0,0,0,0,0,0,0,0,0,4073,21,0,15,316,18,718,15,1061,19,2453,10,659,43,117,19,37,7,10,10,18,49,135,23,4,8,0,0,0,0,3,0,4,4,6,3,1,0,1,0,1,0,0,0,0,0,2,0,0,0,1,0,0,0,1,0,0,0,0,0,0,0,0,0,17,3,0,0,6,3,4,1,2,4,2,2
1,0,0,0,1,1,0,0,1,0,0,0,0,0,0,4,0,0,1,0,0,0,0,0,0,0,0,0,0,0,0,0,0,1,0,0,2,0,0,0,14,11,14,85,0,0,0,0,0,0,0,0,0,0,0,0,1,0,0,0,2,1,5,1,1,0,0,0,0,0,0,0,0,0,1,1,8,6,21,8,0,0,0,0,1,0,0,0,0,0,0,0,0,0,17,6011,15,0,29,524,50,750,41,1019,27,3106,197,1668,35,135,57,191,25,41,137,34,138,49,10,3,0,0,0,0,0,0,0,2,0,7,0,1,1,0,0,0,0,1,0,2,0,3,0,0,0,0,0,0,0,1,0,0,0,0,0,0,0,1,8,2,1,4,6,11,1,0,0,4,0,1
5,1,6,1,5,0,2,0,0,0,1,0,0,0,6,2,0,1,1,1,0,0,0,0,0,0,0,0,1,0,0,0,5,1,0,0,9,5,10,0,12,4,37,5,5,0,0,0,1,0,5,1,4,0,14,0,1,0,0,0,14,1,26,0,4,0,1,0,2,0,7,2,3,2,12,3,31,5,39,4,0,0,0,1,1,1,0,0,0,0,0,0,0,0,243,19,316,29,0,127,1696,241,283,48,248,6,517,41,571,14,31,7,78,296,157,35,50,70,23,133,1,0,1,0,25,1,64,11,119,11,35,5,6,0,42,2,18,0,1,1,17,3,3,0,4,0,2,0,2,0,0,0,0,0,0,0,2,0,12,7,22,0,46,2,63,15,27,21,88,6
1,2,1,2,0,2,0,1,0,0,0,0,0,0,1,7,0,0,3,0,0,0,0,0,0,0,0,0,0,0,0,1,0,1,0,0,1,11,1,0,7,15,6,360,0,0,0,4,0,0,0,59,2,0,1,0,0,0,0,0,0,1,3,1,2,0,0,0,0,1,2,19,3,1,7,12,14,11,28,35,0,0,1,0,1,1,0,0,0,0,0,0,0,0,15,292,18,524,127,0,170,1442,17,141,31,223,125,619,28,333,28,68,80,526,472,37,33,77,40,41,0,0,0,0,1,6,3,41,4,128,1,20,0,6,0,7,1,1,0,5,1,17,0,0,0,2,0,0,0,1,0,0,0,0,1,1,0,1,19,17,1,49,4,21,18,30,6,24,63,7
1,0,1,0,0,0,0,0,0,0,0,0,0,0,0,1,0,0,0,0,0,0,0,0,0,0,0,0,0,0,0,0,2,0,0,0,3,0,6,1,58,0,238,5,0,0,142,2,18,0,659,5,9,0,9,0,0,0,15,0,1,0,6,0,2,0,0,0,0,0,65,0,1,2,1,2,8,1,6,5,0,0,0,0,0,0,0,0,0,0,0,0,0,0,988,29,718,50,1696,170,0,486,4007,68,442,10,537,62,109,13,96,14,126,370,824,123,104,119,36,30,1,0,1,0,1,0,6,2,33,2,9,0,1,0,6,0,2,0,1,0,4,0,2,1,1,0,0,0,0,0,0,0,0,0,0,0,0,1,4,2,2,0,10,1,6,1,2,5,8,0
0,0,0,0,0,0,0,0,0,0,0,0,0,0,0,0,0,0,0,0,0,0,0,0,0,0,0,0,0,0,0,0,0,1,0,0,0,4,0,1,1,6,2,283,0,1,0,19,0,2,0,185,0,0,0,0,0,0,0,144,0,0,1,0,0,0,0,0,0,0,1,33,1,0,0,2,5,1,3,0,0,0,0,0,0,1,0,0,0,2,0,1,0,0,16,756,15,750,241,1442,486,0,85,2124,19,178,63,200,14,34,5,52,22,153,1670,255,115,38,10,7,0,0,0,0,0,0,0,1,0,0,0,0,0,0,0,0,0,0,0,0,0,0,0,0,0,0,0,0,0,0,0,0,0,0,0,0,0,0,0,0,0,0,0,1,1,0,0,2,0,0
