0,58,1200,7,1926,11,950,2,156,3,0,0,510,1,741,61,0,0,11,0,0,0,0,0,0,0,0,0,0,0,0,0,295,1,0,0,107,124,0,0,4,0,0,0,0,0,2,0,0,0,3,0,4,0,25,0,4,0,1,0,4594,1,181,0,222,0,282,2,60,0,303,0,1480,18,10,4,123,4,43,1,0,0,24,0,522,1,1,0,237,0,0,0,14,0,0,0,0,0,2,1,1,0,0,0,0,0,0,0,0,0,0,0,0,0,0,0,0,0,0,0,0,0,0,0,1,2,19,4,7,1,4,0,0,0,0,0,1,0,0,0,0,0,0,2,0,0,0,1,0,0,0,0,0,0,26,18,1,0,0,0,0,0,2,0,2,0,1,1,0,0
58,0,6,1857,6,1703,9,964,9,156,0,0,5,814,99,1439,0,0,2,2,0,0,0,0,0,0,0,0,0,0,0,0,17,66,0,0,94,152,0,2,3,10,3,0,0,0,4,25,8,48,1,13,0,71,0,109,0,4,0,5,20,3107,0,164,0,62,0,141,0,140,10,519,75,587,2,41,17,519,8,135,0,0,1,6,2,348,0,1,2,298,0,0,0,15,1,0,2,1,4,3,0,0,0,1,0,0,4,4,1,1,2,3,0,2,0,0,0,0,1,0,0,0,0,0,0,26,4,415,1,65,3,29,0,1,0,37,0,31,0,2,0,1,0,21,0,119,0,20,0,28,0,0,0,0,7,4,0,2,4,24,0,1,0,50,7,27,1,2,0,1
1200,6,0,87,5162,88,81,13,330,19,262,11,36,1,2570,17,12,9,2775,43,155,25,33,12,154,6,431,1,83,4,42,2,497,1,0,0,147,23,4,3,0,1,0,1,0,0,0,0,6,0,0,0,11,0,15,0,1,0,2,1,164,0,37,1,42,0,22,0,21,0,145,3,366,3,53,20,127,17,27,4,0,0,5,0,90,0,23,2,91,2,9,1,14,1,0,0,0,0,0,1,0,0,0,0,0,0,1,3,0,0,0,1,0,0,0,0,0,0,0,0,0,0,0,0,6,1,7,4,4,0,0,1,0,0,0,3,0,0,0,0,0,0,0,0,0,3,1,0,0,0,33,25,18,14,148,131,1,0,1,0,0,0,3,1,1,1,0,0,0,0
7,1857,87,0,104,6367,4,472,23,481,8,226,1,80,113,2190,8,51,247,1508,21,139,5,92,6,241,3,303,4,147,3,37,75,212,0,0,54,401,0,44,1,14,1,5,0,16,1,4,1,12,0,0,0,2,0,2,1,0,0,2,0,61,0,15,0,0,0,26,0,3,11,403,8,59,11,303,16,625,4,89,0,0,0,11,2,64,3,41,0,40,2,11,1,12,0,0,0,0,1,1,0,0,0,0,1,0,1,0,0,0,0,0,1,1,0,0,0,0,0,0,0,0,0,0,4,93,2,80,0,15,0,25,0,1,0,43,0,20,0,1,0,1,0,7,0,38,0,3,0,8,41,60,67,144,224,632,0,5,3,8,0,0,1,18,7,21,0,0,0,1
1926,6,5162,104,0,91,332,18,2456,19,590,15,196,0,735,38,4,7,692,60,47,20,11,4,92,0,158,0,67,5,123,4,1008,6,0,0,125,19,2,3,7,0,1,1,0,0,3,0,1,0,2,0,1,0,3,0,3,0,1,0,167,1,23,0,20,0,35,1,9,0,68,2,102,0,111,21,205,27,46,3,0,0,31,3,278,1,40,3,121,1,21,0,11,0,0,0,0,1,0,0,0,0,0,0,0,1,1,0,0,0,1,0,0,0,1,0,0,0,0,0,0,0,0,0,6,3,12,1,8,0,5,0,0,0,0,2,0,1,1,1,0,0,0,0,0,1,0,0,0,0,25,43,21,14,146,202,2,0,0,0,1,0,7,0,1,1,0,0,0,0
11,1703,88,6367,91,0,3,1361,31,1557,3,618,0,149,137,180,3,15,183,139,9,25,2,35,3,166,1,378,4,134,0,94,92,292,0,0,57,104,1,10,0,4,1,3,0,2,2,5,1,1,0,11,1,3,0,11,0,2,0,2,0,162,0,19,0,2,0,92,0,12,5,49,16,30,25,388,37,368,5,31,0,0,0,78,0,569,1,48,1,212,1,14,0,16,0,0,0,0,0,0,0,0,0,0,0,0,0,1,1,0,0,0,0,1,0,0,0,0,0,0,0,0,0,0,1,51,2,35,1,7,1,6,0,0,0,26,0,9,0,1,0,0,0,1,1,13,0,0,0,0,19,35,53,38,215,422,1,1,1,5,0,0,1,6,1,1,1,0,0,0
950,9,81,4,332,3,0,3,874,2,0,0,1790,0,238,19,0,0,19,1,0,0,0,0,0,0,0,0,2,0,0,0,808,1,0,0,51,22,0,0,0,0,0,0,0,0,0,0,1,0,0,0,1,0,1,0,0,0,0,0,374,2,15,0,5,0,37,0,3,1,41,2,183,3,22,2,21,4,5,1,0,0,40,0,107,1,0,0,15,1,0,0,0,0,0,0,0,0,0,0,0,0,0,0,0,0,0,0,0,0,0,0,0,0,0,0,0,0,0,0,0,0,0,0,0,0,5,2,3,0,1,0,0,0,0,0,0,1,0,0,0,0,0,0,1,0,0,0,1,0,0,0,0,1,11,8,0,0,0,0,0,0,1,0,1,0,0,0,0,0
2,964,13,472,18,1361,3,0,8,1335,0,3,1,1456,62,235,0,0,11,20,0,0,0,1,0,0,0,0,0,1,0,0,10,1028,0,0,24,54,0,3,2,6,0,0,0,0,1,1,0,2,0,0,0,1,0,1,0,0,0,1,1,97,0,7,0,0,0,58,0,2,1,44,6,19,12,159,9,358,4,12,0,0,0,46,2,263,0,1,0,36,0,1,0,1,0,0,0,0,1,0,0,0,0,0,0,0,0,1,0,0,0,0,0,0,0,0,0,0,0,0,0,0,0,0,1,14,4,6,1,4,0,0,0,0,0,5,0,1,0,0,0,1,0,0,0,8,0,2,0,0,0,0,0,0,30,50,0,0,1,3,0,0,1,5,0,2,0,0,1,0
156,9,330,23,2456,31,874,8,0,13,1244,3,401,3,439,29,0,2,224,13,7,4,2,2,6,1,8,0,73,0,83,0,1898,1,0,0,102,8,2,0,5,0,0,0,0,1,0,0,1,0,1,0,3,0,3,0,0,0,0,0,58,1,3,0,1,0,11,1,2,0,31,3,76,0,94,10,119,18,25,3,0,0,53,1,74,3,11,1,9,0,5,0,0,0,0,0,0,1,1,0,1,0,0,0,0,0,0,1,0,0,0,0,0,0,0,0,0,0,0,0,0,0,0,0,2,1,2,2,9,0,2,0,0,0,2,1,0,0,0,0,0,0,1,0,0,1,0,0,1,0,0,12,8,0,76,83,0,0,0,0,0,0,1,0,1,0,0,0,0,0
3,156,19,481,19,1557,2,1335,13,0,1,887,0,476,51,133,1,1,41,50,0,3,0,1,1,13,0,5,1,31,0,41,21,1074,0,0,27,61,0,14,1,12,0,1,0,4,0,1,1,0,0,2,0,1,0,2,1,0,0,2,0,105,0,18,0,2,0,15,0,4,1,32,5,20,9,475,14,468,3,34,0,0,0,58,0,148,0,26,0,28,0,9,0,15,0,0,0,0,1,2,0,0,0,1,1,0,0,0,0,0,0,0,0,0,0,0,0,0,0,0,0,1,0,0,0,30,1,13,0,7,0,2,0,0,0,10,0,4,0,1,0,0,0,0,0,1,0,0,0,0,3,3,15,7,78,119,0,0,1,2,0,1,0,1,0,4,0,0,0,0
0,0,262,8,590,3,0,0,1244,1,0,3,0,0,3,0,7,3,163,8,78,8,19,2,96,0,116,0,646,1,877,2,563,0,0,0,2,1,0,0,0,0,0,0,1,0,0,0,0,0,0,0,0,0,0,0,0,0,0,0,0,0,0,0,0,0,0,0,0,0,1,1,1,0,10,4,34,1,2,0,0,0,0,0,0,0,48,2,1,0,19,0,6,0,0,0,0,0,0,0,0,0,0,0,0,0,0,0,0,0,0,0,0,0,0,0,0,0,0,0,0,0,0,0,0,0,0,0,0,0,0,0,0,0,0,0,0,0,0,0,0,0,0,0,0,0,0,0,0,0,14,7,17,6,13,9,8,0,0,0,0,0,0,0,0,0,0,0,0,0
0,0,11,226,15,618,0,3,3,887,3,0,0,0,1,1,0,30,39,29,3,22,2,26,1,238,0,304,1,677,0,590,5,365,0,0,1,5,0,1,0,9,0,14,0,27,0,0,0,0,0,0,0,0,0,0,0,0,0,11,0,0,0,0,0,0,0,0,0,0,0,1,0,0,0,103,1,160,0,5,0,0,0,0,0,1,1,153,0,13,1,49,0,20,0,0,0,0,0,0,0,0,0,0,0,0,0,1,0,0,0,0,0,0,0,0,0,0,0,0,0,0,0,0,0,2,0,1,0,0,0,0,0,0,0,2,0,0,0,0,0,0,0,0,0,0,0,0,0,0,8,21,17,20,24,51,0,2,0,0,0,0,0,0,0,0,0,0,0,0
510,5,36,1,196,0,1790,1,401,0,0,0,0,0,79,4,0,0,4,0,1,0,0,0,0,0,0,0,0,0,0,0,376,0,0,0,17,5,2,0,8,0,2,0,0,0,2,1,2,0,1,0,1,0,6,0,3,0,0,0,1171,0,5,0,16,0,204,0,4,0,16,1,54,0,12,0,43,0,0,0,0,0,179,0,599,0,1,0,61,0,0,0,2,0,0,0,0,0,2,0,0,0,1,1,0,0,0,0,0,0,0,1,0,0,0,0,0,0,0,0,1,0,0,0,2,0,9,2,55,1,0,0,0,0,0,0,0,0,1,0,1,0,1,0,7,0,2,0,18,0,0,0,0,0,2,2,0,0,0,0,0,0,0,0,3,0,0,0,0,0
1,814,1,80,0,149,0,1456,3,476,0,0,0,0,5,72,0,0,1,0,0,0,0,0,0,0,0,0,0,0,0,0,1,370,0,0,3,11,0,3,1,5,1,0,0,0,0,3,0,5,0,0,0,4,0,10,0,0,0,0,0,729,0,35,0,9,0,470,0,16,1,37,1,38,0,6,0,420,0,33,0,0,0,27,0,451,0,0,0,23,0,1,0,3,0,1,0,0,0,1,1,0,0,0,0,0,1,2,0,0,0,0,0,0,0,0,0,0,0,0,0,0,0,0,0,2,0,13,1,6,0,2,0,0,0,2,0,3,0,0,0,0,0,1,0,4,0,1,0,0,0,0,0,0,3,1,0,0,2,1,0,0,0,3,1,0,0,1,0,1
741,99,2570,113,735,137,238,62,439,51,3,1,79,5,0,271,0,0,703,11,0,1,0,0,0,0,0,0,1,0,1,0,293,10,0,0,1103,131,7,3,18,1,0,0,0,0,2,0,13,0,3,0,35,0,10,0,2,0,0,1,73,3,57,0,19,0,16,0,26,1,435,16,1053,17,29,38,232,41,87,3,0,0,18,3,110,6,2,1,42,3,0,0,3,0,0,0,0,0,4,1,0,0,0,0,0,0,1,5,2,1,2,0,0,0,0,0,0,0,0,0,0,0,0,0,14,15,29,11,20,0,3,3,0,0,0,8,1,4,0,0,0,0,0,3,1,7,0,0,0,0,0,0,1,0,148,126,0,0,0,1,1,0,13,4,6,3,1,0,1,0
61,1439,17,2190,38,180,19,235,29,133,0,1,4,72,271,0,0,0,13,572,0,1,0,0,0,0,0,0,0,1,0,0,26,53,0,0,146,2619,2,40,4,7,4,0,0,1,1,6,0,17,0,3,0,1,0,0,0,0,0,0,11,120,1,55,0,0,1,4,0,1,9,403,68,1093,8,68,26,337,12,82,0,0,2,0,5,24,0,1,3,6,0,0,0,3,0,0,0,0,1,4,1,0,0,0,0,0,1,1,0,4,1,0,0,0,0,0,0,0,0,1,0,0,0,0,4,80,8,193,6,28,3,15,0,4,0,56,0,28,0,0,0,2,0,6,0,77,0,9,0,9,0,0,1,7,76,146,0,2,4,10,0,0,1,36,7,23,2,3,1,1
0,0,12,8,4,3,0,0,0,1,7,0,0,0,0,0,0,22,71,6,311,4,724,7,123,2,3,1,92,0,0,0,133,0,0,0,0,0,0,0,10,3,3,0,116,1,0,0,0,0,0,0,0,0,0,0,0,0,4,0,0,0,0,0,0,0,0,0,0,0,0,0,0,0,90,0,332,1,11,2,0,0,0,0,0,0,51,0,5,0,40,0,51,0,0,0,0,0,0,0,0,0,0,0,0,0,0,0,0,0,0,0,0,0,0,0,0,0,0,0,0,0,0,0,0,0,0,0,0,0,0,0,0,0,2,0,0,0,0,0,0,0,0,0,0,0,0,0,0,0,282,20,69,1,79,7,355,1,0,0,0,0,0,0,0,0,0,0,0,0
0,0,9,51,7,15,0,0,2,1,3,30,0,0,0,0,22,0,16,60,12,396,4,654,1,256,0,17,1,96,0,6,3,480,0,0,0,0,0,0,0,34,1,4,6,139,0,0,0,0,0,0,0,0,0,0,0,0,0,0,0,0,0,0,0,0,0,0,0,0,0,0,0,0,13,218,0,251,0,1,0,0,0,0,0,0,0,36,0,0,0,3,0,2,0,0,0,0,0,0,0,0,0,0,0,0,0,0,0,0,0,0,0,0,0,0,0,0,0,0,1,10,0,0,0,2,0,0,0,0,0,0,0,0,0,2,0,0,0,0,0,0,0,0,0,0,0,0,0,0,100,215,13,33,4,52,7,859,0,0,0,0,0,0,0,0,0,0,0,0
11,2,2775,247,692,183,19,11,224,41,163,39,4,1,703,13,71,16,0,128,568,102,115,32,107,10,74,2,90,18,21,7,508,13,0,0,384,27,3,5,2,1,0,0,0,0,0,1,1,0,0,0,0,0,0,0,0,0,0,0,1,3,0,0,0,0,0,0,0,0,8,1,16,0,32,58,90,53,16,3,0,0,0,0,1,0,24,14,3,1,16,2,2,2,0,0,0,0,0,0,0,0,0,0,0,0,0,2,1,0,0,0,0,0,0,0,0,0,0,0,0,0,0,0,1,10,4,1,2,0,0,1,0,0,1,7,0,2,0,0,0,0,0,0,0,2,0,0,0,0,123,88,660,63,620,220,2,1,0,1,1,0,2,0,1,0,0,0,0,0
0,2,43,1508,60,139,1,20,13,50,8,29,0,0,11,572,6,60,128,0,11,754,3,244,4,55,1,12,9,44,0,6,41,29,0,0,8,797,0,34,0,2,0,1,0,3,0,0,1,0,0,0,0,0,0,0,0,0,0,3,0,4,0,0,0,0,0,0,0,0,0,19,2,2,5,53,3,127,1,10,0,0,0,0,0,1,6,13,0,2,1,1,0,5,0,0,0,0,0,0,0,0,0,0,0,0,0,0,0,0,0,0,0,0,0,0,0,0,0,0,0,0,0,0,0,11,0,5,0,0,0,2,0,0,0,11,0,2,0,1,0,0,0,0,0,3,0,0,0,0,52,122,54,889,140,598,0,5,0,1,1,0,0,0,0,2,0,0,0,0
0,0,155,21,47,9,0,0,7,0,78,3,1,0,0,0,311,12,568,11,0,16,1251,3,324,1,62,0,104,1,9,2,67,1,0,0,0,0,0,0,0,0,0,0,1,0,0,0,0,0,0,0,0,0,0,0,0,0,1,0,1,0,0,0,0,0,0,0,0,0,0,0,0,0,2,8,7,2,1,0,0,0,0,0,0,0,14,2,0,0,8,0,1,0,0,0,0,0,0,0,0,0,0,0,0,0,0,1,0,0,0,0,0,0,0,0,0,0,0,0,0,0,0,0,0,0,0,1,0,0,0,0,0,0,0,0,0,0,0,0,0,0,0,0,0,0,0,0,0,0,264,23,584,9,72,5,23,0,0,0,0,0,0,0,0,0,0,0,0,0
0,0,25,139,20,25,0,0,4,3,8,22,0,0,1,1,4,396,102,754,16,0,3,1291,1,165,2,24,4,39,0,7,13,21,0,0,0,8,0,0,0,0,0,1,0,0,0,0,0,0,0,0,0,0,0,0,0,0,0,0,0,0,0,0,0,0,0,0,0,0,0,0,0,0,0,13,2,6,0,3,0,0,0,0,0,0,1,6,0,0,2,0,0,0,0,0,0,0,0,0,0,0,0,0,0,0,0,0,0,0,0,0,0,0,0,0,0,0,0,0,0,0,0,0,0,1,0,0,0,0,0,0,0,0,0,0,0,1,0,0,0,0,0,0,0,0,0,0,0,0,60,480,37,458,36,276,1,13,0,0,0,0,0,0,0,0,0,0,0,0
0,0,33,5,11,2,0,0,2,0,19,2,0,0,0,0,724,4,115,3,1251,3,0,31,1036,1,37,0,305,1,3,0,141,0,0,0,0,1,0,0,7,0,3,0,25,0,0,0,0,0,0,0,0,0,0,0,0,0,2,0,0,0,0,0,0,0,0,0,0,0,0,0,0,0,19,0,53,0,3,0,0,0,0,0,0,0,40,1,3,0,26,0,16,0,0,0,0,0,0,0,0,0,0,0,0,0,0,0,0,0,0,0,0,0,0,0,0,0,0,0,0,0,0,0,1,0,0,0,0,0,0,0,0,0,1,0,0,0,0,0,0,0,0,0,0,0,0,0,0,0,136,5,148,2,65,3,189,0,0,0,0,0,0,0,0,0,0,0,0,0
0,0,12,92,4,35,0,1,2,1,2,26,0,0,0,0,7,654,32,244,3,1291,31,0,1,396,1,31,5,46,0,4,6,59,0,0,0,2,0,0,1,0,0,1,1,25,0,0,0,0,0,0,0,0,0,0,0,0,0,0,0,0,0,0,0,0,0,0,0,0,0,0,0,0,1,65,2,35,0,2,0,0,0,0,0,0,1,10,0,0,0,0,0,0,0,0,0,0,0,0,0,0,0,0,0,0,0,1,0,0,0,0,0,0,0,0,0,0,0,0,0,0,0,0,0,1,0,0,0,0,0,0,0,0,0,0,0,1,0,0,0,0,0,0,0,0,0,0,0,0,24,136,15,66,10,58,0,230,0,0,0,0,0,0,0,0,0,0,0,0
0,0,154,6,92,3,0,0,6,1,96,1,0,0,0,0,123,1,107,4,324,1,1036,1,0,0,362,1,698,0,12,1,181,0,0,0,0,0,0,0,2,0,0,0,4,0,0,0,0,0,0,0,0,0,0,0,0,0,1,0,0,0,0,0,0,0,0,0,0,0,0,0,0,0,3,0,17,1,3,0,0,0,0,0,0,0,39,1,0,0,20,0,4,0,0,0,0,0,0,0,0,0,0,0,0,0,0,0,0,0,0,0,0,0,0,0,0,0,0,0,0,0,0,0,0,0,0,0,0,0,0,0,0,0,0,0,0,0,0,0,0,0,0,0,0,0,0,0,0,0,40,2,14,1,12,4,93,0,0,0,0,0,0,0,0,0,0,0,0,0
0,0,6,241,0,166,0,0,1,13,0,238,0,0,0,0,2,256,10,55,1,165,1,396,0,0,1,597,1,262,1,33,1,123,0,0,0,0,0,0,0,1,0,3,0,8,0,0,0,0,0,0,0,0,0,0,0,0,0,1,0,1,0,0,0,0,0,0,0,0,0,0,0,0,1,26,1,39,0,1,0,0,0,0,0,0,0,37,0,0,0,5,0,2,0,0,0,0,0,0,0,0,0,0,0,0,0,0,0,0,0,0,0,0,0,0,0,0,0,0,0,0,0,0,0,1,0,0,0,0,0,0,0,0,0,0,0,0,0,0,0,0,0,0,0,0,0,0,0,0,5,25,2,7,0,13,0,85,0,0,0,0,0,0,0,0,0,0,0,0
0,0,431,3,158,1,0,0,8,0,116,0,0,0,0,0,3,0,74,1,62,2,37,1,362,1,0,0,96,0,12,0,32,0,0,0,0,0,0,0,0,0,0,0,0,0,0,0,0,0,0,0,0,0,0,0,0,0,0,0,1,0,0,0,0,0,0,0,0,0,0,0,0,0,0,1,6,1,0,0,0,0,0,0,0,1,2,0,1,0,0,0,0,0,0,0,0,0,0,0,0,0,0,0,0,0,0,0,0,0,0,0,0,0,0,0,0,0,0,0,0,0,0,0,0,0,0,0,1,0,0,0,0,0,0,0,0,0,0,0,0,0,0,0,0,0,0,0,0,0,2,2,4,0,2,4,3,0,0,0,0,0,0,0,0,0,0,0,0,0
0,0,1,303,0,378,0,0,0,5,0,304,0,0,0,0,1,17,2,12,0,24,0,31,1,597,0,0,0,82,0,191,0,46,0,0,0,0,0,0,0,1,0,1,0,2,0,0,0,0,0,0,0,0,0,0,0,0,0,0,0,0,0,0,0,0,0,0,0,0,0,0,0,0,0,3,0,15,0,0,0,0,0,0,0,0,0,6,0,1,0,3,0,4,0,0,0,0,0,0,0,0,0,0,0,0,0,0,0,0,0,0,0,0,0,0,0,0,0,0,0,0,0,0,0,0,0,0,0,0,0,0,0,0,0,0,0,0,0,0,0,0,0,0,0,0,0,0,0,0,4,4,0,1,0,4,1,2,0,0,0,0,0,0,0,0,0,0,0,0
0,0,83,4,67,4,2,0,73,1,646,1,0,0,1,0,92,1,90,9,104,4,305,5,698,1,96,0,0,2,62,2,505,0,0,0,0,0,0,0,1,0,0,0,7,0,0,0,0,0,0,0,0,0,0,0,0,0,1,0,0,0,0,0,0,0,0,0,0,0,0,0,0,0,9,1,17,1,0,0,0,0,0,0,0,0,39,1,2,0,21,0,6,0,0,0,0,0,0,0,0,0,0,0,0,0,0,0,0,0,0,0,0,0,0,0,0,0,0,0,0,0,0,0,0,0,0,0,0,0,0,0,0,0,0,0,0,0,0,0,0,0,0,0,0,0,0,0,0,0,18,6,15,2,21,6,85,0,0,0,0,0,0,0,0,0,0,0,0,0
0,0,4,147,5,134,0,1,0,31,1,677,0,0,0,1,0,96,18,44,1,39,1,46,0,262,0,82,2,0,0,115,7,291,0,0,0,0,0,0,0,6,0,9,0,12,0,0,0,0,0,0,0,0,0,0,0,0,0,8,0,1,0,0,0,0,0,0,0,0,0,0,0,0,0,50,0,64,1,0,0,0,0,0,0,1,0,82,0,8,0,23,0,16,0,0,0,0,0,0,0,0,0,0,0,0,0,0,0,0,0,0,0,0,0,0,0,0,0,0,0,0,0,0,0,0,0,1,0,0,0,0,0,0,0,1,0,0,0,0,0,0,0,0,0,0,0,0,0,0,5,9,0,10,4,6,0,20,0,0,0,0,0,0,0,0,0,0,0,0
0,0,42,3,123,0,0,0,83,0,877,0,0,0,1,0,0,0,21,0,9,0,3,0,12,1,12,0,62,0,0,0,81,0,0,0,0,0,0,0,0,0,0,0,0,0,0,0,0,0,0,0,0,0,0,0,0,0,0,0,0,0,0,0,0,0,0,0,0,0,0,0,0,0,0,0,6,0,0,0,0,0,0,0,0,0,11,0,0,0,4,0,0,0,0,0,0,0,0,0,0,0,0,0,0,0,0,0,0,0,0,0,0,0,0,0,0,0,0,0,0,0,0,0,0,0,0,0,0,0,0,0,0,0,0,0,0,0,0,0,0,0,0,0,0,0,0,0,0,0,2,1,1,0,0,1,0,0,0,0,0,0,0,0,0,0,0,0,0,0
0,0,2,37,4,94,0,0,0,41,2,590,0,0,0,0,0,6,7,6,2,7,0,4,1,33,0,191,2,115,0,0,1,16,0,0,0,1,0,0,0,0,0,2,0,7,0,0,0,0,0,0,0,0,0,0,0,0,0,1,0,0,0,0,0,0,0,0,0,0,0,0,0,0,0,17,1,10,0,0,0,0,0,0,0,0,1,24,0,0,0,4,0,3,0,0,0,0,0,0,0,0,0,0,0,0,0,0,0,0,0,0,0,0,0,0,0,0,0,0,0,0,0,0,0,1,0,0,0,0,0,0,0,0,0,1,0,0,0,0,0,0,0,0,0,0,0,0,0,0,2,2,2,5,3,4,0,1,0,0,0,0,0,0,0,0,0,0,0,0
295,17,497,75,1008,92,808,10,1898,21,563,5,376,1,293,26,133,3,508,41,67,13,141,6,181,1,32,0,505,7,81,1,0,5,0,0,161,26,11,3,384,0,28,0,40,0,19,9,6,1,105,0,17,0,58,0,79,0,129,0,370,0,118,1,41,0,24,1,18,0,179,15,197,7,281,15,1058,14,185,1,0,0,75,0,226,3,545,2,179,0,151,0,172,1,0,1,0,0,6,0,2,0,0,0,1,1,1,1,0,2,1,0,0,1,0,0,0,1,0,0,2,0,4,0,20,3,53,2,115,1,5,0,0,0,4,4,2,1,34,0,5,0,9,0,63,1,6,0,34,0,19,24,24,14,123,112,36,0,0,0,3,0,9,0,5,1,0,1,0,0
1,66,1,212,6,292,1,1028,1,1074,0,365,0,370,10,53,0,480,13,29,1,21,0,59,0,123,0,46,0,291,0,16,5,0,0,0,4,22,0,2,0,456,2,31,0,78,2,52,0,5,0,53,0,8,0,5,0,10,0,132,0,28,0,19,0,4,0,24,0,3,1,35,2,4,2,171,3,2581,0,22,0,0,0,203,0,573,1,545,0,284,0,52,0,200,0,0,0,0,1,1,2,1,0,2,0,0,1,2,0,1,2,0,0,0,0,0,0,0,0,1,0,0,0,1,0,5,0,6,0,57,0,2,0,0,0,0,0,2,0,10,0,5,0,14,0,17,0,0,0,2,1,3,2,5,21,43,0,6,1,0,0,2,0,2,0,1,0,3,1,0
0,0,0,0,0,0,0,0,0,0,0,0,0,0,0,0,0,0,0,0,0,0,0,0,0,0,0,0,0,0,0,0,0,0,0,0,0,0,0,0,0,0,0,0,0,0,0,0,0,0,0,0,0,0,0,0,0,0,0,0,0,0,0,0,0,0,0,0,0,0,0,0,0,0,0,0,0,0,0,0,0,0,0,0,0,0,0,0,0,0,0,0,0,0,0,0,0,0,0,0,0,0,0,0,0,0,0,0,0,0,0,0,0,0,0,0,0,0,0,0,0,0,0,0,0,0,0,0,0,0,0,0,0,0,0,0,0,0,0,0,0,0,0,0,0,0,0,0,0,0,0,0,0,0,0,0,0,0,0,0,0,0,0,0,0,0,0,0,0,0
0,0,0,0,0,0,0,0,0,0,0,0,0,0,0,0,0,0,0,0,0,0,0,0,0,0,0,0,0,0,0,0,0,0,0,0,0,0,0,0,0,0,0,0,0,0,0,0,0,0,0,0,0,0,0,0,0,0,0,0,0,0,0,0,0,0,0,0,0,0,0,0,0,0,0,0,0,0,0,0,0,0,0,0,0,0,0,0,0,0,0,0,0,0,0,0,0,0,0,0,0,0,0,0,0,0,0,0,0,0,0,0,0,0,0,0,0,0,0,0,0,0,0,0,0,0,0,0,0,0,0,0,0,0,0,0,0,0,0,0,0,0,0,0,0,0,0,0,0,0,0,0,0,0,0,0,0,0,0,0,0,0,0,0,0,0,0,0,0,0
107,94,147,54,125,57,51,24,102,27,2,1,17,3,1103,146,0,0,384,8,0,0,0,0,0,0,0,0,0,0,0,0,161,4,0,0,0,263,1956,26,74,1,0,0,0,0,57,7,158,4,1,0,79,0,9,0,0,0,0,0,37,3,30,7,2,0,1,1,5,0,2543,50,722,60,16,25,106,20,64,1,0,0,4,0,22,2,2,0,5,2,1,0,0,0,0,0,0,1,1,1,0,0,1,0,0,0,0,1,1,0,1,1,1,1,1,0,0,0,0,0,0,0,0,0,9,3,34,8,17,5,4,3,0,0,3,2,1,1,0,0,0,0,0,0,0,3,2,0,4,1,0,0,8,0,751,121,0,0,0,0,0,0,4,1,2,1,0,0,0,0
124,152,23,401,19,104,22,54,8,61,1,5,5,11,131,2619,0,0,27,797,0,8,1,2,0,0,0,0,0,0,0,1,26,22,0,0,263,0,25,1093,2,17,0,0,0,0,1,7,4,34,0,22,2,2,1,0,0,0,0,2,49,52,2,48,2,0,3,10,0,0,102,2588,102,530,12,50,59,122,22,25,0,0,0,3,3,13,1,2,4,2,0,1,0,1,0,0,0,0,2,3,2,0,0,0,1,0,1,0,0,1,1,0,0,1,0,0,0,0,0,1,0,0,0,0,0,34,17,53,12,34,2,10,0,0,1,14,1,4,0,0,0,0,2,3,4,17,1,2,3,4,1,4,5,335,61,1023,0,1,0,2,0,0,0,7,3,7,0,1,0,1
0,0,4,0,2,1,0,0,2,0,0,0,2,0,7,2,0,0,3,0,0,0,0,0,0,0,0,0,0,0,0,0,11,0,0,0,1956,25,0,63,128,0,8,1,0,0,876,130,312,11,89,14,69,1,40,0,32,0,7,0,1,0,18,1,0,0,1,0,3,0,1866,61,3,0,2,0,7,0,3,1,0,0,3,0,13,1,0,0,7,0,0,0,8,0,0,0,0,0,1,0,1,1,2,0,0,0,0,0,0,1,0,0,0,0,0,0,0,0,0,0,0,0,0,0,1,0,2,0,9,1,0,0,0,0,0,0,0,0,0,0,0,0,0,0,0,0,0,0,1,0,0,0,0,0,4,0,0,0,0,0,0,0,0,0,1,0,0,0,0,0
0,2,3,44,3,10,0,3,0,14,0,1,0,3,3,40,0,0,5,34,0,0,0,0,0,0,0,0,0,0,0,0,3,2,0,0,26,1093,63,0,31,1,9,1,0,0,234,246,26,64,76,60,11,3,3,0,12,0,10,1,0,0,0,1,0,0,0,0,0,0,193,1528,0,2,1,8,4,15,0,3,0,0,1,1,3,5,0,0,4,2,0,0,0,0,0,0,0,0,0,0,0,0,5,0,0,0,0,0,0,0,0,0,0,0,0,0,0,0,0,0,0,0,0,0,0,2,0,2,1,3,0,0,0,0,0,3,0,0,0,0,0,0,0,0,2,7,0,0,0,0,0,0,0,2,3,8,0,0,0,1,0,0,0,0,0,0,0,0,0,0
4,3,0,1,7,0,0,2,5,1,0,0,8,1,18,4,10,0,2,0,0,0,7,1,2,0,0,0,1,0,0,0,384,0,0,0,74,2,128,31,0,19,2003,4,821,0,391,257,70,25,644,47,22,2,18,0,26,2,325,5,9,0,5,0,1,0,1,1,2,0,371,128,19,0,68,1,494,0,286,1,0,0,24,1,171,2,294,0,168,2,206,0,544,0,1,1,7,3,39,5,36,2,9,1,1,3,5,21,7,18,5,9,0,31,1,0,0,0,1,2,1,0,3,0,5,0,14,0,27,2,0,0,0,0,2,1,0,0,272,0,16,0,36,0,140,17,1,0,4,0,0,0,0,0,3,2,30,1,9,0,1,0,28,1,3,0,1,3,12,0
0,10,1,14,0,4,0,6,0,12,0,9,0,5,1,7,3,34,1,2,0,0,0,0,0,1,0,1,0,6,0,0,0,456,0,0,1,17,0,1,19,0,2,1033,5,306,9,135,4,14,4,427,0,2,1,5,0,16,1,689,0,23,0,17,0,0,0,1,0,0,2,341,0,16,2,31,5,1288,2,143,0,0,0,17,0,286,0,302,0,270,0,111,0,320,2,0,4,3,7,22,7,3,0,0,8,1,11,12,16,9,25,13,6,5,1,2,0,1,0,9,1,3,0,7,0,14,0,30,1,173,0,4,0,0,1,6,0,2,1,170,0,48,0,103,1,222,1,15,0,17,0,0,1,2,1,7,3,45,5,5,0,7,2,110,8,20,5,16,10,2
0,3,0,1,1,1,0,0,0,0,0,0,2,1,0,4,3,1,0,0,0,0,3,0,0,0,0,0,0,0,0,0,28,2,0,0,0,0,8,9,2003,2,0,2,610,0,18,17,7,0,552,5,8,0,4,0,11,0,1739,0,0,1,0,1,0,0,0,0,0,0,16,14,0,2,10,4,42,2,4,2,0,0,5,0,21,0,120,0,23,0,152,0,232,0,7,7,8,11,27,9,33,2,8,7,6,5,34,68,20,37,29,25,4,2,4,2,0,4,1,5,0,0,1,0,2,0,6,2,9,0,1,0,1,0,1,0,0,0,19,0,3,1,1,0,8,0,0,0,3,0,0,0,0,0,0,0,2,0,48,0,2,2,2,0,24,4,6,9,14,2
0,0,1,5,1,3,0,0,0,1,0,14,0,0,0,0,0,4,0,1,0,1,0,1,0,3,0,1,0,9,0,2,0,31,0,0,0,0,1,1,4,1033,2,0,0,979,0,54,1,2,0,769,0,1,0,3,0,12,0,1595,0,0,0,1,0,0,0,0,0,0,0,37,0,0,0,5,1,38,0,0,0,0,0,0,0,22,0,246,0,15,0,268,0,32,1,2,1,7,2,21,1,16,0,9,3,1,8,63,8,36,9,13,0,0,1,1,1,2,4,14,0,0,0,0,0,0,0,1,1,2,0,0,0,0,0,1,0,0,0,3,0,1,0,1,1,2,0,0,0,0,1,1,0,1,1,2,0,0,3,6,0,6,0,1,2,4,1,10,0,1
0,0,0,0,0,0,0,0,0,0,1,0,0,0,0,0,116,6,0,0,1,0,25,1,4,0,0,0,7,0,0,0,40,0,0,0,0,0,0,0,821,5,610,0,0,1,0,0,0,0,0,0,0,0,0,0,0,0,96,0,0,0,0,0,0,0,0,0,0,0,0,0,0,0,11,0,70,0,12,0,0,0,0,0,0,0,719,0,28,0,412,0,220,0,0,0,0,0,2,0,0,0,0,0,0,0,0,1,0,2,1,1,0,1,0,0,0,0,0,0,0,0,0,0,11,0,4,0,5,0,0,0,0,0,1,0,1,0,10,0,1,0,0,0,4,0,1,0,0,0,0,0,0,0,2,0,108,3,1,0,1,0,1,0,7,0,1,2,1,0
0,0,0,16,0,2,0,0,1,4,0,27,0,0,0,1,1,139,0,3,0,0,0,25,0,8,0,2,0,12,0,7,0,78,0,0,0,0,0,0,0,306,0,979,1,0,0,0,0,0,0,0,0,0,0,0,0,0,0,65,0,3,0,0,0,0,0,0,0,0,0,0,0,3,3,96,1,516,0,188,0,0,0,0,0,1,0,480,0,7,0,179,0,67,0,0,0,0,1,0,0,0,0,0,0,0,2,1,1,0,0,0,1,1,0,0,0,0,0,2,0,9,0,0,1,35,0,5,0,0,0,1,0,0,0,5,0,1,0,13,0,0,0,3,0,2,0,0,0,0,0,1,2,1,2,2,8,205,0,0,0,0,0,22,2,8,0,0,0,0
2,4,0,1,3,2,0,1,0,0,0,0,2,0,2,1,0,0,0,0,0,0,0,0,0,0,0,0,0,0,0,0,19,2,0,0,57,1,876,234,391,9,18,0,0,0,0,2091,4296,1192,3220,482,1525,516,835,118,539,91,177,31,0,9,29,5,1,2,0,5,6,0,1362,256,2,0,1,0,2,4,0,2,0,0,3,1,37,12,1,0,53,41,0,0,24,20,23,32,0,0,0,0,12,0,132,12,0,0,0,0,0,0,0,0,0,0,54,3,0,0,0,0,0,0,0,0,0,0,1,0,1,1,0,0,0,0,0,0,0,0,0,0,0,0,1,0,1,0,0,0,1,0,0,0,0,0,0,0,0,0,0,0,0,0,0,0,0,0,0,0,0,0
0,25,0,4,0,5,0,1,0,1,0,0,1,3,0,6,0,0,1,0,0,0,0,0,0,0,0,0,0,0,0,0,9,52,0,0,7,7,130,246,257,135,17,54,0,0,2091,0,1063,2139,101,2858,13,1223,6,881,15,589,14,355,0,14,1,14,0,2,1,21,0,13,429,1395,0,2,0,0,1,46,0,6,0,0,0,19,4,209,0,8,6,325,0,0,3,123,0,100,0,0,0,0,0,9,0,34,0,0,0,0,0,0,1,0,0,0,2,0,0,0,0,0,0,0,0,0,0,0,0,4,4,12,0,1,0,0,0,0,0,0,0,1,1,0,0,2,7,8,0,1,0,1,0,0,0,0,1,0,0,0,0,0,1,1,0,0,1,1,0,0,1,0
0,8,6,1,1,1,1,0,1,1,0,0,2,0,13,0,0,0,1,1,0,0,0,0,0,0,0,0,0,0,0,0,6,0,0,0,158,4,312,26,70,4,7,1,0,0,4296,1063,0,1254,156,89,2496,253,248,24,97,14,21,8,0,8,77,9,3,1,0,4,14,2,1116,158,3,0,0,0,1,3,1,0,0,0,0,0,7,1,0,0,24,18,0,0,8,4,1,0,0,0,0,0,1,0,5,2,0,0,1,0,0,0,0,0,0,0,6,0,0,0,0,0,0,0,0,0,0,0,0,0,0,1,0,0,0,0,0,0,0,0,0,0,0,0,0,0,0,0,0,0,0,0,0,0,0,0,0,0,0,0,0,1,0,0,0,0,0,0,0,0,0,0
0,48,0,12,0,1,0,2,0,0,0,0,0,5,0,17,0,0,0,0,0,0,0,0,0,0,0,0,0,0,0,0,1,5,0,0,4,34,11,64,25,14,0,2,0,0,1192,2139,1254,0,1,313,4,2052,1,404,2,155,1,45,1,46,0,410,0,17,0,37,0,56,181,1551,0,9,0,0,0,19,1,5,0,0,1,4,4,28,0,0,4,92,0,0,3,48,0,11,0,0,0,0,0,0,0,8,1,0,0,0,0,0,0,0,0,0,0,0,0,0,0,0,0,0,0,0,0,0,0,1,0,3,0,1,0,1,0,0,0,0,0,0,0,0,0,0,0,0,0,0,0,0,0,0,0,0,0,0,0,0,0,0,0,1,0,2,0,2,0,0,2,0
3,1,0,0,2,0,0,0,1,0,0,0,1,0,3,0,0,0,0,0,0,0,0,0,0,0,0,0,0,0,0,0,105,0,0,0,1,0,89,76,644,4,552,0,0,0,3220,101,156,1,0,18,164,0,715,0,1237,1,2106,0,1,0,2,0,2,0,2,0,3,0,452,57,1,0,1,0,41,0,1,0,0,0,7,0,208,0,8,0,267,1,0,0,155,0,43,0,0,0,25,0,278,2,438,1,1,0,0,1,1,0,0,0,0,51,157,18,2,1,1,0,0,0,0,0,3,0,2,0,8,0,1,0,0,0,0,0,0,0,9,0,4,0,7,0,55,2,2,0,3,0,0,0,0,0,0,0,1,0,0,0,0,0,0,0,0,0,0,0,14,0
0,13,0,0,0,11,0,0,0,2,0,0,0,0,0,3,0,0,0,0,0,0,0,0,0,0,0,0,0,0,0,0,0,53,0,0,0,22,14,60,47,427,5,769,0,0,482,2858,89,313,18,0,0,304,0,351,1,643,5,1846,0,9,0,7,0,1,0,5,0,12,22,833,0,0,0,0,0,26,0,0,0,0,0,2,1,213,0,21,1,442,0,0,0,349,0,342,1,1,2,77,1,115,2,187,0,1,0,6,0,2,0,0,9,182,6,43,13,1,2,1,0,0,0,0,0,0,1,0,4,7,0,0,0,0,1,8,0,0,0,0,0,4,1,5,6,9,0,0,1,0,0,0,0,0,0,0,0,0,0,0,0,2,0,0,5,4,1,30,95,1
4,0,11,0,1,1,1,0,3,0,0,0,1,0,35,0,0,0,0,0,0,0,0,0,0,0,0,0,0,0,0,0,17,0,0,0,79,2,69,11,22,0,8,0,0,0,1525,13,2496,4,164,0,0,0,3317,0,286,0,74,0,6,0,503,0,47,0,15,0,98,0,457,11,8,0,1,0,14,0,1,0,0,0,5,0,36,0,3,0,233,0,0,0,70,0,1,0,0,0,0,0,0,0,2,0,1,0,0,0,0,0,0,0,0,0,1,0,0,0,0,0,0,0,0,0,0,0,0,0,1,0,0,0,0,0,0,0,0,0,0,0,0,0,0,0,0,0,1,0,0,0,0,0,0,0,0,1,0,0,0,0,0,0,0,0,0,0,0,0,0,0
0,71,0,2,0,3,0,1,0,1,0,0,0,4,0,1,0,0,0,0,0,0,0,0,0,0,0,0,0,0,0,0,0,8,0,0,0,2,1,3,2,2,0,1,0,0,516,1223,253,2052,0,304,0,0,0,3772,1,427,0,87,0,68,0,659,0,38,0,74,0,535,10,429,0,0,0,0,0,11,0,3,0,0,0,2,0,36,0,0,0,322,0,0,0,138,0,14,0,0,0,0,0,0,0,14,0,0,0,0,0,0,0,0,0,0,0,0,0,0,0,0,0,0,0,0,0,2,0,1,0,1,0,0,0,0,0,0,0,0,0,0,0,0,0,0,0,1,0,0,0,0,0,0,0,0,0,0,0,0,0,1,0,0,0,0,0,0,0,0,0,0
25,0,15,0,3,0,1,0,3,0,0,0,6,0,10,0,0,0,0,0,0,0,0,0,0,0,0,0,0,0,0,0,58,0,0,0,9,1,40,3,18,1,4,0,0,0,835,6,248,1,715,0,3317,0,0,0,2502,0,337,1,25,0,527,0,487,0,26,0,1183,0,208,8,14,0,0,0,30,1,4,0,0,0,21,0,278,0,3,0,3131,0,0,0,467,0,5,0,0,0,0,0,0,0,6,0,0,0,1,0,0,0,0,0,0,0,0,0,0,0,0,0,0,0,0,0,0,0,2,0,3,0,0,0,0,0,0,0,0,0,0,0,0,0,0,0,3,0,1,0,0,0,0,0,0,0,0,0,0,0,0,0,0,0,0,0,0,0,0,0,0,0
0,109,0,2,0,11,0,1,0,2,0,0,0,10,0,0,0,0,0,0,0,0,0,0,0,0,0,0,0,0,0,0,0,5,0,0,0,0,0,0,0,5,0,3,0,0,118,881,24,404,0,351,0,3772,0,0,0,1796,0,133,0,126,0,94,0,35,0,150,0,1421,0,78,0,0,0,0,0,9,0,2,0,0,0,4,0,78,0,4,0,3118,0,1,1,385,0,14,0,1,0,0,0,0,0,6,0,0,0,0,0,0,0,0,0,0,0,0,0,0,0,0,0,0,0,0,0,0,0,0,0,0,0,0,0,0,0,0,0,0,0,0,0,0,0,0,0,0,0,0,0,0,0,0,0,0,0,0,0,0,0,0,0,0,0,0,0,0,0,0,0,0
4,0,1,1,3,0,0,0,0,1,0,0,3,0,2,0,0,0,0,0,0,0,0,0,0,0,0,0,0,0,0,0,79,0,0,0,0,0,32,12,26,0,11,0,0,0,539,15,97,2,1237,1,286,1,2502,0,0,0,1527,0,2,0,8,0,3,0,2,0,8,1,42,6,1,0,0,0,19,0,0,0,0,0,15,0,162,0,18,0,518,0,2,0,863,0,8,0,0,0,1,0,0,0,7,0,0,0,0,0,0,0,0,0,1,0,0,0,0,0,0,0,0,0,0,0,0,0,3,0,4,0,0,0,0,0,0,0,0,0,0,0,2,0,0,0,1,0,0,0,2,0,0,0,0,0,0,0,0,0,0,0,0,0,0,0,1,0,0,0,0,0
0,4,0,0,0,2,0,0,0,0,0,0,0,0,0,0,0,0,0,0,0,0,0,0,0,0,0,0,0,0,0,0,0,10,0,0,0,0,0,0,2,16,0,12,0,0,91,589,14,155,1,643,0,427,0,1796,0,0,0,1156,0,4,0,1,0,1,0,2,0,4,1,22,0,1,0,0,0,10,0,0,0,0,0,2,0,50,0,6,0,595,0,1,0,1212,0,63,0,0,0,0,0,0,0,13,0,0,0,0,0,0,0,0,0,0,0,0,0,0,0,0,0,0,0,0,0,0,0,0,0,0,0,0,0,0,0,0,0,0,0,0,0,0,0,0,0,0,0,0,0,0,0,0,0,0,0,0,0,0,0,0,0,0,0,0,0,0,0,0,0,0
1,0,2,0,1,0,0,0,0,0,0,0,0,0,0,0,4,0,0,0,1,0,2,0,1,0,0,0,1,0,0,0,129,0,0,0,0,0,7,10,325,1,1739,0,96,0,177,14,21,1,2106,5,74,0,337,0,1527,0,0,0,0,0,2,0,0,0,1,0,0,0,45,13,0,0,1,0,42,0,6,0,0,0,3,0,209,0,137,0,480,0,336,0,3407,0,35,0,13,0,10,0,411,1,255,1,3,0,4,0,2,0,0,0,0,2,13,1,1,0,0,0,0,0,0,0,0,0,0,0,1,0,0,0,0,0,0,0,0,0,6,0,0,0,1,0,6,0,0,0,0,0,0,0,0,0,0,0,2,0,0,0,0,0,0,0,0,0,1,0,0,0
0,5,1,2,0,2,0,1,0,2,0,11,0,0,1,0,0,0,0,3,0,0,0,0,0,1,0,0,0,8,0,1,0,132,0,0,0,2,0,1,5,689,0,1595,0,65,31,355,8,45,0,1846,0,87,1,133,0,1156,0,0,0,1,0,0,0,1,0,4,0,4,0,66,0,0,0,6,0,126,0,7,0,0,0,2,0,166,0,255,0,626,0,858,0,3880,0,99,0,9,1,2,1,166,1,298,0,0,1,2,0,1,0,0,0,0,1,8,3,2,1,0,0,0,0,0,0,0,0,0,0,1,0,0,0,0,0,0,0,0,0,0,0,2,0,2,0,1,0,0,0,0,0,0,1,0,1,0,0,1,0,0,0,0,0,0,0,1,0,2,0,0
4594,20,164,0,167,0,374,1,58,0,0,0,1171,0,73,11,0,0,1,0,1,0,0,0,0,0,1,0,0,0,0,0,370,0,0,0,37,49,1,0,9,0,0,0,0,0,0,0,0,1,1,0,6,0,25,0,2,0,0,0,0,1,1247,1,2322,0,1471,0,120,0,809,1,1159,9,9,0,206,1,63,0,0,0,94,0,833,0,2,0,145,0,0,0,9,0,0,0,0,0,0,0,0,0,0,0,0,0,0,0,1,0,1,0,0,0,0,0,0,0,0,0,0,0,0,0,0,0,19,2,6,1,1,0,0,0,0,0,0,0,0,0,0,0,1,0,1,0,0,0,2,0,0,0,0,0,4,0,0,0,0,0,2,0,3,0,2,0,0,0,1,0
1,3107,0,61,1,162,2,97,1,105,0,0,0,729,3,120,0,0,3,4,0,0,0,0,0,1,0,0,0,1,0,0,0,28,0,0,3,52,0,0,0,23,1,0,0,3,9,14,8,46,0,9,0,68,0,126,0,4,0,1,1,0,0,1886,0,1180,0,1517,0,306,6,603,3,1217,0,10,2,451,2,286,0,0,0,3,0,350,0,0,0,274,0,0,0,13,3,3,3,2,2,4,2,0,0,1,0,1,2,2,4,2,1,1,0,0,0,0,0,0,0,1,0,0,0,0,0,12,2,216,2,42,0,22,0,3,1,9,0,11,0,0,0,0,0,0,0,30,0,6,0,7,0,0,0,0,1,2,0,0,4,8,0,0,1,41,4,19,1,4,2,1
181,0,37,0,23,0,15,0,3,0,0,0,5,0,57,1,0,0,0,0,0,0,0,0,0,0,0,0,0,0,0,0,118,0,0,0,30,2,18,0,5,0,0,0,0,0,29,1,77,0,2,0,503,0,527,0,8,0,2,0,1247,0,0,1,2164,0,79,0,499,0,1572,1,110,0,0,0,124,0,29,0,0,0,4,0,30,0,0,0,105,0,0,0,19,0,0,0,0,0,1,0,0,0,0,0,0,0,0,0,0,0,0,0,0,0,0,0,0,0,0,1,0,0,0,0,0,0,2,0,1,0,0,0,0,0,0,0,0,0,0,0,0,0,0,0,0,0,0,0,1,0,0,0,0,0,0,0,0,0,0,0,1,0,0,0,0,0,0,0,0,0
0,164,1,15,0,19,0,7,0,18,0,0,0,35,0,55,0,0,0,0,0,0,0,0,0,0,0,0,0,0,0,0,1,19,0,0,7,48,1,1,0,17,1,1,0,0,5,14,9,410,0,7,0,659,0,94,0,1,0,0,1,1886,1,0,0,639,0,336,0,703,23,1943,1,204,1,3,2,113,1,72,0,0,0,0,1,49,0,0,0,27,0,0,0,5,1,0,0,0,4,3,2,0,0,0,0,0,1,3,0,0,1,0,1,0,0,0,1,0,0,0,0,0,0,0,0,3,0,29,3,33,0,4,0,0,0,3,0,1,0,0,1,0,0,1,0,4,0,0,0,0,0,0,0,0,0,1,0,0,1,3,0,0,0,2,0,9,2,2,0,0
222,0,42,0,20,0,5,0,1,0,0,0,16,0,19,0,0,0,0,0,0,0,0,0,0,0,0,0,0,0,0,0,41,0,0,0,2,2,0,0,1,0,0,0,0,0,1,0,3,0,2,0,47,0,487,0,3,0,0,0,2322,0,2164,0,0,0,1451,0,1541,0,87,0,35,1,0,0,23,0,4,0,0,0,1,0,74,0,0,0,172,0,0,0,7,0,0,0,0,0,0,0,0,0,0,0,0,0,0,0,0,0,0,0,0,0,0,0,0,0,0,0,0,0,0,0,0,0,1,0,2,0,0,0,0,0,0,0,0,0,0,0,0,0,0,0,0,0,0,0,0,0,0,0,0,0,0,0,0,0,0,0,0,0,0,0,0,0,0,0,0,0
0,62,0,0,0,2,0,0,0,2,0,0,0,9,0,0,0,0,0,0,0,0,0,0,0,0,0,0,0,0,0,0,0,4,0,0,0,0,0,0,0,0,0,0,0,0,2,2,1,17,0,1,0,38,0,35,0,1,0,1,0,1180,0,639,0,0,0,849,0,1172,0,30,0,0,0,0,0,40,0,8,0,0,0,0,0,11,0,0,0,21,0,0,0,2,0,0,0,0,0,0,0,0,0,1,0,0,0,0,0,0,0,0,0,0,0,0,0,0,0,0,0,0,0,0,0,0,0,1,0,4,0,0,0,0,0,0,0,0,0,0,0,0,0,0,0,0,0,0,0,1,0,0,0,0,0,0,0,0,0,0,0,1,0,0,0,0,1,0,0,0
282,0,22,0,35,0,37,0,11,0,0,0,204,0,16,1,0,0,0,0,0,0,0,0,0,0,0,0,0,0,0,0,24,0,0,0,1,3,1,0,1,0,0,0,0,0,0,1,0,0,2,0,15,0,26,0,2,0,1,0,1471,0,79,0,1451,0,0,0,812,0,26,1,15,0,0,1,6,0,2,0,0,0,24,0,906,0,0,0,230,0,0,0,9,0,0,0,0,0,0,0,0,0,0,0,0,0,0,0,0,0,0,0,0,0,0,0,0,0,0,0,0,0,0,0,0,0,0,0,0,0,0,0,0,0,0,0,0,0,0,0,0,0,0,0,0,0,0,0,0,0,0,0,0,0,0,0,0,0,0,0,0,0,0,0,0,0,0,0,0,0
2,141,0,26,1,92,0,58,1,15,0,0,0,470,0,4,0,0,0,0,0,0,0,0,0,0,0,0,0,0,0,0,1,24,0,0,1,10,0,0,1,1,0,0,0,0,5,21,4,37,0,5,0,74,0,150,0,2,0,4,0,1517,0,336,0,849,0,0,0,1316,5,94,0,2,0,0,1,14,0,3,0,0,0,8,0,859,0,0,0,320,0,0,0,19,0,1,0,0,0,1,0,0,0,0,0,0,0,0,0,0,0,0,0,0,0,0,0,0,0,0,0,0,0,0,0,0,0,0,0,1,0,0,0,0,0,0,0,0,0,1,0,0,0,0,0,0,0,0,0,0,0,0,0,0,0,1,0,0,0,1,0,0,0,0,0,0,0,0,0,0
60,0,21,0,9,0,3,0,2,0,0,0,4,0,26,0,0,0,0,0,0,0,0,0,0,0,0,0,0,0,0,0,18,0,0,0,5,0,3,0,2,0,0,0,0,0,6,0,14,0,3,0,98,0,1183,0,8,0,0,0,120,0,499,0,1541,0,812,0,0,0,107,1,20,0,0,0,21,0,5,0,0,0,3,0,278,0,1,0,941,0,0,0,28,0,0,0,0,0,0,0,0,0,0,0,0,0,0,0,1,1,0,0,0,0,0,0,0,0,0,0,0,0,0,0,0,0,0,0,1,1,0,0,0,0,0,0,0,0,0,0,0,0,0,0,0,0,0,0,0,0,0,0,0,0,0,0,0,0,0,0,0,0,0,0,0,0,0,0,0,0
0,140,0,3,0,12,1,2,0,4,0,0,0,16,1,1,0,0,0,0,0,0,0,0,0,0,0,0,0,0,0,0,0,3,0,0,0,0,0,0,0,0,0,0,0,0,0,13,2,56,0,12,0,535,0,1421,1,4,0,4,0,306,0,703,0,1172,0,1316,0,0,1,50,0,0,0,0,0,5,0,2,0,0,0,0,0,263,0,0,0,1136,0,0,0,16,0,0,0,0,0,0,0,0,0,0,0,0,0,0,0,0,0,0,0,0,0,0,0,0,0,0,0,0,0,0,0,0,0,1,0,1,0,0,0,0,0,0,0,0,0,0,0,0,0,0,0,0,0,0,0,0,0,0,0,0,0,0,0,0,0,0,0,0,0,0,0,0,0,0,0,0
303,10,145,11,68,5,41,1,31,1,1,0,16,1,435,9,0,0,8,0,0,0,0,0,0,0,0,0,0,0,0,0,179,1,0,0,2543,102,1866,193,371,2,16,0,0,0,1362,429,1116,181,452,22,457,10,208,0,42,1,45,0,809,6,1572,23,87,0,26,5,107,1,0,418,1493,5,8,5,429,8,120,1,0,0,2,0,27,2,1,0,32,1,0,0,10,0,1,1,0,1,3,0,2,0,24,0,0,0,0,1,1,1,1,0,0,0,5,0,0,0,0,0,0,0,0,0,2,2,36,1,21,2,6,0,0,0,0,0,1,0,0,0,1,0,1,0,1,0,0,0,5,1,0,0,0,0,2,4,0,0,0,0,0,0,2,0,2,0,1,0,0,0
0,519,3,403,2,49,2,44,3,32,1,1,1,37,16,403,0,0,1,19,0,0,0,0,0,0,0,0,0,0,0,0,15,35,0,0,50,2588,61,1528,128,341,14,37,0,0,256,1395,158,1551,57,833,11,429,8,78,6,22,13,66,1,603,1,1943,0,30,1,94,1,50,418,0,5,665,3,12,20,151,5,75,0,0,2,20,8,95,0,2,4,63,0,0,4,20,0,5,1,1,3,2,3,2,4,1,3,1,3,1,1,0,2,5,1,3,0,0,0,0,0,0,0,0,0,0,0,18,4,65,11,61,0,17,0,0,0,10,0,3,0,1,0,1,0,2,3,26,0,2,3,5,0,0,0,0,5,13,0,2,3,3,2,0,2,13,5,6,0,2,0,0
1480,75,366,8,102,16,183,6,76,5,1,0,54,1,1053,68,0,0,16,2,0,0,0,0,0,0,0,0,0,0,0,0,197,2,0,0,722,102,3,0,19,0,0,0,0,0,2,0,3,0,1,0,8,0,14,0,1,0,0,0,1159,3,110,1,35,0,15,0,20,0,1493,5,0,67,19,3,345,10,150,3,0,0,3,0,43,0,2,0,24,0,0,0,3,0,1,0,0,0,2,0,2,0,0,0,0,0,0,2,0,2,3,2,0,0,0,0,0,0,0,0,0,0,0,0,5,0,111,3,31,0,2,1,0,0,2,0,6,0,0,0,0,0,5,2,4,1,1,0,6,0,0,0,0,0,11,5,0,0,2,0,1,0,3,1,5,0,0,0,0,0
18,587,3,59,0,30,3,19,0,20,0,0,0,38,17,1093,0,0,0,2,0,0,0,0,0,0,0,0,0,0,0,0,7,4,0,0,60,530,0,2,0,16,2,0,0,3,0,2,0,9,0,0,0,0,0,0,0,1,0,0,9,1217,0,204,1,0,0,2,0,0,5,665,67,0,3,21,13,152,10,137,0,0,0,0,1,9,0,0,0,2,0,0,0,0,0,0,2,1,2,0,3,0,1,0,0,0,0,4,4,1,5,0,1,1,0,0,0,1,0,0,0,0,0,1,0,11,5,267,7,61,0,31,0,4,0,21,0,29,0,2,0,0,0,8,2,69,0,15,0,12,0,0,0,0,0,0,0,1,3,1,0,2,0,34,8,19,0,2,0,2
10,2,53,11,111,25,22,12,94,9,10,0,12,0,29,8,90,13,32,5,2,0,19,1,3,1,0,0,9,0,0,0,281,2,0,0,16,12,2,1,68,2,10,0,11,3,1,0,0,0,1,0,1,0,0,0,0,0,1,0,9,0,0,1,0,0,0,0,0,0,8,3,19,3,0,4,1551,8,717,2,0,0,13,0,8,1,31,0,5,0,36,0,17,2,1,1,3,4,19,5,6,1,2,1,7,0,4,13,7,6,4,7,1,1,0,0,0,0,0,1,79,119,0,0,311,3,852,1,509,1,97,0,1,0,59,14,40,0,3,0,7,0,53,0,117,3,26,0,139,0,3,4,0,1,225,124,79,1,7,0,11,0,34,0,48,2,6,3,8,4
4,41,20,303,21,388,2,159,10,475,4,103,0,6,38,68,0,218,58,53,8,13,0,65,0,26,1,3,1,50,0,17,15,171,0,0,25,50,0,8,1,31,4,5,0,96,0,0,0,0,0,0,0,0,0,0,0,0,0,6,0,10,0,3,0,0,1,0,0,0,5,12,3,21,4,0,11,1155,2,431,0,0,0,2,1,4,0,34,0,6,0,6,0,14,0,0,0,0,2,8,1,0,0,0,1,2,4,0,4,1,1,1,2,1,0,0,0,0,0,1,0,25,0,9,1,329,0,768,0,389,0,100,0,6,0,481,0,144,0,9,0,4,0,61,0,634,0,51,0,97,4,2,19,5,67,157,4,320,1,13,2,0,0,35,3,41,1,4,6,1
123,17,127,16,205,37,21,9,119,14,34,1,43,0,232,26,332,0,90,3,7,2,53,2,17,1,6,0,17,0,6,1,1058,3,0,0,106,59,7,4,494,5,42,1,70,1,2,1,1,0,41,0,14,0,30,0,19,0,42,0,206,2,124,2,23,0,6,1,21,0,429,20,345,13,1551,11,0,14,556,3,0,0,54,0,87,2,147,1,81,1,96,0,147,0,2,0,5,3,43,3,8,1,2,4,6,4,16,9,5,2,10,9,3,3,0,0,0,1,0,2,1,0,8,0,110,3,99,3,156,6,19,2,1,0,16,1,1,0,135,0,31,0,29,0,98,0,9,0,29,0,6,2,2,0,64,61,524,11,7,1,7,0,34,1,45,8,8,4,12,6
4,519,17,625,27,368,4,358,18,468,1,160,0,420,41,337,1,251,53,127,2,6,0,35,1,39,1,15,1,64,0,10,14,2581,0,0,20,122,0,15,0,1288,2,38,0,516,4,46,3,19,0,26,0,11,1,9,0,10,0,126,1,451,0,113,0,40,0,14,0,5,8,151,10,152,8,1155,14,0,4,580,0,0,0,47,3,364,0,305,0,154,0,77,0,180,3,1,2,0,5,15,2,1,1,0,3,0,5,8,4,5,4,2,3,5,0,1,0,0,0,1,0,5,0,2,0,130,2,46,2,136,1,11,0,1,0,20,0,9,0,67,0,32,0,29,0,58,1,2,0,1,3,0,16,13,55,153,3,364,4,19,1,5,1,68,9,33,3,23,5,3
43,8,27,4,46,5,5,4,25,3,2,0,0,0,87,12,11,0,16,1,1,0,3,0,3,0,0,0,0,1,0,0,185,0,0,0,64,22,3,0,286,2,4,0,12,0,0,0,1,1,1,0,1,0,4,0,0,0,6,0,63,2,29,1,4,0,2,0,5,0,120,5,150,10,717,2,556,4,0,2,0,0,12,0,8,0,0,0,2,1,1,0,1,0,2,0,5,4,65,5,23,0,0,0,4,4,18,30,9,15,6,10,10,6,1,0,0,0,1,6,2,1,1,0,46,4,196,4,106,3,22,1,2,0,37,3,4,1,26,0,8,0,5,0,27,3,2,0,11,1,0,0,0,0,17,22,102,3,7,1,7,0,49,0,102,5,16,9,22,11
1,135,4,89,3,31,1,12,3,34,0,5,0,33,3,82,2,1,3,10,0,3,0,2,0,1,0,0,0,0,0,0,1,22,0,0,1,25,1,3,1,143,2,0,0,188,2,6,0,5,0,0,0,3,0,2,0,0,0,7,0,286,0,72,0,8,0,3,0,2,1,75,3,137,2,431,3,580,2,0,0,0,0,2,1,20,0,5,0,5,0,3,0,6,0,2,3,3,4,16,5,1,3,2,3,0,12,14,6,9,11,4,1,2,1,0,0,0,1,3,0,6,0,0,0,37,0,19,1,14,0,1,0,1,0,6,0,3,0,60,0,9,0,8,0,7,0,1,0,1,2,0,0,1,8,13,2,34,11,24,1,3,3,170,5,54,2,8,2,0
0,0,0,0,0,0,0,0,0,0,0,0,0,0,0,0,0,0,0,0,0,0,0,0,0,0,0,0,0,0,0,0,0,0,0,0,0,0,0,0,0,0,0,0,0,0,0,0,0,0,0,0,0,0,0,0,0,0,0,0,0,0,0,0,0,0,0,0,0,0,0,0,0,0,0,0,0,0,0,0,0,0,0,0,0,0,0,0,0,0,0,0,0,0,0,0,0,0,0,0,0,0,0,0,0,0,0,0,0,0,0,0,0,0,0,0,0,0,0,0,0,0,0,0,0,0,0,0,0,0,0,0,0,0,0,0,0,0,0,0,0,0,0,0,0,0,0,0,0,0,0,0,0,0,0,0,0,0,0,0,0,0,0,0,0,0,0,0,0,0
0,0,0,0,0,0,0,0,0,0,0,0,0,0,0,0,0,0,0,0,0,0,0,0,0,0,0,0,0,0,0,0,0,0,0,0,0,0,0,0,0,0,0,0,0,0,0,0,0,0,0,0,0,0,0,0,0,0,0,0,0,0,0,0,0,0,0,0,0,0,0,0,0,0,0,0,0,0,0,0,0,0,0,0,0,0,0,0,0,0,0,0,0,0,0,0,0,0,0,0,0,0,0,0,0,0,0,0,0,0,0,0,0,0,0,0,0,0,0,0,0,0,0,0,0,0,0,0,0,0,0,0,0,0,0,0,0,0,0,0,0,0,0,0,0,0,0,0,0,0,0,0,0,0,0,0,0,0,0,0,0,0,0,0,0,0,0,0,0,0
24,1,5,0,31,0,40,0,53,0,0,0,179,0,18,2,0,0,0,0,0,0,0,0,0,0,0,0,0,0,0,0,75,0,0,0,4,0,3,1,24,0,5,0,0,0,3,0,0,1,7,0,5,0,21,0,15,0,3,0,94,0,4,0,1,0,24,0,3,0,2,2,3,0,13,0,54,0,12,0,0,0,0,0,236,0,0,0,21,0,0,0,4,0,0,0,1,0,6,0,2,0,0,0,0,0,4,0,0,1,3,4,2,1,0,0,0,0,0,1,2,0,8,0,3,0,13,0,66,1,2,0,0,0,2,0,0,0,9,0,11,0,8,0,45,0,8,0,36,0,0,0,0,0,0,1,0,0,1,0,1,0,1,0,0,0,1,0,2,0
0,6,0,11,3,78,0,46,1,58,0,0,0,27,3,0,0,0,0,0,0,0,0,0,0,0,0,0,0,0,0,0,0,203,0,0,0,3,0,1,1,17,0,0,0,0,1,19,0,4,0,2,0,2,0,4,0,2,0,2,0,3,0,0,0,0,0,8,0,0,0,20,0,0,0,2,0,47,0,2,0,0,0,0,0,592,0,5,0,70,0,0,0,2,0,1,0,0,0,1,0,0,0,0,0,0,1,0,0,0,0,0,0,0,0,0,0,0,0,0,0,0,0,0,0,0,0,4,0,9,0,0,0,0,0,0,0,0,0,2,0,1,0,1,0,5,0,2,0,2,0,0,0,0,0,0,0,0,0,0,0,0,0,0,0,0,0,0,0,0
522,2,90,2,278,0,107,2,74,0,0,0,599,0,110,5,0,0,1,0,0,0,0,0,0,0,0,0,0,0,0,0,226,0,0,0,22,3,13,3,171,0,21,0,0,0,37,4,7,4,208,1,36,0,278,0,162,0,209,0,833,0,30,1,74,0,906,0,278,0,27,8,43,1,8,1,87,3,8,1,0,0,236,0,0,1,918,0,4705,0,11,0,132,0,0,0,0,0,2,0,0,0,2,0,0,0,0,0,0,0,0,0,0,0,0,0,0,0,0,0,0,0,0,0,2,0,11,1,24,2,0,0,0,0,0,1,1,0,9,0,4,0,1,0,25,1,1,0,6,0,0,0,0,0,6,7,1,0,0,0,0,0,0,0,0,0,0,0,1,0
1,348,0,64,1,569,1,263,3,148,0,1,0,451,6,24,0,0,0,1,0,0,0,0,0,0,1,0,0,1,0,0,3,573,0,0,2,13,1,5,2,286,0,22,0,1,12,209,1,28,0,213,0,36,0,78,0,50,0,166,0,350,0,49,0,11,0,859,0,263,2,95,0,9,1,4,2,364,0,20,0,0,0,592,1,0,0,1437,0,3687,0,36,0,172,0,10,1,0,0,1,0,0,0,3,0,0,3,1,0,4,1,0,0,0,0,1,0,1,1,0,0,1,0,1,1,2,0,7,1,54,0,0,0,0,0,0,0,1,0,13,0,7,0,13,0,40,0,3,0,5,0,0,0,1,3,6,0,0,0,1,0,0,1,2,2,4,0,3,0,0
1,0,23,3,40,1,0,0,11,0,48,1,1,0,2,0,51,0,24,6,14,1,40,1,39,0,2,0,39,0,11,1,545,1,0,0,2,1,0,0,294,0,120,0,719,0,1,0,0,0,8,0,3,0,3,0,18,0,137,0,2,0,0,0,0,0,0,0,1,0,1,0,2,0,31,0,147,0,0,0,0,0,0,0,918,0,0,1,968,0,925,0,438,0,0,0,0,0,0,0,0,0,0,0,0,0,0,0,0,0,0,0,0,0,0,0,0,0,0,0,0,0,0,0,0,0,0,0,0,0,0,0,0,0,0,0,0,0,2,0,0,0,0,0,1,0,0,0,0,0,3,3,4,4,9,4,8,0,0,0,0,0,0,0,0,0,0,0,0,0
0,1,2,41,3,48,0,1,1,26,2,153,0,0,1,1,0,36,14,13,2,6,1,10,1,37,0,6,1,82,0,24,2,545,0,0,0,2,0,0,0,302,0,246,0,480,0,8,0,0,0,21,0,0,0,4,0,6,0,255,0,0,0,0,0,0,0,0,0,0,0,2,0,0,0,34,1,305,0,5,0,0,0,5,0,1437,1,0,0,602,1,1697,0,573,0,1,0,0,0,0,0,0,0,0,0,0,0,0,0,0,0,0,0,0,0,0,0,0,0,0,0,0,0,0,0,1,0,0,0,3,0,0,0,0,0,1,0,0,0,3,0,1,0,2,0,3,0,0,0,0,2,3,6,7,2,9,0,3,0,0,0,0,0,0,0,0,0,0,0,0
237,2,91,0,121,1,15,0,9,0,1,0,61,0,42,3,5,0,3,0,0,0,3,0,0,0,1,0,2,0,0,0,179,0,0,0,5,4,7,4,168,0,23,0,28,0,53,6,24,4,267,1,233,0,3131,0,518,0,480,0,145,0,105,0,172,0,230,0,941,0,32,4,24,0,5,0,81,0,2,0,0,0,21,0,4705,0,968,0,0,0,460,0,4477,0,2,0,0,0,0,0,0,0,2,0,0,0,0,0,0,0,0,0,0,0,0,0,0,0,0,0,0,0,0,0,0,0,1,0,4,0,0,0,0,0,0,0,0,0,3,0,1,0,3,0,2,0,0,0,1,0,0,0,0,0,0,4,2,0,0,0,0,0,0,0,0,0,0,0,0,0
0,298,2,40,1,212,1,36,0,28,0,13,0,23,3,6,0,0,1,2,0,0,0,0,0,0,0,1,0,8,0,0,0,284,0,0,2,2,0,2,2,270,0,15,0,7,41,325,18,92,1,442,0,322,0,3118,0,595,0,626,0,274,0,27,0,21,0,320,0,1136,1,63,0,2,0,6,1,154,1,5,0,0,0,70,0,3687,0,602,0,0,0,660,0,4762,0,37,0,0,0,0,0,0,0,8,0,0,0,0,0,0,0,0,0,0,0,0,0,0,0,0,0,0,0,1,0,0,0,1,0,8,0,0,0,0,0,0,0,0,0,6,0,5,0,5,0,2,0,0,0,1,0,0,0,1,1,3,0,0,0,1,0,0,0,0,0,0,0,0,0,0
0,0,9,2,21,1,0,0,5,0,19,1,0,0,0,0,40,0,16,1,8,2,26,0,20,0,0,0,21,0,4,0,151,0,0,0,1,0,0,0,206,0,152,0,412,0,0,0,0,0,0,0,0,0,0,0,2,0,336,0,0,0,0,0,0,0,0,0,0,0,0,0,0,0,36,0,96,0,1,0,0,0,0,0,11,0,925,1,460,0,0,0,2277,0,0,0,0,0,0,0,0,0,0,0,0,0,0,0,0,0,0,0,0,0,0,0,0,0,0,0,0,0,0,0,0,0,0,0,1,0,0,0,0,0,0,0,0,0,1,0,0,0,0,0,0,0,0,0,0,0,2,3,3,0,0,0,9,0,0,0,0,0,0,0,1,0,0,0,0,0
0,0,1,11,0,14,0,1,0,9,0,49,0,1,0,0,0,3,2,1,0,0,0,0,0,5,0,3,0,23,0,4,0,52,0,0,0,1,0,0,0,111,0,268,0,179,0,0,0,0,0,0,0,0,0,1,0,1,0,858,0,0,0,0,0,0,0,0,0,0,0,0,0,0,0,6,0,77,0,3,0,0,0,0,0,36,0,1697,0,660,0,0,0,2372,0,0,0,0,0,0,0,0,0,0,0,0,0,0,0,0,0,0,0,0,0,0,0,0,0,0,0,0,0,0,0,0,0,0,0,0,0,0,0,0,0,0,0,0,0,0,0,0,0,0,0,0,0,0,0,0,0,3,2,0,2,2,0,3,0,0,0,0,0,0,0,0,0,0,0,0
14,0,14,1,11,0,0,0,0,0,6,0,2,0,3,0,51,0,2,0,1,0,16,0,4,0,0,0,6,0,0,0,172,0,0,0,0,0,8,0,544,0,232,0,220,0,24,3,8,3,155,0,70,0,467,1,863,0,3407,0,9,0,19,0,7,0,9,0,28,0,10,4,3,0,17,0,147,0,1,0,0,0,4,0,132,0,438,0,4477,0,2277,0,0,0,1,1,0,0,0,0,0,0,3,0,0,0,0,0,0,0,0,0,0,0,0,0,0,0,0,0,0,0,0,0,0,0,0,0,1,0,0,0,0,0,0,0,0,0,8,0,0,0,1,0,2,0,0,0,0,0,2,0,0,0,2,0,17,0,0,0,0,0,0,0,1,0,0,0,0,0
0,15,1,12,0,16,0,1,0,15,0,20,0,3,0,3,0,2,2,5,0,0,0,0,0,2,0,4,0,16,0,3,1,200,0,0,0,1,0,0,0,320,0,32,0,67,20,123,4,48,0,349,0,138,0,385,0,1212,0,3880,0,13,0,5,0,2,0,19,0,16,0,20,0,0,2,14,0,180,0,6,0,0,0,2,0,172,0,573,0,4762,0,2372,0,0,0,177,0,9,0,1,0,2,1,35,0,0,1,2,0,0,0,0,0,0,0,1,0,0,0,0,0,0,0,0,0,0,0,0,0,0,0,0,0,0,0,0,0,0,0,4,0,0,0,3,0,1,0,0,0,0,0,0,0,0,3,3,0,5,0,0,0,0,0,0,0,0,0,1,0,0
0,1,0,0,0,0,0,0,0,0,0,0,0,0,0,0,0,0,0,0,0,0,0,0,0,0,0,0,0,0,0,0,0,0,0,0,0,0,0,0,1,2,7,1,0,0,23,0,1,0,43,0,1,0,5,0,8,0,35,0,0,3,0,1,0,0,0,0,0,0,1,0,1,0,1,0,2,3,2,0,0,0,0,0,0,0,0,0,2,0,0,0,1,0,0,10,6118,13,127,22,894,23,6718,38,395,5,559,51,181,30,13,11,6,13,51,106,150,31,6,12,0,0,0,0,0,0,0,1,3,2,0,0,0,0,0,0,0,0,0,0,0,0,0,0,0,0,0,0,0,0,0,0,0,0,0,0,0,0,8,2,1,1,2,0,3,0,7,17,2,1
0,0,0,0,0,0,0,0,0,0,0,0,0,1,0,0,0,0,0,0,0,0,0,0,0,0,0,0,0,0,0,0,1,0,0,0,0,0,0,0,1,0,7,2,0,0,32,100,0,11,0,342,0,14,0,14,0,63,0,99,0,3,0,0,0,0,0,1,0,0,1,5,0,0,1,0,0,1,0,2,0,0,0,1,0,10,0,1,0,37,0,0,1,177,10,0,50,4009,5,201,26,565,24,4452,20,604,24,1303,9,94,5,14,3,6,82,69,209,58,17,1,0,0,0,0,0,0,0,1,0,1,0,0,0,0,0,0,0,0,0,0,0,0,0,0,0,0,0,0,0,0,0,0,0,0,0,0,0,0,3,1,0,0,3,1,0,0,1,3,0,1
0,2,0,0,0,0,0,0,0,0,0,0,0,0,0,0,0,0,0,0,0,0,0,0,0,0,0,0,0,0,0,0,0,0,0,0,0,0,0,0,7,4,8,1,0,0,0,0,0,0,0,1,0,0,0,0,0,0,13,0,0,3,0,0,0,0,0,0,0,0,0,1,0,2,3,0,5,2,5,3,0,0,1,0,0,1,0,0,0,0,0,0,0,0,6118,50,0,148,171,22,760,47,1522,65,3093,85,1723,186,237,53,33,32,1,22,98,68,251,190,10,6,0,0,0,0,1,0,0,1,6,1,0,1,0,0,1,1,0,0,0,2,0,0,0,0,0,0,0,0,1,0,0,0,0,0,0,0,0,0,15,0,5,1,1,2,5,0,7,23,1,3
0,1,0,0,1,0,0,0,1,0,0,0,0,0,0,0,0,0,0,0,0,0,0,0,0,0,0,0,0,0,0,0,0,0,0,0,1,0,0,0,3,3,11,7,0,0,0,0,0,0,0,1,0,0,0,1,0,0,0,9,0,2,0,0,0,0,0,0,0,0,1,1,0,1,4,0,3,0,4,3,0,0,0,0,0,0,0,0,0,0,0,0,0,9,13,4009,148,0,13,302,54,486,23,1281,63,2229,63,2987,21,141,16,46,9,22,98,79,123,105,33,4,0,0,0,0,0,0,0,0,0,3,0,0,0,0,0,0,0,0,0,1,0,0,0,0,0,1,0,0,0,0,0,0,0,0,0,0,0,0,7,0,0,0,1,2,1,4,2,6,0,0
2,4,0,1,0,0,0,1,1,1,0,0,2,0,4,1,0,0,0,0,0,0,0,0,0,0,0,0,0,0,0,0,6,1,0,0,1,2,1,0,39,7,27,2,2,1,0,0,0,0,25,2,0,0,0,0,1,0,10,1,0,2,1,4,0,0,0,0,0,0,3,3,2,2,19,2,43,5,65,4,0,0,6,0,2,0,0,0,0,0,0,0,0,0,127,5,171,13,0,61,886,26,108,17,104,5,304,32,1968,46,79,6,259,330,146,35,22,74,44,255,0,0,0,0,45,5,97,32,183,55,29,9,1,0,62,9,6,2,3,1,12,2,6,1,0,6,8,1,37,4,0,0,0,0,0,0,1,0,38,9,12,1,15,1,261,31,44,62,231,24
1,3,1,1,0,0,0,0,0,2,0,0,0,1,1,4,0,0,0,0,0,0,0,0,0,0,0,0,0,0,0,0,0,1,0,0,1,3,0,0,5,22,9,21,0,0,0,0,0,0,0,77,0,0,0,0,0,0,0,2,0,4,0,3,0,0,0,1,0,0,0,2,0,0,5,8,3,15,5,16,0,0,0,1,0,1,0,0,0,0,0,0,0,1,22,201,22,302,61,0,152,1766,19,290,19,154,110,1230,49,1024,46,74,110,289,294,35,18,78,98,188,0,0,0,0,2,7,10,26,13,58,2,4,0,0,0,5,0,1,1,8,0,22,1,18,0,4,0,2,3,2,0,0,0,0,0,2,0,0,27,54,1,29,3,7,42,54,11,281,57,13
1,0,0,0,0,0,0,0,1,0,0,0,0,1,0,1,0,0,0,0,0,0,0,0,0,0,0,0,0,0,0,0,2,2,0,0,0,2,1,0,36,7,33,1,0,0,12,0,1,0,278,1,0,0,0,0,0,0,411,1,0,2,0,2,0,0,0,0,0,0,2,3,2,3,6,1,8,2,23,5,0,0,2,0,0,0,0,0,0,0,0,0,0,0,894,26,760,54,886,152,0,287,3359,103,400,24,754,153,551,113,127,68,57,570,1495,305,145,219,98,78,0,0,0,0,7,0,13,0,49,7,7,1,0,0,5,0,4,0,1,1,14,1,6,1,13,0,0,0,4,0,0,0,0,0,0,0,2,1,12,3,2,0,4,0,11,1,17,31,41,3
0,0,0,0,0,0,0,0,0,0,0,0,0,0,0,0,0,0,0,0,0,0,0,0,0,0,0,0,0,0,0,0,0,1,0,0,0,0,1,0,2,3,2,16,0,0,0,9,0,0,2,115,0,0,0,0,0,0,1,166,0,0,0,0,0,0,0,0,0,0,0,2,0,0,1,0,1,1,0,1,0,0,0,0,0,0,0,0,0,0,0,0,0,2,23,565,47,486,26,1766,287,0,83,2490,35,197,79,771,35,276,19,57,20,403,1145,243,65,110,103,36,0,0,0,0,0,0,1,0,1,0,0,0,0,0,0,0,0,0,0,0,0,1,0,0,0,0,0,0,0,0,0,0,0,0,0,0,0,0,4,4,1,2,0,2,1,2,0,9,0,0
0,0,0,0,0,0,0,0,0,0,0,0,1,0,0,0,0,0,0,0,0,0,0,0,0,0,0,0,0,0,0,0,0,0,0,0,1,0,2,5,9,0,8,0,0,0,132,0,5,0,438,2,2,0,6,0,7,0,255,1,0,0,0,0,0,0,0,0,0,0,24,4,0,1,2,0,2,1,0,3,0,0,0,0,2,0,0,0,2,0,0,0,3,1,6718,24,1522,23,108,19,3359,83,0,144,230,15,294,69,203,35,33,9,4,25,214,386,486,109,39,8,0,0,0,0,0,0,0,1,0,2,0,0,0,0,0,1,0,0,0,2,0,0,0,0,2,0,0,0,1,0,0,0,0,0,0,0,0,0,0,2,1,1,0,1,0,2,5,5,1,1
0,1,0,0,0,0,0,0,0,1,0,0,1,0,0,0,0,0,0,0,0,0,0,0,0,0,0,0,0,0,0,0,0,2,0,0,0,0,0,0,1,0,7,9,0,0,12,34,2,8,1,187,0,14,0,6,0,13,1,298,0,1,0,0,0,1,0,0,0,0,0,1,0,0,1,0,4,0,0,2,0,0,0,0,0,3,0,0,0,8,0,0,0,35,38,4452,65,1281,17,290,103,2490,144,0,56,214,68,884,30,331,18,58,9,83,260,871,668,154,95,6,0,0,0,0,0,0,0,0,0,0,0,0,0,0,0,0,0,0,0,0,0,0,0,0,0,0,0,0,0,0,0,0,0,0,0,0,0,0,4,2,0,4,3,2,2,0,2,7,0,0
