0,72,847,14,1407,1,597,1,298,0,0,0,280,0,681,62,0,0,7,0,0,0,0,0,0,0,0,0,0,0,0,0,577,4,0,0,257,179,14,1,9,0,1,0,0,0,1,3,1,4,0,0,0,1,3,0,1,0,0,0,4438,7,128,1,264,0,778,3,6,0,120,22,2152,45,532,5,255,2,64,1,0,0,2,0,256,8,0,0,131,2,0,0,1,0,5,0,1,2,15,1,1,0,2,0,0,0,1,0,2,0,0,1,0,2,0,1,0,0,0,0,0,0,7,0,4,0,400,3,102,1,26,0,0,0,45,5,10,0,0,0,0,0,0,0,33,2,32,0,13,0,0,0,0,0,17,5,0,0,4,0,11,1,12,0,1,0,1,1,0,1
72,0,25,2391,24,1602,12,1127,9,164,0,0,3,370,242,609,0,0,15,1,0,0,0,0,0,0,0,0,0,0,0,0,5,157,0,0,255,308,0,12,0,1,0,0,0,0,2,17,4,21,2,7,0,18,2,16,0,0,0,1,6,4329,6,120,0,45,4,306,0,36,11,193,133,289,11,332,12,296,4,50,0,0,0,5,2,85,0,0,0,88,0,0,0,10,1,0,0,0,0,1,1,0,0,0,0,0,0,0,2,2,1,2,6,0,0,1,0,0,0,0,0,0,1,0,2,3,22,106,2,70,1,11,0,0,2,20,1,10,0,0,0,0,0,0,2,133,2,5,0,9,0,0,2,0,43,17,0,0,0,0,1,0,2,5,0,2,1,2,0,0
847,25,0,95,5650,78,96,3,282,6,81,3,20,1,2039,27,6,1,3048,35,365,35,55,21,128,2,405,3,79,0,0,0,217,1,0,0,38,59,0,0,0,0,1,0,0,0,0,0,0,0,0,0,0,0,0,0,0,0,0,0,28,0,1,0,4,0,8,0,1,0,2,2,289,1,243,71,165,4,16,0,0,0,0,0,14,0,15,1,3,0,0,0,1,0,1,0,0,0,1,0,0,0,0,0,1,0,0,0,0,0,0,0,0,0,0,0,0,0,0,0,0,0,0,0,5,0,10,0,1,0,0,0,0,0,1,0,1,0,0,0,0,0,0,0,2,4,1,0,0,0,2,6,67,10,77,172,1,4,0,0,0,0,0,0,2,0,0,0,0,0
14,2391,95,0,116,8434,3,424,24,539,8,212,1,96,147,943,38,49,438,1654,81,317,17,134,11,48,5,278,14,74,0,19,67,304,0,0,177,518,0,13,1,7,0,2,0,1,0,0,0,0,0,0,0,0,0,0,0,0,0,1,2,26,3,4,1,0,0,10,0,2,1,21,9,163,55,911,27,551,1,19,0,0,0,0,0,10,6,12,0,5,0,1,0,2,1,0,0,0,1,0,1,0,0,0,0,0,0,1,2,2,1,0,0,0,0,0,0,0,0,0,0,8,0,4,0,36,2,59,0,18,1,8,0,0,1,39,0,15,0,0,0,0,0,0,0,244,0,6,1,7,43,74,304,280,358,609,11,44,1,0,0,0,0,0,0,0,0,0,0,0
1407,24,5650,116,0,88,519,3,1992,8,643,9,125,1,678,35,0,3,1348,45,268,31,46,15,116,1,420,2,239,1,92,1,758,9,0,0,167,136,2,1,1,0,0,0,0,0,0,0,0,0,0,0,1,1,0,0,0,0,0,0,69,0,6,1,19,0,108,0,0,0,5,3,120,4,1155,95,507,7,38,0,0,0,0,0,94,0,28,0,13,0,0,0,0,0,1,0,0,0,2,0,1,0,0,0,0,0,0,0,0,1,0,0,0,0,0,0,0,0,0,0,0,0,1,0,19,0,49,0,5,0,6,0,0,0,19,0,2,1,0,0,0,0,0,0,4,1,5,0,2,0,3,12,38,7,289,343,1,0,1,0,4,0,0,0,0,0,0,0,0,1
1,1602,78,8434,88,0,0,1107,25,2819,3,365,0,51,88,378,22,46,385,227,46,34,6,50,3,45,3,591,5,97,0,82,68,398,0,0,114,216,0,13,0,7,0,1,0,7,0,1,0,2,0,0,0,0,0,0,0,0,0,0,0,39,0,1,0,3,0,66,0,3,1,8,1,14,10,699,30,418,1,9,0,0,0,1,0,37,0,13,0,11,0,0,0,0,0,0,0,0,0,0,0,0,0,0,0,0,0,0,1,0,0,0,0,0,0,0,0,0,0,0,0,3,0,4,0,31,0,33,1,4,0,2,0,0,0,42,0,5,0,0,0,0,0,0,0,178,0,2,0,2,26,38,309,40,401,515,7,40,0,0,0,0,0,0,0,0,0,0,0,0
597,12,96,3,519,0,0,0,434,1,0,0,991,1,229,13,0,0,15,0,0,0,0,0,0,0,0,0,0,0,0,0,1502,1,0,0,35,28,0,0,1,0,0,0,0,0,0,0,0,0,0,1,0,0,0,0,0,0,0,0,143,0,1,0,3,0,66,1,1,0,2,2,26,6,121,1,38,0,3,0,0,0,0,0,2,0,0,0,0,0,0,0,0,0,0,0,0,0,0,0,0,0,0,0,0,0,0,0,0,0,0,0,0,0,0,0,0,0,0,0,0,0,2,0,2,0,24,0,2,0,1,0,0,0,1,0,1,0,0,0,0,0,0,0,2,1,1,0,1,0,0,0,0,0,10,9,0,0,0,0,0,0,1,0,0,0,0,0,0,0
1,1127,3,424,3,1107,0,0,5,1238,0,3,0,1007,13,334,0,0,35,38,0,0,0,0,0,0,0,0,0,0,0,0,3,1242,0,0,23,84,0,12,0,2,0,0,0,0,0,1,0,0,0,0,0,0,0,0,0,0,0,0,1,27,0,1,0,0,0,73,0,4,0,3,3,5,0,175,2,164,0,3,0,0,0,2,0,30,0,0,0,3,0,0,0,1,0,0,0,0,0,0,0,0,0,0,0,0,0,0,1,0,0,0,1,0,0,0,0,0,0,0,0,0,0,0,0,10,0,19,0,5,0,0,0,0,0,6,0,0,0,0,0,0,0,0,0,53,0,2,0,2,0,0,20,1,78,70,0,0,0,0,0,0,0,0,0,0,0,0,0,0
298,9,282,24,1992,25,434,5,0,0,924,0,115,0,325,14,0,1,279,5,13,3,3,1,4,0,3,0,24,0,33,0,2754,0,0,0,66,32,0,0,1,0,0,0,0,0,0,0,0,0,0,0,0,0,0,0,0,0,0,0,40,1,2,0,2,0,48,1,0,1,1,1,22,3,598,19,367,4,13,0,0,0,0,0,1,2,1,0,1,0,0,0,0,0,0,0,0,0,0,0,0,0,0,0,0,0,0,0,0,0,0,0,0,0,0,0,0,0,0,0,0,0,0,0,3,0,14,1,3,0,0,0,0,0,3,0,1,0,0,0,0,0,0,0,3,1,2,0,0,0,0,4,7,2,36,77,0,0,0,0,1,0,0,0,0,0,0,0,1,0
0,164,6,539,8,2819,1,1238,0,0,0,608,0,90,2,123,2,0,51,136,3,1,0,0,0,0,0,2,0,2,0,4,5,1595,0,0,10,63,0,3,0,9,0,0,0,4,0,0,0,0,0,1,0,0,0,0,0,0,0,1,0,54,0,2,0,0,0,54,0,2,1,5,1,15,5,333,1,270,0,6,0,0,0,1,0,40,0,15,0,8,0,2,0,2,0,0,0,0,0,0,0,0,0,0,1,0,0,0,0,0,0,0,1,0,0,0,0,0,0,0,0,2,0,0,0,7,0,8,0,2,0,3,0,0,0,7,0,2,0,3,0,0,0,0,0,48,0,1,0,0,1,0,62,7,73,153,0,1,0,0,0,0,0,0,0,0,0,0,0,0
0,0,81,8,643,3,0,0,924,0,0,0,0,0,0,0,2,2,31,11,126,8,57,11,74,1,99,0,789,0,566,0,677,0,0,0,0,1,0,0,0,0,0,0,0,0,0,0,0,0,0,0,0,0,0,0,0,0,0,0,0,0,0,0,0,0,0,0,0,0,0,0,0,0,26,11,69,0,0,0,0,0,0,0,0,0,16,0,0,0,0,0,0,0,0,0,0,0,0,0,0,0,0,0,0,0,0,0,0,0,0,0,0,0,0,0,0,0,0,0,0,0,0,0,0,0,0,0,0,0,0,0,0,0,0,0,0,0,0,0,0,0,0,0,0,0,0,0,0,0,6,2,8,0,1,0,0,3,0,0,0,0,0,0,0,0,0,0,0,0
0,0,3,212,9,365,0,3,0,608,0,0,0,0,0,0,0,45,20,9,5,18,0,80,3,62,2,308,1,1183,1,400,0,197,0,0,0,1,0,0,0,26,0,2,0,24,0,0,0,0,0,0,0,0,0,0,0,0,0,1,0,0,0,0,0,0,0,0,0,0,0,0,0,0,4,230,0,569,0,4,0,0,0,0,0,0,1,122,0,17,0,15,0,11,0,0,0,0,0,0,0,0,0,0,0,0,0,0,0,0,0,0,0,0,0,0,0,0,0,0,0,5,0,0,0,3,0,0,0,0,0,1,0,0,0,0,0,0,0,3,0,0,0,0,0,1,0,0,0,0,0,2,8,21,2,8,0,31,0,0,0,0,0,0,0,0,0,0,0,0
280,3,20,1,125,0,991,0,115,0,0,0,0,0,38,5,0,0,6,0,0,0,0,0,0,0,0,0,0,0,0,0,569,6,0,0,17,9,15,6,5,0,1,1,0,0,0,6,9,11,1,1,1,6,11,4,3,0,1,0,981,1,18,1,17,0,272,3,5,2,23,23,7,0,23,0,35,0,6,0,0,0,191,1,547,13,5,0,55,5,0,0,0,2,0,0,0,0,1,0,1,0,0,0,0,0,0,1,0,1,0,0,1,0,0,0,0,0,0,0,1,0,0,0,0,0,8,0,3,0,1,0,0,0,1,0,0,0,0,0,2,0,2,0,9,1,1,0,5,0,0,0,0,0,9,2,0,0,0,0,0,0,0,0,0,0,0,0,0,0
0,370,1,96,1,51,1,1007,0,90,0,0,0,0,10,122,0,0,2,2,0,0,0,0,0,0,0,0,0,0,0,0,0,625,0,0,20,28,0,2,0,3,0,0,0,0,0,1,0,1,0,0,0,1,0,0,0,0,0,0,0,368,0,1,0,0,0,566,0,1,0,1,3,17,0,128,0,492,0,7,0,0,0,87,1,207,0,0,0,7,0,0,0,2,0,0,0,0,0,0,0,0,0,0,0,0,0,0,0,2,0,0,0,0,0,0,0,2,0,0,0,0,0,0,0,4,0,38,0,9,0,2,0,0,0,8,0,4,0,0,0,0,0,0,0,76,1,0,0,3,0,0,1,0,13,2,0,0,0,0,0,0,0,0,0,2,1,2,0,0
681,242,2039,147,678,88,229,13,325,2,0,0,38,10,0,464,0,0,972,4,1,0,0,0,0,0,0,0,0,0,0,1,87,5,0,0,588,443,4,0,0,0,1,0,0,0,0,1,0,0,0,0,1,0,3,0,0,0,0,0,59,14,129,1,10,1,20,1,5,0,107,4,727,83,210,51,237,37,55,0,0,0,0,0,5,2,0,0,2,1,0,0,0,0,1,0,1,0,9,0,3,0,1,0,0,0,0,0,1,0,0,0,2,4,1,0,0,0,0,0,1,0,0,0,67,0,194,8,12,6,2,0,1,0,26,8,10,0,0,0,0,0,0,0,11,25,11,1,2,0,0,0,6,0,180,264,0,0,4,1,8,0,2,0,0,1,1,1,0,0
62,609,27,943,35,378,13,334,14,123,0,0,5,122,464,0,0,0,75,541,0,0,0,0,0,0,0,0,1,0,0,0,4,161,0,0,598,3700,0,171,0,16,0,2,0,0,0,1,2,1,0,6,0,0,0,2,0,0,0,0,9,95,2,12,0,1,1,31,0,1,3,137,159,839,12,372,13,386,1,27,0,0,0,1,1,8,1,0,0,2,0,0,0,0,0,0,2,0,1,0,5,0,0,0,1,0,0,1,2,1,1,0,7,0,0,0,0,0,0,0,0,1,0,5,2,31,12,139,1,59,0,3,0,0,3,50,1,12,0,0,0,0,0,1,4,340,2,7,2,6,0,0,15,5,591,241,0,0,0,1,1,2,0,0,1,3,0,1,1,1
0,0,6,38,0,22,0,0,0,2,2,0,0,0,0,0,0,59,7,14,471,9,1049,46,49,0,1,0,118,0,0,0,115,2,0,0,0,1,0,0,12,10,0,0,34,0,0,0,0,0,0,0,0,0,0,0,0,0,0,0,0,0,0,0,0,0,0,0,0,0,0,0,0,0,11,13,65,2,23,6,0,0,0,0,0,0,8,1,0,0,0,0,0,0,0,0,0,0,0,0,0,0,0,0,0,0,0,0,0,0,0,0,0,0,0,0,0,0,0,0,0,0,0,0,0,0,0,0,0,0,0,0,0,0,0,0,0,0,0,2,0,0,0,0,0,0,0,0,0,0,228,1,86,10,4,6,489,0,0,0,0,0,0,4,0,0,0,0,0,0
0,0,1,49,3,46,0,0,1,0,2,45,0,0,0,0,59,0,11,35,33,335,80,992,5,169,0,58,1,42,0,1,5,46,0,0,0,0,0,0,11,33,0,0,40,8,0,0,0,0,0,0,0,0,0,0,0,0,0,0,0,0,0,0,0,0,0,0,0,0,0,0,0,0,6,49,1,143,39,61,0,0,0,0,0,0,1,16,0,0,0,3,0,0,0,0,0,0,0,0,0,0,0,0,0,0,0,0,0,0,0,0,0,0,0,0,0,0,0,0,0,0,0,0,0,0,0,0,0,0,0,0,0,0,0,0,0,0,0,10,0,0,0,0,0,0,0,0,0,0,0,56,13,88,1,31,29,495,0,0,0,0,0,44,0,0,0,0,0,0
7,15,3048,438,1348,385,15,35,279,51,31,20,6,2,972,75,7,11,0,733,371,98,49,50,26,4,17,3,32,5,1,1,493,33,0,0,191,121,0,0,0,0,0,0,0,0,0,0,0,0,0,0,0,0,0,0,0,0,0,0,0,0,1,0,0,0,2,0,0,0,0,0,1,1,157,206,269,27,4,0,0,0,0,0,0,0,7,0,0,0,0,0,0,0,0,0,0,0,1,0,0,0,0,0,0,0,0,0,0,0,0,0,0,0,0,0,0,0,0,0,0,0,0,1,3,1,1,2,0,0,0,1,0,0,2,4,0,2,0,0,0,0,0,0,0,12,0,0,0,0,33,28,872,571,229,547,4,3,0,0,0,0,0,0,0,0,0,0,0,0
0,1,35,1654,45,227,0,38,5,136,11,9,0,2,4,541,14,35,733,0,50,813,19,118,8,2,5,0,7,2,0,0,25,105,0,0,11,1198,0,0,0,1,0,0,0,0,0,0,0,0,0,0,0,0,0,0,0,0,0,0,0,0,0,0,0,0,0,0,0,0,0,0,0,0,18,198,5,92,0,0,0,0,0,0,0,0,0,2,0,0,0,0,0,0,0,0,0,0,0,0,0,0,0,0,0,0,0,0,0,0,0,0,0,0,0,0,0,0,0,0,0,4,0,3,0,4,0,7,0,0,0,0,0,0,0,18,0,1,0,0,0,0,0,0,0,49,0,0,0,0,36,205,247,1392,411,873,4,5,0,0,0,0,0,0,0,0,0,0,0,0
0,0,365,81,268,46,0,0,13,3,126,5,0,0,1,0,471,33,371,50,0,127,669,107,264,13,194,3,308,0,1,0,202,1,0,0,0,3,0,0,0,0,1,0,0,0,0,0,0,0,0,0,0,0,0,0,0,0,0,0,0,0,0,0,0,0,0,0,0,0,0,0,0,0,121,95,71,2,1,0,0,0,0,0,0,0,38,0,2,0,0,0,0,0,0,0,0,0,0,0,0,0,0,0,0,0,0,0,0,0,0,0,0,0,0,0,0,0,0,0,0,0,0,0,0,0,0,0,0,0,0,0,0,0,0,0,0,1,0,0,0,0,0,0,0,0,0,0,0,0,290,15,450,15,8,19,97,22,0,0,0,0,0,0,0,0,0,0,0,0
0,0,35,317,31,34,0,0,3,1,8,18,0,0,0,0,9,335,98,813,127,0,138,1213,6,127,6,110,11,11,0,1,33,3,0,0,0,4,0,0,0,0,0,0,0,0,0,0,0,0,0,0,0,0,0,0,0,0,0,0,0,0,0,0,0,0,0,0,0,0,0,0,0,0,37,35,16,22,0,0,0,0,0,0,0,0,0,3,0,0,0,1,0,0,0,0,0,0,0,0,0,0,0,0,0,0,0,0,0,0,0,0,0,0,0,0,0,0,0,0,0,0,0,0,0,0,0,0,0,0,0,0,0,0,0,0,0,0,0,0,0,0,0,0,0,0,0,0,0,0,14,682,51,296,5,34,0,55,0,0,0,0,0,0,0,0,0,0,0,0
0,0,55,17,46,6,0,0,3,0,57,0,0,0,0,0,1049,80,49,19,669,138,0,920,873,7,114,5,538,0,2,0,242,0,0,0,0,0,0,0,3,0,0,0,27,0,0,0,0,0,0,0,0,0,0,0,0,0,0,0,0,0,0,0,0,0,0,0,0,0,0,0,0,0,40,9,51,3,0,0,0,0,0,0,0,0,28,0,1,0,0,0,0,0,0,0,0,0,0,0,0,0,0,0,0,0,0,0,0,0,0,0,0,0,0,0,0,0,0,0,0,0,0,0,0,0,0,0,0,0,0,0,0,0,0,0,0,0,0,0,0,0,0,0,0,0,0,0,0,0,211,15,62,3,2,1,205,14,0,0,0,0,0,0,0,0,0,0,0,0
0,0,21,134,15,50,0,0,1,0,11,80,0,0,0,0,46,992,50,118,107,1213,920,0,21,785,4,230,8,160,1,0,11,76,0,0,0,1,0,0,0,2,0,0,0,7,0,0,0,0,0,0,0,0,0,0,0,0,0,0,0,0,0,0,0,0,0,0,0,0,0,0,0,0,36,24,4,143,0,0,0,0,0,0,0,0,0,23,0,1,0,0,0,1,0,0,0,0,0,0,0,0,0,0,0,0,0,0,0,0,0,0,0,0,0,0,0,0,0,0,0,1,0,0,0,0,0,0,0,0,0,0,0,0,0,0,0,0,0,0,0,0,0,0,0,0,0,0,0,0,5,94,50,65,2,16,6,113,0,0,0,0,0,0,0,0,0,0,0,0
0,0,128,11,116,3,0,0,4,0,74,3,0,0,0,0,49,5,26,8,264,6,873,21,0,0,505,0,567,0,0,0,149,0,0,0,0,1,0,0,0,0,0,0,0,0,0,0,0,0,0,0,0,0,0,0,0,0,0,0,0,0,0,0,0,0,0,0,0,0,0,0,0,0,9,6,12,0,0,0,0,0,0,0,0,0,7,0,0,0,0,0,0,0,0,0,0,0,0,0,0,0,0,0,0,0,0,0,0,0,0,0,0,0,0,0,0,0,0,0,0,0,0,0,0,0,0,0,0,0,0,0,0,0,0,0,0,0,0,0,0,0,0,0,0,0,0,0,0,0,24,1,8,0,0,3,65,1,0,0,0,0,0,0,0,0,0,0,0,0
0,0,2,48,1,45,0,0,0,0,1,62,0,0,0,0,0,169,4,2,13,127,7,785,0,0,1,430,1,217,0,0,0,60,0,0,0,0,0,0,0,1,0,0,0,4,0,0,0,0,0,0,0,0,0,0,0,0,0,0,0,0,0,0,0,0,0,0,0,0,0,0,0,0,1,5,1,59,0,0,0,0,0,0,0,0,0,16,0,0,0,1,0,1,0,0,0,0,0,0,0,0,0,0,0,0,0,0,0,0,0,0,0,0,0,0,0,0,0,0,0,0,0,0,0,0,0,0,0,0,0,0,0,0,0,0,0,0,0,0,0,0,0,0,0,0,0,0,0,0,2,3,1,1,0,0,1,12,0,0,0,0,0,0,0,0,0,0,0,0
0,0,405,5,420,3,0,0,3,0,99,2,0,0,0,0,1,0,17,5,194,6,114,4,505,1,0,0,159,0,2,0,24,1,0,0,0,0,0,0,0,0,0,0,0,0,0,0,0,0,0,0,0,0,0,0,0,0,0,0,0,0,0,0,0,0,0,0,0,0,0,0,0,0,4,2,11,0,0,0,0,0,0,0,0,0,6,0,0,0,0,0,0,0,0,0,0,0,0,0,0,0,0,0,0,0,0,0,0,0,0,0,0,0,0,0,0,0,0,0,0,0,0,0,0,0,0,0,0,0,0,0,0,0,0,0,0,0,0,0,0,0,0,0,0,0,0,0,0,0,2,3,5,0,0,0,0,0,0,0,0,0,0,0,0,0,0,0,0,0
0,0,3,278,2,591,0,0,0,2,0,308,0,0,0,0,0,58,3,0,3,110,5,230,0,430,0,0,1,164,0,32,3,5,0,0,0,0,0,0,0,0,0,0,0,3,0,0,0,0,0,0,0,0,0,0,0,0,0,0,0,0,0,0,0,0,0,0,0,0,0,0,0,0,2,23,1,46,0,0,0,0,0,0,0,0,1,9,0,0,0,0,0,0,0,0,0,0,0,0,0,0,0,0,0,0,0,0,0,0,0,0,0,0,0,0,0,0,0,0,0,0,0,0,0,0,0,0,0,0,0,0,0,0,0,0,0,0,0,0,0,0,0,0,0,0,0,0,0,0,0,3,1,0,0,1,0,12,0,0,0,0,0,0,0,0,0,0,0,0
0,0,79,14,239,5,0,0,24,0,789,1,0,0,0,1,118,1,32,7,308,11,538,8,567,1,159,1,0,0,30,0,712,0,0,0,0,0,0,0,0,0,0,0,0,0,0,0,0,0,0,0,0,0,0,0,0,0,0,0,0,0,0,0,0,0,0,0,0,0,0,0,0,0,12,7,36,2,1,0,0,0,0,0,0,0,6,0,0,0,0,0,0,0,0,0,0,0,0,0,0,0,0,0,0,0,0,0,0,0,0,0,0,0,0,0,0,0,0,0,0,0,0,0,0,0,0,0,0,0,0,0,0,0,0,0,0,0,0,0,0,0,0,0,0,0,0,0,0,0,27,0,22,2,1,1,99,1,0,0,0,0,0,0,0,0,0,0,0,0
0,0,0,74,1,97,0,0,0,2,0,1183,0,0,0,0,0,42,5,2,0,11,0,160,0,217,0,164,0,0,0,14,0,273,0,0,0,0,0,0,0,17,0,1,0,18,0,0,0,0,0,0,0,0,0,0,0,0,0,0,0,0,0,0,0,0,0,0,0,0,0,0,0,0,0,38,0,261,0,1,0,0,0,0,0,8,0,530,0,8,0,4,0,3,0,0,0,0,0,0,0,0,0,0,0,0,0,0,0,0,0,0,0,0,0,0,0,0,0,0,0,0,0,0,0,0,0,0,0,0,0,0,0,0,0,0,0,0,0,2,0,0,0,0,0,0,0,0,0,0,0,0,1,0,1,2,0,16,0,0,0,0,0,0,0,0,0,0,0,0
0,0,0,0,92,0,0,0,33,0,566,1,0,0,0,0,0,0,1,0,1,0,2,1,0,0,2,0,30,0,0,0,105,0,0,0,0,0,0,0,0,0,0,0,0,0,0,0,0,0,0,0,0,0,0,0,0,0,0,0,0,0,0,0,0,0,0,0,0,0,0,0,0,0,3,0,16,0,0,0,0,0,0,0,0,0,2,0,0,0,0,0,0,0,0,0,0,0,0,0,0,0,0,0,0,0,0,0,0,0,0,0,0,0,0,0,0,0,0,0,0,0,0,0,0,0,0,0,0,0,0,0,0,0,0,0,0,0,0,0,0,0,0,0,0,0,0,0,0,0,0,0,0,0,0,0,0,0,0,0,0,0,0,0,0,0,0,0,0,0
0,0,0,19,1,82,0,0,0,4,0,400,0,0,1,0,0,1,1,0,0,1,0,0,0,0,0,32,0,14,0,0,1,4,0,0,0,0,0,0,0,0,0,0,0,0,0,0,0,0,0,0,0,0,0,0,0,0,0,0,0,0,0,0,0,0,0,0,0,0,0,0,0,0,0,20,1,24,0,0,0,0,0,0,0,0,0,5,0,0,0,1,0,0,0,0,0,0,0,0,0,0,0,0,0,0,0,0,0,0,0,0,0,0,0,0,0,0,0,0,0,0,0,0,0,0,0,0,0,0,0,0,0,0,0,0,0,0,0,0,0,0,0,0,0,0,0,0,0,0,0,0,1,1,0,0,0,7,0,0,0,0,0,0,0,0,0,0,0,0
577,5,217,67,758,68,1502,3,2754,5,677,0,569,0,87,4,115,5,493,25,202,33,242,11,149,0,24,3,712,0,105,1,0,4,0,0,72,15,33,11,95,2,11,0,77,0,6,9,6,14,14,0,4,5,88,5,41,1,18,0,880,2,152,4,110,0,215,2,9,6,84,56,76,2,536,89,2876,10,34,1,0,0,139,3,225,17,141,0,84,9,0,0,23,1,0,0,1,0,6,0,3,0,0,0,0,0,0,1,2,0,1,0,0,4,0,0,0,0,0,0,0,0,0,0,7,0,17,0,22,1,4,0,0,0,6,0,0,0,18,0,18,0,21,0,104,1,1,0,4,0,37,5,31,8,46,137,161,1,1,0,0,0,1,0,0,0,0,0,0,0
4,157,1,304,9,398,1,1242,0,1595,0,197,6,625,5,161,2,46,33,105,1,3,0,76,0,60,1,5,0,273,0,4,4,0,0,0,25,87,2,6,0,542,0,42,0,25,3,56,5,18,1,53,0,14,0,10,0,2,0,158,6,473,5,67,9,10,5,302,0,17,23,177,18,118,3,543,1,3359,1,78,0,0,1,107,4,756,0,626,0,300,0,63,0,62,2,1,0,0,2,0,0,1,1,1,1,0,0,4,1,1,0,0,4,0,1,0,0,0,0,2,0,6,0,0,0,4,2,31,1,39,0,3,0,0,1,23,0,2,0,18,0,0,0,5,2,50,0,3,0,6,2,0,32,1,34,92,0,10,0,2,1,1,0,7,1,2,1,4,1,2
0,0,0,0,0,0,0,0,0,0,0,0,0,0,0,0,0,0,0,0,0,0,0,0,0,0,0,0,0,0,0,0,0,0,0,0,0,0,0,0,0,0,0,0,0,0,0,0,0,0,0,0,0,0,0,0,0,0,0,0,0,0,0,0,0,0,0,0,0,0,0,0,0,0,0,0,0,0,0,0,0,0,0,0,0,0,0,0,0,0,0,0,0,0,0,0,0,0,0,0,0,0,0,0,0,0,0,0,0,0,0,0,0,0,0,0,0,0,0,0,0,0,0,0,0,0,0,0,0,0,0,0,0,0,0,0,0,0,0,0,0,0,0,0,0,0,0,0,0,0,0,0,0,0,0,0,0,0,0,0,0,0,0,0,0,0,0,0,0,0
0,0,0,0,0,0,0,0,0,0,0,0,0,0,0,0,0,0,0,0,0,0,0,0,0,0,0,0,0,0,0,0,0,0,0,0,0,0,0,0,0,0,0,0,0,0,0,0,0,0,0,0,0,0,0,0,0,0,0,0,0,0,0,0,0,0,0,0,0,0,0,0,0,0,0,0,0,0,0,0,0,0,0,0,0,0,0,0,0,0,0,0,0,0,0,0,0,0,0,0,0,0,0,0,0,0,0,0,0,0,0,0,0,0,0,0,0,0,0,0,0,0,0,0,0,0,0,0,0,0,0,0,0,0,0,0,0,0,0,0,0,0,0,0,0,0,0,0,0,0,0,0,0,0,0,0,0,0,0,0,0,0,0,0,0,0,0,0,0,0
257,255,38,177,167,114,35,23,66,10,0,0,17,20,588,598,0,0,191,11,0,0,0,0,0,0,0,0,0,0,0,0,72,25,0,0,0,511,546,11,6,0,2,0,0,0,196,1,327,4,4,0,28,5,37,2,0,0,0,1,74,106,183,47,75,2,49,51,58,8,2549,198,488,204,145,81,96,68,19,15,0,0,17,5,42,48,0,0,41,16,0,0,0,0,2,0,4,0,11,1,3,1,0,0,0,1,0,3,2,4,0,1,1,1,1,0,0,0,0,2,1,0,3,0,22,2,74,12,29,26,6,3,0,0,15,11,3,1,1,1,0,0,0,0,19,29,9,6,11,0,0,0,32,0,352,230,0,0,0,0,1,2,0,0,2,1,0,0,0,0
179,308,59,518,136,216,28,84,32,63,1,1,9,28,443,3700,1,0,121,1198,3,4,0,1,1,0,0,0,0,0,0,0,15,87,0,0,511,0,2,446,2,41,1,19,0,0,2,102,10,25,0,38,1,2,4,3,0,1,0,1,38,94,15,46,2,6,10,36,2,11,29,1726,278,610,66,165,44,112,8,7,0,0,1,2,3,39,0,0,0,5,0,0,0,0,0,0,0,0,6,1,0,1,0,0,0,0,1,1,2,1,0,1,3,1,0,0,0,0,0,0,0,0,0,1,4,7,45,23,5,33,0,5,0,0,5,15,2,2,0,1,0,0,0,1,5,72,9,4,1,8,2,0,47,234,192,757,0,0,7,0,3,1,0,2,2,1,0,1,0,0
14,0,0,0,2,0,0,0,0,0,0,0,15,0,4,0,0,0,0,0,0,0,0,0,0,0,0,0,0,0,0,0,33,2,0,0,546,2,0,59,280,7,76,0,0,0,234,227,409,142,91,6,160,78,167,7,4,1,8,2,13,4,81,3,74,1,69,9,83,3,2074,517,4,1,4,1,22,2,1,1,0,0,31,0,120,17,0,0,167,10,0,0,7,7,1,0,1,0,4,0,5,0,0,0,0,0,1,1,0,0,0,0,1,2,1,0,0,0,0,0,3,0,1,0,0,0,2,0,8,1,0,0,0,0,7,1,0,0,2,0,1,0,2,0,18,2,3,0,3,0,0,0,6,0,45,0,0,0,1,0,1,0,2,0,0,0,0,0,0,0
1,12,0,13,1,13,0,12,0,3,0,0,6,2,0,171,0,0,0,0,0,0,0,0,0,0,0,0,0,0,0,0,11,6,0,0,11,446,59,0,181,134,5,18,0,0,25,294,67,74,9,35,61,17,111,7,3,0,1,22,5,12,20,7,14,5,20,28,13,12,244,1043,0,6,2,3,5,10,1,1,0,0,4,2,40,17,2,1,79,11,0,0,4,1,0,0,0,0,0,0,0,0,1,0,0,0,0,1,0,0,0,0,0,2,0,0,0,0,0,0,0,0,1,0,1,0,2,3,3,3,0,0,0,0,2,0,0,0,1,0,1,0,0,0,4,6,0,1,0,2,0,0,0,0,4,0,0,0,1,0,0,0,1,0,0,0,0,0,0,0
9,0,0,1,1,0,1,0,1,0,0,0,5,0,0,0,12,11,0,0,0,0,3,0,0,0,0,0,0,0,0,0,95,0,0,0,6,2,280,181,0,23,2315,9,155,0,50,399,6,14,433,28,15,5,140,0,190,0,506,6,7,1,9,0,4,0,4,2,2,2,397,478,4,0,81,4,617,9,214,10,0,0,13,0,288,2,1479,0,757,2,95,0,775,0,20,5,1,20,20,7,9,8,10,6,7,14,18,81,6,47,3,2,4,6,5,0,0,0,1,1,3,1,0,0,57,0,88,14,54,1,10,0,2,1,18,2,1,0,394,1,38,0,73,0,499,3,3,0,7,0,0,0,0,0,1,0,3,0,7,1,2,0,29,2,13,2,2,2,0,7
0,1,0,7,0,7,0,2,0,9,0,26,0,3,0,16,10,33,0,1,0,0,0,2,0,1,0,0,0,17,0,0,2,542,0,0,0,41,7,134,23,0,5,2226,0,125,1,40,0,2,3,278,0,3,1,2,0,6,0,964,2,5,4,0,1,1,2,0,0,1,0,342,2,1,2,137,3,1079,3,292,0,0,0,0,0,297,0,655,0,889,0,547,0,710,11,5,3,12,6,20,11,13,5,8,5,11,12,72,8,54,6,20,21,10,8,2,2,4,0,15,0,3,0,3,1,25,0,38,0,209,0,4,0,0,0,21,0,1,0,320,0,4,0,81,1,676,1,13,0,46,0,0,0,0,0,0,0,3,0,8,0,22,2,57,3,10,1,14,2,3
1,0,1,0,0,0,0,0,0,0,0,0,1,0,1,0,0,0,0,0,1,0,0,0,0,0,0,0,0,0,0,0,11,0,0,0,2,1,76,5,2315,5,0,5,309,0,15,2,3,0,939,1,4,0,38,1,76,0,1011,0,3,4,3,2,0,0,1,2,1,0,214,3,1,4,26,10,71,22,19,44,0,0,2,0,15,1,160,1,47,0,5,0,122,0,31,12,18,33,7,20,65,18,31,8,15,37,53,250,14,113,7,11,3,2,10,3,1,6,1,3,3,0,1,0,8,1,6,56,22,2,1,0,0,1,3,0,0,1,11,3,7,1,3,0,35,2,1,1,2,0,0,0,0,0,1,0,1,0,5,9,19,2,23,11,25,3,0,1,1,3
0,0,0,2,0,1,0,0,0,0,0,2,1,0,0,2,0,0,0,0,0,0,0,0,0,0,0,0,0,1,0,0,0,42,0,0,0,19,0,18,9,2226,5,0,0,526,2,10,1,1,0,880,0,0,0,0,0,1,0,1044,0,0,1,0,1,0,0,0,0,0,0,140,0,0,0,5,0,54,1,0,0,0,0,0,0,63,0,289,0,120,0,243,0,181,3,22,6,54,2,23,10,26,0,8,3,81,7,269,2,55,3,11,0,2,4,1,0,2,3,6,0,0,0,0,0,1,0,3,1,4,0,0,0,0,0,1,0,0,0,8,0,0,0,17,0,28,0,0,0,0,0,0,0,0,0,0,0,1,0,2,0,0,1,2,0,0,0,1,0,0
0,0,0,0,0,0,0,0,0,0,0,0,0,0,0,0,34,40,0,0,0,0,27,0,0,0,0,0,0,0,0,0,77,0,0,0,0,0,0,0,155,0,309,0,0,0,0,0,0,0,5,0,0,0,0,0,0,0,8,0,0,0,0,0,0,0,0,0,0,0,1,0,0,0,0,0,168,0,62,0,0,0,0,0,0,0,554,0,6,0,2,0,4,0,0,0,0,0,0,0,0,0,0,0,0,0,0,0,0,0,0,0,0,0,0,0,0,0,0,0,0,0,0,0,1,0,1,0,0,0,0,0,0,0,3,0,0,0,2,1,0,0,0,0,0,0,1,0,0,0,1,0,0,0,0,0,26,0,0,0,0,0,0,1,1,0,0,0,0,0
0,0,0,1,0,7,0,0,0,4,0,24,0,0,0,0,0,8,0,0,0,0,0,7,0,4,0,3,0,18,0,0,0,25,0,0,0,0,0,0,0,125,0,526,0,0,0,0,0,0,0,7,0,0,0,0,0,0,0,24,0,0,0,0,0,0,0,0,0,0,0,1,0,0,1,55,2,234,3,165,0,0,0,0,0,1,0,1240,0,31,0,134,0,40,0,0,0,0,0,0,0,0,0,0,0,0,0,0,0,0,0,0,1,0,0,0,0,0,0,0,0,6,0,0,0,35,0,0,0,2,0,4,0,1,0,3,0,0,0,20,0,0,0,0,0,2,0,0,0,0,0,0,0,0,0,0,2,14,0,0,0,1,0,3,0,0,0,0,0,0
1,2,0,0,0,0,0,0,0,0,0,0,0,0,0,0,0,0,0,0,0,0,0,0,0,0,0,0,0,0,0,0,6,3,0,0,196,2,234,25,50,1,15,2,0,0,0,1665,3315,598,3459,422,1734,163,1580,261,242,190,46,65,0,2,9,2,8,3,1,15,8,5,2308,59,0,0,1,0,3,1,0,1,0,0,1,0,8,24,0,0,23,177,0,0,1,92,17,329,48,38,0,0,15,0,38,102,0,0,0,0,0,0,0,0,0,0,10,5,2,0,0,0,0,0,0,0,0,0,0,0,0,0,0,0,0,0,0,0,0,0,1,0,0,0,1,0,2,0,0,0,0,0,0,0,1,0,6,0,0,0,0,0,0,0,0,0,0,0,0,0,0,0
3,17,0,0,0,1,0,1,0,0,0,0,6,1,1,1,0,0,0,0,0,0,0,0,0,0,0,0,0,0,0,0,9,56,0,0,1,102,227,294,399,40,2,10,0,0,1665,0,988,2567,21,1350,7,1040,15,1107,1,562,2,129,4,49,10,16,6,13,13,88,1,68,55,2450,0,1,3,2,9,20,0,3,0,0,7,10,35,252,1,5,26,787,0,0,1,165,0,199,5,13,0,0,0,0,0,51,0,0,0,0,0,0,0,1,1,1,0,4,0,0,0,0,0,0,1,0,0,0,1,1,4,4,0,0,0,0,1,1,1,0,0,1,0,0,0,0,9,5,1,2,1,0,0,0,0,0,0,0,0,0,0,0,0,0,0,2,0,0,0,1,1,0
1,4,0,0,0,0,0,0,0,0,0,0,9,0,0,2,0,0,0,0,0,0,0,0,0,0,0,0,0,0,0,0,6,5,0,0,327,10,409,67,6,0,3,1,0,0,3315,988,0,439,187,120,1844,107,935,128,14,27,6,17,5,20,86,12,35,2,10,12,30,12,1972,420,0,0,4,2,5,4,0,0,0,0,5,1,30,20,0,0,119,87,0,0,4,30,2,9,0,0,1,0,0,0,1,13,0,0,0,1,0,0,0,0,0,0,2,1,0,0,0,0,0,0,2,0,1,0,0,1,2,0,0,0,0,0,1,0,0,0,0,0,1,0,0,0,8,0,0,0,1,0,0,0,2,0,10,0,0,0,1,0,0,0,0,0,0,0,0,0,0,0
4,21,0,0,0,2,0,0,0,0,0,0,11,1,0,1,0,0,0,0,0,0,0,0,0,0,0,0,0,0,0,0,14,18,0,0,4,25,142,74,14,2,0,1,0,0,598,2567,439,0,0,175,1,2032,11,813,2,70,0,38,2,64,20,176,11,29,10,77,2,65,47,2349,0,1,1,0,3,3,3,0,0,0,15,10,52,97,0,0,17,172,0,0,1,73,0,48,0,6,1,0,0,0,0,28,1,0,0,0,0,0,0,0,0,0,0,1,0,0,0,0,0,0,0,0,0,0,2,0,2,3,1,0,0,0,3,0,0,0,1,0,0,0,0,0,4,0,1,0,4,0,0,0,0,0,0,0,0,0,1,0,0,0,0,0,2,0,0,0,0,0
0,2,0,0,0,0,0,0,0,0,0,0,1,0,0,0,0,0,0,0,0,0,0,0,0,0,0,0,0,0,0,0,14,1,0,0,4,0,91,9,433,3,939,0,5,0,3459,21,187,0,0,161,281,4,1079,9,1166,12,2502,14,0,0,0,0,1,0,1,0,3,1,593,18,1,0,0,0,14,1,2,0,0,0,2,0,29,23,5,0,47,55,0,0,37,39,153,23,2,9,11,0,74,0,637,17,0,0,0,0,0,0,0,0,0,28,0,4,0,0,0,0,0,0,0,0,1,0,0,0,20,0,0,0,0,0,2,1,0,0,4,0,5,0,20,0,79,0,18,0,3,0,0,0,0,0,0,0,0,0,0,0,1,0,1,0,2,0,0,1,0,0
0,7,0,0,0,0,1,0,0,1,0,0,1,0,0,6,0,0,0,0,0,0,0,0,0,0,0,0,0,0,0,0,0,53,0,0,0,38,6,35,28,278,1,880,0,7,422,1350,120,175,161,0,1,203,0,381,0,1452,0,1571,2,15,2,4,1,6,0,32,0,41,3,612,1,2,4,3,1,27,0,4,0,0,1,1,2,468,0,30,0,1222,0,3,0,660,1,971,11,63,3,89,5,54,1,681,0,3,2,14,1,36,0,1,12,191,1,113,0,0,0,16,0,0,0,0,0,0,0,2,3,3,0,0,0,0,1,1,0,0,0,1,0,0,0,20,2,100,4,0,1,2,0,0,0,0,0,0,0,0,0,0,0,0,0,1,0,0,1,3,0,0
0,0,0,0,1,0,0,0,0,0,0,0,1,0,1,0,0,0,0,0,0,0,0,0,0,0,0,0,0,0,0,0,4,0,0,0,28,1,160,61,15,0,4,0,0,0,1734,7,1844,1,281,1,0,2,4553,1,69,0,39,0,1,0,550,0,165,0,5,0,94,0,367,80,1,0,2,1,10,0,2,0,0,0,3,0,33,1,5,0,278,0,0,0,16,0,4,0,0,0,1,0,0,0,9,0,1,0,1,0,0,0,0,0,0,0,0,0,0,0,0,0,0,0,0,0,0,0,2,0,0,0,0,0,0,0,0,0,0,0,4,0,1,0,1,0,7,0,1,0,0,0,0,0,0,0,2,0,0,0,0,0,0,0,0,0,0,0,0,0,0,0
1,18,0,0,1,0,0,0,0,0,0,0,6,1,0,0,0,0,0,0,0,0,0,0,0,0,0,0,0,0,0,0,5,14,0,0,5,2,78,17,5,3,0,0,0,0,163,1040,107,2032,4,203,2,0,5,2510,0,121,0,53,7,68,6,292,4,84,5,79,2,650,20,566,0,1,0,1,3,4,0,0,0,0,1,8,16,73,0,0,6,161,0,0,0,62,1,131,2,8,0,0,0,0,0,50,0,0,0,0,0,0,0,0,0,0,0,5,0,0,0,0,0,0,0,0,0,0,0,0,1,0,0,0,0,0,0,0,0,0,0,0,0,0,0,0,2,0,0,0,1,0,0,0,0,0,0,0,0,0,0,0,0,0,0,0,0,0,0,0,0,0
3,2,0,0,0,0,0,0,0,0,0,0,11,0,3,0,0,0,0,0,0,0,0,0,0,0,0,0,0,0,0,0,88,0,0,0,37,4,167,111,140,1,38,0,0,0,1580,15,935,11,1079,0,4553,5,0,0,2087,0,299,0,19,1,492,1,444,0,14,2,806,0,298,268,1,0,5,0,81,1,5,1,0,0,28,0,199,3,18,0,2200,3,0,0,139,0,61,0,1,0,5,0,3,0,37,0,0,0,2,1,1,1,2,0,0,0,0,0,0,0,0,1,4,0,0,0,4,0,4,0,10,0,0,0,0,0,1,1,0,0,18,0,15,0,20,0,95,1,2,0,0,1,0,0,1,0,2,0,0,0,2,0,0,0,1,0,0,0,0,0,0,0
0,16,0,0,0,0,0,0,0,0,0,0,4,0,0,2,0,0,0,0,0,0,0,0,0,0,0,0,0,0,0,0,5,10,0,0,2,3,7,7,0,2,1,0,0,0,261,1107,128,813,9,381,1,2510,0,0,0,1031,0,236,2,117,2,245,1,138,3,205,0,1133,29,346,0,0,1,0,0,6,0,1,0,0,2,2,12,33,0,0,2,2038,0,0,0,244,0,123,15,23,0,0,0,0,0,72,0,0,0,0,0,0,1,0,0,1,0,12,0,0,0,0,0,0,0,0,0,0,0,1,2,2,0,0,0,0,0,0,0,0,0,0,0,0,0,0,2,0,1,0,1,0,0,0,0,0,1,0,0,0,0,0,0,0,0,0,0,0,0,0,0,0
1,0,0,0,0,0,0,0,0,0,0,0,3,0,0,0,0,0,0,0,0,0,0,0,0,0,0,0,0,0,0,0,41,0,0,0,0,0,4,3,190,0,76,0,0,0,242,1,14,2,1166,0,69,0,2087,0,0,0,1042,0,1,0,1,0,1,0,0,0,1,0,36,26,0,0,1,0,88,0,6,0,0,0,1,0,134,0,26,0,539,0,2,0,579,0,59,0,0,1,4,0,0,0,45,0,1,0,0,1,1,0,0,0,0,0,0,0,0,0,0,0,3,0,0,0,7,0,4,0,5,0,1,0,0,0,1,0,0,0,25,0,17,0,11,0,55,0,0,0,0,0,0,0,0,0,0,0,0,0,3,0,2,0,4,0,0,0,0,0,0,0
0,0,0,0,0,0,0,0,0,0,0,0,0,0,0,0,0,0,0,0,0,0,0,0,0,0,0,0,0,0,0,0,1,2,0,0,0,1,1,0,0,6,0,1,0,0,190,562,27,70,12,1452,0,121,0,1031,0,0,0,1324,0,2,0,2,0,3,1,7,0,5,1,10,0,0,0,0,0,1,0,0,0,0,0,0,0,26,0,2,0,427,0,0,0,1488,0,257,11,31,0,0,0,0,0,174,0,0,0,0,0,0,0,0,0,0,0,17,0,0,0,0,0,0,0,0,0,0,0,0,0,1,0,0,0,0,0,0,0,0,0,0,0,0,0,0,1,0,0,0,0,0,0,0,0,0,0,0,0,0,0,0,0,0,0,0,0,0,0,0,0,0
0,0,0,0,0,0,0,0,0,0,0,0,1,0,0,0,0,0,0,0,0,0,0,0,0,0,0,0,0,0,0,0,18,0,0,0,0,0,8,1,506,0,1011,0,8,0,46,2,6,0,2502,0,39,0,299,0,1042,0,0,0,0,0,0,0,0,0,0,0,0,0,41,0,0,0,0,0,53,0,4,0,0,0,1,0,63,0,249,0,172,0,163,0,2881,0,176,0,0,0,1,0,0,0,228,0,0,0,0,0,0,0,0,0,0,0,0,0,0,0,0,0,0,0,0,0,3,0,0,0,0,0,0,0,0,0,3,0,0,0,16,0,4,0,7,0,23,0,0,0,0,0,0,0,0,0,0,0,0,0,0,0,0,0,1,0,0,0,0,0,0,0
0,1,0,1,0,0,0,0,0,1,0,1,0,0,0,0,0,0,0,0,0,0,0,0,0,0,0,0,0,0,0,0,0,158,0,0,1,1,2,22,6,964,0,1044,0,24,65,129,17,38,14,1571,0,53,0,236,0,1324,0,0,2,0,0,0,0,1,0,4,0,1,1,78,0,0,0,1,0,133,0,10,0,0,0,0,1,538,0,172,0,922,0,196,0,2627,0,111,2,10,0,1,0,13,0,386,0,1,0,1,0,2,1,1,1,3,0,6,0,0,1,0,0,1,0,1,0,1,0,0,0,4,0,0,0,0,1,2,0,0,0,7,0,0,0,1,0,22,0,0,0,1,0,0,0,0,0,0,0,0,0,0,0,1,0,2,0,0,0,0,0,0
4438,6,28,2,69,0,143,1,40,0,0,0,981,0,59,9,0,0,0,0,0,0,0,0,0,0,0,0,0,0,0,0,880,6,0,0,74,38,13,5,7,2,3,0,0,0,0,4,5,2,0,2,1,7,19,2,1,0,0,2,0,8,505,5,1258,2,874,8,49,3,357,39,930,11,461,0,96,5,32,0,0,0,12,2,137,15,2,0,252,6,0,0,0,0,1,0,0,0,6,0,2,0,0,0,1,1,0,0,0,0,1,0,1,1,1,0,0,0,0,0,0,0,5,0,2,0,128,0,144,3,11,0,0,0,15,2,1,0,0,1,1,0,1,0,39,0,18,0,14,1,0,0,0,0,1,1,0,0,5,0,4,0,7,0,1,0,0,0,0,0
7,4329,0,26,0,39,0,27,1,54,0,0,1,368,14,95,0,0,0,0,0,0,0,0,0,0,0,0,0,0,0,0,2,473,0,0,106,94,4,12,1,5,4,0,0,0,2,49,20,64,0,15,0,68,1,117,0,2,0,0,8,0,7,1379,5,599,2,1271,1,188,26,858,69,1223,2,179,1,326,3,113,0,0,1,8,7,131,0,0,3,131,0,0,0,15,6,1,0,3,5,5,3,0,2,2,2,3,5,3,4,4,0,1,21,3,1,0,0,0,1,1,0,0,0,0,0,6,2,137,5,215,0,26,0,0,0,40,0,0,0,1,0,0,0,0,2,94,0,16,1,10,0,0,1,0,1,1,0,0,1,1,1,1,3,6,1,4,5,3,4,2
128,6,1,3,6,0,1,0,2,0,0,0,18,0,129,2,0,0,1,0,0,0,0,0,0,0,0,0,0,0,0,0,152,5,0,0,183,15,81,20,9,4,3,1,0,0,9,10,86,20,0,2,550,6,492,2,1,0,0,0,505,7,0,6,1512,1,184,12,634,8,819,70,248,2,44,1,6,7,3,1,0,0,20,1,60,21,0,0,173,10,0,0,2,3,2,1,2,1,4,0,4,0,0,0,0,1,4,0,0,0,2,0,4,3,0,1,0,0,0,1,1,0,0,0,1,0,15,1,51,5,2,1,0,0,7,3,3,0,0,0,0,0,1,0,20,1,11,1,18,0,0,0,3,0,10,0,0,0,2,0,1,0,3,1,2,0,0,0,0,0
1,120,0,4,1,1,0,1,0,2,0,0,1,1,1,12,0,0,0,0,0,0,0,0,0,0,0,0,0,0,0,0,4,67,0,0,47,46,3,7,0,0,2,0,0,0,2,16,12,176,0,4,0,292,1,245,0,2,0,0,5,1379,6,0,7,816,8,228,1,503,44,1358,24,170,6,8,1,28,0,13,0,0,0,4,2,13,0,0,1,27,0,1,0,6,0,0,0,1,2,3,1,0,0,2,0,1,0,1,0,1,0,0,3,1,0,0,0,0,0,0,1,0,0,0,0,0,2,10,1,27,0,6,0,0,0,3,1,1,0,0,1,0,0,0,2,5,0,6,1,1,0,0,0,0,0,0,0,0,0,0,0,0,1,1,0,1,0,0,0,0
264,0,4,1,19,0,3,0,2,0,0,0,17,0,10,0,0,0,0,0,0,0,0,0,0,0,0,0,0,0,0,0,110,9,0,0,75,2,74,14,4,1,0,1,0,0,8,6,35,11,1,1,165,4,444,1,1,0,0,0,1258,5,1512,7,0,3,1452,6,1693,2,186,40,17,0,19,0,18,2,3,0,0,0,12,0,137,16,1,0,428,6,0,0,0,1,0,0,0,1,3,0,1,0,0,0,0,0,0,0,0,1,0,0,0,0,0,0,0,0,0,1,1,0,0,0,0,0,10,0,16,2,1,0,0,0,6,1,0,0,0,1,0,0,0,0,9,0,4,0,5,0,0,0,1,0,7,0,0,0,1,0,0,0,2,0,1,0,0,0,0,0
0,45,0,0,0,3,0,0,0,0,0,0,0,0,1,1,0,0,0,0,0,0,0,0,0,0,0,0,0,0,0,0,0,10,0,0,2,6,1,5,0,1,0,0,0,0,3,13,2,29,0,6,0,84,0,138,0,3,0,1,2,599,1,816,3,0,0,1311,0,1269,6,85,1,1,1,3,0,12,0,2,0,0,0,0,2,3,0,0,0,55,0,0,0,3,0,1,0,0,0,0,0,0,0,0,0,0,0,0,1,0,0,0,2,0,0,0,0,0,0,0,0,0,0,0,0,1,0,3,0,6,0,0,0,0,0,2,0,0,0,0,0,0,1,0,0,1,1,0,0,0,0,0,0,0,0,0,0,0,0,0,0,0,0,0,0,0,0,0,0,0
778,4,8,0,108,0,66,0,48,0,0,0,272,0,20,1,0,0,2,0,0,0,0,0,0,0,0,0,0,0,0,0,215,5,0,0,49,10,69,20,4,2,1,0,0,0,1,13,10,10,1,0,5,5,14,3,0,1,0,0,874,2,184,8,1452,0,0,6,282,7,97,68,19,0,23,1,33,2,3,0,0,0,18,1,614,20,0,0,327,5,0,0,0,1,1,1,0,0,1,0,1,0,0,0,0,1,0,0,0,1,0,1,0,0,0,0,0,1,0,0,0,0,0,0,0,0,7,0,13,2,0,0,0,0,5,0,1,0,0,0,0,0,1,0,8,1,2,0,9,0,0,0,1,0,5,1,0,0,1,0,1,0,1,0,1,0,0,0,0,0
3,306,0,10,0,66,1,73,1,54,0,0,3,566,1,31,0,0,0,0,0,0,0,0,0,0,0,0,0,0,0,0,2,302,0,0,51,36,9,28,2,0,2,0,0,0,15,88,12,77,0,32,0,79,2,205,0,7,0,4,8,1271,12,228,6,1311,6,0,2,540,23,300,19,47,2,26,2,129,0,26,0,0,3,33,7,997,0,0,2,481,0,0,0,53,1,0,0,0,1,1,0,0,2,1,0,0,0,0,1,0,0,0,7,1,1,0,0,1,0,0,0,0,0,0,0,1,0,25,3,51,0,8,0,1,0,6,0,4,0,0,0,0,0,1,3,26,2,1,0,1,0,0,0,0,2,0,0,0,0,0,0,1,0,1,0,2,0,0,0,0
6,0,1,0,0,0,1,0,0,0,0,0,5,0,5,0,0,0,0,0,0,0,0,0,0,0,0,0,0,0,0,0,9,0,0,0,58,2,83,13,2,0,1,0,0,0,8,1,30,2,3,0,94,2,806,0,1,0,0,0,49,1,634,1,1693,0,282,2,0,1,121,21,1,0,2,0,3,0,0,0,0,0,12,0,103,5,0,0,828,0,0,0,1,1,0,0,0,0,1,0,1,0,0,0,0,0,0,0,0,0,0,0,0,1,0,0,0,0,0,0,0,0,0,0,0,0,0,0,0,0,0,0,0,0,0,0,0,0,1,0,0,0,1,0,3,1,1,0,0,0,0,0,1,0,3,0,0,0,0,0,1,0,0,0,1,0,0,0,0,0
0,36,0,2,0,3,0,4,1,2,0,0,2,1,0,1,0,0,0,0,0,0,0,0,0,0,0,0,0,0,0,0,6,17,0,0,8,11,3,12,2,1,0,0,0,0,5,68,12,65,1,41,0,650,0,1133,0,5,0,1,3,188,8,503,2,1269,7,540,1,0,16,130,1,2,1,2,1,9,0,2,0,0,1,2,7,143,0,0,0,1788,0,0,0,21,0,0,0,0,0,0,1,0,0,0,0,1,0,0,0,0,0,0,0,0,0,2,0,0,0,0,0,0,0,0,0,0,0,4,3,1,0,0,0,0,2,0,0,0,0,0,0,0,0,0,0,1,0,0,1,0,0,0,0,0,0,0,0,0,1,0,0,0,0,0,0,0,0,0,0,0
120,11,2,1,5,1,2,0,1,1,0,0,23,0,107,3,0,0,0,0,0,0,0,0,0,0,0,0,0,0,0,0,84,23,0,0,2549,29,2074,244,397,0,214,0,1,0,2308,55,1972,47,593,3,367,20,298,29,36,1,41,1,357,26,819,44,186,6,97,23,121,16,0,360,764,9,228,3,22,10,7,5,0,0,29,9,68,43,2,1,152,11,0,0,4,3,2,0,1,0,5,1,31,0,2,0,1,1,0,0,0,0,0,1,1,1,9,0,0,0,0,0,1,0,0,0,2,0,24,1,64,6,5,1,0,0,5,0,0,0,0,0,0,0,0,0,31,1,4,0,11,3,0,0,9,0,45,0,0,0,2,1,3,1,2,1,2,0,1,0,0,1
22,193,2,21,3,8,2,3,1,5,0,0,23,1,4,137,0,0,0,0,0,0,0,0,0,0,0,0,0,0,0,0,56,177,0,0,198,1726,517,1043,478,342,3,140,0,1,59,2450,420,2349,18,612,80,566,268,346,26,10,0,78,39,858,70,1358,40,85,68,300,21,130,360,0,94,152,20,32,17,111,3,39,0,0,17,16,108,137,2,0,172,128,0,0,15,41,2,1,0,0,4,4,2,1,0,0,0,0,4,6,1,5,2,3,5,1,0,2,0,0,0,3,0,0,2,0,1,3,9,17,14,71,1,8,0,0,3,9,0,0,2,2,0,0,2,1,30,10,1,5,6,17,0,0,0,0,2,0,0,0,1,1,1,3,0,3,4,0,0,3,3,0
2152,133,289,9,120,1,26,3,22,1,0,0,7,3,727,159,0,0,1,0,0,0,0,0,0,0,0,0,0,0,0,0,76,18,0,0,488,278,4,0,4,2,1,0,0,0,0,0,0,0,1,1,1,0,1,0,0,0,0,0,930,69,248,24,17,1,19,19,1,1,764,94,0,221,504,12,138,13,42,3,0,0,0,2,7,16,1,0,3,7,0,0,0,0,0,0,0,0,9,1,0,0,1,0,0,0,1,0,0,0,0,1,3,1,1,0,0,0,0,0,0,0,4,0,1,1,246,4,90,7,20,1,0,0,31,2,4,0,0,0,0,0,0,0,22,6,30,1,15,0,0,0,0,0,4,3,0,0,4,0,4,0,10,0,1,1,2,1,2,0
45,289,1,163,4,14,6,5,3,15,0,0,0,17,83,839,0,0,1,0,0,0,0,0,0,0,0,0,0,0,0,0,2,118,0,0,204,610,1,6,0,1,4,0,0,0,0,1,0,1,0,2,0,1,0,0,0,0,0,0,11,1223,2,170,0,1,0,47,0,2,9,152,221,0,7,123,4,114,4,67,0,0,0,1,0,11,0,0,0,1,0,0,0,2,1,0,1,1,5,2,2,2,0,0,1,2,1,3,1,4,0,1,9,4,0,0,0,0,0,1,0,1,0,0,0,5,4,99,0,132,1,10,0,0,2,29,0,6,0,0,0,0,0,0,0,55,1,3,0,6,0,0,0,0,2,2,0,0,2,0,2,0,1,1,2,2,0,3,2,2
532,11,243,55,1155,10,121,0,598,5,26,4,23,0,210,12,11,6,157,18,121,37,40,36,9,1,4,2,12,0,3,0,536,3,0,0,145,66,4,2,81,2,26,0,0,1,1,3,4,1,0,4,2,0,5,1,1,0,0,0,461,2,44,6,19,1,23,2,2,1,228,20,504,7,0,390,2346,18,950,28,0,0,6,0,20,10,39,2,9,4,0,0,2,1,31,0,17,3,147,6,42,2,8,1,6,4,11,11,26,16,4,1,43,20,1,2,0,3,0,9,116,15,139,0,547,0,1938,2,1557,5,272,1,12,0,833,61,153,0,4,1,7,0,8,0,1366,2,396,0,234,1,18,3,30,4,41,28,109,20,57,7,84,0,95,2,35,6,13,7,15,17
5,332,71,911,95,699,1,175,19,333,11,230,0,128,51,372,13,49,206,198,95,35,9,24,6,5,2,23,7,38,0,20,89,543,0,0,81,165,1,3,4,137,10,5,0,55,0,2,2,0,0,3,1,1,0,0,0,0,0,1,0,179,1,8,0,3,1,26,0,2,3,32,12,123,390,0,50,1306,17,512,0,0,0,1,1,10,3,29,0,19,0,14,0,5,2,2,4,1,20,7,5,0,1,1,2,4,3,12,7,18,2,7,45,0,4,3,0,1,0,4,0,205,0,23,3,248,3,757,2,534,2,97,1,0,1,523,0,63,0,13,0,0,0,2,1,1242,1,64,0,72,14,5,116,20,99,145,25,148,1,2,4,12,0,14,5,15,5,12,8,5
255,12,165,27,507,30,38,2,367,1,69,0,35,0,237,13,65,1,269,5,71,16,51,4,12,1,11,1,36,0,16,1,2876,1,0,0,96,44,22,5,617,3,71,0,168,2,3,9,5,3,14,1,10,3,81,0,88,0,53,0,96,1,6,1,18,0,33,2,3,1,22,17,138,4,2346,50,0,4,1928,13,0,0,82,0,497,4,1185,0,368,1,1,0,141,0,10,1,9,2,47,4,18,1,9,1,1,4,4,9,5,9,1,2,12,6,1,0,0,0,0,3,13,2,1,0,413,2,356,2,54,1,50,0,3,0,101,11,6,0,202,3,61,0,52,0,175,4,8,0,6,0,20,8,18,2,67,128,678,0,17,3,22,0,21,1,14,3,6,2,6,6
2,296,4,551,7,418,0,164,4,270,0,569,0,492,37,386,2,143,27,92,2,22,3,143,0,59,0,46,2,261,0,24,10,3359,0,0,68,112,2,10,9,1079,22,54,0,234,1,20,4,3,1,27,0,4,1,6,0,1,0,133,5,326,7,28,2,12,2,129,0,9,10,111,13,114,18,1306,4,0,9,1930,0,0,1,2,1,310,0,868,0,279,0,128,0,92,15,7,4,3,15,16,23,8,12,6,6,9,3,31,9,23,4,10,42,6,6,1,0,2,0,12,0,56,0,2,1,668,4,726,4,141,0,26,0,1,2,241,0,31,0,104,0,1,0,14,0,273,2,30,0,12,3,1,21,4,60,62,7,307,3,9,3,11,9,179,7,34,6,13,2,8
64,4,16,1,38,1,3,0,13,0,0,0,6,0,55,1,23,39,4,0,1,0,0,0,0,0,0,0,1,0,0,0,34,1,0,0,19,8,1,1,214,3,19,1,62,3,0,0,0,3,2,0,2,0,5,0,6,0,4,0,32,3,3,0,3,0,3,0,0,0,7,3,42,4,950,17,1928,9,0,39,0,0,1,0,23,1,123,0,48,1,1,0,27,0,16,1,6,3,51,3,22,2,11,0,4,1,10,7,7,8,2,1,9,2,0,0,0,0,1,1,1,11,9,0,196,2,79,2,75,2,54,1,29,0,84,5,6,0,81,0,10,0,16,0,43,1,0,1,4,0,0,1,0,0,6,11,164,5,15,4,46,1,74,0,22,5,2,0,5,11
1,50,0,19,0,9,0,3,0,6,0,4,0,7,0,27,6,61,0,0,0,0,0,0,0,0,0,0,0,1,0,0,1,78,0,0,15,7,1,1,10,292,44,0,0,165,1,3,0,0,0,4,0,0,1,1,0,0,0,10,0,113,1,13,0,2,0,26,0,2,5,39,3,67,28,512,13,1930,39,0,0,0,0,1,1,21,0,57,1,32,0,22,0,13,23,3,9,14,19,25,30,6,24,5,7,13,15,53,17,44,3,4,50,4,7,0,0,2,2,12,0,109,0,0,1,514,5,90,3,49,0,52,0,19,4,173,2,19,0,75,0,1,0,5,0,59,0,6,0,5,0,0,0,0,3,2,40,299,4,6,11,5,12,440,13,102,20,24,1,33
0,0,0,0,0,0,0,0,0,0,0,0,0,0,0,0,0,0,0,0,0,0,0,0,0,0,0,0,0,0,0,0,0,0,0,0,0,0,0,0,0,0,0,0,0,0,0,0,0,0,0,0,0,0,0,0,0,0,0,0,0,0,0,0,0,0,0,0,0,0,0,0,0,0,0,0,0,0,0,0,0,0,0,0,0,0,0,0,0,0,0,0,0,0,0,0,0,0,0,0,0,0,0,0,0,0,0,0,0,0,0,0,0,0,0,0,0,0,0,0,0,0,0,0,0,0,0,0,0,0,0,0,0,0,0,0,0,0,0,0,0,0,0,0,0,0,0,0,0,0,0,0,0,0,0,0,0,0,0,0,0,0,0,0,0,0,0,0,0,0
0,0,0,0,0,0,0,0,0,0,0,0,0,0,0,0,0,0,0,0,0,0,0,0,0,0,0,0,0,0,0,0,0,0,0,0,0,0,0,0,0,0,0,0,0,0,0,0,0,0,0,0,0,0,0,0,0,0,0,0,0,0,0,0,0,0,0,0,0,0,0,0,0,0,0,0,0,0,0,0,0,0,0,0,0,0,0,0,0,0,0,0,0,0,0,0,0,0,0,0,0,0,0,0,0,0,0,0,0,0,0,0,0,0,0,0,0,0,0,0,0,0,0,0,0,0,0,0,0,0,0,0,0,0,0,0,0,0,0,0,0,0,0,0,0,0,0,0,0,0,0,0,0,0,0,0,0,0,0,0,0,0,0,0,0,0,0,0,0,0
2,0,0,0,0,0,0,0,0,0,0,0,191,0,0,0,0,0,0,0,0,0,0,0,0,0,0,0,0,0,0,0,139,1,0,0,17,1,31,4,13,0,2,0,0,0,1,7,5,15,2,1,3,1,28,2,1,0,1,0,12,1,20,0,12,0,18,3,12,1,29,17,0,0,6,0,82,1,1,0,0,0,0,0,398,2,11,0,58,5,0,0,0,1,1,0,1,0,0,0,0,0,0,0,0,1,1,2,1,0,0,0,0,1,0,0,0,0,0,0,1,0,1,0,3,0,11,0,7,0,1,0,0,0,1,1,0,0,2,0,4,0,2,0,28,0,4,0,5,0,0,0,1,0,1,0,0,0,1,0,0,0,1,0,1,0,0,0,0,0
0,5,0,0,0,1,0,2,0,1,0,0,1,87,0,1,0,0,0,0,0,0,0,0,0,0,0,0,0,0,0,0,3,107,0,0,5,2,0,2,0,0,0,0,0,0,0,10,1,10,0,1,0,8,0,2,0,0,0,0,2,8,1,4,0,0,1,33,0,2,9,16,2,1,0,1,0,2,0,1,0,0,0,0,1,1235,0,5,2,19,0,0,0,1,0,0,0,0,0,0,0,0,0,0,0,0,0,0,0,0,0,0,0,0,0,0,0,0,0,0,0,0,0,0,0,0,0,0,0,0,0,0,0,0,0,0,1,0,0,0,0,0,0,0,1,0,0,0,0,0,0,0,0,0,0,0,0,0,0,0,0,0,0,0,0,0,0,0,0,0
256,2,14,0,94,0,2,0,1,0,0,0,547,1,5,1,0,0,0,0,0,0,0,0,0,0,0,0,0,0,0,0,225,4,0,0,42,3,120,40,288,0,15,0,0,0,8,35,30,52,29,2,33,16,199,12,134,0,63,1,137,7,60,2,137,2,614,7,103,7,68,108,7,0,20,1,497,1,23,1,0,0,398,1,0,18,1059,0,2845,9,0,0,138,7,2,0,0,0,2,0,4,0,0,0,0,0,1,1,1,1,0,0,4,3,0,0,0,0,0,0,5,1,1,0,7,0,13,0,13,0,2,0,0,0,9,2,0,0,42,0,24,0,19,0,126,0,3,0,4,0,0,0,2,0,22,3,2,0,1,0,1,0,6,0,5,1,0,1,0,1
8,85,0,10,0,37,0,30,2,40,0,0,13,207,2,8,0,0,0,0,0,0,0,0,0,0,0,0,0,8,0,0,17,756,0,0,48,39,17,17,2,297,1,63,0,1,24,252,20,97,23,468,1,73,3,33,0,26,0,538,15,131,21,13,16,3,20,997,5,143,43,137,16,11,10,10,4,310,1,21,0,0,2,1235,18,0,0,1701,5,3330,0,8,0,128,1,4,2,4,0,3,0,1,0,35,0,1,0,1,0,3,0,2,3,2,1,10,0,1,0,3,0,0,0,0,0,1,3,7,9,28,0,2,0,0,1,1,0,0,0,16,0,0,0,3,3,21,1,4,6,1,0,0,0,0,1,1,0,0,0,1,0,4,0,2,3,1,1,2,0,0
0,0,15,6,28,0,0,0,1,0,16,1,5,0,0,1,8,1,7,0,38,0,28,0,7,0,6,1,6,0,2,0,141,0,0,0,0,0,0,2,1479,0,160,0,554,0,0,1,0,0,5,0,5,0,18,0,26,0,249,0,2,0,0,0,1,0,0,0,0,0,2,2,1,0,39,3,1185,0,123,0,0,0,11,0,1059,0,0,0,1184,0,1150,0,594,0,1,0,0,0,4,0,1,0,0,0,1,0,0,2,1,1,0,0,1,0,0,0,0,0,0,0,0,1,0,0,20,0,1,0,1,1,4,0,0,0,10,0,2,0,37,0,1,0,4,0,11,0,0,0,0,0,6,0,4,0,0,0,65,0,1,0,0,0,3,0,2,0,0,1,1,2
0,0,1,12,0,13,0,0,0,15,0,122,0,0,0,0,1,16,0,2,0,3,0,23,0,16,0,9,0,530,0,5,0,626,0,0,0,0,0,1,0,655,1,289,0,1240,0,5,0,0,0,30,0,0,0,0,0,2,0,172,0,0,0,0,0,0,0,0,0,0,1,0,0,0,2,29,0,868,0,57,0,0,0,5,0,1701,0,0,0,172,0,947,0,241,0,0,0,0,1,1,1,0,0,0,0,1,1,1,0,3,0,0,1,0,0,0,0,0,0,1,0,2,0,0,0,6,0,1,0,5,0,1,0,0,0,0,0,0,0,29,0,0,0,7,0,8,0,0,0,0,0,0,1,1,0,0,1,8,0,0,0,0,0,2,0,1,0,1,0,0
131,0,3,0,13,0,0,0,1,0,0,0,55,0,2,0,0,0,0,0,2,0,1,0,0,0,0,0,0,0,0,0,84,0,0,0,41,0,167,79,757,0,47,0,6,0,23,26,119,17,47,0,278,6,2200,2,539,0,172,0,252,3,173,1,428,0,327,2,828,0,152,172,3,0,9,0,368,0,48,1,0,0,58,2,2845,5,1184,0,0,1,801,0,4591,3,6,0,1,0,5,0,1,1,3,0,0,1,3,2,2,0,0,0,2,1,0,0,0,0,0,0,2,1,1,0,16,0,15,0,5,0,1,0,1,0,14,0,0,0,38,0,9,0,14,0,59,1,1,0,1,0,0,0,1,0,10,1,5,0,2,0,4,0,4,0,6,1,1,0,0,0
2,88,0,5,0,11,0,3,0,8,0,17,5,7,1,2,0,0,0,0,0,0,0,1,0,0,0,0,0,8,0,0,9,300,0,0,16,5,10,11,2,889,0,120,0,31,177,787,87,172,55,1222,0,161,3,2038,0,427,0,922,6,131,10,27,6,55,5,481,0,1788,11,128,7,1,4,19,1,279,1,32,0,0,5,19,9,3330,0,172,1,0,0,1069,0,3374,1,30,11,14,0,1,1,0,0,72,0,3,0,1,0,2,0,2,2,1,0,64,0,0,0,0,0,0,0,0,0,2,1,2,1,6,0,1,0,0,1,1,0,1,0,35,0,0,0,1,2,28,1,1,0,2,0,0,0,0,0,0,0,1,1,1,0,1,0,0,0,0,0,5,0,0
0,0,0,0,0,0,0,0,0,0,0,0,0,0,0,0,0,0,0,0,0,0,0,0,0,0,0,0,0,0,0,0,0,0,0,0,0,0,0,0,95,0,5,0,2,0,0,0,0,0,0,0,0,0,0,0,2,0,163,0,0,0,0,0,0,0,0,0,0,0,0,0,0,0,0,0,1,0,1,0,0,0,0,0,0,0,1150,0,801,0,0,0,1275,0,0,0,0,0,0,0,0,0,0,0,0,0,0,0,0,0,0,0,1,0,0,0,0,0,0,0,0,0,0,0,0,0,0,0,0,0,0,0,0,0,1,0,0,0,1,0,0,0,0,0,0,0,0,0,0,0,0,0,0,0,0,0,1,0,0,0,0,0,0,0,0,0,0,0,0,0
0,0,0,1,0,0,0,0,0,2,0,15,0,0,0,0,0,3,0,0,0,1,0,0,0,1,0,0,0,4,0,1,0,63,0,0,0,0,0,0,0,547,0,243,0,134,0,0,0,0,0,3,0,0,0,0,0,0,0,196,0,0,0,1,0,0,0,0,0,0,0,0,0,0,0,14,0,128,0,22,0,0,0,0,0,8,0,947,0,1069,0,0,0,1584,0,0,0,0,0,0,0,0,0,0,1,0,0,1,1,0,0,0,0,0,0,0,0,0,0,0,0,0,0,0,0,1,0,0,0,3,0,0,0,0,0,0,0,0,0,14,0,0,0,0,0,1,0,0,0,0,0,0,0,0,0,0,1,3,0,0,0,0,0,0,0,0,0,0,0,0
1,0,1,0,0,0,0,0,0,0,0,0,0,0,0,0,0,0,0,0,0,0,0,0,0,0,0,0,0,0,0,0,23,0,0,0,0,0,7,4,775,0,122,0,4,0,1,1,4,1,37,0,16,0,139,0,579,0,2881,0,0,0,2,0,0,0,0,0,1,0,4,15,0,0,2,0,141,0,27,0,0,0,0,0,138,0,594,0,4591,0,1275,0,0,0,2,0,0,0,3,0,0,0,1,0,0,0,1,1,0,0,0,0,1,0,0,0,0,0,0,0,0,1,0,0,5,0,1,0,1,0,3,0,0,0,3,0,0,0,17,0,2,0,10,0,29,0,0,0,0,0,0,0,0,0,0,1,1,0,2,0,1,0,0,0,1,0,0,0,1,1
0,10,0,2,0,0,0,1,0,2,0,11,2,2,0,0,0,0,0,0,0,0,0,1,0,1,0,0,0,3,0,0,1,62,0,0,0,0,7,1,0,710,0,181,0,40,92,165,30,73,39,660,0,62,0,244,0,1488,0,2627,0,15,3,6,1,3,1,53,1,21,3,41,0,2,1,5,0,92,0,13,0,0,1,1,7,128,0,241,3,3374,0,1584,0,0,0,230,16,11,0,0,0,0,0,104,0,1,0,0,0,1,0,0,1,0,1,61,0,0,1,0,0,1,0,0,0,4,1,0,0,2,0,0,0,0,0,0,0,0,0,15,0,0,1,1,0,4,0,0,0,0,0,0,0,0,0,0,1,1,0,0,0,1,0,1,0,0,0,0,0,1
5,1,1,1,1,0,0,0,0,0,0,0,0,0,1,0,0,0,0,0,0,0,0,0,0,0,0,0,0,0,0,0,0,2,0,0,2,0,1,0,20,11,31,3,0,0,17,0,2,0,153,1,4,1,61,0,59,0,176,0,1,6,2,0,0,0,1,1,0,0,2,2,0,1,31,2,10,15,16,23,0,0,1,0,2,1,1,0,6,1,0,0,2,0,0,27,5200,94,477,34,606,53,3139,45,548,47,782,108,107,86,20,16,13,58,134,104,220,109,8,8,0,0,0,0,5,7,6,14,12,2,2,1,2,3,8,6,0,1,3,2,2,0,0,0,6,0,2,0,1,1,0,0,0,0,0,0,0,0,16,14,19,2,17,6,53,23,21,21,2,19
0,0,0,0,0,0,0,0,0,0,0,0,0,0,0,0,0,0,0,0,0,0,0,0,0,0,0,0,0,0,0,0,0,1,0,0,0,0,0,0,5,5,12,22,0,0,329,199,9,48,23,971,0,131,0,123,0,257,0,111,0,1,1,0,0,1,1,0,0,0,0,1,0,0,0,2,1,7,1,3,0,0,0,0,0,4,0,0,0,30,0,0,0,230,27,0,35,3037,3,144,33,852,42,2832,11,212,41,515,5,41,2,11,1,8,69,44,116,81,5,0,0,0,0,0,0,2,1,3,0,1,0,0,0,0,0,0,0,0,0,3,0,2,0,0,0,0,0,0,0,2,0,0,0,0,0,0,0,0,2,1,2,2,2,0,1,5,0,0,0,1
1,0,0,0,0,0,0,0,0,0,0,0,0,0,1,2,0,0,0,0,0,0,0,0,0,0,0,0,0,0,0,0,1,0,0,0,4,0,1,0,1,3,18,6,0,0,48,5,0,0,2,11,0,2,1,15,0,11,0,2,0,0,2,0,0,0,0,0,0,0,1,0,0,1,17,4,9,4,6,9,0,0,1,0,0,2,0,0,1,11,0,0,0,16,5200,35,0,79,468,24,284,60,492,56,2521,40,991,83,226,73,22,16,26,131,160,81,109,119,17,13,0,0,0,0,5,2,19,4,16,10,4,1,2,0,13,8,0,0,0,1,1,0,0,0,2,2,0,0,1,1,0,0,0,0,0,0,0,0,14,11,10,0,6,2,26,12,37,15,7,25
2,0,0,0,0,0,0,0,0,0,0,0,0,0,0,0,0,0,0,0,0,0,0,0,0,0,0,0,0,0,0,0,0,0,0,0,0,0,0,0,20,12,33,54,0,0,38,13,0,6,9,63,0,8,0,23,1,31,0,10,0,3,1,1,1,0,0,0,0,0,0,0,0,1,3,1,2,3,3,14,0,0,0,0,0,4,0,0,0,14,0,0,0,11,94,3037,79,0,12,302,50,908,58,846,43,2342,143,1663,21,160,4,27,3,9,115,59,103,144,14,2,0,0,0,0,0,2,2,7,0,4,0,1,0,2,2,1,0,0,0,6,0,1,0,0,0,3,0,0,0,0,0,0,0,0,0,0,0,0,5,1,4,2,7,11,4,5,1,1,0,0
15,0,1,1,2,0,0,0,0,0,0,0,1,0,9,1,0,0,1,0,0,0,0,0,0,0,0,0,0,0,0,0,6,2,0,0,11,6,4,0,20,6,7,2,0,0,0,0,1,1,11,3,1,0,5,0,4,0,1,0,6,5,4,2,3,0,1,1,1,0,5,4,9,5,147,20,47,15,51,19,0,0,0,0,2,0,4,1,5,0,0,0,3,0,477,3,468,12,0,50,1081,205,298,33,114,21,388,42,293,107,37,7,88,253,372,85,15,80,34,37,1,1,0,0,20,11,72,19,107,32,31,8,2,1,144,52,14,2,2,3,5,0,4,2,47,11,37,5,9,3,0,0,0,0,0,2,0,0,2,4,2,0,6,4,81,25,16,16,20,9
1,1,0,0,0,0,0,0,0,0,0,0,0,0,0,0,0,0,0,0,0,0,0,0,0,0,0,0,0,0,0,0,0,0,0,0,1,1,0,0,7,20,20,23,0,0,0,0,0,0,0,89,0,0,0,0,0,0,0,1,0,5,0,3,0,0,0,1,0,0,1,4,1,2,6,7,4,16,3,25,0,0,0,0,0,3,0,1,0,1,0,0,0,0,34,144,24,302,50,0,100,785,33,106,18,257,102,973,33,1227,11,54,163,235,319,37,16,58,85,159,0,0,0,0,3,4,2,20,2,40,1,6,0,0,0,3,0,0,0,7,0,14,0,23,0,40,0,6,0,4,0,0,0,0,0,0,0,0,5,6,2,2,9,16,8,11,4,16,3,2
1,1,0,1,1,0,0,0,0,0,0,0,1,0,3,5,0,0,0,0,0,0,0,0,0,0,0,0,0,0,0,0,3,0,0,0,3,0,5,0,9,11,65,10,0,0,15,0,0,0,74,5,0,0,3,0,0,0,0,0,2,3,4,1,1,0,1,0,1,1,31,2,0,2,42,5,18,23,22,30,0,0,0,0,4,0,1,1,1,1,0,0,0,0,606,33,284,50,1081,100,0,565,1978,76,57,37,226,121,227,108,183,24,14,178,1442,439,40,137,22,12,1,0,0,0,8,3,14,22,31,6,4,0,0,0,20,8,1,0,0,6,3,1,7,0,48,1,16,0,8,0,0,0,0,0,0,0,0,0,19,23,40,1,22,3,46,14,13,15,2,17
0,0,0,0,0,0,0,0,0,0,0,0,0,0,0,0,0,0,0,0,0,0,0,0,0,0,0,0,0,0,0,0,0,1,0,0,1,1,0,0,8,13,18,26,0,0,0,0,0,0,0,54,0,0,0,0,0,0,0,13,0,0,0,0,0,0,0,0,0,0,0,1,0,2,2,0,1,8,2,6,0,0,0,0,0,1,0,0,1,0,0,0,0,0,53,852,60,908,205,785,565,0,57,1375,19,498,87,774,21,198,5,60,36,299,1369,205,42,143,24,1,0,0,0,0,1,0,1,1,1,8,0,0,0,1,1,4,0,0,0,6,0,4,0,0,0,0,0,0,0,1,0,0,0,0,0,0,0,0,2,6,1,2,8,6,1,3,2,0,1,4
2,0,0,0,0,0,0,0,0,0,0,0,0,0,1,0,0,0,0,0,0,0,0,0,0,0,0,0,0,0,0,0,0,1,0,0,0,0,0,1,10,5,31,0,0,0,38,0,1,0,637,1,9,0,37,0,45,0,228,0,0,2,0,0,0,0,0,2,0,0,2,0,1,0,8,1,9,12,11,24,0,0,0,0,0,0,0,0,3,0,0,0,1,0,3139,42,492,58,298,33,1978,57,0,281,58,39,385,97,120,79,29,7,7,49,196,921,408,74,11,3,0,0,0,0,1,1,7,19,4,8,0,1,0,0,2,2,0,0,1,0,0,0,0,0,4,1,0,0,0,0,0,0,0,0,1,0,0,0,25,12,24,0,4,5,52,18,9,10,2,14
