0,49,1703,13,1312,9,1070,11,307,6,5,0,412,11,1355,69,0,0,19,1,2,0,1,0,0,0,0,0,1,0,1,0,271,7,0,0,474,118,44,0,72,11,12,0,0,0,6,5,15,0,18,1,34,1,240,0,27,0,4,0,5623,14,238,3,448,2,354,5,237,3,343,1,1316,4,32,39,315,24,10,3,0,0,18,0,276,10,5,0,921,6,1,0,106,2,1,0,5,1,26,3,3,0,0,0,3,0,3,8,2,2,0,0,4,17,0,0,0,0,0,2,0,0,0,0,5,0,33,16,90,36,7,5,0,0,0,0,0,1,0,0,6,1,11,2,17,13,12,5,13,5,0,0,0,0,132,14,0,0,4,0,13,3,78,6,40,5,5,1,42,7
49,0,7,1846,3,1236,5,1165,3,213,0,1,10,727,48,1983,0,0,4,19,0,3,0,0,0,0,0,0,0,0,0,0,38,92,0,0,87,719,2,14,15,170,3,7,0,3,2,6,2,22,6,56,0,43,1,187,0,29,0,8,41,4131,1,335,0,253,2,265,2,406,4,317,39,396,9,159,37,296,1,41,0,0,1,5,5,85,0,1,7,576,0,2,0,188,5,7,3,4,11,13,17,0,1,1,4,0,16,10,6,2,7,0,28,50,2,1,0,0,0,12,0,0,0,0,5,8,20,32,15,388,1,34,0,0,1,13,1,5,0,1,0,18,1,20,1,86,4,48,10,66,0,0,1,2,43,15,1,0,3,12,4,21,20,131,24,54,3,16,75,15
1703,7,0,53,6162,43,253,5,764,26,477,5,37,2,2948,24,10,1,2836,50,212,7,88,1,149,1,208,1,272,6,111,2,432,7,0,0,299,11,35,3,35,2,3,3,4,0,17,1,18,1,7,2,24,0,176,0,31,0,8,0,280,2,66,0,106,0,61,3,82,2,203,2,131,0,26,53,276,56,6,1,0,0,1,0,30,1,55,7,243,3,35,0,80,1,3,1,0,0,11,0,1,0,1,0,0,0,0,1,2,1,0,0,0,5,0,0,0,0,0,0,0,0,0,0,21,0,37,1,28,7,15,6,0,0,5,1,13,2,0,0,0,0,1,0,5,3,3,1,7,0,23,1,25,49,315,43,1,0,3,0,7,2,26,0,15,0,1,1,15,2
13,1846,53,0,68,6486,6,713,46,1037,18,435,6,189,24,3521,2,16,69,1799,24,431,9,136,0,181,0,264,6,201,2,65,53,358,0,0,18,279,0,30,4,71,0,16,0,23,2,4,4,49,1,42,0,53,1,210,1,31,1,17,11,206,0,175,3,37,1,115,0,191,12,320,4,40,16,176,48,626,1,25,0,0,0,3,4,119,2,48,10,271,0,14,5,122,2,7,4,1,3,8,4,0,1,1,3,0,3,4,0,0,2,0,12,16,0,0,0,0,0,7,0,0,0,1,5,6,10,76,8,93,4,58,0,0,1,41,2,25,0,2,1,10,0,4,2,51,0,26,3,27,3,24,29,86,109,296,0,10,0,10,4,9,4,33,11,38,0,4,38,4
1312,3,6162,68,0,55,774,23,1870,42,562,11,32,9,575,14,2,0,850,97,46,0,43,0,80,0,121,0,196,3,143,0,241,11,0,0,193,21,17,1,19,6,5,2,7,3,5,0,7,1,7,2,16,0,84,0,26,0,8,3,106,2,28,0,45,0,45,3,46,0,65,2,29,0,12,110,160,58,3,2,0,0,2,0,56,1,30,2,297,3,15,0,65,1,0,1,0,0,5,2,1,1,1,0,0,0,0,1,1,0,1,0,1,6,0,1,0,0,0,1,0,0,0,0,3,0,25,10,21,6,10,5,0,0,6,5,4,4,0,0,0,2,3,1,8,2,2,1,0,1,4,1,21,61,326,87,1,0,2,2,2,0,14,1,17,5,0,1,13,1
9,1236,43,6486,55,0,14,1812,35,3452,14,712,4,99,11,361,2,6,60,331,13,78,2,34,1,29,0,89,5,161,3,127,51,299,0,0,10,160,0,8,7,48,1,8,0,13,0,6,3,6,0,21,0,18,0,89,0,18,1,13,6,98,1,29,0,50,1,76,0,170,3,24,2,8,8,162,36,471,1,14,0,0,0,6,3,106,2,30,7,245,3,10,5,118,0,2,1,0,2,5,1,0,0,1,0,0,1,0,0,0,1,0,2,5,0,1,0,0,0,1,0,0,0,0,1,5,10,46,9,63,3,55,0,0,4,30,0,10,0,0,1,3,1,8,3,23,0,8,2,8,2,12,18,15,77,191,2,3,1,6,3,7,2,14,9,15,0,1,20,7
1070,5,253,6,774,14,0,10,1133,11,139,0,543,9,594,16,0,0,99,4,1,2,0,0,0,0,0,0,3,0,1,0,483,2,0,0,231,14,26,1,10,2,3,0,0,0,8,0,5,1,3,2,4,0,14,0,4,0,0,0,146,6,9,1,11,0,68,2,12,1,44,3,51,0,2,30,63,9,1,1,0,0,39,0,421,3,230,0,231,1,1,0,9,1,0,0,0,0,3,1,3,0,0,0,0,0,1,0,1,1,0,0,0,3,0,0,1,0,0,0,0,0,0,0,1,0,7,5,14,6,3,2,0,0,0,0,1,3,0,0,1,0,1,0,1,4,1,2,3,1,0,0,0,1,99,7,0,0,3,1,4,0,14,1,11,1,0,1,7,1
11,1165,5,713,23,1812,10,0,21,1670,0,48,2,914,7,341,0,0,11,110,0,2,0,1,0,0,0,0,0,15,0,1,10,921,0,0,5,155,2,21,2,14,0,3,0,0,0,3,0,8,1,24,0,4,0,12,0,4,0,0,2,88,0,23,1,23,1,176,0,71,3,34,0,4,6,43,15,253,1,5,0,0,2,25,5,328,2,42,1,164,0,0,0,16,0,2,1,1,1,2,0,0,0,0,0,0,0,0,0,0,0,0,4,5,0,0,0,0,0,2,0,0,0,0,4,0,6,11,7,21,1,6,0,0,3,5,2,2,0,0,0,1,0,2,3,13,0,1,1,4,0,0,2,0,42,137,0,0,2,5,1,3,2,5,3,7,1,2,2,0
307,3,764,46,1870,35,1133,21,0,48,1193,5,242,5,411,27,0,0,644,76,7,2,2,0,1,0,0,0,16,0,51,0,1199,9,0,0,249,19,20,1,18,2,1,0,0,0,3,2,3,0,8,1,4,0,22,1,6,0,3,0,47,2,7,0,4,0,28,1,9,0,44,1,32,0,3,108,107,35,1,1,0,0,16,1,203,5,82,0,183,3,7,0,30,0,1,0,0,1,9,2,3,0,0,0,2,0,2,0,0,0,0,1,1,0,1,0,0,0,1,1,0,0,0,0,12,0,24,7,9,6,4,8,0,0,5,7,9,5,0,0,1,0,3,1,3,4,3,2,4,1,2,0,8,17,237,42,1,0,1,0,3,1,14,1,12,3,1,2,16,2
6,213,26,1037,42,3452,11,1670,48,0,4,735,0,216,7,269,0,0,20,356,4,10,1,1,0,1,0,6,1,37,1,18,44,779,0,0,5,109,0,13,2,13,0,4,0,1,0,0,0,5,1,11,0,2,1,15,0,2,0,8,1,21,0,4,1,8,0,109,1,38,2,31,1,0,5,126,40,268,1,3,0,0,1,18,3,159,2,11,2,123,0,0,3,21,1,4,1,0,1,0,1,0,1,0,0,0,0,0,0,0,1,0,3,3,0,0,0,0,0,1,0,0,0,1,4,2,6,17,7,31,7,6,0,0,4,4,2,7,0,0,0,2,2,4,5,8,0,4,0,3,0,2,3,8,77,243,0,0,2,2,0,1,0,10,3,4,0,0,5,1
5,0,477,18,562,14,139,0,1193,4,0,2,26,0,16,5,8,1,237,34,58,2,78,0,221,0,109,0,854,2,620,1,932,6,0,0,16,2,1,0,6,2,3,0,7,0,0,0,0,1,3,0,0,0,0,0,0,0,3,1,3,0,0,1,0,0,1,1,0,0,3,0,9,0,13,19,146,23,1,0,0,0,0,0,13,0,129,0,40,0,19,0,23,2,0,0,0,0,3,0,1,0,0,0,0,0,0,1,0,0,0,0,1,0,0,0,0,0,0,0,0,0,0,0,5,0,6,0,2,0,4,1,0,0,2,2,2,0,0,0,0,0,1,0,0,0,0,0,0,0,2,0,14,20,45,13,2,0,1,0,1,0,4,1,9,0,0,0,2,0
0,1,5,435,11,712,0,48,5,735,2,0,1,18,0,7,0,6,23,151,5,119,3,77,0,113,0,346,4,1593,0,633,4,1024,0,0,1,3,0,3,0,16,0,0,0,12,2,0,0,0,0,5,0,0,0,0,0,0,0,10,0,1,0,0,0,0,0,4,0,1,0,3,0,0,8,37,13,291,0,1,0,0,0,3,1,12,1,26,0,13,1,7,1,19,1,3,0,0,1,0,0,0,0,2,0,0,0,0,0,0,0,0,0,0,0,0,0,0,0,0,0,0,0,0,0,1,0,0,0,1,0,1,0,0,0,1,0,4,0,0,0,0,0,0,0,2,0,0,0,0,2,8,11,11,7,25,1,3,0,0,0,1,1,3,0,3,0,0,2,0
412,10,37,6,32,4,543,2,242,0,26,1,0,2,276,7,0,0,20,3,1,0,0,0,1,0,0,0,0,0,1,0,969,3,0,0,103,10,9,0,13,0,1,0,0,0,2,0,1,0,2,0,4,0,7,0,2,0,1,0,676,3,6,1,7,1,337,3,6,2,35,2,53,1,8,7,127,5,2,0,0,0,234,0,1836,2,402,0,75,1,1,0,8,0,0,0,1,1,5,0,2,0,0,0,0,2,3,2,0,0,0,0,0,1,0,0,0,0,0,0,0,0,0,0,2,0,4,0,6,5,4,2,0,0,0,0,0,0,0,0,0,0,3,0,13,1,0,0,1,1,0,0,0,0,23,4,0,0,0,0,6,0,12,2,5,3,0,0,7,0
11,727,2,189,9,99,9,914,5,216,0,18,2,0,8,269,0,0,1,32,0,2,0,0,0,0,0,1,0,4,0,2,7,1177,0,0,4,193,1,13,1,41,0,8,0,3,1,2,0,5,0,28,1,4,0,11,1,3,0,0,7,1221,0,57,0,41,0,853,0,68,0,64,6,15,2,49,7,577,0,24,0,0,0,524,4,1734,0,53,1,64,0,0,1,10,4,2,5,1,3,6,5,0,0,0,4,0,4,6,1,0,1,0,8,11,1,0,0,0,0,4,0,0,0,0,0,3,2,13,4,34,1,6,0,0,0,0,0,0,0,0,1,7,0,5,0,13,0,2,1,7,0,0,0,1,20,38,0,0,3,9,2,12,2,28,8,11,3,1,20,5
1355,48,2948,24,575,11,594,7,411,7,16,0,276,8,0,52,0,1,942,5,3,0,0,1,2,0,0,0,3,0,0,0,293,4,0,0,1922,46,83,2,62,5,22,0,1,0,18,4,32,0,21,4,40,1,153,0,12,0,1,0,415,17,96,4,79,0,106,2,54,1,676,5,573,5,35,23,277,22,12,1,0,0,8,0,113,11,13,0,257,4,0,0,45,1,4,3,6,2,31,3,15,0,0,2,5,6,8,11,11,3,1,0,6,16,1,0,0,0,1,2,0,0,0,1,23,0,173,7,153,17,50,4,0,0,6,1,17,1,0,0,9,4,20,1,30,8,21,0,31,4,0,0,1,0,211,20,0,0,15,4,26,3,102,4,77,4,2,1,70,7
69,1983,24,3521,14,361,16,341,27,269,5,7,7,269,52,0,0,0,11,687,2,0,0,0,0,0,0,0,0,2,1,1,43,82,0,0,83,3076,1,29,15,117,2,13,0,7,0,11,5,55,1,73,1,24,2,71,1,11,0,6,38,370,0,158,3,23,1,127,1,80,28,749,52,951,18,175,48,300,0,34,0,0,0,5,14,153,1,4,4,138,0,0,1,59,3,4,8,0,19,17,8,0,3,0,13,0,10,5,2,1,3,2,29,36,3,1,1,0,2,12,0,0,0,3,2,2,20,101,31,411,10,72,0,0,1,27,4,16,0,1,0,14,0,13,7,135,2,66,10,79,0,0,1,1,152,263,0,1,5,13,12,32,14,107,19,49,2,15,78,16
0,0,10,2,2,2,0,0,0,0,8,0,0,0,0,0,0,2,57,4,368,2,547,0,74,0,7,0,48,1,1,0,160,2,0,0,0,0,0,0,26,3,49,0,219,0,0,0,0,0,2,0,0,0,3,0,2,0,12,0,0,0,0,0,0,0,0,0,0,0,0,1,0,0,21,4,170,1,0,0,0,0,0,0,0,0,182,0,52,0,53,0,51,0,2,0,0,0,0,0,0,0,0,0,0,0,0,0,0,0,0,0,0,0,0,0,0,0,0,0,0,0,0,0,0,0,0,0,0,0,0,0,0,0,0,0,0,0,0,0,0,0,0,0,1,0,0,0,0,0,268,0,122,3,253,3,583,0,0,0,0,0,0,0,0,0,0,0,0,0
0,0,1,16,0,6,0,0,0,0,1,6,0,0,1,0,2,0,3,40,15,350,4,480,0,122,0,4,0,12,0,0,0,115,0,0,0,34,0,6,0,10,0,11,0,237,0,0,0,0,0,3,0,0,0,0,0,1,0,0,0,0,0,0,0,0,0,0,0,0,0,0,0,0,11,14,3,118,0,1,0,0,0,0,0,1,0,81,0,8,0,7,0,0,0,0,0,0,0,0,0,0,0,0,0,0,0,0,0,0,0,0,0,0,0,0,0,0,0,0,0,0,0,0,0,0,0,0,0,0,0,0,0,0,0,0,0,0,0,0,0,0,0,0,0,1,0,0,0,0,3,333,4,63,12,362,27,500,0,0,0,0,0,0,0,0,0,0,1,0
19,4,2836,69,850,60,99,11,644,20,237,23,20,1,942,11,57,3,0,134,573,37,163,2,26,1,5,2,122,8,23,8,503,21,0,0,729,14,51,1,18,6,13,2,5,3,8,1,3,0,14,2,4,0,5,0,5,0,11,2,5,3,3,1,2,0,8,1,1,0,53,3,21,1,46,82,381,69,4,2,0,0,1,0,21,1,61,10,67,3,24,1,52,4,2,1,2,0,5,1,4,0,0,0,0,0,0,2,2,0,0,0,0,4,0,0,1,1,0,0,0,0,0,0,26,2,40,3,29,2,34,4,0,0,14,5,25,5,0,0,5,1,1,0,10,0,3,0,8,1,131,10,748,134,1402,60,5,0,5,1,6,1,30,0,31,3,2,1,22,4
1,19,50,1799,97,331,4,110,76,356,34,151,3,32,5,687,4,40,134,0,69,646,12,155,2,19,2,16,16,94,4,23,83,194,0,0,6,603,2,24,2,28,0,15,0,17,0,2,0,0,3,44,0,0,1,2,1,2,3,5,3,13,1,7,0,0,0,14,0,6,1,57,2,6,51,206,66,410,1,12,0,0,0,4,4,37,4,70,8,31,6,16,6,33,0,3,0,0,3,4,2,2,0,2,0,0,1,0,0,0,0,0,4,5,2,0,0,0,0,2,0,0,0,0,7,9,6,34,3,29,5,31,0,0,2,32,2,21,0,0,0,1,1,4,0,23,0,10,0,8,11,115,69,372,137,809,6,11,0,4,1,14,4,11,6,17,1,0,14,2
2,0,212,24,46,13,1,0,7,4,58,5,1,0,3,2,368,15,573,69,0,74,1185,9,230,1,56,0,126,6,13,3,122,7,0,0,10,9,1,1,8,1,8,0,11,0,4,1,0,0,1,1,0,0,2,0,1,0,8,0,0,0,0,0,0,0,0,0,0,0,2,1,0,0,50,48,93,11,0,0,0,0,1,0,2,0,17,4,30,1,19,2,21,2,1,0,0,0,0,0,0,0,0,0,0,0,0,0,0,0,0,0,0,0,0,0,0,0,0,0,0,0,0,0,1,0,2,0,1,0,0,0,0,0,0,0,1,0,0,0,0,0,0,0,0,1,0,0,0,0,235,21,354,34,120,25,42,6,0,0,0,0,0,0,2,0,0,0,0,0
0,3,7,431,0,78,2,2,2,10,2,119,0,2,0,0,2,350,37,646,74,0,39,1240,1,178,0,192,6,118,1,18,8,133,0,0,1,8,0,0,1,15,0,8,1,40,0,1,0,0,0,2,0,0,0,1,0,1,0,2,0,1,0,0,0,0,0,2,0,0,1,2,0,0,105,58,3,216,0,2,0,0,0,0,0,4,1,72,0,20,0,7,0,11,0,0,0,0,0,0,0,0,0,0,0,0,0,0,0,0,0,0,0,2,0,0,0,0,0,0,0,0,0,0,0,0,0,0,0,2,0,1,0,0,0,0,1,0,0,0,0,0,0,0,0,0,0,0,0,0,9,350,19,125,28,44,30,153,0,2,0,0,0,2,0,0,0,0,0,0
1,0,88,9,43,2,0,0,2,1,78,3,0,0,0,0,547,4,163,12,1185,39,0,90,1408,3,112,0,225,1,12,0,245,3,0,0,2,0,1,1,7,2,4,0,27,1,0,0,0,0,0,0,0,0,2,0,0,0,4,1,0,0,0,0,0,0,0,0,0,0,2,0,0,0,14,14,54,6,0,0,0,0,0,0,1,0,32,2,39,0,25,0,15,1,1,0,0,0,0,0,0,0,0,0,0,0,0,0,0,0,0,0,0,0,0,0,0,0,0,0,0,0,0,0,1,0,0,0,1,0,2,0,0,0,0,0,0,0,0,0,0,0,0,0,0,0,0,0,0,0,52,6,73,9,41,5,57,4,0,0,0,0,1,0,1,0,0,0,0,0
0,0,1,136,0,34,0,1,0,1,0,77,0,0,1,0,0,480,2,155,9,1240,90,0,0,987,0,76,1,68,0,4,2,143,0,0,0,4,0,0,0,17,0,8,1,53,0,0,0,0,0,1,0,0,0,0,0,0,0,3,0,0,0,0,0,0,0,0,0,0,1,0,0,0,8,3,2,76,0,0,0,0,0,0,0,2,0,76,0,11,0,12,0,7,0,0,0,0,0,0,0,0,0,0,0,0,0,0,0,0,0,0,0,0,0,0,0,0,0,0,0,0,0,0,0,0,0,0,0,0,0,1,0,0,0,0,0,0,0,0,0,0,0,0,0,0,0,0,0,0,1,18,0,11,2,13,5,120,0,0,0,0,0,0,0,1,0,0,1,0
0,0,149,0,80,1,0,0,1,0,221,0,1,0,2,0,74,0,26,2,230,1,1408,0,0,0,282,0,418,0,10,0,234,0,0,0,3,3,0,0,0,0,4,0,6,0,0,0,0,0,0,0,0,0,0,0,0,0,4,0,0,0,0,0,0,0,0,0,0,0,1,0,0,0,4,1,45,0,1,0,0,0,0,0,0,0,18,0,10,0,8,0,2,0,0,0,0,0,0,0,0,0,0,0,0,0,0,0,0,0,0,0,0,0,0,0,0,0,0,0,0,0,0,0,0,0,1,0,0,0,1,0,0,0,0,0,1,0,0,0,0,0,0,0,0,0,0,0,0,0,40,1,3,5,12,0,15,1,0,0,2,0,1,0,2,0,0,0,0,0
0,0,1,181,0,29,0,0,0,1,0,113,0,0,0,0,0,122,1,19,1,178,3,987,0,0,0,283,0,190,0,4,0,227,0,0,0,0,0,0,0,12,0,5,0,33,1,0,1,0,0,1,0,0,1,0,0,0,0,0,0,0,0,0,0,0,0,0,0,0,0,0,0,0,1,0,0,14,0,0,0,0,0,0,0,0,0,42,0,10,0,6,0,0,0,0,0,0,0,0,0,0,0,0,0,0,0,0,0,0,0,0,0,0,0,0,0,0,0,0,0,0,0,0,0,0,0,0,0,0,0,0,0,0,0,0,0,0,0,0,0,0,0,0,0,0,0,0,0,0,0,1,0,2,0,2,1,18,0,0,0,0,0,0,0,0,0,0,0,0
0,0,208,0,121,0,0,0,0,0,109,0,0,0,0,0,7,0,5,2,56,0,112,0,282,0,0,0,74,0,6,0,16,1,0,0,0,0,0,0,0,0,0,0,1,0,0,0,0,0,0,0,0,0,0,0,0,0,0,0,0,0,0,0,0,0,0,0,0,0,0,0,0,0,0,0,3,0,0,0,0,0,0,0,0,0,2,0,2,0,2,0,2,0,0,0,0,0,0,0,0,0,0,0,0,0,0,0,0,0,0,0,0,0,0,0,0,0,0,0,0,0,0,0,0,0,0,0,0,0,1,0,0,0,0,0,0,0,0,0,0,0,0,0,0,0,1,0,0,0,3,0,0,0,0,0,1,0,0,0,0,0,0,0,1,0,0,0,0,0
0,0,1,264,0,89,0,0,0,6,0,346,0,1,0,0,0,4,2,16,0,192,0,76,0,283,0,0,0,384,0,37,1,162,0,0,0,0,0,0,0,4,0,0,0,6,0,0,0,0,0,0,0,0,0,0,0,0,0,1,0,0,0,0,0,0,0,0,0,0,0,0,0,0,0,1,0,10,0,0,0,0,0,1,0,3,0,3,0,3,0,2,0,1,0,0,0,0,0,0,0,0,0,0,0,0,0,0,0,0,0,0,0,0,0,0,0,0,0,0,0,0,0,0,0,0,0,0,0,0,0,0,0,0,0,0,0,0,0,0,0,0,0,0,0,0,0,0,0,0,0,2,0,0,1,1,0,1,0,0,0,0,0,0,0,0,0,0,0,0
1,0,272,6,196,5,3,0,16,1,854,4,0,0,3,0,48,0,122,16,126,6,225,1,418,0,74,0,0,0,205,0,454,1,0,0,1,1,1,0,5,0,6,0,4,0,0,0,0,0,0,0,0,0,1,0,0,0,3,0,0,0,0,0,0,0,0,0,0,0,0,0,0,0,13,6,59,2,0,0,0,0,0,0,2,0,134,1,15,1,11,0,9,0,0,0,0,0,0,0,0,0,0,0,0,0,0,0,0,0,0,0,0,0,0,0,0,0,0,0,0,0,0,0,1,0,2,0,1,0,1,0,0,0,0,1,0,1,0,0,0,0,0,0,0,0,0,0,0,0,7,2,3,7,16,2,4,0,0,0,0,0,1,0,0,0,0,0,0,0
0,0,6,201,3,161,0,15,0,37,2,1593,0,4,0,2,1,12,8,94,6,118,1,68,0,190,0,384,0,0,0,127,1,652,0,0,0,1,0,0,0,13,0,3,0,9,0,0,0,1,0,3,0,0,0,0,0,0,0,1,0,1,0,1,0,0,0,0,0,0,0,2,0,0,3,6,3,106,0,4,0,0,0,0,1,5,1,17,0,4,1,5,0,6,0,0,0,0,0,0,0,0,0,0,0,0,0,0,0,0,0,0,0,0,0,0,0,0,0,0,0,0,0,0,0,0,0,0,0,0,0,0,0,0,0,0,0,1,0,0,0,0,0,0,0,0,0,0,0,0,0,14,4,0,3,7,0,3,0,1,0,0,0,0,0,1,0,1,0,0
1,0,111,2,143,3,1,0,51,1,620,0,1,0,0,1,1,0,23,4,13,1,12,0,10,0,6,0,205,0,0,0,50,1,0,0,0,0,0,0,1,1,0,0,2,0,0,0,0,0,0,0,0,0,0,0,3,0,1,0,0,0,0,0,0,0,0,0,0,0,0,0,0,0,1,3,39,3,1,0,0,0,0,0,1,0,23,1,9,0,1,0,8,0,0,0,0,0,0,0,0,0,0,0,0,0,0,0,0,0,0,0,0,0,0,0,0,0,0,0,0,0,0,0,0,0,1,0,0,0,0,0,0,0,1,0,0,0,0,0,0,0,0,0,0,0,0,0,0,0,2,0,2,1,7,2,0,0,0,0,0,0,0,0,1,0,0,0,1,0
0,0,2,65,0,127,0,1,0,18,1,633,0,2,0,1,0,0,8,23,3,18,0,4,0,4,0,37,0,127,0,0,1,55,0,0,0,0,0,0,0,4,0,0,1,1,0,0,0,0,0,0,0,0,0,0,0,1,0,0,0,0,0,0,0,0,0,0,0,0,0,1,0,0,0,3,2,23,0,0,0,0,0,0,0,0,0,3,0,2,1,0,0,2,0,0,0,0,0,0,0,0,0,0,0,0,0,0,0,0,0,0,0,0,0,0,0,0,0,0,0,0,0,0,0,0,0,0,0,0,0,0,0,0,0,1,0,0,0,0,0,0,0,0,0,0,0,0,0,0,0,3,2,2,1,2,0,0,0,0,0,1,0,0,0,0,0,0,1,0
271,38,432,53,241,51,483,10,1199,44,932,4,969,7,293,43,160,0,503,83,122,8,245,2,234,0,16,1,454,1,50,1,0,14,0,0,363,61,97,12,134,12,23,3,41,1,27,4,13,1,37,7,31,1,57,1,32,4,35,1,413,13,74,7,39,0,228,3,5,5,232,27,364,10,62,78,1350,50,73,2,0,0,151,1,852,22,554,2,230,11,27,0,50,9,3,0,1,0,35,1,14,0,1,0,5,2,4,4,11,0,3,0,9,18,1,0,0,0,0,2,0,0,0,1,85,1,154,8,134,13,108,4,0,0,111,6,118,0,0,0,3,1,18,2,47,9,12,5,69,7,16,0,28,43,246,54,18,1,5,2,15,2,87,6,67,6,7,3,50,2
7,92,7,358,11,299,2,921,9,779,6,1024,3,1177,4,82,2,115,21,194,7,133,3,143,0,227,1,162,1,652,1,55,14,0,0,0,3,55,1,7,2,201,0,12,0,76,2,5,1,10,1,85,0,6,0,12,0,7,1,13,0,48,2,22,0,3,2,69,0,19,4,27,2,4,7,49,18,1817,0,12,0,0,0,217,6,635,1,208,3,63,0,6,1,29,0,3,0,0,0,7,1,0,0,1,0,0,0,2,0,0,0,0,7,5,0,0,0,0,0,3,0,0,0,1,1,2,2,4,2,14,5,7,0,0,0,2,0,3,0,0,0,2,0,19,1,51,2,3,2,2,3,12,5,1,20,76,1,11,0,1,1,4,3,10,0,4,0,1,6,0
0,0,0,0,0,0,0,0,0,0,0,0,0,0,0,0,0,0,0,0,0,0,0,0,0,0,0,0,0,0,0,0,0,0,0,0,0,0,0,0,0,0,0,0,0,0,0,0,0,0,0,0,0,0,0,0,0,0,0,0,0,0,0,0,0,0,0,0,0,0,0,0,0,0,0,0,0,0,0,0,0,0,0,0,0,0,0,0,0,0,0,0,0,0,0,0,0,0,0,0,0,0,0,0,0,0,0,0,0,0,0,0,0,0,0,0,0,0,0,0,0,0,0,0,0,0,0,0,0,0,0,0,0,0,0,0,0,0,0,0,0,0,0,0,0,0,0,0,0,0,0,0,0,0,0,0,0,0,0,0,0,0,0,0,0,0,0,0,0,0
0,0,0,0,0,0,0,0,0,0,0,0,0,0,0,0,0,0,0,0,0,0,0,0,0,0,0,0,0,0,0,0,0,0,0,0,0,0,0,0,0,0,0,0,0,0,0,0,0,0,0,0,0,0,0,0,0,0,0,0,0,0,0,0,0,0,0,0,0,0,0,0,0,0,0,0,0,0,0,0,0,0,0,0,0,0,0,0,0,0,0,0,0,0,0,0,0,0,0,0,0,0,0,0,0,0,0,0,0,0,0,0,0,0,0,0,0,0,0,0,0,0,0,0,0,0,0,0,0,0,0,0,0,0,0,0,0,0,0,0,0,0,0,0,0,0,0,0,0,0,0,0,0,0,0,0,0,0,0,0,0,0,0,0,0,0,0,0,0,0
474,87,299,18,193,10,231,5,249,5,16,1,103,4,1922,83,0,0,729,6,10,1,2,0,3,0,0,0,1,0,0,0,363,3,0,0,0,212,952,1,111,9,47,1,2,0,97,0,93,0,51,2,18,0,16,2,3,1,6,0,497,29,185,1,97,0,222,1,19,2,2346,8,1508,20,119,32,416,14,16,3,0,0,16,1,123,5,17,0,92,7,2,1,8,1,0,2,5,4,99,4,40,0,2,0,6,0,12,14,11,1,2,1,16,34,0,1,0,0,0,5,0,0,0,0,32,0,138,6,291,31,64,2,0,0,7,0,13,0,0,1,11,2,69,3,49,17,26,5,108,7,1,0,65,2,671,5,0,0,4,0,40,2,175,2,82,5,18,2,122,8
118,719,11,279,21,160,14,155,19,109,2,3,10,193,46,3076,0,34,14,603,9,8,0,4,3,0,0,0,1,1,0,0,61,55,0,0,212,0,18,656,30,77,4,34,0,6,10,93,28,99,0,303,0,17,2,39,0,6,0,13,83,498,5,156,6,16,9,116,0,57,63,2375,175,693,34,198,77,312,1,25,0,0,0,16,6,180,2,3,19,69,1,0,0,33,0,6,7,0,22,25,9,2,3,1,2,1,11,6,7,5,4,0,24,72,34,2,0,0,0,9,0,0,0,9,5,9,19,116,59,368,8,55,0,0,0,16,0,12,0,3,2,34,6,57,10,238,8,52,20,138,1,47,3,96,96,926,0,12,5,12,11,36,21,100,22,44,6,15,96,15
44,2,35,0,17,0,26,2,20,0,1,0,9,1,83,1,0,0,51,2,1,0,1,0,0,0,0,0,1,0,0,0,97,1,0,0,952,18,0,115,90,21,35,3,1,1,517,129,394,36,99,81,160,8,188,9,74,22,27,14,51,2,50,0,37,0,119,2,92,3,1437,70,23,0,10,2,57,2,5,0,0,0,31,0,311,19,3,2,374,10,1,0,31,16,3,13,2,0,34,1,22,0,3,2,0,0,3,3,10,1,1,0,3,12,2,0,0,0,0,1,0,0,0,0,3,0,13,0,27,2,4,0,0,0,2,0,2,0,0,0,1,0,27,1,50,11,7,0,42,0,0,0,10,0,112,0,0,1,1,0,3,1,14,0,11,1,7,1,20,1
0,14,3,30,1,8,1,21,1,13,0,3,0,13,2,29,0,6,1,24,1,0,1,0,0,0,0,0,0,0,0,0,12,7,0,0,1,656,115,0,45,97,2,21,0,1,138,485,132,304,24,357,30,106,46,118,16,87,11,43,3,13,2,61,2,14,2,73,3,157,113,1536,1,3,1,12,7,35,0,2,0,0,3,4,24,214,1,3,50,214,0,2,14,130,1,25,2,0,4,5,5,1,0,7,2,0,2,2,2,0,0,0,1,9,17,1,0,0,0,1,0,0,0,0,0,1,0,3,1,8,1,3,0,0,3,1,0,1,0,0,0,3,0,23,9,90,1,2,6,8,0,4,2,6,1,51,0,1,1,1,0,5,1,12,1,2,3,5,9,3
72,15,35,4,19,7,10,2,18,2,6,0,13,1,62,15,26,0,18,2,8,1,7,0,0,0,0,0,5,0,1,0,134,2,0,0,111,30,90,45,0,22,467,8,569,1,131,138,27,21,244,117,20,10,124,7,127,14,390,7,51,6,22,0,6,1,19,2,0,5,126,77,153,3,41,9,177,6,68,1,0,0,6,1,129,11,258,0,534,19,697,0,874,14,26,5,7,4,60,2,53,0,11,0,7,2,20,20,18,6,8,4,4,24,0,0,0,1,1,3,0,0,0,0,4,0,6,1,31,4,21,1,0,0,0,0,2,0,4,1,5,1,101,4,469,22,15,2,60,1,1,0,1,3,21,3,24,0,10,0,30,1,376,0,77,0,19,2,45,5
11,170,2,71,6,48,2,14,2,13,2,16,0,41,5,117,3,10,6,28,1,15,2,17,0,12,0,4,0,13,1,4,12,201,0,0,9,77,21,97,22,0,7,912,9,830,59,88,12,85,24,831,4,40,7,99,6,112,1,450,8,161,2,17,3,9,1,22,1,10,16,198,2,38,3,71,8,223,0,21,0,0,1,17,15,216,1,498,28,437,0,305,4,473,8,161,9,6,7,15,13,8,3,76,13,2,19,6,5,2,0,3,5,19,1,2,0,0,0,10,0,0,0,0,0,9,1,20,4,70,3,13,0,0,0,4,0,2,0,11,0,16,4,105,8,525,1,3,2,28,1,0,2,4,6,11,1,22,3,16,4,56,5,464,2,30,3,21,32,10
12,3,3,0,5,1,3,0,1,0,3,0,1,0,22,2,49,0,13,0,8,0,4,0,4,0,0,0,6,0,0,0,23,0,0,0,47,4,35,2,467,7,0,0,200,0,82,7,49,0,820,10,20,1,27,1,12,0,2483,0,6,0,3,1,2,1,5,0,2,2,227,4,14,0,8,1,31,4,2,1,0,0,1,0,6,2,63,0,79,3,52,0,123,0,10,9,20,5,44,7,45,1,4,3,11,0,48,15,19,4,26,2,2,11,0,0,1,0,0,3,0,0,0,0,1,0,0,0,4,3,0,0,0,0,0,0,0,0,0,0,2,0,3,0,22,2,1,0,2,0,1,0,0,0,7,0,3,0,23,1,9,0,22,1,34,1,10,4,18,8
0,7,3,16,2,8,0,3,0,4,0,0,0,8,0,13,0,11,2,15,0,8,0,8,0,5,0,0,0,3,0,0,3,12,0,0,1,34,3,21,8,912,0,0,0,745,14,54,4,34,8,572,0,9,3,23,1,21,2,1808,2,21,0,9,0,1,0,4,0,2,24,90,0,5,2,17,0,50,0,1,0,0,0,2,0,15,0,123,5,43,0,457,1,90,0,33,3,2,2,37,3,33,2,57,1,1,8,8,1,7,0,1,3,7,2,0,1,0,1,9,0,0,0,0,0,2,0,0,1,9,0,4,0,0,0,1,0,2,0,1,0,25,0,7,0,39,0,0,0,1,0,0,0,1,2,7,0,15,0,2,2,5,1,36,0,11,2,13,7,3
0,0,4,0,7,0,0,0,0,0,7,0,0,0,1,0,219,0,5,0,11,1,27,1,6,0,1,0,4,0,2,1,41,0,0,0,2,0,1,0,569,9,200,0,0,0,0,0,0,0,12,1,0,0,4,0,6,0,42,0,0,0,0,0,0,0,1,0,0,0,0,0,2,0,6,0,234,1,157,0,0,0,0,0,0,0,173,0,161,0,199,0,102,0,2,0,0,0,0,0,1,0,0,0,1,0,0,0,0,0,0,0,0,0,0,0,0,0,0,0,0,0,0,0,7,0,4,0,1,0,0,0,0,0,1,0,0,0,0,0,0,0,1,0,1,0,0,0,1,0,2,0,4,0,9,1,68,0,0,0,1,0,29,0,4,0,0,0,0,0
0,3,0,23,3,13,0,0,0,1,0,12,0,3,0,7,0,237,3,17,0,40,1,53,0,33,0,6,0,9,0,1,1,76,0,0,0,6,1,1,1,830,0,745,0,0,2,3,3,2,1,53,1,3,0,4,1,8,0,48,0,3,0,0,0,0,0,0,0,1,1,3,0,4,0,22,1,251,0,78,0,0,0,0,0,6,0,748,1,50,0,104,1,68,0,22,1,0,0,3,1,1,0,5,1,0,0,0,0,1,0,0,1,3,0,0,0,0,0,1,0,0,0,0,0,9,0,0,0,1,0,3,0,0,0,2,0,1,0,0,0,1,0,3,2,6,0,1,0,0,0,2,1,0,1,5,0,267,1,0,0,3,0,5,0,5,0,2,3,1
6,2,17,2,5,0,8,0,3,0,0,2,2,1,18,0,0,0,8,0,4,0,0,0,0,1,0,0,0,0,0,0,27,2,0,0,97,10,517,138,131,59,82,14,0,2,0,1667,3751,1087,4695,1887,1904,143,1651,46,557,98,333,95,3,3,4,3,4,0,7,0,9,0,1917,144,2,1,0,0,6,11,1,0,0,0,2,1,29,16,10,2,243,37,3,3,107,62,47,350,0,0,7,0,3,10,142,185,1,0,1,0,2,0,1,0,0,1,2,52,0,0,0,1,0,0,0,0,0,1,4,0,3,3,4,0,0,0,0,0,0,0,0,2,0,0,11,0,49,8,5,0,6,0,0,0,0,0,15,0,0,0,0,0,0,1,8,0,5,0,6,1,4,1
5,6,1,4,0,6,0,3,2,0,0,0,0,2,4,11,0,0,1,2,1,1,0,0,0,0,0,0,0,0,0,0,4,5,0,0,0,93,129,485,138,88,7,54,0,3,1667,0,726,4213,81,4201,31,1898,57,1083,34,1005,11,249,1,3,0,5,0,0,1,1,3,8,208,1425,1,0,0,1,4,29,3,1,0,0,1,2,9,48,1,6,46,82,0,1,12,82,2,246,2,0,2,1,0,12,0,109,0,0,0,0,2,1,1,0,0,2,52,9,1,0,0,2,0,0,0,0,1,1,0,1,1,3,0,1,0,0,0,0,0,0,0,0,0,0,3,4,17,16,0,1,4,2,0,0,0,1,1,9,0,0,0,1,0,5,2,3,1,0,0,1,2,0
15,2,18,4,7,3,5,0,3,0,0,0,1,0,32,5,0,0,3,0,0,0,0,0,0,1,0,0,0,0,0,0,13,1,0,0,93,28,394,132,27,12,49,4,0,3,3751,726,0,564,457,402,2300,128,981,28,109,20,36,23,14,2,19,3,33,0,30,1,52,5,1212,240,2,0,0,0,10,5,0,0,0,0,3,0,47,14,4,1,110,22,0,0,30,20,12,24,1,0,2,1,0,2,5,34,0,0,0,0,1,0,0,0,0,2,0,6,0,0,0,1,0,0,0,0,0,0,2,0,1,2,0,0,0,0,0,0,0,0,0,0,0,0,3,0,1,0,0,0,3,0,0,0,0,0,2,0,0,0,0,0,0,0,2,2,3,0,2,0,0,0
0,22,1,49,1,6,1,8,0,5,1,0,0,5,0,55,0,0,0,0,0,0,0,0,0,0,0,0,0,1,0,0,1,10,0,0,0,99,36,304,21,85,0,34,0,2,1087,4213,564,0,35,933,11,3044,20,1174,15,379,2,86,0,6,0,51,0,6,1,9,1,92,70,1564,1,3,0,0,2,27,1,2,0,0,1,3,6,83,0,5,9,122,0,1,3,114,0,99,0,0,0,2,0,8,0,55,0,0,0,0,1,0,0,0,2,5,20,6,0,0,0,0,0,0,0,0,0,0,1,0,1,3,0,1,0,0,0,1,0,0,0,0,0,3,1,7,6,27,0,0,0,6,0,0,0,1,2,4,0,0,0,3,0,4,0,3,0,0,1,0,1,0
18,6,7,1,7,0,3,1,8,1,3,0,2,0,21,1,2,0,14,3,1,0,0,0,0,0,0,0,0,0,0,0,37,1,0,0,51,0,99,24,244,24,820,8,12,1,4695,81,457,35,0,295,214,8,743,3,1929,6,3106,60,8,2,1,0,0,0,6,0,7,1,868,27,15,1,14,5,27,2,5,0,0,0,1,0,43,5,17,1,512,6,8,1,312,9,214,39,2,0,149,1,189,6,605,73,2,0,3,3,7,0,0,0,1,200,0,9,0,0,0,0,0,0,0,0,3,0,1,0,21,2,19,1,0,0,0,0,0,0,0,0,1,1,21,1,109,7,2,1,12,1,0,0,0,0,16,1,0,0,1,0,1,3,8,2,20,1,1,0,48,3
1,56,2,42,2,21,2,24,1,11,0,5,0,28,4,73,0,3,2,44,1,2,0,1,0,1,0,0,0,3,0,0,7,85,0,0,2,303,81,357,117,831,10,572,1,53,1887,4201,402,933,295,0,22,374,40,524,23,2863,8,2748,3,61,4,45,1,6,2,21,2,17,134,1049,3,23,1,55,10,213,0,13,0,0,2,24,15,177,3,37,23,272,0,15,6,372,2,2019,0,0,11,110,1,734,0,1726,1,1,0,4,4,2,0,0,32,451,425,220,0,0,0,31,0,0,0,0,0,4,3,7,4,100,2,21,0,0,0,6,0,1,0,12,1,41,2,107,17,416,1,11,4,43,0,0,1,3,6,46,0,6,1,12,1,26,0,75,6,107,4,38,96,24
34,0,24,0,16,0,4,0,4,0,0,0,4,1,40,1,0,0,4,0,0,0,0,0,0,0,0,0,0,0,0,0,31,0,0,0,18,0,160,30,20,4,20,0,0,1,1904,31,2300,11,214,22,0,4,4807,3,297,7,57,8,23,1,291,0,133,0,55,0,132,1,582,7,14,0,1,0,6,1,0,0,0,0,8,0,66,2,4,0,203,4,0,0,48,10,2,6,0,0,3,0,1,0,3,1,0,0,0,0,0,0,0,0,0,2,0,0,0,0,0,0,0,0,0,0,0,0,0,0,1,0,1,0,0,0,0,0,0,0,0,0,0,0,2,1,4,1,0,0,1,0,0,0,0,0,1,0,0,0,0,0,2,0,1,0,2,0,1,0,0,0
1,43,0,53,0,18,0,4,0,2,0,0,0,4,1,24,0,0,0,0,0,0,0,0,0,0,0,0,0,0,0,0,1,6,0,0,0,17,8,106,10,40,1,9,0,3,143,1898,128,3044,8,374,4,0,8,3691,3,407,1,78,1,36,0,320,1,41,0,41,0,516,20,834,1,5,0,0,0,25,0,0,0,0,0,0,2,72,1,4,6,113,0,2,2,54,1,76,0,0,1,4,0,1,1,19,0,0,1,0,0,1,0,0,2,1,1,4,0,0,0,0,0,0,0,0,0,0,0,0,1,5,0,0,0,0,0,0,0,0,0,0,0,0,1,3,0,10,0,0,0,3,0,0,0,0,1,1,0,0,1,1,0,0,0,9,0,1,0,1,0,0
240,1,176,1,84,0,14,0,22,1,0,0,7,0,153,2,3,0,5,1,2,0,2,0,0,1,0,0,1,0,0,0,57,0,0,0,16,2,188,46,124,7,27,3,4,0,1651,57,981,20,743,40,4807,8,0,6,3915,17,520,6,90,2,1058,0,842,0,104,0,834,0,690,13,33,0,1,0,28,3,1,0,0,0,3,0,108,1,15,1,2778,10,0,0,418,17,73,10,2,0,8,0,5,0,14,6,1,0,0,0,3,1,0,0,1,6,0,0,0,0,0,1,0,0,0,0,1,0,3,0,5,2,0,0,0,0,0,0,0,0,0,0,1,0,6,0,29,3,4,1,6,0,0,0,1,0,3,2,0,0,1,0,0,0,3,0,2,0,2,0,6,1
0,187,0,210,0,89,0,12,1,15,0,0,0,11,0,71,0,0,0,2,0,1,0,0,0,0,0,0,0,0,0,0,1,12,0,0,2,39,9,118,7,99,1,23,0,4,46,1083,28,1174,3,524,3,3691,6,0,5,2672,0,354,0,59,0,196,0,19,1,43,1,856,15,705,0,6,0,3,3,42,0,1,0,0,1,5,3,126,0,4,12,2188,0,4,4,510,0,124,0,0,1,2,1,4,0,46,0,0,0,0,1,0,0,0,0,2,12,1,0,0,0,1,0,0,0,0,0,0,1,1,1,6,1,3,0,0,0,1,0,0,0,0,0,2,1,5,1,17,0,0,0,4,0,0,1,0,1,2,0,0,0,0,0,6,0,5,0,2,0,0,1,1
27,0,31,1,26,0,4,0,6,0,0,0,2,1,12,1,2,0,5,1,1,0,0,0,0,0,0,0,0,0,3,0,32,0,0,0,3,0,74,16,127,6,12,1,6,1,557,34,109,15,1929,23,297,3,3915,5,0,6,1864,7,9,0,7,0,6,0,2,0,13,0,68,8,2,0,0,0,17,4,1,0,0,0,0,0,30,2,22,1,545,2,7,0,1443,8,190,3,0,0,1,0,3,0,33,1,0,0,1,0,2,0,1,0,0,1,0,0,0,0,0,0,0,0,0,0,0,0,0,0,0,0,0,0,0,0,0,0,0,0,0,2,0,0,10,1,27,3,1,0,3,1,0,0,0,0,1,0,1,0,0,0,0,0,3,0,2,0,2,1,1,1
0,29,0,31,0,18,0,4,0,2,0,0,0,3,0,11,0,1,0,2,0,1,0,0,0,0,0,0,0,0,0,1,4,7,0,0,1,6,22,87,14,112,0,21,0,8,98,1005,20,379,6,2863,7,407,17,2672,6,0,0,1314,0,7,0,11,0,1,0,2,0,5,23,76,0,0,0,3,1,30,0,2,0,0,0,1,1,66,0,15,8,342,0,7,2,1516,0,572,0,0,0,2,0,3,0,134,0,0,0,0,0,0,0,0,0,0,4,2,0,0,0,0,0,0,0,0,0,0,0,1,0,3,0,1,0,0,0,0,0,0,0,2,0,0,0,1,2,15,0,0,0,5,0,0,0,0,0,3,0,0,0,0,0,3,0,1,0,0,0,1,2,0
4,0,8,1,8,1,0,0,3,0,3,0,1,0,1,0,12,0,11,3,8,0,4,0,4,0,0,0,3,0,1,0,35,1,0,0,6,0,27,11,390,1,2483,2,42,0,333,11,36,2,3106,8,57,1,520,0,1864,0,0,0,3,0,1,0,0,0,4,0,1,0,100,6,2,0,1,1,30,0,2,0,0,0,0,0,24,0,160,0,286,1,697,0,3593,0,1348,2,1,0,4,0,28,0,638,1,0,0,0,0,0,0,1,0,0,0,0,0,0,0,0,0,0,0,0,0,0,0,1,0,1,0,0,0,0,0,0,0,0,0,0,0,0,0,1,0,18,0,1,0,1,0,0,0,0,1,6,2,3,0,1,0,1,0,11,1,3,0,1,0,0,0
0,8,0,17,3,13,0,0,0,8,1,10,0,0,0,6,0,0,2,5,0,2,1,3,0,0,0,1,0,1,0,0,1,13,0,0,0,13,14,43,7,450,0,1808,0,48,95,249,23,86,60,2748,8,78,6,354,7,1314,0,0,0,4,0,6,0,0,0,0,0,6,18,99,0,0,1,7,3,56,0,1,0,0,0,0,3,25,0,135,8,298,0,529,5,2483,0,1594,0,0,0,0,0,916,0,4037,0,0,0,0,0,0,0,0,0,1,0,33,0,0,0,0,0,0,0,0,0,1,0,0,0,2,0,0,0,0,0,0,0,0,0,2,0,0,1,14,3,28,0,1,0,2,0,0,1,0,0,4,0,6,0,2,0,3,1,4,0,2,0,0,1,0
5623,41,280,11,106,6,146,2,47,1,3,0,676,7,415,38,0,0,5,3,0,0,0,0,0,0,0,0,0,0,0,0,413,0,0,0,497,83,51,3,51,8,6,2,0,0,3,1,14,0,8,3,23,1,90,0,9,0,3,0,0,31,538,0,1553,1,1675,3,132,3,381,6,850,6,9,14,228,10,4,2,0,0,42,1,519,5,7,0,538,3,0,0,31,0,0,2,1,0,25,0,9,0,1,0,3,0,5,3,5,1,0,0,3,6,0,0,0,0,0,2,0,0,0,0,2,0,9,7,31,31,5,1,0,0,0,2,0,0,0,0,5,1,4,1,8,13,4,1,9,6,0,0,0,0,9,2,0,0,7,0,17,3,50,8,26,2,7,0,33,3
14,4131,2,206,2,98,6,88,2,21,0,1,3,1221,17,370,0,0,3,13,0,1,0,0,0,0,0,0,0,1,0,0,13,48,0,0,29,498,2,13,6,161,0,21,0,3,3,3,2,6,2,61,1,36,2,59,0,7,0,4,31,0,0,1430,2,945,2,1933,0,536,4,636,16,1299,5,97,16,358,0,27,0,0,0,10,4,169,0,3,4,276,0,0,0,60,4,2,13,2,5,22,10,0,5,0,8,2,17,7,7,2,1,0,34,67,1,0,0,1,1,23,0,0,0,0,3,5,7,17,10,282,2,19,0,0,0,5,0,0,0,0,0,40,2,43,4,81,0,16,4,58,0,0,0,0,10,12,0,1,0,12,1,29,8,162,3,36,5,23,79,23
238,1,66,0,28,1,9,0,7,0,0,0,6,0,96,0,0,0,3,1,0,0,0,0,0,0,0,0,0,0,0,0,74,2,0,0,185,5,50,2,22,2,3,0,0,0,4,0,19,0,1,4,291,0,1058,0,7,0,1,0,538,0,0,0,2104,0,216,2,879,0,1718,3,284,0,0,1,46,1,1,0,0,0,8,0,41,6,0,0,48,2,0,0,6,0,0,1,0,0,23,1,0,0,0,0,1,0,1,0,1,0,0,0,1,7,0,0,0,0,0,2,0,0,0,0,2,0,1,0,11,0,6,0,0,0,0,0,0,0,0,0,1,0,7,1,5,7,2,0,8,0,0,0,0,0,3,0,0,0,0,0,5,1,18,1,9,0,5,1,8,2
3,335,0,175,0,29,1,23,0,4,1,0,1,57,4,158,0,0,1,7,0,0,0,0,0,0,0,0,0,1,0,0,7,22,0,0,1,156,0,61,0,17,1,9,0,0,3,5,3,51,0,45,0,320,0,196,0,11,0,6,0,1430,0,0,3,409,3,328,0,972,5,913,2,250,0,4,2,40,0,3,0,0,1,2,10,87,0,0,5,73,0,0,0,28,0,3,0,1,2,9,3,0,0,2,0,1,3,0,1,3,0,0,8,13,1,0,0,0,0,6,0,0,0,0,0,0,1,1,1,34,1,0,0,0,0,1,0,0,0,2,0,12,0,23,1,49,0,2,0,16,0,0,0,0,1,2,0,0,0,1,0,6,3,25,2,3,0,9,21,5
448,0,106,3,45,0,11,1,4,1,0,0,7,0,79,3,0,0,2,0,0,0,0,0,0,0,0,0,0,0,0,0,39,0,0,0,97,6,37,2,6,3,2,0,0,0,4,0,33,0,0,1,133,1,842,0,6,0,0,0,1553,2,2104,3,0,0,2135,0,2605,0,424,4,85,0,0,0,32,1,1,0,0,0,3,0,11,5,0,0,113,0,0,0,7,0,0,0,0,0,7,0,2,0,0,0,0,0,0,0,3,0,0,0,0,3,0,0,0,0,0,0,0,0,0,0,1,0,0,0,7,3,0,1,0,0,0,0,0,0,0,0,0,0,2,1,1,6,0,0,3,0,0,0,0,0,4,1,0,0,0,0,2,0,7,2,1,0,1,0,3,1
2,253,0,37,0,50,0,23,0,8,0,0,1,41,0,23,0,0,0,0,0,0,0,0,0,0,0,0,0,0,0,0,0,3,0,0,0,16,0,14,1,9,1,1,0,0,0,0,0,6,0,6,0,41,0,19,0,1,0,0,1,945,0,409,0,0,0,1601,0,1635,2,38,1,8,2,1,0,21,0,0,0,0,0,1,2,8,0,0,0,41,0,0,0,3,0,0,0,0,1,0,1,0,0,0,0,0,0,0,1,0,0,0,2,1,1,0,0,0,1,0,0,0,0,0,0,0,0,0,1,5,0,0,0,0,0,1,0,0,0,0,0,2,0,4,1,7,0,0,1,2,0,0,0,0,1,1,0,0,0,0,0,2,0,10,1,1,0,0,2,1
354,2,61,1,45,1,68,1,28,0,1,0,337,0,106,1,0,0,8,0,0,0,0,0,0,0,0,0,0,0,0,0,228,2,0,0,222,9,119,2,19,1,5,0,1,0,7,1,30,1,6,2,55,0,104,1,2,0,4,0,1675,2,216,3,2135,0,0,4,828,2,505,5,97,0,1,1,59,3,2,0,0,0,46,0,871,6,1,0,240,9,0,0,4,0,3,0,2,1,13,1,3,0,0,0,1,0,4,0,4,1,0,0,2,2,0,0,0,0,0,0,0,0,0,0,1,0,3,0,17,7,5,0,0,0,1,0,0,0,0,0,2,1,3,6,1,12,2,0,8,1,0,0,0,0,8,0,0,0,0,0,3,2,16,1,5,0,6,0,8,1
5,265,3,115,3,76,2,176,1,109,1,4,3,853,2,127,0,0,1,14,0,2,0,0,0,0,0,0,0,0,0,0,3,69,0,0,1,116,2,73,2,22,0,4,0,0,0,1,1,9,0,21,0,41,0,43,0,2,0,0,3,1933,2,328,0,1601,4,0,0,1062,7,136,2,46,1,22,4,100,1,8,0,0,0,8,10,953,0,1,5,215,0,0,0,23,1,0,0,0,4,2,1,1,0,1,0,0,2,2,0,0,1,0,6,8,0,0,0,0,0,4,0,0,0,0,0,0,5,2,3,38,1,5,0,0,0,0,1,1,0,0,0,6,0,4,2,11,0,3,2,4,0,0,1,0,10,14,0,0,0,1,0,6,0,33,3,7,0,6,16,3
237,2,82,0,46,0,12,0,9,1,0,0,6,0,54,1,0,0,1,0,0,0,0,0,0,0,0,0,0,0,0,0,5,0,0,0,19,0,92,3,0,1,2,0,0,0,9,3,52,1,7,2,132,0,834,1,13,0,1,0,132,0,879,0,2605,0,828,0,0,0,308,3,11,0,0,0,4,7,0,0,0,0,0,0,45,3,0,0,1287,1,0,0,22,2,0,0,1,0,0,0,0,0,0,0,0,0,0,0,3,0,0,0,0,0,0,0,0,0,0,1,0,0,0,0,0,0,1,0,0,0,0,0,0,0,0,0,0,0,0,0,0,0,0,0,0,0,0,0,1,1,0,0,0,0,3,0,0,0,0,0,0,0,0,0,0,0,0,0,0,0
3,406,2,191,0,170,1,71,0,38,0,1,2,68,1,80,0,0,0,6,0,0,0,0,0,0,0,0,0,0,0,0,5,19,0,0,2,57,3,157,5,10,2,2,0,1,0,8,5,92,1,17,1,516,0,856,0,5,0,6,3,536,0,972,0,1635,2,1062,0,0,4,228,0,6,0,7,4,24,1,1,0,0,2,0,15,246,0,1,5,1229,0,0,0,22,0,0,1,0,3,0,1,0,0,0,0,0,1,2,0,0,0,0,0,5,1,0,0,0,0,0,0,0,0,0,0,0,1,2,0,7,0,1,0,0,0,2,0,0,1,0,0,3,0,1,1,4,0,0,4,0,0,0,0,0,4,11,0,0,1,4,1,0,0,8,1,0,1,1,1,2
343,4,203,12,65,3,44,3,44,2,3,0,35,0,676,28,0,0,53,1,2,1,2,1,1,0,0,0,0,0,0,0,232,4,0,0,2346,63,1437,113,126,16,227,24,0,1,1917,208,1212,70,868,134,582,20,690,15,68,23,100,18,381,4,1718,5,424,2,505,7,308,4,0,460,1726,2,19,3,186,9,6,1,0,0,29,0,242,15,2,1,272,17,0,0,41,26,3,11,4,0,47,2,15,0,5,7,3,0,7,0,13,1,1,0,8,21,2,0,0,0,0,6,0,0,0,0,9,0,16,0,59,5,8,1,0,0,1,0,0,0,0,1,16,3,32,1,26,15,6,0,47,1,0,0,2,0,66,1,0,0,0,0,14,2,56,6,22,0,15,3,43,7
1,317,2,320,2,24,3,34,1,31,0,3,2,64,5,749,1,0,3,57,1,2,0,0,0,0,0,0,0,2,0,1,27,27,0,0,8,2375,70,1536,77,198,4,90,0,3,144,1425,240,1564,27,1049,7,834,13,705,8,76,6,99,6,636,3,913,4,38,5,136,3,228,460,0,5,1129,5,47,13,98,2,5,0,0,6,6,35,170,0,2,35,189,0,1,4,127,1,27,2,1,2,9,4,4,1,12,2,1,5,1,6,3,1,0,25,27,97,2,0,0,0,11,0,0,0,0,1,1,4,7,7,88,1,13,0,0,0,1,0,0,0,2,1,23,5,65,16,119,1,5,5,48,0,1,0,4,9,81,0,2,0,3,1,20,5,57,5,8,3,10,39,8
1316,39,131,4,29,2,51,0,32,1,9,0,53,6,573,52,0,0,21,2,0,0,0,0,0,0,0,0,0,0,0,0,364,2,0,0,1508,175,23,1,153,2,14,0,2,0,2,1,2,1,15,3,14,1,33,0,2,0,2,0,850,16,284,2,85,1,97,2,11,0,1726,5,0,9,101,24,394,7,9,1,0,0,9,0,28,4,2,0,38,3,0,0,1,0,1,1,4,4,66,4,24,0,1,1,9,3,9,11,7,4,2,0,3,24,0,1,1,0,0,5,0,0,0,0,10,0,54,3,173,29,22,3,0,0,0,0,5,0,0,0,15,1,32,2,44,7,14,10,42,13,0,0,0,0,5,4,0,0,8,1,35,2,192,6,67,5,13,5,81,8
4,396,0,40,0,8,0,4,0,0,0,0,1,15,5,951,0,0,1,6,0,0,0,0,0,0,0,0,0,0,0,0,10,4,0,0,20,693,0,3,3,38,0,5,0,4,1,0,0,3,1,23,0,5,0,6,0,0,0,0,6,1299,0,250,0,8,0,46,0,6,2,1129,9,0,6,97,9,50,0,6,0,0,0,0,0,12,0,0,0,5,0,0,0,4,1,0,9,2,2,9,2,0,0,0,2,0,8,3,4,0,1,0,19,30,0,0,1,0,0,5,0,0,0,0,0,3,0,2,2,230,1,13,0,0,0,2,0,0,0,0,0,31,2,23,1,71,0,16,1,95,0,1,0,0,4,7,0,0,1,6,0,14,3,86,0,29,1,7,32,13
32,9,26,16,12,8,2,6,3,5,13,8,8,2,35,18,21,11,46,51,50,105,14,8,4,1,0,0,13,3,1,0,62,7,0,0,119,34,10,1,41,3,8,2,6,0,0,0,0,0,14,1,1,0,1,0,0,0,1,1,9,5,0,0,0,2,1,1,0,0,19,5,101,6,0,183,440,22,6,1,0,0,0,0,0,3,4,7,10,1,8,1,12,2,0,2,2,1,47,0,14,0,0,0,1,0,5,7,11,1,3,0,7,15,0,0,1,0,0,2,0,0,0,0,13,0,110,5,335,12,29,0,0,0,4,1,6,1,0,0,7,1,38,6,58,4,48,1,78,1,4,22,11,16,40,36,58,53,2,0,15,1,71,2,36,1,5,1,65,6
39,159,53,176,110,162,30,43,108,126,19,37,7,49,23,175,4,14,82,206,48,58,14,3,1,0,0,1,6,6,3,3,78,49,0,0,32,198,2,12,9,71,1,17,0,22,0,1,0,0,5,55,0,0,0,3,0,3,1,7,14,97,1,4,0,1,1,22,0,7,3,47,24,97,183,0,70,1978,3,160,0,0,0,2,3,28,2,20,2,17,0,2,1,9,1,2,4,1,7,10,5,0,3,1,2,1,6,4,3,0,1,0,25,44,1,0,0,1,1,10,0,0,0,7,12,102,26,436,29,585,22,164,0,0,8,163,6,104,0,0,3,12,4,36,8,272,4,98,7,145,5,52,21,68,77,158,29,21,4,25,4,38,13,59,18,84,2,12,82,12
315,37,276,48,160,36,63,15,107,40,146,13,127,7,277,48,170,3,381,66,93,3,54,2,45,0,3,0,59,3,39,2,1350,18,0,0,416,77,57,7,177,8,31,0,234,1,6,4,10,2,27,10,6,0,28,3,17,1,30,3,228,16,46,2,32,0,59,4,4,4,186,13,394,9,440,70,0,46,745,2,0,0,10,0,108,18,57,2,116,5,32,2,86,11,2,1,6,4,87,7,34,0,2,1,6,0,10,13,11,4,3,1,11,29,0,1,0,0,2,3,0,0,0,0,109,1,271,8,156,21,122,8,0,0,80,1,106,0,0,0,13,1,26,2,49,11,30,3,41,6,14,6,34,55,191,52,99,0,16,1,51,1,267,7,156,3,18,4,73,18
24,296,56,626,58,471,9,253,35,268,23,291,5,577,22,300,1,118,69,410,11,216,6,76,0,14,0,10,2,106,3,23,50,1817,0,0,14,312,2,35,6,223,4,50,1,251,11,29,5,27,2,213,1,25,3,42,4,30,0,56,10,358,1,40,1,21,3,100,7,24,9,98,7,50,22,1978,46,0,1,1118,0,0,3,112,9,363,5,166,16,135,1,32,2,78,5,52,5,4,9,24,11,2,4,19,2,0,5,9,4,0,3,1,37,38,2,0,1,0,0,16,0,0,0,1,1,203,16,128,9,108,9,122,0,0,4,167,1,134,0,3,1,12,3,15,4,85,2,26,2,9,2,33,44,28,81,231,0,759,1,36,1,88,2,138,9,109,4,31,76,21
10,1,6,1,3,1,1,1,1,1,1,0,2,0,12,0,0,0,4,1,0,0,0,0,1,0,0,0,0,0,1,0,73,0,0,0,16,1,5,0,68,0,2,0,157,0,1,3,0,1,5,0,0,0,1,0,1,0,2,0,4,0,1,0,1,0,2,1,0,1,6,2,9,0,6,3,745,1,0,0,0,0,1,1,7,2,3,0,8,1,3,0,11,0,0,0,1,1,3,0,3,0,1,1,0,0,1,2,0,2,0,0,0,2,0,0,0,0,0,0,0,0,0,0,110,0,64,0,12,1,11,0,0,0,65,18,31,1,0,0,1,0,0,0,8,1,4,0,2,0,1,0,0,0,4,2,23,0,0,0,0,0,31,1,4,1,0,0,2,0
3,41,1,25,2,14,1,5,1,3,0,1,0,24,1,34,0,1,2,12,0,2,0,0,0,0,0,0,0,4,0,0,2,12,0,0,3,25,0,2,1,21,1,1,0,78,0,1,0,2,0,13,0,0,0,1,0,2,0,1,2,27,0,3,0,0,0,8,0,1,1,5,1,6,1,160,2,1118,0,0,0,0,0,0,0,12,0,3,1,4,0,2,0,2,0,2,1,0,0,2,0,0,0,3,0,0,1,0,1,0,0,0,6,13,0,0,0,0,0,6,0,4,0,0,1,54,0,29,1,26,0,13,0,0,1,58,0,47,0,0,0,2,0,2,1,13,0,3,1,5,0,0,0,1,3,10,0,349,0,10,0,27,1,28,0,23,0,2,19,6
0,0,0,0,0,0,0,0,0,0,0,0,0,0,0,0,0,0,0,0,0,0,0,0,0,0,0,0,0,0,0,0,0,0,0,0,0,0,0,0,0,0,0,0,0,0,0,0,0,0,0,0,0,0,0,0,0,0,0,0,0,0,0,0,0,0,0,0,0,0,0,0,0,0,0,0,0,0,0,0,0,0,0,0,0,0,0,0,0,0,0,0,0,0,0,0,0,0,0,0,0,0,0,0,0,0,0,0,0,0,0,0,0,0,0,0,0,0,0,0,0,0,0,0,0,0,0,0,0,0,0,0,0,0,0,0,0,0,0,0,0,0,0,0,0,0,0,0,0,0,0,0,0,0,0,0,0,0,0,0,0,0,0,0,0,0,0,0,0,0
0,0,0,0,0,0,0,0,0,0,0,0,0,0,0,0,0,0,0,0,0,0,0,0,0,0,0,0,0,0,0,0,0,0,0,0,0,0,0,0,0,0,0,0,0,0,0,0,0,0,0,0,0,0,0,0,0,0,0,0,0,0,0,0,0,0,0,0,0,0,0,0,0,0,0,0,0,0,0,0,0,0,0,0,0,0,0,0,0,0,0,0,0,0,0,0,0,0,0,0,0,0,0,0,0,0,0,0,0,0,0,0,0,0,0,0,0,0,0,0,0,0,0,0,0,0,0,0,0,0,0,0,0,0,0,0,0,0,0,0,0,0,0,0,0,0,0,0,0,0,0,0,0,0,0,0,0,0,0,0,0,0,0,0,0,0,0,0,0,0
18,1,1,0,2,0,39,2,16,1,0,0,234,0,8,0,0,0,1,0,1,0,0,0,0,0,0,0,0,0,0,0,151,0,0,0,16,0,31,3,6,1,1,0,0,0,2,1,3,1,1,2,8,0,3,1,0,0,0,0,42,0,8,1,3,0,46,0,0,2,29,6,9,0,0,0,10,3,1,0,0,0,0,0,399,4,10,0,38,2,0,0,1,2,0,1,0,0,0,0,1,0,0,0,0,0,0,0,0,0,0,0,0,1,0,0,0,0,0,0,0,0,0,0,0,0,0,0,0,0,1,0,0,0,0,0,0,0,0,0,0,0,3,0,4,4,0,0,4,0,0,0,0,0,1,0,0,0,0,0,0,1,0,1,2,0,0,0,1,0
0,5,0,3,0,6,0,25,1,18,0,3,0,524,0,5,0,0,0,4,0,0,0,0,0,0,0,1,0,0,0,0,1,217,0,0,1,16,0,4,1,17,0,2,0,0,1,2,0,3,0,24,0,0,0,5,0,1,0,0,1,10,0,2,0,1,0,8,0,0,0,6,0,0,0,2,0,112,1,0,0,0,0,0,1,455,0,1,2,15,0,0,0,0,0,0,0,0,0,0,0,0,0,0,0,0,0,0,0,1,0,0,0,1,0,0,0,0,0,0,0,0,0,0,0,0,1,0,2,3,0,0,0,0,0,0,0,0,0,0,0,1,0,4,0,13,0,0,0,0,0,1,0,0,1,2,0,0,0,0,0,1,0,6,1,0,0,1,0,0
276,5,30,4,56,3,421,5,203,3,13,1,1836,4,113,14,0,0,21,4,2,0,1,0,0,0,0,0,2,1,1,0,852,6,0,0,123,6,311,24,129,15,6,0,0,0,29,9,47,6,43,15,66,2,108,3,30,1,24,3,519,4,41,10,11,2,871,10,45,15,242,35,28,0,0,3,108,9,7,0,0,0,399,1,0,52,522,0,3922,30,2,0,28,9,4,0,3,0,15,3,5,0,0,0,0,0,1,0,1,2,0,0,2,9,0,1,0,0,0,1,0,0,0,0,1,0,1,1,3,2,1,0,0,0,0,0,0,0,0,1,1,1,15,4,23,25,2,0,7,0,0,0,0,1,16,2,0,0,1,0,3,1,9,2,10,0,2,0,8,1
10,85,1,119,1,106,3,328,5,159,0,12,2,1734,11,153,0,1,1,37,0,4,0,2,0,0,0,3,0,5,0,0,22,635,0,0,5,180,19,214,11,216,2,15,0,6,16,48,14,83,5,177,2,72,1,126,2,66,0,25,5,169,6,87,5,8,6,953,3,246,15,170,4,12,3,28,18,363,2,12,0,0,4,455,52,0,1,394,40,5059,0,35,1,98,0,23,1,1,1,9,8,0,3,3,1,0,4,3,0,2,1,0,8,15,1,0,0,0,0,2,0,0,0,0,0,1,5,3,6,24,1,6,0,0,0,1,0,0,0,1,0,14,6,25,13,50,3,3,3,13,0,3,1,0,18,33,0,1,2,10,3,22,3,38,4,12,6,9,10,1
5,0,55,2,30,2,230,2,82,2,129,1,402,0,13,1,182,0,61,4,17,1,32,0,18,0,2,0,134,1,23,0,554,1,0,0,17,2,3,1,258,1,63,0,173,0,10,1,4,0,17,3,4,1,15,0,22,0,160,0,7,0,0,0,0,0,1,0,0,0,2,0,2,0,4,2,57,5,3,0,0,0,10,0,522,1,0,0,897,2,307,0,284,0,4,0,0,0,3,0,0,0,0,0,0,0,1,0,1,0,0,0,0,0,0,0,0,0,0,0,0,0,0,0,2,0,0,0,2,1,1,0,0,0,0,1,0,0,0,0,0,0,0,0,5,0,0,0,1,0,2,0,2,2,27,5,10,0,2,0,0,0,3,0,1,0,0,0,0,0
0,1,7,48,2,30,0,42,0,11,0,26,0,53,0,4,0,81,10,70,4,72,2,76,0,42,0,3,1,17,1,3,2,208,0,0,0,3,2,3,0,498,0,123,0,748,2,6,1,5,1,37,0,4,1,4,1,15,0,135,0,3,0,0,0,0,0,1,0,1,1,2,0,0,7,20,2,166,0,3,0,0,0,1,0,394,0,0,1,810,0,1061,0,464,0,22,0,0,1,0,0,2,0,20,0,0,0,0,0,0,0,0,0,0,0,0,0,0,0,0,0,0,0,0,0,0,0,1,0,0,0,1,0,0,0,0,0,0,0,0,0,1,0,1,0,6,0,0,0,0,1,6,3,4,4,19,0,21,0,0,0,2,0,1,0,0,0,0,0,0
921,7,243,10,297,7,231,1,183,2,40,0,75,1,257,4,52,0,67,8,30,0,39,0,10,0,2,0,15,0,9,0,230,3,0,0,92,19,374,50,534,28,79,5,161,1,243,46,110,9,512,23,203,6,2778,12,545,8,286,8,538,4,48,5,113,0,240,5,1287,5,272,35,38,0,10,2,116,16,8,1,0,0,38,2,3922,40,897,1,0,38,283,0,2660,22,43,3,2,0,10,2,5,1,13,0,0,0,3,1,1,0,3,0,2,8,0,1,0,0,0,3,0,0,0,0,2,0,3,1,4,5,3,1,0,0,1,0,2,0,1,1,0,1,17,5,38,11,0,0,4,2,5,0,8,6,37,4,10,0,2,1,2,5,16,5,6,0,5,2,7,2
6,576,3,271,3,245,1,164,3,123,0,13,1,64,4,138,0,8,3,31,1,20,0,11,0,10,0,3,1,4,0,2,11,63,0,0,7,69,10,214,19,437,3,43,0,50,37,82,22,122,6,272,4,113,10,2188,2,342,1,298,3,276,2,73,0,41,9,215,1,1229,17,189,3,5,1,17,5,135,1,4,0,0,2,15,30,5059,2,810,38,0,0,612,4,4679,0,111,0,0,8,1,3,5,1,36,1,0,1,0,1,1,0,2,2,2,8,1,0,0,0,0,0,0,0,0,1,0,1,4,3,10,2,3,0,0,0,1,2,0,0,3,0,3,3,8,7,19,1,2,1,3,1,1,2,1,5,13,0,5,0,0,5,4,4,10,1,3,3,0,2,1
1,0,35,0,15,3,1,0,7,0,19,1,1,0,0,0,53,0,24,6,19,0,25,0,8,0,2,0,11,1,1,1,27,0,0,0,2,1,1,0,697,0,52,0,199,0,3,0,0,0,8,0,0,0,0,0,7,0,697,0,0,0,0,0,0,0,0,0,0,0,0,0,0,0,8,0,32,1,3,0,0,0,0,0,2,0,307,0,283,0,0,0,1344,0,3,0,0,0,0,0,0,0,1,0,0,0,0,0,0,0,0,0,1,0,0,0,0,0,0,0,0,0,0,0,0,0,0,0,0,1,0,0,0,0,0,0,0,0,0,0,0,0,0,0,1,0,0,0,0,0,2,0,3,6,14,0,12,0,0,0,0,0,5,1,1,0,0,0,0,0
0,2,0,14,0,10,0,0,0,0,0,7,0,0,0,0,0,7,1,16,2,7,0,12,0,6,0,2,0,5,0,0,0,6,0,0,1,0,0,2,0,305,0,457,0,104,3,1,0,1,1,15,0,2,0,4,0,7,0,529,0,0,0,0,0,0,0,0,0,0,0,1,0,0,1,2,2,32,0,2,0,0,0,0,0,35,0,1061,0,612,0,0,1,1774,0,18,0,0,0,0,0,9,0,24,0,0,0,0,0,0,0,0,0,0,0,0,0,0,0,0,0,0,0,0,0,0,0,1,0,0,0,0,0,0,0,0,0,0,0,0,0,0,0,0,0,3,0,1,0,0,0,1,1,0,0,6,0,7,0,0,0,0,0,1,0,0,0,0,0,0
106,0,80,5,65,5,9,0,30,3,23,1,8,1,45,1,51,0,52,6,21,0,15,0,2,0,2,0,9,0,8,0,50,1,0,0,8,0,31,14,874,4,123,1,102,1,107,12,30,3,312,6,48,2,418,4,1443,2,3593,5,31,0,6,0,7,0,4,0,22,0,41,4,1,0,12,1,86,2,11,0,0,0,1,0,28,1,284,0,2660,4,1344,1,0,7,205,1,0,0,3,0,0,0,53,0,0,0,1,0,1,1,0,0,0,1,0,0,0,0,0,0,0,0,0,0,3,0,2,1,1,0,1,0,0,0,0,1,0,0,0,0,0,0,1,1,15,2,0,0,0,0,3,0,8,6,19,8,8,0,0,0,1,0,8,0,4,0,1,0,1,0
2,188,1,122,1,118,1,16,0,21,2,19,0,10,1,59,0,0,4,33,2,11,1,7,0,0,0,1,0,6,0,2,9,29,0,0,1,33,16,130,14,473,0,90,0,68,62,82,20,114,9,372,10,54,17,510,8,1516,0,2483,0,60,0,28,0,3,0,23,2,22,26,127,0,4,2,9,11,78,0,2,0,0,2,0,9,98,0,464,22,4679,0,1774,7,0,0,1344,0,0,3,1,0,11,1,153,0,0,0,0,1,0,1,0,0,3,6,2,0,0,0,1,0,0,0,0,1,0,2,1,2,2,1,1,0,0,0,1,0,1,0,0,0,0,4,6,10,11,0,0,0,1,1,3,1,0,3,9,0,7,0,0,0,0,3,3,2,1,1,1,3,1
1,5,3,2,0,0,0,0,1,1,0,1,0,4,4,3,2,0,2,0,1,0,1,0,0,0,0,0,0,0,0,0,3,0,0,0,0,0,3,1,26,8,10,0,2,0,47,2,12,0,214,2,2,1,73,0,190,0,1348,0,0,4,0,0,0,0,3,1,0,0,3,1,1,1,0,1,2,5,0,0,0,0,0,0,4,0,4,0,43,0,3,0,205,0,0,27,3750,60,72,24,778,23,6851,34,209,19,248,135,70,58,22,10,14,8,69,191,295,60,2,12,0,0,0,0,0,0,0,0,0,2,0,0,0,0,0,0,0,0,0,1,0,0,0,0,6,0,0,0,1,0,0,0,0,0,0,0,0,0,14,0,5,24,0,8,5,1,12,47,4,7
0,7,1,7,1,2,0,2,0,4,0,3,0,2,3,4,0,0,1,3,0,0,0,0,0,0,0,0,0,0,0,0,0,3,0,0,2,6,13,25,5,161,9,33,0,22,350,246,24,99,39,2019,6,76,10,124,3,572,2,1594,2,2,1,3,0,0,0,0,0,0,11,27,1,0,2,2,1,52,0,2,0,0,1,0,0,23,0,22,3,111,0,18,1,1344,27,0,69,2568,24,344,66,317,24,6974,26,218,92,869,11,114,20,82,18,25,85,115,167,15,22,6,0,0,0,0,0,0,0,1,1,1,0,0,0,0,0,0,0,0,0,1,0,0,0,7,0,22,0,0,0,3,0,0,0,0,2,1,0,3,8,7,8,5,4,7,0,1,11,40,1,8
5,3,0,4,0,1,0,1,0,1,0,0,1,5,6,8,0,0,2,0,0,0,0,0,0,0,0,0,0,0,0,0,1,0,0,0,5,7,2,2,7,9,20,3,0,1,0,2,1,0,2,0,0,0,2,0,0,0,1,0,1,13,0,0,0,0,2,0,1,1,4,2,4,9,2,4,6,5,1,1,0,0,0,0,3,1,0,0,2,0,0,0,0,0,3750,69,0,81,158,66,946,26,1042,51,840,49,844,310,250,113,39,25,40,24,51,68,124,49,11,32,0,0,0,0,0,0,0,0,1,6,4,0,0,0,0,0,0,0,0,1,0,1,1,0,3,1,0,0,1,0,0,0,0,0,0,0,0,0,16,6,16,42,3,12,7,6,25,89,21,13
1,4,0,1,0,0,0,1,1,0,0,0,1,1,2,0,0,0,0,0,0,0,0,0,0,0,0,0,0,0,0,0,0,0,0,0,4,0,0,0,4,6,5,2,0,0,0,0,0,0,0,0,0,0,0,0,0,0,0,0,0,2,0,1,0,0,1,0,0,0,0,1,4,2,1,1,4,4,1,0,0,0,0,0,0,1,0,0,0,0,0,0,0,0,60,2568,81,0,25,226,85,202,44,676,36,612,154,1309,32,220,44,37,28,57,140,145,202,42,29,9,0,0,0,0,0,0,0,0,1,2,0,1,0,0,0,0,0,1,0,1,0,0,0,0,0,0,0,0,0,0,0,0,0,0,3,0,0,0,10,7,12,6,2,2,1,0,16,33,3,4
26,11,11,3,5,2,3,1,9,1,3,1,5,3,31,19,0,0,5,3,0,0,0,0,0,0,0,0,0,0,0,0,35,0,0,0,99,22,34,4,60,7,44,2,0,0,7,2,2,0,149,11,3,1,8,1,1,0,4,0,25,5,23,2,7,1,13,4,0,3,47,2,66,2,47,7,87,9,3,0,0,0,0,0,15,1,3,1,10,8,0,0,3,3,72,24,158,25,0,71,484,7,122,25,123,11,232,71,451,55,40,4,391,197,45,18,6,15,9,165,0,0,0,0,10,1,9,1,35,12,45,1,0,0,3,1,1,0,1,0,7,4,39,5,55,11,4,0,21,0,0,1,0,0,12,4,0,1,193,7,145,2,32,7,260,16,133,122,396,453
3,13,0,8,2,5,1,2,2,0,0,0,0,6,3,17,0,0,1,4,0,0,0,0,0,0,0,0,0,0,0,0,1,7,0,0,4,25,1,5,2,15,7,37,0,3,0,1,1,2,1,110,0,4,0,2,0,2,0,0,0,22,1,9,0,0,1,2,0,0,2,9,4,9,0,10,7,24,0,2,0,0,0,0,3,9,0,0,2,1,0,0,0,1,24,344,66,226,71,0,133,1259,33,628,30,43,53,384,25,204,14,28,91,396,621,91,46,19,8,97,0,0,0,0,0,1,0,2,0,15,0,2,0,0,0,0,0,0,0,0,0,32,0,8,0,15,0,0,0,4,0,0,0,0,2,2,0,0,33,88,16,67,7,52,12,63,14,375,135,134
3,17,1,4,1,1,3,0,3,1,1,0,2,5,15,8,0,0,4,2,0,0,0,0,0,0,0,0,0,0,0,0,14,1,0,0,40,9,22,5,53,13,45,3,1,1,3,0,0,0,189,1,1,0,5,1,3,0,28,0,9,10,0,3,2,1,3,1,0,1,15,4,24,2,14,5,34,11,3,0,0,0,1,0,5,8,0,0,5,3,0,0,0,0,778,66,946,85,484,133,0,97,3956,60,484,48,775,231,443,210,131,18,66,126,925,172,59,107,16,87,0,0,0,0,3,0,2,1,13,5,17,1,0,0,0,0,0,0,1,3,2,1,19,0,37,2,1,0,10,1,0,0,0,1,7,1,0,0,64,0,26,20,22,11,73,3,50,105,83,22
