0,196,918,48,1566,38,1413,21,739,3,0,0,593,14,1730,191,0,0,5,1,0,0,0,0,0,0,0,0,0,0,0,0,486,12,0,0,331,251,56,6,26,2,2,0,1,0,4,0,4,3,2,0,11,0,16,1,5,0,1,0,5457,12,230,0,374,8,757,3,189,1,272,17,1104,14,304,17,1089,55,348,30,0,0,35,1,745,11,11,0,503,8,1,0,2,0,3,1,1,1,11,3,2,0,0,0,1,0,2,9,9,5,6,0,0,2,0,0,0,0,0,1,3,0,1,0,37,2,530,39,229,23,75,5,4,0,69,6,9,2,0,0,2,0,12,0,105,17,31,3,32,0,0,0,0,0,118,83,0,0,8,2,1,4,30,1,1,2,0,0,1,0
196,0,44,2771,20,1964,34,728,19,96,0,0,4,633,264,1781,0,0,7,10,0,0,0,0,0,0,0,0,0,0,0,0,22,270,0,0,121,529,6,18,4,24,6,1,1,1,2,24,0,47,0,10,0,16,0,54,0,8,0,8,27,4784,12,79,7,45,3,836,8,205,23,395,84,621,24,168,68,975,29,438,0,0,2,19,8,855,1,14,7,1089,0,2,1,145,2,1,6,2,7,11,15,1,4,0,6,2,14,8,7,4,4,2,12,4,0,0,0,0,0,3,0,0,0,0,9,25,30,492,7,251,4,56,2,1,5,42,1,34,0,0,1,0,1,10,12,155,1,41,4,15,0,0,0,0,50,11,0,0,5,7,2,5,3,13,0,16,0,0,9,3
918,44,0,161,6086,108,241,48,1087,36,290,19,45,2,2272,127,3,1,2138,118,186,29,53,9,352,3,283,0,169,1,6,0,513,11,0,0,224,90,12,4,9,0,0,0,0,0,6,0,1,0,0,0,0,0,11,0,2,1,1,0,140,1,27,0,60,1,58,1,75,0,44,5,118,4,137,41,400,57,70,11,0,0,8,0,123,1,34,9,294,0,0,2,5,1,1,0,0,0,3,0,1,0,1,0,2,0,2,2,2,2,0,0,1,0,0,0,0,0,0,0,0,0,1,0,39,8,71,18,28,1,3,1,1,0,10,17,3,2,0,0,1,0,2,0,15,21,5,1,2,1,17,5,50,38,177,139,2,0,5,0,1,0,7,1,3,3,0,0,1,0
48,2771,161,0,142,6704,26,653,80,825,21,509,3,76,163,2491,8,35,399,1692,47,295,21,145,2,183,0,272,6,204,2,3,111,266,0,0,61,502,3,18,1,15,1,10,0,20,0,4,0,6,0,1,0,3,1,6,0,1,0,9,8,102,1,4,3,6,0,60,0,18,7,347,14,154,45,266,119,909,24,149,0,0,0,4,1,62,6,99,2,73,0,11,0,44,3,0,1,1,3,8,4,1,0,0,4,0,3,4,1,2,4,0,3,1,0,0,0,0,0,0,0,3,0,1,6,86,12,150,2,52,2,25,0,1,1,136,0,40,0,1,0,0,0,2,9,141,2,17,1,4,46,78,161,308,181,444,2,41,4,4,0,3,3,13,1,11,0,0,3,1
1566,20,6086,142,0,117,715,24,3165,53,595,23,133,0,439,77,2,0,593,91,47,15,17,4,99,0,119,0,162,0,31,0,510,4,0,0,51,64,6,1,3,4,2,0,1,0,3,0,0,0,0,0,1,0,7,0,1,0,0,0,136,1,7,2,22,1,79,1,18,0,14,3,27,1,250,42,444,59,83,9,0,0,8,0,147,0,36,7,87,0,0,0,2,1,1,0,0,0,3,1,1,0,0,0,0,0,1,0,1,1,2,0,0,1,0,0,1,0,0,0,0,0,0,0,55,4,73,7,14,2,7,0,0,0,14,13,3,1,1,0,0,0,4,0,12,7,0,0,3,0,4,4,53,27,172,231,1,2,3,0,0,0,9,0,2,1,0,0,0,1
38,1964,108,6704,117,0,20,1706,99,2510,6,619,1,121,133,428,0,11,233,317,8,38,5,18,1,150,0,346,2,118,0,15,96,350,0,0,47,269,0,16,0,10,1,2,0,8,1,1,0,6,0,2,0,0,0,0,0,0,0,5,4,134,0,7,0,5,1,150,3,11,3,74,6,125,22,257,72,553,21,72,0,0,1,19,4,266,4,50,1,78,0,4,0,14,0,0,0,0,3,3,1,0,0,0,0,0,3,2,1,1,0,1,2,1,0,0,0,1,0,0,0,1,0,0,7,71,10,63,5,19,4,14,0,1,7,70,2,22,0,0,0,0,0,2,2,59,1,4,0,2,6,8,62,86,130,406,0,24,1,2,0,2,0,2,0,1,0,0,1,0
1413,34,241,26,715,20,0,10,795,5,7,0,1001,2,463,62,0,0,14,3,1,0,1,0,0,0,0,0,0,0,0,0,1154,1,0,0,81,37,5,0,4,0,1,0,0,0,0,0,0,0,0,1,0,0,3,0,0,0,0,0,347,2,12,1,22,1,144,3,5,0,39,2,63,0,75,8,293,11,54,7,0,0,6,0,58,1,173,0,14,0,0,0,1,0,0,0,0,0,3,0,0,0,0,0,1,0,3,1,1,0,0,1,0,0,0,0,0,0,0,0,0,0,1,0,15,1,74,7,17,4,9,1,2,0,7,5,7,1,0,0,0,1,1,0,12,4,4,0,2,0,0,0,0,0,24,25,0,0,1,0,1,1,4,0,2,2,0,0,2,0
21,728,48,653,24,1706,10,0,34,1346,0,14,2,895,147,730,0,0,16,25,0,0,0,0,0,0,0,0,0,0,0,0,20,1026,0,0,33,145,0,4,0,4,1,0,0,0,0,0,0,1,0,0,0,1,0,1,0,1,0,2,6,138,4,6,2,1,1,301,0,2,6,28,6,50,14,216,28,365,7,48,0,0,1,17,0,242,0,3,1,15,0,1,0,1,2,1,0,0,3,1,0,0,1,0,0,0,1,1,1,0,3,1,1,1,0,0,0,0,0,0,0,0,0,0,7,31,6,115,0,23,3,11,0,2,3,40,0,25,0,0,0,0,0,2,3,103,0,10,0,4,0,0,1,0,50,57,0,0,0,4,0,4,1,1,0,11,0,0,2,1
739,19,1087,80,3165,99,795,34,0,44,1260,5,349,4,615,103,0,0,422,58,13,1,8,0,4,0,4,0,20,1,63,0,2091,9,0,0,94,54,4,1,6,3,0,0,0,1,0,1,0,0,0,0,0,0,1,0,1,0,0,1,102,0,14,0,4,1,51,1,5,0,17,0,38,0,452,55,480,50,87,9,0,0,18,0,41,1,28,1,19,0,0,0,3,0,2,0,0,0,1,2,1,0,0,0,0,0,2,2,0,1,2,0,0,0,0,0,0,0,0,0,1,0,0,0,54,5,49,13,10,1,8,2,1,0,16,9,4,7,0,0,1,0,0,0,10,16,3,0,0,0,1,1,6,11,188,249,0,0,7,1,0,0,3,0,1,0,0,0,0,0
3,96,36,825,53,2510,5,1346,44,0,0,691,0,334,37,251,1,4,96,224,2,0,2,2,0,3,0,2,0,61,0,0,34,1341,0,0,19,231,0,10,0,18,0,0,0,11,0,0,0,0,0,1,0,0,0,1,0,0,0,7,5,51,1,6,1,0,0,49,1,0,6,30,2,40,15,218,35,704,9,50,0,0,0,9,0,29,3,66,1,6,0,10,0,20,0,0,0,0,0,1,0,0,0,0,0,0,0,0,0,0,0,0,0,0,0,0,0,0,0,0,0,0,0,0,5,39,0,25,3,9,1,5,0,1,3,55,1,8,0,3,0,0,0,0,0,26,0,2,1,1,0,2,16,22,97,230,0,1,1,0,0,0,0,1,0,5,0,0,1,0
0,0,290,21,595,6,7,0,1260,0,0,1,3,0,2,1,1,0,113,6,98,5,44,1,86,0,93,0,533,0,335,0,629,0,0,0,2,1,0,0,2,0,0,0,1,0,0,0,0,0,0,0,0,0,0,0,0,0,0,0,0,0,0,0,0,0,0,0,0,0,0,0,0,0,6,2,133,2,6,0,0,0,0,0,0,0,40,2,2,0,1,0,0,0,0,0,0,0,0,0,0,0,0,0,0,0,0,0,0,0,0,0,0,0,0,0,0,0,0,0,0,0,0,0,0,0,0,0,0,0,0,0,0,0,0,0,0,0,0,0,0,0,0,0,0,0,0,0,0,0,3,0,9,4,3,5,0,0,0,0,0,0,0,0,0,0,0,0,0,0
0,0,19,509,23,619,0,14,5,691,1,0,0,4,0,5,1,26,53,48,3,30,0,22,0,164,0,211,0,700,0,1,14,428,0,0,1,7,0,0,0,11,0,6,1,25,0,1,0,0,0,1,0,0,0,1,0,0,0,5,0,2,0,0,0,0,0,0,0,0,1,1,0,0,5,168,4,379,0,18,0,0,0,0,0,0,2,180,0,7,0,19,0,26,0,0,0,0,0,0,0,0,0,0,0,0,0,0,0,0,0,0,0,0,0,0,0,0,0,0,0,1,0,0,1,3,0,1,0,1,0,2,0,0,0,7,0,0,0,1,0,0,0,0,0,2,0,0,0,0,2,2,30,40,10,79,0,30,0,0,0,0,0,0,0,0,0,0,0,0
593,4,45,3,133,1,1001,2,349,0,3,0,0,1,75,7,0,0,14,2,0,0,0,0,1,0,0,0,0,0,0,0,851,3,0,0,46,15,17,2,11,0,2,0,0,0,0,0,4,0,0,0,1,0,11,0,3,0,0,0,1136,1,40,4,20,1,213,0,10,1,43,1,28,0,12,2,140,6,15,6,0,0,191,2,344,2,197,0,29,0,0,0,1,0,0,0,0,0,0,0,0,1,0,0,0,0,0,1,0,0,0,0,0,0,0,0,0,0,0,1,0,0,0,0,2,1,9,1,9,4,1,0,0,0,3,0,1,0,0,0,0,0,1,0,1,0,1,0,3,0,0,0,0,0,4,6,0,0,0,0,0,0,2,0,0,0,0,0,0,0
14,633,2,76,0,121,2,895,4,334,0,4,1,0,35,158,0,0,2,2,0,0,0,0,0,0,0,0,0,0,0,0,3,929,0,0,21,64,1,2,0,11,1,0,0,0,0,1,0,1,0,0,0,1,0,1,0,0,0,0,4,522,1,6,0,0,0,431,0,3,4,28,9,27,4,40,5,435,2,99,0,0,1,150,0,336,0,1,0,2,0,0,0,4,0,0,0,2,1,1,4,0,1,0,2,0,0,1,1,2,0,0,1,0,0,1,0,0,0,0,0,0,0,0,0,4,3,98,2,26,2,10,0,0,1,8,0,8,0,1,0,0,0,3,1,54,1,11,0,3,0,0,0,0,6,3,0,0,1,1,1,1,0,4,1,5,0,0,0,0
1730,264,2272,163,439,133,463,147,615,37,2,0,75,35,0,542,0,0,701,24,0,0,1,0,1,0,0,0,1,0,0,0,359,28,0,0,1737,234,18,2,6,2,1,0,2,0,4,0,3,0,2,0,13,0,13,0,2,0,1,0,84,9,103,1,80,1,81,6,140,0,454,12,1277,8,189,52,783,148,209,41,0,0,12,0,55,11,10,0,199,0,0,1,4,1,3,1,1,3,7,0,3,0,0,0,1,1,5,11,6,1,0,1,1,0,1,0,0,0,0,0,0,0,1,0,81,15,255,61,50,28,31,6,4,1,40,15,9,12,1,0,1,0,6,1,76,47,18,2,11,4,0,0,2,0,141,157,0,0,11,2,3,1,22,1,4,7,0,0,1,0
191,1781,127,2491,77,428,62,730,103,251,1,5,7,158,542,0,0,0,50,397,0,0,0,0,0,0,0,0,0,0,0,0,52,150,0,0,278,3491,3,56,4,24,2,0,0,0,0,0,0,1,0,1,1,0,0,1,0,3,0,2,28,186,5,13,6,2,4,20,6,4,30,434,108,873,31,206,127,957,38,304,0,0,0,1,5,23,1,4,8,21,0,1,0,6,8,0,6,1,7,13,7,1,5,0,5,0,8,7,5,1,4,4,15,4,0,1,0,0,0,0,1,1,0,1,16,92,56,506,11,179,9,42,0,3,13,113,2,75,0,1,0,2,3,13,19,276,1,45,3,29,0,0,3,1,153,272,0,0,3,7,0,7,3,24,0,25,0,0,16,4
0,0,3,8,2,0,0,0,0,1,1,1,0,0,0,0,0,16,35,12,502,28,376,30,30,1,0,0,50,0,1,0,162,3,0,0,3,1,0,0,8,31,0,1,30,0,0,0,0,0,0,0,0,0,0,0,0,0,0,0,0,0,0,0,0,0,0,0,0,0,0,0,0,0,47,4,71,0,0,0,0,0,0,0,0,0,22,3,0,0,0,0,1,0,0,0,0,0,0,0,0,0,0,0,0,0,0,0,0,0,0,0,0,0,0,0,0,0,0,0,0,0,0,0,0,0,0,0,0,0,0,0,0,0,0,1,0,0,0,0,0,0,0,0,0,0,0,0,0,0,227,3,147,2,86,3,286,7,0,0,0,0,0,0,0,0,0,0,0,0
0,0,1,35,0,11,0,0,0,4,0,26,0,0,0,0,16,0,3,25,55,187,40,600,0,29,0,5,1,4,0,0,2,123,0,0,0,10,0,0,0,0,0,8,0,47,0,0,0,0,0,0,0,0,0,0,0,0,0,0,0,0,0,0,0,0,0,0,0,0,0,0,0,0,143,99,1,142,0,0,0,0,0,0,0,0,1,37,0,0,0,6,0,0,0,0,0,0,0,0,0,0,0,0,0,0,0,0,0,0,0,0,0,0,0,0,0,0,0,0,0,0,0,0,0,0,0,0,0,0,0,0,0,0,0,1,0,0,0,0,0,0,0,0,0,0,0,0,0,0,6,143,23,40,13,221,21,446,0,0,0,0,0,0,0,0,0,0,0,0
5,7,2138,399,593,233,14,16,422,96,113,53,14,2,701,50,35,3,0,267,397,99,178,34,32,1,4,1,89,5,7,0,479,17,0,0,339,92,20,2,3,1,1,1,0,1,0,0,0,0,0,0,0,0,0,0,0,0,0,3,5,0,5,0,3,0,1,1,2,0,9,1,2,1,132,85,243,99,54,13,0,0,1,0,3,0,26,12,1,0,1,1,1,2,0,0,1,0,0,1,1,0,0,0,0,0,0,0,0,0,0,0,0,0,0,0,0,0,0,1,0,0,0,0,16,12,10,2,0,1,3,1,1,0,4,25,2,1,0,0,0,0,4,0,3,11,1,0,0,0,124,16,731,85,886,256,11,5,1,1,0,0,1,0,3,1,0,0,1,0
1,10,118,1692,91,317,3,25,58,224,6,48,2,2,24,397,12,25,267,0,38,826,12,256,1,16,0,0,5,19,1,0,60,59,0,0,11,711,0,3,0,6,0,1,0,5,0,0,0,0,0,0,0,0,0,0,0,0,0,0,1,1,0,0,0,0,0,0,0,0,0,0,1,1,42,121,38,279,13,32,0,0,0,0,0,0,3,34,0,2,0,3,0,4,0,1,0,0,0,1,0,0,0,0,0,0,0,0,0,1,0,0,0,1,0,0,0,0,0,0,0,3,0,0,0,33,3,13,0,0,1,5,1,1,1,54,0,9,0,0,1,0,0,0,1,30,0,1,0,0,74,193,100,1250,140,666,1,8,1,0,0,0,0,1,0,5,0,0,0,0
0,0,186,47,47,8,1,0,13,2,98,3,0,0,0,0,502,55,397,38,0,53,1227,43,188,10,26,2,255,1,5,0,172,8,0,0,3,3,0,0,0,0,0,0,0,1,0,0,0,0,0,0,0,0,0,0,0,0,0,0,0,0,0,0,0,0,0,0,0,0,0,0,0,0,22,47,27,3,0,0,0,0,0,0,1,0,22,3,0,1,0,0,0,0,0,0,1,0,0,0,0,0,0,0,0,0,0,0,0,0,0,0,0,0,0,0,0,0,0,0,0,0,0,0,0,0,0,0,0,0,0,0,0,0,0,0,0,0,1,0,0,0,0,0,1,0,0,0,0,0,343,12,573,7,106,6,48,14,0,0,0,0,0,0,0,0,0,0,1,0
0,0,29,295,15,38,0,0,1,0,5,30,0,0,0,0,28,187,99,826,53,0,20,1349,2,98,0,15,5,59,0,0,19,68,0,0,2,21,0,0,1,1,0,2,0,3,0,0,0,0,0,0,0,0,0,0,0,0,0,0,0,0,0,0,0,0,0,0,0,0,0,0,0,0,75,27,10,3,0,0,0,0,0,0,0,0,2,22,0,1,0,1,0,0,0,0,0,0,0,0,0,0,0,0,0,0,0,0,0,0,0,0,0,0,0,0,0,0,0,0,0,0,0,0,0,0,0,0,0,0,0,0,0,0,0,0,0,0,0,0,0,0,0,0,0,1,0,0,0,0,138,582,51,358,12,173,1,17,0,0,0,0,0,0,0,0,0,0,0,0
0,0,53,21,17,5,1,0,8,2,44,0,0,0,1,0,376,40,178,12,1227,20,0,74,465,1,16,0,412,0,1,0,321,4,0,0,5,0,1,0,0,28,0,0,4,0,0,0,0,0,0,0,0,0,0,0,0,0,0,0,0,0,0,0,0,0,0,0,0,0,0,0,0,0,19,10,19,0,0,0,0,0,0,0,0,0,25,1,1,0,1,0,0,1,0,0,0,0,0,0,0,0,0,0,0,0,0,0,0,0,0,0,0,0,0,0,0,0,0,0,0,0,0,0,0,0,0,0,0,0,0,0,0,0,0,0,0,0,0,0,0,0,0,0,0,0,0,0,0,0,197,2,150,10,210,2,131,7,0,0,0,0,0,0,0,0,0,0,0,0
0,0,9,145,4,18,0,0,0,2,1,22,0,0,0,0,30,600,34,256,43,1349,74,0,0,648,0,32,3,34,0,0,1,112,0,0,0,21,0,0,0,0,0,0,0,1,0,0,0,0,0,0,0,0,0,0,0,0,0,0,0,0,0,0,0,0,0,0,0,0,0,0,0,0,32,20,2,7,0,0,0,0,0,0,0,0,1,17,0,0,0,1,0,1,0,0,0,0,0,0,0,0,0,0,0,0,0,0,0,0,0,0,0,0,0,0,0,0,0,0,0,0,0,0,0,0,0,0,0,0,0,0,0,0,0,1,0,0,0,0,0,0,0,0,0,0,0,0,0,0,39,112,23,91,11,101,2,158,0,0,0,0,0,0,0,0,0,0,0,0
0,0,352,2,99,1,0,0,4,0,86,0,1,0,1,0,30,0,32,1,188,2,465,0,0,0,255,0,364,0,4,0,175,0,0,0,1,0,0,0,0,0,0,0,0,0,0,0,0,0,0,0,0,0,0,0,0,0,0,1,0,0,0,0,0,0,0,0,0,0,0,0,0,0,3,0,13,0,0,0,0,0,0,0,0,0,3,0,1,0,0,0,0,0,0,0,0,0,0,0,0,0,0,0,0,0,0,0,0,0,0,0,0,0,0,0,0,0,0,0,0,0,0,0,0,0,0,0,0,0,0,0,0,0,0,0,0,0,0,0,0,0,0,0,0,0,0,0,0,0,10,0,1,1,6,0,11,1,0,0,0,0,0,0,0,0,0,0,0,0
0,0,3,183,0,150,0,0,0,3,0,164,0,0,0,0,1,29,1,16,10,98,1,648,0,0,0,579,0,118,0,0,0,107,0,0,0,1,0,0,0,0,0,1,0,0,0,0,0,0,0,0,0,0,0,0,0,0,0,0,0,0,0,0,0,0,0,0,0,0,0,0,0,0,4,5,0,1,0,0,0,0,0,0,0,0,1,10,0,1,0,0,0,0,0,0,0,0,0,0,0,0,0,0,0,0,0,0,0,0,0,0,0,0,0,0,0,0,0,0,0,0,0,0,0,0,0,0,0,0,0,0,0,0,0,0,0,0,0,0,0,0,0,0,0,0,0,0,0,0,7,13,5,2,0,10,0,3,0,0,0,0,0,0,0,0,0,0,0,0
0,0,283,0,119,0,0,0,4,0,93,0,0,0,0,0,0,0,4,0,26,0,16,0,255,0,0,0,146,0,2,0,20,0,0,0,0,1,0,0,0,0,0,0,0,0,0,0,0,0,0,0,0,0,0,0,0,0,0,0,0,0,0,0,0,0,0,0,0,0,0,0,0,0,0,0,2,0,0,0,0,0,0,0,0,0,0,0,0,0,0,0,0,0,0,0,0,0,0,0,0,0,0,0,0,0,0,0,0,0,0,0,0,0,0,0,0,0,0,0,0,0,0,0,0,0,0,0,0,0,0,0,0,0,0,0,0,0,0,0,0,0,0,0,0,0,0,0,0,0,0,0,1,0,1,0,0,0,0,0,0,0,0,0,0,0,0,0,0,0
0,0,0,272,0,346,0,0,0,2,0,211,0,0,0,0,0,5,1,0,2,15,0,32,0,579,0,0,0,198,0,1,0,86,0,0,0,0,0,0,0,0,0,1,0,0,0,0,0,0,0,0,0,0,0,0,0,0,0,0,0,0,0,0,0,0,0,0,0,0,0,0,0,0,1,0,0,1,0,0,0,0,0,0,0,0,0,13,0,0,0,2,0,1,0,0,0,0,0,0,0,0,0,0,0,0,0,0,0,0,0,0,0,0,0,0,0,0,0,0,0,0,0,0,0,0,0,0,0,0,0,0,0,0,0,0,0,0,0,0,0,0,0,0,0,0,0,0,0,0,2,2,2,0,1,0,0,2,0,0,0,0,0,0,0,0,0,0,0,0
0,0,169,6,162,2,0,0,20,0,533,0,0,0,1,0,50,1,89,5,255,5,412,3,364,0,146,0,0,0,34,0,131,1,0,0,0,0,0,0,0,0,0,0,1,0,0,0,0,0,0,0,0,0,0,0,0,0,0,0,0,0,1,0,0,0,0,0,0,0,0,0,0,0,5,3,10,0,1,0,0,0,0,0,0,0,13,0,0,0,1,0,0,0,0,0,0,0,0,0,0,0,0,0,0,0,0,0,0,0,0,0,0,0,0,0,0,0,0,0,0,0,0,0,0,0,0,0,0,0,0,0,0,0,0,0,0,0,0,0,0,0,0,0,0,0,0,0,0,0,18,0,16,1,6,1,24,1,0,0,0,0,0,0,0,0,0,0,0,0
0,0,1,204,0,118,0,0,1,61,0,700,0,0,0,0,0,4,5,19,1,59,0,34,0,118,0,198,0,0,0,0,1,179,0,0,0,2,0,0,0,1,0,1,0,4,0,0,0,0,0,0,0,0,0,0,0,0,0,1,0,0,0,0,0,0,0,0,0,0,0,0,0,0,2,8,0,12,0,0,0,0,0,0,0,0,0,25,0,0,0,1,0,3,0,0,0,0,0,0,0,0,0,0,0,0,0,0,0,0,0,0,0,0,0,0,0,0,0,0,0,0,0,0,0,0,0,0,0,0,0,0,0,0,0,1,0,0,0,0,0,0,0,0,0,0,0,0,0,0,0,4,0,10,1,4,0,4,0,0,0,0,0,0,0,0,0,0,0,0
0,0,6,2,31,0,0,0,63,0,335,0,0,0,0,0,1,0,7,1,5,0,1,0,4,0,2,0,34,0,0,0,61,0,0,0,0,0,0,0,0,0,0,0,0,0,0,0,0,0,0,0,0,0,0,0,0,0,0,0,0,0,0,0,0,0,0,0,0,0,0,0,0,0,0,0,27,0,1,0,0,0,0,0,0,0,7,0,0,0,0,0,0,0,0,0,0,0,0,0,0,0,0,0,0,0,0,0,0,0,0,0,0,0,0,0,0,0,0,0,0,0,0,0,0,0,0,0,0,0,0,0,0,0,0,0,0,0,0,0,0,0,0,0,0,0,0,0,0,0,0,0,0,0,0,0,0,0,0,0,0,0,0,0,0,0,0,0,0,0
0,0,0,3,0,15,0,0,0,0,0,1,0,0,0,0,0,0,0,0,0,0,0,0,0,0,0,1,0,0,0,0,0,0,0,0,0,0,0,0,0,0,0,0,0,0,0,0,0,0,0,0,0,0,0,0,0,0,0,0,0,0,0,0,0,0,0,0,0,0,0,0,0,0,0,0,0,0,0,0,0,0,0,0,0,0,0,0,0,0,0,0,0,0,0,0,0,0,0,0,0,0,0,0,0,0,0,0,0,0,0,0,0,0,0,0,0,0,0,0,0,0,0,0,0,0,0,0,0,0,0,0,0,0,0,0,0,0,0,0,0,0,0,0,0,0,0,0,0,0,0,0,0,0,0,0,0,0,0,0,0,0,0,0,0,0,0,0,0,0
486,22,513,111,510,96,1154,20,2091,34,629,14,851,3,359,52,162,2,479,60,172,19,321,1,175,0,20,0,131,1,61,0,0,12,0,0,92,48,60,10,41,0,4,0,28,1,49,1,22,2,42,1,18,1,102,0,45,0,21,0,451,0,85,5,41,3,125,10,34,14,82,19,75,3,336,21,1253,68,47,5,0,0,53,5,196,18,327,5,145,5,8,0,32,1,1,1,0,0,4,0,2,0,0,0,1,0,2,4,1,0,2,0,0,1,0,0,0,0,0,0,3,0,2,0,20,3,36,6,21,4,3,2,0,0,11,8,1,1,12,0,2,0,7,1,42,5,2,0,6,2,24,4,52,21,113,134,162,2,1,0,0,0,4,0,1,2,0,0,2,0
12,270,11,266,4,350,1,1026,9,1341,0,428,3,929,28,150,3,123,17,59,8,68,4,112,0,107,0,86,1,179,0,0,12,0,0,0,21,116,12,42,15,228,4,36,0,6,4,71,0,57,0,69,0,16,6,34,3,31,1,146,10,236,22,77,14,12,18,259,7,16,35,229,7,37,12,109,23,1303,10,65,0,0,8,145,21,464,0,335,10,188,0,22,2,173,1,0,1,1,4,5,2,0,1,0,1,0,6,0,2,2,2,3,3,4,0,0,0,0,0,0,0,0,0,0,0,10,3,33,26,129,0,7,0,0,0,8,0,6,2,23,0,3,5,14,12,48,1,9,10,19,3,17,7,11,10,47,0,20,1,1,0,0,0,4,0,0,0,0,2,1
0,0,0,0,0,0,0,0,0,0,0,0,0,0,0,0,0,0,0,0,0,0,0,0,0,0,0,0,0,0,0,0,0,0,0,0,0,0,0,0,0,0,0,0,0,0,0,0,0,0,0,0,0,0,0,0,0,0,0,0,0,0,0,0,0,0,0,0,0,0,0,0,0,0,0,0,0,0,0,0,0,0,0,0,0,0,0,0,0,0,0,0,0,0,0,0,0,0,0,0,0,0,0,0,0,0,0,0,0,0,0,0,0,0,0,0,0,0,0,0,0,0,0,0,0,0,0,0,0,0,0,0,0,0,0,0,0,0,0,0,0,0,0,0,0,0,0,0,0,0,0,0,0,0,0,0,0,0,0,0,0,0,0,0,0,0,0,0,0,0
0,0,0,0,0,0,0,0,0,0,0,0,0,0,0,0,0,0,0,0,0,0,0,0,0,0,0,0,0,0,0,0,0,0,0,0,0,0,0,0,0,0,0,0,0,0,0,0,0,0,0,0,0,0,0,0,0,0,0,0,0,0,0,0,0,0,0,0,0,0,0,0,0,0,0,0,0,0,0,0,0,0,0,0,0,0,0,0,0,0,0,0,0,0,0,0,0,0,0,0,0,0,0,0,0,0,0,0,0,0,0,0,0,0,0,0,0,0,0,0,0,0,0,0,0,0,0,0,0,0,0,0,0,0,0,0,0,0,0,0,0,0,0,0,0,0,0,0,0,0,0,0,0,0,0,0,0,0,0,0,0,0,0,0,0,0,0,0,0,0
331,121,224,61,51,47,81,33,94,19,2,1,46,21,1737,278,3,0,339,11,3,2,5,0,1,0,0,0,0,0,0,0,92,21,0,0,0,367,1444,1,78,3,28,0,0,0,5,0,48,0,5,2,19,0,21,2,1,0,0,1,185,53,165,13,61,18,112,46,40,4,3574,29,778,42,152,28,222,68,81,31,0,0,11,6,38,14,3,0,31,3,0,0,3,0,1,0,2,1,9,3,3,1,1,0,1,0,6,3,7,3,2,2,2,3,0,0,0,0,0,0,0,0,1,0,32,7,119,41,196,73,43,7,1,0,22,9,4,5,0,0,1,0,7,2,41,25,16,10,23,4,2,0,235,0,867,71,4,0,4,1,0,1,9,1,3,4,0,0,3,1
251,529,90,502,64,269,37,145,54,231,1,7,15,64,234,3491,1,10,92,711,3,21,0,21,0,1,1,0,0,2,0,0,48,116,0,0,367,0,44,994,3,114,1,8,0,1,0,0,0,12,0,7,0,0,3,2,0,0,0,2,117,215,18,58,27,107,34,206,7,10,63,2015,178,364,29,136,97,354,42,127,0,0,4,31,14,63,1,10,6,19,0,1,1,11,5,2,3,0,11,9,7,0,2,0,3,0,11,3,4,8,7,1,10,3,0,0,0,0,0,3,0,0,0,0,6,38,47,179,38,261,9,38,0,0,2,48,2,22,2,1,0,2,0,7,10,99,3,28,2,14,5,6,5,259,155,1054,0,4,0,4,0,4,3,13,0,13,0,0,10,1
56,6,12,3,6,0,5,0,4,0,0,0,17,1,18,3,0,0,20,0,0,0,1,0,0,0,0,0,0,0,0,0,60,12,0,0,1444,44,0,226,111,33,51,6,0,0,844,144,316,56,35,10,117,13,172,17,65,6,29,8,20,3,122,4,113,13,229,21,173,8,1484,228,4,2,23,1,106,25,31,8,0,0,63,12,201,47,4,3,197,19,0,0,39,14,2,0,1,0,10,0,4,0,2,0,2,0,2,1,2,1,7,0,0,1,1,0,0,0,0,0,0,0,7,0,3,2,9,1,114,11,6,0,0,0,3,0,0,0,14,1,14,3,14,2,60,5,5,0,34,1,0,0,7,0,29,5,0,0,0,0,0,0,1,2,2,1,0,0,1,2
6,18,4,18,1,16,0,4,1,10,0,0,2,2,2,56,0,0,2,3,0,0,0,0,0,0,0,0,0,0,0,0,10,42,0,0,1,994,226,0,119,132,16,10,0,0,191,134,38,146,20,19,15,29,32,50,12,16,6,18,2,16,14,21,8,27,10,44,24,59,134,1943,0,0,2,5,20,55,7,10,0,0,5,22,29,113,2,4,51,35,0,0,13,32,0,0,1,0,3,1,0,0,1,0,1,0,0,0,1,0,3,0,1,0,0,0,0,0,0,0,1,0,1,0,0,2,3,3,10,15,0,1,0,0,1,1,0,2,5,0,1,1,3,0,15,6,0,1,1,1,0,0,1,0,2,4,0,0,0,0,0,0,1,0,0,0,0,0,0,0
26,4,9,1,3,0,4,0,6,0,2,0,11,0,6,4,8,0,3,0,0,1,0,0,0,0,0,0,0,0,0,0,41,15,0,0,78,3,111,119,0,156,1311,17,231,0,101,124,57,32,393,19,28,5,113,5,120,2,310,8,72,0,45,5,20,3,11,3,24,9,372,287,30,1,46,1,498,14,511,4,0,0,15,2,100,23,406,0,278,6,313,0,1034,6,1,2,3,1,26,3,11,0,1,0,2,0,7,2,9,1,2,0,4,14,0,0,0,0,0,0,11,1,14,0,30,0,36,1,71,9,8,1,6,0,36,1,2,0,437,0,25,2,61,0,524,3,7,1,22,0,0,0,1,0,3,2,75,0,10,0,4,0,271,0,21,0,0,0,5,1
2,24,0,15,4,10,0,4,3,18,0,11,0,11,2,24,31,0,1,6,0,1,28,0,0,0,0,0,0,1,0,0,0,228,0,0,3,114,33,132,156,0,7,1904,10,253,13,65,2,18,6,157,0,12,2,15,0,25,0,1168,3,25,4,8,1,1,2,8,1,3,36,514,2,30,3,71,16,651,4,779,0,0,1,3,4,73,1,321,3,334,0,251,1,976,1,1,1,2,3,7,0,1,0,0,7,0,15,6,1,4,5,1,5,6,0,0,0,0,0,1,0,0,0,1,1,19,0,22,3,56,0,3,0,0,1,6,0,2,0,380,0,46,0,44,10,323,0,12,3,23,1,0,0,1,3,3,2,40,0,0,0,5,0,136,1,2,0,0,6,0
2,6,0,1,2,1,1,1,0,0,0,0,2,1,1,2,0,0,1,0,0,0,0,0,0,0,0,0,0,0,0,0,4,4,0,0,28,1,51,16,1311,7,0,0,411,0,67,2,22,2,708,1,11,0,37,0,66,0,1470,1,11,9,11,1,7,1,7,1,5,1,481,15,3,3,6,3,54,2,25,19,0,0,2,1,16,1,78,0,13,4,13,0,173,1,14,10,7,7,33,11,101,6,9,5,16,10,26,80,8,16,12,32,0,2,2,0,1,0,1,0,0,0,2,0,1,0,2,0,12,1,1,0,3,0,0,0,0,0,10,0,5,0,4,0,15,0,1,0,3,1,0,0,0,0,0,1,1,0,48,1,13,0,8,2,7,0,0,0,3,0
0,1,0,10,0,2,0,0,0,0,0,6,0,0,0,0,1,8,1,1,0,2,0,0,0,1,0,1,0,1,0,0,0,36,0,0,0,8,6,10,17,1904,0,0,0,672,5,35,0,4,4,674,0,0,2,6,0,20,0,1008,1,0,0,0,0,0,0,0,0,0,8,515,0,0,0,1,0,77,0,5,0,0,0,0,0,13,0,252,1,28,0,64,0,69,0,2,1,2,0,12,2,2,0,0,1,0,3,4,1,4,2,1,0,1,0,0,0,0,0,0,0,0,0,0,0,0,0,0,0,2,0,0,0,0,0,0,0,0,0,10,0,2,0,3,0,5,0,0,0,2,0,0,0,0,0,2,0,9,0,0,0,2,0,2,0,0,0,0,0,0
1,1,0,0,1,0,0,0,0,0,1,1,0,0,2,0,30,0,0,0,0,0,4,0,0,0,0,0,1,0,0,0,28,0,0,0,0,0,0,0,231,10,411,0,0,0,1,0,0,0,2,0,0,0,2,0,2,0,6,0,0,0,1,0,2,0,0,0,0,0,0,0,0,0,12,0,312,0,193,1,0,0,0,0,0,0,865,0,41,0,158,0,173,1,1,0,0,0,2,0,3,0,1,0,0,0,1,2,1,0,0,0,1,1,0,0,0,0,0,0,0,0,0,0,32,0,4,0,0,0,0,0,10,0,6,0,0,0,21,0,1,0,1,0,3,0,0,0,1,0,0,0,0,0,0,0,40,1,0,0,0,0,36,0,6,0,0,0,0,0
0,1,0,20,0,8,0,0,1,11,0,25,0,0,0,0,0,47,1,5,1,3,0,1,0,0,0,0,0,4,0,0,1,6,0,0,0,1,0,0,0,253,0,672,0,0,0,0,0,0,0,1,0,0,0,0,1,0,0,60,0,2,0,0,0,0,0,0,0,0,0,2,0,0,0,55,19,322,0,171,0,0,0,0,0,1,0,532,1,10,0,270,1,86,0,0,0,0,0,0,0,0,0,0,0,0,0,1,2,1,0,0,1,0,0,0,0,0,0,0,0,2,0,0,0,21,0,2,0,2,0,0,0,1,0,16,0,1,0,26,0,2,0,2,0,5,0,1,0,0,0,2,0,2,0,3,0,172,0,0,0,1,0,13,0,3,0,0,1,0
4,2,6,0,3,1,0,0,0,0,0,0,0,0,4,0,0,0,0,0,0,0,0,0,0,0,0,0,0,0,0,0,49,4,0,0,5,0,844,191,101,13,67,5,1,0,0,245,2445,120,2829,100,1146,14,1721,14,889,8,211,9,4,0,19,0,1,0,3,0,11,4,1032,248,0,0,4,0,86,3,20,0,0,0,8,0,94,18,3,0,139,15,0,0,52,16,1,141,0,1,3,0,2,0,0,2,0,0,0,0,0,0,2,1,0,2,0,0,0,0,0,0,1,0,1,0,3,0,1,0,16,4,0,0,0,0,4,0,0,0,23,0,4,0,6,0,26,1,1,0,5,0,0,0,0,0,0,0,0,0,0,0,0,0,0,0,0,1,0,0,0,0
0,24,0,4,0,1,0,0,1,0,0,1,0,1,0,0,0,0,0,0,0,0,0,0,0,0,0,0,0,0,0,0,1,71,0,0,0,0,144,134,124,65,2,35,0,0,245,0,60,2296,14,3151,24,702,44,1141,27,517,5,548,0,3,3,8,3,2,1,7,3,13,130,1473,0,2,1,1,7,79,4,9,0,0,3,12,14,228,2,20,27,345,0,3,8,284,1,0,1,0,2,1,3,2,0,0,0,0,0,1,1,0,0,0,0,0,0,0,0,0,0,1,0,0,0,0,0,0,0,0,1,10,0,0,0,0,0,0,0,0,3,4,0,3,2,1,8,4,1,0,0,3,0,0,0,0,0,0,0,0,0,0,0,0,0,0,0,0,0,0,0,0
4,0,1,0,0,0,0,0,0,0,0,0,4,0,3,0,0,0,0,0,0,0,0,0,0,0,0,0,0,0,0,0,22,0,0,0,48,0,316,38,57,2,22,0,0,0,2445,60,0,164,168,4,4144,64,1386,25,113,7,36,0,2,3,86,0,14,1,14,0,23,1,1113,41,0,0,0,1,56,2,3,0,0,0,6,0,60,7,1,0,112,6,0,0,36,1,0,0,0,0,0,0,3,0,0,0,0,0,1,0,2,0,0,0,0,0,0,0,0,0,0,0,0,0,0,0,2,0,0,0,13,0,1,0,0,0,1,0,0,0,2,0,4,0,1,0,8,0,0,0,4,0,0,0,0,0,0,0,0,0,0,0,0,0,0,0,1,0,0,0,0,0
3,47,0,6,0,6,0,1,0,0,0,0,0,1,0,1,0,0,0,0,0,0,0,0,0,0,0,0,0,0,0,0,2,57,0,0,0,12,56,146,32,18,2,4,0,0,120,2296,164,0,7,62,10,3499,34,1667,7,127,5,69,0,19,3,130,0,21,2,21,4,87,51,1578,1,6,1,3,3,52,2,9,0,0,2,16,7,199,1,11,14,259,0,1,11,130,1,0,0,0,1,1,1,0,0,0,1,0,1,0,1,0,1,0,1,0,0,0,0,0,0,0,0,0,0,0,0,0,0,1,9,6,0,0,0,0,1,0,0,0,2,2,1,2,0,1,7,4,0,1,0,1,0,0,0,0,0,0,0,0,0,1,0,0,0,1,0,0,0,0,0,0
2,0,0,0,0,0,0,0,0,0,0,0,0,0,2,0,0,0,0,0,0,0,0,0,0,0,0,0,0,0,0,0,42,0,0,0,5,0,35,20,393,6,708,4,2,0,2829,14,168,7,0,8,120,0,358,0,670,1,1073,0,0,0,3,1,1,1,3,0,4,0,967,34,0,0,3,0,85,1,14,0,0,0,1,0,43,1,11,0,90,1,0,0,167,1,281,113,3,3,34,0,21,0,122,1,2,0,1,1,2,0,0,0,0,40,2,0,1,0,0,0,3,0,1,0,2,0,3,1,17,0,0,0,1,0,4,0,0,0,28,0,3,0,12,1,44,1,0,0,3,0,0,0,0,0,0,0,1,0,0,0,0,0,2,0,2,0,0,0,0,0
0,10,0,1,0,2,1,0,0,1,0,1,0,0,0,1,0,0,0,0,0,0,0,0,0,0,0,0,0,0,0,0,1,69,0,0,2,7,10,19,19,157,1,674,0,1,100,3151,4,62,8,0,1,49,1,159,0,885,0,2723,0,6,2,0,1,0,1,1,0,8,7,506,0,0,0,1,1,97,1,12,0,0,0,1,1,160,1,40,7,313,0,5,3,523,4,404,6,16,1,154,6,79,51,1942,0,0,2,11,4,19,3,2,10,193,9,170,22,0,3,5,0,0,0,0,1,1,0,5,1,20,0,1,0,0,0,2,0,0,0,10,0,14,0,10,2,73,0,0,0,1,0,0,0,0,0,1,0,2,0,0,0,4,0,3,2,1,0,0,5,0
11,0,0,0,1,0,0,0,0,0,0,0,1,0,13,1,0,0,0,0,0,0,0,0,0,0,0,0,0,0,0,0,18,0,0,0,19,0,117,15,28,0,11,0,0,0,1146,24,4144,10,120,1,0,0,4499,0,162,1,31,0,3,1,536,1,99,0,14,1,64,0,573,18,0,0,3,0,30,3,9,0,0,0,19,1,104,3,5,1,125,0,0,0,27,1,0,0,0,0,1,0,0,0,0,0,0,0,0,0,0,0,0,0,0,0,0,0,0,0,0,0,0,0,0,0,3,0,2,0,15,3,0,0,0,0,2,0,0,0,6,1,1,0,2,0,7,0,0,0,5,0,0,0,0,0,0,0,0,0,0,0,0,0,0,0,0,0,0,0,0,0
0,16,0,3,0,0,0,1,0,0,0,0,0,1,0,0,0,0,0,0,0,0,0,0,0,0,0,0,0,0,0,0,1,16,0,0,0,0,13,29,5,12,0,0,0,0,14,702,64,3499,0,49,0,0,2,4753,0,160,0,82,0,32,2,713,1,24,0,16,1,149,5,926,0,3,0,0,2,15,0,3,0,0,0,4,5,90,0,1,5,364,0,1,2,126,0,0,0,0,0,0,0,0,0,0,0,0,1,0,0,0,0,0,0,1,0,0,0,0,0,0,0,0,0,0,0,0,1,2,1,3,0,0,0,0,1,0,0,0,0,2,1,0,2,0,2,0,0,0,1,0,0,0,0,0,0,0,1,0,0,0,0,0,0,0,0,0,0,0,0,0
16,0,11,1,7,0,3,0,1,0,0,0,11,0,13,0,0,0,0,0,0,0,0,0,0,0,0,0,0,0,0,0,102,6,0,0,21,3,172,32,113,2,37,2,2,0,1721,44,1386,34,358,1,4499,2,0,6,3068,0,566,1,11,1,1016,0,947,2,22,3,1178,2,395,47,6,0,3,0,198,1,39,1,0,0,26,0,279,12,19,1,1936,8,0,0,428,2,0,0,1,0,8,0,8,0,1,0,1,0,3,2,2,0,1,0,1,1,0,0,0,0,0,0,1,0,2,0,2,0,3,0,45,1,3,1,0,0,4,0,0,0,24,0,3,0,14,1,32,3,2,0,9,1,0,0,0,0,2,0,0,0,3,0,0,0,1,0,0,0,0,0,1,0
1,54,0,6,0,0,0,1,0,1,0,1,0,1,0,1,0,0,0,0,0,0,0,0,0,0,0,0,0,0,0,0,0,34,0,0,2,2,17,50,5,15,0,6,0,0,14,1141,25,1667,0,159,0,4753,6,0,0,1426,0,199,2,109,4,231,0,30,3,25,2,1744,19,454,0,8,0,1,8,29,3,3,0,0,0,6,11,123,0,10,2,3566,0,0,5,856,0,0,0,0,0,0,1,0,0,0,0,0,0,0,0,0,0,0,0,0,0,0,0,0,0,0,0,0,1,0,0,0,0,0,2,6,0,0,0,0,1,0,0,0,0,1,0,0,1,0,6,2,0,0,4,2,0,0,0,0,0,0,0,0,0,0,0,0,0,0,0,0,0,0,0,0
5,0,2,0,1,0,0,0,1,0,0,0,3,0,2,0,0,0,0,0,0,0,0,0,0,0,0,0,0,0,0,0,45,3,0,0,1,0,65,12,120,0,66,0,2,1,889,27,113,7,670,0,162,0,3068,0,0,2,1949,0,2,0,12,0,4,0,1,0,8,1,93,15,0,0,1,1,123,1,29,1,0,0,9,0,80,1,13,0,383,6,0,0,444,4,0,0,0,0,2,0,0,0,0,0,0,0,1,0,0,0,3,0,0,2,0,0,0,0,0,0,0,0,0,0,2,0,2,0,17,0,0,0,0,0,0,0,0,0,22,0,3,0,15,0,37,0,2,0,1,0,0,0,0,0,0,0,0,0,0,0,0,0,1,0,0,1,0,0,1,0
0,8,1,1,0,0,0,1,0,0,0,0,0,0,0,3,0,0,0,0,0,0,0,0,0,0,0,0,0,0,0,0,0,31,0,0,0,0,6,16,2,25,0,20,0,0,8,517,7,127,1,885,1,160,0,1426,2,0,0,2745,0,3,1,1,0,0,0,0,0,10,3,53,0,1,0,0,1,26,2,2,0,0,0,1,0,52,1,7,1,343,0,0,1,1504,0,0,0,0,0,1,0,0,0,0,0,0,0,0,0,0,0,0,1,0,0,0,0,0,0,0,0,0,1,0,0,0,0,0,0,3,0,0,0,0,0,0,0,0,1,1,0,0,0,2,0,1,0,0,0,0,0,0,0,0,0,0,0,0,0,0,0,0,0,0,0,0,0,0,0,0
1,0,1,0,0,0,0,0,0,0,0,0,0,0,1,0,0,0,0,0,0,0,0,0,0,0,0,0,0,0,0,0,21,1,0,0,0,0,29,6,310,0,1470,0,6,0,211,5,36,5,1073,0,31,0,566,0,1949,0,0,1,0,0,1,0,0,0,0,0,1,0,63,4,0,0,0,0,60,0,12,0,0,0,0,0,24,2,98,0,68,1,275,0,2960,3,70,0,0,0,2,0,0,0,14,0,0,0,0,0,1,0,0,0,0,0,0,0,0,0,0,0,0,0,0,0,1,0,0,0,1,0,0,0,0,0,0,0,0,0,15,0,3,0,5,0,10,0,0,0,0,0,0,0,0,0,0,0,1,0,0,0,0,0,3,0,0,0,0,0,0,0
0,8,0,9,0,5,0,2,1,7,0,5,0,0,0,2,0,0,3,0,0,0,0,0,1,0,0,0,0,1,0,0,0,146,0,0,1,2,8,18,8,1168,1,1008,0,60,9,548,0,69,0,2723,0,82,1,199,0,2745,1,0,0,5,1,2,0,0,0,1,0,6,7,87,0,1,0,6,7,177,2,21,0,0,0,1,1,120,0,98,5,443,0,339,1,3809,0,28,0,0,2,0,1,5,1,204,0,0,0,0,0,1,0,0,1,0,0,0,0,0,1,1,0,2,0,0,0,1,1,3,0,10,0,0,0,0,0,0,0,0,1,35,1,2,0,5,0,27,0,1,0,3,0,0,1,0,1,1,0,16,0,0,0,0,0,1,0,0,0,0,0,0
5457,27,140,8,136,4,347,6,102,5,0,0,1136,4,84,28,0,0,5,1,0,0,0,0,0,0,0,0,0,0,0,0,451,10,0,0,185,117,20,2,72,3,11,1,0,0,4,0,2,0,0,0,3,0,11,2,2,0,0,0,0,16,1261,4,1845,10,1062,20,177,2,357,12,819,11,165,6,988,14,373,7,0,0,16,6,177,9,10,0,188,1,0,0,2,0,3,1,0,0,12,2,7,0,1,0,1,0,12,3,5,2,8,2,4,2,0,0,0,0,0,0,1,0,0,0,21,0,318,14,640,22,117,2,1,0,36,2,3,1,0,0,0,0,6,1,58,3,33,4,26,3,0,0,0,0,13,7,0,0,2,0,0,0,43,0,2,0,0,0,3,0
12,4784,1,102,1,134,2,138,0,51,0,2,1,522,9,186,0,0,0,1,0,0,0,0,0,0,0,0,0,0,0,0,0,236,0,0,53,215,3,16,0,25,9,0,0,2,0,3,3,19,0,6,1,32,1,109,0,3,0,5,16,0,9,2176,8,938,5,1765,1,764,26,480,33,883,5,57,7,613,8,359,0,0,1,8,6,195,0,0,1,559,0,1,0,44,10,2,5,1,6,20,10,1,1,1,10,0,13,2,3,14,3,2,13,3,0,0,0,0,0,1,0,0,1,0,0,2,5,219,20,292,6,47,0,0,0,11,0,10,1,0,0,0,1,6,4,54,1,24,3,6,0,0,0,0,4,2,0,0,2,10,0,1,3,16,1,7,0,0,7,1
230,12,27,1,7,0,12,4,14,1,0,0,40,1,103,5,0,0,5,0,0,0,0,0,0,0,0,0,1,0,0,0,85,22,0,0,165,18,122,14,45,4,11,0,1,0,19,3,86,3,3,2,536,2,1016,4,12,1,1,1,1261,9,0,6,2357,9,201,14,865,10,1598,28,241,1,26,1,233,19,87,11,0,0,53,5,114,28,0,1,257,4,0,0,14,5,3,0,1,0,9,0,2,0,0,0,1,0,5,0,6,0,8,0,2,0,0,0,0,0,0,0,0,0,1,0,2,1,13,1,248,11,23,2,0,0,3,0,0,0,0,0,2,0,8,2,21,2,13,0,24,0,0,0,1,0,6,0,0,0,0,2,0,0,4,0,0,0,0,0,0,0
0,79,0,4,2,7,1,6,0,6,0,0,4,6,1,13,0,0,0,0,0,0,0,0,0,0,0,0,0,0,0,0,5,77,0,0,13,58,4,21,5,8,1,0,0,0,0,8,0,130,1,0,1,713,0,231,0,1,0,2,4,2176,6,0,11,1599,13,490,3,1097,13,1551,3,44,1,6,4,61,1,32,0,0,3,7,11,41,0,2,4,97,0,0,1,22,1,0,0,0,2,3,1,0,1,0,4,0,4,2,1,1,4,1,1,0,0,0,0,0,0,0,1,0,0,0,1,0,1,7,15,85,1,3,0,0,0,0,0,0,0,0,0,0,0,2,3,4,0,4,5,1,0,0,0,0,0,0,0,0,0,0,0,0,0,2,0,0,0,0,1,0
374,7,60,3,22,0,22,2,4,1,0,0,20,0,80,6,0,0,3,0,0,0,0,0,0,0,0,0,0,0,0,0,41,14,0,0,61,27,113,8,20,1,7,0,2,0,1,3,14,0,1,1,99,1,947,0,4,0,0,0,1845,8,2357,11,0,13,1410,23,1778,1,167,19,33,1,20,7,137,14,47,8,0,0,17,12,65,19,0,1,312,4,0,0,5,1,0,0,1,0,7,1,2,0,0,0,0,0,1,0,2,0,2,1,1,1,0,0,0,0,0,0,0,0,0,0,0,0,19,3,119,16,10,0,0,0,6,1,2,0,0,0,0,1,5,1,12,2,8,4,7,0,0,0,0,0,1,1,0,0,1,0,0,0,3,0,0,0,0,0,2,0
8,45,1,6,1,5,1,1,1,0,0,0,1,0,1,2,0,0,0,0,0,0,0,0,0,0,0,0,0,0,0,0,3,12,0,0,18,107,13,27,3,1,1,0,0,0,0,2,1,21,1,0,0,24,2,30,0,0,0,0,10,938,9,1599,13,0,12,1464,3,1677,15,171,3,5,3,0,10,7,5,3,0,0,6,3,11,12,0,0,2,47,0,0,0,2,0,0,0,0,1,0,0,0,0,0,0,0,0,0,0,0,0,0,0,1,0,0,0,0,0,0,0,0,0,0,0,0,1,2,25,11,2,1,0,0,1,0,0,0,0,0,0,0,2,0,4,3,1,0,6,0,0,0,0,0,1,0,0,0,0,0,0,0,0,1,0,1,0,0,0,0
757,3,58,0,79,1,144,1,51,0,0,0,213,0,81,4,0,0,1,0,0,0,0,0,0,0,0,0,0,0,0,0,125,18,0,0,112,34,229,10,11,2,7,0,0,0,3,1,14,2,3,1,14,0,22,3,1,0,0,0,1062,5,201,13,1410,12,0,27,600,5,189,28,26,2,20,2,149,28,36,8,0,0,50,11,1164,31,1,1,426,1,0,0,2,0,0,1,1,0,2,1,0,0,2,0,0,0,3,0,1,1,1,1,0,0,0,0,0,0,0,0,0,0,3,0,2,1,20,5,82,26,5,1,0,0,4,0,0,0,0,0,0,0,2,0,10,6,6,2,3,2,0,0,0,0,2,2,0,0,0,0,0,0,2,2,0,0,0,0,1,0
3,836,1,60,1,150,3,301,1,49,0,0,0,431,6,20,0,0,1,0,0,0,0,0,0,0,0,0,0,0,0,0,10,259,0,0,46,206,21,44,3,8,1,0,0,0,0,7,0,21,0,1,1,16,3,25,0,0,0,1,20,1765,14,490,23,1464,27,0,2,748,39,446,11,49,8,8,14,162,11,50,0,0,7,59,20,1036,0,1,3,381,0,0,0,9,2,0,1,0,2,1,4,0,0,0,1,0,0,1,0,2,1,1,3,1,0,0,0,0,0,0,0,0,1,0,1,2,4,14,49,51,0,5,0,0,4,2,0,0,0,0,0,0,3,0,12,8,0,1,8,1,0,0,0,0,0,0,0,0,0,1,1,0,2,2,1,1,0,0,1,1
189,8,75,0,18,3,5,0,5,1,0,0,10,0,140,6,0,0,2,0,0,0,0,0,0,0,0,0,0,0,0,0,34,7,0,0,40,7,173,24,24,1,5,0,0,0,11,3,23,4,4,0,64,1,1178,2,8,0,1,0,177,1,865,3,1778,3,600,2,0,0,166,24,24,0,11,3,73,12,26,4,0,0,14,1,305,13,4,0,2300,2,0,0,17,2,1,0,1,0,3,1,0,0,1,0,0,0,1,0,0,0,2,1,0,0,0,0,0,0,0,0,0,0,1,0,2,0,4,3,40,5,3,0,0,0,6,0,0,1,1,0,1,0,5,0,7,1,0,0,14,0,0,0,0,0,2,1,0,0,0,0,0,0,2,0,0,0,0,0,1,0
1,205,0,18,0,11,0,2,0,0,0,0,1,3,0,4,0,0,0,0,0,0,0,0,0,0,0,0,0,0,0,0,14,16,0,0,4,10,8,59,9,3,1,0,0,0,4,13,1,87,0,8,0,149,2,1744,1,10,0,6,2,764,10,1097,1,1677,5,748,0,0,16,480,0,14,1,0,21,14,7,5,0,0,4,5,28,374,0,3,10,2195,0,0,1,114,2,0,0,0,0,0,1,0,0,0,1,0,1,0,0,0,1,0,0,0,0,0,0,0,0,0,1,0,0,0,0,0,2,2,13,2,1,1,0,0,0,1,0,1,2,0,2,0,1,0,3,2,0,1,4,1,0,0,0,0,1,0,0,0,0,0,0,0,0,0,0,0,0,0,0,0
272,23,44,7,14,3,39,6,17,6,0,1,43,4,454,30,0,0,9,0,0,0,0,0,0,0,0,0,0,0,0,0,82,35,0,0,3574,63,1484,134,372,36,481,8,0,0,1032,130,1113,51,967,7,573,5,395,19,93,3,63,7,357,26,1598,13,167,15,189,39,166,16,0,285,1067,15,84,12,270,25,135,14,0,0,52,9,189,36,0,0,174,13,0,0,44,7,5,0,3,0,16,2,4,1,1,0,2,0,4,4,8,1,5,1,3,2,0,0,0,0,0,0,3,0,2,0,15,0,89,2,516,50,59,4,2,0,23,1,2,0,4,0,3,0,12,1,44,6,32,4,37,3,0,0,2,0,11,7,0,0,0,0,0,0,17,1,1,0,0,0,2,2
17,395,5,347,3,74,2,28,0,30,0,1,1,28,12,434,0,0,1,0,0,0,0,0,0,0,0,0,0,0,0,0,19,229,0,0,29,2015,228,1943,287,514,15,515,0,2,248,1473,41,1578,34,506,18,926,47,454,15,53,4,87,12,480,28,1551,19,171,28,446,24,480,285,0,4,365,5,21,41,244,11,85,0,0,11,107,55,320,3,13,25,225,0,0,13,96,6,2,2,0,4,13,5,0,3,0,4,0,13,8,5,7,7,1,3,2,0,0,0,0,0,1,0,0,1,0,2,3,6,38,34,292,1,21,0,0,2,7,0,1,5,1,1,1,3,5,26,30,0,8,11,14,0,0,0,0,2,2,0,0,4,0,1,1,4,3,3,2,0,0,5,1
1104,84,118,14,27,6,63,6,38,2,0,0,28,9,1277,108,0,0,2,1,0,0,0,0,0,0,0,0,0,0,0,0,75,7,0,0,778,178,4,0,30,2,3,0,0,0,0,0,0,1,0,0,0,0,6,0,0,0,0,0,819,33,241,3,33,3,26,11,24,0,1067,4,0,42,173,18,486,23,243,19,0,0,2,0,9,5,4,0,27,2,0,0,0,0,0,2,0,0,10,2,6,0,0,0,0,0,4,2,5,2,4,1,1,1,1,0,0,0,0,0,0,0,2,0,14,1,304,28,324,23,76,7,1,0,36,2,3,1,1,0,1,0,6,0,48,9,38,3,13,1,0,0,0,0,3,2,0,0,7,2,2,0,21,1,5,3,0,0,1,0
14,621,4,154,1,125,0,50,0,40,0,0,0,27,8,873,0,0,1,1,0,0,0,0,0,0,0,0,0,0,0,0,3,37,0,0,42,364,2,0,1,30,3,0,0,0,0,2,0,6,0,0,0,3,0,8,0,1,0,1,11,883,1,44,1,5,2,49,0,14,15,365,42,0,4,47,6,222,11,197,0,0,1,2,1,7,0,0,1,11,0,0,0,7,10,1,6,0,9,10,8,0,1,0,8,2,13,5,3,5,6,2,7,5,2,1,0,0,0,1,0,0,0,0,2,6,9,161,10,205,3,36,0,0,0,14,0,4,0,1,0,1,1,4,1,32,1,13,1,6,0,0,0,0,0,1,0,0,1,2,0,1,2,16,2,9,0,0,8,0
304,24,137,45,250,22,75,14,452,15,6,5,12,4,189,31,47,143,132,42,22,75,19,32,3,4,0,1,5,2,0,0,336,12,0,0,152,29,23,2,46,3,6,0,12,0,4,1,0,1,3,0,3,0,3,0,1,0,0,0,165,5,26,1,20,3,20,8,11,1,84,5,173,4,0,195,4858,32,1029,14,0,0,11,3,14,9,34,1,13,2,2,0,3,1,8,1,2,1,24,3,11,1,2,1,2,2,9,9,10,7,10,0,1,3,0,0,0,0,0,0,19,15,14,0,617,0,1140,9,602,12,190,0,20,0,484,10,78,2,9,1,7,1,86,2,845,9,140,1,171,1,13,10,32,18,165,29,87,37,17,1,5,0,72,0,24,5,0,0,10,1
17,168,41,266,42,257,8,216,55,218,2,168,2,40,52,206,4,99,85,121,47,27,10,20,0,5,0,0,3,8,0,0,21,109,0,0,28,136,1,5,1,71,3,1,0,55,0,1,1,3,0,1,0,0,0,1,1,0,0,6,6,57,1,6,7,0,2,8,3,0,12,21,18,47,195,0,43,3297,9,965,0,0,2,1,2,9,5,12,0,10,0,4,0,5,1,2,3,1,6,8,5,0,1,0,3,1,3,2,8,2,7,0,11,6,0,0,0,0,0,2,0,9,0,3,7,276,8,609,7,461,1,89,0,1,2,335,2,89,0,15,0,6,0,31,1,591,0,106,0,84,11,14,39,36,41,88,10,317,0,9,0,7,0,38,1,27,0,0,8,2
1089,68,400,119,444,72,293,28,480,35,133,4,140,5,783,127,71,1,243,38,27,10,19,2,13,0,2,0,10,0,27,0,1253,23,0,0,222,97,106,20,498,16,54,0,312,19,86,7,56,3,85,1,30,2,198,8,123,1,60,7,988,7,233,4,137,10,149,14,73,21,270,41,486,6,4858,43,0,95,1542,21,0,0,42,13,311,33,859,12,468,13,34,9,424,16,4,1,1,2,41,3,13,1,4,1,2,1,8,7,6,9,16,1,1,8,0,0,0,0,0,1,1,1,4,0,271,3,197,13,121,14,47,4,16,0,122,12,18,1,108,2,19,0,32,0,200,17,14,4,21,1,8,1,29,14,133,146,870,14,15,0,1,1,69,1,26,7,0,0,7,1
55,975,57,909,59,553,11,365,50,704,2,379,6,435,148,957,0,142,99,279,3,3,0,7,0,1,0,1,0,12,0,0,68,1303,0,0,68,354,25,55,14,651,2,77,0,322,3,79,2,52,1,97,3,15,1,29,1,26,0,177,14,613,19,61,14,7,28,162,12,14,25,244,23,222,32,3297,95,0,22,1536,0,0,6,26,29,182,4,498,16,157,0,95,2,283,9,5,4,0,15,11,7,2,6,0,8,0,16,6,10,13,17,5,25,4,0,0,0,0,0,4,0,0,0,0,4,117,18,194,21,151,2,29,2,4,2,119,1,30,4,106,0,25,2,21,7,161,0,26,5,15,1,3,23,37,86,229,3,1001,4,16,2,8,3,170,1,30,0,0,9,3
348,29,70,24,83,21,54,7,87,9,6,0,15,2,209,38,0,0,54,13,0,0,0,0,0,0,0,0,1,0,1,0,47,10,0,0,81,42,31,7,511,4,25,0,193,0,20,4,3,2,14,1,9,0,39,3,29,2,12,2,373,8,87,1,47,5,36,11,26,7,135,11,243,11,1029,9,1542,22,0,22,0,0,7,3,47,8,84,3,81,2,11,1,122,3,4,1,10,6,33,9,16,4,5,1,12,3,14,21,24,13,14,0,7,4,0,0,0,0,0,0,3,4,1,0,308,3,51,6,48,12,11,2,37,0,71,5,3,2,79,0,3,0,9,0,74,1,6,1,5,0,0,0,0,4,37,33,57,3,42,2,3,1,307,1,53,5,0,0,8,1
30,438,11,149,9,72,7,48,9,50,0,18,6,99,41,304,0,0,13,32,0,0,0,0,0,0,0,0,0,0,0,0,5,65,0,0,31,127,8,10,4,779,19,5,1,171,0,9,0,9,0,12,0,3,1,3,1,2,0,21,7,359,11,32,8,3,8,50,4,5,14,85,19,197,14,965,21,1536,22,0,0,0,1,8,8,31,0,38,6,20,0,13,2,37,27,2,13,6,28,37,30,2,10,1,21,2,40,21,26,29,16,8,38,6,0,0,0,0,2,1,0,5,0,0,2,293,11,64,9,49,3,7,2,11,4,101,0,11,0,76,1,5,0,6,4,45,1,4,2,3,0,0,1,1,12,28,0,71,10,37,2,44,2,756,4,69,0,0,17,2
0,0,0,0,0,0,0,0,0,0,0,0,0,0,0,0,0,0,0,0,0,0,0,0,0,0,0,0,0,0,0,0,0,0,0,0,0,0,0,0,0,0,0,0,0,0,0,0,0,0,0,0,0,0,0,0,0,0,0,0,0,0,0,0,0,0,0,0,0,0,0,0,0,0,0,0,0,0,0,0,0,0,0,0,0,0,0,0,0,0,0,0,0,0,0,0,0,0,0,0,0,0,0,0,0,0,0,0,0,0,0,0,0,0,0,0,0,0,0,0,0,0,0,0,0,0,0,0,0,0,0,0,0,0,0,0,0,0,0,0,0,0,0,0,0,0,0,0,0,0,0,0,0,0,0,0,0,0,0,0,0,0,0,0,0,0,0,0,0,0
0,0,0,0,0,0,0,0,0,0,0,0,0,0,0,0,0,0,0,0,0,0,0,0,0,0,0,0,0,0,0,0,0,0,0,0,0,0,0,0,0,0,0,0,0,0,0,0,0,0,0,0,0,0,0,0,0,0,0,0,0,0,0,0,0,0,0,0,0,0,0,0,0,0,0,0,0,0,0,0,0,0,0,0,0,0,0,0,0,0,0,0,0,0,0,0,0,0,0,0,0,0,0,0,0,0,0,0,0,0,0,0,0,0,0,0,0,0,0,0,0,0,0,0,0,0,0,0,0,0,0,0,0,0,0,0,0,0,0,0,0,0,0,0,0,0,0,0,0,0,0,0,0,0,0,0,0,0,0,0,0,0,0,0,0,0,0,0,0,0
35,2,8,0,8,1,6,1,18,0,0,0,191,1,12,0,0,0,1,0,0,0,0,0,0,0,0,0,0,0,0,0,53,8,0,0,11,4,63,5,15,1,2,0,0,0,8,3,6,2,1,0,19,0,26,0,9,0,0,0,16,1,53,3,17,6,50,7,14,4,52,11,2,1,11,2,42,6,7,1,0,0,0,2,1199,12,4,0,102,1,0,0,6,0,0,0,0,0,2,0,1,0,0,0,0,0,3,0,0,0,0,0,1,1,0,0,0,0,0,0,0,0,2,0,1,0,3,0,16,8,0,1,0,0,1,0,0,0,3,0,2,0,3,0,14,2,1,0,7,0,0,0,0,0,1,1,0,0,0,0,0,0,0,0,0,1,0,0,0,0
1,19,0,4,0,19,0,17,0,9,0,0,2,150,0,1,0,0,0,0,0,0,0,0,0,0,0,0,0,0,0,0,5,145,0,0,6,31,12,22,2,3,1,0,0,0,0,12,0,16,0,1,1,4,0,6,0,1,0,1,6,8,5,7,12,3,11,59,1,5,9,107,0,2,3,1,13,26,3,8,0,0,2,0,9,1001,0,10,6,4,0,0,0,2,0,1,1,1,0,1,0,0,0,0,0,0,4,1,0,0,2,1,1,0,0,0,0,0,0,0,0,0,1,0,0,1,0,3,8,16,0,0,0,0,0,0,0,0,0,2,1,4,0,3,3,6,0,2,5,0,0,0,0,0,0,0,0,0,1,0,0,0,0,1,0,0,0,0,0,0
745,8,123,1,147,4,58,0,41,0,0,0,344,0,55,5,0,0,3,0,1,0,0,0,0,0,0,0,0,0,0,0,196,21,0,0,38,14,201,29,100,4,16,0,0,0,94,14,60,7,43,1,104,5,279,11,80,0,24,1,177,6,114,11,65,11,1164,20,305,28,189,55,9,1,14,2,311,29,47,8,0,0,1199,9,0,42,597,1,3740,9,1,0,60,4,1,0,1,0,6,0,3,0,0,0,1,0,1,0,1,1,1,0,1,7,0,0,0,0,0,0,1,0,2,0,5,2,17,1,39,27,2,0,1,0,1,0,0,0,30,0,7,1,14,0,52,2,4,3,15,3,0,0,0,0,4,3,0,0,0,0,0,0,4,0,1,0,0,0,2,0
11,855,1,62,0,266,1,242,1,29,0,0,2,336,11,23,0,0,0,0,0,0,0,0,0,0,0,0,0,0,0,0,18,464,0,0,14,63,47,113,23,73,1,13,0,1,18,228,7,199,1,160,3,90,12,123,1,52,2,120,9,195,28,41,19,12,31,1036,13,374,36,320,5,7,9,9,33,182,8,31,0,0,12,1001,42,0,1,1419,21,1979,0,27,3,93,1,0,2,0,2,3,0,0,0,0,1,0,1,0,3,0,2,0,1,1,0,0,0,0,0,0,0,0,0,0,2,1,2,7,37,32,1,1,0,0,3,3,0,1,2,4,0,2,4,5,22,16,2,1,5,6,0,0,0,0,1,3,0,0,0,0,0,0,0,0,0,2,0,0,0,0
11,1,34,6,36,4,173,0,28,3,40,2,197,0,10,1,22,1,26,3,22,2,25,1,3,1,0,0,13,0,7,0,327,0,0,0,3,1,4,2,406,1,78,0,865,0,3,2,1,1,11,1,5,0,19,0,13,1,98,0,10,0,0,0,0,0,1,0,4,0,0,3,4,0,34,5,859,4,84,0,0,0,4,0,597,1,0,0,1064,1,525,1,568,1,0,0,0,0,1,0,0,0,0,0,0,0,0,0,0,0,0,0,0,0,0,0,0,0,0,0,0,0,0,0,5,0,5,0,1,0,1,0,0,0,1,0,0,0,30,0,0,0,1,0,13,0,1,0,0,0,1,0,4,2,5,6,61,1,0,0,0,0,3,0,0,0,0,0,1,0
0,14,9,99,7,50,0,3,1,66,2,180,0,1,0,4,3,37,12,34,3,22,1,17,0,10,0,13,0,25,0,0,5,335,0,0,0,10,3,4,0,321,0,252,0,532,0,20,0,11,0,40,1,1,1,10,0,7,0,98,0,0,1,2,1,0,1,1,0,3,0,13,0,0,1,12,12,498,3,38,0,0,0,10,1,1419,0,0,2,374,0,966,0,405,0,0,0,0,0,2,0,0,0,0,0,0,1,0,1,0,0,0,0,0,0,0,0,0,1,0,0,0,0,0,0,2,0,2,0,2,0,0,0,0,0,2,0,0,0,21,0,1,0,4,0,16,0,0,1,0,4,4,3,5,8,14,1,37,1,0,0,0,1,0,0,0,0,0,1,0
503,7,294,2,87,1,14,1,19,1,2,0,29,0,199,8,0,0,1,0,0,0,1,0,1,0,0,0,0,0,0,0,145,10,0,0,31,6,197,51,278,3,13,1,41,1,139,27,112,14,90,7,125,5,1936,2,383,1,68,5,188,1,257,4,312,2,426,3,2300,10,174,25,27,1,13,0,468,16,81,6,0,0,102,6,3740,21,1064,2,0,11,204,0,3578,4,2,0,0,0,5,1,1,0,1,0,0,0,1,0,1,0,1,0,0,2,0,0,0,0,0,0,0,0,0,0,8,0,23,1,51,9,2,1,0,0,8,1,1,0,42,0,2,0,17,2,42,1,2,1,5,0,0,0,0,0,5,2,6,0,1,0,0,0,4,1,0,0,0,0,0,0
8,1089,0,73,0,78,0,15,0,6,0,7,0,2,0,21,0,0,0,2,1,1,0,0,0,1,0,0,0,0,0,0,5,188,0,0,3,19,19,35,6,334,4,28,0,10,15,345,6,259,1,313,0,364,8,3566,6,343,1,443,1,559,4,97,4,47,1,381,2,2195,13,225,2,11,2,10,13,157,2,20,0,0,1,4,9,1979,1,374,11,0,0,774,9,4378,1,0,0,0,0,3,3,0,0,0,0,0,1,0,1,0,1,0,0,2,0,0,0,0,0,0,0,0,0,0,0,1,1,6,6,8,1,1,0,0,0,0,0,0,4,25,0,2,0,4,2,23,0,3,2,2,0,0,1,0,1,2,0,3,0,0,0,0,0,0,0,0,0,0,0,0
1,0,0,0,0,0,0,0,0,0,1,0,0,0,0,0,0,0,1,0,0,0,1,0,0,0,0,0,1,0,0,0,8,0,0,0,0,0,0,0,313,0,13,0,158,0,0,0,0,0,0,0,0,0,0,0,0,0,275,0,0,0,0,0,0,0,0,0,0,0,0,0,0,0,2,0,34,0,11,0,0,0,0,0,1,0,525,0,204,0,0,0,1553,0,0,0,0,0,0,0,0,1,0,0,0,0,0,0,0,0,0,0,0,0,0,0,0,0,0,0,0,0,0,0,0,0,0,0,0,0,0,0,0,0,1,0,0,0,4,0,0,0,0,0,0,0,0,0,0,0,0,0,0,0,0,0,3,0,0,0,0,0,0,0,0,0,0,0,0,0
0,2,2,11,0,4,0,1,0,10,0,19,0,0,1,1,0,6,1,3,0,1,0,1,0,0,0,2,0,1,0,0,0,22,0,0,0,1,0,0,0,251,0,64,0,270,0,3,0,1,0,5,0,1,0,0,0,0,0,339,0,1,0,0,0,0,0,0,0,0,0,0,0,0,0,4,9,95,1,13,0,0,0,0,0,27,1,966,0,774,0,0,1,1602,1,0,0,0,0,1,0,0,0,0,0,0,0,0,0,0,1,0,0,0,0,0,0,0,0,0,0,0,0,0,0,1,0,0,0,2,0,0,0,0,0,0,0,0,0,5,0,1,0,0,1,2,0,0,0,0,0,0,0,1,0,1,0,23,0,0,0,0,0,0,0,0,0,0,0,0
2,1,5,0,2,0,1,0,3,0,0,0,1,0,4,0,1,0,1,0,0,0,0,0,0,0,0,0,0,0,0,0,32,2,0,0,3,1,39,13,1034,1,173,0,173,1,52,8,36,11,167,3,27,2,428,5,444,1,2960,1,2,0,14,1,5,0,2,0,17,1,44,13,0,0,3,0,424,2,122,2,0,0,6,0,60,3,568,0,3578,9,1553,1,0,5,0,0,0,0,1,0,1,0,0,0,1,0,1,0,0,1,0,0,1,1,0,0,0,0,0,1,0,0,0,0,5,0,2,0,4,2,0,0,2,0,5,0,0,0,74,0,0,0,4,0,21,0,1,0,1,0,0,0,0,0,0,0,15,1,0,0,0,0,4,0,1,0,0,0,0,0
0,145,1,44,1,14,0,1,0,20,0,26,0,4,1,6,0,0,2,4,0,0,1,1,0,0,0,1,0,3,0,0,1,173,0,0,0,11,14,32,6,976,1,69,1,86,16,284,1,130,1,523,1,126,2,856,4,1504,3,3809,0,44,5,22,1,2,0,9,2,114,7,96,0,7,1,5,16,283,3,37,0,0,0,2,4,93,1,405,4,4378,0,1602,5,0,2,0,0,0,0,0,1,0,0,0,0,0,1,0,0,0,0,0,0,0,0,0,0,0,1,0,0,0,0,0,0,1,1,3,3,2,0,0,0,0,0,1,0,0,1,27,0,2,1,4,1,11,0,2,0,0,0,0,1,0,1,3,1,21,0,0,0,0,0,1,1,0,0,0,0,0
3,2,1,3,1,0,0,2,2,0,0,0,0,0,3,8,0,0,0,0,0,0,0,0,0,0,0,0,0,0,0,0,1,1,0,0,1,5,2,0,1,1,14,0,1,0,1,1,0,1,281,4,0,0,0,0,0,0,70,0,3,10,3,1,0,0,0,2,1,2,5,6,0,10,8,1,4,9,4,27,0,0,0,0,1,1,0,0,2,1,0,1,0,2,0,41,4092,62,254,39,1347,35,5178,53,649,33,414,205,257,84,32,38,4,27,139,115,375,13,0,3,0,0,0,0,4,1,6,3,17,8,1,0,1,0,4,1,1,0,0,1,0,0,1,0,2,1,0,1,3,0,0,0,0,0,0,0,0,0,21,9,3,0,2,2,14,6,0,0,7,2
1,1,0,0,0,0,0,1,0,0,0,0,0,0,1,0,0,0,0,1,0,0,0,0,0,0,0,0,0,0,0,0,1,0,0,0,0,2,0,0,2,1,10,2,0,0,141,0,0,0,113,404,0,0,0,0,0,0,0,28,1,2,0,0,0,0,1,0,0,0,0,2,2,1,1,2,1,5,1,2,0,0,0,1,0,0,0,0,0,0,0,0,0,0,41,0,54,4331,13,508,65,1263,31,3719,47,386,113,913,35,145,30,9,1,1,87,105,179,9,2,1,0,0,0,0,1,0,3,0,0,5,1,0,0,0,0,0,0,0,0,0,0,0,0,0,0,2,0,0,1,0,0,0,0,0,0,0,0,0,7,1,1,2,1,2,0,0,0,0,1,2
1,6,0,1,0,0,0,0,0,0,0,0,0,0,1,6,0,0,1,0,1,0,0,0,0,0,0,0,0,0,0,0,0,1,0,0,2,3,1,1,3,1,7,1,0,0,0,1,0,0,3,6,0,0,1,0,0,0,0,0,0,5,1,0,1,0,1,1,1,0,3,2,0,6,2,3,1,4,10,13,0,0,0,1,1,2,0,0,0,0,0,0,0,0,4092,54,0,250,248,34,810,31,867,52,1848,31,646,150,263,60,40,36,2,19,122,107,791,80,3,5,0,0,0,0,3,0,8,1,16,6,4,0,2,0,6,1,0,0,0,0,0,0,0,0,2,0,1,1,1,1,0,0,0,0,0,0,0,0,5,3,2,0,1,0,6,4,0,0,7,1
1,2,0,1,0,0,0,0,0,0,0,0,0,2,3,1,0,0,0,0,0,0,0,0,0,0,0,0,0,0,0,0,0,1,0,0,1,0,0,0,1,2,7,2,0,0,1,0,0,0,3,16,0,0,0,0,0,0,0,0,0,1,0,0,0,0,0,0,0,0,0,0,0,0,1,1,2,0,6,6,0,0,0,1,0,0,0,0,0,0,0,0,0,0,62,4331,250,0,14,316,82,699,45,810,43,2897,134,1300,47,135,26,21,2,13,159,111,639,61,5,2,0,0,0,0,0,0,4,0,3,2,1,0,0,0,2,0,0,0,1,0,0,0,0,0,1,0,0,1,1,0,0,0,0,0,0,0,0,0,4,1,0,0,0,4,0,3,0,0,0,1
11,7,3,3,3,3,3,3,1,0,0,0,0,1,7,7,0,0,0,0,0,0,0,0,0,0,0,0,0,0,0,0,4,4,0,0,9,11,10,3,26,3,33,0,2,0,3,2,0,1,34,1,1,0,8,0,2,0,2,2,12,6,9,2,7,1,2,2,3,0,16,4,10,9,24,6,41,15,33,28,0,0,2,0,6,2,1,0,5,0,0,0,1,0,254,13,248,14,0,45,309,40,257,17,185,7,457,48,805,79,80,29,87,368,38,15,13,5,23,27,2,0,0,0,68,6,162,53,304,63,61,7,13,0,143,11,14,0,6,2,10,0,44,2,104,2,14,2,31,0,0,0,0,0,2,1,0,0,49,5,6,1,11,2,95,34,0,0,123,5
3,11,0,8,1,3,0,1,2,1,0,0,0,1,0,13,0,0,1,1,0,0,0,0,0,0,0,0,0,0,0,0,0,5,0,0,3,9,0,1,3,7,11,12,0,0,0,1,0,1,0,154,0,0,0,0,0,1,0,0,2,20,0,3,1,0,1,1,1,0,2,13,2,10,3,8,3,11,9,37,0,0,0,1,0,3,0,2,1,3,0,1,0,0,39,508,34,316,45,0,90,1067,18,307,38,238,140,1238,152,531,86,66,63,97,101,33,28,43,321,65,0,0,0,0,3,8,7,42,12,103,3,7,0,0,1,12,0,2,2,5,0,39,0,43,0,7,0,3,0,3,0,0,0,0,1,1,0,0,6,9,3,19,3,18,3,21,0,0,16,2
2,15,1,4,1,1,0,0,1,0,0,0,0,4,3,7,0,0,1,0,0,0,0,0,0,0,0,0,0,0,0,0,2,2,0,0,3,7,4,0,11,0,101,2,3,0,2,3,3,1,21,6,0,0,8,1,0,0,0,1,7,10,2,1,2,0,0,4,0,1,4,5,6,8,11,5,13,7,16,30,0,0,1,0,3,0,0,0,1,3,0,0,1,1,1347,65,810,82,309,90,0,622,3181,214,553,37,772,272,385,117,71,52,6,94,1343,249,143,33,3,12,0,0,1,0,10,0,13,3,48,3,1,0,2,0,9,1,0,0,1,0,6,0,13,0,40,1,2,0,2,0,0,0,0,0,0,0,0,0,18,2,7,0,7,2,9,3,0,0,5,2
