0,15,1555,2,2242,0,607,0,469,0,1,0,573,0,332,16,0,0,2,0,0,0,0,0,0,0,0,0,0,0,1,0,426,0,0,0,484,164,7,0,1,0,0,0,1,0,2,1,3,0,0,0,0,0,0,0,0,0,0,0,4753,17,54,0,82,0,205,10,10,1,257,8,1288,9,322,1,106,0,21,0,0,0,1,0,18,0,5,0,0,0,0,0,1,0,0,0,0,0,0,0,0,0,0,0,0,0,0,1,0,0,1,3,0,0,0,0,0,0,0,0,1,0,46,0,24,0,334,0,25,0,1,0,2,0,32,1,12,0,0,0,0,0,0,0,40,0,11,0,9,0,0,0,2,0,48,5,0,0,1,0,1,0,4,0,6,2,0,2,0,0
15,0,3,2176,1,2367,0,1380,0,198,0,0,0,455,2,560,0,0,0,0,0,0,0,0,0,0,0,0,0,0,0,0,1,57,0,0,36,225,0,0,0,3,0,0,0,0,0,0,1,1,0,1,0,6,0,6,0,0,0,0,12,3560,1,59,0,89,0,593,0,103,2,143,5,610,0,107,0,120,0,62,0,0,0,2,0,55,0,0,0,15,0,0,0,1,0,0,0,0,0,0,0,0,0,0,0,0,0,0,0,0,0,0,0,0,0,0,0,0,0,0,0,0,0,0,0,5,3,70,1,15,0,0,0,0,0,0,1,0,0,0,0,0,0,0,0,0,0,2,0,7,0,0,0,0,3,2,0,0,0,0,0,0,0,1,0,0,0,0,0,0
1555,3,0,30,6662,7,260,3,877,1,189,0,5,0,2167,20,61,0,3363,13,806,4,285,2,226,0,333,0,86,0,6,0,288,10,0,0,510,79,0,0,0,0,0,0,0,0,0,0,0,0,0,0,0,0,0,0,0,0,0,0,242,6,5,0,7,3,6,1,1,0,72,4,322,3,107,4,17,0,1,1,0,0,0,0,0,0,0,0,0,0,0,0,0,0,0,0,0,0,0,0,0,0,0,0,0,0,0,0,0,0,0,0,0,0,0,0,0,0,0,0,0,0,4,0,6,0,63,1,1,0,0,0,0,0,9,3,1,0,0,0,0,0,0,0,2,0,0,0,0,0,112,27,350,67,838,131,16,0,0,0,0,0,1,0,0,0,0,0,0,0
2,2176,30,0,51,6180,0,314,0,435,0,365,0,8,3,3145,11,6,12,3262,1,423,7,8,0,24,1,388,0,29,0,20,0,106,0,0,4,704,0,0,0,0,0,0,0,0,0,0,0,0,0,0,0,1,0,1,0,0,0,0,0,201,0,6,0,6,0,61,0,9,1,28,0,73,6,30,0,34,0,6,0,0,0,0,0,3,0,3,0,0,0,0,0,0,0,0,0,0,0,0,0,0,0,0,0,0,0,0,0,0,0,0,0,0,0,0,0,0,0,0,0,0,0,0,0,1,0,10,0,2,0,0,0,0,0,0,0,0,0,0,0,0,0,1,0,2,0,0,0,0,20,31,21,740,70,535,0,4,0,0,0,0,0,0,0,0,0,0,0,0
2242,1,6662,51,0,19,460,2,3060,4,601,0,13,0,173,19,78,0,243,9,32,15,114,7,65,0,952,4,90,0,234,0,245,4,0,0,133,53,0,0,0,0,0,0,0,0,1,0,0,0,0,0,0,0,0,0,0,0,0,0,60,0,2,0,3,0,8,0,0,1,2,1,20,2,351,12,22,0,6,0,0,0,0,0,0,0,1,0,0,0,0,0,0,0,0,0,0,0,0,0,0,0,0,0,0,0,0,0,0,0,0,0,0,0,0,0,0,0,0,0,0,0,4,0,15,0,108,0,2,0,0,0,0,0,21,1,2,0,0,0,0,0,0,0,2,0,0,0,0,0,98,61,78,156,335,109,23,7,0,0,0,0,0,0,0,1,0,0,0,0
0,2367,7,6180,19,0,0,1629,0,3192,0,910,0,38,1,181,2,6,3,534,2,71,3,2,0,7,0,458,0,20,0,118,0,701,0,0,3,69,0,0,0,0,0,0,0,0,0,0,0,0,0,0,0,0,0,2,0,0,0,0,0,179,0,4,0,7,0,63,0,10,0,14,0,18,1,122,0,398,0,85,0,0,0,1,0,2,0,2,0,3,0,0,0,4,0,0,0,0,1,0,0,0,0,0,0,0,0,0,0,0,0,1,0,0,0,0,0,0,0,0,0,0,0,0,0,20,1,14,0,0,0,2,0,0,0,0,0,2,0,0,0,0,0,0,0,1,0,0,0,0,7,2,3,72,24,90,1,3,0,0,0,0,0,0,0,0,0,1,0,0
607,0,260,0,460,0,0,0,3199,0,1,0,1203,0,109,4,0,0,9,0,0,0,0,0,0,0,0,0,0,0,0,0,181,0,0,0,89,3,0,0,0,0,0,0,0,0,0,0,0,0,0,0,0,0,0,0,0,0,0,0,46,0,0,0,0,0,50,0,0,0,3,0,24,1,192,2,17,0,1,0,0,0,1,0,114,0,26,0,0,0,0,0,0,0,0,0,0,0,0,0,0,0,0,0,0,0,0,0,0,0,0,0,0,0,0,0,0,0,0,0,1,0,2,0,9,0,73,0,2,0,0,0,0,0,7,1,2,0,0,0,0,0,0,0,4,0,0,0,1,0,0,0,4,0,17,0,0,0,0,0,0,0,0,0,0,0,0,0,0,0
0,1380,3,314,2,1629,0,0,0,2226,0,2,0,834,0,124,0,0,0,12,0,0,0,0,0,0,0,0,0,0,0,0,0,680,0,0,1,53,0,0,0,1,0,0,0,0,0,0,0,2,0,0,0,3,0,1,0,0,0,1,0,291,0,37,0,18,0,156,0,21,1,44,0,23,0,119,0,73,0,35,0,0,0,32,0,16,0,0,0,4,0,0,0,0,0,0,0,0,0,0,0,0,0,0,0,0,0,0,0,0,0,0,0,0,0,0,0,0,0,0,0,0,0,0,0,5,0,29,0,4,0,1,0,0,0,1,0,1,0,0,0,0,0,0,0,2,0,0,0,1,0,0,0,0,6,14,0,0,0,0,0,0,0,0,0,0,0,0,0,0
469,0,877,0,3060,0,3199,0,0,0,1372,0,134,0,77,0,7,0,38,0,9,0,10,1,1,0,19,0,87,0,213,0,771,0,0,0,23,2,0,0,0,0,0,0,0,0,0,0,0,0,0,0,0,0,0,0,0,0,0,0,4,0,0,0,0,0,7,0,0,0,1,0,2,0,104,1,13,0,0,0,0,0,1,0,1,0,10,0,0,0,0,0,0,0,0,0,0,0,0,0,0,0,0,0,0,0,0,0,0,0,0,0,0,0,0,0,0,0,0,0,0,0,2,0,3,0,32,0,0,0,0,0,0,0,5,0,0,0,0,0,0,0,0,0,4,0,0,0,0,0,0,0,1,1,18,4,2,0,0,0,0,0,0,0,0,0,0,0,0,0
0,198,1,435,4,3192,0,2226,0,0,0,493,0,62,0,30,0,0,2,314,0,5,0,0,0,2,0,8,0,1,0,17,0,1051,0,0,1,29,0,0,0,3,0,1,0,0,0,0,0,1,0,0,0,1,0,1,0,0,0,1,0,61,0,13,0,3,0,28,0,7,0,21,1,21,0,83,0,191,0,79,0,0,0,13,0,3,0,0,0,5,0,0,0,1,0,0,0,0,0,0,0,0,0,0,0,0,0,0,0,0,0,0,0,1,0,0,0,0,0,0,0,0,0,0,0,31,0,57,0,6,0,0,0,0,0,1,0,4,0,0,0,0,0,0,0,4,0,2,0,0,0,0,1,65,6,54,0,1,0,0,0,0,0,0,0,1,0,0,0,0
1,0,189,0,601,0,1,0,1372,0,0,0,0,0,0,0,23,0,4,0,54,0,102,0,113,0,140,0,1611,0,919,0,248,0,0,0,0,0,0,0,0,0,0,0,0,0,0,0,0,0,0,0,0,0,0,0,0,0,0,0,0,0,0,0,0,0,0,0,0,0,0,0,0,0,7,0,7,0,0,0,0,0,0,0,0,0,78,0,0,0,0,0,0,0,0,0,0,0,0,0,0,0,0,0,0,0,0,0,0,0,0,0,0,0,0,0,0,0,0,0,0,0,0,0,0,0,0,0,0,0,0,0,0,0,0,0,0,0,0,0,0,0,0,0,0,0,0,0,0,0,2,0,1,0,1,0,6,0,0,0,0,0,0,0,0,0,0,0,0,0
0,0,0,365,0,910,0,2,0,493,0,0,0,0,0,0,0,18,0,594,0,45,1,18,0,44,0,232,0,480,0,350,0,393,0,0,0,3,0,0,0,0,0,0,0,0,0,0,0,0,0,0,0,0,0,0,0,0,0,0,0,0,0,0,0,0,0,0,0,0,0,0,0,0,0,13,0,156,0,7,0,0,0,0,0,0,0,2,0,1,0,0,0,1,0,0,0,0,0,0,0,0,0,0,0,0,0,0,0,0,0,0,0,0,0,0,0,0,0,0,0,0,0,0,0,0,0,0,0,0,0,0,0,0,0,1,0,0,0,0,0,0,0,0,0,0,0,0,0,0,0,1,0,70,0,11,0,1,0,0,0,0,0,0,0,0,0,0,0,0
573,0,5,0,13,0,1203,0,134,0,0,0,0,0,4,0,0,0,0,0,0,0,0,0,0,0,0,0,0,0,0,0,322,0,0,0,17,5,35,0,1,0,0,0,0,0,2,0,21,1,0,0,6,0,3,0,0,0,0,0,1515,0,3,0,85,1,283,1,18,1,20,3,4,0,10,0,59,1,9,0,0,0,420,0,985,1,234,0,4,0,0,0,0,0,0,0,0,0,0,0,0,0,1,0,0,0,0,0,0,0,1,0,0,0,0,0,0,0,0,0,0,0,4,0,2,0,29,0,0,0,0,0,0,0,0,0,1,0,0,0,0,0,0,0,6,0,0,0,3,0,0,0,0,0,0,0,0,0,0,0,0,0,0,0,2,0,0,0,0,1
0,455,0,8,0,38,0,834,0,62,0,0,0,0,0,29,0,0,0,0,0,0,0,1,0,0,0,0,0,0,0,0,0,592,0,0,0,29,0,0,0,2,0,0,0,0,0,0,0,2,0,0,0,2,0,0,0,0,0,3,0,1034,0,14,0,4,0,546,0,5,0,15,0,4,0,223,0,83,0,31,0,0,0,668,0,340,0,117,0,18,0,2,0,0,0,0,0,0,0,0,0,0,0,1,0,0,0,0,0,0,0,0,0,0,0,0,0,0,0,0,0,0,0,0,0,5,0,37,0,5,0,0,0,0,0,0,0,0,0,1,0,0,0,0,0,5,0,0,0,1,0,0,0,0,6,3,0,0,0,0,0,0,0,1,0,0,0,0,0,0
332,2,2167,3,173,1,109,0,77,0,0,0,4,0,0,22,0,0,1016,1,0,0,0,0,0,0,0,0,0,0,0,0,7,1,0,0,2156,38,6,0,0,0,0,0,0,0,0,0,1,0,0,0,0,0,0,0,0,0,0,0,31,1,13,0,4,0,6,0,1,0,66,1,1685,5,45,2,2,0,0,0,0,0,0,0,0,0,0,0,0,0,0,0,0,0,0,0,0,0,0,0,0,0,0,0,0,0,0,0,0,0,0,0,0,0,0,0,0,0,0,0,0,0,1,0,2,0,32,0,0,0,0,0,0,0,2,0,1,0,0,0,0,0,0,0,3,0,0,0,0,0,2,0,18,5,344,11,0,0,0,0,0,0,0,0,0,0,0,0,0,0
16,560,20,3145,19,181,4,124,0,30,0,0,0,29,22,0,0,0,0,382,0,0,0,0,0,0,0,0,0,0,0,0,2,33,0,0,36,2634,0,0,0,0,0,0,0,0,0,0,0,1,0,0,0,4,0,1,0,0,0,0,3,204,0,9,0,1,0,29,0,5,4,116,8,1628,2,68,0,37,0,22,0,0,0,4,0,1,0,0,0,0,0,0,0,0,0,0,0,0,0,1,0,0,0,0,0,0,0,0,0,0,0,0,0,0,0,0,0,0,0,0,0,0,0,0,0,3,0,31,0,5,0,1,0,0,0,0,0,0,0,0,0,0,0,0,0,2,0,0,0,2,0,0,0,7,57,170,0,0,0,0,0,0,0,1,0,0,0,0,0,0
0,0,61,11,78,2,0,0,7,0,23,0,0,0,0,0,0,20,18,5,254,9,614,23,34,0,7,4,41,0,7,1,259,0,0,0,0,0,0,0,1,0,1,0,0,0,0,0,0,0,0,0,0,0,0,0,0,0,0,0,0,0,0,0,0,0,0,0,0,0,0,0,0,0,264,101,594,0,8,0,0,0,0,0,0,0,1,0,0,0,0,0,0,0,0,0,0,0,0,0,0,0,0,0,0,0,0,0,0,0,0,0,0,0,0,0,0,0,0,0,2,0,0,0,5,0,0,0,0,0,0,0,0,0,2,0,0,0,0,0,0,0,0,0,0,0,0,0,0,0,613,12,83,9,0,1,724,4,0,0,0,0,0,0,0,0,0,0,0,0
0,0,0,6,0,6,0,0,0,0,0,18,0,0,0,0,20,0,1,18,0,316,0,518,0,31,0,15,0,29,0,0,0,233,0,0,0,0,0,0,0,0,0,0,0,0,0,0,0,0,0,0,0,0,0,0,0,0,0,0,0,0,0,0,0,0,0,0,0,0,0,0,0,0,26,187,0,241,0,0,0,0,0,0,0,0,0,2,0,2,0,0,0,0,0,0,0,0,0,0,0,0,0,0,0,0,0,0,0,0,0,0,0,0,0,0,0,0,0,0,0,2,0,0,0,0,0,0,0,0,0,0,0,0,0,0,0,0,0,0,0,0,0,0,0,0,0,0,0,0,11,262,2,15,1,1,0,611,0,0,0,0,0,0,0,0,0,0,0,0
2,0,3363,12,243,3,9,0,38,2,4,0,0,0,1016,0,18,1,0,6,622,1,53,0,23,1,13,1,5,0,0,0,15,0,0,0,306,3,0,0,0,0,0,0,0,0,0,0,0,0,0,0,0,0,0,0,0,0,0,0,0,0,0,0,0,0,0,0,0,0,1,0,4,0,6,0,1,0,0,0,0,0,0,0,0,0,0,0,0,0,0,0,0,0,0,0,0,0,0,0,0,0,0,0,0,0,0,0,0,0,0,0,0,0,0,0,0,0,0,0,0,0,0,0,0,0,1,0,0,0,0,0,0,0,0,0,0,0,0,0,0,0,0,0,0,0,0,0,0,0,87,8,1194,26,618,31,2,0,0,0,0,0,0,0,0,0,0,0,0,0
0,0,13,3262,9,534,0,12,0,314,0,594,0,0,1,382,5,18,6,0,0,301,2,7,0,97,0,110,0,43,0,14,0,223,0,0,0,620,0,0,0,0,0,0,0,0,0,0,0,0,0,0,0,0,0,0,0,0,0,0,0,0,0,0,0,0,0,1,0,0,0,0,0,1,2,19,0,32,0,1,0,0,0,0,0,0,0,2,0,2,0,0,0,0,0,0,0,0,0,0,0,0,0,0,0,0,0,0,0,0,0,0,0,0,0,0,0,0,0,0,0,0,0,0,0,0,0,0,0,0,0,0,0,0,0,0,0,0,0,0,0,0,0,0,0,0,0,0,0,0,7,46,6,1001,19,333,0,5,0,0,0,0,0,0,0,0,0,0,0,0
0,0,806,1,32,2,0,0,9,0,54,0,0,0,0,0,254,0,622,0,0,2,1043,5,419,0,61,0,74,0,0,0,59,0,0,0,0,0,0,0,0,0,0,0,0,0,0,0,0,0,0,0,0,0,0,0,0,0,0,0,0,0,0,0,0,0,0,0,0,0,0,0,0,0,46,3,18,0,5,0,0,0,0,0,0,0,0,0,0,0,0,0,0,0,0,0,0,0,0,0,0,0,0,0,0,0,0,0,0,0,0,0,0,0,0,0,0,0,0,0,0,0,0,0,0,0,0,0,0,0,0,0,0,0,1,0,0,0,0,0,0,0,0,0,0,0,1,0,0,0,314,4,184,1,28,7,87,0,0,0,0,0,0,0,0,0,0,0,0,0
0,0,4,423,15,71,0,0,0,5,0,45,0,0,0,0,9,316,1,301,2,0,1,1533,0,721,1,600,0,17,0,1,0,152,0,0,0,1,0,0,0,0,0,0,0,0,0,0,0,0,0,0,0,0,0,0,0,0,0,0,0,0,0,0,0,0,0,0,0,0,0,0,0,0,1,34,0,14,0,0,0,0,0,0,0,0,0,1,0,1,0,0,0,2,0,0,0,0,0,0,0,0,0,0,0,0,0,0,0,0,0,0,0,0,0,0,0,0,0,0,0,0,0,0,0,0,0,0,0,0,0,0,0,0,0,0,0,0,0,0,0,0,0,0,0,0,0,0,0,0,34,117,1,115,2,14,0,136,0,0,0,0,0,0,0,0,0,0,0,0
0,0,285,7,114,3,0,0,10,0,102,1,0,0,0,0,614,0,53,2,1043,1,0,14,1930,0,333,0,124,0,11,0,170,0,0,0,1,0,0,0,0,0,0,0,0,0,0,0,0,0,0,0,0,0,0,0,0,0,0,0,0,0,0,0,0,0,0,0,0,0,0,0,0,0,70,11,68,0,7,0,0,0,0,0,0,0,1,0,0,0,0,0,0,0,0,0,0,0,0,0,0,0,0,0,0,0,0,0,0,0,0,0,0,0,0,0,0,0,0,0,2,0,0,0,2,0,1,0,0,0,0,0,0,0,0,0,0,0,0,0,0,0,0,0,0,0,0,0,0,0,178,3,40,5,7,2,188,2,0,0,0,0,0,0,1,0,0,0,0,0
0,0,2,8,7,2,0,0,1,0,0,18,0,1,0,0,23,518,0,7,5,1533,14,0,0,1756,0,98,0,115,0,0,0,50,0,0,0,0,0,0,0,0,0,0,0,0,0,0,0,0,0,0,0,0,0,0,0,0,0,0,0,0,0,0,0,0,0,0,0,0,0,0,0,0,2,14,0,84,0,1,0,0,0,0,0,0,0,0,0,0,0,0,0,0,0,0,0,0,0,0,0,0,0,0,0,0,0,0,0,0,0,0,0,0,0,0,0,0,0,0,0,0,0,0,0,0,0,0,0,0,0,0,0,0,0,0,0,0,0,0,0,0,0,0,0,0,0,0,0,0,26,239,0,49,1,8,1,176,0,0,0,0,0,0,0,0,0,0,0,0
0,0,226,0,65,0,0,0,1,0,113,0,0,0,0,0,34,0,23,0,419,0,1930,0,0,0,412,0,356,0,8,0,125,0,0,0,0,0,0,0,0,0,0,0,0,0,0,0,0,0,0,0,0,0,0,0,0,0,0,0,0,0,0,0,0,0,0,0,0,0,0,0,0,0,17,0,48,0,2,0,0,0,0,0,0,0,0,0,0,0,0,0,0,0,0,0,0,0,0,0,0,0,0,0,0,0,0,0,0,0,0,0,0,0,0,0,0,0,0,0,0,0,0,0,2,0,0,0,0,0,0,0,0,0,0,2,0,0,0,0,0,0,0,0,0,0,0,0,0,0,12,0,23,0,1,0,3,0,0,0,0,0,0,0,0,0,0,0,0,0
0,0,0,24,0,7,0,0,0,2,0,44,0,0,0,0,0,31,1,97,0,721,0,1756,0,0,0,376,0,108,0,1,0,157,0,0,0,0,0,0,0,0,0,0,0,0,0,0,0,0,0,0,0,0,0,0,0,0,0,0,0,0,0,0,0,0,0,0,0,0,0,0,0,0,1,16,0,36,0,1,0,0,0,0,0,0,0,6,0,0,0,0,0,1,0,0,0,0,0,0,0,0,0,0,0,0,0,0,0,0,0,0,0,0,0,0,0,0,0,0,0,0,0,0,0,0,0,0,0,0,0,0,0,0,0,0,0,0,0,0,0,0,0,0,0,0,0,0,0,0,6,19,2,27,1,5,0,8,0,0,0,0,0,0,0,0,0,0,0,0
0,0,333,1,952,0,0,0,19,0,140,0,0,0,0,0,7,0,13,0,61,1,333,0,412,0,0,0,177,0,3,0,25,0,0,0,0,0,0,0,0,0,0,0,0,0,0,0,0,0,0,0,0,0,0,0,0,0,0,0,0,0,0,0,0,0,0,0,0,0,0,0,0,0,0,0,1,0,0,0,0,0,0,0,0,0,0,0,0,0,0,0,0,0,0,0,0,0,0,0,0,0,0,0,0,0,0,0,0,0,0,0,0,0,0,0,0,0,0,0,0,0,0,0,0,0,0,0,0,0,0,0,0,0,0,0,0,0,0,0,0,0,0,0,0,0,0,0,0,0,7,1,4,0,0,0,0,0,0,0,0,0,0,0,0,0,0,0,0,0
0,0,0,388,4,458,0,0,0,8,0,232,0,0,0,0,4,15,1,110,0,600,0,98,0,376,0,0,0,336,0,195,0,189,0,0,0,0,0,0,0,0,0,0,0,0,0,0,0,0,0,0,0,0,0,0,0,0,0,0,0,0,0,0,0,0,0,0,0,0,0,0,0,0,0,4,0,27,0,0,0,0,0,0,0,0,0,4,0,2,0,0,0,0,0,0,0,0,0,0,0,0,0,0,0,0,0,0,0,0,0,0,0,0,0,0,0,0,0,0,0,0,0,0,0,0,0,0,0,0,0,0,0,0,0,0,0,0,0,0,0,0,0,0,0,0,0,0,0,0,1,5,0,16,1,3,0,3,0,0,0,0,0,0,0,0,0,0,0,0
0,0,86,0,90,0,0,0,87,0,1611,0,0,0,0,0,41,0,5,0,74,0,124,0,356,0,177,0,0,0,486,0,997,0,0,0,0,0,0,0,0,0,0,0,0,0,0,0,0,0,0,0,0,0,0,0,0,0,0,0,0,0,0,0,0,0,0,0,0,0,0,0,0,0,7,0,38,0,0,0,0,0,0,0,0,0,33,0,0,0,0,0,0,0,0,0,0,0,0,0,0,0,0,0,0,0,0,0,0,0,0,0,0,0,0,0,0,0,0,0,0,0,0,0,0,0,0,0,0,0,0,0,0,0,0,0,0,0,0,0,0,0,0,0,0,0,0,0,0,0,2,0,3,0,1,0,1,0,0,0,0,0,0,0,0,0,0,0,0,0
0,0,0,29,0,20,0,0,0,1,0,480,0,0,0,0,0,29,0,43,0,17,0,115,0,108,0,336,0,0,0,335,0,519,0,0,0,0,0,0,0,2,0,0,0,0,0,0,0,0,0,0,0,0,0,0,0,0,0,0,0,0,0,0,0,0,0,0,0,0,0,0,0,0,0,5,0,133,0,0,0,0,0,0,0,0,0,7,0,0,0,0,0,0,0,0,0,0,0,0,0,0,0,0,0,0,0,0,0,0,0,0,0,0,0,0,0,0,0,0,0,0,0,0,0,0,0,0,0,0,0,0,0,0,0,0,0,0,0,0,0,0,0,0,0,0,0,0,0,0,0,0,0,4,0,0,0,1,0,0,0,0,0,0,0,0,0,0,0,0
1,0,6,0,234,0,0,0,213,0,919,0,0,0,0,0,7,0,0,0,0,0,11,0,8,0,3,0,486,0,0,0,39,0,0,0,0,0,0,0,0,0,0,0,0,0,0,0,0,0,0,0,0,0,0,0,0,0,0,0,0,0,0,0,0,0,0,0,0,0,0,0,0,0,1,0,1,0,0,0,0,0,0,0,0,0,0,0,0,0,0,0,0,0,0,0,0,0,0,0,0,0,0,0,0,0,0,0,0,0,0,0,0,0,0,0,0,0,0,0,0,0,0,0,0,0,0,0,0,0,0,0,0,0,0,0,0,0,0,0,0,0,0,0,0,0,0,0,0,0,1,0,0,0,1,0,0,0,0,0,0,0,0,0,0,0,0,0,0,0
0,0,0,20,0,118,0,0,0,17,0,350,0,0,0,0,1,0,0,14,0,1,0,0,0,1,0,195,0,335,0,0,0,7,0,0,0,0,0,0,0,0,0,0,0,0,0,0,0,0,0,0,0,0,0,0,0,0,0,0,0,0,0,0,0,0,0,0,0,0,0,0,0,0,0,0,0,3,0,0,0,0,0,0,0,0,0,1,0,0,0,0,0,0,0,0,0,0,0,0,0,0,0,0,0,0,0,0,0,0,0,0,0,0,0,0,0,0,0,0,0,0,0,0,0,0,0,0,0,0,0,0,0,0,0,0,0,0,0,0,0,0,0,0,0,0,0,0,0,0,0,0,0,1,0,1,0,0,0,0,0,0,0,0,0,0,0,0,0,0
426,1,288,0,245,0,181,0,771,0,248,0,322,0,7,2,259,0,15,0,59,0,170,0,125,0,25,0,997,0,39,0,0,0,0,0,63,12,13,0,594,0,26,0,438,0,12,0,18,0,3,0,4,0,19,0,0,0,71,0,553,3,10,0,49,1,124,2,23,1,27,5,16,1,134,2,1818,0,116,0,0,0,108,0,168,0,105,0,66,0,5,0,305,0,0,1,0,1,1,2,1,0,6,0,0,0,2,2,1,3,2,6,1,4,0,0,0,0,0,0,2,0,6,0,10,0,39,0,9,0,0,0,5,0,21,3,1,0,20,0,9,0,6,0,214,3,2,0,7,0,0,0,6,0,15,0,5,0,2,5,1,0,18,0,11,2,0,3,2,4
0,57,10,106,4,701,0,680,0,1051,0,393,0,592,1,33,0,233,0,223,0,152,0,50,0,157,0,189,0,519,0,7,0,0,0,0,0,65,2,6,1,613,0,13,0,77,2,43,2,22,0,14,2,7,2,6,0,12,0,133,0,96,1,70,0,18,0,157,1,8,1,147,0,12,0,918,0,2982,0,102,0,0,0,136,1,183,0,145,0,271,0,8,0,271,0,3,0,0,0,0,0,0,0,7,0,0,0,1,0,0,0,2,0,1,1,0,0,0,0,0,0,0,0,0,0,15,0,51,0,18,0,2,0,0,0,5,0,2,0,3,0,0,0,3,1,24,0,0,0,2,1,1,0,73,9,30,0,3,0,1,0,0,0,2,0,3,0,1,0,0
0,0,0,0,0,0,0,0,0,0,0,0,0,0,0,0,0,0,0,0,0,0,0,0,0,0,0,0,0,0,0,0,0,0,0,0,0,0,0,0,0,0,0,0,0,0,0,0,0,0,0,0,0,0,0,0,0,0,0,0,0,0,0,0,0,0,0,0,0,0,0,0,0,0,0,0,0,0,0,0,0,0,0,0,0,0,0,0,0,0,0,0,0,0,0,0,0,0,0,0,0,0,0,0,0,0,0,0,0,0,0,0,0,0,0,0,0,0,0,0,0,0,0,0,0,0,0,0,0,0,0,0,0,0,0,0,0,0,0,0,0,0,0,0,0,0,0,0,0,0,0,0,0,0,0,0,0,0,0,0,0,0,0,0,0,0,0,0,0,0
0,0,0,0,0,0,0,0,0,0,0,0,0,0,0,0,0,0,0,0,0,0,0,0,0,0,0,0,0,0,0,0,0,0,0,0,0,0,0,0,0,0,0,0,0,0,0,0,0,0,0,0,0,0,0,0,0,0,0,0,0,0,0,0,0,0,0,0,0,0,0,0,0,0,0,0,0,0,0,0,0,0,0,0,0,0,0,0,0,0,0,0,0,0,0,0,0,0,0,0,0,0,0,0,0,0,0,0,0,0,0,0,0,0,0,0,0,0,0,0,0,0,0,0,0,0,0,0,0,0,0,0,0,0,0,0,0,0,0,0,0,0,0,0,0,0,0,0,0,0,0,0,0,0,0,0,0,0,0,0,0,0,0,0,0,0,0,0,0,0
484,36,510,4,133,3,89,1,23,1,0,0,17,0,2156,36,0,0,306,0,0,0,1,0,0,0,0,0,0,0,0,0,63,0,0,0,0,276,1077,2,1,0,0,0,0,0,3,3,45,0,0,0,14,0,6,0,0,0,0,0,575,24,614,0,104,5,170,23,62,0,2078,14,1262,17,72,3,17,1,5,0,0,0,0,0,10,0,0,0,0,0,0,0,0,0,0,0,0,0,0,0,0,0,0,0,0,0,0,0,0,0,0,1,0,0,0,0,0,0,0,0,0,0,9,0,6,0,68,0,7,0,0,0,0,0,6,1,5,0,0,0,0,0,0,0,5,0,1,0,4,0,0,1,8,1,533,13,0,0,0,0,0,0,3,0,4,0,0,1,1,0
164,225,79,704,53,69,3,53,2,29,0,3,5,29,38,2634,0,0,3,620,0,1,0,0,0,0,0,0,0,0,0,0,12,65,0,0,276,0,34,644,0,15,1,1,0,0,5,7,30,102,4,11,1,24,5,8,0,1,0,2,149,374,22,54,7,86,30,204,9,81,66,2088,66,756,17,157,8,71,1,38,0,0,0,7,3,35,0,0,0,29,0,0,0,2,0,1,0,1,0,3,0,0,0,1,0,0,0,0,0,0,0,0,0,0,2,0,0,0,0,0,0,0,1,0,0,4,13,59,0,11,0,1,0,0,1,2,1,0,0,0,0,0,1,0,3,2,0,0,0,0,0,0,3,134,233,929,0,0,0,1,0,1,0,0,0,0,0,0,0,0
7,0,0,0,0,0,0,0,0,0,0,0,35,0,6,0,0,0,0,0,0,0,0,0,0,0,0,0,0,0,0,0,13,2,0,0,1077,34,0,172,44,2,4,4,0,0,331,176,571,10,50,54,137,0,38,0,0,0,2,13,35,0,194,0,41,0,51,1,28,1,818,181,0,0,25,0,16,2,13,1,0,0,16,1,30,2,0,0,2,1,0,0,0,0,0,0,0,1,1,2,0,0,1,0,0,0,0,0,0,1,3,7,0,1,3,0,0,0,0,0,0,0,2,0,7,0,14,1,2,0,0,0,4,0,6,1,1,0,0,1,0,0,0,0,2,2,0,1,2,0,0,0,0,0,1,0,0,0,2,1,1,0,22,1,9,2,0,0,0,0
0,0,0,0,0,0,0,0,0,0,0,0,0,0,0,0,0,0,0,0,0,0,0,0,0,0,0,0,0,0,0,0,0,6,0,0,2,644,172,0,8,20,1,2,0,0,60,153,14,97,17,37,3,5,5,1,0,1,0,7,0,0,0,0,0,0,0,1,1,7,43,1017,0,0,0,0,0,7,0,1,0,0,0,0,0,3,0,0,0,7,0,0,0,0,0,0,0,0,0,0,0,0,1,2,0,0,0,0,0,0,0,1,0,1,20,0,0,0,0,0,0,0,0,0,0,1,0,1,0,1,0,0,0,0,0,0,0,0,0,0,0,0,0,1,0,0,0,0,0,0,0,0,0,0,0,0,0,0,0,0,0,0,0,1,0,0,0,0,0,0
1,0,0,0,0,0,0,0,0,0,0,0,1,0,0,0,1,0,0,0,0,0,0,0,0,0,0,0,0,0,0,0,594,1,0,0,1,0,44,8,0,0,1354,1,670,0,2,15,1,0,103,2,1,0,5,0,3,0,331,0,7,0,2,0,1,0,4,0,1,0,58,12,0,0,19,1,779,2,185,3,0,0,82,0,690,0,458,0,185,0,116,0,455,0,0,2,0,2,11,7,6,2,2,1,1,0,15,12,18,6,36,35,8,48,0,1,0,1,0,2,5,0,1,0,18,3,40,3,0,0,4,0,11,0,37,10,1,0,145,0,11,0,31,0,165,7,2,2,2,1,0,0,0,0,0,0,6,0,2,7,0,0,210,1,16,5,7,12,12,24
0,3,0,0,0,0,0,1,0,3,0,0,0,2,0,0,0,0,0,0,0,0,0,0,0,0,0,0,0,2,0,0,0,613,0,0,0,15,2,20,0,0,1,505,0,544,1,20,1,2,3,79,2,3,0,3,0,6,0,599,0,7,0,9,0,0,0,5,1,1,2,100,0,3,0,70,0,1147,0,325,0,0,1,2,0,512,0,851,0,154,0,281,0,453,0,4,0,4,0,39,0,4,0,9,0,5,0,16,0,2,1,21,1,9,0,0,0,0,0,0,0,0,1,0,0,47,1,124,0,33,0,3,0,0,2,24,0,7,0,188,0,16,0,87,3,245,0,2,0,21,0,0,0,1,0,0,0,4,1,0,0,2,0,71,0,5,0,2,6,1
0,0,0,0,0,0,0,0,0,0,0,0,0,0,0,0,1,0,0,0,0,0,0,0,0,0,0,0,0,0,0,0,26,0,0,0,0,1,4,1,1354,1,0,1,138,0,16,4,1,0,761,1,0,0,1,0,0,0,1738,1,0,0,0,0,0,0,0,0,0,0,104,1,0,0,0,1,36,0,5,4,0,0,56,0,30,0,161,0,13,0,72,0,87,0,1,0,1,1,2,8,62,1,2,0,0,0,21,5,18,6,68,18,0,2,0,0,0,0,0,1,0,0,0,0,1,1,1,3,0,0,0,0,0,0,2,4,0,1,1,0,0,0,1,0,16,5,0,0,0,1,0,0,0,0,0,0,7,0,2,2,0,3,14,1,2,2,4,4,3,7
0,0,0,0,0,0,0,0,0,1,0,0,0,0,0,0,0,0,0,0,0,0,0,0,0,0,0,0,0,0,0,0,0,13,0,0,0,1,4,2,1,505,1,0,0,437,4,11,0,1,0,780,1,0,0,0,0,2,0,2565,0,0,0,0,0,0,0,2,0,0,5,23,0,0,0,8,1,28,0,9,0,0,0,0,0,21,0,165,0,6,0,192,0,108,0,2,0,6,0,24,0,53,0,9,0,2,0,24,0,2,0,28,0,1,1,0,0,0,0,0,0,0,0,0,0,5,0,6,0,3,0,0,0,0,0,3,0,2,0,30,0,0,0,4,0,26,0,0,1,4,0,0,0,0,0,0,0,0,2,1,1,1,21,4,0,1,0,2,1,0
1,0,0,0,0,0,0,0,0,0,0,0,0,0,0,0,0,0,0,0,0,0,0,0,0,0,0,0,0,0,0,0,438,0,0,0,0,0,0,0,670,0,138,0,0,0,1,0,0,0,0,0,0,0,0,0,0,0,10,0,0,0,0,0,0,0,0,0,0,0,0,0,0,0,12,1,242,0,97,0,0,0,0,0,1,0,654,0,54,0,65,0,19,0,0,0,0,0,0,0,0,0,0,0,0,1,0,0,0,0,1,0,0,0,0,0,0,0,0,0,0,0,0,0,4,0,5,0,0,1,0,0,3,0,11,0,3,0,13,0,0,0,0,0,3,0,1,0,1,0,0,0,0,0,0,0,4,0,1,0,0,0,7,0,0,0,0,0,0,0
0,0,0,0,0,0,0,0,0,0,0,0,0,0,0,0,0,0,0,0,0,0,0,0,0,0,0,0,0,0,0,0,0,77,0,0,0,0,0,0,0,544,0,437,0,0,0,0,0,0,0,0,0,0,0,0,0,0,0,198,0,0,0,0,0,0,0,0,0,0,0,0,0,0,0,11,0,311,0,51,0,0,0,0,0,0,0,497,0,15,0,136,0,244,0,0,0,0,0,0,0,0,0,0,0,0,0,0,0,0,1,0,0,0,0,0,0,0,0,0,0,0,0,0,0,11,0,1,0,0,0,3,0,0,0,0,0,1,0,21,0,0,0,0,0,0,0,0,0,0,0,0,0,0,0,0,0,18,0,0,0,0,0,0,0,1,0,0,0,0
2,0,0,0,1,0,0,0,0,0,0,0,2,0,0,0,0,0,0,0,0,0,0,0,0,0,0,0,0,0,0,0,12,2,0,0,3,5,331,60,2,1,16,4,1,0,0,2899,1875,784,3046,1183,2679,103,2425,19,327,9,48,13,25,0,65,0,30,0,2,0,70,0,960,298,0,0,2,0,15,2,0,0,0,0,39,0,114,5,0,0,267,5,0,0,4,0,296,41,0,0,0,0,19,2,167,38,0,0,0,0,0,0,0,1,0,0,7,115,3,0,0,0,0,0,0,0,0,1,2,0,1,0,0,0,0,0,0,0,0,0,0,1,0,0,0,0,2,1,0,0,0,0,0,0,0,0,0,0,0,0,0,0,0,0,2,0,0,0,0,0,0,0
1,0,0,0,0,0,0,0,0,0,0,0,0,0,0,0,0,0,0,0,0,0,0,0,0,0,0,0,0,0,0,0,0,43,0,0,3,7,176,153,15,20,4,11,0,0,2899,0,383,3188,577,2381,14,1284,3,632,0,866,3,192,1,2,3,3,0,0,0,2,0,0,300,1023,1,1,0,4,0,44,0,3,0,0,0,19,0,133,0,0,0,232,0,0,0,166,0,122,0,0,0,0,0,23,0,140,0,0,0,2,0,0,0,0,0,1,59,7,0,0,0,0,0,0,0,0,0,1,0,1,0,2,0,0,0,0,0,0,0,0,0,4,0,0,0,2,1,19,0,1,0,1,0,0,0,0,0,0,0,0,0,0,0,0,0,0,0,1,0,0,0,0
3,1,0,0,0,0,0,0,0,0,0,0,21,0,1,0,0,0,0,0,0,0,0,0,0,0,0,0,0,0,0,0,18,2,0,0,45,30,571,14,1,1,1,0,0,0,1875,383,0,1034,113,20,3338,145,424,2,1,0,1,0,53,0,542,12,202,0,7,1,132,0,1882,462,0,3,6,0,18,2,8,2,0,0,26,0,20,2,0,0,7,0,0,0,2,0,1,0,0,0,1,1,3,0,2,0,0,0,1,1,0,2,1,3,1,0,2,0,0,0,0,0,2,0,0,0,2,1,4,0,1,0,0,0,1,0,4,1,0,0,1,0,0,0,0,1,4,2,0,0,0,0,0,0,0,0,0,0,0,0,1,0,1,0,9,0,3,1,0,1,3,1
0,1,0,0,0,0,0,2,0,1,0,0,1,2,0,1,0,0,0,0,0,0,0,0,0,0,0,0,0,0,0,0,0,22,0,0,0,102,10,97,0,2,0,1,0,0,784,3188,1034,0,29,257,4,3281,0,384,0,66,0,29,1,3,0,229,0,1,0,6,0,23,276,2581,0,4,0,0,0,9,0,1,0,0,0,1,1,11,0,0,0,37,0,0,0,16,0,8,0,0,0,1,1,2,0,31,0,0,0,0,0,1,0,0,0,0,0,0,0,0,0,0,0,0,0,0,0,1,0,1,0,1,0,0,0,0,0,1,0,0,0,0,0,0,0,0,0,1,0,0,0,0,0,0,0,0,0,0,0,0,0,0,0,0,0,1,0,0,0,0,0,0
0,0,0,0,0,0,0,0,0,0,0,0,0,0,0,0,0,0,0,0,0,0,0,0,0,0,0,0,0,0,0,0,3,0,0,0,0,4,50,17,103,3,761,0,0,0,3046,577,113,29,0,292,285,4,1341,2,1820,1,1370,7,0,0,6,0,4,0,0,0,7,0,569,115,0,0,0,0,5,1,0,0,0,0,36,0,112,0,0,0,710,3,0,0,21,0,1463,5,0,0,25,0,965,0,2104,4,0,0,7,3,2,1,8,3,1,144,48,369,0,0,0,1,0,0,0,0,0,0,1,0,0,0,0,0,0,0,0,0,0,0,0,0,0,0,0,0,0,0,0,0,0,0,0,0,0,0,0,0,0,0,0,0,0,0,1,0,4,1,4,2,0,3
0,1,0,0,0,0,0,0,0,0,0,0,0,0,0,0,0,0,0,0,0,0,0,0,0,0,0,0,0,0,0,0,0,14,0,0,0,11,54,37,2,79,1,780,0,0,1183,2381,20,257,292,0,2,211,0,311,0,1201,0,1426,0,0,1,2,0,0,0,0,0,0,59,529,0,1,0,8,0,12,0,0,0,0,0,10,0,82,0,0,0,170,0,1,0,57,0,1116,0,0,0,52,0,734,0,1887,0,0,0,4,0,2,1,3,4,114,572,577,5,0,0,0,0,0,0,0,0,0,0,3,0,8,0,0,0,0,0,3,0,0,0,2,0,0,0,4,0,31,0,1,0,3,0,0,0,0,0,0,0,0,0,1,0,0,0,0,0,0,1,11,1,2
0,0,0,0,0,0,0,0,0,0,0,0,6,0,0,0,0,0,0,0,0,0,0,0,0,0,0,0,0,0,0,0,4,2,0,0,14,1,137,3,1,2,0,1,0,0,2679,14,3338,4,285,2,0,0,4048,0,62,0,26,0,2,0,955,0,236,0,2,0,204,0,399,44,0,0,0,0,5,0,8,0,0,0,7,0,19,0,0,0,21,0,0,0,3,0,12,0,0,0,0,0,0,0,16,0,0,0,1,0,0,0,0,1,0,1,0,0,0,0,0,0,0,0,0,0,1,0,0,0,0,0,1,0,0,0,0,1,0,0,0,0,0,0,0,0,0,0,0,0,0,0,0,0,0,0,0,0,0,0,0,0,0,0,4,0,1,1,0,0,0,0
0,6,0,1,0,0,0,3,0,1,0,0,0,2,0,4,0,0,0,0,0,0,0,0,0,0,0,0,0,0,0,0,0,7,0,0,0,24,0,5,0,3,0,0,0,0,103,1284,145,3281,4,211,0,0,0,3181,0,164,0,54,0,20,0,589,0,3,1,7,0,583,9,755,0,16,0,4,0,13,0,6,0,0,0,2,0,12,0,0,0,125,0,0,0,23,0,34,0,0,0,0,0,0,0,52,0,0,0,0,0,0,0,1,0,0,1,2,0,0,0,0,0,0,0,0,0,0,0,4,0,0,0,0,0,0,0,0,0,0,0,0,0,0,0,0,0,0,0,0,0,0,0,0,0,0,0,0,0,0,0,0,0,0,0,1,0,0,0,0,0,0
0,0,0,0,0,0,0,0,0,0,0,0,3,0,0,0,0,0,0,0,0,0,0,0,0,0,0,0,0,0,0,0,19,2,0,0,6,5,38,5,5,0,1,0,0,0,2425,3,424,0,1341,0,4048,0,0,0,2967,0,723,1,1,1,593,0,668,0,5,1,1459,0,91,6,0,0,10,0,21,1,2,1,0,0,77,0,226,2,0,0,2073,1,0,0,519,0,383,0,0,0,0,0,0,0,389,0,0,0,0,2,0,0,0,0,0,0,0,1,0,0,0,0,0,0,0,0,1,0,1,0,0,0,0,0,0,0,0,1,0,0,0,0,0,0,0,0,0,1,0,0,1,0,0,0,0,0,0,0,0,0,0,0,0,0,4,0,0,0,0,0,0,0
0,6,0,1,0,2,0,1,0,1,0,0,0,0,0,1,0,0,0,0,0,0,0,0,0,0,0,0,0,0,0,0,0,6,0,0,0,8,0,1,0,3,0,0,0,0,19,632,2,384,2,311,0,3181,0,0,0,1084,0,235,0,19,0,149,0,18,0,4,0,775,3,191,0,15,0,4,0,9,0,4,0,0,0,1,0,45,0,0,0,1533,0,0,0,189,0,38,0,0,0,0,0,0,0,71,0,0,0,0,0,0,0,1,0,0,2,0,0,0,0,0,0,0,0,0,0,0,0,0,0,0,0,0,0,0,0,0,0,0,0,1,0,0,0,0,0,1,0,0,0,0,0,0,0,0,0,0,0,0,0,0,0,0,0,1,0,0,0,0,0,0
0,0,0,0,0,0,0,0,0,0,0,0,0,0,0,0,0,0,0,0,0,0,0,0,0,0,0,0,0,0,0,0,0,0,0,0,0,0,0,0,3,0,0,0,0,0,327,0,1,0,1820,0,62,0,2967,0,0,0,1386,0,0,0,3,0,0,0,0,0,1,0,0,0,0,0,0,0,1,0,0,0,0,0,2,0,20,0,0,0,497,0,0,0,669,0,1012,0,0,0,0,0,0,0,188,0,0,0,0,0,0,0,0,0,0,0,0,0,0,0,0,0,0,0,0,0,0,0,0,0,0,0,0,0,0,0,0,0,0,0,0,0,0,0,0,0,0,0,0,0,0,0,0,0,0,0,0,0,0,0,0,0,0,0,0,0,0,0,0,0,0,0
0,0,0,0,0,0,0,0,0,0,0,0,0,0,0,0,0,0,0,0,0,0,0,0,0,0,0,0,0,0,0,0,0,12,0,0,0,1,0,1,0,6,0,2,0,0,9,866,0,66,1,1201,0,164,0,1084,0,0,0,824,0,0,0,0,0,0,0,0,0,1,0,20,0,0,0,0,0,19,0,1,0,0,0,11,0,61,0,1,0,578,0,1,0,995,0,342,0,0,0,1,0,1,0,116,0,0,0,0,0,0,0,1,0,0,0,3,1,0,0,0,0,0,0,0,0,0,0,0,0,0,0,0,0,0,0,0,0,0,0,0,0,0,0,0,0,5,0,0,0,0,0,0,0,0,0,0,0,0,0,0,0,0,0,0,0,0,0,0,0,0
0,0,0,0,0,0,0,0,0,0,0,0,0,0,0,0,0,0,0,0,0,0,0,0,0,0,0,0,0,0,0,0,71,0,0,0,0,0,2,0,331,0,1738,0,10,0,48,3,1,0,1370,0,26,0,723,0,1386,0,0,0,0,0,2,0,6,0,2,0,2,0,14,4,0,0,0,0,33,0,4,0,0,0,68,0,412,0,338,0,792,0,658,0,2783,0,863,0,0,0,0,0,160,0,2013,0,0,0,0,0,0,1,0,1,0,2,0,2,0,0,0,0,0,0,0,0,0,0,1,0,0,0,0,0,0,0,0,1,0,0,4,0,0,0,0,0,6,0,0,0,0,0,0,0,0,0,0,0,0,0,0,1,0,0,3,0,1,0,0,0,0,0
0,0,0,0,0,0,0,1,0,1,0,0,0,3,0,0,0,0,0,0,0,0,0,0,0,0,0,0,0,0,0,0,0,133,0,0,0,2,13,7,0,599,1,2565,0,198,13,192,0,29,7,1426,0,54,1,235,0,824,0,0,0,3,0,5,0,0,0,1,0,0,5,50,0,0,0,6,0,256,0,34,0,0,0,7,0,364,0,252,0,720,0,572,0,2952,0,469,0,1,0,2,0,415,0,1940,0,0,0,4,0,0,0,1,0,2,22,4,0,0,0,0,0,0,0,0,0,2,0,4,0,4,0,0,0,0,0,4,0,2,0,8,0,1,0,13,0,26,0,1,0,1,0,0,0,0,0,0,0,3,1,0,0,1,0,1,0,1,0,0,0,0
4753,12,242,0,60,0,46,0,4,0,0,0,1515,0,31,3,0,0,0,0,0,0,0,0,0,0,0,0,0,0,0,0,553,0,0,0,575,149,35,0,7,0,0,0,0,0,25,1,53,1,0,0,2,0,1,0,0,0,0,0,0,14,1477,0,2019,5,2505,25,23,0,1271,10,937,6,396,2,121,0,77,2,0,0,104,0,284,1,13,0,1,0,0,0,0,0,0,0,0,0,0,2,1,0,0,0,0,0,1,0,0,0,1,4,0,0,0,0,0,1,0,0,3,0,37,0,23,1,235,1,27,0,0,0,5,0,32,2,5,0,0,0,0,0,0,0,71,1,10,0,24,0,0,0,0,0,4,1,0,0,1,2,0,0,16,0,15,3,1,2,0,2
17,3560,6,201,0,179,0,291,0,61,0,0,0,1034,1,204,0,0,0,0,0,0,0,0,0,0,0,0,0,0,0,0,3,96,0,0,24,374,0,0,0,7,0,0,0,0,0,2,0,3,0,0,0,20,1,19,0,0,0,3,14,0,1,1544,0,897,0,3182,1,423,8,1128,8,1363,1,207,1,220,1,90,0,0,0,11,0,187,0,0,0,53,0,0,0,4,0,0,0,0,0,0,0,0,0,0,0,0,0,0,0,0,0,0,0,0,0,0,0,0,0,0,0,0,0,0,0,4,1,115,0,27,0,0,0,0,0,2,0,0,0,0,0,0,0,0,0,1,2,0,0,4,0,0,0,0,1,1,0,0,0,0,0,0,2,0,0,0,0,0,0,0
54,1,5,0,2,0,0,0,0,0,0,0,3,0,13,0,0,0,0,0,0,0,0,0,0,0,0,0,0,0,0,0,10,1,0,0,614,22,194,0,2,0,0,0,0,0,65,3,542,0,6,1,955,0,593,0,3,0,2,0,1477,1,0,0,974,1,10,2,117,0,2821,5,86,0,126,0,11,0,16,0,0,0,1,0,5,0,0,0,3,0,0,0,2,0,1,0,0,0,0,2,0,0,0,0,0,0,0,0,1,0,0,2,0,0,0,0,0,0,0,0,0,0,5,0,8,0,41,0,2,0,0,0,3,0,9,0,0,0,0,0,0,0,0,0,19,1,3,0,2,0,0,0,0,0,1,0,0,0,0,0,0,0,7,0,3,0,0,0,1,0
0,59,0,6,0,4,0,37,0,13,0,0,0,14,0,9,0,0,0,0,0,0,0,0,0,0,0,0,0,0,0,0,0,70,0,0,0,54,0,0,0,9,0,0,0,0,0,3,12,229,0,2,0,589,0,149,0,0,0,5,0,1544,0,0,0,810,0,65,0,1634,3,2660,0,148,0,14,0,75,0,26,0,0,0,4,0,5,0,0,0,20,0,0,0,1,0,0,0,0,0,0,0,0,0,1,0,0,0,0,0,0,0,0,0,0,0,0,0,0,0,0,0,0,0,0,0,1,0,22,0,5,0,0,0,0,0,1,0,0,0,1,0,0,0,1,0,2,0,0,0,2,0,0,0,0,0,0,0,0,0,0,0,0,0,1,0,1,0,0,0,1
82,0,7,0,3,0,0,0,0,0,0,0,85,0,4,0,0,0,0,0,0,0,0,0,0,0,0,0,0,0,0,0,49,0,0,0,104,7,41,0,1,0,0,0,0,0,30,0,202,0,4,0,236,0,668,0,0,0,6,0,2019,0,974,0,0,1,1107,3,1723,1,165,2,0,0,104,0,34,0,51,0,0,0,40,0,208,0,1,0,54,0,0,0,7,0,0,0,0,0,1,0,0,0,0,0,0,0,1,0,0,0,1,2,0,0,0,0,0,0,0,0,1,0,3,0,13,0,57,0,19,0,0,0,1,0,16,0,0,0,1,0,0,0,0,0,29,1,3,0,7,0,0,0,0,0,0,0,0,0,0,0,0,0,6,0,7,0,0,0,4,0
0,89,3,6,0,7,0,18,0,3,0,0,1,4,0,1,0,0,0,0,0,0,0,0,0,0,0,0,0,0,0,0,1,18,0,0,5,86,0,0,0,0,0,0,0,0,0,0,0,1,0,0,0,3,0,18,0,0,0,0,5,897,1,810,1,0,2,2120,0,1451,1,19,0,14,0,7,0,18,0,6,0,0,0,0,0,46,0,0,0,40,0,0,0,0,0,0,0,0,0,0,0,0,0,0,0,0,0,0,0,0,0,0,0,0,0,0,0,0,0,0,0,0,1,0,0,1,0,2,0,0,0,0,0,0,0,0,0,0,0,0,0,0,0,0,0,0,0,0,0,0,0,0,0,0,0,0,0,0,0,0,0,0,1,0,0,0,0,0,0,0
205,0,6,0,8,0,50,0,7,0,0,0,283,0,6,0,0,0,0,0,0,0,0,0,0,0,0,0,0,0,0,0,124,0,0,0,170,30,51,0,4,0,0,0,0,0,2,0,7,0,0,0,2,1,5,0,0,0,2,0,2505,0,10,0,1107,2,0,9,522,2,20,1,1,0,74,0,46,0,79,1,0,0,9,0,785,0,10,0,72,0,0,0,2,0,0,0,0,1,0,0,0,0,0,0,0,0,0,0,0,0,2,3,0,0,0,0,0,0,0,0,1,0,3,0,14,0,47,1,13,0,1,0,0,0,15,0,1,0,0,0,0,0,0,0,43,2,2,0,3,0,0,0,0,0,0,0,0,0,0,0,1,0,8,0,4,2,1,1,1,3
10,593,1,61,0,63,0,156,0,28,0,0,1,546,0,29,0,0,0,1,0,0,0,0,0,0,0,0,0,0,0,0,2,157,0,0,23,204,1,1,0,5,0,2,0,0,0,2,1,6,0,0,0,7,1,4,0,0,0,1,25,3182,2,65,3,2120,9,0,6,701,3,33,0,18,0,95,0,87,1,33,0,0,1,5,1,633,0,1,0,34,0,0,0,1,0,0,0,0,0,0,0,0,0,0,0,0,0,0,1,0,0,0,0,0,0,0,0,0,0,0,0,0,0,0,0,0,2,28,0,5,0,2,0,0,0,0,1,1,0,1,0,0,0,0,0,1,0,1,0,0,0,0,0,0,0,1,0,0,0,0,0,0,0,0,1,0,0,0,0,0
10,0,1,0,0,0,0,0,0,0,0,0,18,0,1,0,0,0,0,0,0,0,0,0,0,0,0,0,0,0,0,0,23,1,0,0,62,9,28,1,1,1,0,0,0,0,70,0,132,0,7,0,204,0,1459,0,1,0,2,0,23,1,117,0,1723,0,522,6,0,0,49,0,0,0,75,1,23,0,39,0,0,0,71,0,732,0,0,0,921,0,0,0,49,0,1,0,0,0,0,1,0,0,1,0,0,0,0,0,0,0,1,3,0,1,0,0,0,0,0,0,1,0,0,0,14,0,21,0,12,0,0,0,2,0,10,1,0,0,0,0,0,0,0,0,12,0,1,0,2,0,0,0,0,0,0,0,0,0,0,0,1,0,12,0,3,1,0,0,2,0
1,103,0,9,1,10,0,21,0,7,0,0,1,5,0,5,0,0,0,0,0,0,0,0,0,0,0,0,0,0,0,0,1,8,0,0,0,81,1,7,0,1,0,0,0,0,0,0,0,23,0,0,0,583,0,775,0,1,0,0,0,423,0,1634,1,1451,2,701,0,0,2,92,0,15,0,12,0,23,0,6,0,0,0,8,0,447,0,0,0,1118,0,0,0,0,0,0,0,0,0,0,0,0,0,0,0,0,0,0,0,0,0,0,0,0,0,0,0,0,0,0,0,0,0,0,0,1,0,3,0,0,0,0,0,0,0,0,0,1,0,0,0,0,0,0,0,0,0,0,0,0,0,0,0,0,0,0,0,0,0,0,0,0,0,0,0,0,0,0,0,0
257,2,72,1,2,0,3,1,1,0,0,0,20,0,66,4,0,0,1,0,0,0,0,0,0,0,0,0,0,0,0,0,27,1,0,0,2078,66,818,43,58,2,104,5,0,0,960,300,1882,276,569,59,399,9,91,3,0,0,14,5,1271,8,2821,3,165,1,20,3,49,2,0,770,1858,35,63,1,14,4,13,2,0,0,11,1,25,3,0,0,0,1,0,0,0,0,0,0,0,0,0,1,4,0,2,0,0,0,0,0,2,0,2,1,0,1,4,3,0,0,0,0,0,0,4,0,9,0,33,1,6,0,0,0,5,0,6,1,1,2,0,0,0,0,0,0,12,0,1,0,1,0,0,0,0,0,12,0,0,0,2,0,0,0,16,0,0,2,0,2,1,2
8,143,4,28,1,14,0,44,0,21,0,0,3,15,1,116,0,0,0,0,0,0,0,0,0,0,0,0,0,0,0,0,5,147,0,0,14,2088,181,1017,12,100,1,23,0,0,298,1023,462,2581,115,529,44,755,6,191,0,20,4,50,10,1128,5,2660,2,19,1,33,0,92,770,0,2,1612,4,222,11,212,6,120,0,0,6,47,9,110,0,1,0,51,0,0,0,22,0,2,0,0,0,2,0,0,0,12,0,0,0,3,0,0,0,1,0,0,126,1,0,0,0,0,0,0,0,0,0,4,0,153,0,28,0,1,0,0,1,2,0,4,0,2,0,1,0,2,0,28,0,2,0,10,0,0,0,0,2,2,0,0,0,0,0,0,3,5,0,1,1,0,0,1
1288,5,322,0,20,0,24,0,2,1,0,0,4,0,1685,8,0,0,4,0,0,0,0,0,0,0,0,0,0,0,0,0,16,0,0,0,1262,66,0,0,0,0,0,0,0,0,0,1,0,0,0,0,0,0,0,0,0,0,0,0,937,8,86,0,0,0,1,0,0,0,1858,2,0,51,20,0,5,0,2,0,0,0,0,0,0,0,0,0,0,0,0,0,0,0,0,0,0,0,0,0,0,0,0,0,0,0,0,0,0,0,0,0,0,0,0,0,0,0,0,0,0,0,5,0,0,0,26,0,4,0,0,0,0,0,0,0,1,0,0,0,0,0,0,0,2,0,1,0,2,0,0,0,0,0,82,3,0,0,0,0,0,0,1,0,0,0,0,0,0,0
9,610,3,73,2,18,1,23,0,21,0,0,0,4,5,1628,0,0,0,1,0,0,0,0,0,0,0,0,0,0,0,0,1,12,0,0,17,756,0,0,0,3,0,0,0,0,0,1,3,4,0,1,0,16,0,15,0,0,0,0,6,1363,0,148,0,14,0,18,0,15,35,1612,51,0,1,46,1,51,0,32,0,0,0,1,0,0,0,0,0,1,0,0,0,0,0,0,0,0,0,0,0,0,0,0,0,0,0,0,0,0,0,0,0,1,0,0,0,0,0,0,0,0,0,0,0,1,0,48,0,5,0,0,0,0,0,1,0,0,0,0,0,0,0,0,0,2,0,0,0,3,0,0,0,0,2,1,0,0,0,0,0,0,0,0,0,0,0,0,0,0
322,0,107,6,351,1,192,0,104,0,7,0,10,0,45,2,264,26,6,2,46,1,70,2,17,1,0,0,7,0,1,0,134,0,0,0,72,17,25,0,19,0,0,0,12,0,2,0,6,0,0,0,0,0,10,0,0,0,0,0,396,1,126,0,104,0,74,0,75,0,63,4,20,1,0,199,840,1,301,3,0,0,5,0,2,0,6,0,0,0,1,0,0,0,0,1,0,0,1,6,1,0,0,0,0,1,1,10,2,2,4,6,0,2,0,0,0,0,0,0,119,0,115,0,757,0,643,2,35,0,19,0,5,0,316,147,36,0,1,0,3,0,0,0,281,3,21,1,27,0,40,2,3,4,15,9,544,3,2,0,0,0,14,0,21,11,1,7,4,10
1,107,4,30,12,122,2,119,1,83,0,13,0,223,2,68,101,187,0,19,3,34,11,14,0,16,0,4,0,5,0,0,2,918,0,0,3,157,0,0,1,70,1,8,1,11,0,4,0,0,0,8,0,4,0,4,0,0,0,6,2,207,0,14,0,7,0,95,1,12,1,222,0,46,199,0,1,3056,0,1047,0,0,0,33,0,41,0,27,0,24,0,0,1,20,0,0,0,1,1,14,2,3,0,2,0,1,0,1,2,2,4,8,0,3,0,0,0,0,0,0,0,60,0,0,0,432,1,850,0,387,0,25,0,1,1,120,0,109,0,3,0,0,0,7,2,124,0,37,0,48,36,45,4,3,70,79,5,122,4,3,0,0,7,36,0,16,0,1,1,0
106,0,17,0,22,0,17,0,13,0,7,0,59,0,2,0,594,0,1,0,18,0,68,0,48,0,1,0,38,0,1,0,1818,0,0,0,17,8,16,0,779,0,36,1,242,0,15,0,18,0,5,0,5,0,21,0,1,0,33,0,121,1,11,0,34,0,46,0,23,0,14,11,5,1,840,1,0,1,822,0,0,0,33,0,129,0,106,0,65,0,8,0,105,0,0,0,0,2,1,7,1,1,4,1,0,0,5,7,3,4,11,14,2,15,0,0,0,0,0,0,9,0,1,0,64,2,43,2,4,1,0,0,6,0,62,12,2,1,27,0,6,0,8,0,110,3,4,0,7,0,0,0,3,0,0,0,554,0,4,6,0,0,52,1,22,8,1,6,7,9
0,120,0,34,0,398,0,73,0,191,0,156,1,83,0,37,0,241,0,32,0,14,0,84,0,36,0,27,0,133,0,3,0,2982,0,0,1,71,2,7,2,1147,0,28,0,311,2,44,2,9,1,12,0,13,1,9,0,19,0,256,0,220,0,75,0,18,0,87,0,23,4,212,0,51,1,3056,1,0,0,1233,0,0,0,29,0,96,1,274,0,225,0,19,0,595,0,3,0,1,0,6,0,1,0,8,0,0,0,2,0,1,3,10,0,6,0,0,0,0,0,0,0,0,0,0,0,179,0,189,0,44,0,20,0,1,1,10,0,23,0,62,0,0,0,10,0,72,0,5,0,12,1,9,0,36,3,2,0,402,1,0,0,2,2,9,0,12,0,0,2,0
21,0,1,0,6,0,1,0,0,0,0,0,9,0,0,0,8,0,0,0,5,0,7,0,2,0,0,0,0,0,0,0,116,0,0,0,5,1,13,0,185,0,5,0,97,0,0,0,8,0,0,0,8,0,2,0,0,0,4,0,77,1,16,0,51,0,79,1,39,0,13,6,2,0,301,0,822,0,0,1,0,0,1,0,27,0,58,0,11,0,14,0,12,0,0,0,0,0,0,0,1,1,1,0,0,0,1,3,0,0,2,2,1,1,0,0,0,0,0,0,13,0,4,0,62,0,78,0,4,0,3,0,47,0,65,11,13,0,28,0,1,0,3,0,36,1,3,0,2,0,0,0,1,0,0,0,263,0,1,1,0,0,57,0,18,6,0,0,2,0
0,62,1,6,0,85,0,35,0,79,0,7,0,31,0,22,0,0,0,1,0,0,0,1,0,1,0,0,0,0,0,0,0,102,0,0,0,38,1,1,3,325,4,9,0,51,0,3,2,1,0,0,0,6,1,4,0,1,0,34,2,90,0,26,0,6,1,33,0,6,2,120,0,32,3,1047,0,1233,1,0,0,0,0,12,0,6,0,0,0,13,0,0,0,123,0,1,0,3,1,7,0,0,0,1,0,0,0,3,1,0,3,12,0,1,0,0,0,0,0,0,0,0,0,1,0,357,1,108,0,16,0,24,0,7,0,21,0,23,0,72,1,0,0,1,2,18,0,3,0,4,0,0,0,2,0,0,4,475,1,1,0,7,6,57,0,36,0,0,3,1
0,0,0,0,0,0,0,0,0,0,0,0,0,0,0,0,0,0,0,0,0,0,0,0,0,0,0,0,0,0,0,0,0,0,0,0,0,0,0,0,0,0,0,0,0,0,0,0,0,0,0,0,0,0,0,0,0,0,0,0,0,0,0,0,0,0,0,0,0,0,0,0,0,0,0,0,0,0,0,0,0,0,0,0,0,0,0,0,0,0,0,0,0,0,0,0,0,0,0,0,0,0,0,0,0,0,0,0,0,0,0,0,0,0,0,0,0,0,0,0,0,0,0,0,0,0,0,0,0,0,0,0,0,0,0,0,0,0,0,0,0,0,0,0,0,0,0,0,0,0,0,0,0,0,0,0,0,0,0,0,0,0,0,0,0,0,0,0,0,0
0,0,0,0,0,0,0,0,0,0,0,0,0,0,0,0,0,0,0,0,0,0,0,0,0,0,0,0,0,0,0,0,0,0,0,0,0,0,0,0,0,0,0,0,0,0,0,0,0,0,0,0,0,0,0,0,0,0,0,0,0,0,0,0,0,0,0,0,0,0,0,0,0,0,0,0,0,0,0,0,0,0,0,0,0,0,0,0,0,0,0,0,0,0,0,0,0,0,0,0,0,0,0,0,0,0,0,0,0,0,0,0,0,0,0,0,0,0,0,0,0,0,0,0,0,0,0,0,0,0,0,0,0,0,0,0,0,0,0,0,0,0,0,0,0,0,0,0,0,0,0,0,0,0,0,0,0,0,0,0,0,0,0,0,0,0,0,0,0,0
1,0,0,0,0,0,1,0,1,0,0,0,420,0,0,0,0,0,0,0,0,0,0,0,0,0,0,0,0,0,0,0,108,0,0,0,0,0,16,0,82,1,56,0,0,0,39,0,26,0,36,0,7,0,77,0,2,0,68,0,104,0,1,0,40,0,9,1,71,0,11,6,0,0,5,0,33,0,1,0,0,0,0,0,330,0,0,0,38,0,0,0,6,0,2,0,0,0,1,2,0,0,3,0,0,0,1,2,2,0,1,3,0,8,0,0,0,0,0,0,1,0,0,0,2,1,3,1,0,1,0,0,0,0,3,0,0,0,0,0,0,0,1,0,124,1,0,0,0,0,0,0,0,0,0,0,0,0,2,2,0,0,7,0,1,1,0,0,3,3
0,2,0,0,0,1,0,32,0,13,0,0,0,668,0,4,0,0,0,0,0,0,0,0,0,0,0,0,0,0,0,0,0,136,0,0,0,7,1,0,0,2,0,0,0,0,0,19,0,1,0,10,0,2,0,1,0,11,0,7,0,11,0,4,0,0,0,5,0,8,1,47,0,1,0,33,0,29,0,12,0,0,0,0,0,762,0,0,0,85,0,0,0,7,0,1,0,0,0,0,0,0,0,2,0,0,0,1,0,0,0,0,0,0,1,1,0,0,0,0,0,0,0,0,0,1,0,3,0,2,0,0,0,0,0,0,0,1,0,0,0,0,0,0,0,3,0,1,0,0,0,0,0,0,0,0,0,0,0,0,0,0,0,0,0,0,0,0,0,0
18,0,0,0,0,0,114,0,1,0,0,0,985,0,0,0,0,0,0,0,0,0,0,0,0,0,0,0,0,0,0,0,168,1,0,0,10,3,30,0,690,0,30,0,1,0,114,0,20,1,112,0,19,0,226,0,20,0,412,0,284,0,5,0,208,0,785,1,732,0,25,9,0,0,2,0,129,0,27,0,0,0,330,0,0,1,782,0,5905,0,3,0,696,0,27,0,0,0,1,1,2,0,50,1,0,1,0,1,0,1,2,1,1,3,0,0,0,0,0,0,1,0,1,0,2,0,7,0,0,1,0,0,1,0,2,0,0,0,17,0,1,0,10,0,16,2,1,0,1,0,0,0,0,0,0,0,0,0,0,2,1,0,12,0,2,0,5,1,0,0
0,55,0,3,0,2,0,16,0,3,0,0,1,340,0,1,0,0,0,0,0,0,0,0,0,0,0,0,0,0,0,0,0,183,0,0,0,35,2,3,0,512,0,21,0,0,5,133,2,11,0,82,0,12,2,45,0,61,0,364,1,187,0,5,0,46,0,633,0,447,3,110,0,0,0,41,0,96,0,6,0,0,0,762,1,0,0,1071,0,5263,0,248,0,445,0,15,0,0,0,1,0,2,0,48,0,0,0,0,0,0,0,1,0,0,3,1,0,0,0,0,0,0,0,0,0,0,0,9,0,5,0,0,0,0,0,0,0,1,0,1,0,0,0,0,0,10,0,0,0,5,0,0,0,0,1,0,0,0,0,0,0,0,1,0,0,0,0,0,0,0
5,0,0,0,1,0,26,0,10,0,78,0,234,0,0,0,1,0,0,0,0,0,1,0,0,0,0,0,33,0,0,0,105,0,0,0,0,0,0,0,458,0,161,0,654,0,0,0,0,0,0,0,0,0,0,0,0,0,338,0,13,0,0,0,1,0,10,0,0,0,0,0,0,0,6,0,106,1,58,0,0,0,0,0,782,0,0,0,1167,0,1515,0,522,0,0,0,0,0,0,0,0,0,0,0,0,0,0,0,0,0,0,0,0,0,0,0,0,0,0,0,0,0,0,0,2,0,3,0,0,0,0,0,2,0,3,0,0,0,2,0,0,0,0,0,1,1,0,0,0,0,0,0,0,0,0,0,0,0,0,0,0,0,0,0,0,1,0,0,0,0
0,0,0,3,0,2,0,0,0,0,0,2,0,117,0,0,0,2,0,2,0,1,0,0,0,6,0,4,0,7,0,1,0,145,0,0,0,0,0,0,0,851,0,165,0,497,0,0,0,0,0,0,0,0,0,0,0,1,0,252,0,0,0,0,0,0,0,1,0,0,0,1,0,0,0,27,0,274,0,0,0,0,0,0,0,1071,0,0,0,747,0,2720,0,548,0,1,0,0,0,0,0,0,0,1,0,0,0,0,0,0,0,0,0,0,0,0,0,0,0,0,0,0,0,0,0,0,0,0,0,0,0,0,0,0,0,0,0,0,0,0,0,0,0,0,0,0,0,0,0,0,0,0,0,3,0,0,0,4,0,0,0,0,0,0,0,0,0,0,0,0
0,0,0,0,0,0,0,0,0,0,0,0,4,0,0,0,0,0,0,0,0,0,0,0,0,0,0,0,0,0,0,0,66,0,0,0,0,0,2,0,185,0,13,0,54,0,267,0,7,0,710,0,21,0,2073,0,497,0,792,0,1,0,3,0,54,0,72,0,921,0,0,0,0,0,0,0,65,0,11,0,0,0,38,0,5905,0,1167,0,0,0,450,0,5579,0,101,0,0,0,0,0,1,0,146,0,0,0,0,0,0,0,0,0,0,1,0,0,0,0,0,0,0,0,0,0,0,0,0,0,0,0,0,0,0,0,1,0,0,0,2,0,0,0,1,0,0,0,0,0,0,0,0,0,0,0,0,0,0,0,1,0,0,0,0,0,0,0,0,0,0,0
0,15,0,0,0,3,0,4,0,5,0,1,0,18,0,0,0,2,0,2,0,1,0,0,0,0,0,2,0,0,0,0,0,271,0,0,0,29,1,7,0,154,0,6,0,15,5,232,0,37,3,170,0,125,1,1533,0,578,0,720,0,53,0,20,0,40,0,34,0,1118,1,51,0,1,0,24,0,225,0,13,0,0,0,85,0,5263,0,747,0,0,0,922,0,3779,0,21,0,0,0,0,0,0,0,121,0,0,0,0,0,0,0,1,0,0,7,7,0,0,0,0,0,0,0,0,0,0,0,0,0,0,0,0,0,0,0,2,0,0,0,0,0,0,0,0,0,5,0,1,0,2,0,0,0,2,0,0,0,0,0,0,0,0,0,0,0,0,0,0,0,0
0,0,0,0,0,0,0,0,0,0,0,0,0,0,0,0,0,0,0,0,0,0,0,0,0,0,0,0,0,0,0,0,5,0,0,0,0,0,0,0,116,0,72,0,65,0,0,0,0,0,0,0,0,0,0,0,0,0,658,0,0,0,0,0,0,0,0,0,0,0,0,0,0,0,1,0,8,0,14,0,0,0,0,0,3,0,1515,0,450,0,0,0,1277,0,0,0,0,0,0,0,0,0,0,0,0,0,0,0,0,0,0,0,0,0,0,0,0,0,0,0,0,0,0,0,2,0,0,0,0,0,0,0,0,0,1,0,0,0,0,0,0,0,0,0,0,0,0,0,0,0,0,0,0,0,0,0,0,0,0,0,0,0,0,0,0,0,0,0,0,0
0,0,0,0,0,0,0,0,0,0,0,0,0,2,0,0,0,0,0,0,0,0,0,0,0,0,0,0,0,0,0,0,0,8,0,0,0,0,0,0,0,281,0,192,0,136,0,0,0,0,0,1,0,0,0,0,0,1,0,572,0,0,0,0,0,0,0,0,0,0,0,0,0,0,0,0,0,19,0,0,0,0,0,0,0,248,0,2720,0,922,0,0,0,1743,0,0,0,0,0,0,0,0,0,1,0,0,0,0,0,0,0,0,0,0,0,0,0,0,0,0,0,0,0,0,0,0,0,0,0,0,0,0,0,0,0,0,0,0,0,0,0,0,0,0,0,0,0,0,0,0,0,0,0,0,0,0,0,0,0,0,0,0,0,0,0,0,0,0,0,0
1,0,0,0,0,0,0,0,0,0,0,0,0,0,0,0,0,0,0,0,0,0,0,0,0,0,0,0,0,0,0,0,305,0,0,0,0,0,0,0,455,0,87,0,19,0,4,0,2,0,21,0,3,0,519,0,669,0,2783,0,0,0,2,0,7,0,2,0,49,0,0,0,0,0,0,1,105,0,12,0,0,0,6,0,696,0,522,0,5579,0,1277,0,0,0,47,0,0,2,0,0,4,0,41,0,0,0,0,0,1,1,1,0,0,2,0,0,0,0,0,0,0,0,0,0,0,0,0,0,0,0,0,0,0,0,0,0,0,0,8,0,1,0,5,0,7,0,0,0,0,0,0,0,0,0,0,0,0,0,1,0,0,0,9,0,0,0,0,0,0,0
0,1,0,0,0,4,0,0,0,1,0,1,0,0,0,0,0,0,0,0,0,2,0,0,0,1,0,0,0,0,0,0,0,271,0,0,0,2,0,0,0,453,0,108,0,244,0,166,0,16,0,57,0,23,0,189,0,995,0,2952,0,4,0,1,0,0,0,1,0,0,0,22,0,0,0,20,0,595,0,123,0,0,0,7,0,445,0,548,0,3779,0,1743,0,0,0,93,0,0,0,0,0,6,0,81,0,0,0,6,1,0,1,5,0,1,0,1,0,0,0,0,0,0,0,0,0,19,0,5,0,3,0,2,0,0,0,2,0,3,0,4,0,0,0,7,0,18,0,0,0,0,0,0,0,0,0,0,0,18,0,0,0,0,0,2,0,1,0,0,0,1
0,0,0,0,0,0,0,0,0,0,0,0,0,0,0,0,0,0,0,0,0,0,0,0,0,0,0,0,0,0,0,0,0,0,0,0,0,0,0,0,0,0,1,0,0,0,296,0,1,0,1463,0,12,0,383,0,1012,0,863,0,0,0,1,0,0,0,0,0,1,0,0,0,0,0,0,0,0,0,0,0,0,0,2,0,27,0,0,0,101,0,0,0,47,0,0,0,5633,1,3,0,192,0,5471,1,506,1,563,0,5,0,1,0,0,1,0,55,33,4,0,0,0,0,0,0,0,0,0,0,0,0,0,0,0,0,0,0,0,0,0,0,1,0,0,0,0,0,0,0,0,0,0,0,0,0,0,0,0,0,0,0,0,0,0,0,0,0,0,0,0,0
0,0,0,0,0,0,0,0,0,0,0,0,0,0,0,0,0,0,0,0,0,0,0,0,0,0,0,0,0,0,0,0,1,3,0,0,0,1,0,0,2,4,0,2,0,0,41,122,0,8,5,1116,0,34,0,38,0,342,0,469,0,0,0,0,0,0,0,0,0,0,0,2,0,0,1,0,0,3,0,1,0,0,0,1,0,15,0,1,0,21,0,0,0,93,0,0,39,5518,2,140,12,362,14,2405,1,381,17,1361,4,69,2,33,2,11,26,135,264,89,7,1,0,0,0,0,0,0,0,0,0,1,0,0,0,0,1,0,0,0,0,0,0,0,0,2,0,3,0,0,0,1,0,0,0,0,0,0,0,0,0,0,0,0,1,0,0,0,0,0,0,0
0,0,0,0,0,0,0,0,0,0,0,0,0,0,0,0,0,0,0,0,0,0,0,0,0,0,0,0,0,0,0,0,0,0,0,0,0,0,0,0,0,0,1,0,0,0,0,0,0,0,0,0,0,0,0,0,0,0,0,0,0,0,0,0,0,0,0,0,0,0,0,0,0,0,0,0,0,0,0,0,0,0,0,0,0,0,0,0,0,0,0,0,0,0,5633,39,0,69,5,0,146,0,926,5,2758,0,1295,4,6,1,0,0,0,0,2,12,28,49,5,0,0,0,0,0,0,0,0,0,0,0,0,0,0,0,0,0,0,0,0,0,0,0,0,0,0,0,0,0,0,0,0,0,0,0,0,0,0,0,0,0,0,0,0,0,0,0,0,0,0,0
0,0,0,0,0,0,0,0,0,0,0,0,0,0,0,0,0,0,0,0,0,0,0,0,0,0,0,0,0,0,0,0,1,0,0,0,0,1,1,0,2,4,1,6,0,0,0,0,0,0,0,0,0,0,0,0,0,0,0,1,0,0,0,0,0,0,1,0,0,0,0,0,0,0,0,1,2,1,0,3,0,0,0,0,0,0,0,0,0,0,0,0,2,0,1,5518,69,0,4,108,51,213,12,736,2,3071,48,2520,8,78,3,44,1,9,32,23,103,184,12,1,0,0,0,0,1,2,1,3,1,1,0,0,0,0,2,1,0,0,0,0,1,1,0,1,1,5,0,0,2,0,0,0,0,0,0,0,0,0,1,3,0,0,1,0,3,0,0,0,1,1
0,0,0,0,0,1,0,0,0,0,0,0,0,0,0,0,0,0,0,0,0,0,0,0,0,0,0,0,0,0,0,0,1,0,0,0,0,0,1,0,11,0,2,0,0,0,0,0,1,0,25,0,0,0,0,0,0,0,0,0,0,0,0,0,1,0,0,0,0,0,0,0,0,0,1,1,1,0,0,1,0,0,1,0,1,0,0,0,0,0,0,0,0,0,3,2,5,4,0,16,305,28,21,7,11,2,469,19,836,35,213,14,83,99,34,1,1,18,14,130,0,0,0,0,1,0,5,2,0,3,0,0,0,0,5,0,0,0,0,0,3,0,0,0,5,2,0,1,0,1,0,0,0,0,0,0,0,0,0,1,0,0,1,0,0,1,30,7,7,2
0,0,0,0,0,0,0,0,0,0,0,0,0,0,0,1,0,0,0,0,0,0,0,0,0,0,0,0,0,0,0,0,2,0,0,0,0,3,2,0,7,39,8,24,0,0,0,0,1,1,0,52,0,0,0,0,0,1,0,2,2,0,2,0,0,0,0,0,1,0,1,2,0,0,6,14,7,6,0,7,0,0,2,0,1,1,0,0,0,0,0,0,0,0,0,140,0,108,16,0,49,833,0,206,0,80,5,706,14,583,3,113,45,314,55,11,3,7,7,28,1,0,0,0,2,3,5,8,0,6,0,2,0,0,12,45,0,2,0,3,1,0,0,24,15,85,1,2,0,8,0,0,0,0,0,0,3,0,3,4,0,1,9,1,1,17,8,22,55,10
0,0,0,0,0,0,0,0,0,0,0,0,0,0,0,0,0,0,0,0,0,0,0,0,0,0,0,0,0,0,0,0,1,0,0,0,0,0,0,0,6,0,62,0,0,0,19,0,3,1,965,0,0,0,0,0,0,0,160,0,1,0,0,0,0,0,0,0,0,0,4,0,0,0,1,2,1,0,1,0,0,0,0,0,2,0,0,0,1,0,0,0,4,0,192,12,146,51,305,49,0,315,1228,61,284,16,2921,106,532,58,457,14,13,54,507,141,40,132,80,60,0,0,0,0,0,1,3,1,0,1,0,0,0,0,4,2,0,0,0,0,2,0,0,0,5,1,0,0,0,0,0,0,0,0,0,0,0,0,0,3,0,0,4,0,9,5,24,14,4,5
0,0,0,0,0,0,0,0,0,0,0,0,0,0,0,0,0,0,0,0,0,0,0,0,0,0,0,0,0,0,0,0,0,0,0,0,0,0,0,0,2,4,1,53,0,0,2,23,0,2,0,734,0,0,0,0,0,1,0,415,0,0,0,0,0,0,0,0,0,0,0,0,0,0,0,3,1,1,1,0,0,0,0,0,0,2,0,0,0,0,0,0,0,6,0,362,0,213,28,833,315,0,1,1472,0,113,20,642,17,261,1,197,2,43,571,80,5,44,47,29,0,0,0,0,0,0,0,1,0,1,0,0,0,0,0,1,0,0,0,0,0,0,0,0,1,1,0,0,0,0,0,0,0,0,0,0,0,0,0,0,0,0,0,0,0,2,0,2,1,0
0,0,0,0,0,0,0,0,0,0,0,0,1,0,0,0,0,0,0,0,0,0,0,0,0,0,0,0,0,0,0,0,6,0,0,0,0,0,1,1,2,0,2,0,0,0,167,0,2,0,2104,0,16,0,389,0,188,0,2013,0,0,0,0,0,0,0,0,0,1,0,2,0,0,0,0,0,4,0,1,0,0,0,3,0,50,0,0,0,146,0,0,0,41,0,5471,14,926,12,21,0,1228,1,0,59,552,0,1473,9,25,0,0,0,0,0,5,402,225,91,1,0,0,0,0,0,0,0,0,0,0,0,0,0,0,0,0,0,0,0,0,0,0,0,0,0,0,0,0,0,0,0,0,0,0,0,0,0,0,0,0,0,0,0,0,0,0,0,0,0,0,1
0,0,0,0,0,0,0,0,0,0,0,0,0,1,0,0,0,0,0,0,0,0,0,0,0,0,0,0,0,0,0,0,0,7,0,0,0,1,0,2,1,9,0,9,0,0,38,140,0,31,4,1887,0,52,0,71,0,116,0,1940,0,0,0,1,0,0,0,0,0,0,0,12,0,0,0,2,1,8,0,1,0,0,0,2,1,48,0,1,0,121,0,1,0,81,1,2405,5,736,7,206,61,1472,59,0,3,371,112,1510,33,204,2,50,3,12,80,291,303,238,78,1,0,0,1,0,0,0,2,1,0,0,0,0,0,0,0,1,0,0,0,1,0,0,0,3,1,2,0,2,0,0,0,0,0,0,0,0,0,0,0,0,0,1,0,0,1,0,1,1,1,1
0,0,0,0,0,0,0,0,0,0,0,0,0,0,0,0,0,0,0,0,0,0,0,0,0,0,0,0,0,0,0,0,0,0,0,0,0,0,0,0,1,0,0,0,0,0,0,0,0,0,0,0,0,0,0,0,0,0,0,0,0,0,0,0,0,0,0,0,0,0,0,0,0,0,0,0,0,0,0,0,0,0,0,0,0,0,0,0,0,0,0,0,0,0,506,1,2758,2,11,0,284,0,552,3,0,0,2031,0,14,1,1,0,0,0,1,11,18,31,0,0,0,0,0,0,0,0,0,0,0,0,0,0,0,0,0,0,0,0,0,0,0,0,0,0,0,0,0,0,0,0,0,0,0,0,0,0,0,0,0,0,0,0,0,0,0,0,0,0,0,0
0,0,0,0,0,0,0,0,0,0,0,0,0,0,0,0,0,0,0,0,0,0,0,0,0,0,0,0,0,0,0,0,0,0,0,0,0,0,0,0,0,5,0,2,1,0,0,0,0,0,0,0,0,0,0,0,0,0,0,0,0,0,0,0,0,0,0,0,0,0,0,0,0,0,1,1,0,0,0,0,0,0,0,0,1,0,0,0,0,0,0,0,0,0,1,381,0,3071,2,80,16,113,0,371,0,0,14,2614,0,25,2,22,0,3,5,1,3,58,2,0,0,0,0,0,0,1,1,0,0,0,0,0,0,0,0,2,0,0,0,0,0,0,0,0,4,3,0,0,0,0,0,0,0,0,0,0,0,0,0,1,0,0,3,0,0,2,0,0,0,0
