0,36,1847,19,2694,8,1439,7,871,2,0,0,1311,0,222,129,0,0,3,2,0,0,0,0,0,0,0,0,0,0,0,0,951,2,0,0,416,124,34,1,6,0,0,0,0,0,1,0,13,1,0,0,34,1,5,0,0,0,0,0,7084,0,375,0,441,0,92,0,18,0,679,22,1081,53,196,8,386,7,54,3,0,0,4,0,45,0,6,0,5,0,0,0,0,0,0,0,0,0,0,0,0,0,0,0,0,0,0,0,0,0,1,0,0,0,1,0,0,0,0,0,1,0,3,0,63,0,108,1,16,0,9,0,1,0,39,0,12,0,0,0,0,0,0,0,44,0,16,0,2,0,0,0,1,0,203,43,0,0,0,0,0,0,1,0,9,0,0,0,0,0
36,0,15,2936,12,2417,8,694,9,118,0,0,2,1572,10,646,0,0,0,6,0,0,0,0,0,0,0,0,0,0,0,0,5,495,0,0,18,120,0,2,0,7,0,0,0,1,0,0,0,2,0,0,0,1,0,0,0,0,0,0,26,6673,0,26,0,39,1,172,0,3,10,228,24,672,152,159,3,178,2,100,0,0,0,0,0,0,0,0,0,0,0,0,0,0,0,0,0,0,0,0,1,0,0,0,0,0,0,0,0,0,0,0,0,0,0,0,0,0,0,0,0,0,0,0,2,10,0,32,0,5,1,0,0,0,2,1,0,0,1,1,0,0,0,0,0,2,1,0,0,1,0,0,0,0,44,4,0,0,0,0,0,0,0,1,0,0,0,0,0,0
1847,15,0,36,6187,39,159,9,456,10,339,0,19,1,2366,84,112,1,3566,14,329,0,156,0,302,0,456,0,222,0,2,0,308,14,0,0,605,80,6,0,4,0,0,0,4,0,0,0,2,0,0,0,4,0,3,0,0,0,0,0,150,0,27,0,14,0,7,0,3,0,88,4,389,10,383,55,340,7,76,3,0,0,0,0,2,0,5,0,0,0,0,0,0,0,0,0,0,0,0,0,0,0,0,0,0,0,0,0,0,1,1,0,0,1,0,0,0,0,0,0,0,0,0,0,10,0,11,0,2,0,6,0,0,1,17,0,2,0,0,0,0,0,0,0,7,0,0,0,0,0,143,26,472,8,1036,155,54,1,0,0,1,0,3,0,6,0,0,0,0,0
19,2936,36,0,27,5373,5,137,22,312,0,223,0,10,7,3052,0,14,3,3632,0,293,0,61,0,186,0,621,0,26,0,2,2,373,0,0,6,485,1,1,0,1,0,0,0,0,0,0,0,2,0,0,0,0,0,0,0,0,0,2,3,119,0,10,0,1,0,0,0,0,1,120,9,395,123,297,7,334,2,48,0,0,0,0,0,0,0,4,0,0,0,0,0,1,0,0,0,0,0,0,0,0,0,0,0,0,0,0,0,0,0,0,0,0,0,0,0,0,0,0,0,0,0,0,0,1,0,5,0,0,0,0,0,0,1,0,0,0,0,0,0,0,0,0,0,0,0,0,0,0,4,2,3,511,13,199,0,0,0,0,0,0,0,0,0,0,0,0,0,0
2694,12,6187,27,0,35,591,7,3833,14,910,0,42,0,222,102,46,0,144,20,106,0,91,0,131,0,134,0,230,0,52,0,773,13,0,0,121,72,0,0,3,0,0,0,5,0,0,0,1,0,0,0,2,0,1,0,0,0,0,0,139,1,19,0,30,0,3,0,0,0,66,3,95,10,517,28,674,5,106,1,0,0,0,0,0,0,3,0,1,0,0,0,0,0,0,0,0,0,0,0,0,0,0,0,0,0,0,0,0,0,0,1,0,1,0,0,0,0,0,0,0,0,1,0,12,1,10,0,0,0,7,0,1,0,21,1,2,0,0,0,0,0,0,0,5,0,0,0,2,0,54,12,91,9,402,104,15,1,0,0,0,0,1,1,9,0,0,0,0,0
8,2417,39,5373,35,0,4,1551,38,2755,0,1117,1,27,14,780,0,4,13,532,0,108,0,44,0,126,0,341,0,43,0,50,6,851,0,0,8,315,0,0,0,9,0,0,1,2,0,0,1,0,0,0,0,0,0,0,0,0,0,1,1,38,0,3,0,0,0,0,0,0,2,11,5,55,224,585,9,510,3,128,0,0,0,0,0,2,0,7,0,2,0,0,0,2,0,0,0,0,0,0,0,0,0,0,0,0,0,0,0,0,0,1,0,0,0,0,0,0,0,0,0,0,0,0,2,15,1,14,0,2,0,0,0,0,2,0,0,0,0,2,0,0,0,0,0,0,0,0,0,1,1,0,3,193,21,179,0,0,0,0,0,0,0,1,2,0,0,0,0,0
1439,8,159,5,591,4,0,1,2081,0,0,0,1132,0,41,27,0,0,1,1,0,0,0,0,0,0,0,0,0,0,0,0,650,1,0,0,51,12,0,0,3,0,0,0,1,0,0,0,1,0,0,0,1,0,0,0,0,0,0,0,161,0,17,0,13,0,2,0,1,0,50,1,71,9,86,3,242,2,24,1,0,0,0,0,3,0,7,0,0,0,0,0,0,0,0,0,0,0,0,0,0,0,0,0,0,0,0,0,0,0,0,0,0,0,0,0,0,0,0,0,1,0,0,0,31,0,15,0,1,0,2,0,0,0,12,0,0,0,0,0,0,0,0,0,6,0,0,0,1,0,0,0,0,0,28,11,0,0,0,0,0,0,2,0,3,0,0,0,0,0
7,694,9,137,7,1551,1,0,6,2269,0,0,1,1853,2,150,0,0,2,38,0,0,0,0,0,0,0,0,0,0,0,0,1,819,0,0,3,53,0,0,0,3,0,0,0,0,0,0,0,0,0,0,0,0,0,0,0,0,0,0,5,45,1,0,0,0,0,3,0,0,0,4,4,26,43,289,4,302,1,129,0,0,0,0,0,0,0,0,0,0,0,0,0,0,0,0,0,0,0,0,0,0,0,0,0,0,0,0,0,0,0,0,0,0,0,0,0,0,0,0,0,0,0,0,0,8,0,20,0,3,0,0,0,0,0,0,0,0,0,2,0,0,0,2,0,1,0,0,0,0,0,0,1,3,8,22,0,0,0,0,0,0,0,4,0,0,0,0,0,0
871,9,456,22,3833,38,2081,6,0,5,1511,0,285,0,92,53,7,0,30,9,3,0,8,0,8,0,7,0,65,0,50,0,1131,9,0,0,45,44,0,0,8,0,0,0,7,0,0,0,0,0,0,0,2,0,0,0,0,0,0,0,37,0,8,0,10,0,0,0,0,0,22,5,56,3,433,9,470,10,51,2,0,0,0,0,1,0,18,0,0,0,0,0,2,0,0,0,0,0,0,0,0,0,0,0,0,0,0,0,0,0,0,0,0,0,0,0,0,0,0,0,2,0,0,0,13,0,11,0,0,0,4,0,0,0,18,0,2,0,2,0,0,0,1,0,4,0,0,0,0,0,3,2,8,3,111,59,0,0,0,0,0,0,1,0,6,0,0,0,0,0
2,118,10,312,14,2755,0,2269,5,0,0,1312,0,166,2,113,0,2,3,98,0,8,0,3,0,23,0,25,0,16,0,7,2,1185,0,0,0,70,0,0,0,7,0,0,0,0,0,0,0,0,0,0,0,1,0,0,0,0,0,0,2,6,0,0,0,0,0,0,0,0,0,3,0,7,32,339,1,386,0,84,0,0,0,0,0,0,0,3,0,1,0,0,0,0,0,0,0,0,0,0,0,0,0,0,0,0,0,0,0,0,0,0,0,0,0,0,0,0,0,0,0,0,0,0,0,3,0,5,0,1,0,0,0,0,0,0,0,0,0,2,0,0,0,0,0,0,0,0,0,0,1,0,0,39,10,39,0,0,0,0,0,0,0,0,0,0,0,0,0,0
0,0,339,0,910,0,0,0,1511,0,0,0,0,0,0,0,11,0,22,0,43,0,51,0,53,0,140,0,979,0,802,0,503,0,0,0,0,1,0,0,0,0,0,0,0,0,0,0,0,0,0,0,0,0,0,0,0,0,0,0,0,0,0,0,0,0,0,0,0,0,0,0,0,0,62,6,54,0,1,0,0,0,0,0,0,0,0,0,0,0,0,0,0,0,0,0,0,0,0,0,0,0,0,0,0,0,0,0,0,0,0,0,0,0,0,0,0,0,0,0,0,0,0,0,0,0,0,0,0,0,0,0,0,0,0,0,0,0,0,0,0,0,0,0,0,0,0,0,0,0,5,1,36,0,1,2,7,0,0,0,0,0,0,0,0,0,0,0,0,0
0,0,0,223,0,1117,0,0,0,1312,0,0,0,0,0,0,0,3,0,176,0,54,0,11,0,63,0,242,0,466,0,269,0,558,0,0,0,4,0,0,0,0,0,0,0,0,0,0,0,0,0,0,0,0,0,0,0,0,0,0,0,0,0,0,0,0,0,0,0,0,0,0,0,0,0,57,0,84,0,0,0,0,0,0,0,0,0,1,0,1,0,0,0,1,0,0,0,0,0,0,0,0,0,0,0,0,0,0,0,0,0,0,0,0,0,0,0,0,0,0,0,0,0,0,0,0,0,0,0,0,0,0,0,0,0,0,0,0,0,0,0,0,0,0,0,0,0,0,0,0,0,2,0,132,0,6,0,0,0,0,0,0,0,0,0,0,0,0,0,0
1311,2,19,0,42,1,1132,1,285,0,0,0,0,0,5,4,0,0,0,0,0,0,0,0,0,0,0,0,0,0,0,0,220,0,0,0,28,11,48,1,11,0,0,0,3,0,44,0,24,1,32,0,63,1,25,0,2,0,29,0,2019,1,34,0,333,0,239,0,73,0,48,12,8,8,30,1,160,0,21,0,0,0,217,0,1191,0,201,0,55,0,0,0,44,0,0,0,0,0,0,0,0,0,0,0,0,0,0,0,0,0,1,2,0,0,0,0,0,0,0,0,0,0,1,0,13,0,26,0,10,0,2,0,0,0,6,0,2,0,0,0,0,0,0,0,3,0,6,0,0,0,0,0,0,0,1,0,0,0,0,0,0,0,3,0,5,0,0,0,0,0
0,1572,1,10,0,27,0,1853,0,166,0,0,0,0,1,7,0,0,0,2,0,0,0,0,0,0,0,0,0,0,0,0,0,428,0,0,0,9,0,2,0,15,0,0,0,0,6,0,0,2,0,0,1,1,0,0,0,0,0,9,0,1112,0,0,0,1,0,857,0,6,0,21,0,1,3,19,0,38,0,11,0,0,0,21,0,452,0,129,0,28,0,0,0,38,0,1,0,0,0,0,0,0,0,0,0,0,0,0,0,0,0,0,0,0,0,0,0,0,0,0,0,0,0,0,0,2,0,5,0,2,0,0,0,0,0,0,0,0,0,1,0,0,0,0,0,0,0,0,0,1,0,0,0,0,2,1,0,0,0,0,0,0,0,0,0,0,0,0,0,0
222,10,2366,7,222,14,41,2,92,2,0,0,5,1,0,60,1,0,1147,2,0,0,0,0,0,0,0,0,0,0,0,0,48,1,0,0,2349,28,6,0,2,0,0,0,1,0,0,0,0,0,0,0,2,0,1,0,0,0,0,0,19,0,12,0,2,0,1,0,0,0,52,1,1506,11,101,9,83,2,16,1,0,0,1,0,2,0,0,0,1,0,0,0,0,0,0,0,0,0,0,0,0,0,0,0,0,0,0,0,0,0,0,0,0,0,0,0,0,0,0,0,0,0,1,0,10,0,10,0,3,0,3,0,0,0,7,0,0,0,0,0,0,0,0,0,1,0,0,0,0,0,0,0,4,0,494,30,0,0,0,0,0,0,1,0,4,0,0,0,0,0
129,646,84,3052,102,780,27,150,53,113,0,0,4,7,60,0,0,0,4,939,0,0,0,0,0,0,0,0,0,0,0,0,12,94,0,0,46,1072,1,0,0,0,0,0,0,0,1,0,0,0,1,0,0,2,0,0,0,0,0,0,54,39,2,2,1,0,0,0,0,0,13,143,74,1589,296,163,20,171,8,64,0,0,0,0,0,0,0,0,0,1,0,0,0,0,0,0,0,0,0,0,0,0,0,0,0,0,0,0,0,0,0,0,0,0,0,0,0,0,0,0,1,0,0,0,1,8,4,4,1,2,1,0,0,0,4,0,1,0,0,0,0,0,0,0,0,0,0,0,0,0,0,0,0,1,48,105,1,0,0,0,0,0,1,2,1,0,0,0,0,0
0,0,112,0,46,0,0,0,7,0,11,0,0,0,1,0,0,1,21,0,58,0,602,0,18,0,1,0,35,0,0,0,77,0,0,0,0,0,0,0,0,0,3,0,4,0,0,0,0,0,0,0,0,0,0,0,0,0,0,0,0,0,0,0,0,0,0,0,0,0,0,0,0,0,259,49,623,0,0,0,0,0,0,0,0,0,0,0,0,0,0,0,0,0,0,0,0,0,0,0,0,0,0,0,0,0,0,0,0,0,0,0,0,0,0,0,0,0,0,0,0,0,0,0,0,0,0,0,0,0,0,0,0,0,0,0,0,0,0,0,0,0,0,0,0,0,0,0,0,0,209,9,55,2,29,2,770,0,0,0,0,0,0,0,0,0,0,0,0,0
0,0,1,14,0,4,0,0,0,2,0,3,0,0,0,0,1,0,0,42,0,301,4,299,0,65,0,32,0,115,0,0,0,308,0,0,0,0,0,0,0,0,0,0,0,5,0,0,0,0,0,0,0,0,0,0,0,0,0,0,0,0,0,0,0,0,0,0,0,0,0,0,0,0,70,605,0,430,0,0,0,0,0,0,0,0,0,2,0,0,0,0,0,0,0,0,0,0,0,0,0,0,0,0,0,0,0,0,0,0,0,0,0,0,0,0,0,0,0,0,0,0,0,0,0,0,0,0,0,0,0,0,0,0,0,0,0,0,0,0,0,0,0,0,0,0,0,0,0,0,1,196,1,105,1,58,6,1358,0,0,0,0,0,0,0,0,0,0,0,0
3,0,3566,3,144,13,1,2,30,3,22,0,0,0,1147,4,21,0,0,4,280,1,81,0,126,0,67,0,57,0,0,0,28,4,0,0,822,14,0,0,0,0,0,0,1,0,0,0,0,0,0,0,0,0,0,0,0,0,0,0,0,0,0,0,0,0,0,0,0,0,0,0,3,0,81,9,41,2,5,0,0,0,0,0,0,0,0,0,0,0,0,0,0,0,0,0,0,0,0,0,0,0,0,0,0,0,0,0,0,0,0,0,0,0,0,0,0,0,0,0,0,0,0,0,0,0,0,0,0,0,0,0,0,0,0,0,0,0,0,0,0,0,0,0,1,0,0,0,0,0,75,5,600,3,847,62,22,0,0,0,0,0,0,0,0,0,0,0,0,0
2,6,14,3632,20,532,1,38,9,98,0,176,0,2,2,939,0,42,4,0,0,550,2,116,0,210,0,244,1,44,0,0,1,181,0,0,1,860,0,0,0,2,0,1,0,0,0,0,0,0,0,0,0,0,0,0,0,0,0,0,0,0,0,0,0,0,0,0,0,0,0,0,1,0,47,177,3,127,0,12,0,0,0,0,0,0,0,5,0,0,0,0,0,1,0,0,0,0,0,0,0,0,0,0,0,0,0,0,0,0,0,0,0,0,0,0,0,0,0,0,0,0,0,0,0,0,0,0,0,0,0,0,0,0,0,0,0,0,0,0,0,0,0,0,0,0,0,0,0,0,2,16,5,994,4,193,0,10,0,0,0,0,0,0,0,0,0,0,0,0
0,0,329,0,106,0,0,0,3,0,43,0,0,0,0,0,58,0,280,0,0,13,1330,4,713,0,103,0,76,0,0,0,15,0,0,0,0,0,0,0,0,0,0,0,0,0,0,0,0,0,0,0,0,0,0,0,0,0,0,0,0,0,0,0,0,0,0,0,0,0,0,0,0,0,23,2,5,0,0,0,0,0,0,0,0,0,0,0,0,0,0,0,0,0,0,0,0,0,0,0,0,0,0,0,0,0,0,0,0,0,0,0,0,0,0,0,0,0,0,0,0,0,0,0,0,0,0,0,0,0,0,0,0,0,0,0,0,0,0,0,0,0,0,0,0,0,0,0,0,0,70,1,74,1,7,0,58,0,0,0,0,0,0,0,0,0,0,0,0,0
0,0,0,293,0,108,0,0,0,8,0,54,0,0,0,0,0,301,1,550,13,0,31,2320,0,1316,0,394,0,47,0,0,0,68,0,0,0,0,0,0,0,0,0,0,0,0,0,0,0,0,0,0,0,0,0,0,0,0,0,0,0,0,0,0,0,0,0,0,0,0,0,0,0,0,1,106,0,25,0,0,0,0,0,0,0,0,0,1,0,0,0,0,0,0,0,0,0,0,0,0,0,0,0,0,0,0,0,0,0,0,0,0,0,0,0,0,0,0,0,0,0,0,0,0,0,0,0,0,0,0,0,0,0,0,0,0,0,0,0,0,0,0,0,0,0,0,0,0,0,0,1,83,0,96,0,22,0,99,0,0,0,0,0,0,0,0,0,0,0,0
0,0,156,0,91,0,0,0,8,0,51,0,0,0,0,0,602,4,81,2,1330,31,0,69,866,2,27,0,153,0,0,0,32,0,0,0,0,0,0,0,0,0,22,0,0,0,0,0,0,0,0,0,0,0,0,0,0,0,0,0,0,0,0,0,0,0,0,0,0,0,0,0,0,0,125,15,121,0,0,0,0,0,0,0,0,0,0,0,0,0,0,0,0,0,0,0,0,0,0,0,0,0,0,0,0,0,0,0,0,0,0,0,0,0,0,0,0,0,0,0,0,0,0,0,0,0,0,0,0,0,0,0,0,0,0,0,0,0,0,0,0,0,0,0,0,0,0,0,0,0,171,9,131,4,14,7,364,4,0,0,0,0,0,0,0,0,0,0,0,0
0,0,0,61,0,44,0,0,0,3,0,11,0,0,0,0,0,299,0,116,4,2320,69,0,0,728,0,130,0,33,0,1,0,125,0,0,0,0,0,0,0,0,0,0,0,0,0,0,0,0,0,0,0,0,0,0,0,0,0,1,0,0,0,0,0,0,0,0,0,0,0,0,0,0,2,146,0,63,0,0,0,0,0,0,0,0,0,2,0,0,0,0,0,0,0,0,0,0,0,0,0,0,0,0,0,0,0,0,0,0,0,0,0,0,0,0,0,0,0,0,0,0,0,0,0,0,0,0,0,0,0,0,0,0,0,0,0,0,0,0,0,0,0,0,0,0,0,0,0,0,0,226,0,141,0,28,0,66,0,0,0,0,0,0,0,0,0,0,0,0
0,0,302,0,131,0,0,0,8,0,53,0,0,0,0,0,18,0,126,0,713,0,866,0,0,0,178,0,774,0,1,0,45,0,0,0,0,0,0,0,0,0,0,0,1,0,0,0,0,0,0,0,0,0,0,0,0,0,0,0,0,0,0,0,0,0,0,0,0,0,0,0,0,0,8,0,30,0,0,0,0,0,0,0,0,0,0,0,0,0,0,0,0,0,0,0,0,0,0,0,0,0,0,0,0,0,0,0,0,0,0,0,0,0,0,0,0,0,0,0,0,0,0,0,0,0,0,0,0,0,0,0,0,0,0,0,0,0,0,0,0,0,0,0,0,0,0,0,0,0,14,2,172,1,4,1,20,0,0,0,0,0,0,0,0,0,0,0,0,0
0,0,0,186,0,126,0,0,0,23,0,63,0,0,0,0,0,65,0,210,0,1316,2,728,0,0,0,220,0,62,0,0,0,59,0,0,0,0,0,0,0,0,0,0,0,0,0,0,0,0,0,0,0,0,0,0,0,0,0,0,0,0,0,0,0,0,0,0,0,0,0,0,0,0,0,21,0,28,0,0,0,0,0,0,0,0,0,0,0,0,0,0,0,0,0,0,0,0,0,0,0,0,0,0,0,0,0,0,0,0,0,0,0,0,0,0,0,0,0,0,0,0,0,0,0,0,0,0,0,0,0,0,0,0,0,0,0,0,0,0,0,0,0,0,0,0,0,0,0,0,0,21,0,94,0,5,0,10,0,0,0,0,0,0,0,0,0,0,0,0
0,0,456,0,134,0,0,0,7,0,140,0,0,0,0,0,1,0,67,0,103,0,27,0,178,0,0,0,219,0,21,0,27,0,0,0,0,0,0,0,0,0,0,0,0,0,0,0,0,0,0,0,0,0,0,0,0,0,0,0,0,0,0,0,0,0,0,0,0,0,0,0,0,0,0,0,1,0,0,0,0,0,0,0,0,0,0,0,0,0,0,0,0,0,0,0,0,0,0,0,0,0,0,0,0,0,0,0,0,0,0,0,0,0,0,0,0,0,0,0,0,0,0,0,0,0,0,0,0,0,0,0,0,0,0,0,0,0,0,0,0,0,0,0,0,0,0,0,0,0,2,0,18,0,1,2,2,0,0,0,0,0,0,0,0,0,0,0,0,0
0,0,0,621,0,341,0,0,0,25,0,242,0,0,0,0,0,32,0,244,0,394,0,130,0,220,0,0,0,85,0,7,0,46,0,0,0,0,0,0,0,0,0,0,0,0,0,0,0,0,0,0,0,0,0,0,0,0,0,1,0,0,0,0,0,0,0,0,0,0,0,0,0,0,0,10,0,20,0,0,0,0,0,0,0,0,0,2,0,0,0,0,0,0,0,0,0,0,0,0,0,0,0,0,0,0,0,0,0,0,0,0,0,0,0,0,0,0,0,0,0,0,0,0,0,0,0,0,0,0,0,0,0,0,0,0,0,0,0,0,0,0,0,0,0,0,0,0,0,0,0,1,0,46,0,1,0,0,0,0,0,0,0,0,0,0,0,0,0,0
0,0,222,0,230,0,0,0,65,0,979,0,0,0,0,0,35,0,57,1,76,0,153,0,774,0,219,0,0,0,321,0,1067,0,0,0,0,0,0,0,0,0,0,0,0,0,0,0,0,0,0,0,0,0,0,0,0,0,0,0,0,0,0,0,0,0,0,0,0,0,0,0,0,0,22,0,127,0,0,0,0,0,0,0,0,0,2,0,0,0,0,0,0,0,0,0,0,0,0,0,0,0,0,0,0,0,0,0,0,0,0,0,0,0,0,0,0,0,0,0,0,0,0,0,0,0,0,0,0,0,0,0,0,0,0,0,0,0,0,0,0,0,0,0,0,0,0,0,0,0,16,2,54,0,5,2,58,0,0,0,0,0,0,0,0,0,0,0,0,0
0,0,0,26,0,43,0,0,0,16,0,466,0,0,0,0,0,115,0,44,0,47,0,33,0,62,0,85,0,0,0,10,0,406,0,0,0,0,0,0,0,0,0,0,0,4,0,0,0,0,0,0,0,0,0,0,0,0,0,0,0,0,0,0,0,0,0,0,0,0,0,0,0,0,0,26,0,125,0,0,0,0,0,0,0,0,0,4,0,0,0,0,0,0,0,0,0,0,0,0,0,0,0,0,0,0,0,0,0,0,0,0,0,0,0,0,0,0,0,0,0,0,0,0,0,0,0,0,0,0,0,0,0,0,0,0,0,0,0,0,0,0,0,0,0,0,0,0,0,0,0,3,0,50,0,0,0,10,0,0,0,0,0,0,0,0,0,0,0,0
0,0,2,0,52,0,0,0,50,0,802,0,0,0,0,0,0,0,0,0,0,0,0,0,1,0,21,0,321,0,0,0,42,0,0,0,0,0,0,0,0,0,0,0,0,0,0,0,0,0,0,0,0,0,0,0,0,0,0,0,0,0,0,0,0,0,0,0,0,0,0,0,0,0,0,0,0,0,0,0,0,0,0,0,0,0,1,0,0,0,0,0,0,0,0,0,0,0,0,0,0,0,0,0,0,0,0,0,0,0,0,0,0,0,0,0,0,0,0,0,0,0,0,0,0,0,0,0,0,0,0,0,0,0,0,0,0,0,0,0,0,0,0,0,0,0,0,0,0,0,0,0,0,0,0,1,0,0,0,0,0,0,0,0,0,0,0,0,0,0
0,0,0,2,0,50,0,0,0,7,0,269,0,0,0,0,0,0,0,0,0,0,0,1,0,0,0,7,0,10,0,0,0,3,0,0,0,0,0,0,0,0,0,0,0,0,0,0,0,0,0,0,0,0,0,0,0,0,0,0,0,0,0,0,0,0,0,0,0,0,0,0,0,0,0,0,0,0,0,0,0,0,0,0,0,0,0,0,0,0,0,0,0,0,0,0,0,0,0,0,0,0,0,0,0,0,0,0,0,0,0,0,0,0,0,0,0,0,0,0,0,0,0,0,0,0,0,0,0,0,0,0,0,0,0,0,0,0,0,0,0,0,0,0,0,0,0,0,0,0,0,0,0,1,0,1,0,0,0,0,0,0,0,0,0,0,0,0,0,0
951,5,308,2,773,6,650,1,1131,2,503,0,220,0,48,12,77,0,28,1,15,0,32,0,45,0,27,0,1067,0,42,0,0,0,0,0,61,28,43,2,1580,1,20,2,76,0,12,0,24,0,27,0,37,2,3,0,1,0,87,0,507,1,23,0,68,0,24,0,7,0,59,8,32,8,211,7,2831,3,149,0,0,0,21,0,277,0,641,0,166,0,4,0,295,0,0,0,0,0,1,2,3,0,0,2,0,0,2,0,2,0,6,5,2,3,0,0,0,0,0,0,0,0,1,0,13,1,95,0,39,1,20,0,0,0,26,3,2,0,14,0,0,0,9,1,92,3,5,0,9,0,7,1,22,0,53,7,22,0,3,0,2,1,54,3,17,1,0,0,3,0
2,495,14,373,13,851,1,819,9,1185,0,558,0,428,1,94,0,308,4,181,0,68,0,125,0,59,0,46,0,406,0,3,0,0,0,0,0,123,0,3,1,1280,1,8,0,68,9,1,0,2,1,8,0,2,0,2,0,1,0,222,2,240,0,0,0,0,0,162,0,7,1,25,2,8,33,494,1,3769,1,73,0,0,0,85,0,426,0,51,0,69,0,3,0,203,0,3,0,0,0,0,0,0,0,0,0,0,1,0,0,1,2,1,0,2,1,0,0,0,0,0,0,1,0,0,0,11,1,20,0,23,0,1,0,1,0,4,0,1,0,35,0,0,0,7,0,27,0,2,0,19,1,5,3,113,2,51,0,11,0,0,0,1,0,13,0,3,0,1,0,0
0,0,0,0,0,0,0,0,0,0,0,0,0,0,0,0,0,0,0,0,0,0,0,0,0,0,0,0,0,0,0,0,0,0,0,0,0,0,0,0,0,0,0,0,0,0,0,0,0,0,0,0,0,0,0,0,0,0,0,0,0,0,0,0,0,0,0,0,0,0,0,0,0,0,0,0,0,0,0,0,0,0,0,0,0,0,0,0,0,0,0,0,0,0,0,0,0,0,0,0,0,0,0,0,0,0,0,0,0,0,0,0,0,0,0,0,0,0,0,0,0,0,0,0,0,0,0,0,0,0,0,0,0,0,0,0,0,0,0,0,0,0,0,0,0,0,0,0,0,0,0,0,0,0,0,0,0,0,0,0,0,0,0,0,0,0,0,0,0,0
0,0,0,0,0,0,0,0,0,0,0,0,0,0,0,0,0,0,0,0,0,0,0,0,0,0,0,0,0,0,0,0,0,0,0,0,0,0,0,0,0,0,0,0,0,0,0,0,0,0,0,0,0,0,0,0,0,0,0,0,0,0,0,0,0,0,0,0,0,0,0,0,0,0,0,0,0,0,0,0,0,0,0,0,0,0,0,0,0,0,0,0,0,0,0,0,0,0,0,0,0,0,0,0,0,0,0,0,0,0,0,0,0,0,0,0,0,0,0,0,0,0,0,0,0,0,0,0,0,0,0,0,0,0,0,0,0,0,0,0,0,0,0,0,0,0,0,0,0,0,0,0,0,0,0,0,0,0,0,0,0,0,0,0,0,0,0,0,0,0
416,18,605,6,121,8,51,3,45,0,0,0,28,0,2349,46,0,0,822,1,0,0,0,0,0,0,0,0,0,0,0,0,61,0,0,0,0,224,1448,3,2,0,0,0,1,0,16,1,50,1,0,0,60,0,9,0,0,0,0,0,231,2,127,1,42,0,19,1,10,0,2300,60,1146,53,162,7,169,0,59,1,0,0,15,0,28,0,5,0,3,0,0,0,0,0,0,0,0,0,0,1,0,1,0,0,0,0,0,0,0,0,0,1,0,2,0,0,0,0,0,0,4,0,3,0,34,1,94,0,35,0,5,0,1,0,26,0,5,0,0,0,0,0,0,0,54,0,12,0,3,0,0,1,3,0,574,11,0,0,0,1,0,0,6,0,2,0,0,0,0,0
124,120,80,485,72,315,12,53,44,70,1,4,11,9,28,1072,0,0,14,860,0,0,0,0,0,0,0,0,0,0,0,0,28,123,0,0,224,0,17,707,0,1,0,1,0,0,29,39,4,39,1,0,6,21,1,7,0,0,0,1,104,53,21,2,6,3,3,5,0,0,107,2234,96,279,165,238,51,137,9,43,0,0,2,4,5,4,3,2,0,0,0,0,0,2,0,0,0,0,0,0,0,0,0,0,0,0,0,0,0,0,0,0,0,0,0,0,0,0,0,0,0,0,0,0,15,2,22,2,14,0,2,0,0,0,7,0,2,0,0,0,0,0,0,0,10,1,0,0,2,0,4,0,6,69,42,706,1,0,0,0,0,0,0,0,4,0,0,0,0,0
34,0,6,1,0,0,0,0,0,0,0,0,48,0,6,1,0,0,0,0,0,0,0,0,0,0,0,0,0,0,0,0,43,0,0,0,1448,17,0,105,38,242,0,9,0,0,387,358,135,1,24,31,130,3,7,0,0,1,4,6,22,0,17,0,18,0,4,1,4,0,1123,100,5,1,11,0,57,1,43,0,0,0,66,0,38,0,0,0,2,1,0,0,0,1,0,0,0,0,0,0,0,0,0,0,0,0,0,0,0,0,0,1,0,2,0,0,0,0,0,0,2,0,1,0,3,0,77,0,30,0,4,0,1,0,6,0,5,0,0,0,0,0,0,0,27,0,8,0,6,0,0,0,0,0,0,0,0,0,0,1,0,0,3,0,8,1,0,0,0,0
1,2,0,1,0,0,0,0,0,0,0,0,1,2,0,0,0,0,0,0,0,0,0,0,0,0,0,0,0,0,0,0,2,3,0,0,3,707,105,0,69,147,0,3,0,0,82,273,6,10,6,55,4,13,0,4,0,1,2,16,0,0,1,0,0,0,0,3,0,0,47,563,0,1,0,0,6,1,2,0,0,0,7,4,4,8,0,0,0,0,0,0,0,0,0,0,0,0,0,0,0,0,0,0,0,0,0,0,0,0,0,0,0,0,0,0,0,0,0,0,0,0,0,0,0,0,1,0,1,0,0,0,0,0,1,0,0,0,0,0,0,0,0,0,0,1,0,0,0,0,0,0,0,0,0,0,0,0,0,0,0,0,0,0,0,0,0,0,0,0
6,0,4,0,3,0,3,0,8,0,0,0,11,0,2,0,0,0,0,0,0,0,0,0,0,0,0,0,0,0,0,0,1580,1,0,0,2,0,38,69,0,31,2232,37,266,0,10,65,0,0,375,2,2,0,0,0,0,0,631,0,5,0,2,0,3,0,0,0,0,0,53,4,0,0,31,11,1369,12,319,4,0,0,249,0,734,0,1053,0,291,0,17,0,485,0,1,1,0,0,9,18,15,5,0,0,0,0,2,6,5,5,34,49,4,41,0,1,0,0,0,4,1,0,1,0,18,5,40,18,38,5,6,1,10,0,47,19,4,3,172,1,3,0,48,4,483,16,10,0,12,3,0,0,0,0,1,0,2,1,15,9,5,3,505,41,100,11,0,0,18,1
0,7,0,1,0,9,0,3,0,7,0,0,0,15,0,0,0,0,0,2,0,0,0,0,0,0,0,0,0,0,0,0,1,1280,0,0,0,1,242,147,31,0,5,1567,0,631,3,49,0,0,3,339,0,1,0,0,0,8,0,1172,0,2,0,0,0,0,0,1,0,0,41,101,0,0,0,89,5,1327,2,199,0,0,0,249,0,725,0,1086,0,203,0,32,0,394,0,3,0,0,3,24,2,4,0,5,0,0,1,7,2,7,12,17,5,15,0,1,0,0,0,2,0,2,0,5,0,30,1,94,1,35,2,2,0,7,2,16,0,8,0,346,0,2,0,24,5,152,3,8,0,16,0,0,0,0,0,0,0,13,1,3,0,9,1,227,0,29,0,1,7,0
0,0,0,0,0,0,0,0,0,0,0,0,0,0,0,0,3,0,0,0,0,0,22,0,0,0,0,0,0,0,0,0,20,1,0,0,0,0,0,0,2232,5,0,7,400,0,0,2,1,0,1003,0,0,0,0,0,0,0,1692,0,0,0,0,0,0,0,0,0,0,0,14,0,0,0,0,3,16,5,2,0,0,0,23,0,43,1,185,0,12,0,79,0,220,0,1,0,0,0,0,6,32,1,2,0,0,0,1,2,9,4,39,7,4,11,0,0,0,0,0,3,0,0,0,0,0,0,4,9,3,2,0,0,0,0,4,4,0,2,1,1,0,0,2,2,7,8,0,0,0,2,0,0,0,0,1,0,0,0,1,1,0,0,10,10,5,0,0,0,3,0
0,0,0,0,0,0,0,0,0,0,0,0,0,0,0,0,0,0,0,1,0,0,0,0,0,0,0,0,0,0,0,0,2,8,0,0,0,1,9,3,37,1567,7,0,0,598,0,15,0,0,0,731,0,0,0,0,0,11,0,3147,1,0,0,0,0,0,0,0,0,0,0,57,0,0,1,2,12,30,7,2,0,0,0,6,0,18,1,188,1,28,0,158,1,101,0,1,0,1,2,17,1,8,0,4,0,1,1,4,2,5,13,18,1,4,1,0,0,0,0,2,0,0,0,1,0,1,4,3,5,2,0,0,0,0,3,2,0,1,3,16,0,0,1,6,7,11,0,1,4,0,0,0,0,0,0,1,0,0,2,4,0,0,3,9,1,4,0,0,3,0
0,0,4,0,5,1,1,0,7,0,0,0,3,0,1,0,4,0,1,0,0,0,0,0,1,0,0,0,0,0,0,0,76,0,0,0,1,0,0,0,266,0,400,0,0,0,0,0,0,0,0,0,1,0,0,0,0,0,27,0,0,1,0,0,1,0,1,0,0,0,0,0,2,0,24,0,796,0,228,0,0,0,0,0,2,0,408,0,1,0,2,0,10,0,0,0,0,0,0,0,0,0,0,0,0,0,0,1,0,0,1,0,0,0,0,0,0,0,0,0,0,0,0,0,25,0,7,0,4,0,6,0,9,0,12,0,1,0,2,0,0,0,0,0,0,0,0,0,2,0,0,0,1,0,2,0,1,0,0,1,0,0,6,0,15,1,0,0,1,0
0,1,0,0,0,2,0,0,0,0,0,0,0,0,0,0,0,5,0,0,0,0,0,0,0,0,0,0,0,4,0,0,0,68,0,0,0,0,0,0,0,631,0,598,0,0,0,0,0,0,0,0,0,0,0,0,0,0,0,145,0,0,0,0,0,0,0,0,0,0,0,0,0,0,0,22,1,448,1,111,0,0,0,0,0,1,0,598,0,5,0,37,0,11,0,0,0,0,0,0,0,0,0,0,0,0,0,0,0,0,0,0,0,0,0,0,0,0,0,0,0,0,0,0,0,5,0,2,0,1,0,0,0,0,0,0,0,1,0,1,0,0,0,0,0,1,0,0,0,0,0,0,0,2,0,0,0,20,0,0,0,1,0,3,0,0,0,0,0,0
1,0,0,0,0,0,0,0,0,0,0,0,44,6,0,1,0,0,0,0,0,0,0,0,0,0,0,0,0,0,0,0,12,9,0,0,16,29,387,82,10,3,0,0,0,0,0,2412,4014,129,3519,497,1464,54,2234,31,681,3,112,0,4,0,7,0,44,1,5,12,277,9,1870,441,1,2,1,0,10,7,5,0,0,0,139,12,274,16,0,0,176,0,0,0,17,0,34,0,0,0,0,0,0,0,31,0,0,0,0,0,0,0,0,0,0,0,0,0,0,0,0,0,0,0,0,0,0,0,2,0,7,1,1,0,0,0,2,0,0,0,0,0,0,0,0,0,1,0,0,0,1,0,0,0,0,0,0,0,0,0,0,0,0,0,1,0,0,0,0,0,0,0
0,0,0,0,0,0,0,0,0,0,0,0,0,0,0,0,0,0,0,0,0,0,0,0,0,0,0,0,0,0,0,0,0,1,0,0,1,39,358,273,65,49,2,15,0,0,2412,0,368,1473,183,4272,3,1069,1,1205,0,374,4,121,0,0,0,0,0,0,0,0,2,4,355,1641,0,0,0,0,0,0,0,0,0,0,2,2,1,4,0,0,0,110,0,0,0,6,0,0,0,0,0,0,0,0,0,0,0,0,0,0,0,0,0,0,0,0,0,0,0,0,0,0,0,0,0,0,0,0,0,0,0,0,0,0,0,0,0,0,0,0,0,0,0,0,0,0,0,0,0,0,0,0,0,0,0,0,0,0,0,0,0,0,0,0,0,0,0,0,0,0,0,0
13,0,2,0,1,1,1,0,0,0,0,0,24,0,0,0,0,0,0,0,0,0,0,0,0,0,0,0,0,0,0,0,24,0,0,0,50,4,135,6,0,0,1,0,0,0,4014,368,0,1080,8,2,4485,129,366,9,1,0,5,0,17,1,181,0,35,0,0,2,106,0,1744,181,3,0,6,0,38,0,10,0,0,0,71,1,44,0,1,0,23,0,0,0,3,0,0,0,0,0,0,0,0,0,0,0,0,0,0,0,0,0,0,0,0,0,0,0,0,0,0,0,0,0,0,0,1,0,14,0,12,0,0,0,1,0,2,0,1,0,0,0,0,0,0,0,5,0,1,0,1,0,0,0,0,0,0,0,0,0,0,0,0,0,4,1,1,0,0,0,0,0
1,2,0,2,0,0,0,0,0,0,0,0,1,2,0,0,0,0,0,0,0,0,0,0,0,0,0,0,0,0,0,0,0,2,0,0,1,39,1,10,0,0,0,0,0,0,129,1473,1080,0,0,13,0,3290,0,244,0,15,0,0,0,5,2,107,0,0,0,7,0,19,3,1406,1,9,0,0,0,2,0,0,0,0,7,6,0,6,0,0,0,2,0,0,0,0,0,0,0,0,0,0,0,0,0,0,0,0,0,0,0,0,0,0,0,0,0,0,0,0,0,0,0,0,0,0,0,0,0,0,0,0,0,0,0,0,1,0,0,0,0,0,0,0,0,0,1,0,1,0,0,0,0,0,0,0,0,0,0,0,0,0,0,0,0,0,0,0,0,0,0,0
0,0,0,0,0,0,0,0,0,0,0,0,32,0,0,1,0,0,0,0,0,0,0,0,0,0,0,0,0,0,0,0,27,1,0,0,0,1,24,6,375,3,1003,0,0,0,3519,183,8,0,0,33,81,3,1105,0,1887,0,2276,1,1,0,1,0,5,0,1,0,69,1,977,17,0,0,0,2,16,0,4,1,0,0,131,0,613,0,0,0,382,0,0,0,45,0,485,0,0,0,14,0,8,0,495,3,1,0,6,4,24,5,20,8,8,69,0,0,0,0,0,7,0,0,0,0,0,0,1,0,8,0,1,0,0,0,3,1,0,1,0,0,0,0,0,2,14,0,1,0,2,0,0,0,0,0,0,0,0,0,0,0,0,1,0,0,2,0,0,0,2,0
0,0,0,0,0,0,0,0,0,0,0,0,0,0,0,0,0,0,0,0,0,0,0,0,0,0,0,0,0,0,0,0,0,8,0,0,0,0,31,55,2,339,0,731,0,0,497,4272,2,13,33,0,0,36,0,364,0,478,1,1267,0,1,0,0,0,0,0,0,0,0,8,807,0,0,0,1,2,9,0,0,0,0,0,3,0,6,0,0,0,50,0,0,0,54,0,4,0,1,4,36,3,6,2,54,0,0,1,14,7,13,11,31,3,42,2,51,2,0,0,1,0,0,0,0,0,0,2,4,0,3,0,0,0,1,1,6,1,1,1,0,0,0,0,1,3,13,0,1,0,1,0,0,0,0,0,0,0,0,1,0,0,2,2,2,0,2,0,0,9,0
34,0,4,0,2,0,1,0,2,0,0,0,63,1,2,0,0,0,0,0,0,0,0,0,0,0,0,0,0,0,0,0,37,0,0,0,60,6,130,4,2,0,0,0,1,0,1464,3,4485,0,81,0,0,1,3816,0,4,0,14,0,42,0,549,0,257,0,11,0,318,0,518,2,1,1,8,0,47,0,26,0,0,0,98,0,107,0,0,0,76,0,0,0,7,0,0,0,0,0,0,0,1,0,0,0,0,0,0,0,0,0,0,0,0,1,0,0,0,0,0,0,0,0,1,0,3,0,46,0,22,0,0,0,1,1,5,0,3,0,1,0,0,0,0,0,13,0,4,0,3,0,0,0,0,0,0,0,0,0,0,0,0,0,4,0,1,0,0,0,0,0
1,1,0,0,0,0,0,0,0,1,0,0,1,1,0,2,0,0,0,0,0,0,0,0,0,0,0,0,0,0,0,0,2,2,0,0,0,21,3,13,0,1,0,0,0,0,54,1069,129,3290,3,36,1,0,1,1219,0,70,0,3,0,2,0,297,0,0,0,2,0,186,5,589,0,8,1,0,0,3,0,0,0,0,3,4,1,9,0,0,0,0,0,0,0,0,0,0,0,0,0,0,0,0,0,0,0,0,0,0,0,0,0,0,0,0,0,0,0,0,0,0,0,0,0,0,0,0,0,0,0,0,0,0,0,0,0,0,0,0,0,0,0,0,0,0,0,0,0,0,0,1,0,0,0,0,0,0,0,0,0,0,0,0,0,0,0,0,0,0,0,0
5,0,3,0,1,0,0,0,0,0,0,0,25,0,1,0,0,0,0,0,0,0,0,0,0,0,0,0,0,0,0,0,3,0,0,0,9,1,7,0,0,0,0,0,0,0,2234,1,366,0,1105,0,3816,1,0,0,2456,0,368,0,17,0,265,0,999,0,17,0,2701,0,49,2,0,0,3,0,21,0,1,0,0,0,19,0,456,0,2,0,4167,0,0,0,390,0,23,0,0,0,0,0,0,0,14,0,0,0,0,0,0,0,0,0,0,0,0,0,0,0,0,0,0,0,1,0,0,0,16,0,6,0,1,0,0,0,0,0,1,0,0,0,0,0,0,0,4,0,2,0,0,0,0,0,0,0,0,0,0,0,0,1,0,0,0,0,3,0,0,0,0,0
0,0,0,0,0,0,0,0,0,0,0,0,0,0,0,0,0,0,0,0,0,0,0,0,0,0,0,0,0,0,0,0,0,2,0,0,0,7,0,4,0,0,0,0,0,0,31,1205,9,244,0,364,0,1219,0,0,0,794,0,139,0,0,0,15,0,3,0,0,0,1126,3,96,0,0,0,0,0,2,0,1,0,0,0,7,0,7,0,0,0,565,0,0,0,71,0,0,0,0,0,0,0,0,0,0,0,0,0,0,0,0,0,0,0,0,0,0,0,0,0,0,0,0,0,0,0,0,0,0,0,0,0,0,0,0,0,0,0,0,0,0,0,0,0,0,0,0,0,0,0,0,0,0,0,0,0,0,0,0,0,0,0,0,0,0,0,0,0,0,0,0
0,0,0,0,0,0,0,0,0,0,0,0,2,0,0,0,0,0,0,0,0,0,0,0,0,0,0,0,0,0,0,0,1,0,0,0,0,0,0,0,0,0,0,0,0,0,681,0,1,0,1887,0,4,0,2456,0,0,0,2098,0,0,0,0,0,3,0,0,0,11,0,1,0,0,0,0,0,1,0,0,0,0,0,7,0,119,0,0,0,488,0,0,0,781,0,103,0,0,0,0,0,0,0,14,0,0,0,0,0,0,0,0,0,0,0,0,0,0,0,0,0,0,0,0,0,0,0,0,0,0,0,0,0,0,0,0,0,0,0,0,0,0,0,0,0,1,0,0,0,0,0,0,0,0,0,0,0,0,0,0,0,0,0,0,0,0,0,0,0,0,0
0,0,0,0,0,0,0,0,0,0,0,0,0,0,0,0,0,0,0,0,0,0,0,0,0,0,0,0,0,0,0,0,0,1,0,0,0,0,1,1,0,8,0,11,0,0,3,374,0,15,0,478,0,70,0,794,0,0,0,1261,0,0,0,0,0,0,0,0,0,0,0,15,0,0,0,0,0,0,0,0,0,0,0,2,0,8,0,0,0,137,0,0,0,1097,0,0,0,0,0,0,0,0,0,0,0,0,0,0,0,0,0,0,0,0,0,0,0,0,0,0,0,0,0,0,0,0,0,0,0,0,0,0,0,0,0,0,0,0,0,0,0,0,0,0,0,0,0,0,0,0,0,0,0,0,0,0,0,0,0,0,0,0,0,0,0,0,0,0,0,0
0,0,0,0,0,0,0,0,0,0,0,0,29,0,0,0,0,0,0,0,0,0,0,0,0,0,0,0,0,0,0,0,87,0,0,0,0,0,4,2,631,0,1692,0,27,0,112,4,5,0,2276,1,14,0,368,0,2098,0,0,0,0,0,0,0,4,0,1,0,7,0,29,2,0,0,0,0,21,0,5,1,0,0,97,0,1045,0,732,0,570,0,788,0,2834,0,40,0,0,0,2,0,0,0,70,0,1,0,0,0,0,0,0,1,0,0,0,0,0,0,0,0,0,0,0,0,1,0,2,0,0,1,0,0,0,0,1,0,0,0,0,0,0,0,0,0,5,1,1,0,0,0,0,0,0,0,0,0,0,0,0,0,0,0,5,1,0,0,0,0,0,0
0,0,0,2,0,1,0,0,0,0,0,0,0,9,0,0,0,0,0,0,0,0,0,1,0,0,0,1,0,0,0,0,0,222,0,0,0,1,6,16,0,1172,0,3147,0,145,0,121,0,0,1,1267,0,3,0,139,0,1261,0,0,0,0,0,0,0,0,0,0,0,0,0,56,0,0,0,4,0,121,0,15,0,0,0,60,0,455,0,903,0,516,0,738,0,2811,0,135,0,13,0,1,0,67,0,372,0,0,0,3,0,0,0,0,0,0,0,0,1,1,0,0,0,0,0,0,0,3,0,6,0,0,0,0,0,1,0,0,0,0,0,11,0,0,0,2,0,1,0,0,0,0,0,0,0,1,0,0,0,2,0,0,0,1,0,1,0,0,0,0,0,0
7084,26,150,3,139,1,161,5,37,2,0,0,2019,0,19,54,0,0,0,0,0,0,0,0,0,0,0,0,0,0,0,0,507,2,0,0,231,104,22,0,5,0,0,1,0,0,4,0,17,0,1,0,42,0,17,0,0,0,0,0,0,3,2897,1,2583,0,2001,0,92,1,1594,21,573,55,121,4,349,5,70,1,0,0,101,0,506,0,7,0,24,0,0,0,1,0,0,0,0,0,0,0,2,0,0,0,0,0,0,0,0,1,2,1,0,0,0,0,0,0,0,0,4,0,1,0,64,2,152,0,18,0,5,0,1,0,55,1,16,0,0,0,0,0,1,0,59,0,18,0,3,0,0,0,0,0,58,6,0,0,1,0,0,0,8,0,4,0,0,0,2,0
0,6673,0,119,1,38,0,45,0,6,0,0,1,1112,0,39,0,0,0,0,0,0,0,0,0,0,0,0,0,0,0,0,1,240,0,0,2,53,0,0,0,2,0,0,1,0,0,0,1,5,0,1,0,2,0,0,0,0,0,0,3,0,0,489,0,816,0,3265,0,116,2,571,2,773,6,8,3,3,0,1,0,0,0,0,0,3,0,0,0,0,0,0,0,0,0,0,0,0,0,0,0,0,0,0,0,0,0,0,0,0,0,0,0,0,0,0,0,0,0,0,0,0,0,0,0,0,1,0,0,0,0,0,0,0,0,0,1,0,0,0,0,0,0,0,0,0,0,0,0,0,0,0,0,0,1,0,0,0,0,0,0,0,0,0,0,0,0,0,0,0
375,0,27,0,19,0,17,1,8,0,0,0,34,0,12,2,0,0,0,0,0,0,0,0,0,0,0,0,0,0,0,0,23,0,0,0,127,21,17,1,2,0,0,0,0,0,7,0,181,2,1,0,549,0,265,0,0,0,0,0,2897,0,0,0,2027,0,27,0,71,0,2793,5,180,3,50,0,102,0,26,0,0,0,6,0,26,0,0,0,6,0,0,0,0,0,0,0,0,0,0,0,0,0,0,0,0,0,0,0,0,0,0,0,0,0,0,0,0,0,0,0,1,0,2,0,14,0,82,0,18,0,4,0,0,0,21,1,7,0,0,0,0,0,0,0,35,0,6,0,1,0,0,0,0,0,5,0,0,0,0,0,0,0,4,0,7,0,0,0,0,0
0,26,0,10,0,3,0,0,0,0,0,0,0,0,0,2,0,0,0,0,0,0,0,0,0,0,0,0,0,0,0,0,0,0,0,0,1,2,0,0,0,0,0,0,0,0,0,0,0,107,0,0,0,297,0,15,0,0,0,0,1,489,0,0,0,130,0,78,0,210,0,1192,0,128,1,0,1,1,0,1,0,0,0,0,0,0,0,0,0,0,0,0,0,0,0,0,0,0,0,0,0,0,0,0,0,0,0,0,0,0,0,0,0,0,0,0,0,0,0,0,0,0,0,0,0,0,0,0,0,0,0,0,0,0,0,0,0,0,0,0,0,0,0,0,0,0,0,0,0,0,0,0,0,0,1,0,0,0,0,0,0,0,0,0,0,0,0,0,0,0
441,0,14,0,30,0,13,0,10,0,0,0,333,0,2,1,0,0,0,0,0,0,0,0,0,0,0,0,0,0,0,0,68,0,0,0,42,6,18,0,3,0,0,0,1,0,44,0,35,0,5,0,257,0,999,0,3,0,4,0,2583,0,2027,0,0,0,1369,0,4113,0,101,6,8,1,55,1,135,0,44,0,0,0,10,0,537,0,2,0,206,0,0,0,5,0,0,0,0,0,0,0,1,0,0,0,0,0,0,0,0,0,1,0,0,1,0,0,0,0,0,0,0,0,2,0,22,0,86,0,28,0,2,0,1,0,28,1,11,0,0,0,0,0,0,0,34,0,9,0,3,0,0,0,0,0,1,0,0,0,0,1,0,0,7,0,6,0,0,0,0,0
0,39,0,1,0,0,0,0,0,0,0,0,0,1,0,0,0,0,0,0,0,0,0,0,0,0,0,0,0,0,0,0,0,0,0,0,0,3,0,0,0,0,0,0,0,0,1,0,0,0,0,0,0,0,0,3,0,0,0,0,0,816,0,130,0,0,0,1797,0,1024,1,0,0,0,0,0,1,0,0,0,0,0,0,1,0,19,0,0,0,3,0,0,0,0,0,0,0,0,0,0,0,0,0,0,0,0,0,0,0,0,0,0,0,0,0,0,0,0,0,0,0,0,0,0,0,0,0,0,0,0,0,0,0,0,1,0,0,0,0,0,0,0,0,0,0,0,0,0,0,0,0,0,0,0,0,0,0,0,0,0,0,0,0,0,0,0,0,0,0,0
92,1,7,0,3,0,2,0,0,0,0,0,239,0,1,0,0,0,0,0,0,0,0,0,0,0,0,0,0,0,0,0,24,0,0,0,19,3,4,0,0,0,0,0,1,0,5,0,0,0,1,0,11,0,17,0,0,0,1,0,2001,0,27,0,1369,0,0,0,410,0,9,2,0,1,21,0,53,0,14,0,0,0,0,0,969,0,0,0,208,0,0,0,0,0,0,0,0,0,0,0,0,0,0,0,0,0,0,0,0,0,0,0,0,0,0,0,0,0,0,0,1,0,1,0,6,0,26,0,5,0,0,0,0,0,5,0,0,0,0,0,0,0,0,0,20,0,6,0,1,0,0,0,0,0,1,0,0,0,0,0,0,0,2,0,0,0,0,0,1,0
0,172,0,0,0,0,0,3,0,0,0,0,0,857,0,0,0,0,0,0,0,0,0,0,0,0,0,0,0,0,0,0,0,162,0,0,1,5,1,3,0,1,0,0,0,0,12,0,2,7,0,0,0,2,0,0,0,0,0,0,0,3265,0,78,0,1797,0,0,0,455,5,29,0,0,0,0,0,7,0,0,0,0,0,6,0,610,0,0,0,10,0,0,0,0,0,0,0,0,0,0,0,0,0,0,0,0,0,0,0,0,0,0,0,0,0,0,0,0,0,0,0,0,0,0,0,0,0,0,0,0,0,0,0,0,0,0,0,0,0,0,0,0,0,0,0,0,0,0,0,0,0,0,0,0,0,0,0,0,0,0,0,0,0,0,0,0,0,0,0,0
18,0,3,0,0,0,1,0,0,0,0,0,73,0,0,0,0,0,0,0,0,0,0,0,0,0,0,0,0,0,0,0,7,0,0,0,10,0,4,0,0,0,0,0,0,0,277,2,106,0,69,0,318,0,2701,0,11,0,7,0,92,0,71,0,4113,0,410,0,0,0,14,0,0,0,3,0,13,0,3,0,0,0,9,0,902,0,0,0,1893,0,0,0,39,0,0,0,0,0,0,0,0,0,0,0,0,0,0,0,0,0,0,0,0,0,0,0,0,0,0,0,0,0,0,0,2,0,8,0,1,0,0,0,0,0,2,0,1,0,0,0,0,0,0,0,1,0,0,0,0,0,0,0,0,0,0,0,0,0,0,0,0,0,0,0,0,0,0,0,0,0
0,3,0,0,0,0,0,0,0,0,0,0,0,6,0,0,0,0,0,0,0,0,0,0,0,0,0,0,0,0,0,0,0,7,0,0,0,0,0,0,0,0,0,0,0,0,9,4,0,19,1,0,0,186,0,1126,0,0,0,0,1,116,0,210,0,1024,0,455,0,0,4,80,0,8,0,0,0,0,1,0,0,0,0,5,0,287,0,0,0,664,0,0,0,0,0,0,0,0,0,0,0,0,0,0,0,0,0,0,0,0,0,0,0,0,0,0,0,0,0,0,0,0,0,0,0,0,0,0,0,0,0,0,0,0,0,0,0,0,0,0,0,0,0,0,0,0,0,0,0,0,0,0,0,0,0,0,0,0,0,0,0,0,0,0,0,0,0,0,0,0
679,10,88,1,66,2,50,0,22,0,0,0,48,0,52,13,0,0,0,0,0,0,0,0,0,0,0,0,0,0,0,0,59,1,0,0,2300,107,1123,47,53,41,14,0,0,0,1870,355,1744,3,977,8,518,5,49,3,1,0,29,0,1594,2,2793,0,101,1,9,5,14,4,0,105,2051,25,91,3,138,2,57,2,0,0,68,2,53,4,3,0,2,0,0,0,1,0,0,0,0,0,0,0,1,0,12,0,0,0,0,0,0,0,1,0,0,1,0,0,0,0,0,0,5,0,0,0,30,0,115,0,37,0,7,0,0,0,31,1,9,0,0,0,0,0,0,0,42,1,9,0,7,0,0,0,0,0,18,1,0,0,0,0,0,0,9,0,7,2,0,0,1,0
22,228,4,120,3,11,1,4,5,3,0,0,12,21,1,143,0,0,0,0,0,0,0,0,0,0,0,0,0,0,0,0,8,25,0,0,60,2234,100,563,4,101,0,57,0,0,441,1641,181,1406,17,807,2,589,2,96,0,15,2,56,21,571,5,1192,6,0,2,29,0,80,105,0,14,973,21,1,16,16,6,2,0,0,15,53,5,43,1,0,0,5,0,0,0,5,0,0,0,0,0,3,0,0,1,0,0,0,0,0,0,0,0,0,0,0,0,0,0,0,0,0,0,0,0,0,1,0,13,3,3,2,1,0,0,1,1,0,0,0,0,9,0,1,0,1,4,10,0,0,2,0,0,0,0,0,4,2,0,0,0,0,0,0,1,5,0,0,0,0,0,0
1081,24,389,9,95,5,71,4,56,0,0,0,8,0,1506,74,0,0,3,1,0,0,0,0,0,0,0,0,0,0,0,0,32,2,0,0,1146,96,5,0,0,0,0,0,2,0,1,0,3,1,0,0,1,0,0,0,0,0,0,0,573,2,180,0,8,0,0,0,0,0,2051,14,0,53,68,2,69,1,16,2,0,0,1,0,1,0,1,0,0,0,0,0,0,0,0,0,0,0,0,1,0,0,0,0,0,0,0,0,0,0,1,2,0,0,0,0,0,0,0,0,2,0,0,0,17,0,20,1,1,0,2,0,2,0,14,0,6,0,0,0,0,0,0,0,5,0,2,0,0,0,0,0,0,0,178,15,0,0,0,0,0,0,1,0,2,0,0,0,0,0
53,672,10,395,10,55,9,26,3,7,0,0,8,1,11,1589,0,0,0,0,0,0,0,0,0,0,0,0,0,0,0,0,8,8,0,0,53,279,1,1,0,0,0,0,0,0,2,0,0,9,0,0,1,8,0,0,0,0,0,0,55,773,3,128,1,0,1,0,0,8,25,973,53,0,45,5,9,14,2,9,0,0,1,0,0,0,4,0,0,0,0,0,0,0,0,0,0,0,0,0,0,0,0,0,0,0,0,0,0,0,0,0,0,0,0,0,0,0,0,0,0,0,0,0,1,1,1,2,0,0,0,0,0,0,1,0,0,0,0,0,0,0,0,0,1,0,0,0,0,0,0,0,0,0,15,0,0,0,0,0,0,0,0,1,1,0,0,0,0,0
196,152,383,123,517,224,86,43,433,32,62,0,30,3,101,296,259,70,81,47,23,1,125,2,8,0,0,0,22,0,0,0,211,33,0,0,162,165,11,0,31,0,0,1,24,0,1,0,6,0,0,0,8,1,3,0,0,0,0,0,121,6,50,1,55,0,21,0,3,0,91,21,68,45,0,969,1563,47,573,22,0,0,1,0,3,0,6,1,2,1,0,0,1,0,0,0,0,0,0,1,0,0,0,0,0,0,0,1,0,0,1,1,0,1,0,0,0,0,0,0,30,0,53,0,186,1,383,0,155,0,31,0,4,0,344,3,63,0,1,0,0,0,4,0,677,1,80,0,84,0,95,11,45,13,175,95,420,5,1,1,0,0,31,0,26,1,0,0,0,0
8,159,55,297,28,585,3,289,9,339,6,57,1,19,9,163,49,605,9,177,2,106,15,146,0,21,0,10,0,26,0,0,7,494,0,0,7,238,0,0,11,89,3,2,0,22,0,0,0,0,2,1,0,0,0,0,0,0,0,4,4,8,0,0,1,0,0,0,0,0,3,1,2,5,969,0,7,3821,11,2226,0,0,1,3,0,3,0,22,0,6,0,2,0,7,0,0,0,0,0,3,3,1,1,2,0,0,1,2,1,3,12,7,2,5,0,0,0,0,0,0,0,7,0,1,0,655,0,1242,0,620,0,65,0,38,2,61,0,77,1,10,0,0,0,10,3,98,1,40,1,122,9,171,4,123,33,500,18,539,4,4,0,22,3,238,1,81,0,0,2,0
386,3,340,7,674,9,242,4,470,1,54,0,160,0,83,20,623,0,41,3,5,0,121,0,30,0,1,0,127,0,0,0,2831,1,0,0,169,51,57,6,1369,5,16,12,796,1,10,0,38,0,16,2,47,0,21,0,1,0,21,0,349,3,102,1,135,1,53,0,13,0,138,16,69,9,1563,7,0,6,1719,2,0,0,22,0,70,0,359,0,30,0,5,0,22,0,0,0,0,0,1,8,5,0,1,1,0,0,0,1,1,3,18,18,6,4,0,0,0,1,0,1,7,0,2,0,267,5,156,3,36,6,9,0,24,0,72,3,6,0,198,2,0,0,13,1,174,6,10,0,11,1,8,1,9,2,64,19,124,3,4,2,5,1,158,8,63,2,0,0,7,1
7,178,7,334,5,510,2,302,10,386,0,84,0,38,2,171,0,430,2,127,0,25,0,63,0,28,0,20,0,125,0,0,3,3769,0,0,0,137,1,1,12,1327,5,30,0,448,7,0,0,2,0,9,0,3,0,2,0,0,0,121,5,3,0,1,0,0,0,7,0,0,2,16,1,14,47,3821,6,0,3,1236,0,0,0,61,0,199,0,477,0,94,0,8,0,180,0,4,0,0,0,17,0,1,1,2,0,0,0,2,2,4,12,17,1,9,0,0,0,0,0,1,0,5,1,1,1,102,0,195,1,85,0,9,0,15,1,18,0,10,3,113,0,4,2,20,6,80,1,6,2,25,0,7,0,94,11,57,1,440,0,3,0,5,1,199,1,24,0,1,5,1
54,2,76,2,106,3,24,1,51,0,1,0,21,0,16,8,0,0,5,0,0,0,0,0,0,0,0,0,0,0,0,0,149,1,0,0,59,9,43,2,319,2,2,7,228,1,5,0,10,0,4,0,26,0,1,0,0,0,5,0,70,0,26,0,44,0,14,0,3,1,57,6,16,2,573,11,1719,3,0,6,0,0,4,0,13,0,20,0,0,0,1,0,1,0,0,0,0,0,0,2,0,2,0,0,0,0,0,1,2,0,5,3,2,1,0,0,0,0,0,2,3,0,1,0,143,7,107,1,37,0,25,1,39,0,87,2,4,0,85,0,0,0,5,1,38,2,4,0,5,0,0,0,0,1,19,0,143,11,3,0,3,0,116,5,115,1,0,0,2,0
3,100,3,48,1,128,1,129,2,84,0,0,0,11,1,64,0,0,0,12,0,0,0,0,0,0,0,0,0,0,0,0,0,73,0,0,1,43,0,0,4,199,0,2,0,111,0,0,0,0,1,0,0,0,0,1,0,0,1,15,1,1,0,1,0,0,0,0,0,0,2,2,2,9,22,2226,2,1236,6,0,0,0,0,3,0,11,0,27,0,4,0,0,0,21,0,0,0,0,0,2,0,2,0,0,0,0,0,1,0,1,9,3,2,2,0,0,0,0,0,0,0,7,0,1,0,145,0,73,0,22,0,3,1,10,0,4,0,5,0,65,0,0,1,3,1,18,0,2,0,1,0,0,0,0,5,11,5,353,1,0,0,5,1,158,0,28,0,0,1,0
0,0,0,0,0,0,0,0,0,0,0,0,0,0,0,0,0,0,0,0,0,0,0,0,0,0,0,0,0,0,0,0,0,0,0,0,0,0,0,0,0,0,0,0,0,0,0,0,0,0,0,0,0,0,0,0,0,0,0,0,0,0,0,0,0,0,0,0,0,0,0,0,0,0,0,0,0,0,0,0,0,0,0,0,0,0,0,0,0,0,0,0,0,0,0,0,0,0,0,0,0,0,0,0,0,0,0,0,0,0,0,0,0,0,0,0,0,0,0,0,0,0,0,0,0,0,0,0,0,0,0,0,0,0,0,0,0,0,0,0,0,0,0,0,0,0,0,0,0,0,0,0,0,0,0,0,0,0,0,0,0,0,0,0,0,0,0,0,0,0
0,0,0,0,0,0,0,0,0,0,0,0,0,0,0,0,0,0,0,0,0,0,0,0,0,0,0,0,0,0,0,0,0,0,0,0,0,0,0,0,0,0,0,0,0,0,0,0,0,0,0,0,0,0,0,0,0,0,0,0,0,0,0,0,0,0,0,0,0,0,0,0,0,0,0,0,0,0,0,0,0,0,0,0,0,0,0,0,0,0,0,0,0,0,0,0,0,0,0,0,0,0,0,0,0,0,0,0,0,0,0,0,0,0,0,0,0,0,0,0,0,0,0,0,0,0,0,0,0,0,0,0,0,0,0,0,0,0,0,0,0,0,0,0,0,0,0,0,0,0,0,0,0,0,0,0,0,0,0,0,0,0,0,0,0,0,0,0,0,0
4,0,0,0,0,0,0,0,0,0,0,0,217,0,1,0,0,0,0,0,0,0,0,0,0,0,0,0,0,0,0,0,21,0,0,0,15,2,66,7,249,0,23,0,0,0,139,2,71,7,131,0,98,3,19,0,7,0,97,0,101,0,6,0,10,0,0,0,9,0,68,15,1,1,1,1,22,0,4,0,0,0,0,0,620,0,0,0,16,0,0,0,9,0,0,0,0,0,0,0,0,0,1,0,0,0,0,0,0,1,0,1,0,0,0,0,0,0,0,0,0,0,0,0,0,0,2,0,5,0,1,0,0,0,0,0,0,0,0,0,0,0,1,0,21,0,1,0,4,0,0,0,0,0,0,1,0,0,0,0,1,0,5,1,1,0,0,0,0,0
0,0,0,0,0,0,0,0,0,0,0,0,0,21,0,0,0,0,0,0,0,0,0,0,0,0,0,0,0,0,0,0,0,85,0,0,0,4,0,4,0,249,0,6,0,0,12,2,1,6,0,3,0,4,0,7,0,2,0,60,0,0,0,0,0,1,0,6,0,5,2,53,0,0,0,3,0,61,0,3,0,0,0,0,0,1498,0,2,0,105,0,0,0,82,0,0,0,0,0,0,0,0,0,0,0,0,0,0,0,1,0,0,0,0,0,0,0,0,0,0,0,0,0,1,0,1,0,3,0,4,0,0,0,0,0,3,0,0,0,4,0,0,0,0,0,8,0,0,0,1,0,0,0,0,0,0,0,0,0,0,0,0,0,5,0,1,0,0,0,0
45,0,2,0,0,0,3,0,1,0,0,0,1191,0,2,0,0,0,0,0,0,0,0,0,0,0,0,0,0,0,0,0,277,0,0,0,28,5,38,4,734,0,43,0,2,0,274,1,44,0,613,0,107,1,456,0,119,0,1045,0,506,0,26,0,537,0,969,0,902,0,53,5,1,0,3,0,70,0,13,0,0,0,620,0,0,0,890,0,6847,0,1,0,1360,0,0,0,0,0,1,0,0,0,1,0,0,0,0,2,1,0,4,2,0,1,0,0,0,0,0,0,0,0,1,0,1,0,18,1,5,0,1,0,0,0,6,0,3,1,4,0,0,0,2,0,22,1,1,1,1,0,0,0,0,0,0,0,0,0,1,0,1,0,5,2,3,1,0,0,1,0
0,0,0,0,0,2,0,0,0,0,0,0,0,452,0,0,0,0,0,0,0,0,0,0,0,0,0,0,0,0,0,0,0,426,0,0,0,4,0,8,0,725,1,18,0,1,16,4,0,6,0,6,0,9,0,7,0,8,0,455,0,3,0,0,0,19,0,610,0,287,4,43,0,0,0,3,0,199,0,11,0,0,0,1498,0,0,0,949,0,2263,0,25,0,926,0,5,0,0,0,0,0,0,0,1,0,0,0,0,0,0,2,1,0,0,0,0,0,0,0,0,0,0,0,0,0,1,0,7,0,1,0,1,0,0,0,0,0,0,0,11,0,0,0,2,0,5,0,0,0,0,0,0,0,0,0,0,0,1,0,0,0,0,0,5,0,1,0,0,0,0
6,0,5,0,3,0,7,0,18,0,0,0,201,0,0,0,0,0,0,0,0,0,0,0,0,0,0,0,2,0,1,0,641,0,0,0,5,3,0,0,1053,0,185,1,408,0,0,0,1,0,0,0,0,0,2,0,0,0,732,0,7,0,0,0,2,0,0,0,0,0,3,1,1,4,6,0,359,0,20,0,0,0,0,0,890,0,0,0,1116,0,2319,0,1238,0,0,0,0,0,0,0,0,0,0,0,0,0,0,0,0,0,0,0,0,0,0,0,0,0,0,0,0,0,0,0,2,0,1,0,0,0,0,0,0,0,3,1,1,0,23,0,0,0,0,0,4,0,0,0,0,0,0,0,0,0,4,1,1,0,0,0,0,0,2,1,4,1,0,0,0,0
0,0,0,4,0,7,0,0,0,3,0,1,0,129,0,0,0,2,0,5,0,1,0,2,0,0,0,2,0,4,0,0,0,51,0,0,0,2,0,0,0,1086,0,188,0,598,0,0,0,0,0,0,0,0,0,0,0,0,0,903,0,0,0,0,0,0,0,0,0,0,0,0,0,0,1,22,0,477,0,27,0,0,0,2,0,949,0,0,0,813,0,3601,0,1225,0,1,0,0,0,0,0,0,0,0,0,0,0,0,0,0,0,0,0,0,0,0,0,0,0,0,0,0,0,0,0,4,0,5,0,0,0,0,0,0,0,0,0,2,0,1,0,0,0,0,0,1,0,0,0,0,0,0,0,2,0,0,0,6,0,0,0,1,0,1,0,3,0,0,0,0
5,0,0,0,1,0,0,0,0,0,0,0,55,0,1,0,0,0,0,0,0,0,0,0,0,0,0,0,0,0,0,0,166,0,0,0,3,0,2,0,291,0,12,1,1,0,176,0,23,0,382,0,76,0,4167,0,488,0,570,0,24,0,6,0,206,0,208,0,1893,0,2,0,0,0,2,0,30,0,0,0,0,0,16,0,6847,0,1116,0,0,0,668,0,7349,0,2,0,0,0,0,0,0,0,5,0,0,0,0,0,0,0,0,0,0,0,0,0,0,0,0,0,0,0,0,0,0,0,5,0,0,0,0,0,0,0,0,0,0,0,4,0,0,0,1,0,4,0,0,0,1,0,0,0,0,0,0,0,0,0,0,0,0,0,1,0,0,1,0,0,0,0
0,0,0,0,0,2,0,0,0,1,0,1,0,28,0,1,0,0,0,0,0,0,0,0,0,0,0,0,0,0,0,0,0,69,0,0,0,0,1,0,0,203,0,28,0,5,0,110,0,2,0,50,0,0,0,565,0,137,0,516,0,0,0,0,0,3,0,10,0,664,0,5,0,0,1,6,0,94,0,4,0,0,0,105,0,2263,0,813,0,0,0,728,0,5142,0,10,0,0,0,0,0,0,0,1,0,0,0,0,0,0,0,0,0,0,0,0,0,0,0,0,0,0,0,0,0,3,0,1,0,0,0,0,0,0,0,0,0,0,0,2,0,0,0,0,0,0,0,0,0,0,0,0,0,0,0,0,0,0,0,0,0,0,0,2,0,0,0,0,0,0
0,0,0,0,0,0,0,0,0,0,0,0,0,0,0,0,0,0,0,0,0,0,0,0,0,0,0,0,0,0,0,0,4,0,0,0,0,0,0,0,17,0,79,0,2,0,0,0,0,0,0,0,0,0,0,0,0,0,788,0,0,0,0,0,0,0,0,0,0,0,0,0,0,0,0,0,5,0,1,0,0,0,0,0,1,0,2319,0,668,0,0,0,2797,0,0,0,0,0,0,0,0,0,0,0,0,0,0,0,0,0,0,0,0,0,0,0,0,0,0,0,0,0,0,0,0,0,0,0,0,0,0,0,0,0,0,0,0,0,0,0,0,0,0,0,0,0,0,0,0,0,0,0,0,0,0,0,0,0,0,0,0,0,0,0,0,0,0,0,0,0
0,0,0,0,0,0,0,0,0,0,0,0,0,0,0,0,0,0,0,0,0,0,0,0,0,0,0,0,0,0,0,0,0,3,0,0,0,0,0,0,0,32,0,158,0,37,0,0,0,0,0,0,0,0,0,0,0,0,0,738,0,0,0,0,0,0,0,0,0,0,0,0,0,0,0,2,0,8,0,0,0,0,0,0,0,25,0,3601,0,728,0,0,0,1911,0,0,0,0,0,0,0,0,0,0,0,0,0,0,0,0,0,0,0,0,0,0,0,0,0,0,0,0,0,0,0,0,0,0,0,0,0,0,0,0,0,0,0,0,0,0,0,0,0,0,0,0,0,0,0,0,0,0,0,0,0,0,0,0,0,0,0,0,0,0,0,0,0,0,0,0
0,0,0,0,0,0,0,0,2,0,0,0,44,0,0,0,0,0,0,0,0,0,0,0,0,0,0,0,0,0,0,0,295,0,0,0,0,0,0,0,485,0,220,1,10,0,17,0,3,0,45,0,7,0,390,0,781,0,2834,0,1,0,0,0,5,0,0,0,39,0,1,0,0,0,1,0,22,0,1,0,0,0,9,0,1360,0,1238,0,7349,0,2797,0,0,0,99,0,0,0,0,0,0,1,4,0,0,0,0,0,0,0,0,1,0,2,0,0,0,0,0,0,0,0,0,0,0,0,1,0,0,0,0,0,0,0,1,0,0,0,1,0,0,0,0,0,1,0,0,0,0,0,0,0,0,0,0,0,0,0,0,0,0,0,0,0,0,0,0,0,0,0
0,0,0,1,0,2,0,0,0,0,0,1,0,38,0,0,0,0,0,1,0,0,0,0,0,0,0,0,0,0,0,0,0,203,0,0,0,2,1,0,0,394,0,101,0,11,0,6,0,0,0,54,0,0,0,71,0,1097,0,2811,0,0,0,0,0,0,0,0,0,0,0,5,0,0,0,7,0,180,0,21,0,0,0,82,0,926,0,1225,0,5142,0,1911,0,0,0,74,0,2,0,1,0,0,0,15,0,0,0,1,0,0,1,1,0,0,0,0,0,0,0,0,0,0,0,0,0,4,0,6,0,2,0,0,0,0,0,0,0,0,0,8,0,0,0,1,0,1,0,0,0,0,0,0,0,0,0,2,0,0,0,0,0,0,0,0,0,2,0,0,0,0
0,0,0,0,0,0,0,0,0,0,0,0,0,0,0,0,0,0,0,0,0,0,0,0,0,0,0,0,0,0,0,0,0,0,0,0,0,0,0,0,1,0,1,0,0,0,34,0,0,0,485,0,0,0,23,0,103,0,40,0,0,0,0,0,0,0,0,0,0,0,0,0,0,0,0,0,0,0,0,0,0,0,0,0,0,0,0,0,2,0,0,0,99,0,0,1,1552,2,20,0,119,1,4680,27,141,0,643,2,34,1,6,0,1,2,1,60,89,15,2,0,0,0,0,0,0,0,0,0,0,0,0,0,0,0,0,1,0,1,0,0,0,0,1,0,1,1,0,0,0,0,0,0,0,0,0,0,0,0,0,1,0,0,0,0,0,0,0,0,0,0
0,0,0,0,0,0,0,0,0,0,0,0,0,1,0,0,0,0,0,0,0,0,0,0,0,0,0,0,0,0,0,0,0,3,0,0,0,0,0,0,1,3,0,1,0,0,0,0,0,0,0,4,0,0,0,0,0,0,0,135,0,0,0,0,0,0,0,0,0,0,0,0,0,0,0,0,0,4,0,0,0,0,0,0,0,5,0,1,0,10,0,0,0,74,1,0,15,5788,1,110,7,233,19,7240,4,271,50,892,7,181,4,16,5,9,42,75,337,94,21,5,0,0,0,0,0,0,0,0,1,2,0,0,0,0,0,0,0,0,0,0,0,0,0,0,0,3,0,0,0,0,0,0,0,0,0,0,0,0,0,0,0,0,1,1,0,0,0,2,1,0
0,0,0,0,0,0,0,0,0,0,0,0,0,0,0,0,0,0,0,0,0,0,0,0,0,0,0,0,0,0,0,0,0,0,0,0,0,0,0,0,0,0,0,0,0,0,0,0,0,0,0,0,0,0,0,0,0,0,0,0,0,0,0,0,0,0,0,0,0,0,0,0,0,0,0,0,0,0,0,0,0,0,0,0,0,0,0,0,0,0,0,0,0,0,1552,15,0,24,5,2,25,1,408,36,31,0,181,8,15,1,2,0,0,1,0,23,112,61,0,0,0,0,0,0,0,0,0,0,0,0,0,0,0,0,0,0,0,0,0,0,0,0,0,0,0,0,0,0,0,0,0,0,0,0,0,0,0,0,0,0,0,0,0,0,0,0,0,0,0,0
0,0,0,0,0,0,0,0,0,0,0,0,0,0,0,0,0,0,0,0,0,0,0,0,0,0,0,0,0,0,0,0,0,0,0,0,0,0,0,0,0,0,0,1,0,0,0,0,0,0,0,1,0,0,0,0,0,0,0,13,0,0,0,0,0,0,0,0,0,0,0,0,0,0,0,0,0,0,0,0,0,0,0,0,0,0,0,0,0,0,0,0,0,2,2,5788,24,0,0,48,17,123,26,1465,7,453,41,591,2,68,0,9,0,1,24,133,356,96,21,1,0,0,0,0,0,0,0,0,0,0,0,0,0,0,0,0,0,0,0,0,0,0,1,0,0,1,0,0,0,0,0,0,0,0,0,0,0,0,0,0,0,0,1,0,0,0,0,2,1,0
0,0,0,0,0,0,0,0,0,0,0,0,0,0,0,0,0,0,0,0,0,0,0,0,0,0,0,0,0,0,0,0,1,0,0,0,0,0,0,0,9,3,0,2,0,0,0,0,0,0,14,4,0,0,0,0,0,0,2,0,0,0,0,0,0,0,0,0,0,0,0,0,0,0,0,0,1,0,0,0,0,0,0,0,1,0,0,0,0,0,0,0,0,0,20,1,5,0,0,22,289,5,73,9,9,0,280,10,551,34,214,41,157,97,77,14,4,8,20,126,0,0,0,0,0,0,2,1,0,2,1,0,0,0,10,5,0,1,0,0,0,0,6,2,7,8,2,1,1,0,0,0,0,0,0,0,0,0,1,2,0,1,2,3,3,2,0,0,10,1
0,0,0,0,0,0,0,0,0,0,0,0,0,0,0,0,0,0,0,0,0,0,0,0,0,0,0,0,0,0,0,0,2,0,0,0,1,0,0,0,18,24,6,17,0,0,0,0,0,0,0,36,0,0,0,0,0,0,0,1,0,0,0,0,0,0,0,0,0,0,0,3,1,0,1,3,8,17,2,2,0,0,0,0,0,0,0,0,0,0,0,0,0,1,0,110,2,48,22,0,48,675,4,346,0,15,29,800,37,223,40,256,31,116,114,80,8,24,31,25,0,0,1,0,0,3,3,2,4,6,1,0,0,0,8,6,2,0,0,6,0,0,0,6,16,16,0,0,0,3,0,0,0,0,0,0,0,1,2,1,1,4,3,17,2,4,0,9,11,1
0,1,0,0,0,0,0,0,0,0,0,0,0,0,0,0,0,0,0,0,0,0,0,0,0,0,0,0,0,0,0,0,3,0,0,0,0,0,0,0,15,2,32,1,0,0,0,0,0,0,8,3,1,0,0,0,0,0,0,0,2,0,0,0,1,0,0,0,0,0,1,0,0,0,0,3,5,0,0,0,0,0,0,0,0,0,0,0,0,0,0,0,0,0,119,7,25,17,289,48,0,57,2049,48,164,0,2346,35,1011,24,788,17,70,198,602,80,33,61,130,211,0,0,0,0,0,1,6,4,4,2,0,0,0,1,16,12,1,1,0,0,0,0,4,1,24,13,1,1,1,3,0,0,0,0,0,0,0,0,2,7,0,0,4,3,2,4,0,0,15,1
0,0,0,0,0,0,0,0,0,0,0,0,0,0,0,0,0,0,0,0,0,0,0,0,0,0,0,0,0,0,0,0,0,0,0,0,1,0,0,0,5,4,1,8,0,0,0,0,0,0,0,6,0,0,0,0,0,0,0,67,0,0,0,0,0,0,0,0,0,0,0,0,0,0,0,1,0,1,2,2,0,0,0,0,0,0,0,0,0,0,0,0,1,0,1,233,1,123,5,675,57,0,13,2175,1,37,24,833,12,129,5,57,19,37,942,360,28,19,22,14,0,0,0,0,0,1,1,2,2,1,0,1,0,0,3,3,0,2,0,0,0,0,2,1,7,5,0,0,0,1,0,0,0,0,0,0,0,0,0,3,0,1,1,11,2,1,0,1,8,0
0,0,0,0,0,0,0,0,0,0,0,0,0,0,0,0,0,0,0,0,0,0,0,0,0,0,0,0,0,0,0,0,0,0,0,0,0,0,0,0,0,0,2,0,0,0,31,0,0,0,495,2,0,0,14,0,14,0,70,0,0,0,0,0,0,0,0,0,0,0,12,1,0,0,0,1,1,1,0,0,0,0,1,0,1,0,0,0,5,0,0,0,4,0,4680,19,408,26,73,4,2049,13,0,100,273,0,2060,14,249,7,35,7,2,6,19,264,117,81,24,2,0,0,0,0,0,0,0,0,0,0,0,0,0,0,1,1,1,1,0,0,0,0,0,0,1,0,0,0,0,0,0,0,0,0,0,0,0,0,0,0,0,0,0,0,0,2,0,0,4,0
0,0,0,0,0,0,0,0,0,0,0,0,0,0,0,0,0,0,0,0,0,0,0,0,0,0,0,0,0,0,0,0,2,0,0,0,0,0,0,0,0,5,0,4,0,0,0,0,0,0,3,54,0,0,0,0,0,0,0,372,0,0,0,0,0,0,0,0,0,0,0,0,0,0,0,2,1,2,0,0,0,0,0,0,0,1,0,0,0,1,0,0,0,15,27,7240,36,1465,9,346,48,2175,100,0,19,140,170,1142,19,452,14,76,10,47,158,1153,1028,205,79,16,0,0,0,0,0,0,0,2,1,0,0,0,0,0,4,4,1,1,0,0,0,0,1,1,3,8,0,0,0,0,0,0,0,0,0,0,0,0,0,1,1,0,0,3,0,3,0,2,3,1
0,0,0,0,0,0,0,0,0,0,0,0,0,0,0,0,0,0,0,0,0,0,0,0,0,0,0,0,0,0,0,0,0,0,0,0,0,0,0,0,0,0,0,0,0,0,0,0,0,0,1,0,0,0,0,0,0,0,1,0,0,0,0,0,0,0,0,0,0,0,0,0,0,0,0,0,0,0,0,0,0,0,0,0,0,0,0,0,0,0,0,0,0,0,141,4,31,7,9,0,164,1,273,19,0,0,105,3,13,0,4,1,0,0,0,1,13,4,0,0,0,0,0,0,0,0,0,0,0,0,0,0,0,0,0,0,0,0,0,0,0,0,0,0,0,0,0,0,0,0,0,0,0,0,0,0,0,0,0,0,0,0,0,1,0,0,0,0,1,0
0,0,0,0,0,0,0,0,0,0,0,0,0,0,0,0,0,0,0,0,0,0,0,0,0,0,0,0,0,0,0,0,0,0,0,0,0,0,0,0,0,0,0,1,0,0,0,0,0,0,0,0,0,0,0,0,0,0,0,0,0,0,0,0,0,0,0,0,0,0,0,0,0,0,0,0,0,0,0,0,0,0,0,0,0,0,0,0,0,0,0,0,0,0,0,271,0,453,0,15,0,37,0,140,0,0,0,459,1,33,1,4,0,2,1,1,0,0,1,1,0,0,0,0,0,0,0,0,0,0,0,0,0,0,0,0,0,0,0,0,0,0,0,0,2,0,0,0,0,0,0,0,0,0,0,0,0,0,0,0,0,0,0,0,0,0,0,0,1,0
