0,3,1437,40,2241,9,1026,9,257,2,0,0,839,1,375,55,0,0,2,4,0,0,0,0,0,0,0,0,0,0,0,0,519,0,0,0,175,42,7,0,0,0,0,0,0,0,2,0,1,1,0,0,2,0,13,0,0,0,1,0,6056,0,226,2,363,0,208,0,9,0,538,3,1541,3,164,34,226,3,120,2,0,0,1,0,5,0,0,0,0,0,0,0,0,0,0,0,0,0,0,0,0,0,0,1,0,0,0,0,1,1,1,0,0,0,0,0,0,0,0,0,2,0,2,0,60,1,147,4,22,0,0,0,0,0,45,1,5,0,0,0,0,0,0,0,15,0,15,0,1,0,0,0,0,2,41,33,0,0,0,0,0,0,7,0,6,0,0,0,1,0
3,0,2,2149,2,2448,2,1272,1,144,0,0,0,1158,27,603,0,0,0,2,0,1,0,0,0,0,0,0,0,0,0,0,0,264,0,0,33,292,4,9,0,13,0,0,0,1,2,4,2,25,0,2,0,17,4,14,0,1,0,2,6,4452,1,225,4,337,2,523,0,86,7,293,10,599,14,393,1,246,1,113,0,0,0,18,1,325,0,0,0,12,0,0,0,1,0,0,0,0,0,1,0,0,0,0,0,0,2,2,3,1,1,0,0,1,0,0,0,1,0,0,0,1,0,3,1,36,1,247,0,51,0,1,0,1,1,24,0,9,0,0,0,0,1,0,0,31,1,15,0,8,0,0,0,0,3,13,0,0,1,1,0,2,0,11,1,3,0,1,0,3
1437,2,0,117,6221,44,187,7,819,3,490,1,11,2,3244,35,115,9,3736,75,502,17,93,3,297,1,416,0,187,2,43,0,364,9,0,0,405,49,1,0,4,0,0,0,11,0,0,0,0,0,0,0,0,0,3,0,0,0,1,0,219,1,14,0,33,0,5,0,0,0,92,0,499,3,312,121,363,6,113,5,0,0,0,0,3,0,16,1,1,0,0,0,1,1,0,0,0,0,3,0,2,0,0,0,0,0,1,2,0,1,1,2,0,0,0,0,0,0,0,1,1,0,0,0,47,2,30,2,4,1,0,0,0,0,18,0,4,0,0,0,0,0,0,0,2,0,3,0,1,0,67,52,163,57,363,163,16,12,0,0,0,0,3,0,4,0,0,0,0,0
40,2149,117,0,85,6649,10,320,27,366,1,404,2,87,97,3281,13,31,116,2752,16,617,7,105,0,225,1,456,1,82,0,12,10,489,0,0,99,549,0,2,0,5,0,1,0,8,0,0,0,5,0,0,0,4,0,0,0,1,0,2,7,213,2,31,0,15,1,57,0,8,3,120,28,113,68,667,8,696,7,210,0,0,1,4,0,39,0,57,0,6,0,0,0,4,0,0,0,1,2,1,0,0,0,0,0,0,1,3,1,1,3,1,0,0,0,0,0,0,0,1,0,2,0,1,2,92,2,125,0,14,1,3,0,2,2,20,0,7,0,0,0,0,0,0,0,11,0,4,0,1,50,69,79,420,95,469,3,28,0,0,0,1,0,2,0,3,0,2,0,0
2241,2,6221,85,0,37,457,5,2686,7,702,1,24,0,592,41,59,4,218,41,41,6,24,2,124,0,127,0,84,1,251,0,698,3,0,0,77,43,1,0,5,1,0,0,20,0,0,1,0,0,0,0,0,0,0,0,0,0,0,0,89,0,6,0,18,0,8,0,0,0,39,0,68,0,506,108,622,6,240,1,0,0,0,0,3,0,10,0,3,0,0,0,1,0,0,1,0,1,0,0,2,0,0,0,1,0,5,1,2,2,3,2,0,3,0,0,0,0,0,0,3,0,1,0,75,2,50,1,5,0,2,0,0,0,58,1,6,0,1,0,0,0,0,0,4,0,4,0,3,0,33,12,22,28,139,153,3,1,3,0,0,0,6,0,7,0,0,1,0,0
9,2448,44,6649,37,0,1,1309,4,2676,1,1111,0,323,20,592,3,9,41,303,5,53,0,20,0,68,0,617,0,54,0,85,5,1138,0,0,22,111,1,1,0,6,0,0,0,3,1,3,2,2,0,2,1,0,0,0,0,0,0,3,0,196,0,8,1,8,1,94,0,6,1,30,3,18,30,729,4,672,3,215,0,0,0,7,0,24,0,49,0,8,0,2,0,6,0,1,0,0,0,0,0,0,0,0,0,0,1,4,0,1,1,0,0,0,0,0,0,0,0,0,0,4,0,0,1,102,2,64,1,5,0,4,0,1,2,19,0,6,0,0,0,0,0,0,1,10,0,4,0,1,9,13,31,48,34,107,0,6,0,1,0,1,0,6,0,5,0,0,0,2
1026,2,187,10,457,1,0,1,1588,0,3,0,968,0,155,5,0,0,6,0,0,0,0,0,0,0,0,0,0,0,0,0,1642,0,0,0,78,7,0,0,1,0,0,0,0,0,0,0,0,0,0,0,0,0,0,0,0,0,0,0,172,1,7,0,15,0,33,0,0,0,44,0,142,0,132,10,151,1,47,0,0,0,1,0,3,0,0,0,1,0,0,0,1,0,0,0,1,0,0,0,0,0,0,0,0,0,0,1,1,1,1,0,0,0,0,0,0,0,0,0,0,0,0,0,31,0,49,0,6,0,2,0,0,0,19,0,5,0,0,0,0,0,0,0,6,0,1,0,0,0,0,0,0,0,26,11,0,0,0,0,1,0,3,0,2,0,0,0,0,0
9,1272,7,320,5,1309,1,0,0,2035,0,0,0,1587,20,190,0,0,0,5,0,0,0,0,0,0,0,0,0,0,0,0,1,1453,0,0,14,109,0,2,0,3,0,0,0,0,0,2,0,3,0,1,0,1,1,0,0,0,0,0,2,223,0,6,0,0,0,45,0,2,1,19,3,24,6,335,0,196,0,65,0,0,0,4,0,15,0,3,0,1,0,0,0,1,0,0,0,0,0,1,0,1,0,0,0,0,0,1,0,1,1,0,0,0,1,0,0,0,0,0,0,3,0,0,1,43,1,89,0,9,0,0,0,0,0,18,0,6,0,0,0,0,0,0,0,14,0,2,0,1,1,0,0,0,9,14,0,0,0,0,0,2,0,3,0,1,0,0,0,0
257,1,819,27,2686,4,1588,0,0,2,1480,0,65,0,248,7,4,0,160,13,5,0,5,0,16,0,8,0,80,0,59,0,2080,1,0,0,76,12,0,0,2,0,0,0,16,0,0,0,0,1,0,0,0,0,0,0,0,0,0,0,37,0,3,0,4,0,11,0,0,0,13,0,53,1,229,20,422,0,140,0,0,0,0,0,1,0,12,0,2,0,0,0,2,0,0,0,0,0,1,0,0,0,0,0,0,0,0,0,2,1,1,1,0,0,0,0,0,0,0,0,0,0,0,0,42,1,19,0,8,0,0,0,1,0,25,0,1,0,0,0,0,0,0,0,4,1,4,0,0,0,1,2,21,6,79,22,2,0,1,0,0,0,3,0,7,0,0,0,1,0
2,144,3,366,7,2676,0,2035,2,0,0,831,1,161,8,129,0,1,6,66,0,2,0,1,0,3,0,9,0,32,0,37,0,1830,0,0,6,113,0,0,0,5,0,2,0,6,0,0,0,0,0,1,0,0,0,0,0,0,0,2,0,42,0,0,0,1,0,17,0,0,0,2,3,3,10,348,1,495,0,69,0,0,0,1,0,2,0,24,0,3,0,0,0,4,0,0,0,0,0,0,0,0,0,0,0,0,1,0,0,0,0,0,1,0,0,0,0,0,0,0,0,1,0,1,0,23,0,20,0,3,0,1,0,0,0,11,0,3,0,0,0,0,0,0,0,4,0,2,0,1,3,0,0,4,12,28,0,1,0,0,0,0,0,1,0,1,0,0,0,0
0,0,490,1,702,1,3,0,1480,0,0,0,0,0,0,1,16,0,97,2,35,0,24,1,133,0,89,0,1103,0,508,0,479,0,0,0,0,0,0,0,10,0,0,0,17,0,0,0,0,0,0,0,0,0,0,0,1,0,5,0,0,0,0,0,0,0,0,0,0,0,0,0,0,0,55,6,199,0,12,0,0,0,0,0,22,0,250,0,59,0,0,0,32,0,0,0,0,0,0,0,0,0,0,0,0,0,0,0,0,0,0,0,0,0,0,0,0,0,0,0,0,0,0,0,0,0,0,0,0,0,0,0,0,0,0,0,0,0,1,0,0,0,0,0,0,0,0,0,0,0,6,2,14,3,6,2,4,0,0,0,0,0,0,0,0,0,0,0,0,0
0,0,1,404,1,1111,0,0,0,831,0,0,0,1,0,1,1,3,0,127,1,52,1,34,0,100,0,445,0,912,0,522,0,715,0,0,0,0,0,0,0,1,0,0,0,6,0,0,0,0,0,0,0,0,0,0,0,0,0,0,0,1,0,0,0,0,0,1,0,0,0,0,0,0,1,25,0,185,0,2,0,0,0,0,0,0,0,36,0,1,0,1,0,8,0,0,0,0,0,0,0,0,0,0,0,0,0,0,0,0,0,0,0,0,0,0,0,0,0,0,0,0,0,0,0,0,0,0,0,0,0,0,0,0,0,0,0,0,0,0,0,0,0,0,0,0,0,0,0,0,1,0,0,19,0,3,0,6,0,0,0,0,0,0,0,1,0,0,0,1
839,0,11,2,24,0,968,0,65,1,0,0,0,0,31,1,0,0,0,0,0,0,0,0,0,0,0,0,0,0,0,0,980,3,0,0,34,3,44,9,20,5,2,0,0,0,12,14,10,2,9,0,20,3,39,1,4,0,17,1,1363,3,4,1,11,5,355,4,4,2,53,28,27,1,28,4,143,7,9,2,0,0,97,8,964,15,12,0,150,7,0,0,11,1,0,0,0,0,2,0,1,0,5,0,0,0,1,0,3,1,10,3,0,0,0,0,0,0,0,0,0,0,0,0,11,0,35,4,21,0,1,0,0,0,11,3,3,0,0,0,0,0,0,0,16,5,12,2,0,3,0,0,0,0,1,0,0,0,0,0,2,1,7,0,4,1,0,0,1,0
1,1158,2,87,0,323,0,1587,0,161,0,1,0,0,2,50,0,0,3,3,0,0,0,0,0,0,0,0,0,0,0,0,0,968,0,0,8,35,1,0,0,8,0,2,0,1,1,4,0,2,0,3,0,0,0,4,0,3,0,10,0,1388,0,11,0,2,0,1211,0,0,1,25,3,23,1,101,0,185,0,52,0,0,0,50,1,1295,0,144,1,51,0,6,0,7,0,1,0,0,1,0,0,0,0,0,0,0,2,0,2,1,2,0,0,0,0,0,0,0,0,0,0,1,0,0,0,16,0,61,0,8,0,0,0,0,0,5,0,4,0,0,0,0,0,2,0,9,0,4,0,2,0,0,0,0,0,1,0,0,0,0,0,1,0,12,0,0,0,1,0,0
375,27,3244,97,592,20,155,20,248,8,0,0,31,2,0,201,0,0,880,18,0,0,0,0,0,0,0,0,0,0,0,0,81,7,0,0,1421,53,2,0,2,1,1,0,1,0,1,0,0,0,0,0,0,0,0,0,0,0,0,0,70,1,5,0,12,1,1,1,0,1,38,1,836,7,107,53,182,10,95,6,0,0,0,1,3,0,0,0,1,0,0,0,1,0,0,0,0,0,0,0,0,0,1,0,0,0,2,1,0,2,0,0,0,0,0,1,0,0,0,0,3,1,2,0,67,3,57,7,13,0,0,0,2,1,45,1,2,0,0,0,0,0,0,0,11,1,2,0,1,0,1,0,0,1,351,97,0,0,0,0,3,0,5,0,2,0,0,1,0,1
55,603,35,3281,41,592,5,190,7,129,1,1,1,50,201,0,0,0,1,962,0,0,0,0,0,0,0,0,0,0,0,1,8,128,0,0,120,2205,0,2,0,2,0,0,0,0,0,1,0,5,0,0,0,1,0,1,0,0,0,1,7,107,1,24,0,2,0,18,0,0,7,206,41,1408,78,321,12,227,5,112,0,0,0,0,1,6,0,1,0,0,0,0,0,0,0,0,0,0,1,0,0,0,0,0,0,0,0,0,1,1,3,0,0,0,0,0,0,0,0,0,0,2,0,0,2,74,1,111,0,10,0,3,0,1,2,19,0,10,0,0,0,0,0,0,0,8,1,2,0,2,0,1,1,0,40,246,0,0,0,0,0,0,0,2,1,1,0,0,0,0
0,0,115,13,59,3,0,0,4,0,16,1,0,0,0,0,0,77,148,21,223,3,794,6,63,0,21,0,128,0,1,0,125,1,0,0,0,3,0,0,0,0,16,0,34,0,0,0,0,0,0,0,0,0,0,0,0,0,0,0,0,0,0,0,0,0,0,0,0,0,0,0,0,0,138,12,448,0,2,0,0,0,0,0,0,0,0,0,0,0,0,0,0,0,0,0,0,0,0,0,0,0,0,0,0,0,0,0,0,0,0,0,0,0,0,0,0,0,0,0,0,0,0,0,0,0,0,0,0,0,0,0,0,0,0,0,0,0,0,0,0,0,0,0,0,0,0,0,0,0,307,25,86,14,2,1,1066,3,0,0,0,0,0,0,0,0,0,0,0,0
0,0,9,31,4,9,0,0,0,1,0,3,0,0,0,0,77,0,7,51,0,335,23,602,2,53,0,5,0,97,0,3,0,217,0,0,0,0,0,0,0,0,1,0,0,64,0,0,0,0,0,0,0,0,0,0,0,0,0,0,0,0,0,0,0,0,0,0,0,0,0,0,0,0,23,89,0,194,0,1,0,0,0,0,0,0,0,13,0,0,0,0,0,0,0,0,0,0,0,0,0,0,0,0,0,0,0,0,0,0,0,0,0,0,0,0,0,0,0,0,0,0,0,0,0,0,0,0,0,0,0,0,0,0,0,0,0,0,0,0,0,0,0,0,0,0,0,0,0,0,10,445,5,38,3,13,0,1057,0,0,0,0,0,0,0,0,0,0,0,0
2,0,3736,116,218,41,6,0,160,6,97,0,0,3,880,1,148,7,0,102,451,17,111,7,65,0,29,0,43,0,6,0,85,3,0,0,377,25,0,0,1,0,0,0,6,0,0,0,0,0,0,0,0,0,0,0,0,0,0,0,0,0,0,0,0,0,0,0,0,0,0,0,0,0,135,92,86,8,28,1,0,0,0,0,0,0,1,1,0,0,0,0,2,0,0,0,0,0,0,0,0,0,0,0,0,0,0,0,0,0,0,0,0,0,0,0,0,0,0,0,0,0,0,0,3,1,0,1,0,0,0,0,0,0,6,0,1,0,0,0,0,0,0,0,0,0,0,0,0,0,146,53,951,65,764,114,31,7,0,0,0,0,0,0,0,0,0,0,0,0
4,2,75,2752,41,303,0,5,13,66,2,127,0,3,18,962,21,51,102,0,12,916,4,206,2,120,0,80,1,101,0,6,5,114,0,0,13,1124,0,0,0,2,0,1,0,8,0,0,0,0,0,0,0,0,1,0,0,0,0,0,0,1,0,0,0,0,0,2,0,0,1,0,0,0,70,296,2,158,3,42,0,0,0,2,0,0,0,32,0,2,0,1,0,0,0,0,0,0,0,0,0,0,0,0,0,0,0,0,0,0,0,0,0,1,0,0,0,0,0,0,0,0,0,0,0,9,0,4,0,0,0,0,0,0,0,3,0,0,0,0,0,0,0,0,0,0,0,0,0,0,49,73,73,1177,68,267,3,47,0,0,0,0,0,0,0,0,0,0,0,0
0,0,502,16,41,5,0,0,5,0,35,1,0,0,0,0,223,0,451,12,0,3,1373,3,491,0,124,0,89,0,2,0,46,0,0,0,0,0,0,0,0,0,0,0,4,0,0,0,0,0,0,0,0,0,0,0,0,0,0,0,0,0,0,0,0,0,0,0,0,0,0,0,0,0,36,5,35,0,2,0,0,0,0,0,0,0,0,0,0,0,0,0,0,0,0,0,0,0,0,0,0,0,0,0,0,0,0,0,0,0,0,0,0,0,0,0,0,0,0,0,0,0,0,0,0,0,0,0,0,0,0,0,0,0,0,0,0,0,0,0,0,0,0,0,0,0,0,0,0,0,579,6,664,11,19,8,187,0,0,0,0,0,0,0,0,0,0,0,0,0
0,1,17,617,6,53,0,0,0,2,0,52,0,0,0,0,3,335,17,916,3,0,19,1329,0,390,0,187,0,135,0,6,1,117,0,0,0,1,0,0,0,0,0,1,0,21,0,0,0,0,0,0,0,0,0,0,0,0,0,0,0,0,0,0,0,0,0,0,0,0,0,0,0,0,36,119,0,53,0,0,0,0,0,0,0,0,0,19,0,0,0,0,0,2,0,0,0,0,0,0,0,0,0,0,0,0,0,0,0,0,0,0,0,0,0,0,0,0,0,0,0,0,0,0,0,0,0,0,0,0,0,0,0,0,0,0,0,0,0,0,0,0,0,0,0,0,0,0,0,0,25,441,12,329,5,32,2,227,0,0,0,0,0,0,0,0,0,0,0,0
0,0,93,7,24,0,0,0,5,0,24,1,0,0,0,0,794,23,111,4,1373,19,0,73,608,1,84,0,173,1,3,0,75,1,0,0,0,2,0,0,0,0,0,0,5,1,0,0,0,0,0,0,0,0,0,0,0,0,0,0,0,0,0,0,0,0,0,0,0,0,0,0,0,0,18,1,125,0,2,0,0,0,0,0,0,0,1,0,0,0,0,0,0,0,0,0,0,0,0,0,0,0,0,0,0,0,0,0,0,0,0,0,0,0,0,0,0,0,0,0,0,0,0,0,0,0,0,0,0,0,0,0,0,0,0,0,0,0,0,0,0,0,0,0,0,0,0,0,0,0,213,0,125,4,7,4,183,0,0,0,0,0,0,0,0,0,0,0,0,0
0,0,3,105,2,20,0,0,0,1,1,34,0,0,0,0,6,602,7,206,3,1329,73,0,0,1230,0,149,0,110,0,1,0,97,0,0,0,0,0,0,0,0,0,0,0,5,0,0,0,0,0,0,0,0,0,0,0,0,0,0,0,0,0,0,0,0,0,0,0,0,0,0,0,0,3,25,0,81,0,0,0,0,0,0,0,0,0,4,0,0,0,0,0,0,0,0,0,0,0,0,0,0,0,0,0,0,0,0,0,0,0,0,0,0,0,0,0,0,0,0,0,0,0,0,0,0,0,0,0,0,0,0,0,0,0,0,0,0,0,0,0,0,0,0,0,0,0,0,0,0,7,118,0,106,0,12,0,194,0,0,0,0,0,0,0,0,0,0,0,0
0,0,297,0,124,0,0,0,16,0,133,0,0,0,0,0,63,2,65,2,491,0,608,0,0,0,665,0,879,0,9,0,171,0,0,0,1,0,0,0,3,0,0,0,44,0,0,0,0,0,0,0,0,0,0,0,0,0,0,0,0,0,0,0,0,0,0,0,0,0,0,0,0,0,19,1,87,0,1,0,0,0,0,0,0,0,11,0,2,0,0,0,2,0,0,0,0,0,0,0,0,0,0,0,0,0,0,0,0,0,0,0,0,0,0,0,0,0,0,0,0,0,0,0,0,0,0,0,0,0,0,0,0,0,0,0,0,0,0,0,0,0,0,0,0,0,0,0,0,0,23,2,20,0,2,0,56,0,0,0,0,0,0,0,0,0,0,0,0,0
0,0,1,225,0,68,0,0,0,3,0,100,0,0,0,0,0,53,0,120,0,390,1,1230,0,0,0,509,0,841,0,3,0,115,0,0,0,0,0,0,0,0,0,0,0,3,0,0,0,0,0,0,0,0,0,0,0,0,0,0,0,0,0,0,0,0,0,0,0,0,0,0,0,0,1,36,0,15,0,0,0,0,0,0,0,0,0,4,0,0,0,0,0,0,0,0,0,0,0,0,0,0,0,0,0,0,0,0,0,0,0,0,0,0,0,0,0,0,0,0,0,0,0,0,0,0,0,0,0,0,0,0,0,0,0,0,0,0,0,0,0,0,0,0,0,0,0,0,0,0,1,2,1,12,0,1,0,137,0,0,0,0,0,0,0,0,0,0,0,0
0,0,416,1,127,0,0,0,8,0,89,0,0,0,0,0,21,0,29,0,124,0,84,0,665,0,0,0,371,0,3,0,35,0,0,0,0,0,0,0,0,0,0,0,6,0,0,0,0,0,0,0,0,0,0,0,0,0,0,0,0,0,0,0,0,0,0,0,0,0,0,0,0,0,13,0,38,0,1,0,0,0,0,0,0,0,2,0,0,0,0,0,0,0,0,0,0,0,0,0,0,0,0,0,0,0,0,0,0,0,0,0,0,0,0,0,0,0,0,0,0,0,0,0,0,0,0,0,0,0,0,0,0,0,0,0,0,0,0,0,0,0,0,0,0,0,0,0,0,0,13,1,8,0,1,0,33,0,0,0,0,0,0,0,0,0,0,0,0,0
0,0,0,456,0,617,0,0,0,9,0,445,0,0,0,0,0,5,0,80,0,187,0,149,0,509,0,0,0,351,0,22,0,101,0,0,0,0,0,0,0,1,0,1,0,7,0,0,0,0,0,0,0,0,0,0,0,0,0,1,0,0,0,0,0,0,0,0,0,0,0,0,0,0,1,7,0,31,0,0,0,0,0,0,0,0,0,9,0,0,0,0,0,0,0,0,0,0,0,0,0,0,0,0,0,0,0,0,0,0,0,0,0,0,0,0,0,0,0,0,0,0,0,0,0,0,0,0,0,0,0,0,0,0,0,0,0,0,0,0,0,0,0,0,0,0,0,0,0,0,1,0,0,6,0,3,0,4,0,0,0,0,0,0,0,0,0,0,0,0
0,0,187,1,84,0,0,0,80,0,1103,0,0,0,0,0,128,0,43,1,89,0,173,0,879,0,371,0,0,0,103,0,748,0,0,0,0,0,0,0,1,0,0,0,49,0,0,0,0,0,0,0,0,0,0,0,0,0,0,0,0,0,0,0,0,0,0,0,0,0,0,0,0,0,67,2,254,0,7,0,0,0,0,0,1,0,14,0,2,0,0,0,1,0,0,0,0,0,0,0,0,0,0,0,0,0,0,0,0,0,0,0,0,0,0,0,0,0,0,0,0,0,0,0,0,0,0,0,0,0,0,0,0,0,0,0,0,0,0,0,0,0,0,0,0,0,0,0,0,0,8,0,14,0,2,0,81,0,0,0,0,0,0,0,0,0,0,0,0,0
0,0,2,82,1,54,0,0,0,32,0,912,0,0,0,0,0,97,0,101,0,135,1,110,0,841,0,351,0,0,0,53,0,292,0,0,0,1,0,0,0,2,0,0,0,3,0,0,0,0,0,0,0,0,0,0,0,0,0,1,0,0,0,0,0,0,0,0,0,0,0,0,0,0,2,73,0,100,0,0,0,0,0,0,0,0,0,20,0,2,0,1,0,1,0,0,0,0,0,0,0,0,0,0,0,0,0,0,0,0,0,0,0,0,0,0,0,0,0,0,0,0,0,0,0,0,0,0,0,0,0,0,0,0,0,0,0,0,0,0,0,0,0,0,0,0,0,0,0,0,1,7,0,16,0,0,0,54,0,0,0,0,0,0,0,0,0,0,0,0
0,0,43,0,251,0,0,0,59,0,508,0,0,0,0,0,1,0,6,0,2,0,3,0,9,0,3,0,103,0,0,0,23,0,0,0,0,0,0,0,0,0,0,0,1,0,0,0,0,0,0,0,0,0,0,0,0,0,0,0,0,0,0,0,0,0,0,0,0,0,0,0,0,0,2,0,15,0,1,0,0,0,0,0,0,0,1,0,0,0,0,0,0,0,0,0,0,0,0,0,0,0,0,0,0,0,0,0,0,0,0,0,0,0,0,0,0,0,0,0,0,0,0,0,0,0,0,0,0,0,0,0,0,0,0,0,0,0,0,0,0,0,0,0,0,0,0,0,0,0,0,0,0,0,0,0,0,0,0,0,0,0,0,0,0,0,0,0,0,0
0,0,0,12,0,85,0,0,0,37,0,522,0,0,0,1,0,3,0,6,0,6,0,1,0,3,0,22,0,53,0,0,0,20,0,0,0,0,0,0,0,2,0,0,0,0,0,0,0,0,0,0,0,0,0,0,0,0,0,0,0,0,0,0,0,0,0,0,0,0,0,0,0,0,0,0,0,11,0,0,0,0,0,0,0,0,0,5,0,0,0,0,0,1,0,0,0,0,0,0,0,0,0,0,0,0,0,0,0,0,0,0,0,0,0,0,0,0,0,0,0,0,0,0,0,0,0,0,0,0,0,0,0,0,0,0,0,0,0,0,0,0,0,0,0,0,0,0,0,0,0,0,0,1,0,0,0,0,0,0,0,0,0,0,0,0,0,0,0,0
519,0,364,10,698,5,1642,1,2080,0,479,0,980,0,81,8,125,0,85,5,46,1,75,0,171,0,35,0,748,0,23,0,0,1,0,0,71,5,12,1,249,1,1,0,61,0,3,7,2,3,9,1,4,2,7,1,7,0,46,0,453,1,33,0,51,1,226,2,1,1,112,16,60,0,254,13,1897,4,60,0,0,0,48,3,443,4,356,0,255,3,0,0,98,0,1,1,0,0,6,2,1,0,7,1,0,0,9,6,13,9,35,7,7,1,0,0,0,0,0,0,1,0,9,0,21,2,102,3,49,1,3,0,7,0,42,1,5,0,5,0,0,0,0,0,47,3,36,0,3,0,4,2,29,2,30,8,38,0,1,0,16,2,56,3,10,1,0,1,1,1
0,264,9,489,3,1138,0,1453,1,1830,0,715,3,968,7,128,1,217,3,114,0,117,1,97,0,115,0,101,0,292,0,20,1,0,0,0,6,78,3,13,0,435,0,15,0,163,9,23,1,16,0,48,1,12,6,18,0,20,0,144,1,220,0,25,0,26,0,105,0,7,1,70,1,11,7,341,0,3682,0,165,0,0,0,92,6,628,0,1011,2,235,0,79,2,107,0,8,0,0,1,3,0,1,0,4,0,1,3,5,6,3,6,1,1,2,0,0,0,1,0,0,0,3,0,0,0,28,0,84,0,10,0,1,0,1,2,7,0,3,0,6,0,2,0,6,1,20,0,2,0,0,1,15,1,17,7,9,0,61,0,1,0,2,1,28,0,3,0,0,0,1
0,0,0,0,0,0,0,0,0,0,0,0,0,0,0,0,0,0,0,0,0,0,0,0,0,0,0,0,0,0,0,0,0,0,0,0,0,0,0,0,0,0,0,0,0,0,0,0,0,0,0,0,0,0,0,0,0,0,0,0,0,0,0,0,0,0,0,0,0,0,0,0,0,0,0,0,0,0,0,0,0,0,0,0,0,0,0,0,0,0,0,0,0,0,0,0,0,0,0,0,0,0,0,0,0,0,0,0,0,0,0,0,0,0,0,0,0,0,0,0,0,0,0,0,0,0,0,0,0,0,0,0,0,0,0,0,0,0,0,0,0,0,0,0,0,0,0,0,0,0,0,0,0,0,0,0,0,0,0,0,0,0,0,0,0,0,0,0,0,0
0,0,0,0,0,0,0,0,0,0,0,0,0,0,0,0,0,0,0,0,0,0,0,0,0,0,0,0,0,0,0,0,0,0,0,0,0,0,0,0,0,0,0,0,0,0,0,0,0,0,0,0,0,0,0,0,0,0,0,0,0,0,0,0,0,0,0,0,0,0,0,0,0,0,0,0,0,0,0,0,0,0,0,0,0,0,0,0,0,0,0,0,0,0,0,0,0,0,0,0,0,0,0,0,0,0,0,0,0,0,0,0,0,0,0,0,0,0,0,0,0,0,0,0,0,0,0,0,0,0,0,0,0,0,0,0,0,0,0,0,0,0,0,0,0,0,0,0,0,0,0,0,0,0,0,0,0,0,0,0,0,0,0,0,0,0,0,0,0,0
175,33,405,99,77,22,78,14,76,6,0,0,34,8,1421,120,0,0,377,13,0,0,0,0,1,0,0,0,0,0,0,0,71,6,0,0,0,629,1950,18,6,0,0,0,0,0,22,61,13,3,0,5,16,2,79,0,0,0,1,0,141,14,66,2,56,0,30,1,6,1,1957,23,986,22,225,64,202,19,110,4,0,0,0,1,4,2,0,0,6,2,0,0,1,0,0,0,1,0,0,0,0,0,0,0,1,0,2,4,1,1,4,3,1,0,0,0,0,0,0,1,0,0,6,1,27,7,358,5,59,1,8,0,0,0,62,1,28,2,0,0,0,0,0,0,25,0,34,0,4,1,0,0,2,7,1410,84,0,0,2,0,1,0,11,1,9,1,0,1,2,2
42,292,49,549,43,111,7,109,12,113,0,0,3,35,53,2205,3,0,25,1124,0,1,2,0,0,0,0,0,0,1,0,0,5,78,0,0,629,0,57,1147,4,15,0,0,0,0,16,68,5,120,0,2,1,54,6,16,0,0,2,1,12,129,10,90,5,24,2,46,0,24,93,2704,41,754,101,543,12,163,3,106,0,0,0,27,5,36,0,0,2,11,0,0,0,0,0,0,0,0,1,0,2,0,0,1,0,0,1,3,5,1,1,0,1,1,0,1,0,0,0,0,0,3,0,1,4,43,5,203,0,60,0,3,0,1,3,34,0,17,1,1,0,0,0,1,0,34,1,14,0,10,5,4,9,41,77,1133,0,0,0,2,0,1,0,12,0,4,1,1,0,2
7,4,1,0,1,1,0,0,0,0,0,0,44,1,2,0,0,0,0,0,0,0,0,0,0,0,0,0,0,0,0,0,12,3,0,0,1950,57,0,130,56,10,0,0,0,0,394,111,90,13,56,17,83,5,110,2,1,0,9,4,12,2,31,1,37,0,12,7,24,1,1145,114,1,0,3,1,6,5,1,0,0,0,18,4,54,11,0,0,30,5,0,0,4,0,0,1,0,0,0,0,0,0,0,0,0,0,1,2,2,1,0,0,0,0,0,0,0,0,0,1,0,0,0,0,0,1,6,2,3,0,0,0,0,0,1,3,0,0,0,0,0,1,0,0,8,9,0,0,0,1,0,0,0,0,0,1,0,0,0,0,1,1,0,2,1,0,0,0,0,0
0,9,0,2,0,1,0,2,0,0,0,0,9,0,0,2,0,0,0,0,0,0,0,0,0,0,0,0,0,0,0,0,1,13,0,0,18,1147,130,0,62,55,1,2,0,0,63,146,6,34,14,33,12,8,8,7,0,0,4,4,0,4,1,2,0,14,2,21,0,12,58,776,0,0,2,9,1,10,0,4,0,0,1,28,18,44,0,0,8,13,0,0,1,1,0,0,0,0,0,2,0,0,0,0,0,0,1,3,2,2,3,0,0,0,0,0,0,0,0,0,0,0,0,0,0,6,0,11,0,11,0,0,0,0,1,11,0,1,0,1,0,0,0,0,1,19,0,1,0,4,0,0,0,0,0,0,0,0,0,0,1,2,0,8,2,0,0,0,2,0
0,0,4,0,5,0,1,0,2,0,10,0,20,0,2,0,0,0,1,0,0,0,0,0,3,0,0,0,1,0,0,0,249,0,0,0,6,4,56,62,0,15,603,0,627,1,99,50,9,2,191,7,3,2,5,2,6,0,224,2,5,0,7,1,12,0,15,0,0,1,231,102,2,0,47,2,803,3,170,3,0,0,2,1,439,2,955,0,365,1,43,0,333,0,0,1,2,1,10,3,11,0,4,0,7,0,31,14,34,11,79,11,3,11,1,1,0,3,0,3,0,0,4,0,6,2,30,2,3,1,0,0,8,1,15,1,1,1,200,0,0,0,20,0,483,1,5,0,6,0,1,0,0,0,0,0,28,0,0,1,3,0,113,3,17,1,0,3,12,0
0,13,0,5,1,6,0,3,0,5,0,1,5,8,1,2,0,0,0,2,0,0,0,0,0,0,0,1,0,2,0,2,1,435,0,0,0,15,10,55,15,0,0,1172,0,393,8,16,1,9,5,77,2,6,3,18,0,25,1,866,0,16,0,5,1,7,2,46,1,5,17,111,0,1,3,39,1,1552,0,191,0,0,0,13,3,401,0,956,1,453,0,166,2,508,0,11,0,1,0,5,3,18,0,6,0,1,3,27,15,22,20,33,5,10,1,1,0,0,0,0,0,4,0,2,1,31,5,34,0,17,0,2,0,3,1,15,1,1,0,123,0,7,1,49,2,297,0,5,0,6,0,0,0,0,0,0,0,11,1,2,0,7,1,228,1,10,0,2,3,1
0,0,0,0,0,0,0,0,0,0,0,0,2,0,1,0,16,1,0,0,0,0,0,0,0,0,0,0,0,0,0,0,1,0,0,0,0,0,0,1,603,0,0,0,445,0,8,0,0,0,853,0,0,0,1,0,0,0,1686,0,0,0,0,0,0,0,0,1,0,0,139,0,0,0,3,0,21,0,2,2,0,0,0,0,5,0,381,0,4,0,212,0,165,0,3,0,0,1,3,0,22,1,2,1,2,0,48,3,18,1,23,1,0,0,0,0,0,0,0,0,0,0,0,0,1,1,2,0,2,0,0,0,0,0,1,0,0,0,2,0,0,0,0,0,12,0,0,0,1,0,0,0,0,0,0,0,0,0,3,0,0,0,0,0,1,2,0,1,0,0
0,0,0,1,0,0,0,0,0,2,0,0,0,2,0,0,0,0,0,1,0,1,0,0,0,0,0,1,0,0,0,0,0,15,0,0,0,0,0,2,0,1172,0,0,0,903,1,8,0,0,0,761,0,1,0,1,0,0,0,2127,0,0,0,0,0,0,1,1,0,0,1,65,0,0,0,0,0,63,0,7,0,0,0,3,0,33,0,295,0,68,0,157,0,69,0,1,0,0,0,29,1,199,0,4,0,0,2,22,1,9,1,19,0,0,1,0,0,0,0,0,0,0,0,0,0,0,0,0,0,0,0,0,0,0,0,0,0,0,0,0,0,0,0,3,0,8,0,0,0,2,0,0,0,0,0,0,0,0,1,0,0,0,0,10,0,0,0,1,0,0
0,0,11,0,20,0,0,0,16,0,17,0,0,0,1,0,34,0,6,0,4,0,5,0,44,0,6,0,49,0,1,0,61,0,0,0,0,0,0,0,627,0,445,0,0,0,0,0,0,0,0,0,0,0,0,0,0,0,72,0,0,0,0,0,1,0,1,0,0,0,1,0,0,0,7,0,654,0,173,1,0,0,0,0,11,0,623,0,21,0,9,0,22,1,0,0,1,0,0,0,0,0,0,0,0,0,1,0,1,0,0,0,0,0,0,0,0,0,0,0,0,0,0,0,22,1,0,0,0,0,0,0,20,0,1,0,0,0,2,0,0,0,0,0,0,0,0,0,0,0,0,0,2,0,0,0,60,0,0,1,1,0,13,0,12,0,0,0,0,0
0,1,0,8,0,3,0,0,0,6,0,6,0,1,0,0,0,64,0,8,0,21,1,5,0,3,0,7,0,3,0,0,0,163,0,0,0,0,0,0,1,393,0,903,0,0,0,0,0,0,0,2,0,0,0,0,0,0,0,57,0,0,0,0,0,1,0,0,0,1,0,3,0,0,0,21,0,315,0,98,0,0,0,2,0,2,0,674,0,10,0,15,0,37,0,0,1,0,1,0,1,1,0,1,0,0,0,3,1,0,0,2,0,0,0,0,0,0,0,0,0,2,0,0,0,36,0,3,0,0,0,1,0,2,0,12,0,0,0,6,0,0,0,0,0,0,0,0,0,0,0,0,0,2,0,0,0,109,0,0,0,0,0,14,0,5,0,0,0,0
2,2,0,0,0,1,0,0,0,0,0,0,12,1,1,0,0,0,0,0,0,0,0,0,0,0,0,0,0,0,0,0,3,9,0,0,22,16,394,63,99,8,8,1,0,0,0,2543,3357,1319,2404,1540,2443,293,1862,22,175,7,34,18,4,2,9,2,17,0,3,3,41,4,2255,302,0,0,2,4,3,16,1,1,0,0,6,23,101,44,0,0,192,19,0,0,30,2,10,27,0,0,0,1,0,0,24,61,0,0,0,1,0,0,3,0,1,0,0,70,0,0,0,0,0,0,0,0,1,1,0,0,0,0,0,1,0,1,1,4,0,0,0,0,0,0,0,0,3,2,0,0,1,1,0,0,0,0,0,0,0,0,0,0,0,0,0,3,0,0,0,1,0,0
0,4,0,0,1,3,0,2,0,0,0,0,14,4,0,1,0,0,0,0,0,0,0,0,0,0,0,0,0,0,0,0,7,23,0,0,61,68,111,146,50,16,0,8,0,0,2543,0,939,2068,192,2174,96,975,74,313,4,341,3,149,0,3,0,7,2,7,0,9,3,14,221,1998,0,0,0,2,10,36,0,5,0,0,5,47,54,110,0,1,41,87,0,0,10,16,0,72,1,0,0,1,0,0,0,66,0,0,0,1,1,1,4,1,0,1,1,8,0,0,0,1,0,0,0,1,0,2,2,4,0,0,0,0,0,1,1,5,1,1,0,0,0,1,0,1,7,14,0,0,0,0,0,0,0,0,0,0,0,0,0,1,0,3,1,16,0,2,0,0,1,0
1,2,0,0,0,2,0,0,0,0,0,0,10,0,0,0,0,0,0,0,0,0,0,0,0,0,0,0,0,0,0,0,2,1,0,0,13,5,90,6,9,1,0,0,0,0,3357,939,0,1701,75,35,3425,287,542,9,10,1,2,1,5,0,103,0,69,1,6,1,50,1,624,122,0,0,1,2,0,3,0,1,0,0,5,7,16,12,0,0,64,8,0,0,9,1,0,1,0,0,0,0,1,0,0,0,0,0,0,0,0,0,0,0,0,0,0,0,0,0,0,0,0,0,0,0,0,1,2,1,1,0,0,0,0,0,1,1,0,0,0,0,0,0,0,0,0,3,1,0,0,0,0,0,0,0,0,0,0,0,0,0,0,0,0,2,0,0,0,0,0,0
1,25,0,5,0,2,0,3,1,0,0,0,2,2,0,5,0,0,0,0,0,0,0,0,0,0,0,0,0,0,0,0,3,16,0,0,3,120,13,34,2,9,0,0,0,0,1319,2068,1701,0,6,201,8,3184,10,475,0,90,0,48,1,16,2,31,5,37,2,19,1,87,42,1447,0,3,2,19,2,15,0,8,0,0,1,21,6,71,0,1,7,61,0,0,2,8,0,16,0,0,0,1,2,0,0,8,0,0,0,2,7,0,1,1,0,1,0,0,0,0,0,0,0,0,0,0,1,3,1,16,0,12,0,0,0,2,0,11,0,3,0,0,0,0,0,0,0,9,0,2,0,3,0,0,0,0,0,0,0,0,0,0,0,4,2,11,0,6,0,3,0,1
0,0,0,0,0,0,0,0,0,0,0,0,9,0,0,0,0,0,0,0,0,0,0,0,0,0,0,0,0,0,0,0,9,0,0,0,0,0,56,14,191,5,853,0,0,0,2404,192,75,6,0,547,164,6,877,1,1891,0,2330,9,0,0,0,0,4,0,1,0,19,0,489,26,0,0,3,0,18,2,1,1,0,0,7,0,146,2,0,0,285,2,0,0,121,0,270,0,0,0,10,0,74,2,1036,2,0,0,3,0,1,2,1,4,0,61,0,9,0,0,0,0,0,0,0,0,0,0,0,0,0,0,0,0,0,0,0,0,0,0,5,0,0,0,4,0,27,0,0,0,0,0,0,0,0,0,0,0,0,0,0,0,0,1,1,0,0,0,0,0,2,0
0,2,0,0,0,2,0,1,0,1,0,0,0,3,0,0,0,0,0,0,0,0,0,0,0,0,0,0,0,0,0,0,1,48,0,0,5,2,17,33,7,77,0,761,0,2,1540,2174,35,201,547,0,8,269,4,245,0,1487,1,3244,0,3,1,3,0,1,0,10,1,9,26,1367,0,1,0,7,1,81,0,5,0,0,0,61,6,184,0,0,6,191,0,0,1,118,0,972,0,2,1,10,1,143,0,659,0,2,1,7,5,7,5,2,2,33,12,96,0,0,0,0,0,0,0,0,0,2,1,4,0,3,0,0,0,0,3,4,0,0,0,10,0,0,0,1,1,40,0,1,0,4,0,0,0,0,0,0,0,0,0,1,0,1,0,15,0,2,0,1,1,0
2,0,0,0,0,1,0,0,0,0,0,0,20,0,0,0,0,0,0,0,0,0,0,0,0,0,0,0,0,0,0,0,4,1,0,0,16,1,83,12,3,2,0,0,0,0,2443,96,3425,8,164,8,0,2,3277,1,69,0,13,0,6,0,304,0,217,1,11,1,85,0,633,18,0,0,0,1,3,1,0,0,0,0,1,2,37,5,0,0,152,1,0,0,23,0,5,0,0,0,0,0,0,0,1,0,0,0,0,0,0,0,0,0,0,0,0,0,0,0,0,0,0,0,0,0,0,0,3,0,0,0,0,0,0,0,2,1,0,0,0,0,0,0,0,0,1,0,0,0,0,1,0,0,0,0,0,0,0,0,0,0,0,0,0,1,0,0,0,0,1,0
0,17,0,4,0,0,0,1,0,0,0,0,3,0,0,1,0,0,0,0,0,0,0,0,0,0,0,0,0,0,0,0,2,12,0,0,2,54,5,8,2,6,0,1,0,0,293,975,287,3184,6,269,2,0,4,2867,1,234,0,86,0,18,4,840,3,48,1,30,1,733,7,580,0,1,0,16,0,22,0,4,0,0,2,35,6,97,0,0,2,216,0,0,0,32,0,28,0,0,0,0,1,0,0,23,0,0,0,0,2,2,2,0,0,0,1,0,0,0,0,0,0,0,0,0,1,1,1,15,0,4,0,1,0,0,1,7,0,1,0,0,0,0,0,0,3,16,0,3,0,5,0,0,0,0,0,0,0,0,0,0,0,0,1,7,0,1,0,0,0,0
13,4,3,0,0,0,0,1,0,0,0,0,39,0,0,0,0,0,0,1,0,0,0,0,0,0,0,0,0,0,0,0,7,6,0,0,79,6,110,8,5,3,1,0,0,0,1862,74,542,10,877,4,3277,4,0,2,2764,0,405,2,21,3,300,3,647,1,66,2,1571,4,440,35,4,0,3,3,22,2,0,1,0,0,19,13,241,7,1,0,2691,8,0,0,300,0,37,0,0,0,0,0,1,0,56,0,0,0,1,0,0,1,0,1,0,0,0,0,0,0,0,0,0,0,0,0,0,3,15,3,3,3,0,0,0,0,2,2,0,0,0,0,0,0,0,0,3,6,1,1,0,2,0,0,0,0,0,0,0,0,0,0,0,0,2,4,0,0,0,0,0,0
0,14,0,0,0,0,0,0,0,0,0,0,1,4,0,1,0,0,0,0,0,0,0,0,0,0,0,0,0,0,0,0,1,18,0,0,0,16,2,7,2,18,0,1,0,0,22,313,9,475,1,245,1,2867,2,0,0,1114,0,155,1,17,2,103,0,51,0,31,0,1660,2,147,0,0,0,8,0,31,0,7,0,0,0,40,7,237,0,2,4,2087,0,0,0,254,0,25,0,0,0,0,0,0,0,21,0,0,0,2,1,2,1,0,0,1,0,0,0,0,0,0,0,0,0,0,0,2,1,5,0,3,0,0,0,0,0,3,0,1,0,0,0,0,0,0,0,6,0,0,0,2,0,0,0,0,0,0,0,0,0,0,0,1,0,7,0,0,0,0,0,0
0,0,0,0,0,0,0,0,0,0,1,0,4,0,0,0,0,0,0,0,0,0,0,0,0,0,0,0,0,0,0,0,7,0,0,0,0,0,1,0,6,0,0,0,0,0,175,4,10,0,1891,0,69,1,2764,0,0,0,1764,0,0,0,0,0,3,0,0,1,3,0,6,1,0,0,0,0,7,0,0,0,0,0,3,0,43,0,3,0,497,1,0,0,437,0,365,0,0,0,0,0,0,0,218,0,0,0,1,0,0,0,0,0,0,1,0,0,0,0,0,0,0,0,0,0,0,0,0,0,0,0,0,0,0,0,0,0,0,0,0,0,0,0,0,0,1,0,0,0,0,0,0,0,0,0,0,0,0,0,0,0,1,0,1,0,0,0,0,0,1,0
0,1,0,1,0,0,0,0,0,0,0,0,0,3,0,0,0,0,0,0,0,0,0,0,0,0,0,0,0,0,0,0,0,20,0,0,0,0,0,0,0,25,0,0,0,0,7,341,1,90,0,1487,0,234,0,1114,0,0,0,1276,0,0,0,1,0,0,0,0,0,2,0,5,0,0,0,1,0,27,0,0,0,0,0,10,0,77,0,1,2,602,0,0,0,1071,0,254,0,0,0,1,0,0,0,141,0,0,0,0,0,0,0,0,0,0,0,0,0,0,0,0,0,0,0,0,0,0,0,1,0,0,0,0,0,0,0,0,0,0,0,0,0,0,0,0,0,3,0,0,0,0,0,0,0,0,0,0,0,0,0,0,1,0,0,0,0,0,0,0,0,0
1,0,1,0,0,0,0,0,0,0,5,0,17,0,0,0,0,0,0,0,0,0,0,0,0,0,0,0,0,0,0,0,46,0,0,0,1,2,9,4,224,1,1686,0,72,0,34,3,2,0,2330,1,13,0,405,0,1764,0,0,2,1,0,0,0,0,0,0,0,4,0,34,7,0,0,1,1,44,1,3,0,0,0,19,1,287,1,560,0,852,0,461,0,3001,0,792,0,0,0,1,0,139,0,2283,0,0,0,0,0,2,0,2,0,1,0,0,0,0,0,0,0,0,0,0,0,0,0,3,0,0,0,0,0,0,0,0,0,0,0,0,0,0,0,0,0,13,0,0,0,0,0,0,0,0,0,0,0,0,0,0,0,0,0,4,0,0,1,0,0,1,0
0,2,0,2,0,3,0,0,0,2,0,0,1,10,0,1,0,0,0,0,0,0,0,0,0,0,0,1,0,1,0,0,0,144,0,0,0,1,4,4,2,866,0,2127,0,57,18,149,1,48,9,3244,0,86,2,155,0,1276,2,0,0,2,0,1,0,0,0,2,0,1,5,78,0,1,2,7,0,324,0,16,0,0,0,33,3,271,0,407,1,716,0,718,0,3709,0,602,0,0,0,2,1,125,0,1326,0,0,0,5,2,4,4,4,1,2,1,0,0,0,0,0,0,0,0,0,0,9,0,2,0,0,0,0,0,0,2,5,0,0,0,0,0,0,0,3,1,17,0,0,0,1,0,0,0,0,0,0,0,4,0,0,0,0,0,16,0,2,0,0,2,0
6056,6,219,7,89,0,172,2,37,0,0,0,1363,0,70,7,0,0,0,0,0,0,0,0,0,0,0,0,0,0,0,0,453,1,0,0,141,12,12,0,5,0,0,0,0,0,4,0,5,1,0,0,6,0,21,1,0,0,1,0,0,3,938,1,2332,0,906,3,37,1,1022,2,427,1,57,5,290,1,108,0,0,0,0,0,9,0,0,0,8,0,0,0,0,0,1,0,0,0,0,0,0,0,0,0,0,0,3,2,2,4,2,1,0,0,0,0,0,0,0,0,1,0,2,0,8,0,264,4,39,0,5,0,3,0,21,1,11,0,0,0,0,0,0,0,13,1,25,0,1,0,0,0,0,0,4,0,0,0,1,0,3,0,6,0,3,1,0,0,0,0
0,4452,1,213,0,196,1,223,0,42,0,1,3,1388,1,107,0,0,0,1,0,0,0,0,0,0,0,0,0,0,0,0,1,220,0,0,14,129,2,4,0,16,0,0,0,0,2,3,0,16,0,3,0,18,3,17,0,0,0,2,3,0,1,1876,5,1243,1,1718,0,130,5,1210,1,705,2,303,0,297,1,177,0,0,0,13,0,246,0,1,0,14,0,0,0,0,0,0,0,1,0,1,2,0,0,0,0,0,2,8,2,4,6,0,1,1,0,0,0,0,0,0,0,6,0,5,0,28,0,397,0,79,0,2,0,0,0,54,0,13,0,0,0,0,0,0,0,31,1,24,0,19,0,0,0,0,2,4,0,0,0,0,0,2,0,18,1,5,0,1,0,3
226,1,14,2,6,0,7,0,3,0,0,0,4,0,5,1,0,0,0,0,0,0,0,0,0,0,0,0,0,0,0,0,33,0,0,0,66,10,31,1,7,0,0,0,0,0,9,0,103,2,0,1,304,4,300,2,0,0,0,0,938,1,0,0,1770,2,63,2,290,0,1857,8,29,0,18,1,76,0,37,0,0,0,0,1,2,1,0,0,10,0,0,0,0,0,0,0,1,0,1,0,0,0,0,0,0,0,2,3,2,2,1,1,0,1,0,0,0,0,0,0,0,0,1,0,3,0,69,0,14,1,1,0,1,0,6,2,1,0,0,0,0,0,0,0,6,1,8,0,2,0,0,0,0,0,2,0,0,0,0,0,0,0,17,1,4,0,0,0,2,0
2,225,0,31,0,8,0,6,0,0,0,0,1,11,0,24,0,0,0,0,0,0,0,0,0,0,0,0,0,0,0,0,0,25,0,0,2,90,1,2,1,5,0,0,0,0,2,7,0,31,0,3,0,840,3,103,0,1,0,1,1,1876,0,0,1,540,1,37,0,281,3,1612,0,229,0,82,1,63,0,62,0,0,0,2,0,8,0,0,1,4,0,0,0,0,0,2,0,0,1,1,0,1,0,0,0,0,0,0,1,1,1,0,0,0,0,0,0,0,0,0,0,0,0,1,0,4,0,126,0,43,0,0,0,1,0,15,0,3,0,0,0,0,0,0,0,13,0,6,0,6,0,0,0,0,0,2,0,0,0,0,0,1,0,5,1,2,0,0,2,1
363,4,33,0,18,1,15,0,4,0,0,0,11,0,12,0,0,0,0,0,0,0,0,0,0,0,0,0,0,0,0,0,51,0,0,0,56,5,37,0,12,1,0,0,1,0,17,2,69,5,4,0,217,3,647,0,3,0,0,0,2332,5,1770,1,0,6,1260,4,1132,2,292,15,24,0,57,3,152,1,86,3,0,0,0,3,37,4,0,0,44,1,0,0,4,0,0,0,0,0,3,1,1,0,1,0,0,1,1,2,0,3,6,3,2,0,0,0,0,1,0,0,2,0,0,0,3,1,185,1,54,1,5,0,4,0,20,0,8,0,0,0,0,0,0,0,7,3,21,0,1,0,0,0,0,0,1,1,0,0,0,0,2,0,19,1,4,0,0,2,1,2
0,337,0,15,0,8,0,0,0,1,0,0,5,2,1,2,0,0,0,0,0,0,0,0,0,0,0,0,0,0,0,0,1,26,0,0,0,24,0,14,0,7,0,0,0,1,0,7,1,37,0,1,1,48,1,51,0,0,0,0,0,1243,2,540,6,0,5,2384,1,1146,3,48,0,5,1,40,1,37,0,42,0,0,1,16,2,226,0,0,0,111,0,0,1,1,0,0,0,0,0,0,2,0,0,1,0,0,2,0,1,2,2,0,0,0,0,0,0,0,0,0,0,1,0,0,0,4,0,85,0,26,0,1,0,1,0,14,0,2,0,0,0,0,0,0,0,11,0,3,0,6,0,0,0,0,0,0,0,0,0,0,1,0,0,7,0,3,0,0,0,0
208,2,5,1,8,1,33,0,11,0,0,0,355,0,1,0,0,0,0,0,0,0,0,0,0,0,0,0,0,0,0,0,226,0,0,0,30,2,12,2,15,2,0,1,1,0,3,0,6,2,1,0,11,1,66,0,0,0,0,0,906,1,63,1,1260,5,0,2,477,1,28,4,9,0,26,2,235,2,60,0,0,0,2,1,509,1,0,0,39,0,0,0,1,0,0,0,1,0,1,0,0,0,0,0,0,0,1,0,3,4,4,3,3,0,0,0,0,0,0,0,1,0,0,0,3,0,105,4,30,0,1,0,0,0,19,0,4,0,0,0,0,0,0,0,3,1,9,0,1,1,0,0,0,0,1,0,0,0,0,0,1,0,22,1,6,0,0,0,1,0
0,523,0,57,0,94,0,45,0,17,0,1,4,1211,1,18,0,0,0,2,0,0,0,0,0,0,0,0,0,0,0,0,2,105,0,0,1,46,7,21,0,46,1,1,0,0,3,9,1,19,0,10,1,30,2,31,1,0,0,2,3,1718,2,37,4,2384,2,0,0,645,3,68,0,17,1,92,0,134,0,94,0,0,1,54,4,1804,0,1,2,135,0,0,0,2,0,3,0,1,2,3,4,1,0,0,0,0,3,8,8,7,12,4,2,1,0,0,0,0,0,0,0,4,0,2,0,21,5,126,1,44,0,2,0,4,2,47,1,4,0,0,0,1,0,0,0,20,1,6,0,12,0,0,0,0,0,0,0,1,1,1,1,8,2,61,2,12,0,5,0,0
9,0,0,0,0,0,0,0,0,0,0,0,4,0,0,0,0,0,0,0,0,0,0,0,0,0,0,0,0,0,0,0,1,0,0,0,6,0,24,0,0,1,0,0,0,0,41,3,50,1,19,1,85,1,1571,0,3,0,4,0,37,0,290,0,1132,1,477,0,0,1,63,2,0,0,3,0,3,0,1,0,0,0,0,1,33,0,0,0,679,3,0,0,8,0,0,0,0,0,0,0,0,0,1,0,0,0,0,0,0,0,0,0,0,0,0,0,0,0,0,0,0,0,0,0,0,0,5,0,1,0,0,0,0,0,3,0,0,0,0,0,0,0,0,0,0,1,0,0,0,0,0,0,0,0,0,0,0,0,0,0,0,0,3,1,0,0,0,0,0,0
0,86,0,8,0,6,0,2,0,0,0,0,2,0,1,0,0,0,0,0,0,0,0,0,0,0,0,0,0,0,0,0,1,7,0,0,1,24,1,12,1,5,0,0,0,1,4,14,1,87,0,9,0,733,4,1660,0,2,0,1,1,130,0,281,2,1146,1,645,1,0,3,169,0,3,1,18,0,21,0,6,0,0,0,20,6,547,0,0,0,925,0,0,1,3,0,0,0,0,0,0,2,0,0,0,0,0,0,3,2,1,2,0,0,0,0,0,0,0,0,0,0,0,0,0,0,5,0,52,0,5,0,0,0,0,0,12,0,1,0,0,0,0,0,0,0,5,0,4,0,4,0,0,0,0,0,1,0,0,0,1,0,0,0,13,0,0,0,2,1,0
538,7,92,3,39,1,44,1,13,0,0,0,53,1,38,7,0,0,0,1,0,0,0,0,0,0,0,0,0,0,0,0,112,1,0,0,1957,93,1145,58,231,17,139,1,1,0,2255,221,624,42,489,26,633,7,440,2,6,0,34,5,1022,5,1857,3,292,3,28,3,63,3,0,456,593,2,92,13,265,6,139,0,0,0,20,3,41,8,1,0,28,4,0,0,2,2,0,1,0,0,1,0,0,0,2,1,1,0,4,0,7,2,3,4,0,0,0,0,0,0,0,1,2,0,3,0,9,1,259,1,44,1,10,0,1,0,31,2,11,0,0,0,0,0,0,0,23,2,29,1,1,0,0,0,0,0,3,0,1,0,0,0,2,0,11,2,4,0,0,0,2,0
3,293,0,120,0,30,0,19,0,2,0,0,28,25,1,206,0,0,0,0,0,0,0,0,0,0,0,0,0,0,0,0,16,70,0,0,23,2704,114,776,102,111,0,65,0,3,302,1998,122,1447,26,1367,18,580,35,147,1,5,7,78,2,1210,8,1612,15,48,4,68,2,169,456,0,1,1111,2,210,6,164,0,106,0,0,6,68,48,158,0,0,25,108,0,0,4,7,0,3,0,0,2,2,1,1,1,5,0,1,5,7,5,4,8,2,2,1,0,0,0,0,0,0,0,4,1,10,0,16,3,286,0,97,0,2,2,4,6,63,0,11,0,1,0,0,0,0,9,86,0,21,0,16,0,0,0,0,1,2,0,0,0,0,0,7,2,47,2,2,0,2,3,1
1541,10,499,28,68,3,142,3,53,3,0,0,27,3,836,41,0,0,0,0,0,0,0,0,0,0,0,0,0,0,0,0,60,1,0,0,986,41,1,0,2,0,0,0,0,0,0,0,0,0,0,0,0,0,4,0,0,0,0,0,427,1,29,0,24,0,9,0,0,0,593,1,0,8,38,13,106,6,58,2,0,0,0,0,0,0,0,0,0,0,0,0,1,0,0,0,0,0,1,0,0,0,0,0,1,0,0,0,1,1,0,1,0,0,1,0,0,0,0,0,2,0,1,0,28,0,68,2,11,0,0,0,0,0,21,0,1,0,0,0,0,0,0,0,7,0,6,1,0,0,0,0,0,0,71,28,0,0,0,0,1,0,6,0,3,1,0,0,0,0
3,599,3,113,0,18,0,24,1,3,0,0,1,23,7,1408,0,0,0,0,0,0,0,0,0,0,0,0,0,0,0,0,0,11,0,0,22,754,0,0,0,1,0,0,0,0,0,0,0,3,0,1,0,1,0,0,0,0,0,1,1,705,0,229,0,5,0,17,0,3,2,1111,8,0,4,101,0,55,0,39,0,0,0,1,0,7,0,0,0,0,0,0,0,0,0,0,0,0,0,0,0,0,0,0,0,0,0,1,1,0,0,0,0,0,0,0,0,0,0,0,0,2,0,2,0,5,0,106,0,18,0,0,0,0,0,15,0,3,0,0,0,0,0,0,0,14,0,7,0,7,0,0,0,0,1,4,0,0,0,0,0,0,0,0,0,0,0,0,0,0
164,14,312,68,506,30,132,6,229,10,55,1,28,1,107,78,138,23,135,70,36,36,18,3,19,1,13,1,67,2,2,0,254,7,0,0,225,101,3,2,47,3,3,0,7,0,2,0,1,2,3,0,0,0,3,0,0,0,1,2,57,2,18,0,57,1,26,1,3,1,92,2,38,4,0,779,2155,13,661,12,0,0,4,1,10,2,4,1,6,1,0,0,0,0,0,0,0,0,4,0,4,2,0,1,2,0,11,12,10,8,12,7,5,5,0,0,0,1,0,0,15,1,64,0,313,0,699,7,264,0,11,0,10,0,455,4,54,0,1,0,1,0,0,0,172,0,140,0,37,0,25,31,50,28,63,125,106,22,7,0,9,1,65,0,43,2,0,3,7,5
34,393,121,667,108,729,10,335,20,348,6,25,4,101,53,321,12,89,92,296,5,119,1,25,1,36,0,7,2,73,0,0,13,341,0,0,64,543,1,9,2,39,0,0,0,21,4,2,2,19,0,7,1,16,3,8,0,1,1,7,5,303,1,82,3,40,2,92,0,18,13,210,13,101,779,0,13,3230,5,828,0,0,0,8,1,24,0,29,1,7,0,0,0,6,0,3,0,0,1,3,4,3,0,1,1,0,5,26,11,10,13,6,4,3,2,0,0,1,1,0,0,56,0,13,2,444,3,901,1,200,0,46,1,19,2,389,0,108,0,2,0,2,0,2,0,266,1,74,0,63,18,135,52,57,114,158,16,92,3,2,0,10,3,53,3,45,1,2,3,1
226,1,363,8,622,4,151,0,422,1,199,0,143,0,182,12,448,0,86,2,35,0,125,0,87,0,38,0,254,0,15,0,1897,0,0,0,202,12,6,1,803,1,21,0,654,0,3,10,0,2,18,1,3,0,22,0,7,0,44,0,290,0,76,1,152,1,235,0,3,0,265,6,106,0,2155,13,0,8,1548,4,0,0,12,2,290,6,206,0,209,1,0,0,103,0,1,0,2,0,4,1,5,0,5,0,0,0,13,6,14,8,37,3,3,5,0,0,0,0,0,2,3,1,8,0,88,3,158,1,26,0,8,0,11,0,64,0,4,0,115,0,0,0,5,1,100,1,15,0,3,0,2,2,16,5,35,11,407,9,0,0,5,0,80,3,24,0,0,1,4,0
3,246,6,696,6,672,1,196,0,495,0,185,7,185,10,227,0,194,8,158,0,53,0,81,0,15,0,31,0,100,0,11,4,3682,0,0,19,163,5,10,3,1552,0,63,0,315,16,36,3,15,2,81,1,22,2,31,0,27,1,324,1,297,0,63,1,37,2,134,0,21,6,164,6,55,13,3230,8,0,8,1121,0,0,3,88,3,220,1,537,8,171,0,13,1,197,2,12,0,1,4,2,6,4,0,10,1,1,9,18,14,19,31,9,4,8,2,2,1,0,0,0,0,12,0,1,1,172,6,115,0,23,0,10,0,5,3,49,0,14,0,50,0,6,1,29,1,124,0,11,0,7,1,14,3,28,8,13,18,564,4,1,0,4,5,132,1,7,0,8,4,1
120,1,113,7,240,3,47,0,140,0,12,0,9,0,95,5,2,0,28,3,2,0,2,0,1,0,1,0,7,0,1,0,60,0,0,0,110,3,1,0,170,0,2,0,173,0,1,0,0,0,1,0,0,0,0,0,0,0,3,0,108,1,37,0,86,0,60,0,1,0,139,0,58,0,661,5,1548,8,0,1,0,0,0,0,4,0,14,0,11,0,0,0,3,0,1,1,1,1,5,2,3,0,0,0,0,0,11,7,11,9,12,4,3,7,0,1,1,0,0,0,2,0,1,0,191,1,50,4,4,0,12,0,61,0,51,1,3,0,25,0,0,0,0,0,19,0,2,0,1,0,1,0,1,0,19,6,223,5,3,2,9,1,115,0,85,2,0,1,5,0
2,113,5,210,1,215,0,65,0,69,0,2,2,52,6,112,0,1,1,42,0,0,0,0,0,0,0,0,0,0,0,0,0,165,0,0,4,106,0,4,3,191,2,7,1,98,1,5,1,8,1,5,0,4,1,7,0,0,0,16,0,177,0,62,3,42,0,94,0,6,0,106,2,39,12,828,4,1121,1,0,0,0,2,18,2,19,0,31,0,5,0,1,0,11,0,3,2,1,1,4,4,0,1,1,4,0,17,24,22,18,36,9,6,4,1,0,1,1,0,0,1,11,0,1,0,154,4,76,1,13,0,16,1,11,2,64,0,5,0,70,0,1,0,7,2,32,0,1,0,2,1,1,0,2,6,5,8,117,3,4,0,14,4,227,1,41,0,2,3,2
0,0,0,0,0,0,0,0,0,0,0,0,0,0,0,0,0,0,0,0,0,0,0,0,0,0,0,0,0,0,0,0,0,0,0,0,0,0,0,0,0,0,0,0,0,0,0,0,0,0,0,0,0,0,0,0,0,0,0,0,0,0,0,0,0,0,0,0,0,0,0,0,0,0,0,0,0,0,0,0,0,0,0,0,0,0,0,0,0,0,0,0,0,0,0,0,0,0,0,0,0,0,0,0,0,0,0,0,0,0,0,0,0,0,0,0,0,0,0,0,0,0,0,0,0,0,0,0,0,0,0,0,0,0,0,0,0,0,0,0,0,0,0,0,0,0,0,0,0,0,0,0,0,0,0,0,0,0,0,0,0,0,0,0,0,0,0,0,0,0
0,0,0,0,0,0,0,0,0,0,0,0,0,0,0,0,0,0,0,0,0,0,0,0,0,0,0,0,0,0,0,0,0,0,0,0,0,0,0,0,0,0,0,0,0,0,0,0,0,0,0,0,0,0,0,0,0,0,0,0,0,0,0,0,0,0,0,0,0,0,0,0,0,0,0,0,0,0,0,0,0,0,0,0,0,0,0,0,0,0,0,0,0,0,0,0,0,0,0,0,0,0,0,0,0,0,0,0,0,0,0,0,0,0,0,0,0,0,0,0,0,0,0,0,0,0,0,0,0,0,0,0,0,0,0,0,0,0,0,0,0,0,0,0,0,0,0,0,0,0,0,0,0,0,0,0,0,0,0,0,0,0,0,0,0,0,0,0,0,0
1,0,0,1,0,0,1,0,0,0,0,0,97,0,0,0,0,0,0,0,0,0,0,0,0,0,0,0,0,0,0,0,48,0,0,0,0,0,18,1,2,0,0,0,0,0,6,5,5,1,7,0,1,2,19,0,3,0,19,0,0,0,0,0,0,1,2,1,0,0,20,6,0,0,4,0,12,3,0,2,0,0,0,8,648,7,1,0,162,6,0,0,4,0,0,0,0,0,0,0,0,0,1,0,0,0,0,0,0,0,1,1,0,0,0,0,0,0,0,0,0,0,1,0,0,0,4,2,0,0,0,0,0,0,2,0,0,0,0,0,0,0,0,0,3,2,4,0,3,1,0,0,0,0,0,0,0,0,0,0,0,0,0,0,0,1,0,0,2,0
0,18,0,4,0,7,0,4,0,1,0,0,8,50,1,0,0,0,0,2,0,0,0,0,0,0,0,0,0,0,0,0,3,92,0,0,1,27,4,28,1,13,0,3,0,2,23,47,7,21,0,61,2,35,13,40,0,10,1,33,0,13,1,2,3,16,1,54,1,20,3,68,0,1,1,8,2,88,0,18,0,0,8,0,18,1843,0,9,8,258,0,0,2,9,0,7,0,1,0,2,0,0,0,8,0,0,0,0,0,0,1,2,0,0,0,0,0,0,0,1,0,0,0,1,0,1,0,5,0,4,0,0,0,0,0,5,0,1,0,0,0,2,0,0,0,14,0,2,0,3,0,0,0,0,0,0,0,0,0,1,0,1,1,10,0,2,0,0,0,0
5,1,3,0,3,0,3,0,1,0,22,0,964,1,3,1,0,0,0,0,0,0,0,0,0,0,0,0,1,0,0,0,443,6,0,0,4,5,54,18,439,3,5,0,11,0,101,54,16,6,146,6,37,6,241,7,43,0,287,3,9,0,2,0,37,2,509,4,33,6,41,48,0,0,10,1,290,3,4,2,0,0,648,18,0,28,1179,0,4550,12,4,0,397,0,7,0,0,0,3,0,0,0,24,0,0,0,2,2,3,2,14,0,0,0,0,0,0,0,0,0,0,1,1,0,2,0,6,2,3,0,0,0,0,0,6,0,0,0,22,0,0,0,3,0,25,11,0,0,1,1,0,0,0,0,0,0,0,0,1,0,0,1,10,3,1,1,0,0,3,1
0,325,0,39,0,24,0,15,0,2,0,0,15,1295,0,6,0,0,0,0,0,0,0,0,0,0,0,0,0,0,0,0,4,628,0,0,2,36,11,44,2,401,0,33,0,2,44,110,12,71,2,184,5,97,7,237,0,77,1,271,0,246,1,8,4,226,1,1804,0,547,8,158,0,7,2,24,6,220,0,19,0,0,7,1843,28,0,0,1170,7,5842,0,88,1,241,0,30,1,0,1,0,1,2,0,22,0,0,2,7,3,2,12,1,0,0,0,0,0,0,0,0,0,0,1,1,0,1,2,19,3,8,0,1,0,3,0,11,1,2,0,0,0,0,0,2,4,39,0,2,0,5,0,0,0,0,0,2,0,0,1,1,0,3,1,18,1,4,0,0,1,1
0,0,16,0,10,0,0,0,12,0,250,0,12,0,0,0,0,0,1,0,0,0,1,0,11,0,2,0,14,0,1,0,356,0,0,0,0,0,0,0,955,0,381,0,623,0,0,0,0,0,0,0,0,0,1,0,3,0,560,0,0,0,0,0,0,0,0,0,0,0,1,0,0,0,4,0,206,1,14,0,0,0,1,0,1179,0,0,0,838,0,1714,0,1224,0,0,0,0,0,0,0,0,0,0,0,0,0,0,0,0,0,0,1,0,0,0,0,0,0,0,0,0,0,0,0,1,0,0,0,0,0,0,0,1,0,0,0,0,0,2,0,0,0,0,0,0,0,0,0,0,0,0,0,1,0,1,1,4,0,0,0,0,0,0,0,0,0,0,0,0,0
0,0,1,57,0,49,0,3,0,24,0,36,0,144,0,1,0,13,1,32,0,19,0,4,0,4,0,9,0,20,0,5,0,1011,0,0,0,0,0,0,0,956,0,295,0,674,0,1,0,1,0,0,0,0,0,2,0,1,0,407,0,1,0,0,0,0,0,1,0,0,0,0,0,0,1,29,0,537,0,31,0,0,0,9,0,1170,0,0,0,702,0,1848,0,629,0,2,0,0,0,0,0,0,0,0,0,0,1,1,0,0,0,1,0,0,0,0,0,0,0,0,0,2,0,0,0,29,0,3,0,1,0,2,0,2,0,2,0,1,0,0,0,0,0,0,0,0,0,0,0,0,0,1,1,13,1,0,2,26,0,0,0,0,0,2,0,3,0,0,0,0
0,0,1,0,3,0,1,0,2,0,59,0,150,1,1,0,0,0,0,0,0,0,0,0,2,0,0,0,2,0,0,0,255,2,0,0,6,2,30,8,365,1,4,0,21,0,192,41,64,7,285,6,152,2,2691,4,497,2,852,1,8,0,10,1,44,0,39,2,679,0,28,25,0,0,6,1,209,8,11,0,0,0,162,8,4550,7,838,0,0,4,729,0,3950,0,12,0,1,0,2,0,0,0,54,0,0,0,4,2,4,3,15,0,1,1,0,0,0,0,0,0,0,0,2,0,0,0,7,1,2,1,0,0,0,0,7,1,1,0,11,0,0,0,3,0,41,3,2,0,0,0,0,0,0,0,0,0,0,0,0,0,1,0,12,0,4,0,0,0,2,2
0,12,0,6,0,8,0,1,0,3,0,1,7,51,0,0,0,0,0,2,0,0,0,0,0,0,0,0,0,2,0,0,3,235,0,0,2,11,5,13,1,453,0,68,0,10,19,87,8,61,2,191,1,216,8,2087,1,602,0,716,0,14,0,4,1,111,0,135,3,925,4,108,0,0,1,7,1,171,0,5,0,0,6,258,12,5842,0,702,4,0,0,539,1,5407,0,48,0,0,1,0,0,0,0,43,0,0,0,0,2,1,4,1,1,0,1,0,0,0,0,0,0,0,0,1,0,5,1,7,0,1,0,0,0,2,0,3,0,0,0,0,0,0,0,0,0,6,0,0,0,1,0,0,0,0,0,0,0,2,0,0,0,0,1,6,0,1,0,0,2,0
0,0,0,0,0,0,0,0,0,0,0,0,0,0,0,0,0,0,0,0,0,0,0,0,0,0,0,0,0,0,0,0,0,0,0,0,0,0,0,0,43,0,212,0,9,0,0,0,0,0,0,0,0,0,0,0,0,0,461,0,0,0,0,0,0,0,0,0,0,0,0,0,0,0,0,0,0,0,0,0,0,0,0,0,4,0,1714,0,729,0,0,0,1601,0,0,0,0,0,0,0,0,0,0,0,0,0,0,0,0,0,0,0,0,0,0,0,0,0,0,0,0,0,0,0,0,0,0,0,0,0,0,0,0,0,0,0,0,0,0,0,0,0,0,0,0,0,0,0,0,0,0,0,0,0,0,0,0,0,0,0,0,0,0,0,0,0,0,0,0,0
0,0,0,0,0,2,0,0,0,0,0,1,0,6,0,0,0,0,0,1,0,0,0,0,0,0,0,0,0,1,0,0,0,79,0,0,0,0,0,0,0,166,0,157,0,15,0,0,0,0,0,0,0,0,0,0,0,0,0,718,0,0,0,0,0,0,0,0,0,0,0,0,0,0,0,0,0,13,0,1,0,0,0,0,0,88,0,1848,0,539,0,0,0,835,0,1,0,0,0,0,0,1,0,0,0,0,0,0,0,0,0,0,0,0,0,0,0,0,0,0,0,0,0,0,0,0,0,0,0,0,0,0,0,0,0,0,0,0,0,0,0,0,0,0,0,0,0,0,0,0,0,0,0,0,0,0,0,1,0,0,0,0,0,0,0,0,0,0,0,0
0,0,1,0,1,0,1,0,2,0,32,0,11,0,1,0,0,0,2,0,0,0,0,0,2,0,0,0,1,0,0,0,98,2,0,0,1,0,4,1,333,2,165,0,22,0,30,10,9,2,121,1,23,0,300,0,437,0,3001,0,0,0,0,0,4,1,1,0,8,1,2,4,1,0,0,0,103,1,3,0,0,0,4,2,397,1,1224,0,3950,1,1601,0,0,0,84,0,0,0,0,0,9,0,154,0,0,0,0,0,1,0,2,1,0,0,0,0,0,0,0,0,0,0,0,0,1,0,0,0,0,0,0,0,1,0,0,0,0,0,7,0,0,0,0,0,5,0,0,0,0,0,0,0,0,0,0,0,0,0,0,0,0,0,1,0,0,0,0,0,0,0
0,1,1,4,0,6,0,1,0,4,0,8,1,7,0,0,0,0,0,0,0,2,0,0,0,0,0,0,0,1,0,1,0,107,0,0,0,0,0,1,0,508,0,69,1,37,2,16,1,8,0,118,0,32,0,254,0,1071,0,3709,0,0,0,0,0,1,0,2,0,3,2,7,0,0,0,6,0,197,0,11,0,0,0,9,0,241,0,629,0,5407,0,835,0,0,0,162,0,0,0,0,0,6,0,154,0,0,0,0,0,0,0,0,0,0,0,0,0,0,0,0,0,0,0,0,0,8,0,1,0,0,0,0,0,0,0,1,0,0,0,1,0,0,0,0,0,1,0,0,0,1,0,0,0,1,0,0,1,3,0,0,0,0,0,1,0,1,0,0,1,0
0,0,0,0,0,0,0,0,0,0,0,0,0,0,0,0,0,0,0,0,0,0,0,0,0,0,0,0,0,0,0,0,1,0,0,0,0,0,0,0,0,0,3,0,0,0,10,0,0,0,270,0,5,0,37,0,365,0,792,0,1,0,0,0,0,0,0,0,0,0,0,0,0,0,0,0,1,2,1,0,0,0,0,0,7,0,0,0,12,0,0,0,84,0,0,1,4152,4,38,3,268,2,1737,5,536,0,780,14,61,3,8,0,0,0,5,21,40,9,1,0,0,0,0,0,0,0,2,2,0,0,0,0,0,0,2,0,0,0,0,0,0,0,0,0,1,0,0,0,0,0,0,0,0,0,0,0,0,0,2,0,0,0,0,1,1,0,0,0,0,0
0,0,0,0,1,1,0,0,0,0,0,0,0,1,0,0,0,0,0,0,0,0,0,0,0,0,0,0,0,0,0,0,1,8,0,0,0,0,1,0,1,11,0,1,0,0,27,72,1,16,0,972,0,28,0,25,0,254,0,602,0,0,0,2,0,0,0,3,0,0,1,3,0,0,0,3,0,12,1,3,0,0,0,7,0,30,0,2,0,48,0,1,0,162,1,0,1,2002,1,192,10,373,1,2107,3,262,4,1223,6,91,5,25,29,2,60,24,20,15,10,13,0,0,0,0,0,2,0,2,0,0,0,0,0,0,1,2,0,0,0,0,0,0,0,0,0,5,0,0,0,0,0,0,0,0,0,0,0,0,0,1,0,1,0,2,4,2,0,4,2,0
0,0,0,0,0,0,1,0,0,0,0,0,0,0,0,0,0,0,0,0,0,0,0,0,0,0,0,0,0,0,0,0,0,0,0,0,1,0,0,0,2,0,0,0,1,1,0,1,0,0,0,0,0,0,0,0,0,0,0,0,0,0,1,0,0,0,1,0,0,0,0,0,0,0,0,0,2,0,1,2,0,0,0,0,0,1,0,0,1,0,0,0,0,0,4152,1,0,4,67,4,381,6,974,4,1714,0,1074,5,87,1,7,4,0,0,5,25,161,11,3,1,0,0,0,0,0,1,1,0,0,0,0,0,0,0,1,0,1,0,0,0,0,0,0,0,2,0,0,0,0,0,0,0,0,0,0,0,0,0,4,0,0,0,0,0,4,2,0,0,0,0
0,0,0,1,1,0,0,0,0,0,0,0,0,0,0,0,0,0,0,0,0,0,0,0,0,0,0,0,0,0,0,0,0,0,0,0,0,0,0,0,1,1,1,0,0,0,0,0,0,0,0,2,0,0,0,0,0,0,0,0,0,1,0,0,0,0,0,1,0,0,0,0,0,0,0,0,0,1,1,1,0,0,0,1,0,0,0,0,0,0,0,0,0,0,4,2002,4,0,4,92,8,162,2,534,4,836,8,1228,2,54,1,4,13,2,44,51,155,29,8,2,0,0,0,0,0,0,1,1,0,0,0,0,0,0,0,1,0,0,0,0,0,0,0,1,0,3,0,0,0,0,0,0,0,0,0,0,0,0,2,1,0,1,0,3,0,3,1,2,1,0
0,0,3,2,0,0,0,0,1,0,0,0,2,1,0,1,0,0,0,0,0,0,0,0,0,0,0,0,0,0,0,0,6,1,0,0,0,1,0,0,10,0,3,0,0,1,0,0,0,0,10,1,0,0,0,0,0,0,1,0,0,0,1,1,3,0,1,2,0,0,1,2,1,0,4,1,4,4,5,1,0,0,0,0,3,1,0,0,2,1,0,0,0,0,38,1,67,4,0,11,766,5,105,4,69,0,480,29,667,50,61,17,168,130,121,43,21,42,38,158,0,0,1,0,2,1,10,8,2,2,1,0,0,0,16,8,1,0,0,0,0,0,2,0,30,5,0,0,1,0,0,0,0,0,0,0,0,0,10,2,3,0,1,1,12,3,1,6,7,0
0,1,0,1,0,0,0,1,0,0,0,0,0,0,0,0,0,0,0,0,0,0,0,0,0,0,0,0,0,0,0,0,2,3,0,0,0,0,0,2,3,5,0,29,0,0,1,1,0,1,0,10,0,0,0,0,0,1,0,2,0,1,0,1,1,0,0,3,0,0,0,2,0,0,0,3,1,2,2,4,0,0,0,2,0,0,0,0,0,0,0,0,0,0,3,192,4,92,11,0,17,1171,3,281,0,43,22,1152,24,294,14,178,14,70,330,38,8,23,9,8,0,0,0,0,1,1,0,5,0,4,0,0,0,0,2,15,0,2,0,1,0,1,0,2,1,21,0,0,1,3,0,0,0,0,0,0,0,0,1,2,3,2,2,3,3,3,0,31,17,0
0,0,2,0,2,0,0,0,0,0,0,0,1,0,0,0,0,0,0,0,0,0,0,0,0,0,0,0,0,0,0,0,1,0,0,0,0,2,0,0,11,3,22,1,0,1,0,0,1,2,74,1,0,1,1,0,0,0,139,1,0,2,0,0,1,2,0,4,0,2,0,1,0,0,4,4,5,6,3,4,0,0,0,0,0,1,0,0,0,0,0,0,9,0,268,10,381,8,766,17,0,16,1848,4,424,0,2008,42,399,34,373,25,23,22,607,69,93,69,25,15,0,0,1,0,3,8,9,15,1,0,0,0,0,0,8,2,2,0,0,1,0,0,3,0,10,2,3,0,0,0,0,0,0,0,0,0,0,0,15,11,1,0,5,3,21,4,0,2,3,0
0,0,0,0,0,0,0,1,0,0,0,0,0,0,0,0,0,0,0,0,0,0,0,0,0,0,0,0,0,0,0,0,0,1,0,0,0,0,0,0,0,18,1,199,0,1,0,0,0,0,2,143,0,0,0,0,0,0,0,125,0,0,0,1,0,0,0,1,0,0,0,1,0,0,2,3,0,4,0,0,0,0,0,0,0,2,0,0,0,0,0,1,0,6,2,373,6,162,5,1171,16,0,8,2174,1,68,37,865,21,111,16,137,11,13,409,76,56,50,6,2,0,0,0,0,1,1,1,5,2,1,0,0,0,0,3,7,0,1,0,0,0,0,0,0,1,0,0,0,0,0,0,0,0,0,0,0,0,0,4,4,0,4,1,1,1,2,0,2,1,1
0,0,0,0,0,0,0,0,0,0,0,0,5,0,1,0,0,0,0,0,0,0,0,0,0,0,0,0,0,0,0,0,7,0,0,0,0,0,0,0,4,0,2,0,0,0,24,0,0,0,1036,0,1,0,56,0,218,0,2283,0,0,0,0,0,1,0,0,0,1,0,2,1,0,0,0,0,5,0,0,1,0,0,1,0,24,0,0,0,54,0,0,0,154,0,1737,1,974,2,105,3,1848,8,0,12,526,1,939,28,109,8,143,8,0,1,22,137,130,62,4,1,0,0,1,0,0,0,0,3,0,1,0,0,0,0,3,1,1,0,0,0,0,0,0,0,0,0,1,0,0,0,0,0,0,0,0,0,0,0,5,1,2,0,0,0,2,1,0,0,1,0
1,0,0,0,0,0,0,0,0,0,0,0,0,0,0,0,0,0,0,0,0,0,0,0,0,0,0,0,0,0,0,0,1,4,0,0,0,1,0,0,0,6,1,4,0,1,61,66,0,8,2,659,0,23,0,21,0,141,0,1326,0,0,0,0,0,1,0,0,0,0,1,5,0,0,1,1,0,10,0,1,0,0,0,8,0,22,0,0,0,43,0,0,0,154,5,2107,4,534,4,281,4,2174,12,0,4,175,20,1399,11,149,6,118,8,1,105,136,179,38,7,5,0,0,0,0,0,2,1,1,0,1,0,0,0,0,1,0,0,0,0,0,0,1,0,1,1,2,0,0,0,0,0,0,0,0,0,0,0,0,1,0,0,1,2,4,0,1,0,2,1,1
0,0,0,0,1,0,0,0,0,0,0,0,0,0,0,0,0,0,0,0,0,0,0,0,0,0,0,0,0,0,0,0,0,0,0,0,1,0,0,0,7,0,2,0,0,0,0,0,0,0,0,0,0,0,0,0,0,0,0,0,0,0,0,0,0,0,0,0,0,0,1,0,1,0,2,1,0,1,0,4,0,0,0,0,0,0,0,0,0,0,0,0,0,0,536,3,1714,4,69,0,424,1,526,4,0,1,2814,14,65,7,16,4,0,0,10,10,18,23,0,2,0,0,1,0,0,1,4,1,0,1,0,0,0,1,3,3,0,0,0,0,0,0,0,0,0,0,0,0,0,0,0,0,0,0,0,0,0,0,5,5,1,0,2,0,3,2,0,0,0,0
