0,18,2069,18,2027,4,1466,2,278,0,0,0,457,0,520,120,1,0,8,8,0,0,0,0,0,0,0,0,0,0,0,0,147,2,0,0,166,202,12,0,26,0,2,0,0,0,2,0,46,0,2,0,18,0,49,1,0,0,1,0,5848,3,304,4,127,0,194,0,135,0,241,21,933,14,449,12,474,1,98,0,0,0,17,0,336,1,11,0,123,4,0,0,9,0,2,1,0,1,3,0,2,0,0,1,0,0,4,4,2,2,3,5,1,0,1,1,0,0,0,1,1,0,3,0,16,0,146,1,65,1,34,0,3,0,40,2,7,0,1,0,3,0,2,1,50,0,9,0,6,0,0,0,1,2,46,29,0,0,2,0,0,0,8,2,3,0,2,1,2,0
18,0,0,2069,3,1562,1,1223,0,118,0,0,2,474,23,803,0,0,0,5,0,0,0,0,0,0,0,0,0,0,0,0,2,192,0,0,16,32,1,3,0,1,0,0,0,0,1,1,1,4,0,0,1,22,1,15,1,0,0,0,23,5093,1,199,1,138,2,674,2,218,3,138,38,503,21,423,15,283,2,1,0,0,0,7,3,200,0,0,1,218,0,0,1,1,0,0,0,0,0,0,0,0,0,0,0,0,0,0,0,0,0,0,0,0,0,0,0,0,0,0,0,0,0,0,0,0,6,4,4,7,0,0,0,0,1,1,1,0,0,0,0,0,0,0,1,2,0,0,0,0,0,0,0,0,3,0,0,0,0,0,0,0,0,0,0,0,0,0,0,0
2069,0,0,56,7040,17,105,2,453,5,497,0,16,0,1838,107,199,109,3708,134,359,27,219,30,157,0,113,0,154,0,0,0,211,0,0,0,300,168,5,0,22,0,1,0,27,0,2,0,11,0,1,0,2,0,6,0,0,0,3,0,216,0,44,3,11,0,19,0,9,0,75,3,438,2,1477,56,867,9,166,0,0,0,1,0,13,1,17,0,10,0,3,0,12,0,0,0,0,0,2,0,2,0,0,0,0,1,2,2,0,3,0,1,5,0,0,0,0,0,0,0,3,0,3,0,39,0,53,0,12,0,13,0,5,0,67,2,12,0,2,0,0,0,5,0,40,0,9,0,1,0,99,83,219,152,388,233,156,23,2,1,2,1,9,1,8,0,0,0,0,1
18,2069,56,0,36,7069,5,194,7,348,1,235,1,17,30,2870,11,63,13,3357,3,330,0,194,0,208,0,426,0,70,0,1,2,98,0,0,8,72,0,1,1,0,0,0,0,3,2,0,0,4,0,0,1,9,0,10,0,3,0,0,23,250,3,92,0,56,3,55,2,75,3,56,21,180,58,1318,14,363,2,1,0,0,0,1,4,71,3,0,2,144,0,0,0,0,0,0,0,0,0,0,0,0,0,0,0,0,0,0,0,0,0,0,0,0,0,0,0,0,0,0,0,0,0,0,1,0,3,1,0,2,1,0,0,0,2,0,0,0,0,1,0,0,0,1,1,2,0,0,2,0,4,61,4,73,47,269,2,5,0,0,0,0,0,0,0,0,0,0,0,0
2027,3,7040,36,0,23,791,2,3833,4,1450,0,36,0,185,107,46,20,90,78,17,6,15,5,40,1,17,1,142,1,0,0,393,1,0,0,57,134,2,1,19,0,0,0,39,0,1,0,11,0,0,0,1,0,2,0,0,0,5,0,155,0,17,3,3,0,26,0,10,0,19,1,128,2,1728,28,987,4,205,0,0,0,3,0,37,0,21,0,12,0,2,0,12,0,0,0,0,0,4,1,0,0,1,0,0,0,2,0,4,1,1,0,1,1,0,0,0,0,0,1,3,0,2,0,63,0,65,0,16,0,12,0,3,0,70,2,15,0,0,0,2,0,3,0,45,0,5,0,1,0,13,18,15,55,133,95,17,8,1,0,2,0,6,1,4,3,0,0,0,0
4,1562,17,7069,23,0,3,1340,2,3539,0,1061,0,125,17,226,0,35,5,488,0,20,0,18,0,48,0,72,0,61,0,46,1,404,0,0,2,39,0,0,0,0,0,0,0,0,2,0,0,1,0,0,0,5,0,5,0,0,0,0,4,298,1,32,0,31,1,159,0,44,0,18,6,17,29,1703,4,572,2,0,0,0,1,2,1,162,0,0,1,78,0,0,0,0,0,0,0,0,0,0,0,0,0,0,0,0,0,0,0,0,0,0,0,0,0,0,0,0,0,0,0,0,0,0,1,0,0,1,0,1,1,0,0,0,1,0,0,0,0,0,0,0,0,0,0,0,1,0,0,0,1,4,2,15,45,180,0,1,0,0,0,0,0,0,0,0,0,0,0,0
1466,1,105,5,791,3,0,3,2007,1,0,0,1789,0,67,32,0,0,0,4,0,0,0,0,0,0,0,0,0,0,0,0,719,0,0,0,14,37,2,0,9,0,0,0,1,0,0,0,3,0,1,0,2,0,0,0,0,0,0,0,529,1,18,0,8,0,36,0,1,0,15,2,64,3,190,3,297,0,47,0,0,0,13,0,165,0,377,0,7,0,1,0,0,0,0,0,1,0,1,0,1,1,0,0,0,0,0,1,1,1,0,1,2,0,0,0,0,0,0,0,1,0,4,0,7,0,58,0,32,0,12,0,2,0,26,0,7,0,0,0,0,0,1,0,16,0,3,0,2,0,0,0,0,1,11,7,0,0,0,0,2,0,3,0,3,0,1,0,0,0
2,1223,2,194,2,1340,3,0,0,1533,0,0,0,1488,1,108,0,0,0,25,0,0,0,0,0,0,0,0,0,0,0,0,0,1425,0,0,2,6,0,0,0,0,0,0,0,0,0,0,0,0,0,0,0,2,0,1,0,0,0,0,4,113,0,6,0,3,0,144,1,4,0,9,4,1,2,314,3,337,0,1,0,0,0,3,0,50,1,0,1,5,0,0,0,0,0,0,0,0,0,0,0,0,0,0,0,0,0,0,0,0,0,0,0,0,0,0,0,0,0,0,0,0,0,0,0,0,1,0,1,3,0,0,0,0,0,0,0,0,0,0,0,0,0,0,0,1,0,0,0,0,0,0,0,0,1,7,0,0,0,0,0,0,0,0,0,0,0,0,0,0
278,0,453,7,3833,2,2007,0,0,0,1585,0,250,0,68,13,12,5,21,10,6,1,2,1,8,0,6,0,299,0,0,0,1519,0,0,0,17,19,0,0,30,0,0,0,29,0,0,0,1,0,2,0,0,0,2,0,0,0,5,0,85,0,8,0,6,0,4,0,0,0,7,0,29,0,668,4,718,1,124,0,0,0,0,0,26,0,133,0,9,1,8,0,12,0,0,0,0,0,0,0,0,0,0,0,0,0,0,0,2,0,1,2,0,1,0,0,0,0,0,0,4,0,3,0,30,0,38,0,10,0,10,0,2,0,48,2,9,0,0,0,5,0,1,0,19,0,2,0,0,0,3,6,6,13,20,24,4,4,2,0,3,0,2,2,5,1,0,0,1,0
0,118,5,348,4,3539,1,1533,0,0,0,790,0,393,7,71,0,11,0,127,0,6,0,6,0,16,0,12,0,49,0,0,0,1284,0,0,1,13,0,0,0,0,0,0,0,0,1,0,0,1,0,0,0,0,0,0,0,0,0,0,3,55,0,7,0,5,0,52,0,4,0,5,0,1,7,824,2,710,0,0,0,0,0,0,1,26,0,0,0,2,0,0,0,0,0,0,0,0,0,0,0,0,0,0,0,0,0,0,0,1,0,0,0,0,0,0,0,0,0,0,0,0,0,0,0,0,0,0,1,3,0,0,0,0,0,0,0,0,0,0,0,0,0,0,0,0,0,0,1,0,0,0,2,2,15,45,0,0,0,0,0,0,1,0,0,0,0,0,0,0
0,0,497,1,1450,0,0,0,1585,0,0,0,0,0,2,0,66,2,19,2,51,1,54,2,215,0,98,0,849,0,1,0,462,0,0,0,1,0,0,0,5,0,0,0,60,0,0,0,0,0,0,0,0,0,0,0,0,0,0,0,0,0,1,0,0,0,0,0,0,0,0,0,0,0,295,1,371,0,21,0,0,0,0,0,0,0,41,0,3,0,2,0,5,0,0,0,0,0,0,0,0,0,0,0,0,0,0,0,0,0,0,0,0,0,0,0,0,0,0,0,0,0,0,0,1,0,1,0,0,0,0,0,0,0,3,0,0,0,0,0,0,0,0,0,1,0,0,0,0,0,2,2,7,2,2,2,20,1,0,0,0,0,0,0,0,0,0,0,0,0
0,0,0,235,0,1061,0,0,0,790,0,0,0,0,0,0,0,17,1,58,0,37,0,42,0,110,0,191,0,660,0,150,0,471,0,0,0,1,0,0,0,0,0,0,0,0,0,0,0,0,0,0,0,0,0,0,0,0,0,0,0,0,0,0,0,0,0,0,0,0,0,0,0,0,2,11,0,204,0,0,0,0,0,0,0,0,0,0,0,0,0,0,0,0,0,0,0,0,0,0,0,0,0,0,0,0,0,0,0,0,0,0,0,0,0,0,0,0,0,0,0,0,0,0,0,0,0,0,0,0,0,0,0,0,0,0,0,0,0,0,0,0,0,0,0,0,0,0,0,0,0,3,0,4,0,2,0,2,0,0,0,0,0,0,0,0,0,0,0,0
457,2,16,1,36,0,1789,0,250,0,0,0,0,0,16,7,0,0,0,0,0,0,0,0,0,0,0,0,0,0,0,0,429,0,0,0,17,18,6,1,8,0,1,0,0,0,3,0,7,0,2,0,1,0,2,0,2,0,0,0,866,1,12,2,7,0,266,1,4,0,15,4,17,2,32,1,175,1,25,0,0,0,353,0,1496,0,369,0,21,0,0,0,0,0,0,0,1,0,0,0,0,0,0,1,1,0,0,0,1,2,1,2,0,0,0,0,0,0,0,0,0,0,0,0,1,0,27,0,32,0,8,0,0,0,6,0,0,0,0,0,3,0,1,0,4,0,3,0,1,0,0,0,0,0,7,0,0,0,1,0,0,0,1,0,0,0,1,0,0,0
0,474,0,17,0,125,0,1488,0,393,0,0,0,0,0,12,0,0,0,2,0,0,0,0,0,0,0,0,0,0,0,0,0,841,0,0,0,1,0,0,0,0,0,0,0,0,2,0,2,0,0,0,0,0,0,1,0,0,0,0,0,707,0,3,0,3,0,632,0,2,0,5,0,0,1,44,0,161,0,0,0,0,0,32,1,97,0,0,0,3,0,0,0,0,0,0,0,0,0,0,0,0,0,0,0,0,0,0,0,0,0,0,0,0,0,0,0,0,0,0,0,0,0,0,0,0,0,0,0,3,0,0,0,0,0,0,0,1,0,1,0,0,0,2,0,0,0,0,0,0,0,0,0,1,2,1,0,0,0,0,0,0,0,0,0,0,0,0,0,0
520,23,1838,30,185,17,67,1,68,7,2,0,16,0,0,163,1,0,988,50,3,0,0,0,0,0,0,0,0,0,0,0,39,0,0,0,2268,336,14,1,8,0,2,0,1,0,4,1,18,1,2,0,0,0,0,0,0,0,1,0,151,0,45,2,3,0,5,0,4,1,132,9,1758,8,292,30,249,3,65,0,0,0,0,0,7,0,4,0,4,0,0,0,0,0,1,1,0,1,0,0,1,0,0,0,0,0,1,1,4,2,0,1,0,0,0,0,0,0,0,0,1,0,1,0,10,0,71,1,16,0,9,0,3,0,49,1,11,0,1,0,0,0,1,0,34,0,9,0,1,0,0,0,17,4,523,189,0,0,1,0,0,0,8,1,5,0,0,0,2,1
120,803,107,2870,107,226,32,108,13,71,0,0,7,12,163,0,1,0,2,831,0,0,0,0,0,0,0,0,0,0,0,0,6,31,0,0,53,1800,0,0,3,0,0,0,0,0,1,0,0,15,0,0,0,5,0,12,0,0,0,0,129,239,5,137,0,12,2,7,0,23,19,232,141,1143,96,913,74,65,12,0,0,0,1,0,7,5,2,0,3,23,0,0,0,0,0,0,0,0,0,0,0,0,0,0,0,0,0,1,1,0,0,0,1,0,0,0,0,0,0,0,0,0,0,0,5,0,22,0,6,1,5,0,1,0,14,0,3,0,1,0,0,0,0,0,15,0,2,0,1,0,0,0,0,2,91,55,0,0,1,0,0,0,3,0,0,0,0,0,0,0
1,0,199,11,46,0,0,0,12,0,66,0,0,0,1,1,0,231,65,25,291,3,918,2,124,0,37,0,178,0,0,0,126,0,0,0,1,0,1,0,31,0,2,0,154,0,0,0,0,0,0,0,0,0,0,0,0,0,0,0,0,0,1,0,0,0,0,0,0,0,0,0,0,0,107,14,249,1,41,0,0,0,0,0,0,0,3,0,4,0,0,0,2,0,0,0,0,0,0,0,0,0,0,0,0,0,0,0,0,0,0,0,0,0,0,0,0,0,0,0,0,0,0,0,0,0,0,0,2,1,0,0,7,0,3,0,0,0,0,0,0,0,0,0,1,0,0,0,0,0,136,23,85,16,9,10,846,7,1,0,0,0,2,0,0,0,1,0,2,0
0,0,109,63,20,35,0,0,5,11,2,17,0,0,0,0,231,0,33,143,13,491,16,954,4,57,0,1,6,7,0,0,0,154,0,0,0,0,0,0,0,16,15,3,0,69,0,0,0,0,0,0,0,0,0,0,0,0,0,0,0,0,0,0,0,0,0,0,0,0,0,0,0,0,261,88,5,96,0,11,0,0,0,0,0,0,0,0,0,0,0,0,0,0,0,1,0,0,0,0,0,0,0,0,0,0,0,0,0,0,0,0,0,0,0,0,0,0,0,0,0,0,0,0,0,0,0,1,0,0,0,0,0,0,0,0,0,0,0,0,0,0,0,0,0,0,0,0,0,0,14,235,13,97,4,66,33,665,0,0,1,2,0,2,0,0,0,0,0,0
8,0,3708,13,90,5,0,0,21,0,19,1,0,0,988,2,65,33,0,59,401,8,75,7,12,0,19,0,15,0,0,0,15,0,0,0,355,29,2,0,0,0,0,0,3,0,0,0,1,0,0,0,0,0,0,0,0,0,0,0,2,0,1,0,0,0,0,0,0,0,6,1,3,0,254,14,56,2,22,0,0,0,0,0,0,0,0,0,0,0,0,0,2,0,0,0,0,0,0,0,0,0,0,0,0,0,0,0,0,0,0,0,0,0,0,0,0,0,0,0,0,0,1,0,2,0,0,0,1,0,0,0,0,0,6,1,0,0,0,0,0,0,0,0,3,0,0,0,0,0,154,14,595,61,763,165,71,4,0,0,0,0,0,0,1,1,0,0,0,0
8,5,134,3357,78,488,4,25,10,127,2,58,0,2,50,831,25,143,59,0,4,781,2,208,2,82,0,43,0,27,0,0,1,47,0,0,7,763,0,1,0,0,0,0,0,3,0,0,1,1,0,0,0,0,0,0,0,0,0,0,3,1,3,1,0,0,0,2,0,0,2,7,1,0,81,709,16,276,3,2,0,0,0,0,0,3,0,0,1,0,0,0,0,0,0,0,0,0,0,0,0,1,0,0,0,0,0,0,0,0,0,0,0,0,0,0,0,0,0,0,0,0,0,0,2,0,0,0,1,0,0,0,0,0,1,0,1,0,0,0,0,0,0,0,1,0,0,0,0,0,16,118,27,1031,54,590,3,58,0,0,0,0,0,1,0,0,0,0,0,0
0,0,359,3,17,0,0,0,6,0,51,0,0,0,3,0,291,13,401,4,0,4,989,7,185,0,83,0,38,0,0,0,5,0,0,0,1,0,0,0,0,0,0,0,6,0,0,0,0,0,0,0,0,0,0,0,0,0,0,0,0,0,0,0,0,0,0,0,0,0,0,0,0,0,24,10,24,0,1,0,0,0,0,0,0,0,0,0,0,0,0,0,0,0,0,0,0,0,0,0,0,0,0,0,0,0,0,0,0,0,0,0,0,0,0,0,0,0,0,0,0,0,0,0,0,0,0,0,0,0,0,0,0,0,0,0,0,0,0,0,0,0,0,0,0,0,0,0,0,0,259,5,274,8,14,13,269,0,0,0,0,0,0,0,0,0,0,0,0,0
0,0,27,330,6,20,0,0,1,6,1,37,0,0,0,0,3,491,8,781,4,0,18,1503,2,214,0,80,1,55,0,0,0,14,0,0,0,0,0,0,0,0,0,0,0,3,0,0,0,0,0,0,0,0,0,0,0,0,0,0,0,0,0,0,0,0,0,0,0,0,0,0,0,0,12,163,1,142,0,0,0,0,0,0,0,0,0,0,0,0,0,0,0,0,0,1,1,0,0,0,0,0,0,0,0,0,0,0,0,0,0,0,0,0,0,0,0,0,0,0,0,0,0,0,0,0,0,0,0,0,0,0,0,0,0,0,0,0,0,0,0,0,0,0,0,0,0,0,0,0,9,210,6,380,6,51,1,347,0,0,0,1,0,0,0,0,0,0,0,0
0,0,219,0,15,0,0,0,2,0,54,0,0,0,0,0,918,16,75,2,989,18,0,40,546,0,141,0,120,0,0,0,4,0,0,0,0,0,0,0,0,0,28,0,2,0,0,0,0,0,0,0,0,0,0,0,0,0,0,0,0,0,0,0,0,0,0,0,0,0,0,0,0,0,6,3,12,1,0,0,0,0,0,0,0,0,0,0,0,0,0,0,0,0,0,0,0,0,0,0,0,0,0,0,0,0,0,0,0,0,0,0,0,0,0,0,0,0,0,0,0,0,0,0,0,0,0,0,0,0,0,0,0,0,0,0,0,0,0,0,0,0,0,0,0,0,0,0,0,0,75,7,126,4,4,5,538,3,0,0,0,0,0,0,0,0,0,0,0,0
0,0,30,194,5,18,0,0,1,6,2,42,0,0,0,0,2,954,7,208,7,1503,40,0,1,733,0,110,0,37,0,0,0,15,0,0,0,0,0,0,0,1,0,1,0,16,0,0,0,0,0,0,0,0,0,0,0,0,0,0,0,0,0,0,0,0,0,0,0,0,0,0,0,0,10,26,1,38,0,0,0,0,0,0,0,0,0,0,0,0,0,0,0,0,0,0,0,0,0,0,0,0,0,0,0,0,0,0,0,0,0,0,0,0,0,0,0,0,0,0,0,0,0,0,0,0,0,0,0,0,0,0,0,0,0,0,0,0,0,0,0,0,0,0,0,0,0,0,0,0,6,96,2,125,2,58,1,385,0,0,0,0,0,0,0,0,0,0,0,0
0,0,157,0,40,0,0,0,8,0,215,0,0,0,0,0,124,4,12,2,185,2,546,1,0,0,767,0,1013,0,0,0,66,0,0,0,0,0,0,0,0,0,1,0,15,0,0,0,0,0,0,0,0,0,0,0,0,0,0,0,0,0,0,0,0,0,0,0,0,0,0,0,0,0,44,1,37,0,0,0,0,0,0,0,0,0,4,0,1,0,1,0,0,0,0,0,0,0,0,0,0,0,0,0,0,0,0,0,0,0,0,0,0,0,0,0,0,0,0,0,0,0,0,0,0,0,0,0,0,0,0,0,0,0,0,0,0,0,0,0,0,0,0,0,0,0,0,0,0,0,4,2,10,3,2,0,91,0,0,0,0,0,0,0,0,0,0,0,0,0
0,0,0,208,1,48,0,0,0,16,0,110,0,0,0,0,0,57,0,82,0,214,0,733,0,0,0,329,0,462,0,0,0,24,0,0,0,0,0,0,0,0,0,0,0,0,0,0,0,0,0,0,0,0,0,0,0,0,0,0,0,0,0,0,0,0,0,0,0,0,0,0,0,0,1,3,0,19,0,0,0,0,0,0,0,0,0,0,0,0,0,0,0,0,0,0,0,0,0,0,0,0,0,0,0,0,0,0,0,0,0,0,0,0,0,0,0,0,0,0,0,0,0,0,0,0,0,0,0,0,0,0,0,0,0,0,0,0,0,0,0,0,0,0,0,0,0,0,0,0,0,4,0,2,0,4,0,7,0,0,0,0,0,0,0,0,0,0,0,0
0,0,113,0,17,0,0,0,6,0,98,0,0,0,0,0,37,0,19,0,83,0,141,0,767,0,0,0,360,0,0,0,16,0,0,0,0,0,0,0,0,0,0,0,0,0,0,0,0,0,0,0,0,0,0,0,0,0,0,0,0,0,0,0,0,0,0,0,0,0,0,0,0,0,2,0,4,0,0,0,0,0,0,0,0,0,0,0,0,0,0,0,0,0,0,0,0,0,0,0,0,0,0,0,0,0,0,0,0,0,0,0,0,0,0,0,0,0,0,0,0,0,0,0,0,0,0,0,0,0,0,0,0,0,0,0,0,0,0,0,0,0,0,0,0,0,0,0,0,0,1,0,1,1,0,0,9,0,0,0,0,0,0,0,0,0,0,0,0,0
0,0,0,426,1,72,0,0,0,12,0,191,0,0,0,0,0,1,0,43,0,80,0,110,0,329,0,0,0,56,0,0,0,26,0,0,0,0,0,0,0,0,0,0,0,0,0,0,0,0,0,0,0,0,0,0,0,0,0,0,0,0,0,0,0,0,0,0,0,0,0,0,0,0,0,4,0,7,0,0,0,0,0,0,0,0,0,0,0,0,0,0,0,0,0,0,0,0,0,0,0,0,0,0,0,0,0,0,0,0,0,0,0,0,0,0,0,0,0,0,0,0,0,0,0,0,0,0,0,0,0,0,0,0,0,0,0,0,0,0,0,0,0,0,0,0,0,0,0,0,0,1,0,1,0,2,0,0,0,0,0,0,0,0,0,0,0,0,0,0
0,0,154,0,142,0,0,0,299,0,849,0,0,0,0,0,178,6,15,0,38,1,120,0,1013,0,360,0,0,0,0,0,967,0,0,0,0,0,0,0,5,0,6,0,48,0,0,0,0,0,0,0,0,0,0,0,0,0,1,0,0,0,0,0,0,0,0,0,1,0,0,0,0,0,85,0,158,0,2,0,0,0,0,0,0,0,19,0,2,0,0,0,4,0,0,0,0,0,0,0,0,0,0,0,0,0,0,0,0,0,0,0,0,0,0,0,0,0,0,0,0,0,0,0,0,0,0,0,0,0,0,0,0,0,0,0,0,0,0,0,0,0,0,0,0,0,0,0,0,0,0,0,3,0,1,1,38,0,0,0,0,0,0,0,0,0,0,0,0,0
0,0,0,70,1,61,0,0,0,49,0,660,0,0,0,0,0,7,0,27,0,55,0,37,0,462,0,56,0,0,0,1,0,129,0,0,0,0,0,0,0,0,0,0,0,0,0,0,0,0,0,0,0,0,0,0,0,0,0,0,0,0,0,0,0,0,0,0,0,0,0,0,0,0,0,1,0,21,0,0,0,0,0,0,0,0,0,0,0,0,0,0,0,0,0,0,0,0,0,0,0,0,0,0,0,0,0,0,0,0,0,0,0,0,0,0,0,0,0,0,0,0,0,0,0,0,0,0,0,0,0,0,0,0,0,0,0,0,0,0,0,0,0,0,0,0,0,0,0,0,0,2,0,3,0,3,0,0,0,0,0,0,0,0,0,0,0,0,0,0
0,0,0,0,0,0,0,0,0,0,1,0,0,0,0,0,0,0,0,0,0,0,0,0,0,0,0,0,0,0,0,0,0,0,0,0,0,0,0,0,0,0,0,0,0,0,0,0,0,0,0,0,0,0,0,0,0,0,0,0,0,0,0,0,0,0,0,0,0,0,0,0,0,0,0,0,0,0,0,0,0,0,0,0,0,0,0,0,0,0,0,0,0,0,0,0,0,0,0,0,0,0,0,0,0,0,0,0,0,0,0,0,0,0,0,0,0,0,0,0,0,0,0,0,0,0,0,0,0,0,0,0,0,0,0,0,0,0,0,0,0,0,0,0,0,0,0,0,0,0,0,0,0,0,0,0,0,0,0,0,0,0,0,0,0,0,0,0,0,0
0,0,0,1,0,46,0,0,0,0,0,150,0,0,0,0,0,0,0,0,0,0,0,0,0,0,0,0,0,1,0,0,0,1,0,0,0,0,0,0,0,0,0,0,0,0,0,0,0,0,0,0,0,0,0,0,0,0,0,0,0,0,0,0,0,0,0,0,0,0,0,0,0,0,0,0,0,0,0,0,0,0,0,0,0,0,0,0,0,0,0,0,0,0,0,0,0,0,0,0,0,0,0,0,0,0,0,0,0,0,0,0,0,0,0,0,0,0,0,0,0,0,0,0,0,0,0,0,0,0,0,0,0,0,0,0,0,0,0,0,0,0,0,0,0,0,0,0,0,0,0,0,0,0,0,0,0,0,0,0,0,0,0,0,0,0,0,0,0,0
147,2,211,2,393,1,719,0,1519,0,462,0,429,0,39,6,126,0,15,1,5,0,4,0,66,0,16,0,967,0,0,0,0,2,0,0,25,25,48,2,276,0,16,0,357,0,48,0,25,1,77,0,13,1,38,2,26,1,96,0,111,3,12,9,7,0,37,6,4,5,49,15,27,0,228,1,2515,3,83,3,0,0,104,4,202,6,419,0,144,5,45,0,195,0,0,1,0,2,5,0,0,0,0,0,0,0,1,0,0,2,0,1,2,1,0,0,0,0,1,1,0,0,2,0,18,0,27,2,56,5,21,0,4,0,37,4,4,0,7,1,9,0,16,1,48,2,16,0,5,1,0,0,1,2,11,7,3,0,5,0,4,0,6,0,3,0,3,1,1,0
2,192,0,98,1,404,0,1425,0,1284,0,471,0,841,0,31,0,154,0,47,0,14,0,15,0,24,0,26,0,129,0,1,2,0,0,0,2,21,5,16,0,163,1,25,0,34,41,17,18,27,3,51,9,42,14,90,2,22,0,98,3,514,4,279,2,89,2,151,5,117,17,205,0,37,2,243,8,2532,1,13,0,0,2,38,9,1084,0,109,20,269,0,1,0,59,0,0,0,1,0,1,0,0,0,0,0,0,0,1,1,0,0,0,1,0,0,0,0,0,0,0,0,0,0,0,0,1,4,19,4,104,2,5,0,0,1,3,0,1,0,30,0,9,0,21,2,24,0,3,0,4,0,1,0,1,2,6,0,2,0,0,0,1,1,6,0,0,0,0,0,0
0,0,0,0,0,0,0,0,0,0,0,0,0,0,0,0,0,0,0,0,0,0,0,0,0,0,0,0,0,0,0,0,0,0,0,0,0,0,0,0,0,0,0,0,0,0,0,0,0,0,0,0,0,0,0,0,0,0,0,0,0,0,0,0,0,0,0,0,0,0,0,0,0,0,0,0,0,0,0,0,0,0,0,0,0,0,0,0,0,0,0,0,0,0,0,0,0,0,0,0,0,0,0,0,0,0,0,0,0,0,0,0,0,0,0,0,0,0,0,0,0,0,0,0,0,0,0,0,0,0,0,0,0,0,0,0,0,0,0,0,0,0,0,0,0,0,0,0,0,0,0,0,0,0,0,0,0,0,0,0,0,0,0,0,0,0,0,0,0,0
0,0,0,0,0,0,0,0,0,0,0,0,0,0,0,0,0,0,0,0,0,0,0,0,0,0,0,0,0,0,0,0,0,0,0,0,0,0,0,0,0,0,0,0,0,0,0,0,0,0,0,0,0,0,0,0,0,0,0,0,0,0,0,0,0,0,0,0,0,0,0,0,0,0,0,0,0,0,0,0,0,0,0,0,0,0,0,0,0,0,0,0,0,0,0,0,0,0,0,0,0,0,0,0,0,0,0,0,0,0,0,0,0,0,0,0,0,0,0,0,0,0,0,0,0,0,0,0,0,0,0,0,0,0,0,0,0,0,0,0,0,0,0,0,0,0,0,0,0,0,0,0,0,0,0,0,0,0,0,0,0,0,0,0,0,0,0,0,0,0
166,16,300,8,57,2,14,2,17,1,1,0,17,0,2268,53,1,0,355,7,1,0,0,0,0,0,0,0,0,0,0,0,25,2,0,0,0,210,1526,4,9,0,1,0,0,0,19,23,130,6,2,1,11,5,2,8,0,9,0,0,154,2,198,5,20,1,20,0,12,1,2645,17,928,23,146,7,85,1,25,0,0,0,5,0,31,3,2,0,9,7,0,0,0,1,0,2,1,0,2,0,1,0,0,0,0,0,3,1,0,2,0,1,3,0,0,0,0,0,0,0,0,0,3,0,6,0,32,2,39,1,9,0,1,0,10,1,7,0,0,0,2,0,2,1,24,0,7,0,3,0,2,2,6,2,530,27,0,0,1,0,0,1,0,0,1,0,2,0,0,0
202,32,168,72,134,39,37,6,19,13,0,1,18,1,336,1800,0,0,29,763,0,0,0,0,0,0,0,0,0,0,0,0,25,21,0,0,210,0,13,949,3,1,0,0,1,0,15,79,22,53,2,4,7,11,6,4,0,0,1,0,257,48,54,142,16,0,18,2,5,2,137,2389,328,318,141,230,112,26,26,2,0,0,6,4,21,5,2,0,8,3,0,0,0,0,0,1,0,1,1,0,0,0,0,2,0,0,2,0,0,0,0,0,0,0,1,0,0,0,0,0,1,0,3,0,4,0,45,2,21,4,13,1,1,0,21,1,6,0,1,0,1,0,1,0,26,1,2,0,2,0,1,0,5,199,62,1022,0,0,0,1,1,0,2,1,2,0,1,0,0,0
12,1,5,0,2,0,2,0,0,0,0,0,6,0,14,0,1,0,2,0,0,0,0,0,0,0,0,0,0,0,0,0,48,5,0,0,1526,13,0,46,75,15,14,3,0,0,361,91,212,35,85,12,51,22,87,27,6,9,2,1,17,4,33,3,19,3,15,8,32,11,1063,95,2,0,20,2,72,14,15,1,0,0,40,4,123,23,0,0,92,24,0,0,18,2,0,0,2,1,4,0,0,0,0,0,0,0,2,2,1,0,1,1,0,0,0,0,0,0,0,1,1,0,8,0,4,0,13,4,51,10,14,0,3,0,11,0,0,0,0,2,2,2,5,4,35,4,8,0,11,1,0,0,0,0,0,0,0,0,0,0,1,0,3,0,0,0,0,0,0,0
0,3,0,1,1,0,0,0,0,0,0,0,1,0,1,0,0,0,0,1,0,0,0,0,0,0,0,0,0,0,0,0,2,16,0,0,4,949,46,0,5,114,1,3,0,0,55,419,23,122,8,45,11,54,7,48,1,35,2,15,1,0,3,4,0,2,0,15,1,9,38,1196,0,0,0,0,5,22,0,8,0,0,5,13,10,37,0,0,12,46,0,0,1,11,0,0,0,0,0,1,0,0,0,0,0,0,0,0,0,0,0,0,0,0,0,0,0,0,0,0,0,0,0,0,1,0,0,4,2,14,0,0,0,0,1,0,0,0,0,1,0,0,1,4,3,5,0,0,1,2,0,0,0,0,0,1,0,0,0,0,0,0,0,1,0,0,0,0,0,1
26,0,22,1,19,0,9,0,30,0,5,0,8,0,8,3,31,0,0,0,0,0,0,0,0,0,0,0,5,0,0,0,276,0,0,0,9,3,75,5,0,3,509,1,964,0,35,4,14,0,199,2,6,0,20,4,16,0,422,0,41,2,15,5,9,1,17,2,2,1,71,20,11,1,109,1,1041,2,416,3,0,0,6,3,352,1,376,0,389,3,323,0,570,0,3,2,4,3,31,6,12,3,1,2,4,1,25,14,17,13,13,18,2,4,0,0,0,0,1,9,33,0,21,0,19,0,123,3,60,3,27,1,16,0,87,2,13,0,55,0,37,0,65,1,531,0,4,0,3,2,0,0,1,0,1,1,138,1,5,0,18,0,76,1,12,1,5,2,3,0
0,1,0,0,0,0,0,0,0,0,0,0,0,0,0,0,0,16,0,0,0,0,0,1,0,0,0,0,0,0,0,0,0,163,0,0,0,1,15,114,3,0,3,411,0,974,58,35,26,8,12,148,7,12,9,35,2,54,0,798,0,1,0,1,0,0,0,2,0,9,53,273,0,0,0,14,1,416,0,384,0,0,1,12,1,230,0,934,2,430,0,130,1,347,1,1,1,1,2,29,2,2,1,1,1,4,7,11,5,9,1,6,2,0,2,1,0,1,0,0,0,0,0,0,0,8,1,98,0,139,0,4,0,3,0,5,0,4,0,289,0,21,0,154,0,339,0,13,0,10,0,0,0,0,0,0,0,220,1,4,0,11,1,234,0,2,2,3,2,2
2,0,1,0,0,0,0,0,0,0,0,0,1,0,2,0,2,15,0,0,0,0,28,0,1,0,0,0,6,0,0,0,16,1,0,0,1,0,14,1,509,3,0,0,323,0,33,0,4,0,847,0,0,1,4,0,6,0,1671,0,3,0,2,0,2,0,4,1,0,0,126,0,2,0,4,0,60,0,6,0,0,0,1,0,39,0,26,0,42,0,52,0,68,0,3,5,4,10,25,2,19,4,7,4,7,4,73,16,45,10,14,8,0,1,0,0,0,2,1,1,1,0,0,0,1,0,8,1,8,3,8,0,1,0,8,0,0,0,1,1,4,0,5,0,20,0,0,0,0,0,0,0,0,0,0,0,7,1,16,3,4,6,2,4,1,0,2,1,1,2
0,0,0,0,0,0,0,0,0,0,0,0,0,0,0,0,0,3,0,0,0,0,0,1,0,0,0,0,0,0,0,0,0,25,0,0,0,0,3,3,1,411,0,0,0,579,9,22,0,6,0,955,1,3,0,6,0,15,0,1708,0,0,0,1,0,0,0,0,0,1,0,149,0,0,0,0,0,54,0,52,0,0,0,1,0,24,0,256,0,148,0,241,0,77,0,5,0,6,0,27,2,15,0,2,0,5,3,13,3,4,0,1,0,0,0,0,0,0,1,0,0,0,0,0,0,1,0,9,0,36,0,0,0,0,0,0,0,0,0,59,0,1,0,8,0,3,0,1,0,1,0,0,0,0,0,0,0,0,1,0,0,0,0,5,0,1,1,0,0,0
0,0,27,0,39,0,1,0,29,0,60,0,0,0,1,0,154,0,3,0,6,0,2,0,15,0,0,0,48,0,0,0,357,0,0,0,0,1,0,0,964,0,323,0,0,0,0,0,0,0,1,0,0,0,0,0,0,0,71,0,2,0,0,1,0,0,0,0,0,0,0,0,0,0,55,0,715,0,65,1,0,0,0,0,3,0,197,0,56,0,125,0,60,0,0,1,1,0,3,0,0,0,0,0,0,0,1,0,2,1,0,0,1,1,0,0,0,0,0,0,0,0,0,0,2,0,6,0,2,0,2,0,9,0,7,0,0,0,3,0,0,0,1,0,4,1,0,0,0,0,2,0,1,2,0,0,303,0,0,1,2,1,7,0,2,0,0,1,1,0
0,0,0,3,0,0,0,0,0,0,0,0,0,0,0,0,0,69,0,3,0,3,0,16,0,0,0,0,0,0,0,0,0,34,0,0,0,0,0,0,0,974,0,579,0,0,1,0,0,0,0,3,0,0,0,1,0,1,0,196,0,0,0,0,0,0,0,0,0,0,0,1,0,0,0,18,0,211,0,27,0,0,0,0,0,18,0,688,0,60,0,100,0,88,0,1,0,0,0,2,0,0,0,0,0,0,1,1,0,0,0,0,0,0,0,0,0,0,0,1,0,0,0,0,0,2,0,8,0,1,0,1,0,0,0,0,0,0,0,1,0,0,0,2,0,1,0,0,0,0,0,0,0,0,0,0,0,333,0,0,0,3,0,5,0,0,0,0,0,0
2,1,2,2,1,2,0,0,0,1,0,0,3,2,4,1,0,0,0,0,0,0,0,0,0,0,0,0,0,0,0,0,48,41,0,0,19,15,361,55,35,58,33,9,0,1,0,559,3025,256,2560,428,1479,103,1495,166,869,138,110,69,26,3,24,7,26,5,6,10,6,32,2317,193,1,0,3,1,40,61,9,16,0,0,42,16,169,94,1,1,359,224,0,0,74,52,1,1,1,0,1,0,0,0,0,1,0,0,0,2,2,2,2,0,0,0,0,0,0,0,0,0,1,0,1,0,2,0,2,2,13,14,0,0,0,0,5,0,0,0,0,13,1,0,2,16,23,10,2,0,1,4,0,0,0,0,0,0,1,0,0,0,1,0,0,3,0,0,0,0,0,0
0,1,0,0,0,0,0,0,0,0,0,0,0,0,1,0,0,0,0,0,0,0,0,0,0,0,0,0,0,0,0,0,0,17,0,0,23,79,91,419,4,35,0,22,0,0,559,0,114,1929,21,3123,24,441,8,582,1,627,2,251,0,1,2,0,0,0,0,4,1,7,180,2184,0,0,0,0,1,25,0,3,0,0,0,4,4,45,1,1,2,105,0,0,0,30,0,0,0,0,0,0,0,0,0,0,0,0,0,1,0,1,0,0,0,0,0,0,0,0,0,0,0,0,0,0,0,0,0,1,1,1,0,0,0,0,0,0,0,0,0,7,0,0,0,4,0,5,0,0,0,0,0,0,0,0,0,0,0,0,0,0,0,0,0,1,0,0,0,0,0,0
46,1,11,0,11,0,3,0,1,0,0,0,7,2,18,0,0,0,1,1,0,0,0,0,0,0,0,0,0,0,0,0,25,18,0,0,130,22,212,23,14,26,4,0,0,0,3025,114,0,324,55,27,2905,54,762,96,32,33,11,13,62,2,317,5,80,4,34,7,24,17,2257,126,9,3,5,0,38,41,13,9,0,0,23,7,67,49,0,0,123,98,0,0,19,15,0,0,0,0,1,0,0,0,0,0,1,0,0,0,1,2,1,1,0,1,1,0,0,0,0,1,1,0,2,0,5,1,9,1,36,10,8,0,0,0,7,2,0,0,0,7,1,0,4,4,12,4,4,1,5,0,0,0,0,0,0,0,0,0,0,0,0,0,1,0,1,0,0,0,1,0
0,4,0,4,0,1,0,0,0,1,0,0,0,0,1,15,0,0,0,1,0,0,0,0,0,0,0,0,0,0,0,0,1,27,0,0,6,53,35,122,0,8,0,6,0,0,256,1929,324,0,10,75,25,2802,12,1017,3,58,3,21,4,6,1,95,1,23,2,15,5,91,63,1875,3,6,2,4,6,41,2,9,0,0,5,16,9,53,0,0,13,159,0,0,2,38,0,0,0,0,0,0,0,0,0,0,0,0,0,0,0,0,0,0,1,0,0,0,0,0,0,0,0,0,0,0,0,1,1,8,0,17,0,0,0,0,1,0,0,0,0,6,1,3,0,8,2,5,1,1,0,1,0,0,0,0,0,0,0,0,0,0,0,0,0,1,1,0,0,0,0,0
2,0,1,0,0,0,1,0,2,0,0,0,2,0,2,0,0,0,0,0,0,0,0,0,0,0,0,0,0,0,0,0,77,3,0,0,2,2,85,8,199,12,847,0,1,0,2560,21,55,10,0,9,52,5,740,2,1746,2,1624,0,7,0,3,1,4,0,5,2,4,1,1229,21,1,0,30,2,124,9,15,2,0,0,30,1,229,13,15,0,424,6,0,0,158,0,111,2,2,0,61,0,121,0,190,0,2,0,2,1,7,1,2,1,0,13,18,1,0,0,0,1,1,0,1,0,4,0,4,2,12,5,1,1,1,0,3,1,1,1,1,1,5,0,10,2,34,0,1,0,3,0,0,0,0,0,0,0,0,0,0,0,1,0,1,0,0,1,1,0,13,0
0,0,0,0,0,0,0,0,0,0,0,0,0,0,0,0,0,0,0,0,0,0,0,0,0,0,0,0,0,0,0,0,0,51,0,0,1,4,12,45,2,148,0,955,0,3,428,3123,27,75,9,0,4,57,0,209,1,386,0,1040,0,1,0,1,0,0,0,0,0,1,32,1003,0,0,0,3,0,118,0,24,0,0,1,14,1,118,1,0,0,246,0,0,1,116,0,69,0,11,0,37,3,60,9,941,0,1,1,8,3,4,1,1,4,24,17,300,6,0,2,0,0,0,0,0,0,3,1,10,1,100,0,3,0,0,0,10,0,2,0,44,0,26,1,24,1,23,0,1,0,0,0,0,0,0,0,0,0,1,0,2,0,0,0,7,0,9,0,0,24,0
18,1,2,1,1,0,2,0,0,0,0,0,1,0,0,0,0,0,0,0,0,0,0,0,0,0,0,0,0,0,0,0,13,9,0,0,11,7,51,11,6,7,0,1,0,0,1479,24,2905,25,52,4,0,22,3996,29,58,7,10,6,55,3,1059,3,137,2,21,3,28,6,497,38,2,0,2,1,22,9,5,3,0,0,14,4,47,27,0,0,145,47,0,0,32,6,0,0,1,0,0,0,0,0,0,0,0,0,0,0,0,0,0,0,0,0,0,0,0,0,0,0,0,0,0,0,0,0,4,4,8,5,5,0,0,0,3,0,1,0,0,1,3,2,1,3,5,2,0,0,0,0,0,0,0,0,0,0,0,1,0,0,2,0,0,0,0,0,1,0,0,0
0,22,0,9,0,5,0,2,0,0,0,0,0,0,0,5,0,0,0,0,0,0,0,0,0,0,0,0,0,0,0,0,1,42,0,0,5,11,22,54,0,12,1,3,0,0,103,441,54,2802,5,57,22,0,4,3108,0,102,0,38,0,27,2,804,1,130,2,31,1,506,54,774,0,2,0,2,1,59,0,10,0,0,1,22,4,99,0,1,10,298,0,0,2,65,0,0,0,0,0,0,0,0,0,0,0,0,1,0,0,0,0,0,0,0,0,0,0,0,0,0,0,0,0,0,0,0,0,5,2,24,0,0,0,0,0,1,0,1,0,3,0,2,0,9,1,9,0,3,0,0,0,0,0,0,0,0,0,0,0,0,0,0,0,0,0,0,0,0,0,0
49,1,6,0,2,0,0,0,2,0,0,0,2,0,0,0,0,0,0,0,0,0,0,0,0,0,0,0,0,0,0,0,38,14,0,0,2,6,87,7,20,9,4,0,0,0,1495,8,762,12,740,0,3996,4,0,9,2604,4,223,1,174,1,938,5,1375,2,63,4,1273,11,194,34,2,0,2,0,56,12,8,4,0,0,49,2,222,18,6,0,3183,23,0,0,350,1,2,2,1,1,2,0,0,0,0,0,0,0,0,0,0,0,0,3,0,0,0,0,0,0,0,0,0,0,1,0,0,0,7,3,19,7,7,0,1,0,3,0,1,0,0,2,0,0,3,2,14,0,3,0,4,0,0,0,0,0,0,0,0,0,1,0,1,0,1,1,0,0,0,1,1,0
1,15,0,10,0,5,0,1,0,0,0,0,0,1,0,12,0,0,0,0,0,0,0,0,0,0,0,0,0,0,0,0,2,90,0,0,8,4,27,48,4,35,0,6,0,1,166,582,96,1017,2,209,29,3108,9,0,3,1145,2,170,0,15,0,178,0,44,1,21,0,985,68,303,0,7,0,3,1,112,0,17,0,0,0,37,1,262,0,3,3,1832,0,0,2,249,0,0,0,0,0,1,0,0,0,0,0,0,0,1,0,0,0,0,0,0,0,0,0,0,0,0,0,0,0,0,0,0,1,5,1,25,0,1,0,0,0,1,0,0,0,21,0,4,0,7,1,11,0,0,0,4,0,0,0,0,0,0,0,0,0,0,0,0,0,2,0,0,0,0,0,0
0,1,0,0,0,0,0,0,0,0,0,0,2,0,0,0,0,0,0,0,0,0,0,0,0,0,0,0,0,0,0,0,26,2,0,0,0,0,6,1,16,2,6,0,0,0,869,1,32,3,1746,1,58,0,2604,3,0,0,1636,0,10,1,0,0,9,0,3,0,1,5,30,8,0,0,0,0,14,4,3,1,0,0,20,0,74,7,4,0,363,3,0,0,893,0,0,0,0,0,2,0,0,0,0,0,0,0,0,0,0,0,0,0,0,0,0,0,0,0,0,0,1,0,0,0,0,0,1,0,4,2,1,0,0,0,2,0,0,0,1,2,2,0,0,2,6,0,1,0,0,0,0,0,0,0,0,0,0,0,0,0,0,0,0,0,0,0,0,0,0,0
0,0,0,3,0,0,0,0,0,0,0,0,0,0,0,0,0,0,0,0,0,0,0,0,0,0,0,0,0,0,0,0,1,22,0,0,9,0,9,35,0,54,0,15,0,1,138,627,33,58,2,386,7,102,4,1145,0,0,0,1937,0,0,0,1,0,0,0,0,0,2,44,90,0,0,0,0,0,51,0,3,0,0,0,10,0,77,0,0,1,311,0,0,0,1108,0,0,0,0,1,0,0,0,0,0,0,0,0,1,0,0,0,0,0,0,0,0,0,0,0,0,0,0,0,0,0,0,0,0,0,1,0,0,0,0,0,0,0,0,0,4,0,0,0,9,0,5,0,1,0,0,0,0,0,0,0,0,0,0,0,1,0,1,0,0,0,0,0,0,0,0
1,0,3,0,5,0,0,0,5,0,0,0,0,0,1,0,0,0,0,0,0,0,0,0,0,0,0,0,1,0,0,0,96,0,0,0,0,1,2,2,422,0,1671,0,71,0,110,2,11,3,1624,0,10,0,223,2,1636,0,0,0,2,0,2,0,5,0,1,0,3,1,58,1,0,0,1,0,104,1,5,1,0,0,6,4,183,0,258,0,434,3,361,0,2633,0,61,0,0,0,1,0,1,0,90,0,0,1,0,1,0,0,0,0,0,0,0,0,0,0,0,1,0,0,0,0,0,0,0,0,2,0,0,0,0,0,1,0,0,0,4,0,3,0,7,0,9,1,0,1,0,0,0,0,0,0,0,0,1,0,1,0,0,0,1,0,0,0,0,0,0,0
0,0,0,0,0,0,0,0,0,0,0,0,0,0,0,0,0,0,0,0,0,0,0,0,0,0,0,0,0,0,0,0,0,98,0,0,0,0,1,15,0,798,0,1708,0,196,69,251,13,21,0,1040,6,38,1,170,0,1937,0,0,0,0,0,0,0,0,0,0,0,0,12,142,0,0,1,0,0,179,0,9,0,0,0,2,0,182,0,446,0,815,0,545,1,2553,0,17,0,0,0,1,0,3,0,100,0,0,1,0,0,0,0,0,0,0,0,1,2,0,0,0,0,0,0,0,0,0,0,1,0,3,0,0,0,0,0,1,0,0,0,21,0,0,0,10,0,13,0,0,0,1,0,0,0,0,0,0,0,0,0,0,0,1,0,0,0,0,0,0,0,0
5848,23,216,23,155,4,529,4,85,3,0,0,866,0,151,129,0,0,2,3,0,0,0,0,0,0,0,0,0,0,0,0,111,3,0,0,154,257,17,1,41,0,3,0,2,0,26,0,62,4,7,0,55,0,174,0,10,0,2,0,0,4,1495,12,2247,0,2418,2,224,0,606,21,1053,31,472,21,586,1,178,0,0,0,102,0,870,1,8,0,494,1,0,0,35,0,2,3,0,1,4,1,1,1,0,1,1,1,3,5,4,6,5,5,5,1,1,0,0,1,0,0,6,0,2,0,16,0,291,0,119,4,65,0,5,0,92,1,13,0,1,0,3,0,7,0,68,0,20,0,10,0,0,0,0,0,18,11,1,0,1,0,6,0,7,0,2,2,3,1,2,0
3,5093,0,250,0,298,1,113,0,55,0,0,1,707,0,239,0,0,0,1,0,0,0,0,0,0,0,0,0,0,0,0,3,514,0,0,2,48,4,0,2,1,0,0,0,0,3,1,2,6,0,1,3,27,1,15,1,0,0,0,4,0,6,1524,2,772,2,2119,6,349,10,532,6,966,1,146,5,374,0,1,0,0,2,3,3,98,0,0,1,110,0,0,0,0,0,0,0,0,0,0,0,0,0,0,0,0,0,0,0,0,0,0,0,0,0,0,0,0,0,0,1,0,1,0,0,1,0,5,2,12,2,0,0,0,0,1,0,1,0,2,0,0,0,0,1,0,0,1,0,2,0,0,0,0,0,0,0,0,0,0,0,1,0,0,0,0,0,0,0,0
304,1,44,3,17,1,18,0,8,0,1,0,12,0,45,5,1,0,1,3,0,0,0,0,0,0,0,0,0,0,0,0,12,4,0,0,198,54,33,3,15,0,2,0,0,0,24,2,317,1,3,0,1059,2,938,0,0,0,2,0,1495,6,0,8,3575,0,92,2,333,2,2610,21,180,17,54,4,63,3,37,0,0,0,7,1,21,2,0,0,26,0,0,0,2,0,0,1,1,0,1,0,1,0,0,0,0,0,1,4,0,1,0,6,2,1,0,0,0,0,0,0,1,0,2,0,7,1,75,0,37,5,20,0,1,0,18,0,3,0,0,1,3,0,0,0,9,0,4,0,3,0,0,0,0,0,1,1,0,1,0,0,1,0,6,0,1,0,1,0,2,0
4,199,3,92,3,32,0,6,0,7,0,0,2,3,2,137,0,0,0,1,0,0,0,0,0,0,0,0,0,0,0,0,9,279,0,0,5,142,3,4,5,1,0,1,1,0,7,0,5,95,1,1,3,804,5,178,0,1,0,0,12,1524,8,0,6,1741,6,303,5,1237,14,1540,3,117,7,36,9,62,3,4,0,0,5,8,13,16,0,0,7,37,0,0,2,0,0,0,0,0,0,0,0,0,0,0,0,0,0,0,0,0,0,1,0,0,0,0,0,0,0,0,0,0,2,0,1,1,2,16,6,24,4,1,0,0,2,2,1,1,0,1,0,0,0,2,5,0,1,1,0,0,0,0,0,0,1,0,0,0,0,0,0,0,0,1,0,0,0,0,0,0
127,1,11,0,3,0,8,0,6,0,0,0,7,0,3,0,0,0,0,0,0,0,0,0,0,0,0,0,0,0,0,0,7,2,0,0,20,16,19,0,9,0,2,0,0,0,26,0,80,1,4,0,137,1,1375,0,9,0,5,0,2247,2,3575,6,0,1,1336,1,2114,1,120,10,5,3,29,3,49,2,24,0,0,0,5,0,76,2,0,1,212,1,0,0,15,0,0,0,0,0,2,0,1,0,0,0,0,0,1,1,1,1,0,1,0,0,0,0,0,0,0,0,0,0,1,0,0,0,33,1,22,2,13,0,1,0,4,0,1,0,0,0,1,0,1,0,6,0,1,0,0,0,0,0,0,0,0,0,0,0,0,0,0,0,1,0,1,0,0,0,0,0
0,138,0,56,0,31,0,3,0,5,0,0,0,3,0,12,0,0,0,0,0,0,0,0,0,0,0,0,0,0,0,0,0,89,0,0,1,0,3,2,1,0,0,0,0,0,5,0,4,23,0,0,2,130,2,44,0,0,0,0,0,772,0,1741,1,0,0,1757,1,1502,3,169,0,4,0,8,3,31,1,6,0,0,2,6,6,34,0,0,2,68,0,0,0,0,0,0,0,0,0,0,0,0,0,0,0,0,0,0,0,0,0,0,0,0,0,0,0,0,0,0,0,0,0,0,0,0,0,5,0,17,0,2,0,0,0,0,0,0,0,0,0,0,0,0,1,0,0,0,0,0,0,0,0,0,0,0,0,0,0,0,1,0,0,0,0,0,0,1,0,0
194,2,19,3,26,1,36,0,4,0,0,0,266,0,5,2,0,0,0,0,0,0,0,0,0,0,0,0,0,0,0,0,37,2,0,0,20,18,15,0,17,0,4,0,0,0,6,0,34,2,5,0,21,2,63,1,3,0,1,0,2418,2,92,6,1336,0,0,0,839,1,65,11,5,3,49,5,116,0,37,0,0,0,25,0,1364,0,0,0,560,1,0,0,6,0,0,1,0,0,3,0,1,0,1,0,0,1,3,0,0,3,0,2,1,1,0,0,0,0,1,0,0,0,5,0,3,0,49,1,70,2,26,0,4,0,12,1,3,0,0,0,4,0,0,0,21,0,6,0,2,0,0,0,0,0,0,1,0,0,1,0,5,0,1,0,2,0,0,2,1,0
0,674,0,55,0,159,0,144,0,52,0,0,1,632,0,7,0,0,0,2,0,0,0,0,0,0,0,0,0,0,0,0,6,151,0,0,0,2,8,15,2,2,1,0,0,0,10,4,7,15,2,0,3,31,4,21,0,0,0,0,2,2119,2,303,1,1757,0,0,3,638,9,48,0,3,2,22,5,144,3,2,0,0,2,34,7,796,0,0,7,197,0,0,1,1,0,0,0,0,0,0,0,0,0,0,0,0,0,0,0,0,0,0,0,0,0,0,0,0,0,0,0,0,0,0,0,0,0,6,1,27,1,0,0,0,0,2,0,0,0,0,0,1,1,4,0,0,0,3,1,0,0,0,0,0,0,0,0,0,0,0,0,0,0,0,0,0,0,0,0,0
135,2,9,2,10,0,1,1,0,0,0,0,4,0,4,0,0,0,0,0,0,0,0,0,0,0,0,0,1,0,0,0,4,5,0,0,12,5,32,1,2,0,0,0,0,0,6,1,24,5,4,0,28,1,1273,0,1,0,3,0,224,6,333,5,2114,1,839,3,0,1,47,13,2,2,9,4,12,0,4,0,0,0,7,2,185,1,0,0,1332,2,0,0,23,0,0,0,0,0,0,0,0,0,0,0,0,0,0,1,1,0,0,1,1,0,0,0,0,0,0,0,0,0,3,0,0,0,3,0,21,6,6,1,2,0,4,0,1,0,0,0,2,1,0,0,7,1,1,2,1,0,0,0,0,0,0,0,0,0,1,0,0,0,1,0,0,0,0,0,0,0
0,218,0,75,0,44,0,4,0,4,0,0,0,2,1,23,0,0,0,0,0,0,0,0,0,0,0,0,0,0,0,0,5,117,0,0,1,2,11,9,1,9,0,1,0,0,32,7,17,91,1,1,6,506,11,985,5,2,1,0,0,349,2,1237,1,1502,1,638,1,0,14,177,0,12,0,16,5,85,2,12,0,0,4,27,8,408,0,0,11,913,0,0,3,3,0,0,0,0,0,0,0,0,0,0,0,0,0,1,0,0,0,0,0,0,0,0,0,0,0,0,0,0,0,0,0,0,1,4,1,32,0,1,0,0,0,3,0,0,0,7,0,4,1,8,3,8,0,2,0,1,0,0,0,0,0,0,0,0,0,0,1,0,0,0,0,0,0,0,0,0
241,3,75,3,19,0,15,0,7,0,0,0,15,0,132,19,0,0,6,2,0,0,0,0,0,0,0,0,0,0,0,0,49,17,0,0,2645,137,1063,38,71,53,126,0,0,0,2317,180,2257,63,1229,32,497,54,194,68,30,44,58,12,606,10,2610,14,120,3,65,9,47,14,0,155,540,17,108,5,117,21,55,6,0,0,26,6,83,23,1,0,78,67,0,0,16,16,0,2,1,1,3,1,1,0,0,0,0,2,1,1,1,2,3,4,1,0,0,0,0,0,0,0,3,0,3,0,3,0,54,4,106,12,36,2,3,0,37,0,3,0,0,1,2,2,4,7,28,1,10,0,5,0,0,0,0,0,7,4,0,1,1,0,2,0,1,2,2,0,0,0,0,0
21,138,3,56,1,18,2,9,0,5,0,0,4,5,9,232,0,0,1,7,0,0,0,0,0,0,0,0,0,0,0,0,15,205,0,0,17,2389,95,1196,20,273,0,149,0,1,193,2184,126,1875,21,1003,38,774,34,303,8,90,1,142,21,532,21,1540,10,169,11,48,13,177,155,0,10,427,12,52,45,136,11,29,0,0,20,27,63,103,2,1,42,255,0,0,5,45,0,1,0,0,1,4,0,0,0,0,0,0,1,6,0,1,1,1,0,0,0,0,0,0,0,1,3,0,2,0,1,4,12,18,22,72,8,0,0,0,8,3,1,1,0,16,1,5,2,15,10,22,3,3,2,8,0,0,0,1,2,0,0,2,1,0,2,0,0,3,2,0,0,1,0,0
933,38,438,21,128,6,64,4,29,0,0,0,17,0,1758,141,0,0,3,1,0,0,0,0,0,0,0,0,0,0,0,0,27,0,0,0,928,328,2,0,11,0,2,0,0,0,1,0,9,3,1,0,2,0,2,0,0,0,0,0,1053,6,180,3,5,0,5,0,2,0,540,10,0,41,276,27,217,6,49,1,0,0,1,0,6,0,2,0,0,1,0,0,1,0,0,4,1,0,2,0,0,0,0,1,0,1,0,2,3,1,0,1,1,1,0,0,0,0,0,1,1,0,1,0,4,0,80,0,25,0,14,1,2,0,35,0,12,0,0,0,3,0,4,0,30,0,10,0,4,0,0,0,0,1,29,11,0,0,0,0,1,1,1,0,1,0,2,0,1,0
14,503,2,180,2,17,3,1,0,1,0,0,2,0,8,1143,0,0,0,0,0,0,0,0,0,0,0,0,0,0,0,0,0,37,0,0,23,318,0,0,1,0,0,0,0,0,0,0,3,6,0,0,0,2,0,7,0,0,0,0,31,966,17,117,3,4,3,3,2,12,17,427,41,0,8,109,5,18,0,0,0,0,0,0,1,1,0,0,0,6,0,0,0,1,0,0,0,0,0,0,0,0,0,0,0,0,0,0,0,0,0,0,0,0,0,0,0,0,0,0,0,0,0,0,1,0,4,0,0,0,2,0,1,0,0,0,1,0,0,0,0,0,0,0,2,0,0,0,2,0,0,0,0,0,3,1,0,0,0,0,0,0,0,0,0,0,0,0,0,0
449,21,1477,58,1728,29,190,2,668,7,295,2,32,1,292,96,107,261,254,81,24,12,6,10,44,1,2,0,85,0,0,0,228,2,0,0,146,141,20,0,109,0,4,0,55,0,3,0,5,2,30,0,2,0,2,0,0,0,1,1,472,1,54,7,29,0,49,2,9,0,108,12,276,8,0,83,2458,9,907,2,0,0,5,0,34,0,21,0,17,1,0,0,2,0,5,2,0,0,14,2,7,0,1,0,0,1,6,8,6,9,5,6,12,2,1,0,0,0,0,3,26,0,32,0,268,0,615,0,221,3,138,0,40,1,534,49,77,0,5,0,14,0,18,1,345,0,79,0,32,0,23,52,53,47,122,67,222,4,11,2,5,1,44,1,28,2,8,3,6,0
12,423,56,1318,28,1703,3,314,4,824,1,11,1,44,30,913,14,88,14,709,10,163,3,26,1,3,0,4,0,1,0,0,1,243,0,0,7,230,2,0,1,14,0,0,0,18,1,0,0,4,2,3,1,2,0,3,0,0,0,0,21,146,4,36,3,8,5,22,4,16,5,52,27,109,83,0,12,1580,2,236,0,0,0,0,3,21,0,0,0,23,0,0,1,0,1,0,0,0,0,1,0,0,0,0,0,0,1,2,0,0,0,0,1,0,0,0,0,0,0,0,0,8,1,0,1,81,4,326,1,183,0,32,0,7,3,26,0,17,0,9,0,9,0,25,2,34,0,8,0,9,1,35,7,60,53,195,3,199,0,0,0,7,0,15,1,0,1,0,1,0
474,15,867,14,987,4,297,3,718,2,371,0,175,0,249,74,249,5,56,16,24,1,12,1,37,0,4,0,158,0,0,0,2515,8,0,0,85,112,72,5,1041,1,60,0,715,0,40,1,38,6,124,0,22,1,56,1,14,0,104,0,586,5,63,9,49,3,116,5,12,5,117,45,217,5,2458,12,0,7,2885,3,0,0,29,5,275,10,123,0,162,8,26,0,173,0,1,0,3,2,36,3,9,2,1,0,1,1,12,7,8,12,9,12,5,6,0,2,0,0,1,4,9,0,7,0,144,0,257,4,153,14,63,1,55,0,187,17,40,0,11,1,38,2,33,0,185,0,22,0,12,1,3,2,10,22,46,28,683,1,8,3,16,1,47,4,22,4,7,2,2,2
1,283,9,363,4,572,0,337,1,710,0,204,1,161,3,65,1,96,2,276,0,142,1,38,0,19,0,7,0,21,0,0,3,2532,0,0,1,26,14,22,2,416,0,54,0,211,61,25,41,41,9,118,9,59,12,112,4,51,1,179,1,374,3,62,2,31,0,144,0,85,21,136,6,18,9,1580,7,0,4,496,0,0,3,43,13,322,0,34,10,204,1,1,5,106,0,1,0,3,0,5,0,3,1,1,0,1,1,7,1,5,1,0,1,0,1,0,0,0,0,0,0,0,0,0,1,62,5,1144,6,844,0,115,0,2,0,36,0,11,0,92,0,37,1,92,1,50,0,22,0,4,1,7,0,33,8,62,0,817,0,0,0,2,0,24,0,1,0,0,1,0
98,2,166,2,205,2,47,0,124,0,21,0,25,0,65,12,41,0,22,3,1,0,0,0,0,0,0,0,2,0,0,0,83,1,0,0,25,26,15,0,416,0,6,0,65,0,9,0,13,2,15,0,5,0,8,0,3,0,5,0,178,0,37,3,24,1,37,3,4,2,55,11,49,0,907,2,2885,4,0,5,0,0,10,0,33,0,4,0,15,1,0,0,3,0,3,9,3,8,39,2,11,3,1,3,3,5,14,18,20,15,17,20,13,6,0,0,0,1,1,5,4,0,2,0,95,0,114,1,48,4,68,0,24,0,209,11,40,0,0,0,6,0,8,0,56,0,20,1,6,0,0,0,0,2,12,12,147,0,22,2,43,5,195,7,48,2,8,4,12,5
0,1,0,1,0,0,0,1,0,0,0,0,0,0,0,0,0,11,0,2,0,0,0,0,0,0,0,0,0,0,0,0,3,13,0,0,0,2,1,8,3,384,0,52,1,27,16,3,9,9,2,24,3,10,4,17,1,3,1,9,0,1,0,4,0,6,0,2,0,12,6,29,1,0,2,236,3,496,5,0,0,0,0,9,1,19,0,0,3,30,0,0,1,2,0,7,3,7,6,25,9,3,1,4,3,5,8,23,13,12,4,4,7,3,3,1,0,0,2,5,1,0,0,0,0,239,0,672,0,141,0,88,0,9,2,64,0,14,0,21,1,20,0,48,0,65,0,27,0,2,0,0,0,0,0,0,0,465,2,25,0,58,1,501,1,8,3,7,7,2
0,0,0,0,0,0,0,0,0,0,0,0,0,0,0,0,0,0,0,0,0,0,0,0,0,0,0,0,0,0,0,0,0,0,0,0,0,0,0,0,0,0,0,0,0,0,0,0,0,0,0,0,0,0,0,0,0,0,0,0,0,0,0,0,0,0,0,0,0,0,0,0,0,0,0,0,0,0,0,0,0,0,0,0,0,0,0,0,0,0,0,0,0,0,0,0,0,0,0,0,0,0,0,0,0,0,0,0,0,0,0,0,0,0,0,0,0,0,0,0,0,0,0,0,0,0,0,0,0,0,0,0,0,0,0,0,0,0,0,0,0,0,0,0,0,0,0,0,0,0,0,0,0,0,0,0,0,0,0,0,0,0,0,0,0,0,0,0,0,0
0,0,0,0,0,0,0,0,0,0,0,0,0,0,0,0,0,0,0,0,0,0,0,0,0,0,0,0,0,0,0,0,0,0,0,0,0,0,0,0,0,0,0,0,0,0,0,0,0,0,0,0,0,0,0,0,0,0,0,0,0,0,0,0,0,0,0,0,0,0,0,0,0,0,0,0,0,0,0,0,0,0,0,0,0,0,0,0,0,0,0,0,0,0,0,0,0,0,0,0,0,0,0,0,0,0,0,0,0,0,0,0,0,0,0,0,0,0,0,0,0,0,0,0,0,0,0,0,0,0,0,0,0,0,0,0,0,0,0,0,0,0,0,0,0,0,0,0,0,0,0,0,0,0,0,0,0,0,0,0,0,0,0,0,0,0,0,0,0,0
17,0,1,0,3,1,13,0,0,0,0,0,353,0,0,1,0,0,0,0,0,0,0,0,0,0,0,0,0,0,0,0,104,2,0,0,5,6,40,5,6,1,1,0,0,0,42,0,23,5,30,1,14,1,49,0,20,0,6,0,102,2,7,5,5,2,25,2,7,4,26,20,1,0,5,0,29,3,10,0,0,0,0,1,402,2,2,0,53,1,0,0,2,0,0,1,0,0,0,0,0,0,0,0,0,0,0,0,0,0,0,0,0,0,0,0,0,0,0,0,1,0,0,0,0,0,8,0,23,6,4,0,1,0,5,1,0,0,0,1,1,0,3,1,15,1,3,0,2,0,0,0,0,0,0,0,0,0,0,0,1,0,1,0,0,0,0,0,0,0
0,7,0,1,0,2,0,3,0,0,0,0,0,32,0,0,0,0,0,0,0,0,0,0,0,0,0,0,0,0,0,0,4,38,0,0,0,4,4,13,3,12,0,1,0,0,16,4,7,16,1,14,4,22,2,37,0,10,4,2,0,3,1,8,0,6,0,34,2,27,6,27,0,0,0,0,5,43,0,9,0,0,1,0,2,425,0,0,9,68,0,0,1,5,0,0,0,0,0,1,0,0,0,0,0,0,0,0,0,0,0,0,0,0,0,0,0,0,0,0,0,0,0,0,0,0,1,3,1,5,0,1,0,0,1,1,0,1,0,4,0,1,0,7,1,2,0,0,0,0,0,0,0,0,0,0,0,0,0,0,0,0,0,0,0,0,0,0,0,0
336,3,13,4,37,1,165,0,26,1,0,0,1496,1,7,7,0,0,0,0,0,0,0,0,0,0,0,0,0,0,0,0,202,9,0,0,31,21,123,10,352,1,39,0,3,0,169,4,67,9,229,1,47,4,222,1,74,0,183,0,870,3,21,13,76,6,1364,7,185,8,83,63,6,1,34,3,275,13,33,1,0,0,402,2,0,17,790,0,5887,5,2,0,297,1,0,1,0,0,5,1,1,0,1,0,2,0,1,1,1,2,3,0,2,0,0,0,0,0,0,1,5,0,5,0,4,0,21,1,76,14,21,2,1,0,14,3,2,0,7,0,11,0,33,1,80,1,15,1,14,2,0,0,0,0,2,0,0,0,0,0,5,0,3,0,0,0,1,0,0,0
1,200,1,71,0,162,0,50,0,26,0,0,0,97,0,5,0,0,0,3,0,0,0,0,0,0,0,0,0,0,0,0,6,1084,0,0,3,5,23,37,1,230,0,24,0,18,94,45,49,53,13,118,27,99,18,262,7,77,0,182,1,98,2,16,2,34,0,796,1,408,23,103,0,1,0,21,10,322,0,19,0,0,2,425,17,0,0,1294,22,3381,0,6,7,196,0,0,0,0,0,2,1,1,0,0,0,0,1,1,0,0,0,1,0,1,0,0,0,0,0,0,0,0,0,0,0,1,0,4,3,32,0,0,0,0,2,0,0,1,0,24,0,4,0,36,3,24,0,1,0,1,0,0,0,0,0,0,0,2,0,1,0,0,0,0,0,0,0,0,0,0
11,0,17,3,21,0,377,1,133,0,41,0,369,0,4,2,3,0,0,0,0,0,0,0,4,0,0,0,19,0,0,0,419,0,0,0,2,2,0,0,376,0,26,0,197,0,1,1,0,0,15,1,0,0,6,0,4,0,258,0,8,0,0,0,0,0,0,0,0,0,1,2,2,0,21,0,123,0,4,0,0,0,2,0,790,0,0,0,624,1,485,0,401,0,0,0,0,0,0,0,0,0,0,0,0,0,0,0,0,0,0,0,0,0,0,0,0,0,0,0,0,0,0,0,0,0,4,0,2,0,0,0,1,0,2,0,0,0,1,0,0,0,0,0,4,0,0,0,0,0,0,0,1,0,1,2,0,0,0,0,0,0,1,1,0,0,0,0,0,0
0,0,0,0,0,0,0,0,0,0,0,0,0,0,0,0,0,0,0,0,0,0,0,0,0,0,0,0,0,0,0,0,0,109,0,0,0,0,0,0,0,934,0,256,0,688,1,1,0,0,0,0,0,1,0,3,0,0,0,446,0,0,0,0,1,0,0,0,0,0,0,1,0,0,0,0,0,34,0,0,0,0,0,0,0,1294,0,0,0,1053,0,961,0,586,0,0,0,0,0,0,0,0,0,0,0,0,0,0,0,0,0,0,0,0,0,0,0,0,0,0,0,0,0,0,0,0,0,0,0,0,0,0,0,0,0,0,0,0,0,2,0,0,0,0,0,1,0,0,0,0,0,0,0,0,0,0,0,0,0,0,0,0,0,0,0,0,0,0,0,0
123,1,10,2,12,1,7,1,9,0,3,0,21,0,4,3,4,0,0,1,0,0,0,0,1,0,0,0,2,0,0,0,144,20,0,0,9,8,92,12,389,2,42,0,56,0,359,2,123,13,424,0,145,10,3183,3,363,1,434,0,494,1,26,7,212,2,560,7,1332,11,78,42,0,0,17,0,162,10,15,3,0,0,53,9,5887,22,624,0,0,12,239,0,5001,0,0,0,0,0,0,0,0,0,0,0,1,0,0,0,0,1,0,0,1,0,1,0,0,0,0,0,1,0,1,0,4,1,5,2,22,13,10,1,0,0,4,1,4,0,2,3,0,1,4,3,32,0,3,0,2,0,0,0,0,0,1,0,0,0,0,0,1,0,1,0,1,0,0,0,0,0
4,218,0,144,0,78,0,5,1,2,0,0,0,3,0,23,0,0,0,0,0,0,0,0,0,0,0,0,0,0,0,0,5,269,0,0,7,3,24,46,3,430,0,148,0,60,224,105,98,159,6,246,47,298,23,1832,3,311,3,815,1,110,0,37,1,68,1,197,2,913,67,255,1,6,1,23,8,204,1,30,0,0,1,68,5,3381,1,1053,12,0,0,376,4,3696,0,2,0,0,0,2,0,1,0,0,0,0,0,1,1,0,1,0,0,0,0,0,0,0,0,0,1,0,0,0,0,1,0,5,2,24,1,0,0,0,0,0,0,0,1,17,0,4,1,18,1,16,1,0,0,2,0,0,0,0,0,0,0,1,0,0,0,0,0,0,0,1,0,1,0,0
0,0,3,0,2,0,1,0,8,0,2,0,0,0,0,0,0,0,0,0,0,0,0,0,1,0,0,0,0,0,0,0,45,0,0,0,0,0,0,0,323,0,52,0,125,0,0,0,0,0,0,0,0,0,0,0,0,0,361,0,0,0,0,0,0,0,0,0,0,0,0,0,0,0,0,0,26,1,0,0,0,0,0,0,2,0,485,0,239,0,0,0,2058,0,0,0,0,0,0,0,0,0,0,0,0,0,0,0,0,0,0,0,0,0,0,0,0,0,0,0,0,0,0,0,0,0,0,0,0,0,0,0,0,0,0,0,0,0,1,0,0,0,0,0,0,0,0,0,0,0,0,0,0,0,0,0,1,0,0,0,0,0,0,0,0,0,0,0,0,0
0,0,0,0,0,0,0,0,0,0,0,0,0,0,0,0,0,0,0,0,0,0,0,0,0,0,0,0,0,0,0,0,0,1,0,0,0,0,0,0,0,130,0,241,0,100,0,0,0,0,0,0,0,0,0,0,0,0,0,545,0,0,0,0,0,0,0,0,0,0,0,0,0,0,0,0,0,1,0,0,0,0,0,0,0,6,0,961,0,376,0,0,0,1384,0,0,0,0,0,0,0,0,0,0,0,0,0,0,0,0,0,0,0,0,0,0,0,0,0,0,0,0,0,0,0,0,0,0,0,0,0,0,0,0,0,0,0,0,0,0,0,0,0,0,0,0,0,0,0,0,0,0,0,0,0,0,0,0,0,0,0,0,0,0,0,0,0,0,0,0
9,1,12,0,12,0,0,0,12,0,5,0,0,0,0,0,2,0,2,0,0,0,0,0,0,0,0,0,4,0,0,0,195,0,0,0,0,0,18,1,570,1,68,0,60,0,74,0,19,2,158,1,32,2,350,2,893,0,2633,1,35,0,2,2,15,0,6,1,23,3,16,5,1,0,2,1,173,5,3,1,0,0,2,1,297,7,401,0,5001,4,2058,0,0,0,0,0,0,0,0,0,0,0,0,0,0,0,1,0,1,1,0,1,0,0,0,0,0,0,0,0,0,0,0,0,1,0,2,1,0,6,0,0,0,0,2,0,0,0,0,0,0,0,1,1,12,0,0,0,1,0,0,0,0,0,0,0,2,0,0,0,0,0,1,0,1,0,0,0,1,0
0,1,0,0,0,0,0,0,0,0,0,0,0,0,0,0,0,0,0,0,0,0,0,0,0,0,0,0,0,0,0,0,0,59,0,0,1,0,2,11,0,347,0,77,0,88,52,30,15,38,0,116,6,65,1,249,0,1108,0,2553,0,0,0,0,0,0,0,1,0,3,16,45,0,1,0,0,0,106,0,2,0,0,0,5,1,196,0,586,0,3696,0,1384,0,0,0,0,0,0,0,0,0,0,0,0,0,0,0,1,0,0,0,0,0,0,0,0,0,0,0,0,0,0,0,0,0,0,0,0,0,2,0,0,0,0,0,0,0,0,0,2,0,0,0,3,0,1,0,0,0,0,0,0,0,0,0,0,0,0,0,0,0,0,0,0,0,0,0,0,0,0
2,0,0,0,0,0,0,0,0,0,0,0,0,0,1,0,0,0,0,0,0,0,0,0,0,0,0,0,0,0,0,0,0,0,0,0,0,0,0,0,3,1,3,0,0,0,1,0,0,0,111,0,0,0,2,0,0,0,61,0,2,0,0,0,0,0,0,0,0,0,0,0,0,0,5,1,1,0,3,0,0,0,0,0,0,0,0,0,0,0,0,0,0,0,0,24,2671,20,63,11,657,20,2737,39,357,7,441,25,116,21,24,9,2,5,50,78,120,58,19,3,0,0,0,0,1,0,2,2,1,3,0,0,0,0,0,0,0,0,1,1,0,1,1,0,1,0,0,0,0,0,0,0,0,0,0,0,0,1,3,3,0,5,2,3,3,3,1,2,1,0
1,0,0,0,0,0,0,0,0,0,0,0,0,0,1,0,0,1,0,0,0,1,0,0,0,0,0,0,0,0,0,0,1,0,0,0,2,1,0,0,2,1,5,5,1,1,1,0,0,0,2,69,0,0,2,0,0,0,0,17,3,0,1,0,0,0,1,0,0,0,2,1,4,0,2,0,0,1,9,7,0,0,1,0,1,0,0,0,0,2,0,0,0,0,24,0,224,6336,11,220,42,482,25,7017,12,308,54,628,45,284,16,26,34,78,151,192,934,113,63,16,0,0,0,0,0,0,3,6,1,6,1,0,0,1,2,2,1,0,0,2,0,1,0,1,1,1,0,0,0,0,0,0,0,0,0,0,0,2,3,7,1,15,2,10,2,5,2,5,2,2
0,0,0,0,0,0,1,0,0,0,0,0,1,0,0,0,0,0,0,0,0,1,0,0,0,0,0,0,0,0,0,0,0,0,0,0,1,0,2,0,4,1,4,0,1,0,1,0,0,0,2,0,1,0,1,0,0,0,0,0,0,0,1,0,0,0,0,0,0,0,1,0,1,0,0,0,3,0,3,3,0,0,0,0,0,0,0,0,0,0,0,0,0,0,2671,224,0,749,64,16,568,23,771,68,2123,100,924,49,180,32,46,10,1,10,41,64,422,220,19,0,0,0,0,0,0,0,2,0,2,4,1,1,1,0,1,0,0,0,0,1,1,0,0,0,0,0,1,0,0,0,0,0,0,0,0,0,0,1,5,3,1,6,2,5,1,3,0,4,1,1
1,0,0,0,0,0,0,0,0,0,0,0,0,0,1,0,0,0,0,0,0,0,0,0,0,0,0,0,0,0,0,0,2,1,0,0,0,1,1,0,3,1,10,6,0,0,0,0,0,0,0,11,0,0,1,0,0,0,0,0,1,0,0,0,0,0,0,0,0,0,1,0,0,0,0,0,2,3,8,7,0,0,0,0,0,0,0,0,0,0,0,0,0,0,20,6336,749,0,9,192,51,303,29,645,12,2293,58,1988,43,214,9,14,22,48,115,58,580,560,44,11,0,0,0,0,0,2,5,2,2,8,0,1,0,0,1,0,1,0,0,1,1,0,0,1,3,0,0,0,0,0,0,0,0,0,0,0,0,1,2,8,1,11,3,15,0,7,2,2,2,4
3,0,2,0,4,0,1,0,0,0,0,0,0,0,0,0,0,0,0,0,0,0,0,0,0,0,0,0,0,0,0,0,5,0,0,0,2,1,4,0,31,2,25,0,3,0,1,0,1,0,61,0,0,0,2,0,2,1,1,0,4,0,1,0,2,0,3,0,0,0,3,1,2,0,14,0,36,0,39,6,0,0,0,0,5,0,0,0,0,0,0,0,0,0,63,11,64,9,0,17,338,26,63,18,42,5,153,26,508,33,27,10,25,238,148,30,15,26,7,161,1,0,1,0,5,1,30,4,33,3,29,4,7,1,49,4,9,0,4,1,15,0,19,1,46,2,6,0,4,0,0,0,0,0,1,0,1,0,17,5,5,5,21,7,57,7,6,6,88,1
0,0,0,0,1,0,0,0,0,0,0,0,0,0,0,0,0,0,0,0,0,0,0,0,0,0,0,0,0,0,0,0,0,1,0,0,0,0,0,1,6,29,2,27,0,2,0,0,0,0,0,37,0,0,0,1,0,0,0,1,1,0,0,0,0,0,0,0,0,0,1,4,0,0,2,1,3,5,2,25,0,0,0,1,1,2,0,0,0,2,0,0,0,0,11,220,16,192,17,0,42,921,9,165,4,50,25,234,26,92,6,12,18,72,293,21,12,18,17,4,0,0,0,0,0,4,5,27,4,74,0,8,0,2,0,6,0,2,0,7,0,9,1,10,1,6,1,1,0,1,0,0,0,0,0,0,0,10,4,13,1,13,2,19,3,6,2,7,49,0
2,0,2,0,0,0,1,0,0,0,0,0,0,0,1,0,0,0,0,0,0,0,0,0,0,0,0,0,0,0,0,0,0,0,0,0,1,0,0,0,12,2,19,2,0,0,0,0,0,0,121,3,0,0,0,0,0,0,1,0,1,0,1,0,1,0,1,0,0,0,1,0,0,0,7,0,9,0,11,9,0,0,0,0,1,1,0,0,0,0,0,0,0,0,657,42,568,51,338,42,0,113,1485,62,383,20,1093,62,451,52,61,15,42,238,1311,163,75,66,19,49,1,0,1,0,2,3,4,8,2,9,3,2,0,0,4,0,0,1,2,1,3,0,4,1,10,0,0,0,0,0,0,0,0,0,0,0,0,0,7,11,2,12,5,14,2,4,1,3,7,4
0,0,0,0,0,0,1,0,0,0,0,0,0,0,0,0,0,0,0,1,0,0,0,0,0,0,0,0,0,0,0,0,0,0,0,0,0,0,0,0,3,2,4,15,0,0,0,0,0,0,0,60,0,0,0,0,0,0,0,3,1,0,0,0,0,0,0,0,0,0,0,0,0,0,0,0,2,3,3,3,0,0,0,0,0,1,0,0,0,1,0,0,0,0,20,482,23,303,26,921,113,0,59,1883,13,52,38,117,28,200,7,11,82,99,1218,263,99,33,23,27,0,0,0,0,1,1,0,2,1,7,1,0,0,0,1,0,0,1,0,0,0,0,0,0,1,1,0,1,0,0,0,0,0,0,0,0,0,0,3,0,0,3,1,1,0,2,0,5,1,2
0,0,0,0,1,0,0,0,0,0,0,0,0,0,0,0,0,0,0,0,0,0,0,0,0,0,0,0,0,0,0,0,0,0,0,0,0,0,0,0,1,1,7,0,0,0,0,0,0,0,190,9,0,0,0,0,0,0,90,0,0,0,0,0,0,0,1,0,0,0,0,0,0,0,1,0,1,1,1,1,0,0,0,0,1,0,0,0,0,0,0,0,0,0,2737,25,771,29,63,9,1485,59,0,63,267,3,206,10,152,13,14,4,7,14,115,552,97,59,47,8,0,0,0,0,0,0,0,0,0,3,0,1,0,0,0,0,0,0,0,0,0,0,0,0,0,0,0,1,0,0,0,0,0,0,0,0,0,0,1,2,1,1,2,2,0,2,1,0,0,0
1,0,0,0,0,0,0,0,0,0,0,0,1,0,0,0,0,0,0,0,0,0,0,0,0,0,0,0,0,0,0,0,0,0,0,0,0,2,0,0,2,1,4,2,0,0,1,0,0,0,0,941,0,0,0,0,0,0,0,100,1,0,0,0,0,0,0,0,0,0,0,0,1,0,0,0,0,1,3,4,0,0,0,0,0,0,0,0,0,0,0,0,0,0,39,7017,68,645,18,165,62,1883,63,0,13,50,28,98,30,177,6,21,58,130,248,1533,661,60,73,14,0,0,1,0,0,1,2,4,0,3,0,0,0,0,1,1,0,1,0,1,0,1,0,0,2,0,0,0,0,0,0,0,0,0,0,0,0,0,2,4,0,3,1,5,0,3,1,3,1,1
