0,22,2087,8,2002,5,1424,4,177,1,0,0,470,4,656,54,0,0,5,0,0,0,0,0,0,0,0,0,0,0,0,0,182,2,0,0,262,86,3,0,33,4,1,0,1,0,0,0,0,0,0,1,2,0,2,0,0,0,0,0,5041,3,293,0,293,0,178,2,12,0,199,1,1425,4,151,5,418,11,159,2,0,0,19,0,139,1,0,0,2,1,0,0,0,0,0,1,0,0,0,1,1,0,0,0,0,0,0,3,4,0,0,2,0,0,0,0,0,0,0,1,2,0,0,0,42,2,171,0,60,3,36,1,18,0,36,0,5,0,0,0,1,0,0,0,6,0,0,0,9,3,0,0,0,0,37,5,0,0,5,1,4,0,21,0,9,1,3,0,1,0
22,0,3,1337,5,1853,3,899,0,37,0,0,1,500,4,1860,0,0,0,6,0,0,0,0,0,0,0,0,0,0,0,0,2,164,0,0,6,230,0,1,2,8,1,0,0,0,0,2,0,0,0,0,0,6,0,2,0,0,1,0,3,3151,2,130,0,118,0,308,1,120,7,246,3,882,10,22,3,319,5,110,0,0,0,25,0,191,0,0,0,10,0,0,0,0,0,1,0,0,0,0,0,0,0,1,0,0,0,0,0,0,2,0,0,0,0,0,0,0,0,0,0,1,0,0,1,9,4,41,1,21,2,6,1,1,0,4,0,1,0,0,0,0,0,6,0,7,0,1,0,3,0,0,0,0,18,13,0,0,0,1,0,0,1,9,0,1,0,0,0,0
2087,3,0,22,7328,50,139,16,634,18,287,3,31,1,3373,45,16,0,4259,32,440,3,164,0,173,0,411,0,108,0,5,0,250,8,0,0,401,54,0,0,3,0,0,0,0,0,0,0,0,0,0,0,2,0,1,0,0,0,0,0,59,0,47,0,16,0,14,0,0,0,36,1,251,0,94,1,156,18,41,2,0,0,0,0,7,0,8,1,3,0,1,0,2,0,0,0,0,0,0,0,0,0,0,0,0,0,1,2,0,0,0,1,0,0,0,0,0,0,0,0,0,0,0,0,30,0,15,1,4,0,13,0,2,0,9,1,2,0,0,0,0,0,0,1,3,0,1,0,2,0,80,23,203,47,309,158,7,0,3,1,1,0,10,1,0,0,0,0,0,0
8,1337,22,0,42,6256,2,241,11,304,1,384,0,18,8,3747,1,7,8,4113,2,290,0,70,0,123,1,510,1,17,0,11,10,169,0,0,6,486,0,0,0,1,0,0,0,1,0,0,0,0,0,0,0,0,0,0,0,0,0,0,0,20,0,3,0,2,0,13,0,4,5,23,0,79,5,10,11,121,0,14,0,0,0,1,0,9,0,5,0,0,0,0,0,0,0,0,0,0,0,0,0,0,0,0,0,0,0,0,0,0,0,0,0,0,0,0,0,0,0,0,0,0,0,0,0,3,0,6,1,2,1,1,0,0,0,2,0,0,0,0,0,0,0,0,0,1,0,1,0,0,6,26,5,319,24,253,0,0,0,0,0,0,0,3,0,0,0,0,0,0
2002,5,7328,42,0,80,816,24,3481,24,567,8,55,1,260,61,11,0,414,24,89,2,93,2,55,0,127,0,63,0,18,0,444,13,0,0,88,65,0,0,5,0,0,0,0,0,0,0,0,0,0,0,0,0,0,0,0,0,0,0,44,0,8,0,6,0,10,0,0,0,4,0,39,1,106,5,260,23,49,7,0,0,0,0,3,0,9,1,1,0,2,0,0,0,0,0,0,0,0,0,0,1,0,0,0,0,0,0,1,0,0,1,0,0,0,0,0,0,0,0,0,0,0,0,42,0,22,0,4,0,12,0,1,0,7,1,2,0,0,0,0,0,1,0,3,1,0,1,3,0,96,34,110,67,282,218,6,0,1,0,2,0,9,2,0,0,0,0,0,0
5,1853,50,6256,80,0,11,1655,14,3744,5,865,0,46,19,850,2,13,25,1018,1,36,0,15,2,17,0,77,4,18,1,253,11,300,0,0,4,312,0,0,0,1,0,0,1,1,0,0,0,0,0,0,0,0,0,0,0,0,0,0,0,29,0,4,0,2,0,11,0,3,0,5,1,11,22,17,12,263,1,39,0,0,0,2,0,2,0,9,1,1,0,0,0,0,0,0,0,0,0,0,0,0,0,0,0,0,0,0,0,0,1,0,0,0,0,0,0,0,0,0,0,1,0,0,2,10,0,12,0,3,1,3,0,1,0,1,1,1,0,0,0,0,0,3,0,4,0,0,0,2,29,28,31,139,61,316,0,0,0,0,0,1,0,2,0,0,0,0,0,0
1424,3,139,2,816,11,0,7,1703,2,0,0,1584,2,124,23,0,0,4,0,0,0,0,0,0,0,0,0,0,0,0,0,679,0,0,0,45,21,0,0,5,0,0,0,0,0,0,0,0,0,0,0,0,0,0,0,0,0,1,0,380,2,9,0,12,0,5,0,0,0,7,1,54,0,114,1,168,3,31,0,0,0,31,0,168,0,298,0,0,0,0,0,0,0,0,0,0,0,0,0,0,0,0,0,0,0,0,2,1,0,0,1,0,0,0,0,0,0,0,0,0,0,0,0,16,0,26,0,9,0,13,1,2,0,9,0,1,0,0,0,1,0,0,0,3,0,0,0,1,0,0,0,0,0,15,10,1,0,2,0,0,0,13,0,1,0,0,0,0,0
4,899,16,241,24,1655,7,0,8,2217,0,8,0,1271,16,503,0,0,1,56,0,1,0,0,0,0,0,0,0,0,0,0,2,1285,0,0,2,174,0,0,0,4,0,0,0,0,0,0,0,0,0,0,0,0,0,0,0,0,0,0,0,224,0,10,0,1,0,82,0,8,0,25,0,10,14,79,7,383,3,80,0,0,1,14,0,38,0,21,0,0,0,0,1,0,0,0,0,0,0,1,0,0,0,0,0,0,0,0,0,0,0,0,0,0,0,0,0,0,0,0,0,1,0,0,2,22,1,23,0,6,0,6,0,0,1,15,0,1,0,0,0,0,0,2,0,6,0,1,0,0,0,1,1,1,42,73,0,0,0,0,1,2,0,15,0,0,0,1,0,0
177,0,634,11,3481,14,1703,8,0,7,1483,0,201,0,124,25,1,0,118,13,12,0,4,0,4,0,2,0,41,0,67,0,1896,3,0,0,49,25,0,0,7,0,0,0,11,0,0,0,0,0,0,0,0,0,0,0,0,0,2,0,39,0,4,0,3,0,1,0,0,0,4,0,9,0,104,0,412,6,45,1,0,0,1,0,2,0,100,0,1,0,3,0,5,0,0,0,0,0,0,0,0,0,0,0,1,0,0,2,0,0,1,0,0,0,0,0,0,0,0,0,0,0,0,0,22,0,10,0,3,0,9,0,2,0,5,0,0,0,0,0,0,0,0,0,1,0,0,0,1,0,5,1,12,20,127,65,2,0,3,0,3,0,4,1,0,0,0,0,0,0
1,37,18,304,24,3744,2,2217,7,0,2,1053,0,68,2,120,0,3,9,165,1,6,1,3,0,2,0,23,0,25,0,22,5,1155,0,0,1,125,0,0,0,0,0,0,0,3,0,1,0,0,0,0,0,0,0,0,0,0,0,0,0,5,0,1,0,0,0,1,0,0,0,2,0,1,2,58,3,326,0,22,0,0,0,2,0,1,0,16,0,1,0,0,0,1,0,0,0,0,0,0,0,0,0,0,0,0,0,0,0,0,0,0,0,0,0,0,0,0,0,0,0,0,0,0,2,8,0,8,0,0,0,4,0,2,0,4,0,0,0,0,0,0,0,1,0,0,0,0,0,0,5,2,6,31,29,154,0,0,0,0,0,0,0,4,0,0,0,0,0,0
0,0,287,1,567,5,0,0,1483,2,0,0,0,0,1,0,14,0,82,0,92,1,55,0,55,0,60,0,1030,0,921,0,711,0,0,0,1,1,0,0,0,0,0,0,3,0,0,0,0,0,0,0,0,0,0,0,0,0,0,0,0,0,0,0,0,0,0,0,0,0,0,0,0,0,12,0,84,0,0,0,0,0,0,0,0,0,6,0,1,0,3,0,0,0,0,0,0,0,0,0,0,0,0,0,0,0,0,0,0,0,0,0,0,0,0,0,0,0,0,0,0,0,0,0,0,0,0,0,0,0,0,0,0,0,0,0,0,0,0,0,0,0,0,0,0,0,0,0,0,0,34,6,57,8,10,20,4,0,0,0,0,0,0,0,0,0,0,0,0,0
0,0,3,384,8,865,0,8,0,1053,0,0,0,0,0,0,1,8,2,157,0,96,0,43,0,73,0,264,1,1096,0,564,0,855,0,0,0,2,0,0,0,0,0,0,0,5,0,0,0,0,0,0,0,0,0,0,0,0,0,0,0,0,0,0,0,0,0,0,0,0,0,0,0,0,0,9,0,133,0,2,0,0,0,0,0,0,0,4,0,0,0,0,0,1,0,0,0,0,0,0,0,0,0,0,0,0,0,0,0,0,0,0,0,0,0,0,0,0,0,0,0,0,0,0,0,0,0,0,0,0,0,0,0,0,0,0,0,0,0,0,0,0,0,0,0,0,0,0,0,0,10,31,9,86,2,9,0,2,0,0,0,0,0,0,0,0,0,0,0,0
470,1,31,0,55,0,1584,0,201,0,0,0,0,0,33,2,0,0,0,0,0,0,0,0,0,0,0,0,0,0,0,0,461,2,0,0,40,7,3,0,7,0,0,0,0,0,0,0,0,0,0,0,1,0,0,0,0,0,0,0,1384,0,11,0,16,0,204,1,2,1,11,1,20,0,29,1,143,3,20,1,0,0,192,1,967,3,367,0,1,0,0,0,0,0,0,0,0,1,0,0,0,0,0,1,0,0,0,1,0,0,0,1,0,0,0,0,0,0,0,0,0,0,0,0,7,1,15,1,5,4,5,0,1,0,1,0,1,0,0,0,0,0,0,0,0,0,0,0,3,0,0,0,0,0,2,0,0,0,3,0,1,0,1,0,1,0,1,2,0,0
4,500,1,18,1,46,2,1271,0,68,0,0,0,0,1,55,0,0,0,2,0,0,0,0,0,0,0,0,0,0,0,0,0,1560,0,0,0,34,0,0,0,4,0,0,0,0,0,1,1,0,0,0,0,1,0,0,0,0,0,0,0,1149,0,4,0,0,0,685,0,4,1,8,0,26,1,18,3,212,0,42,0,0,0,425,0,1236,0,183,0,0,0,0,0,0,0,0,0,0,0,0,0,0,0,0,0,0,0,0,0,0,1,0,0,0,0,0,0,0,0,0,0,0,0,0,2,3,1,10,0,4,0,1,0,0,1,1,0,0,0,0,0,0,0,2,0,3,0,0,0,1,0,0,0,1,11,3,0,0,0,0,0,0,0,2,0,0,0,0,0,0
656,4,3373,8,260,19,124,16,124,2,1,0,33,1,0,38,0,0,700,0,0,0,0,0,0,0,0,0,0,0,0,0,110,1,0,0,2018,46,1,0,9,0,0,0,0,0,0,0,0,0,0,0,1,0,1,0,0,0,0,0,30,0,55,0,12,0,3,0,0,0,78,1,1372,0,83,0,164,9,52,3,0,0,0,0,3,0,1,0,0,0,0,0,0,0,0,0,0,0,0,1,1,0,0,1,0,0,0,1,1,2,1,0,0,0,0,0,0,0,0,0,0,0,0,0,43,0,37,1,5,0,21,0,2,0,19,0,3,0,0,0,0,0,0,0,4,0,0,0,5,0,0,0,0,1,73,15,0,0,3,0,3,0,14,0,0,0,3,0,0,0
54,1860,45,3747,61,850,23,503,25,120,0,0,2,55,38,0,0,0,3,660,0,0,0,0,0,0,0,0,0,0,0,0,18,83,0,0,14,1787,0,0,1,6,0,0,0,0,0,0,0,1,0,1,0,0,0,0,0,0,0,0,6,95,2,10,1,2,0,18,0,12,9,120,1,1181,31,24,21,240,8,71,0,0,0,2,1,11,1,1,1,1,0,0,0,0,0,0,0,0,0,0,0,0,0,0,0,0,0,0,0,0,1,1,0,0,0,0,0,0,0,0,0,2,0,0,10,8,8,28,4,12,4,2,0,0,3,4,0,1,0,1,0,0,0,2,1,9,0,2,1,1,0,0,0,1,66,74,0,0,0,1,0,2,3,14,0,0,0,0,0,0
0,0,16,1,11,2,0,0,1,0,14,1,0,0,0,0,0,174,4,1,214,8,909,8,192,1,3,0,288,0,2,0,104,1,0,0,0,0,0,0,14,0,0,0,176,1,0,0,0,0,0,0,0,0,0,0,0,0,0,0,0,0,0,0,0,0,0,0,0,0,0,0,0,0,151,3,693,0,42,0,0,0,0,0,0,0,1,0,0,0,1,0,0,0,0,0,0,0,0,0,0,0,0,0,0,0,0,0,0,0,0,0,0,0,0,0,0,0,0,0,0,0,0,0,1,0,1,0,0,0,0,0,1,0,1,0,0,0,1,0,0,0,0,0,0,0,0,0,0,0,448,108,35,5,0,5,1240,11,0,0,0,0,3,0,0,0,0,0,0,0
0,0,0,7,0,13,0,0,0,3,0,8,0,0,0,0,174,0,2,22,16,400,7,947,0,114,0,12,2,33,0,0,0,158,0,0,0,0,0,0,0,39,0,2,0,735,0,0,0,0,0,0,0,0,0,0,0,0,0,3,0,0,0,0,0,0,0,0,0,0,0,0,0,0,0,187,0,570,0,26,0,0,0,0,0,0,0,66,0,2,0,4,0,3,0,0,0,0,0,0,0,0,0,0,0,0,0,0,0,0,0,0,0,0,0,0,0,0,0,0,0,0,0,0,0,6,0,0,0,0,0,1,0,0,0,2,0,0,0,0,0,0,0,0,0,0,0,0,0,0,80,356,8,29,0,9,1,1304,0,0,0,0,0,2,0,0,0,0,0,0
5,0,4259,8,414,25,4,1,118,9,82,2,0,0,700,3,4,2,0,9,431,0,44,1,33,0,19,0,50,0,0,0,57,6,0,0,892,7,0,0,0,0,0,0,0,0,0,0,0,0,0,0,0,0,0,0,0,0,0,0,0,0,0,0,0,0,0,0,0,0,0,0,0,0,16,0,22,7,1,0,0,0,0,0,0,0,2,0,0,0,0,0,0,0,0,0,0,0,0,0,0,0,0,1,0,0,0,0,0,0,0,0,0,0,0,0,0,0,0,0,0,0,0,0,0,0,0,1,0,0,0,0,0,0,0,0,0,0,0,0,0,0,0,0,0,0,0,0,0,0,71,13,1200,28,768,79,1,0,1,0,0,0,0,0,0,0,0,0,0,0
0,6,32,4113,24,1018,0,56,13,165,0,157,0,2,0,660,1,22,9,0,3,782,0,67,0,71,0,90,2,30,0,3,5,94,0,0,2,304,0,0,0,1,0,0,0,4,0,0,0,0,0,0,0,0,0,0,0,0,0,0,0,0,0,0,0,0,0,1,0,0,0,0,0,1,2,6,2,85,1,6,0,0,0,0,0,0,0,3,0,0,0,0,0,0,0,0,0,0,0,0,0,0,0,0,0,0,0,0,0,0,0,0,0,0,0,0,0,0,0,0,0,0,0,0,0,2,0,0,0,0,1,0,0,0,0,0,0,0,0,0,0,0,0,0,0,0,0,0,0,0,14,86,15,763,25,210,0,1,0,0,0,0,0,0,0,0,0,0,0,0
0,0,440,2,89,1,0,0,12,1,92,0,0,0,0,0,214,16,431,3,0,3,1776,1,303,0,162,0,112,0,3,0,29,1,0,0,0,0,0,0,0,0,0,0,0,0,0,0,0,0,0,0,0,0,0,0,0,0,0,0,0,0,0,0,0,0,0,0,0,0,0,0,0,0,43,0,5,1,0,0,0,0,0,0,0,0,0,0,0,0,0,0,0,0,0,0,0,0,0,0,0,0,0,0,0,0,0,0,0,0,0,0,0,0,0,0,0,0,0,0,0,0,0,0,0,0,0,0,0,0,0,0,0,0,0,0,0,0,0,0,0,0,0,0,0,0,0,0,0,0,207,13,320,2,5,9,55,0,0,0,0,0,0,0,0,0,0,0,0,0
0,0,3,290,2,36,0,1,0,6,1,96,0,0,0,0,8,400,0,782,3,0,31,1510,0,474,0,204,0,30,0,3,1,30,0,0,0,0,0,0,0,0,0,0,0,1,0,0,0,0,0,0,0,0,0,0,0,0,0,0,0,0,0,0,0,0,0,0,0,0,0,0,0,0,0,29,0,46,0,0,0,0,0,0,0,0,0,6,0,0,0,0,0,0,0,0,0,0,0,0,0,0,0,0,0,0,0,0,0,0,0,0,0,0,0,0,0,0,0,0,0,0,0,0,0,0,0,0,0,0,0,0,0,0,0,0,0,0,0,0,0,0,0,0,0,0,0,0,0,0,21,350,3,363,1,28,0,56,0,0,0,0,0,0,0,0,0,0,0,0
0,0,164,0,93,0,0,0,4,1,55,0,0,0,0,0,909,7,44,0,1776,31,0,31,1838,1,167,0,130,0,1,0,73,0,0,0,0,0,0,0,0,0,19,0,8,0,0,0,0,0,0,0,0,0,0,0,0,0,0,0,0,0,0,0,0,0,0,0,0,0,0,0,0,0,29,0,41,0,0,0,0,0,0,0,0,0,1,0,0,0,2,0,0,0,0,0,0,0,0,0,0,0,0,0,0,0,0,0,0,0,0,0,0,0,0,0,0,0,0,0,0,0,0,0,0,0,0,0,0,0,0,0,0,0,0,0,0,0,0,0,0,0,0,0,0,0,0,0,0,0,168,15,138,2,1,7,185,1,0,0,0,0,0,0,0,0,0,0,0,0
0,0,0,70,2,15,0,0,0,3,0,43,0,0,0,0,8,947,1,67,1,1510,31,0,0,1847,0,95,0,66,0,1,0,66,0,0,0,0,0,0,0,1,0,1,0,36,0,0,0,0,0,0,0,0,0,0,0,0,0,1,0,0,0,0,0,0,0,0,0,0,0,0,0,0,0,177,0,140,0,1,0,0,0,0,0,0,0,12,0,0,0,0,0,0,0,0,0,0,0,0,0,0,0,0,0,0,0,0,0,0,0,0,0,0,0,0,0,0,0,0,0,0,0,0,0,0,0,0,0,0,0,0,0,0,0,0,0,0,0,0,0,0,0,0,0,0,0,0,0,0,20,176,2,80,0,18,0,236,0,0,0,0,0,0,0,0,0,0,0,0
0,0,173,0,55,2,0,0,4,0,55,0,0,0,0,0,192,0,33,0,303,0,1838,0,0,0,212,0,440,0,1,0,190,0,0,0,0,0,0,0,0,0,0,0,1,0,0,0,0,0,0,0,0,0,0,0,0,0,0,0,0,0,0,0,0,0,0,0,0,0,0,0,0,0,30,0,32,0,0,0,0,0,0,0,0,0,0,0,0,0,0,0,0,0,0,0,0,0,0,0,0,0,0,0,0,0,0,0,0,0,0,0,0,0,0,0,0,0,0,0,0,0,0,0,0,0,0,0,0,0,0,0,0,0,0,0,0,0,0,0,0,0,0,0,0,0,0,0,0,0,7,2,42,0,0,3,49,0,0,0,0,0,0,0,0,0,0,0,0,0
0,0,0,123,0,17,0,0,0,2,0,73,0,0,0,0,1,114,0,71,0,474,1,1847,0,0,0,270,0,39,0,0,0,20,0,0,0,0,0,0,0,0,0,0,0,0,0,0,0,0,0,0,0,0,0,0,0,0,0,0,0,0,0,0,0,0,0,0,0,0,0,0,0,0,0,30,0,35,0,0,0,0,0,0,0,0,0,2,0,0,0,0,0,0,0,0,0,0,0,0,0,0,0,0,0,0,0,0,0,0,0,0,0,0,0,0,0,0,0,0,0,0,0,0,0,0,0,0,0,0,0,0,0,0,0,0,0,0,0,0,0,0,0,0,0,0,0,0,0,0,4,12,0,24,0,9,0,8,0,0,0,0,0,0,0,0,0,0,0,0
0,0,411,1,127,0,0,0,2,0,60,0,0,0,0,0,3,0,19,0,162,0,167,0,212,0,0,0,59,0,1,0,9,0,0,0,0,0,0,0,0,0,0,0,0,0,0,0,0,0,0,0,0,0,0,0,0,0,0,0,0,0,0,0,0,0,0,0,0,0,0,0,0,0,0,0,1,0,0,0,0,0,0,0,0,0,0,0,0,0,0,0,0,0,0,0,0,0,0,0,0,0,0,0,0,0,0,0,0,0,0,0,0,0,0,0,0,0,0,0,0,0,0,0,0,0,0,0,0,0,0,0,0,0,0,0,0,0,0,0,0,0,0,0,0,0,0,0,0,0,3,0,8,1,1,0,1,0,0,0,0,0,0,0,0,0,0,0,0,0
0,0,0,510,0,77,0,0,0,23,0,264,0,0,0,0,0,12,0,90,0,204,0,95,0,270,0,0,0,146,0,178,0,61,0,0,0,1,0,0,0,0,0,0,0,0,0,0,0,0,0,0,0,0,0,0,0,0,0,0,0,0,0,0,0,0,0,0,0,0,0,0,0,0,0,1,0,32,0,0,0,0,0,0,0,0,0,0,0,0,0,0,0,0,0,0,0,0,0,0,0,0,0,0,0,0,0,0,0,0,0,0,0,0,0,0,0,0,0,0,0,0,0,0,0,0,0,0,0,0,0,0,0,0,0,0,0,0,0,0,0,0,0,0,0,0,0,0,0,0,1,10,1,19,0,2,0,0,0,0,0,0,0,0,0,0,0,0,0,0
0,0,108,1,63,4,0,0,41,0,1030,1,0,0,0,0,288,2,50,2,112,0,130,0,440,0,59,0,0,0,92,0,304,1,0,0,0,0,0,0,0,0,0,0,1,0,0,0,0,0,0,0,0,0,0,0,0,0,0,0,0,0,0,0,0,0,0,0,0,0,0,0,0,0,34,0,16,0,0,0,0,0,0,0,0,0,0,0,0,0,0,0,0,0,0,0,0,0,0,0,0,0,0,0,0,0,0,0,0,0,0,0,0,0,0,0,0,0,0,0,0,0,0,0,0,0,0,0,0,0,0,0,0,0,0,0,0,0,0,0,0,0,0,0,0,0,0,0,0,0,21,4,48,1,2,2,60,0,0,0,0,0,0,0,0,0,0,0,0,0
0,0,0,17,0,18,0,0,0,25,0,1096,0,0,0,0,0,33,0,30,0,30,0,66,0,39,0,146,0,0,0,82,0,123,0,0,0,0,0,0,0,0,0,1,0,0,0,0,0,0,0,0,0,0,0,0,0,0,0,0,0,0,0,0,0,0,0,0,0,0,0,0,0,0,0,8,0,40,0,0,0,0,0,0,0,0,0,5,0,0,0,0,0,0,0,0,0,0,0,0,0,0,0,0,0,0,0,0,0,0,0,0,0,0,0,0,0,0,0,0,0,0,0,0,0,0,0,0,0,0,0,0,0,0,0,0,0,0,0,0,0,0,0,0,0,0,0,0,0,0,1,6,1,12,1,0,0,0,0,0,0,0,0,0,0,0,0,0,0,0
0,0,5,0,18,1,0,0,67,0,921,0,0,0,0,0,2,0,0,0,3,0,1,0,1,0,1,0,92,0,0,0,54,0,0,0,0,0,0,0,0,0,0,0,0,0,0,0,0,0,0,0,0,0,0,0,0,0,0,0,0,0,0,0,0,0,0,0,0,0,0,0,0,0,1,0,3,0,0,0,0,0,0,0,0,0,1,0,0,0,0,0,0,0,0,0,0,0,0,0,0,0,0,0,0,0,0,0,0,0,0,0,0,0,0,0,0,0,0,0,0,0,0,0,0,0,0,0,0,0,0,0,0,0,0,0,0,0,0,0,0,0,0,0,0,0,0,0,0,0,2,1,1,0,0,3,0,0,0,0,0,0,0,0,0,0,0,0,0,0
0,0,0,11,0,253,0,0,0,22,0,564,0,0,0,0,0,0,0,3,0,3,0,1,0,0,0,178,0,82,0,0,0,3,0,0,0,0,0,0,0,0,0,0,0,0,0,0,0,0,0,0,0,0,0,0,0,0,0,0,0,0,0,0,0,0,0,0,0,0,0,0,0,0,0,0,0,1,0,0,0,0,0,0,0,0,0,0,0,0,0,0,0,0,0,0,0,0,0,0,0,0,0,0,0,0,0,0,0,0,0,0,0,0,0,0,0,0,0,0,0,0,0,0,0,0,0,0,0,0,0,0,0,0,0,0,0,0,0,0,0,0,0,0,0,0,0,0,0,0,0,2,0,3,0,0,0,0,0,0,0,0,0,0,0,0,0,0,0,0
182,2,250,10,444,11,679,2,1896,5,711,0,461,0,110,18,104,0,57,5,29,1,73,0,190,0,9,0,304,0,54,0,0,4,0,0,63,15,24,0,118,1,2,0,49,1,3,0,1,0,2,0,3,0,10,0,1,0,17,0,210,1,12,0,18,0,34,2,6,0,17,4,20,0,327,1,2108,8,80,1,0,0,127,1,261,4,527,0,143,0,32,0,76,0,0,0,0,0,0,2,0,1,0,1,0,0,0,0,0,0,1,1,0,0,0,0,0,0,0,0,0,0,0,0,9,0,20,0,12,0,8,0,2,0,8,0,1,0,0,1,0,0,4,0,5,0,0,2,4,0,9,0,23,19,64,39,49,0,2,1,1,1,6,0,3,0,1,1,0,0
2,164,8,169,13,300,0,1285,3,1155,0,855,2,1560,1,83,1,158,6,94,1,30,0,66,0,20,0,61,1,123,0,3,4,0,0,0,1,77,8,28,1,143,1,16,0,49,2,61,1,1,0,52,0,3,1,6,0,14,0,65,0,221,3,20,1,6,0,180,0,9,8,108,0,50,2,299,5,1852,5,77,0,0,3,103,2,262,0,236,0,36,0,2,0,28,0,0,0,0,0,0,0,0,0,0,0,0,0,0,2,0,0,0,0,0,0,0,0,0,0,0,0,0,0,0,0,5,0,7,4,15,0,2,0,1,1,2,0,0,0,5,0,1,0,6,0,25,0,0,6,0,8,8,5,29,20,71,0,7,0,1,0,0,1,3,0,1,0,0,0,0
0,0,0,0,0,0,0,0,0,0,0,0,0,0,0,0,0,0,0,0,0,0,0,0,0,0,0,0,0,0,0,0,0,0,0,0,0,0,0,0,0,0,0,0,0,0,0,0,0,0,0,0,0,0,0,0,0,0,0,0,0,0,0,0,0,0,0,0,0,0,0,0,0,0,0,0,0,0,0,0,0,0,0,0,0,0,0,0,0,0,0,0,0,0,0,0,0,0,0,0,0,0,0,0,0,0,0,0,0,0,0,0,0,0,0,0,0,0,0,0,0,0,0,0,0,0,0,0,0,0,0,0,0,0,0,0,0,0,0,0,0,0,0,0,0,0,0,0,0,0,0,0,0,0,0,0,0,0,0,0,0,0,0,0,0,0,0,0,0,0
0,0,0,0,0,0,0,0,0,0,0,0,0,0,0,0,0,0,0,0,0,0,0,0,0,0,0,0,0,0,0,0,0,0,0,0,0,0,0,0,0,0,0,0,0,0,0,0,0,0,0,0,0,0,0,0,0,0,0,0,0,0,0,0,0,0,0,0,0,0,0,0,0,0,0,0,0,0,0,0,0,0,0,0,0,0,0,0,0,0,0,0,0,0,0,0,0,0,0,0,0,0,0,0,0,0,0,0,0,0,0,0,0,0,0,0,0,0,0,0,0,0,0,0,0,0,0,0,0,0,0,0,0,0,0,0,0,0,0,0,0,0,0,0,0,0,0,0,0,0,0,0,0,0,0,0,0,0,0,0,0,0,0,0,0,0,0,0,0,0
262,6,401,6,88,4,45,2,49,1,1,0,40,0,2018,14,0,0,892,2,0,0,0,0,0,0,0,0,0,0,0,0,63,1,0,0,0,78,734,11,29,2,2,0,0,0,8,7,7,0,0,2,18,0,16,0,0,0,0,0,196,6,357,1,95,0,18,3,9,0,1807,14,597,2,83,6,171,17,84,24,0,0,22,0,42,1,0,0,7,0,0,0,0,0,0,1,0,0,0,4,2,0,1,0,0,0,0,3,1,3,1,1,0,0,0,0,0,0,0,0,2,0,0,0,28,0,63,9,76,2,12,2,5,0,24,1,2,0,0,0,0,0,0,0,9,2,0,0,17,0,0,0,1,0,278,7,0,0,2,0,2,0,6,1,8,0,5,1,0,0
86,230,54,486,65,312,21,174,25,125,1,2,7,34,46,1787,0,0,7,304,0,0,0,0,0,0,0,1,0,0,0,0,15,77,0,0,78,0,29,587,13,15,3,0,0,0,11,3,1,3,2,1,0,3,0,2,0,0,0,0,13,82,5,17,5,19,3,101,0,21,264,1597,11,287,24,45,38,309,11,138,0,0,7,24,14,62,0,0,1,11,0,0,0,0,0,0,0,0,0,1,2,1,0,0,0,0,0,0,1,2,3,0,0,0,0,0,0,0,0,0,0,2,1,1,7,6,15,30,9,67,1,15,0,0,9,7,0,1,0,1,0,0,0,2,2,6,0,3,7,9,0,1,2,26,174,525,0,0,0,0,0,1,2,11,3,1,1,1,0,0
3,0,0,0,0,0,0,0,0,0,0,0,3,0,1,0,0,0,0,0,0,0,0,0,0,0,0,0,0,0,0,0,24,8,0,0,734,29,0,113,155,6,48,0,0,0,190,214,164,17,64,3,24,1,9,0,0,0,4,0,2,1,17,0,5,0,4,1,4,2,1841,116,0,0,1,1,21,9,12,2,0,0,26,4,67,36,0,0,25,4,0,0,0,0,0,0,0,0,0,0,0,1,0,0,0,1,0,0,0,0,0,2,0,0,0,0,0,0,0,0,0,0,0,0,0,0,3,0,18,2,1,0,0,0,4,1,0,0,0,0,0,0,0,0,25,0,0,0,9,0,0,0,0,0,0,0,0,0,0,0,0,1,1,0,1,0,1,0,0,1
0,1,0,0,0,0,0,0,0,0,0,0,0,0,0,0,0,0,0,0,0,0,0,0,0,0,0,0,0,0,0,0,0,28,0,0,11,587,113,0,25,55,8,7,0,0,43,177,8,41,12,13,3,2,1,0,0,1,1,3,0,2,0,0,0,1,0,3,0,16,226,1037,0,2,0,1,0,33,0,18,0,0,0,28,1,125,0,0,1,26,0,0,0,0,0,0,0,0,0,0,0,0,0,0,0,0,1,0,0,0,3,1,0,0,0,0,0,0,0,0,0,0,0,0,0,0,0,2,2,8,0,1,0,0,0,0,0,0,0,0,0,0,0,1,14,6,0,0,0,0,0,0,0,0,0,0,0,0,0,0,0,0,0,0,0,1,0,0,0,0
33,2,3,0,5,0,5,0,7,0,0,0,7,0,9,1,14,0,0,0,0,0,0,0,0,0,0,0,0,0,0,0,118,1,0,0,29,13,155,25,0,26,1081,3,586,0,17,50,2,2,225,3,1,0,0,1,0,0,153,1,44,1,22,0,15,1,9,0,1,2,319,55,11,1,63,2,748,5,649,16,0,0,7,0,293,1,278,0,324,0,277,0,525,1,0,1,5,1,23,12,8,0,1,1,1,0,9,8,12,3,20,33,2,16,0,0,0,0,0,2,0,0,0,0,15,2,17,3,34,3,3,0,4,0,7,0,1,0,72,1,15,0,73,0,288,11,0,0,20,1,0,0,0,0,1,0,15,0,6,2,11,1,77,2,6,3,25,4,9,1
4,8,0,1,0,1,0,4,0,0,0,0,0,4,0,6,0,39,0,1,0,0,0,1,0,0,0,0,0,0,0,0,1,143,0,0,2,15,6,55,26,0,8,980,0,714,3,26,0,1,2,240,0,1,0,0,0,13,0,693,0,7,2,3,2,1,0,7,0,1,3,92,2,3,0,81,0,1143,3,759,0,0,0,29,2,521,0,562,1,390,0,101,0,416,1,2,2,0,2,15,3,2,0,3,1,0,4,4,8,4,35,25,4,2,0,0,0,1,0,1,0,0,0,1,0,25,0,57,1,59,0,4,0,1,1,8,0,0,0,225,1,9,2,73,8,209,0,5,1,13,0,0,0,2,1,1,0,165,0,4,0,8,0,109,0,6,7,7,13,3
1,1,0,0,0,0,0,0,0,0,0,0,0,0,0,0,0,0,0,0,0,0,19,0,0,0,0,0,0,0,0,0,2,1,0,0,2,3,48,8,1081,8,0,2,296,0,10,8,3,1,832,1,0,0,1,0,3,1,1831,0,1,1,1,0,1,0,0,0,0,0,199,18,0,0,0,1,8,5,1,2,0,0,1,0,2,1,155,0,3,0,150,0,73,0,1,1,0,0,11,5,9,3,1,0,2,0,13,2,11,7,11,24,1,1,2,0,1,0,0,1,0,0,0,0,0,3,1,6,5,3,0,0,0,0,1,0,0,0,0,0,0,0,1,0,6,2,0,0,5,0,0,0,0,0,0,0,0,0,0,0,0,0,0,0,0,0,17,3,1,0
0,0,0,0,0,0,0,0,0,0,0,0,0,0,0,0,0,2,0,0,0,0,0,1,0,0,0,0,0,1,0,0,0,16,0,0,0,0,0,7,3,980,2,0,0,986,0,33,0,1,0,1111,0,3,0,0,0,4,0,3607,1,0,0,0,0,0,0,0,0,0,1,75,0,0,2,1,2,106,0,13,0,0,0,0,0,36,0,416,0,59,0,350,0,179,0,0,1,4,2,26,5,2,0,6,0,1,4,8,9,6,11,20,1,4,0,1,0,0,0,1,0,0,0,0,0,1,1,5,2,7,0,1,0,0,0,1,0,0,0,16,0,3,2,11,1,23,0,1,0,0,0,0,0,0,0,0,0,1,0,0,0,0,0,0,1,1,6,4,3,0
1,0,0,0,0,1,0,0,11,0,3,0,0,0,0,0,176,0,0,0,0,0,8,0,1,0,0,0,1,0,0,0,49,0,0,0,0,0,0,0,586,0,296,0,0,0,0,0,0,0,0,0,0,0,0,0,0,0,36,0,1,0,0,0,0,0,0,0,0,0,1,0,0,0,24,0,632,0,222,0,0,0,0,0,1,0,513,0,27,0,220,0,44,0,0,0,0,0,0,1,0,0,0,0,0,0,0,0,0,1,0,0,0,0,0,0,0,0,0,0,0,0,0,0,13,0,2,0,0,0,0,0,6,0,4,0,0,0,0,0,0,0,1,0,1,0,0,0,1,0,0,0,0,0,0,0,243,0,1,0,1,0,45,0,4,0,1,1,1,0
0,0,0,1,0,1,0,0,0,3,0,5,0,0,0,0,1,735,0,4,0,1,0,36,0,0,0,0,0,0,0,0,1,49,0,0,0,0,0,0,0,714,0,986,0,0,0,0,0,0,0,0,0,0,0,0,0,0,0,60,0,0,0,0,0,0,0,0,0,0,0,0,0,0,0,57,0,879,0,107,0,0,0,0,0,2,0,845,0,13,0,114,0,49,0,0,0,0,0,0,0,0,0,0,0,0,0,0,2,0,1,0,0,0,0,0,0,0,0,0,0,0,0,0,0,43,0,4,0,2,0,2,0,0,0,4,0,2,0,4,0,0,0,2,0,0,0,0,0,1,2,2,0,1,0,0,0,446,0,0,0,2,0,26,0,3,0,2,0,0
0,0,0,0,0,0,0,0,0,0,0,0,0,0,0,0,0,0,0,0,0,0,0,0,0,0,0,0,0,0,0,0,3,2,0,0,8,11,190,43,17,3,10,0,0,0,0,1812,2806,665,3364,1253,1160,360,857,73,241,32,132,22,0,0,7,0,2,0,1,0,11,4,1298,77,0,1,0,0,0,4,0,0,0,0,0,4,17,39,0,0,70,43,0,0,1,2,0,0,0,0,0,0,0,0,0,0,0,0,0,0,0,0,0,0,0,0,2,0,0,0,0,0,0,0,0,0,0,0,0,0,0,0,0,0,0,0,0,0,0,0,0,2,0,0,0,0,1,0,0,0,0,0,0,0,0,0,0,0,0,0,0,0,0,0,0,0,0,0,0,0,0,0
0,2,0,0,0,0,0,0,0,1,0,0,0,1,0,0,0,0,0,0,0,0,0,0,0,0,0,0,0,0,0,0,0,61,0,0,7,3,214,177,50,26,8,33,0,0,1812,0,1145,1352,303,3336,1,751,1,833,0,472,0,391,0,0,0,0,0,1,0,4,0,35,358,1045,0,0,0,0,1,45,0,5,0,0,1,40,0,323,0,1,0,455,0,0,0,72,0,0,0,0,0,1,0,0,0,0,0,0,1,0,0,0,1,0,0,0,7,0,0,1,0,0,0,0,0,1,0,0,0,0,0,0,0,0,0,0,0,0,0,0,0,2,0,0,0,3,15,3,0,0,0,0,0,0,0,0,0,0,0,0,0,0,0,1,0,0,0,0,0,0,0,0
0,0,0,0,0,0,0,0,0,0,0,0,0,1,0,0,0,0,0,0,0,0,0,0,0,0,0,0,0,0,0,0,1,1,0,0,7,1,164,8,2,0,3,0,0,0,2806,1145,0,2658,62,77,3368,450,393,59,4,9,1,3,0,0,151,0,29,0,0,0,26,12,1472,387,0,0,0,0,0,0,0,1,0,0,1,1,5,8,0,0,17,24,0,0,0,4,0,0,0,0,0,0,0,0,0,0,0,0,0,0,0,0,0,0,0,0,0,0,0,0,0,0,0,0,0,0,0,0,0,0,0,0,0,0,0,0,0,0,0,0,0,0,0,0,0,0,0,0,0,0,0,0,0,0,0,0,0,0,0,0,0,0,0,0,0,0,0,0,0,0,0,0
0,0,0,0,0,0,0,0,0,0,0,0,0,0,0,1,0,0,0,0,0,0,0,0,0,0,0,0,0,0,0,0,0,1,0,0,0,3,17,41,2,1,1,1,0,0,665,1352,2658,0,19,110,0,3771,0,732,0,97,0,33,0,2,0,20,0,2,0,4,0,66,488,1371,0,0,0,1,2,2,0,1,0,0,1,5,0,25,0,0,0,92,0,0,0,7,0,0,0,0,0,0,0,0,0,0,0,0,0,0,0,0,0,0,0,0,0,0,0,0,0,0,0,0,0,0,0,0,0,0,1,0,0,0,0,0,0,0,0,0,0,0,0,0,0,0,0,0,0,0,0,0,0,0,0,0,0,0,0,0,0,0,0,0,0,0,0,0,0,0,0,0
0,0,0,0,0,0,0,0,0,0,0,0,0,0,0,0,0,0,0,0,0,0,0,0,0,0,0,0,0,0,0,0,2,0,0,0,0,2,64,12,225,2,832,0,0,0,3364,303,62,19,0,761,345,4,1006,13,808,2,2297,7,0,0,0,0,0,0,0,0,9,4,672,13,0,0,0,0,0,0,0,0,0,0,1,3,15,9,0,0,89,12,0,0,13,3,1407,4,16,2,50,0,266,5,1661,5,7,1,20,1,14,4,2,1,2,74,60,43,7,3,1,4,0,0,0,0,0,0,0,0,0,0,0,0,0,0,0,0,0,0,0,0,1,0,0,0,9,1,0,0,0,0,0,0,0,0,0,0,0,0,0,0,0,0,0,0,0,0,17,0,30,0
1,0,0,0,0,0,0,0,0,0,0,0,0,0,0,1,0,0,0,0,0,0,0,0,0,0,0,0,0,0,0,0,0,52,0,0,2,1,3,13,3,240,1,1111,0,0,1253,3336,77,110,761,0,0,66,0,239,0,586,0,1224,0,0,0,0,0,0,0,2,0,2,3,507,0,0,0,0,0,73,0,3,0,0,0,9,0,287,0,0,0,358,0,0,0,104,1,2,1,2,1,25,1,3,1,95,0,0,2,3,3,13,1,5,2,140,24,42,2,0,0,4,0,0,0,0,1,3,0,3,1,0,1,1,0,0,0,0,0,0,0,13,0,4,0,3,1,11,0,1,0,0,0,0,0,0,0,0,0,0,0,0,0,1,0,0,1,1,5,8,20,0
2,0,2,0,0,0,0,0,0,0,0,0,1,0,1,0,0,0,0,0,0,0,0,0,0,0,0,0,0,0,0,0,3,0,0,0,18,0,24,3,1,0,0,0,0,0,1160,1,3368,0,345,0,0,0,3908,0,57,0,10,0,1,0,306,0,391,0,2,0,134,0,856,1,0,0,0,0,0,0,1,0,0,0,3,0,24,0,0,0,100,1,0,0,1,0,0,0,0,0,0,0,0,0,0,0,0,0,0,0,0,0,0,0,0,0,0,0,0,0,0,0,0,0,0,0,0,0,0,0,0,0,0,0,0,0,0,0,0,0,0,0,0,0,0,0,0,0,0,0,0,0,0,0,0,0,0,0,0,0,0,0,0,0,0,0,0,0,0,0,0,0
0,6,0,0,0,0,0,0,0,0,0,0,0,1,0,0,0,0,0,0,0,0,0,0,0,0,0,0,0,0,0,0,0,3,0,0,0,3,1,2,0,1,0,3,0,0,360,751,450,3771,4,66,0,0,0,2328,0,118,0,45,0,38,0,518,0,43,0,16,0,683,24,725,0,1,0,1,0,9,0,0,0,0,0,0,1,18,1,0,0,170,0,0,0,20,0,0,0,0,0,0,0,0,0,0,0,0,0,0,0,0,0,0,0,0,0,0,0,0,0,0,0,0,0,0,0,0,0,0,0,1,0,0,0,0,0,0,0,0,0,0,0,0,0,0,0,0,0,0,1,0,0,0,0,0,0,0,0,0,0,0,0,0,0,0,0,0,0,0,0,0
2,0,1,0,0,0,0,0,0,0,0,0,0,0,1,0,0,0,0,0,0,0,0,0,0,0,0,0,0,0,0,0,10,1,0,0,16,0,9,1,0,0,1,0,0,0,857,1,393,0,1006,0,3908,0,0,0,1959,0,308,0,7,0,443,0,701,0,8,0,1759,0,143,0,0,0,0,0,9,0,3,0,0,0,12,0,128,0,0,0,3353,0,0,0,8,0,0,0,0,0,0,0,0,0,0,0,0,0,0,0,0,0,0,0,0,0,0,0,0,0,0,0,0,0,0,0,0,0,0,0,4,0,0,0,0,0,0,0,0,0,0,0,0,0,0,0,1,0,0,0,0,0,0,0,0,0,0,0,0,0,0,0,0,0,0,0,0,0,0,0,0,0
0,2,0,0,0,0,0,0,0,0,0,0,0,0,0,0,0,0,0,0,0,0,0,0,0,0,0,0,0,0,0,0,0,6,0,0,0,2,0,0,1,0,0,0,0,0,73,833,59,732,13,239,0,2328,0,0,0,966,0,229,0,21,0,10,0,16,0,10,0,1430,4,153,0,1,0,1,1,2,0,3,0,0,0,6,0,99,0,0,0,2579,0,0,0,121,0,0,0,0,0,0,0,0,0,0,0,0,0,0,0,0,0,0,0,0,0,0,0,0,0,0,0,0,0,0,0,0,0,0,0,1,0,0,0,0,0,0,0,0,0,0,0,0,0,0,0,2,0,0,0,0,0,0,0,0,0,0,0,0,0,0,0,0,0,0,0,0,0,0,0,0
0,0,0,0,0,0,0,0,0,0,0,0,0,0,0,0,0,0,0,0,0,0,0,0,0,0,0,0,0,0,0,0,1,0,0,0,0,0,0,0,0,0,3,0,0,0,241,0,4,0,808,0,57,0,1959,0,0,0,1024,0,0,0,1,0,0,0,0,0,1,0,7,0,0,0,0,0,1,0,0,0,0,0,1,0,21,0,0,0,147,0,0,0,63,0,13,0,0,0,0,0,0,0,0,0,0,0,0,0,0,0,0,0,0,0,0,0,0,0,0,0,0,0,0,0,0,0,0,0,0,0,0,0,0,0,0,0,0,0,0,0,0,0,0,0,0,0,0,0,0,0,0,0,0,0,0,0,0,0,0,0,0,0,0,0,0,0,0,0,0,0
0,0,0,0,0,0,0,0,0,0,0,0,0,0,0,0,0,0,0,0,0,0,0,0,0,0,0,0,0,0,0,0,0,14,0,0,0,0,0,1,0,13,1,4,0,0,32,472,9,97,2,586,0,118,0,966,0,0,0,1403,0,1,0,0,0,0,0,0,0,4,2,9,0,0,0,0,0,10,0,0,0,0,0,2,0,82,0,0,0,314,0,0,0,1227,0,0,0,0,0,1,0,0,0,0,0,0,0,0,0,0,0,0,0,0,0,0,0,0,0,0,0,0,0,0,0,0,0,0,0,0,0,1,0,0,0,0,0,0,0,1,0,0,0,0,0,1,0,0,0,0,0,0,0,0,0,0,0,0,0,0,0,0,0,0,0,0,0,0,0,0
0,1,0,0,0,0,1,0,2,0,0,0,0,0,0,0,0,0,0,0,0,0,0,0,0,0,0,0,0,0,0,0,17,0,0,0,0,0,4,1,153,0,1831,0,36,0,132,0,1,0,2297,0,10,0,308,0,1024,0,0,0,0,0,0,0,0,0,0,0,1,0,56,0,0,0,2,0,63,0,0,0,0,0,0,0,26,0,99,0,158,0,1061,0,3053,0,904,0,12,0,3,0,39,1,1762,1,2,1,8,1,2,1,0,0,0,0,2,5,1,1,1,0,0,0,0,0,0,0,0,0,0,0,0,0,0,0,0,0,0,0,0,0,0,0,0,0,1,0,0,0,0,0,0,0,0,0,0,0,2,0,0,0,0,0,0,0,0,0,0,0,0,0
0,0,0,0,0,0,0,0,0,0,0,0,0,0,0,0,0,3,0,0,0,0,0,1,0,0,0,0,0,0,0,0,0,65,0,0,0,0,0,3,1,693,0,3607,0,60,22,391,3,33,7,1224,0,45,0,229,0,1403,0,0,0,0,0,0,0,0,0,1,0,1,0,51,0,0,0,4,0,338,0,6,0,0,0,2,0,414,0,368,0,997,0,1261,0,5954,0,467,0,4,0,0,0,2,1,810,0,4,0,1,0,0,1,0,0,0,1,1,2,1,0,0,0,0,0,0,0,0,0,0,0,1,0,0,0,0,0,0,0,0,0,11,0,0,0,4,0,8,0,0,0,0,0,0,0,0,0,0,0,0,0,0,0,0,0,0,0,0,0,0,2,0
5041,3,59,0,44,0,380,0,39,0,0,0,1384,0,30,6,0,0,0,0,0,0,0,0,0,0,0,0,0,0,0,0,210,0,0,0,196,13,2,0,44,0,1,1,1,0,0,0,0,0,0,0,1,0,7,0,0,0,0,0,0,0,1771,0,1628,0,1312,0,24,0,676,4,808,2,77,2,430,4,239,3,0,0,102,0,813,0,1,0,2,0,0,0,0,0,0,0,0,1,0,0,1,0,0,1,0,0,3,3,1,3,1,11,1,0,0,0,0,0,0,0,1,0,0,0,13,0,183,1,85,1,18,0,16,1,41,0,7,0,0,0,2,0,1,0,4,0,1,0,5,0,0,0,0,0,5,0,0,0,4,0,4,0,18,0,7,0,4,2,3,0
3,3151,0,20,0,29,2,224,0,5,0,0,0,1149,0,95,0,0,0,0,0,0,0,0,0,0,0,0,0,0,0,0,1,221,0,0,6,82,1,2,1,7,1,0,0,0,0,0,0,2,0,0,0,38,0,21,0,1,0,0,0,0,1,1554,0,1134,0,1656,0,409,10,563,0,1460,1,24,1,389,1,160,0,0,0,27,1,342,0,0,0,56,0,0,1,0,0,0,0,0,0,0,0,0,0,0,0,0,0,0,0,0,1,0,0,0,0,0,0,0,0,1,0,0,0,0,0,4,0,37,2,37,1,10,0,0,0,2,0,2,0,0,0,1,0,3,0,9,0,1,0,1,0,0,0,0,3,1,0,0,0,1,0,0,0,12,0,2,0,0,1,0
293,2,47,0,8,0,9,0,4,0,0,0,11,0,55,2,0,0,0,0,0,0,0,0,0,0,0,0,0,0,0,0,12,3,0,0,357,5,17,0,22,2,1,0,0,0,7,0,151,0,0,0,306,0,443,0,1,0,0,0,1771,1,0,2,1520,1,43,4,596,0,2988,4,150,0,17,0,91,1,67,1,0,0,1,0,18,1,0,0,16,0,0,0,0,0,0,0,0,0,0,0,1,0,0,0,0,0,0,1,1,1,0,2,1,0,0,0,0,0,0,0,0,0,0,0,1,0,43,1,32,4,5,0,4,0,9,0,5,0,0,0,0,0,0,0,0,0,0,0,2,0,0,0,0,0,0,0,0,0,0,0,0,1,3,1,2,0,1,1,0,0
0,130,0,3,0,4,0,10,0,1,0,0,0,4,0,10,0,0,0,0,0,0,0,0,0,0,0,0,0,0,0,0,0,20,0,0,1,17,0,0,0,3,0,0,0,0,0,0,0,20,0,0,0,518,0,10,0,0,0,0,0,1554,2,0,0,1095,0,79,0,573,38,2233,0,146,0,1,0,92,0,22,0,0,0,1,0,9,0,0,0,2,0,0,0,0,0,0,0,0,0,0,0,0,0,0,0,0,0,0,0,0,1,0,0,0,0,0,0,0,0,0,0,0,0,0,0,3,0,5,1,8,0,1,0,0,0,0,0,0,0,0,0,0,0,0,0,0,0,0,1,0,0,0,0,0,0,0,0,0,0,0,0,0,0,2,0,0,0,0,0,0
293,0,16,0,6,0,12,0,3,0,0,0,16,0,12,1,0,0,0,0,0,0,0,0,0,0,0,0,0,0,0,0,18,1,0,0,95,5,5,0,15,2,1,0,0,0,2,0,29,0,0,0,391,0,701,0,0,0,0,0,1628,0,1520,0,0,0,1280,2,2473,0,136,4,26,0,9,1,107,2,73,4,0,0,6,0,228,0,0,0,35,0,0,0,0,0,0,0,0,0,0,1,0,0,0,0,0,0,0,1,0,3,2,0,0,0,0,0,0,0,0,0,0,0,0,0,2,0,45,0,29,3,6,0,0,0,8,1,1,0,0,0,0,0,0,0,1,1,0,0,3,1,0,0,0,0,0,0,0,0,3,0,1,0,5,1,3,0,1,0,0,0
0,118,0,2,0,2,0,1,0,0,0,0,0,0,0,2,0,0,0,0,0,0,0,0,0,0,0,0,0,0,0,0,0,6,0,0,0,19,0,1,1,1,0,0,0,0,0,1,0,2,0,0,0,43,0,16,0,0,0,0,0,1134,1,1095,0,0,0,2350,0,965,4,71,0,12,0,0,0,18,0,6,0,0,0,4,1,34,0,0,0,19,0,0,0,0,0,0,0,0,0,0,0,0,0,0,0,0,0,0,0,0,0,0,0,0,0,0,0,0,0,0,0,0,0,0,0,0,0,2,1,1,0,0,0,0,0,0,0,0,0,0,0,0,0,0,0,1,0,0,0,0,0,0,0,0,0,0,0,0,0,0,0,0,0,1,0,0,0,0,0,0
178,0,14,0,10,0,5,0,1,0,0,0,204,0,3,0,0,0,0,0,0,0,0,0,0,0,0,0,0,0,0,0,34,0,0,0,18,3,4,0,9,0,0,0,0,0,1,0,0,0,0,0,2,0,8,0,0,0,0,0,1312,0,43,0,1280,0,0,1,571,0,12,2,4,0,1,0,47,0,18,0,0,0,21,1,1601,0,0,0,398,0,0,0,0,0,0,0,0,0,0,0,0,0,0,0,0,0,0,0,0,1,0,0,0,0,0,0,0,0,0,0,0,0,0,0,0,0,7,0,11,2,4,0,2,0,2,0,0,0,0,0,0,0,0,0,0,0,0,0,3,0,0,0,0,0,0,0,0,0,0,0,0,0,2,0,1,0,0,0,0,1
2,308,0,13,0,11,0,82,0,1,0,0,1,685,0,18,0,0,0,1,0,0,0,0,0,0,0,0,0,0,0,0,2,180,0,0,3,101,1,3,0,7,0,0,0,0,0,4,0,4,0,2,0,16,0,10,0,0,0,1,0,1656,4,79,2,2350,1,0,0,320,9,92,1,6,0,14,2,150,0,53,0,0,1,30,3,1034,0,0,0,32,0,0,0,0,0,0,0,0,0,0,0,0,0,0,0,0,0,0,0,0,2,0,0,0,0,0,0,0,0,0,0,0,0,0,0,2,1,4,2,10,0,3,0,0,0,0,0,0,0,0,0,0,0,1,1,2,0,0,1,0,0,0,0,0,1,0,0,0,0,0,0,2,1,1,0,2,0,0,0,0
12,1,0,0,0,0,0,0,0,0,0,0,2,0,0,0,0,0,0,0,0,0,0,0,0,0,0,0,0,0,0,0,6,0,0,0,9,0,4,0,1,0,0,0,0,0,11,0,26,0,9,0,134,0,1759,0,1,0,1,0,24,0,596,0,2473,0,571,0,0,0,52,0,1,0,0,0,7,0,0,0,0,0,10,0,421,0,0,0,1142,0,0,0,1,0,0,0,0,0,0,0,0,0,0,0,0,0,0,0,0,0,0,0,0,0,0,0,0,0,0,0,0,0,0,0,0,0,2,0,1,0,0,0,0,0,0,0,0,0,0,0,0,0,0,0,0,0,0,0,0,0,0,0,0,0,0,0,0,0,0,0,0,0,0,0,1,0,0,0,0,0
0,120,0,4,0,3,0,8,0,0,0,0,1,4,0,12,0,0,0,0,0,0,0,0,0,0,0,0,0,0,0,0,0,9,0,0,0,21,2,16,2,1,0,0,0,0,4,35,12,66,4,2,0,683,0,1430,0,4,0,1,0,409,0,573,0,965,0,320,0,0,6,304,0,6,0,1,0,28,0,15,0,0,2,6,0,319,0,0,0,771,0,0,0,3,0,0,0,0,0,0,0,0,0,0,0,0,0,0,0,0,0,0,0,0,0,0,0,0,0,0,0,0,0,0,0,0,0,4,0,6,0,0,0,0,0,0,0,0,0,0,0,0,0,0,0,1,0,0,1,0,0,0,0,0,0,0,0,0,0,0,0,0,0,0,0,0,0,0,0,0
199,7,36,5,4,0,7,0,4,0,0,0,11,1,78,9,0,0,0,0,0,0,0,0,0,0,0,0,0,0,0,0,17,8,0,0,1807,264,1841,226,319,3,199,1,1,0,1298,358,1472,488,672,3,856,24,143,4,7,2,56,0,676,10,2988,38,136,4,12,9,52,6,0,2423,637,18,6,4,42,15,40,3,0,0,6,7,25,30,0,0,14,13,0,0,1,0,0,0,0,0,0,0,1,0,0,0,0,0,1,3,0,1,1,2,0,0,0,0,0,0,0,0,0,0,0,0,4,1,33,3,25,1,5,1,2,0,5,0,0,0,0,0,0,0,0,0,9,1,0,0,7,0,0,0,0,0,0,1,0,0,0,0,0,0,5,0,1,0,1,0,0,0
1,246,1,23,0,5,1,25,0,2,0,0,1,8,1,120,0,0,0,0,0,0,0,0,0,0,0,0,0,0,0,0,4,108,0,0,14,1597,116,1037,55,92,18,75,0,0,77,1045,387,1371,13,507,1,725,0,153,0,9,0,51,4,563,4,2233,4,71,2,92,0,304,2423,0,1,668,2,8,7,180,6,72,0,0,6,64,0,289,0,0,3,153,0,0,0,10,0,0,0,0,0,0,0,1,0,0,0,0,0,0,3,0,4,0,0,0,0,0,0,0,1,0,0,0,0,0,0,3,3,11,4,13,0,3,0,1,1,3,0,0,0,2,0,2,1,2,18,14,0,0,4,5,0,0,0,0,1,0,0,0,0,1,0,0,0,6,1,1,1,2,1,0
1425,3,251,0,39,1,54,0,9,0,0,0,20,0,1372,1,0,0,0,0,0,0,0,0,0,0,0,0,0,0,0,0,20,0,0,0,597,11,0,0,11,2,0,0,0,0,0,0,0,0,0,0,0,0,0,0,0,0,0,0,808,0,150,0,26,0,4,1,1,0,637,1,0,0,20,1,78,2,22,2,0,0,1,0,6,0,0,0,0,0,0,0,0,0,0,0,0,0,0,0,0,1,0,0,0,1,0,2,0,0,1,1,0,0,0,1,0,0,0,0,0,0,0,0,7,0,42,0,13,0,14,0,7,0,16,2,1,1,0,0,0,0,0,0,1,0,0,0,11,0,0,0,0,0,3,0,0,0,1,0,0,0,10,0,0,0,1,0,0,0
4,882,0,79,1,11,0,10,0,1,0,0,0,26,0,1181,0,0,0,1,0,0,0,0,0,0,0,0,0,0,0,0,0,50,0,0,2,287,0,2,1,3,0,0,0,0,1,0,0,0,0,0,0,1,0,1,0,0,0,0,2,1460,0,146,0,12,0,6,0,6,18,668,0,0,0,5,3,105,0,46,0,0,0,0,0,6,0,0,0,0,0,0,0,0,0,0,0,0,0,0,0,0,0,0,0,0,0,0,0,0,1,0,0,0,0,0,0,0,0,0,0,0,0,0,0,1,0,18,0,15,0,2,0,0,1,2,0,0,0,0,0,0,0,3,0,1,0,0,0,3,0,0,0,0,0,0,0,0,0,0,0,0,0,2,0,0,2,0,0,0
151,10,94,5,106,22,114,14,104,2,12,0,29,1,83,31,151,0,16,2,43,0,29,0,30,0,0,0,34,0,1,0,327,2,0,0,83,24,1,0,63,0,0,2,24,0,0,0,0,0,0,0,0,0,0,0,0,0,2,0,77,1,17,0,9,0,1,0,0,0,6,2,20,0,0,2,1537,4,455,2,0,0,4,0,3,1,21,0,7,0,1,0,2,0,1,0,2,2,1,2,1,1,0,1,0,1,1,11,1,2,1,13,0,0,0,0,0,0,0,1,11,0,0,0,352,0,531,2,376,1,126,0,38,0,237,4,27,0,1,1,4,0,7,0,59,2,6,0,86,0,37,1,6,0,32,16,129,0,13,3,13,0,108,1,41,2,7,5,8,3
5,22,1,10,5,17,1,79,0,58,0,9,1,18,0,24,3,187,0,6,0,29,0,177,0,30,0,1,0,8,0,0,1,299,0,0,6,45,1,1,2,81,1,1,0,57,0,0,0,1,0,0,0,1,0,1,0,0,0,4,2,24,0,1,1,0,0,14,0,1,4,8,1,5,2,0,1,2517,2,1017,0,0,1,0,0,3,0,93,1,3,0,1,0,1,0,1,0,0,0,3,2,1,1,0,0,0,1,2,2,0,7,1,0,1,0,0,0,0,0,0,0,21,0,0,0,244,2,479,3,336,1,105,0,11,1,199,0,16,0,3,0,6,0,39,0,125,0,25,0,51,5,23,0,4,7,29,0,108,0,3,0,18,2,174,0,6,2,6,0,0
418,3,156,11,260,12,168,7,412,3,84,0,143,3,164,21,693,0,22,2,5,0,41,0,32,0,1,0,16,0,3,0,2108,5,0,0,171,38,21,0,748,0,8,2,632,0,0,1,0,2,0,0,0,0,9,1,1,0,63,0,430,1,91,0,107,0,47,2,7,0,42,7,78,3,1537,1,0,12,1220,5,0,0,26,6,122,15,368,0,226,1,108,0,268,0,0,1,0,2,4,4,6,0,0,1,0,0,1,6,3,2,5,8,0,0,0,0,0,0,0,2,2,0,0,0,112,4,77,2,26,3,31,2,12,0,59,3,13,0,26,0,6,0,20,1,94,1,0,0,16,2,3,1,2,3,42,19,596,0,15,1,13,2,102,1,12,0,11,2,7,1
11,319,18,121,23,263,3,383,6,326,0,133,3,212,9,240,0,570,7,85,1,46,0,140,0,35,0,32,0,40,0,1,8,1852,0,0,17,309,9,33,5,1143,5,106,0,879,4,45,0,2,0,73,0,9,0,2,0,10,0,338,4,389,1,92,2,18,0,150,0,28,15,180,2,105,4,2517,12,0,6,1658,0,0,5,35,6,206,0,577,1,177,0,50,0,174,0,0,0,0,0,10,0,0,0,0,0,0,3,5,3,4,12,6,1,3,1,0,0,0,0,1,0,0,0,0,2,113,4,85,10,46,2,28,0,4,0,56,0,10,1,54,0,11,0,32,0,85,0,5,2,11,4,6,4,27,19,97,0,845,1,3,0,4,0,90,0,6,4,6,4,0
159,5,41,0,49,1,31,3,45,0,0,0,20,0,52,8,42,0,1,1,0,0,0,0,0,0,0,0,0,0,0,0,80,5,0,0,84,11,12,0,649,3,1,0,222,0,0,0,0,0,0,0,1,0,3,0,0,0,0,0,239,1,67,0,73,0,18,0,0,0,40,6,22,0,455,2,1220,6,0,10,0,0,4,0,14,5,3,0,13,1,4,0,6,0,0,0,0,3,0,4,2,1,0,1,0,0,2,11,2,3,3,13,0,1,0,0,0,0,0,2,2,0,0,0,75,0,26,1,16,5,10,0,12,0,41,0,1,0,4,1,0,0,1,0,11,4,0,0,4,0,0,0,0,0,8,3,115,0,10,0,11,1,120,1,17,1,7,6,3,2
2,110,2,14,7,39,0,80,1,22,0,2,1,42,3,71,0,26,0,6,0,0,0,1,0,0,0,0,0,0,0,0,1,77,0,0,24,138,2,18,16,759,2,13,0,107,0,5,1,1,0,3,0,0,0,3,0,0,0,6,3,160,1,22,4,6,0,53,0,15,3,72,2,46,2,1017,5,1658,10,0,0,0,4,7,1,32,0,5,0,1,0,0,0,3,0,0,0,1,0,5,2,1,0,0,0,0,1,1,4,3,16,5,2,1,0,0,0,0,0,0,0,1,0,2,1,103,3,36,9,27,1,21,0,4,0,36,0,3,0,25,1,2,0,13,1,45,0,6,3,3,0,0,0,0,4,8,0,173,1,1,1,10,0,221,3,6,3,6,5,1
0,0,0,0,0,0,0,0,0,0,0,0,0,0,0,0,0,0,0,0,0,0,0,0,0,0,0,0,0,0,0,0,0,0,0,0,0,0,0,0,0,0,0,0,0,0,0,0,0,0,0,0,0,0,0,0,0,0,0,0,0,0,0,0,0,0,0,0,0,0,0,0,0,0,0,0,0,0,0,0,0,0,0,0,0,0,0,0,0,0,0,0,0,0,0,0,0,0,0,0,0,0,0,0,0,0,0,0,0,0,0,0,0,0,0,0,0,0,0,0,0,0,0,0,0,0,0,0,0,0,0,0,0,0,0,0,0,0,0,0,0,0,0,0,0,0,0,0,0,0,0,0,0,0,0,0,0,0,0,0,0,0,0,0,0,0,0,0,0,0
0,0,0,0,0,0,0,0,0,0,0,0,0,0,0,0,0,0,0,0,0,0,0,0,0,0,0,0,0,0,0,0,0,0,0,0,0,0,0,0,0,0,0,0,0,0,0,0,0,0,0,0,0,0,0,0,0,0,0,0,0,0,0,0,0,0,0,0,0,0,0,0,0,0,0,0,0,0,0,0,0,0,0,0,0,0,0,0,0,0,0,0,0,0,0,0,0,0,0,0,0,0,0,0,0,0,0,0,0,0,0,0,0,0,0,0,0,0,0,0,0,0,0,0,0,0,0,0,0,0,0,0,0,0,0,0,0,0,0,0,0,0,0,0,0,0,0,0,0,0,0,0,0,0,0,0,0,0,0,0,0,0,0,0,0,0,0,0,0,0
19,0,0,0,0,0,31,1,1,0,0,0,192,0,0,0,0,0,0,0,0,0,0,0,0,0,0,0,0,0,0,0,127,3,0,0,22,7,26,0,7,0,1,0,0,0,0,1,1,1,1,0,3,0,12,0,1,0,0,0,102,0,1,0,6,0,21,1,10,2,6,6,1,0,4,1,26,5,4,4,0,0,0,2,281,3,0,0,33,0,0,0,0,0,0,0,0,0,0,0,0,0,0,0,0,0,0,1,1,0,0,0,0,0,0,0,0,0,0,0,0,0,0,0,0,0,2,2,8,2,0,0,0,0,0,0,0,0,0,0,0,0,0,0,2,2,0,0,8,0,0,0,0,0,0,0,0,0,1,0,0,0,0,0,0,0,1,1,0,0
0,25,0,1,0,2,0,14,0,2,0,0,1,425,0,2,0,0,0,0,0,0,0,0,0,0,0,0,0,0,0,0,1,103,0,0,0,24,4,28,0,29,0,0,0,0,4,40,1,5,3,9,0,0,0,6,0,2,0,2,0,27,0,1,0,4,1,30,0,6,7,64,0,0,0,0,6,35,0,7,0,0,2,0,2,525,0,12,3,22,0,0,0,2,0,0,0,0,0,0,0,0,0,0,0,0,0,1,0,0,0,0,0,0,0,0,0,0,0,0,0,0,0,0,0,0,1,2,2,5,0,0,0,0,0,0,0,0,0,2,0,0,0,0,0,3,0,0,1,0,0,0,0,0,0,0,0,0,0,0,0,0,0,0,0,0,0,0,0,0
139,0,7,0,3,0,168,0,2,0,0,0,967,0,3,1,0,0,0,0,0,0,0,0,0,0,0,0,0,0,0,0,261,2,0,0,42,14,67,1,293,2,2,0,1,0,17,0,5,0,15,0,24,1,128,0,21,0,26,0,813,1,18,0,228,1,1601,3,421,0,25,0,6,0,3,0,122,6,14,1,0,0,281,2,0,10,771,0,4921,2,8,0,275,0,0,0,0,0,0,0,0,1,0,0,0,0,0,0,2,0,1,2,0,0,0,0,0,0,0,1,0,0,0,0,0,0,4,3,8,2,1,0,0,0,1,0,1,0,2,1,0,0,2,0,20,0,0,1,1,0,0,0,0,0,0,0,0,0,0,0,0,0,2,0,0,1,2,0,0,0
1,191,0,9,0,2,0,38,0,1,0,0,3,1236,0,11,0,0,0,0,0,0,0,0,0,0,0,0,0,0,0,0,4,262,0,0,1,62,36,125,1,521,1,36,0,2,39,323,8,25,9,287,0,18,0,99,0,82,0,414,0,342,1,9,0,34,0,1034,0,319,30,289,0,6,1,3,15,206,5,32,0,0,3,525,10,0,0,756,3,6016,0,39,0,280,0,0,0,0,0,0,0,0,0,0,0,0,0,1,0,0,3,3,1,0,1,0,0,0,0,0,0,0,0,0,0,0,2,6,5,10,0,0,0,0,0,3,0,0,0,24,0,2,0,14,0,24,0,1,6,0,0,0,0,0,0,0,0,1,0,1,0,0,0,0,0,0,1,0,0,0
0,0,8,0,9,0,298,0,100,0,6,0,367,0,1,1,1,0,2,0,0,0,1,0,0,0,0,0,0,0,1,0,527,0,0,0,0,0,0,0,278,0,155,0,513,0,0,0,0,0,0,0,0,1,0,0,0,0,99,0,1,0,0,0,0,0,0,0,0,0,0,0,0,0,21,0,368,0,3,0,0,0,0,0,771,0,0,0,1223,0,1178,0,531,0,0,0,0,0,0,0,0,0,0,0,0,0,0,0,0,0,1,0,0,0,0,0,0,0,0,0,0,0,0,0,1,0,0,0,0,0,0,0,0,0,0,0,0,0,1,0,0,0,0,0,0,0,0,0,0,0,0,0,0,0,5,0,5,0,0,0,0,0,1,0,0,0,0,0,0,0
0,0,1,5,1,9,0,21,0,16,0,4,0,183,0,1,0,66,0,3,0,6,0,12,0,2,0,0,0,5,0,0,0,236,0,0,0,0,0,0,0,562,0,416,0,845,0,1,0,0,0,0,0,0,0,0,0,0,0,368,0,0,0,0,0,0,0,0,0,0,0,0,0,0,0,93,0,577,0,5,0,0,0,12,0,756,0,0,0,813,0,2850,0,627,0,0,0,0,0,0,0,0,0,0,0,0,0,0,0,0,0,0,0,0,0,0,0,0,0,0,0,0,0,0,0,4,0,0,0,0,0,1,0,0,0,0,0,0,0,1,0,0,0,0,0,1,0,0,0,0,1,0,4,4,0,6,0,7,0,0,0,0,0,1,0,0,0,0,0,0
2,0,3,0,1,1,0,0,1,0,1,0,1,0,0,1,0,0,0,0,0,0,0,0,0,0,0,0,0,0,0,0,143,0,0,0,7,1,25,1,324,1,3,0,27,0,70,0,17,0,89,0,100,0,3353,0,147,0,158,0,2,0,16,0,35,0,398,0,1142,0,14,3,0,0,7,1,226,1,13,0,0,0,33,3,4921,3,1223,0,0,0,486,0,4193,0,0,0,0,0,0,1,0,0,0,0,0,0,0,0,0,0,0,3,0,0,0,0,0,0,0,0,0,0,0,0,0,0,1,1,3,0,0,0,1,0,1,0,0,0,3,0,0,0,4,0,17,1,0,0,4,0,0,0,0,0,0,0,0,0,0,0,0,0,2,0,1,0,3,0,0,0
1,10,0,0,0,1,0,0,0,1,0,0,0,0,0,1,0,2,0,0,0,0,0,0,0,0,0,0,0,0,0,0,0,36,0,0,0,11,4,26,0,390,0,59,0,13,43,455,24,92,12,358,1,170,0,2579,0,314,0,997,0,56,0,2,0,19,0,32,0,771,13,153,0,0,0,3,1,177,1,1,0,0,0,22,2,6016,0,813,0,0,0,868,0,5917,0,0,0,0,1,0,0,0,0,0,0,0,0,0,0,0,0,1,0,1,0,0,0,0,0,0,0,0,0,0,0,0,0,0,0,2,0,0,0,0,0,0,0,0,0,9,0,0,0,2,0,3,0,0,0,0,0,0,1,0,0,0,0,0,0,0,0,0,0,0,0,0,0,0,0,0
0,0,1,0,2,0,0,0,3,0,3,0,0,0,0,0,1,0,0,0,0,0,2,0,0,0,0,0,0,0,0,0,32,0,0,0,0,0,0,0,277,0,150,0,220,0,0,0,0,0,0,0,0,0,0,0,0,0,1061,0,0,0,0,0,0,0,0,0,0,0,0,0,0,0,1,0,108,0,4,0,0,0,0,0,8,0,1178,0,486,0,0,0,3505,0,0,0,0,0,0,0,0,0,0,0,0,0,0,0,0,0,0,0,0,0,0,0,0,0,0,0,0,0,0,0,0,0,0,0,0,0,0,0,0,0,0,0,0,0,0,0,0,0,0,0,0,0,0,0,0,0,0,0,0,0,0,0,1,0,0,0,0,0,1,0,0,0,0,0,0,0
0,0,0,0,0,0,0,0,0,0,0,0,0,0,0,0,0,4,0,0,0,0,0,0,0,0,0,0,0,0,0,0,0,2,0,0,0,0,0,0,0,101,0,350,0,114,0,0,0,0,0,0,0,0,0,0,0,0,0,1261,0,0,0,0,0,0,0,0,0,0,0,0,0,0,0,1,0,50,0,0,0,0,0,0,0,39,0,2850,0,868,0,0,0,2228,0,0,0,0,0,0,0,0,0,0,0,0,0,0,0,0,0,1,0,0,0,0,0,0,0,0,0,0,0,0,0,0,0,0,0,0,0,0,0,0,0,0,0,0,0,0,0,0,0,0,0,0,0,0,0,0,0,0,0,1,0,0,0,0,0,0,0,0,0,0,0,0,0,0,0,0
0,0,2,0,0,0,0,1,5,0,0,0,0,0,0,0,0,0,0,0,0,0,0,0,0,0,0,0,0,0,0,0,76,0,0,0,0,0,0,0,525,0,73,0,44,0,1,0,0,0,13,0,1,0,8,0,63,0,3053,0,0,1,0,0,0,0,0,0,1,0,1,0,0,0,2,0,268,0,6,0,0,0,0,0,275,0,531,0,4193,0,3505,0,0,0,0,0,0,0,0,0,0,0,0,0,0,0,0,0,0,0,0,1,0,0,0,0,0,0,0,0,0,0,0,0,0,0,0,0,0,0,0,0,0,0,0,0,0,0,2,1,0,0,7,0,14,0,0,0,1,0,0,0,0,0,1,0,2,0,0,0,0,0,1,0,0,0,2,0,0,0
0,0,0,0,0,0,0,0,0,1,0,1,0,0,0,0,0,3,0,0,0,0,0,0,0,0,0,0,0,0,0,0,0,28,0,0,0,0,0,0,1,416,0,179,0,49,2,72,4,7,3,104,0,20,0,121,0,1227,0,5954,0,0,0,0,0,0,0,0,0,3,0,10,0,0,0,1,0,174,0,3,0,0,0,2,0,280,0,627,0,5917,0,2228,0,0,0,496,0,5,0,3,0,8,0,56,0,2,0,6,0,1,0,1,0,0,0,0,0,3,0,0,0,0,0,0,0,0,0,0,0,0,0,0,0,0,0,0,0,0,0,6,0,0,0,3,0,2,0,0,0,0,0,0,0,0,0,0,0,0,0,0,0,0,0,0,0,0,0,0,0,0
0,0,0,0,0,0,0,0,0,0,0,0,0,0,0,0,0,0,0,0,0,0,0,0,0,0,0,0,0,0,0,0,0,0,0,0,0,0,0,0,0,1,1,0,0,0,0,0,0,0,1407,1,0,0,0,0,13,0,904,0,0,0,0,0,0,0,0,0,0,0,0,0,0,0,1,0,0,0,0,0,0,0,0,0,0,0,0,0,0,0,0,0,0,0,0,21,4956,59,104,12,428,20,4958,68,826,11,982,71,121,33,14,11,1,10,102,88,194,130,21,8,0,0,0,0,1,0,1,0,0,0,0,0,0,0,0,1,0,0,0,1,1,0,0,1,0,0,0,1,0,0,0,0,0,0,0,0,0,0,2,0,0,1,0,0,2,0,17,6,1,0
1,1,0,0,0,0,0,0,0,0,0,0,0,0,0,0,0,0,0,0,0,0,0,0,0,0,0,0,0,0,0,0,0,0,0,0,1,0,0,0,1,2,1,0,0,0,0,0,0,0,4,2,0,0,0,0,0,0,0,467,0,0,0,0,0,0,0,0,0,0,0,0,0,0,0,1,1,0,0,0,0,0,0,0,0,0,0,0,0,0,0,0,0,496,21,0,57,3711,3,238,10,554,28,6849,4,554,45,1027,13,120,11,9,4,9,76,145,224,71,9,1,0,0,0,0,1,0,0,0,2,0,0,0,0,0,1,0,0,0,0,0,0,0,0,1,1,0,0,0,1,0,0,0,0,0,0,0,0,0,2,3,0,0,1,3,0,0,3,8,2,1
0,0,0,0,0,0,0,0,0,0,0,0,0,0,0,0,0,0,0,0,0,0,0,0,0,0,0,0,0,0,0,0,0,0,0,0,0,0,0,0,5,2,0,1,0,0,0,0,0,0,16,1,0,0,0,0,0,0,12,0,0,0,0,0,0,0,0,0,0,0,0,0,0,0,2,0,0,0,0,0,0,0,0,0,0,0,0,0,0,0,0,0,0,0,4956,57,0,465,47,6,185,17,809,70,2012,97,1228,77,142,28,19,9,1,4,26,19,277,308,8,7,0,0,0,0,1,0,0,1,0,1,1,0,0,0,0,0,0,0,1,1,0,0,0,0,0,0,0,0,0,0,0,0,0,0,0,0,0,0,2,2,0,0,0,0,0,1,12,4,3,0
0,0,0,0,0,0,0,0,0,0,0,0,1,0,0,0,0,0,0,0,0,0,0,0,0,0,0,0,0,0,0,0,0,0,0,0,0,0,0,0,1,0,0,4,0,0,0,0,0,0,2,2,0,0,0,0,0,0,0,4,1,0,0,0,0,0,0,0,0,0,0,0,0,0,2,0,2,0,3,1,0,0,0,0,0,0,0,0,0,0,0,0,0,5,59,3711,465,0,4,132,19,162,43,601,20,1930,103,1842,12,127,4,7,2,11,56,83,326,135,11,3,0,0,0,0,0,0,0,2,1,1,0,0,0,0,1,1,0,0,1,2,1,0,0,1,0,0,0,0,0,0,0,0,0,0,0,0,0,1,4,0,0,1,0,0,0,0,7,8,1,2
0,0,0,0,0,0,0,0,0,0,0,0,0,0,0,0,0,0,0,0,0,0,0,0,0,0,0,0,0,0,0,0,0,0,0,0,0,0,0,0,23,2,11,2,0,0,0,0,0,0,50,1,0,0,0,0,0,0,3,0,0,0,0,0,0,0,0,0,0,0,0,0,0,0,1,0,4,0,0,0,0,0,0,0,0,0,0,0,0,1,0,0,0,0,104,3,47,4,0,10,237,10,108,7,29,1,321,8,569,54,18,9,163,150,48,5,1,6,13,168,0,0,0,0,5,2,4,4,16,2,6,2,0,0,3,1,0,0,14,0,47,1,15,3,20,4,1,1,3,1,0,0,0,0,0,0,0,0,5,0,0,0,3,1,8,3,211,16,51,3
1,0,0,0,0,0,0,1,0,0,0,0,0,0,1,0,0,0,0,0,0,0,0,0,0,0,0,0,0,0,0,0,2,0,0,0,4,1,0,0,12,15,5,26,1,0,0,1,0,0,0,25,0,0,0,0,0,1,0,0,0,0,0,0,1,0,0,0,0,0,0,0,0,0,2,3,4,10,4,5,0,0,0,0,0,0,0,0,1,0,0,0,0,3,12,238,6,132,10,0,40,1084,11,243,3,44,27,556,40,296,46,157,14,132,137,15,7,8,13,31,0,1,0,0,5,7,3,21,4,23,0,11,1,0,0,7,0,0,0,10,3,7,2,22,4,14,0,2,1,4,0,0,0,0,0,0,0,0,13,23,0,2,2,3,3,17,26,20,49,2
1,0,0,0,0,0,0,0,0,0,0,0,0,0,1,0,0,0,0,0,0,0,0,0,0,0,0,0,0,0,0,0,0,0,0,0,2,2,0,0,8,3,9,5,0,0,0,0,0,0,266,1,0,0,0,0,0,0,39,0,1,0,1,0,0,0,0,0,0,0,1,0,0,0,1,2,6,0,2,2,0,0,0,0,0,0,0,0,0,0,0,0,0,0,428,10,185,19,237,40,0,150,2294,63,145,5,946,78,555,50,176,21,10,149,2059,136,17,82,136,82,0,0,0,0,4,2,3,2,5,7,3,1,0,0,2,1,0,0,1,1,3,0,1,3,5,1,0,0,1,1,0,0,0,0,1,0,0,0,12,2,1,2,1,5,1,2,49,10,8,1
0,0,0,0,1,0,0,0,0,0,0,0,0,0,0,0,0,0,0,0,0,0,0,0,0,0,0,0,0,0,0,0,1,0,0,0,0,1,1,0,0,2,3,2,0,0,0,0,0,0,5,3,0,0,0,0,0,0,1,2,0,0,0,0,0,0,0,0,0,0,0,1,1,0,1,1,0,0,1,1,0,0,0,0,1,0,0,0,0,0,0,0,0,8,20,554,17,162,10,1084,150,0,54,1365,5,63,29,375,26,96,13,139,8,44,1469,217,42,31,31,10,0,0,0,0,0,0,1,0,3,0,0,0,0,0,0,1,0,0,0,0,0,0,1,0,0,1,0,1,0,0,0,0,0,0,0,0,0,0,0,1,0,0,2,0,1,2,4,17,3,0
0,0,0,0,0,0,0,0,0,0,0,0,0,0,0,0,0,0,0,0,0,0,0,0,0,0,0,0,0,0,0,0,0,0,0,0,1,0,0,0,1,0,1,0,0,0,0,0,0,0,1661,1,0,0,0,0,0,0,1762,1,0,0,0,0,0,0,0,0,0,0,0,0,0,0,0,1,0,0,0,0,0,0,0,0,0,0,0,0,0,0,0,0,0,0,4958,28,809,43,108,11,2294,54,0,124,605,8,1198,84,210,42,88,8,2,17,128,788,213,209,50,15,0,0,0,0,0,0,0,0,2,1,0,0,0,0,0,0,0,0,0,0,1,0,1,0,1,0,0,0,0,0,0,0,0,0,0,0,0,0,3,1,0,1,0,0,1,0,30,4,2,2
0,1,0,0,0,0,0,0,0,0,0,0,1,0,1,0,0,0,1,0,0,0,0,0,0,0,0,0,0,0,0,0,1,0,0,0,0,0,0,0,1,3,0,6,0,0,0,0,0,0,5,95,0,0,0,0,0,0,1,810,1,0,0,0,0,0,0,0,0,0,0,0,0,0,1,0,1,0,1,0,0,0,0,0,0,0,0,0,0,0,0,0,0,56,68,6849,70,601,7,243,63,1365,124,0,13,182,150,615,32,232,17,116,9,33,200,932,257,173,30,9,0,0,0,0,0,0,2,2,0,3,2,0,0,0,0,0,0,0,0,0,0,0,0,0,0,1,0,0,1,0,0,0,0,0,0,0,0,0,3,3,0,1,0,1,2,1,14,12,2,1
0,0,0,0,0,0,0,0,1,0,0,0,0,0,0,0,0,0,0,0,0,0,0,0,0,0,0,0,0,0,0,0,0,0,0,0,0,0,0,0,1,1,2,0,0,0,0,0,0,0,7,0,0,0,0,0,0,0,2,0,0,0,0,0,0,0,0,0,0,0,0,0,0,0,0,0,0,0,0,0,0,0,0,0,0,0,0,0,0,0,0,0,0,0,826,4,2012,20,29,3,145,5,605,13,0,0,1027,21,106,9,29,1,0,1,14,3,26,33,5,3,0,0,0,0,0,0,0,1,2,0,0,0,0,0,0,0,0,0,0,0,0,0,1,0,0,0,0,0,0,0,0,0,0,0,0,0,0,0,0,1,0,2,1,0,0,0,9,5,3,1
0,0,0,0,0,0,0,0,0,0,0,0,0,0,0,0,0,0,0,0,0,0,0,0,0,0,0,0,0,0,0,0,0,0,0,0,0,0,1,0,0,0,0,1,0,0,0,0,0,0,1,0,0,0,0,0,0,0,1,4,0,0,0,0,0,0,0,0,0,0,0,0,1,0,1,0,0,0,0,0,0,0,0,0,0,0,0,0,0,0,0,0,0,2,11,554,97,1930,1,44,5,63,8,182,0,0,15,1337,5,67,1,4,4,5,24,14,49,196,4,2,0,0,0,0,0,0,1,1,2,0,0,1,0,0,0,0,0,0,0,0,0,0,0,0,0,0,0,0,0,0,0,0,0,0,0,0,0,0,0,4,0,0,1,1,0,0,1,1,1,0
