0,22,1445,22,1962,2,1359,5,273,0,0,0,470,0,501,60,0,0,3,4,0,0,0,0,0,0,0,0,0,0,0,0,206,3,0,0,112,52,6,1,1,1,1,0,0,0,2,0,4,0,2,0,5,0,55,0,1,0,1,0,3815,2,87,0,88,0,86,0,130,0,109,11,640,7,42,4,204,11,33,4,0,0,13,0,102,1,13,0,148,2,0,0,16,0,0,1,0,1,5,2,3,0,0,0,0,1,3,1,1,1,2,1,0,0,0,0,0,0,0,1,0,0,0,0,2,1,69,3,25,2,13,0,0,0,16,1,0,0,0,0,1,1,0,2,41,1,3,1,2,0,0,0,0,0,14,3,1,0,0,1,0,0,3,1,0,1,0,0,0,0
22,0,10,2622,1,1604,2,1739,1,84,0,1,3,546,29,798,0,0,0,1,0,0,0,0,0,0,0,0,0,0,0,0,1,211,0,0,113,291,0,2,1,4,7,0,0,0,0,1,0,2,0,1,0,2,0,3,0,0,0,0,12,3555,2,33,0,8,0,143,1,19,7,66,36,421,5,82,10,382,5,109,0,0,1,20,1,85,0,0,1,14,0,0,0,0,0,5,3,2,2,9,7,1,2,0,4,0,7,4,1,3,5,2,2,0,0,0,0,0,0,0,0,0,0,1,0,16,7,129,4,110,1,24,0,0,1,21,0,4,0,2,0,6,0,3,6,96,0,11,0,12,0,0,0,2,25,4,0,3,2,9,0,0,3,15,0,2,0,0,2,1
1445,10,0,37,6225,20,150,8,665,7,245,0,60,1,2357,42,22,0,4160,30,371,11,219,4,164,0,259,0,42,0,50,0,656,3,0,0,271,35,19,2,15,0,1,0,2,0,2,0,3,0,1,0,4,1,26,0,0,0,0,0,168,5,23,2,10,0,5,0,35,0,112,5,221,0,221,13,585,20,44,2,0,0,1,0,26,0,51,0,23,1,2,0,24,0,0,0,0,0,1,2,0,0,0,0,1,0,1,3,1,1,1,0,0,0,1,0,1,0,1,0,0,0,0,0,1,0,52,4,9,0,10,0,2,0,37,1,8,0,0,0,1,1,4,1,46,5,2,0,1,0,19,10,163,20,216,62,5,0,0,0,1,0,6,1,0,0,0,0,4,0
22,2622,37,0,35,6294,1,445,8,352,0,136,5,25,55,2624,11,26,41,3398,3,474,6,126,0,103,0,369,1,6,0,14,16,150,0,0,37,378,2,7,4,6,4,0,0,1,0,0,1,2,1,4,0,1,0,1,0,0,0,0,7,234,1,11,0,1,0,10,0,6,6,79,9,234,67,274,23,580,4,39,0,0,1,0,5,34,1,3,0,14,0,1,0,0,1,0,1,3,2,3,2,1,3,2,1,0,1,3,1,0,3,0,2,0,0,0,0,0,0,0,0,0,0,0,0,11,4,87,4,32,1,9,0,0,7,15,0,0,1,0,0,0,0,2,5,61,0,1,0,2,16,33,16,218,108,421,3,13,1,5,0,1,1,11,0,4,0,0,0,1
1962,1,6225,35,0,21,1087,4,4177,11,942,0,36,1,109,21,9,3,391,27,69,13,51,5,102,0,249,0,132,0,350,0,877,4,0,0,50,19,3,0,13,0,1,0,4,0,0,0,0,0,1,0,1,0,20,0,2,0,0,0,82,1,11,1,6,0,12,0,63,0,10,0,22,0,316,10,418,11,24,2,0,0,2,0,15,0,28,0,50,0,5,0,22,0,1,0,0,0,3,0,0,0,0,0,0,0,2,0,0,0,1,0,1,1,0,0,0,0,0,0,0,0,0,0,3,0,29,1,9,0,1,0,1,0,18,3,1,0,1,1,1,0,1,0,17,1,1,0,1,0,13,10,43,29,149,58,7,1,2,0,0,0,3,0,0,1,0,0,0,0
2,1604,20,6294,21,0,0,1625,7,3227,1,758,0,16,10,132,4,3,22,151,3,51,3,66,1,69,0,337,0,9,0,87,14,427,0,0,9,54,0,1,0,3,0,0,0,0,1,0,0,0,0,2,0,0,0,2,0,0,0,0,1,91,0,0,0,0,0,26,0,5,2,8,1,4,49,352,4,326,1,11,0,0,0,1,0,45,1,6,1,15,0,2,0,1,1,0,0,0,0,2,0,0,0,0,0,0,1,0,0,0,1,0,2,1,0,0,0,0,0,0,0,0,0,0,1,8,1,43,2,7,1,3,0,0,0,10,0,1,1,0,0,3,1,2,3,26,0,5,0,1,12,11,5,79,74,208,2,12,0,1,0,1,0,3,0,1,0,1,1,0
1359,2,150,1,1087,0,0,2,2650,0,10,0,1241,0,113,12,0,0,13,1,0,0,0,0,0,0,0,0,0,0,1,0,686,1,0,0,37,11,4,1,2,0,1,0,0,0,1,0,0,0,0,0,1,1,9,0,0,0,0,0,348,0,12,1,7,0,42,0,26,0,18,3,52,2,133,3,119,5,8,1,0,0,26,0,170,0,225,0,47,0,0,0,4,0,0,0,0,0,1,0,0,0,1,0,0,0,0,0,1,0,1,0,1,0,0,0,0,0,0,0,0,0,0,0,0,0,31,0,3,1,2,0,0,0,18,0,2,0,0,0,1,0,1,0,15,2,1,0,0,0,0,0,0,0,23,8,0,0,0,1,0,0,0,0,0,0,1,0,2,0
5,1739,8,445,4,1625,2,0,0,2262,0,25,0,1516,15,169,0,0,2,24,0,1,0,0,0,0,0,0,0,0,0,0,0,1143,0,0,4,32,0,0,0,1,1,0,0,0,0,0,0,0,0,1,0,0,0,1,0,0,0,0,2,171,0,2,0,0,0,147,0,13,4,9,0,5,17,211,4,193,1,20,0,0,0,34,0,199,0,8,0,15,0,0,0,0,0,0,0,0,0,0,1,0,1,0,0,0,0,1,1,1,0,1,1,0,0,0,0,0,0,1,0,0,0,0,0,0,0,36,2,9,0,5,0,0,1,6,1,2,0,2,0,1,0,1,0,23,1,3,0,3,0,0,0,0,24,19,0,0,0,3,0,1,0,3,1,1,0,0,0,0
273,1,665,8,4177,7,2650,0,0,6,1753,1,155,0,72,6,3,1,140,9,3,4,5,1,1,0,0,0,24,0,67,0,1735,2,0,0,32,8,3,0,1,0,1,0,1,0,0,0,0,0,1,0,1,0,3,0,1,0,1,0,17,0,4,0,3,1,5,0,7,0,6,0,15,0,206,8,196,5,11,0,0,0,0,0,18,1,227,0,14,0,0,0,9,0,0,0,0,0,3,0,0,0,0,0,0,0,0,0,0,0,0,0,1,0,0,0,0,0,0,0,0,0,0,0,1,0,27,2,3,0,2,0,0,0,13,0,2,0,0,0,0,0,1,0,17,0,4,0,1,0,1,3,17,9,68,24,0,1,0,0,0,0,0,0,0,0,0,0,1,0
0,84,7,352,11,3227,0,2262,6,0,0,1215,0,78,6,145,0,0,2,61,0,1,0,0,0,0,0,4,0,3,0,31,10,1526,0,0,5,39,0,1,0,2,0,0,0,0,0,0,0,0,0,0,0,0,0,0,0,0,0,0,0,17,0,0,0,0,0,36,0,0,0,3,0,2,26,227,1,214,0,5,0,0,0,3,0,33,1,0,0,7,0,0,0,0,0,1,0,0,0,2,0,0,0,0,0,0,0,0,0,1,0,0,1,0,0,0,0,0,0,0,0,0,0,0,0,2,1,28,0,5,0,3,0,0,0,6,0,0,0,2,0,0,0,0,1,8,0,2,0,1,0,1,0,11,18,36,0,2,0,1,0,1,0,2,1,0,0,2,0,0
0,0,245,0,942,1,10,0,1753,0,0,0,1,0,0,0,26,0,66,2,35,0,99,1,125,0,107,0,902,0,1387,0,805,0,0,0,1,2,0,0,13,0,1,0,5,0,0,0,0,0,0,0,0,0,0,0,0,0,4,0,0,0,0,0,1,0,0,0,0,0,0,0,0,0,26,0,197,0,6,0,0,0,0,0,1,0,24,0,5,0,0,0,11,0,1,0,0,0,0,0,0,0,0,0,0,0,0,0,0,0,0,0,0,0,0,0,0,0,0,0,0,0,0,0,0,0,2,0,0,0,0,0,0,0,1,0,0,0,0,0,0,0,0,0,0,0,0,0,0,0,0,1,5,3,3,2,19,0,0,0,0,0,0,0,0,0,0,0,0,0
0,1,0,136,0,758,0,25,1,1215,0,0,0,1,0,1,0,12,0,20,0,30,2,122,0,134,0,434,0,722,0,565,0,474,0,0,0,0,0,0,0,3,0,0,0,2,1,0,0,0,0,0,0,0,0,0,0,0,0,3,0,0,0,0,0,0,0,0,0,0,0,1,0,0,1,24,0,209,0,0,0,0,0,0,0,1,0,11,0,2,0,0,0,4,0,0,0,0,0,0,0,0,0,0,0,0,0,0,0,0,0,0,0,0,0,0,0,0,0,0,0,0,0,0,0,0,0,0,0,0,0,0,0,0,0,1,0,0,0,0,0,0,0,0,0,0,0,0,0,0,0,6,0,4,2,1,0,8,0,0,0,0,0,0,0,0,0,0,0,0
470,3,60,5,36,0,1241,0,155,0,1,0,0,0,67,6,0,0,3,1,0,0,0,0,0,0,0,0,0,0,0,0,1208,0,0,0,53,18,5,0,1,0,0,0,0,0,0,0,3,0,2,0,0,0,5,0,0,0,0,0,732,2,22,0,16,0,418,0,26,0,34,3,59,0,18,0,92,1,5,1,0,0,512,0,1900,1,180,0,36,0,0,0,1,0,0,0,0,0,1,0,0,0,0,0,0,0,0,0,1,0,0,0,0,0,0,0,0,0,0,0,0,0,0,0,0,0,10,0,10,3,1,0,1,0,2,0,0,0,0,0,1,0,0,0,6,0,0,0,0,0,0,0,0,0,2,0,0,0,0,0,0,0,0,0,0,0,0,0,1,0
0,546,1,25,1,16,0,1516,0,78,0,1,0,0,0,36,0,0,0,4,0,0,0,0,0,0,0,0,0,0,0,0,1,1680,0,0,3,22,0,0,2,0,0,0,0,0,0,1,0,1,0,1,0,0,0,0,0,0,0,0,0,1084,0,1,0,2,0,622,0,4,0,8,0,6,3,32,0,139,1,17,0,0,0,620,0,342,0,51,0,1,0,0,0,0,0,0,0,1,1,0,0,0,0,0,1,0,0,1,0,0,0,0,0,0,0,0,0,0,0,0,0,0,0,0,0,1,0,10,0,10,0,4,0,0,0,2,0,0,0,0,0,0,0,1,0,9,0,0,0,0,0,0,0,0,4,1,0,1,0,0,0,1,2,4,0,0,0,0,0,1
501,29,2357,55,109,10,113,15,72,6,0,0,67,0,0,159,0,0,527,22,0,0,0,0,0,0,0,0,0,0,0,0,189,8,0,0,1745,137,12,2,3,1,0,0,0,0,2,0,5,2,2,0,2,0,9,0,1,0,0,0,140,6,38,1,4,0,5,2,8,0,223,8,1623,7,203,13,236,14,35,3,0,0,5,0,33,0,21,0,2,2,0,0,1,0,0,2,0,3,4,2,0,1,0,0,0,0,2,4,2,2,2,0,1,0,0,0,0,0,0,0,1,0,0,0,4,0,98,6,31,2,12,1,0,0,38,1,7,0,1,0,2,0,6,0,61,7,4,1,3,0,0,0,2,0,100,38,0,0,1,0,0,0,3,2,2,0,0,1,2,1
60,798,42,2624,21,132,12,169,6,145,0,1,6,36,159,0,0,3,25,1261,0,1,0,2,0,0,0,0,0,0,0,1,31,72,0,0,142,2544,3,12,1,1,8,1,0,0,1,1,1,1,0,0,1,0,2,0,1,0,0,0,14,105,5,13,2,0,2,7,4,0,9,148,30,1046,72,190,47,291,8,35,0,0,0,0,4,10,2,0,0,2,0,0,0,0,1,1,3,1,2,9,8,0,0,0,1,0,7,1,3,0,2,4,1,0,1,0,0,0,0,1,0,0,0,0,0,5,15,124,2,50,3,17,1,3,4,14,1,6,0,1,0,3,0,4,10,89,2,2,0,4,1,4,2,12,134,147,0,1,1,7,0,1,1,11,0,2,0,2,1,0
0,0,22,11,9,4,0,0,3,0,26,0,0,0,0,0,0,40,32,15,216,4,1055,2,275,0,9,0,62,0,4,0,238,2,0,0,7,1,0,0,9,0,1,0,4,0,0,0,0,0,0,0,0,0,0,0,0,0,2,0,0,0,0,0,0,0,0,0,0,0,0,0,0,0,90,28,180,1,2,0,0,0,0,0,0,0,6,0,1,0,1,0,1,0,0,0,0,0,0,0,0,0,0,0,0,0,0,0,0,0,0,0,0,0,0,0,0,0,0,0,0,0,0,0,1,1,0,0,0,0,0,0,0,0,0,0,0,0,0,0,0,0,0,0,0,0,0,0,0,0,275,13,93,8,114,12,687,13,0,0,0,0,3,0,0,0,0,0,0,0
0,0,0,26,3,3,0,0,1,0,0,12,0,0,0,3,40,0,4,32,5,461,108,719,0,66,0,19,0,26,0,1,6,139,0,0,1,5,0,0,0,5,0,2,0,19,0,0,0,0,0,1,0,0,0,0,0,0,0,8,0,0,0,0,0,0,0,0,0,0,0,0,0,0,121,126,3,230,0,7,0,0,0,0,0,1,0,57,0,7,0,5,0,10,0,0,0,0,0,0,0,0,0,0,0,0,0,0,0,0,0,0,0,0,0,0,0,0,0,0,0,0,0,0,0,2,0,0,0,1,0,0,0,0,0,0,0,0,0,0,0,0,0,0,0,0,0,0,0,0,5,188,3,22,1,147,10,737,0,0,0,0,0,0,0,0,0,0,0,0
3,0,4160,41,391,22,13,2,140,2,66,0,3,0,527,25,32,4,0,53,1092,16,148,7,15,0,23,0,21,0,4,0,309,9,0,0,604,11,24,0,5,1,1,0,0,0,1,0,1,1,1,0,0,0,0,0,0,0,0,0,2,0,0,0,0,0,0,0,0,0,15,1,3,0,163,12,209,11,12,1,0,0,0,0,0,0,13,0,0,0,2,0,5,0,0,0,0,0,2,0,0,0,0,0,0,0,0,0,1,0,1,0,0,0,0,0,0,0,0,0,0,0,0,0,0,0,13,0,5,0,1,0,0,0,8,0,1,0,0,0,0,0,0,0,9,0,0,0,0,0,98,13,1110,52,792,88,18,0,1,0,0,0,1,0,1,0,0,0,0,0
4,1,30,3398,27,151,1,24,9,61,2,20,1,4,22,1261,15,32,53,0,13,1386,8,103,1,21,1,28,0,0,1,0,17,73,0,0,11,882,1,2,1,4,0,0,0,0,2,1,0,1,0,2,0,0,0,0,0,0,0,1,0,1,0,0,0,0,0,0,0,1,2,6,0,1,63,137,12,247,2,10,0,0,0,0,0,0,1,5,1,3,0,0,0,2,0,0,0,0,0,2,1,0,0,0,0,0,0,1,0,0,0,0,1,0,0,0,0,0,0,0,0,0,0,0,0,3,2,10,0,3,0,2,0,0,0,4,0,1,0,0,0,0,0,1,2,9,0,1,0,0,15,121,18,1727,54,486,12,19,0,0,0,0,0,1,0,0,0,0,0,0
0,0,371,3,69,3,0,0,3,0,35,0,0,0,0,0,216,5,1092,13,0,30,1421,1,229,0,199,0,38,0,6,0,59,0,0,0,11,0,0,0,2,0,0,0,1,0,0,0,0,0,0,0,0,0,0,0,0,0,0,0,0,0,0,0,0,0,0,0,0,0,0,0,0,0,125,5,116,1,0,0,0,0,0,0,1,0,8,0,1,0,0,0,4,0,0,0,0,0,1,0,0,0,0,0,0,0,0,0,0,0,0,0,0,0,0,0,0,0,0,0,0,0,0,0,0,0,0,0,0,0,0,0,0,0,1,0,0,0,0,0,0,0,0,0,0,0,0,0,0,0,239,7,685,20,34,16,163,0,0,0,0,0,0,0,0,0,0,0,0,0
0,0,11,474,13,51,0,1,4,1,0,30,0,0,0,1,4,461,16,1386,30,0,107,1650,0,417,0,112,1,10,0,4,10,8,0,0,2,16,1,0,0,1,0,0,0,1,0,0,0,0,0,0,0,0,0,0,0,0,0,0,0,0,0,0,0,0,0,0,0,0,0,0,0,0,17,148,4,129,0,3,0,0,0,0,0,0,0,5,0,3,0,0,0,3,0,0,0,0,0,0,0,0,0,0,0,0,0,0,0,0,0,0,0,0,0,0,0,0,0,0,0,0,0,0,0,0,0,0,0,0,0,0,0,0,0,0,0,0,0,0,0,0,0,0,0,0,0,0,0,0,3,615,6,688,9,147,3,258,0,0,0,0,0,0,0,0,0,0,0,0
0,0,219,6,51,3,0,0,5,0,99,2,0,0,0,0,1055,108,148,8,1421,107,0,667,1707,13,245,3,212,0,10,0,106,0,0,0,11,3,2,0,11,0,1,0,5,0,0,0,0,0,0,0,0,0,0,0,0,0,1,0,0,0,0,0,0,0,0,0,0,0,0,0,0,0,106,11,182,13,4,0,0,0,0,0,0,0,17,1,4,0,2,0,4,0,0,0,0,0,0,0,0,0,0,0,0,0,0,0,0,0,0,0,0,0,0,0,0,0,0,0,0,0,0,0,1,0,0,0,0,0,0,0,0,0,0,0,0,0,0,0,0,0,0,0,1,0,0,0,0,0,222,26,124,14,23,19,506,50,0,0,0,0,0,0,0,0,0,0,0,0
0,0,4,126,5,66,0,0,1,0,1,122,0,0,0,2,2,719,7,103,1,1650,667,0,0,2426,0,246,0,42,0,14,4,150,0,0,1,7,1,0,0,16,0,1,0,7,0,0,0,0,0,0,0,0,0,0,0,0,0,5,0,0,0,0,0,0,0,0,0,0,0,1,0,0,6,73,0,496,0,4,0,0,0,0,0,6,0,57,0,9,0,6,0,13,0,0,0,0,0,0,0,0,0,0,0,0,0,0,0,0,0,0,0,0,0,0,0,0,0,0,0,0,0,0,0,3,0,0,0,0,0,0,0,0,0,0,0,0,0,0,0,0,0,0,0,0,0,0,0,0,4,167,7,66,5,50,0,302,0,0,0,0,0,0,0,0,0,0,0,0
0,0,164,0,102,1,0,0,1,0,125,0,0,0,0,0,275,0,15,1,229,0,1707,0,0,0,462,0,548,0,7,0,160,0,0,0,0,0,0,0,15,0,5,0,14,0,0,0,0,0,0,0,0,0,0,0,0,0,3,0,0,0,0,0,0,0,0,0,0,0,0,0,0,0,22,0,72,0,1,0,0,0,0,0,1,0,24,0,3,0,5,0,16,0,0,0,0,0,0,0,0,0,0,0,0,0,0,0,0,0,0,0,0,0,0,0,0,0,0,0,0,0,0,0,0,0,0,0,0,0,0,0,0,0,0,0,0,0,0,0,0,0,0,0,0,0,0,0,0,0,0,0,5,0,1,0,97,0,0,0,0,0,0,0,0,0,0,0,0,0
0,0,0,103,0,69,0,0,0,0,0,134,0,0,0,0,0,66,0,21,0,417,13,2426,0,0,0,716,0,33,0,11,0,130,0,0,0,0,0,0,0,4,0,4,0,5,0,0,0,0,0,1,0,0,0,1,0,1,0,3,0,0,0,0,0,0,0,0,0,0,0,0,0,0,0,11,0,117,0,0,0,0,0,0,0,0,0,24,0,2,0,5,0,4,0,0,0,0,0,0,0,0,0,0,0,0,0,0,0,0,0,0,0,0,0,0,0,0,0,0,0,0,0,0,0,0,0,0,0,0,0,0,0,0,0,0,0,0,0,0,0,0,0,0,0,0,0,0,0,0,0,4,0,5,1,1,0,10,0,0,0,0,0,0,0,0,0,0,0,0
0,0,259,0,249,0,0,0,0,0,107,0,0,0,0,0,9,0,23,1,199,0,245,0,462,0,0,0,158,0,7,0,21,0,0,0,0,0,0,0,1,0,0,0,0,0,0,0,0,0,0,0,0,0,0,0,0,0,0,0,0,0,0,0,0,0,0,0,0,0,0,0,0,0,2,0,23,0,0,0,0,0,0,0,0,0,3,0,1,0,0,0,2,0,0,0,0,0,0,0,0,0,0,0,0,0,0,0,0,0,0,0,0,0,0,0,0,0,0,0,0,0,0,0,0,0,0,0,0,0,0,0,0,0,0,0,0,0,0,0,0,0,0,0,0,0,0,0,0,0,1,0,1,1,0,0,3,0,0,0,0,0,0,0,0,0,0,0,0,0
0,0,0,369,0,337,0,0,0,4,0,434,0,0,0,0,0,19,0,28,0,112,3,246,0,716,0,0,0,92,0,138,0,54,0,0,0,0,0,0,0,3,0,1,0,1,0,0,0,0,0,0,0,0,0,0,0,0,0,1,0,0,0,0,0,0,0,0,0,0,0,0,0,0,0,3,0,128,0,0,0,0,0,0,0,1,0,8,0,4,0,2,0,1,0,0,0,0,0,0,0,0,0,0,0,0,0,0,0,0,0,0,0,0,0,0,0,0,0,0,0,0,0,0,0,0,0,0,0,0,0,0,0,0,0,0,0,0,0,0,0,0,0,0,0,1,0,0,0,0,0,2,0,4,0,3,0,7,0,0,0,0,0,0,0,0,0,0,0,0
0,0,42,1,132,0,0,0,24,0,902,0,0,0,0,0,62,0,21,0,38,1,212,0,548,0,158,0,0,0,150,0,766,0,0,0,0,0,0,0,14,0,0,0,6,0,0,0,0,0,0,0,0,0,0,0,0,0,2,0,0,0,0,0,0,0,0,0,0,0,0,0,0,0,15,0,60,0,0,0,0,0,0,0,0,0,22,0,4,0,4,0,8,0,0,0,0,0,0,0,0,0,0,0,0,0,0,0,0,0,0,0,0,0,0,0,0,0,0,0,0,0,0,0,0,0,0,0,0,0,0,0,0,0,0,0,0,0,0,0,0,0,0,0,1,0,0,0,0,0,1,2,4,1,1,0,26,0,0,0,0,0,0,0,0,0,0,0,0,0
0,0,0,6,0,9,0,0,0,3,0,722,0,0,0,0,0,26,0,0,0,10,0,42,0,33,0,92,0,0,0,36,0,170,0,0,0,0,0,0,0,1,0,1,0,1,0,0,0,0,0,0,0,0,0,0,0,0,0,0,0,0,0,0,0,0,0,0,0,0,0,0,0,0,0,0,0,22,0,2,0,0,0,0,0,2,0,17,0,1,0,2,0,1,0,0,0,0,0,0,0,0,0,0,0,0,0,0,0,0,0,0,0,0,0,0,0,0,0,0,0,0,0,0,0,0,0,0,0,0,0,0,0,0,0,0,0,0,0,0,0,0,0,0,0,0,0,0,0,0,0,0,0,1,0,0,0,0,0,0,0,0,0,0,0,0,0,0,0,0
0,0,50,0,350,0,1,0,67,0,1387,0,0,0,0,0,4,0,4,1,6,0,10,0,7,0,7,0,150,0,0,0,52,0,0,0,0,0,0,0,3,0,0,0,0,0,0,0,0,0,1,0,0,0,0,0,0,0,0,0,0,0,0,0,0,0,0,0,0,0,0,0,0,0,1,0,65,0,2,0,0,0,0,0,0,0,5,0,0,0,0,0,4,0,0,0,0,0,0,0,0,0,0,0,0,0,0,0,0,0,0,0,0,0,0,0,0,0,0,0,0,0,0,0,0,0,0,0,0,0,0,0,0,0,0,0,0,0,0,0,0,0,0,0,0,0,0,0,0,0,0,0,1,0,0,0,3,0,0,0,0,0,0,0,0,0,0,0,0,0
0,0,0,14,0,87,0,0,0,31,0,565,0,0,0,1,0,1,0,0,0,4,0,14,0,11,0,138,0,36,0,0,0,17,0,0,0,0,0,0,0,0,0,0,0,0,0,0,0,0,0,0,0,0,0,0,0,0,0,0,0,0,0,0,0,0,0,0,0,0,0,0,0,0,0,1,0,32,0,0,0,0,0,0,0,0,0,3,0,2,0,0,0,1,0,0,0,0,0,0,0,0,0,0,0,0,0,0,0,0,0,0,0,0,0,0,0,0,0,0,0,0,0,0,0,0,0,0,0,0,0,0,0,0,0,0,0,0,0,0,0,0,0,0,0,0,0,0,0,0,0,0,0,0,0,0,0,3,0,0,0,0,0,0,0,0,0,0,0,0
206,1,656,16,877,14,686,0,1735,10,805,0,1208,1,189,31,238,6,309,17,59,10,106,4,160,0,21,0,766,0,52,0,0,6,0,0,129,42,4,2,167,0,33,0,178,0,4,1,1,0,23,1,3,0,29,0,9,0,42,0,202,4,84,0,22,0,71,0,51,0,73,12,79,0,329,6,3163,14,123,1,0,0,101,0,533,3,916,0,169,0,23,0,146,0,4,1,4,0,3,2,2,1,2,1,0,1,1,2,0,0,5,0,3,0,0,0,0,0,0,0,1,0,0,0,14,0,88,3,21,2,10,0,2,0,55,0,7,0,0,0,3,0,5,0,76,1,5,0,0,0,5,3,30,14,94,39,9,1,1,0,0,0,2,1,2,2,0,2,2,0
3,211,3,150,4,427,1,1143,2,1526,0,474,0,1680,8,72,2,139,9,73,0,8,0,150,0,130,0,54,0,170,0,17,6,0,0,0,5,31,2,8,0,67,0,27,0,105,5,12,4,7,0,32,1,12,0,18,0,9,0,30,0,242,3,9,0,0,0,115,0,7,6,51,0,11,12,214,5,3892,3,40,0,0,1,95,1,494,0,277,1,190,0,23,0,45,0,0,2,2,1,0,0,1,0,2,1,1,2,5,3,3,1,3,0,0,0,0,1,0,0,0,0,0,0,0,0,1,1,18,1,44,0,5,0,0,0,5,0,2,0,12,0,9,0,19,0,44,0,4,0,9,1,1,1,4,16,48,0,4,0,2,0,0,0,3,0,0,0,0,0,0
0,0,0,0,0,0,0,0,0,0,0,0,0,0,0,0,0,0,0,0,0,0,0,0,0,0,0,0,0,0,0,0,0,0,0,0,0,0,0,0,0,0,0,0,0,0,0,0,0,0,0,0,0,0,0,0,0,0,0,0,0,0,0,0,0,0,0,0,0,0,0,0,0,0,0,0,0,0,0,0,0,0,0,0,0,0,0,0,0,0,0,0,0,0,0,0,0,0,0,0,0,0,0,0,0,0,0,0,0,0,0,0,0,0,0,0,0,0,0,0,0,0,0,0,0,0,0,0,0,0,0,0,0,0,0,0,0,0,0,0,0,0,0,0,0,0,0,0,0,0,0,0,0,0,0,0,0,0,0,0,0,0,0,0,0,0,0,0,0,0
0,0,0,0,0,0,0,0,0,0,0,0,0,0,0,0,0,0,0,0,0,0,0,0,0,0,0,0,0,0,0,0,0,0,0,0,0,0,0,0,0,0,0,0,0,0,0,0,0,0,0,0,0,0,0,0,0,0,0,0,0,0,0,0,0,0,0,0,0,0,0,0,0,0,0,0,0,0,0,0,0,0,0,0,0,0,0,0,0,0,0,0,0,0,0,0,0,0,0,0,0,0,0,0,0,0,0,0,0,0,0,0,0,0,0,0,0,0,0,0,0,0,0,0,0,0,0,0,0,0,0,0,0,0,0,0,0,0,0,0,0,0,0,0,0,0,0,0,0,0,0,0,0,0,0,0,0,0,0,0,0,0,0,0,0,0,0,0,0,0
112,113,271,37,50,9,37,4,32,5,1,0,53,3,1745,142,7,1,604,11,11,2,11,1,0,0,0,0,0,0,0,0,129,5,0,0,0,354,671,10,8,1,3,0,1,0,13,2,31,2,13,2,5,0,6,0,2,0,1,0,131,41,48,2,7,0,50,6,15,0,2330,39,614,74,188,26,179,22,33,7,0,0,15,0,40,4,6,0,10,1,1,0,0,0,1,0,2,0,6,0,0,0,0,1,0,0,7,1,3,1,4,1,2,0,0,0,0,0,0,0,0,1,0,0,3,1,75,11,64,15,17,1,3,0,16,1,4,1,0,1,3,0,4,0,34,13,5,1,6,0,30,6,62,0,766,24,6,1,0,0,1,0,6,1,0,0,1,0,3,0
52,291,35,378,19,54,11,32,8,39,2,0,18,22,137,2544,1,5,11,882,0,16,3,7,0,0,0,0,0,0,0,0,42,31,0,0,354,0,33,325,3,4,5,1,1,0,11,5,13,31,1,14,2,6,4,1,1,0,0,0,46,210,15,43,7,2,19,17,12,4,167,1855,83,385,66,196,45,144,14,39,0,0,4,2,18,13,2,1,9,3,0,0,0,1,1,1,2,0,2,4,5,1,0,0,0,0,5,3,3,2,4,3,0,0,0,0,0,0,0,0,0,0,0,0,1,4,13,69,25,97,5,4,1,2,5,7,1,1,0,4,2,2,4,4,29,70,3,6,4,8,1,11,4,267,93,1253,2,7,0,4,0,0,2,7,1,1,0,0,5,1
6,0,19,2,3,0,4,0,3,0,0,0,5,0,12,3,0,0,24,1,0,1,2,1,0,0,0,0,0,0,0,0,4,2,0,0,671,33,0,72,79,4,17,15,0,0,203,30,135,10,66,19,69,3,32,6,7,1,14,8,5,0,47,5,3,2,5,3,9,4,877,85,3,2,3,1,25,6,12,0,0,0,14,0,31,13,1,0,20,2,0,0,3,0,1,1,1,0,2,1,0,1,1,0,0,0,2,1,0,0,1,0,0,0,0,0,0,0,0,0,0,0,0,0,1,0,5,0,10,3,2,0,1,0,1,0,1,0,4,0,1,0,3,0,24,0,2,0,0,1,1,0,13,1,82,1,0,0,0,0,2,0,2,0,1,0,0,0,0,0
1,2,2,7,0,1,1,0,0,1,0,0,0,0,2,12,0,0,0,2,0,0,0,0,0,0,0,0,0,0,0,0,2,8,0,0,10,325,72,0,10,30,3,44,0,0,66,358,34,83,30,72,14,51,3,19,1,6,5,14,0,2,24,12,1,2,3,7,5,12,100,1101,0,3,3,2,5,19,1,3,0,0,3,5,13,38,0,0,8,27,0,0,2,4,1,0,0,0,3,0,0,5,0,0,0,0,1,3,0,0,0,0,0,0,1,0,0,0,0,0,0,0,0,0,0,0,1,3,7,11,0,0,0,0,1,1,0,0,0,3,0,3,1,1,2,6,0,0,0,0,1,0,1,3,1,7,0,0,0,0,0,0,1,0,0,0,0,1,0,0
1,1,15,4,13,0,2,0,1,0,13,0,1,2,3,1,9,0,5,1,2,0,11,0,15,0,1,0,14,0,3,0,167,0,0,0,8,3,79,10,0,4,1676,5,893,0,42,8,8,0,285,2,7,0,56,0,30,0,551,4,4,3,8,0,1,0,1,0,2,0,50,21,5,0,14,0,531,6,129,2,0,0,1,1,101,2,466,0,273,0,134,0,498,0,12,2,4,2,31,4,14,3,9,1,3,1,24,11,11,2,25,3,7,2,2,0,0,0,0,1,1,1,1,0,65,1,15,1,33,1,10,0,45,0,36,1,3,0,253,1,7,0,37,0,351,0,1,0,6,1,0,0,4,0,2,1,125,0,11,0,4,0,172,3,26,1,0,1,7,1
1,4,0,6,0,3,0,1,0,2,0,3,0,0,1,1,0,5,1,4,0,1,0,16,0,4,0,3,0,1,0,0,0,67,0,0,1,4,4,30,4,0,4,2912,0,339,5,46,2,8,10,242,3,12,2,24,0,30,1,1091,0,4,1,6,0,0,0,0,0,1,4,169,2,4,2,10,1,547,1,278,0,0,0,2,0,151,0,292,0,301,0,153,0,300,3,9,2,8,1,15,1,15,2,4,0,2,6,13,3,7,11,9,1,0,0,0,0,0,0,0,0,0,0,0,1,18,1,8,0,11,0,1,0,1,1,3,0,2,0,281,1,19,0,49,0,199,0,1,0,4,0,0,0,0,0,2,0,41,1,13,0,3,3,155,0,7,1,0,0,0
1,7,1,4,1,0,1,1,1,0,1,0,0,0,0,8,1,0,1,0,0,0,1,0,5,0,0,0,0,0,0,0,33,0,0,0,3,5,17,3,1676,4,0,2,559,0,114,15,17,0,680,6,5,0,8,0,6,0,1076,1,2,7,4,0,0,0,0,0,0,0,126,16,0,2,1,9,15,9,6,15,0,0,0,0,0,2,200,0,17,0,181,0,219,0,13,12,6,8,3,3,11,0,3,3,5,6,18,13,14,6,18,3,0,0,1,1,0,0,0,0,0,0,0,0,0,0,0,3,0,1,2,0,0,0,1,0,0,0,1,2,0,0,0,0,9,2,0,0,0,0,0,0,0,0,1,0,0,0,69,5,12,1,7,18,4,0,0,1,0,0
0,0,0,0,0,0,0,0,0,0,0,0,0,0,0,1,0,2,0,0,0,0,0,1,0,4,0,1,0,1,0,0,0,27,0,0,0,1,15,44,5,2912,2,0,0,563,10,54,0,6,10,619,0,3,0,5,0,5,1,1865,0,0,0,0,0,0,0,1,0,0,15,189,0,0,0,0,1,51,0,2,0,0,0,0,0,7,0,419,0,23,0,232,0,215,0,0,0,0,0,0,0,138,0,0,0,0,0,0,0,0,0,0,0,0,6,0,0,0,0,0,0,0,0,0,0,0,0,0,0,0,0,0,0,0,0,0,0,0,0,0,0,0,0,0,0,1,0,0,0,0,0,0,0,0,0,0,0,1,0,0,0,0,0,0,0,0,0,0,0,0
0,0,2,0,4,0,0,0,1,0,5,0,0,0,0,0,4,0,0,0,1,0,5,0,14,0,0,0,6,0,0,0,178,0,0,0,1,1,0,0,893,0,559,0,0,0,2,0,0,0,9,0,1,0,2,0,0,0,35,0,0,0,1,0,0,0,0,0,0,0,1,0,0,0,5,0,407,0,63,1,0,0,0,0,0,0,581,0,13,0,92,0,68,0,0,0,0,0,5,1,1,0,0,0,0,0,0,0,0,1,0,0,3,0,0,0,0,0,0,0,0,0,0,0,9,0,1,0,3,0,0,0,7,0,3,1,0,0,9,0,0,0,2,0,8,1,0,0,0,0,0,0,0,0,0,0,94,0,0,0,0,0,25,1,5,0,0,0,2,0
0,0,0,1,0,0,0,0,0,0,0,2,0,0,0,0,0,19,0,0,0,1,0,7,0,5,0,1,0,1,0,0,0,105,0,0,0,0,0,0,0,339,0,563,0,0,0,0,0,0,0,0,0,0,0,2,0,1,0,189,0,0,0,1,0,0,0,0,0,0,0,0,0,0,0,6,0,311,0,113,0,0,0,0,0,3,0,951,0,31,0,127,0,136,0,0,0,0,0,0,0,0,0,0,0,0,0,0,0,1,1,0,0,0,0,0,0,0,0,0,0,0,0,0,0,8,0,1,0,0,0,0,0,0,0,0,0,0,0,6,0,1,0,1,0,1,0,0,0,0,0,0,0,0,0,0,0,23,0,0,0,0,0,1,0,0,0,0,0,0
2,0,2,0,0,1,1,0,0,0,0,1,0,0,2,1,0,0,1,2,0,0,0,0,0,0,0,0,0,0,0,0,4,5,0,0,13,11,203,66,42,5,114,10,2,0,0,485,4179,219,5699,208,1420,67,899,43,534,16,171,11,0,2,50,6,0,0,0,0,2,0,743,178,0,0,0,0,30,16,2,3,0,0,3,0,25,20,1,0,48,22,1,0,23,10,188,0,1,0,0,0,0,4,135,0,0,0,1,0,0,0,0,0,0,0,6,3,0,0,0,0,0,0,0,0,1,0,0,0,4,0,0,0,1,0,2,0,0,0,6,1,1,0,4,0,12,0,0,0,1,0,0,0,0,1,1,1,0,0,0,0,0,0,0,1,0,0,0,0,0,0
0,1,0,0,0,0,0,0,0,0,0,0,0,1,0,1,0,0,0,1,0,0,0,0,0,0,0,0,0,0,0,0,1,12,0,0,2,5,30,358,8,46,15,54,0,0,485,0,116,3906,166,3874,24,1563,12,772,8,376,14,111,0,0,5,5,0,0,0,0,0,2,104,1143,1,0,0,0,1,55,1,10,0,0,0,0,1,53,0,2,3,93,0,1,4,26,1,9,0,2,0,1,1,40,1,23,0,0,0,0,0,1,0,0,0,0,120,24,0,0,0,0,0,0,0,0,0,0,0,0,0,1,1,0,0,1,0,0,0,0,0,12,0,3,0,2,0,5,0,0,0,1,0,0,0,0,0,0,0,0,0,0,0,0,0,0,0,0,0,0,0,0
4,0,3,1,0,0,0,0,0,0,0,0,3,0,5,1,0,0,1,0,0,0,0,0,0,0,0,0,0,0,0,0,1,4,0,0,31,13,135,34,8,2,17,0,0,0,4179,116,0,262,476,23,2439,24,250,9,31,4,12,0,2,0,259,7,4,0,2,3,6,0,868,131,0,1,1,0,9,5,1,2,0,0,1,0,8,9,1,0,18,18,0,0,5,4,12,1,1,0,1,0,0,1,4,1,0,1,1,0,0,0,0,0,0,0,0,0,0,0,0,0,0,0,0,0,0,0,2,0,6,0,0,0,0,0,0,0,0,0,0,1,0,1,2,1,4,2,0,0,0,0,0,0,0,2,0,1,0,0,0,0,0,0,0,0,0,0,0,0,0,0
0,2,0,2,0,0,0,0,0,0,0,0,0,1,2,1,0,0,1,1,0,0,0,0,0,0,0,0,0,0,0,0,0,7,0,0,2,31,10,83,0,8,0,6,0,0,219,3906,262,0,20,451,19,1976,16,622,5,92,4,21,0,5,11,98,0,3,0,3,1,13,100,1576,1,5,1,0,2,24,1,2,0,0,0,0,7,38,0,0,1,83,0,0,0,9,0,1,0,1,0,0,0,4,0,4,0,0,1,0,0,0,0,0,0,0,18,2,0,0,0,0,0,0,0,0,0,0,0,1,4,0,0,0,0,0,0,0,0,0,0,7,1,0,0,0,1,2,0,0,1,0,0,0,1,0,1,0,0,0,0,0,0,0,0,0,0,0,0,1,0,0
2,0,1,1,1,0,0,0,1,0,0,0,2,0,2,0,0,0,1,0,0,0,0,0,0,0,0,0,0,0,1,0,23,0,0,0,13,1,66,30,285,10,680,10,9,0,5699,166,476,20,0,58,169,11,609,3,1599,2,2618,6,1,0,8,0,0,0,0,0,3,0,608,70,1,0,11,1,87,1,4,1,0,0,0,0,22,0,19,0,98,5,7,0,113,2,1287,1,1,0,18,0,22,0,529,0,1,0,0,0,0,0,0,0,0,12,0,7,0,0,0,0,0,0,0,0,1,0,0,0,8,0,1,0,0,0,0,0,0,0,11,0,3,0,6,0,23,0,0,0,2,0,0,0,0,0,2,0,0,0,0,0,0,0,0,0,1,0,0,0,1,0
0,1,0,4,0,2,0,1,0,0,0,0,0,1,0,0,0,1,0,2,0,0,0,0,0,1,0,0,0,0,0,0,1,32,0,0,2,14,19,72,2,242,6,619,0,0,208,3874,23,451,58,0,10,191,3,350,2,1611,1,2412,0,3,2,0,0,0,0,0,0,3,19,643,0,0,0,2,0,129,0,20,0,0,0,0,0,80,0,16,0,196,0,3,0,90,0,174,0,0,2,38,0,631,0,431,0,0,0,2,1,0,0,2,1,49,239,70,0,0,0,0,0,1,0,0,0,2,0,0,0,9,0,1,0,2,0,2,0,0,0,33,0,3,0,2,1,10,1,0,1,0,0,0,0,0,0,0,0,0,0,0,0,0,0,4,0,2,0,1,38,0
5,0,4,0,1,0,1,0,1,0,0,0,0,0,2,1,0,0,0,0,0,0,0,0,0,0,0,0,0,0,0,0,3,1,0,0,5,2,69,14,7,3,5,0,1,0,1420,24,2439,19,169,10,0,15,2374,7,137,3,44,1,6,0,831,1,26,0,1,0,11,0,242,47,2,0,0,0,34,4,1,0,0,0,8,0,15,13,1,0,47,5,0,0,18,0,34,0,0,1,0,0,0,0,10,0,0,0,0,0,1,0,0,0,0,0,0,0,0,0,0,0,0,0,0,0,2,0,0,0,2,0,0,0,0,0,4,0,0,0,0,1,1,0,5,0,6,1,0,0,2,1,0,0,0,0,1,0,0,0,0,0,0,0,0,0,0,0,0,0,0,0
0,2,1,1,0,0,1,0,0,0,0,0,0,0,0,0,0,0,0,0,0,0,0,0,0,0,0,0,0,0,0,0,0,12,0,0,0,6,3,51,0,12,0,3,0,0,67,1563,24,1976,11,191,15,0,6,2382,4,133,1,32,1,6,4,459,0,13,1,11,1,470,27,479,0,2,0,0,1,16,0,3,0,0,0,1,0,53,0,4,0,228,0,0,0,41,1,1,0,0,0,0,0,1,0,1,0,0,0,0,0,0,0,0,0,0,6,1,0,0,0,0,0,0,0,0,0,0,0,0,0,0,0,0,1,0,0,0,0,0,0,8,1,0,0,4,1,0,0,0,0,1,0,0,0,0,0,0,0,0,0,0,0,0,0,0,0,1,0,0,0,0
55,0,26,0,20,0,9,0,3,0,0,0,5,0,9,2,0,0,0,0,0,0,0,0,0,0,0,0,0,0,0,0,29,0,0,0,6,4,32,3,56,2,8,0,2,0,899,12,250,16,609,3,2374,6,0,4,2883,0,408,1,56,1,981,2,1115,0,8,0,1378,0,84,33,9,0,3,1,108,2,6,0,0,0,11,0,84,10,16,0,2888,5,1,0,380,0,120,1,1,0,3,0,1,0,36,0,0,0,1,1,0,0,1,1,1,0,0,2,0,0,0,0,0,0,0,0,1,0,4,0,9,1,1,1,0,0,5,0,0,0,3,0,1,0,2,0,12,2,3,0,1,0,0,0,0,0,2,0,0,0,0,0,0,0,0,0,0,0,0,0,1,1
0,3,0,1,0,2,0,1,0,0,0,0,0,0,0,0,0,0,0,0,0,0,0,0,0,1,0,0,0,0,0,0,0,18,0,0,0,1,6,19,0,24,0,5,0,2,43,772,9,622,3,350,7,2382,4,0,2,1625,0,255,0,11,4,165,0,4,0,2,0,697,20,236,0,3,0,0,0,73,0,2,0,0,0,0,0,118,0,6,0,2113,0,2,0,431,0,9,0,0,0,1,0,1,0,13,0,0,0,1,0,0,0,0,0,0,0,0,0,0,0,0,0,0,0,0,0,0,0,0,1,3,0,0,0,0,0,0,0,0,0,11,0,2,0,2,0,2,0,0,0,0,0,0,0,0,0,0,0,0,0,0,0,1,0,0,0,1,0,0,0,0
1,0,0,0,2,0,0,0,1,0,0,0,0,0,1,1,0,0,0,0,0,0,0,0,0,0,0,0,0,0,0,0,9,0,0,0,2,1,7,1,30,0,6,0,0,0,534,8,31,5,1599,2,137,4,2883,2,0,1,1760,0,0,0,8,1,1,0,0,0,7,0,20,11,1,0,0,0,33,2,0,0,0,0,2,0,21,0,6,0,257,0,2,0,761,0,292,0,0,0,0,0,0,0,37,0,0,0,1,0,0,0,0,0,0,0,0,1,0,0,0,0,0,0,0,0,0,0,0,0,2,0,0,0,1,0,0,0,0,0,2,0,2,0,1,0,6,0,0,0,0,0,0,0,0,0,0,0,0,0,0,0,0,0,0,0,0,0,0,0,0,0
0,0,0,0,0,0,0,0,0,0,0,0,0,0,0,0,0,0,0,0,0,0,0,0,0,1,0,0,0,0,0,0,0,9,0,0,0,0,1,6,0,30,0,5,0,1,16,376,4,92,2,1611,3,133,0,1625,1,0,2,2376,0,0,1,2,0,0,0,0,0,4,7,40,0,0,0,0,0,40,0,6,0,0,0,0,0,50,0,4,0,245,0,1,0,1596,0,38,0,0,0,0,0,1,0,87,0,0,0,1,0,0,2,0,0,0,0,1,0,0,0,0,0,0,0,0,0,0,0,0,0,0,0,0,0,0,0,0,0,0,1,6,0,2,0,0,0,2,0,0,0,1,0,0,0,0,0,0,0,0,0,0,0,0,0,0,0,1,0,0,0,0
1,0,0,0,0,0,0,0,1,0,4,0,0,0,0,0,2,0,0,0,0,0,1,0,3,0,0,0,2,0,0,0,42,0,0,0,1,0,14,5,551,1,1076,1,35,0,171,14,12,4,2618,1,44,1,408,0,1760,2,0,0,0,0,3,0,0,0,0,0,1,0,70,12,0,0,0,0,62,0,1,0,0,0,0,0,26,0,118,0,103,1,443,0,3193,0,720,0,0,0,0,0,2,0,359,0,0,0,0,0,0,0,0,0,0,0,0,4,0,0,0,0,0,0,0,0,3,0,0,0,0,0,1,0,0,0,0,0,0,0,4,0,1,0,2,0,11,0,0,0,0,0,0,0,1,0,0,0,0,0,0,0,0,0,0,0,0,0,0,0,0,0
0,0,0,0,0,0,0,0,0,0,0,3,0,0,0,0,0,8,0,1,0,0,0,5,0,3,0,1,0,0,0,0,0,30,0,0,0,0,8,14,4,1091,1,1865,0,189,11,111,0,21,6,2412,1,32,1,255,0,2376,0,0,0,0,1,3,0,0,0,0,0,1,4,62,0,0,0,0,0,163,0,16,0,0,0,0,0,39,0,260,0,313,0,585,1,5283,0,42,0,1,0,2,0,16,0,67,0,0,0,1,0,0,1,0,0,0,2,2,0,0,0,0,0,0,0,0,0,2,0,0,0,0,0,0,0,0,0,0,0,0,0,4,0,1,1,0,0,5,0,0,0,0,1,0,0,0,0,0,0,4,0,0,0,0,0,0,0,0,0,0,0,0
3815,12,168,7,82,1,348,2,17,0,0,0,732,0,140,14,0,0,2,0,0,0,0,0,0,0,0,0,0,0,0,0,202,0,0,0,131,46,5,0,4,0,2,0,0,0,0,0,2,0,1,0,6,1,56,0,0,0,0,0,0,5,1327,1,1567,1,1111,0,209,0,322,4,965,11,17,2,323,2,78,1,0,0,154,0,829,0,1,0,100,0,0,0,9,0,1,4,1,1,2,2,2,2,0,1,0,1,1,3,6,1,4,1,0,1,0,0,0,0,0,0,0,0,0,0,1,0,38,3,69,2,5,0,2,0,3,0,2,0,0,1,0,0,0,0,19,3,1,0,1,1,0,0,0,0,4,1,0,0,0,0,0,0,4,0,1,0,0,0,2,0
2,3555,5,234,1,91,0,171,0,17,0,0,2,1084,6,105,0,0,0,1,0,0,0,0,0,0,0,0,0,0,0,0,4,242,0,0,41,210,0,2,3,4,7,0,0,0,2,0,0,5,0,3,0,6,1,11,0,0,0,0,5,0,4,1028,2,616,4,2305,0,94,21,586,10,802,1,40,3,385,4,103,0,0,1,32,0,106,0,0,1,15,0,0,0,0,2,0,5,4,5,2,9,0,0,0,3,3,3,12,3,5,4,4,1,0,1,0,0,0,0,0,0,0,0,1,0,6,2,39,7,138,1,18,0,0,0,4,0,1,0,5,1,3,0,5,0,31,0,6,0,5,0,0,0,0,4,1,0,2,0,8,0,1,5,7,0,1,1,3,2,0
87,2,23,1,11,0,12,0,4,0,0,0,22,0,38,5,0,0,0,0,0,0,0,0,0,0,0,0,0,0,0,0,84,3,0,0,48,15,47,24,8,1,4,0,1,0,50,5,259,11,8,2,831,4,981,4,8,1,3,1,1327,4,0,3,1687,1,44,4,794,1,2036,64,67,4,8,0,163,11,40,2,0,0,35,0,57,18,3,0,48,6,0,0,6,0,0,0,0,0,5,0,6,0,1,0,0,0,0,2,0,1,1,0,0,0,1,0,0,0,0,0,0,0,1,0,2,0,11,1,84,0,4,0,3,0,4,0,1,0,0,0,2,0,2,0,15,1,2,1,5,2,0,0,0,0,2,0,0,0,1,0,0,0,0,0,1,0,0,0,0,1
0,33,2,11,1,0,1,2,0,0,0,0,0,1,1,13,0,0,0,0,0,0,0,0,0,0,0,0,0,0,0,0,0,9,0,0,2,43,5,12,0,6,0,0,0,1,6,5,7,98,0,0,1,459,2,165,1,2,0,3,1,1028,3,0,1,703,0,187,2,542,18,1863,1,116,0,0,2,23,0,5,0,0,1,2,4,22,0,0,1,112,0,0,0,11,0,0,0,0,0,2,0,1,0,1,0,0,0,0,0,0,0,0,0,1,1,0,0,0,0,0,0,0,0,0,0,0,0,6,2,11,0,1,0,0,0,0,0,0,0,2,0,4,0,2,1,4,0,1,0,2,0,0,0,0,0,0,0,0,0,0,0,0,0,2,0,0,0,0,0,0
88,0,10,0,6,0,7,0,3,0,1,0,16,0,4,2,0,0,0,0,0,0,0,0,0,0,0,0,0,0,0,0,22,0,0,0,7,7,3,1,1,0,0,0,0,0,0,0,4,0,0,0,26,0,1115,0,1,0,0,0,1567,2,1687,1,0,0,1303,0,2178,0,24,1,6,1,0,0,27,0,3,1,0,0,4,0,14,1,1,0,15,0,0,0,4,0,0,0,0,0,0,0,0,1,0,0,0,0,1,0,0,0,0,0,1,0,0,0,0,0,0,0,0,0,0,0,0,0,2,0,7,0,0,0,0,0,0,0,0,0,0,0,0,0,0,0,2,0,1,0,2,0,0,0,0,0,0,0,0,0,0,0,0,0,1,0,0,0,0,0,0,0
0,8,0,1,0,0,0,0,1,0,0,0,0,2,0,0,0,0,0,0,0,0,0,0,0,0,0,0,0,0,0,0,0,0,0,0,0,2,2,2,0,0,0,0,0,0,0,0,0,3,0,0,0,13,0,4,0,0,0,0,1,616,1,703,0,0,0,2122,1,1342,0,22,0,0,0,0,1,3,1,0,0,0,1,1,0,21,0,0,0,12,0,0,0,0,0,0,0,0,0,0,0,0,0,0,0,0,0,0,0,0,0,0,0,0,0,0,0,0,0,0,0,0,0,0,0,0,0,0,0,1,0,0,0,0,0,0,0,0,0,1,0,0,0,0,0,0,0,0,0,0,0,0,0,0,0,0,0,1,0,0,0,0,0,0,0,0,0,0,0,0
86,0,5,0,12,0,42,0,5,0,0,0,418,0,5,2,0,0,0,0,0,0,0,0,0,0,0,0,0,0,0,0,71,0,0,0,50,19,5,3,1,0,0,0,0,0,0,0,2,0,0,0,1,1,8,0,0,0,0,0,1111,4,44,0,1303,0,0,0,381,0,37,3,11,2,4,1,40,2,5,0,0,0,63,0,1281,1,0,0,114,1,0,0,0,0,0,0,0,0,1,1,0,0,0,0,0,0,0,1,0,0,0,0,0,0,0,0,0,0,0,0,0,0,0,0,0,0,3,0,12,3,1,0,0,0,0,0,0,0,0,0,0,0,0,0,4,0,2,0,2,0,0,0,0,0,0,0,0,0,0,0,0,0,1,0,0,0,0,0,0,0
0,143,0,10,0,26,0,147,0,36,0,0,0,622,2,7,0,0,0,0,0,0,0,0,0,0,0,0,0,0,0,0,0,115,0,0,6,17,3,7,0,0,0,1,0,0,0,0,3,3,0,0,0,11,0,2,0,0,0,0,0,2305,4,187,0,2122,0,0,1,714,5,24,0,12,2,2,2,58,0,5,0,0,0,22,1,1338,0,1,0,76,0,0,1,1,1,1,0,1,0,0,0,0,0,0,0,0,1,1,0,0,0,0,0,0,0,0,0,0,0,0,0,0,0,0,0,0,0,2,0,26,0,1,0,0,0,0,0,0,0,1,0,1,0,1,0,10,0,2,0,1,0,0,0,0,1,2,0,0,0,0,0,0,0,0,0,0,0,0,0,0
130,1,35,0,63,0,26,0,7,0,0,0,26,0,8,4,0,0,0,0,0,0,0,0,0,0,0,0,0,0,0,0,51,0,0,0,15,12,9,5,2,0,0,0,0,0,2,0,6,1,3,0,11,1,1378,0,7,0,1,0,209,0,794,2,2178,1,381,1,0,0,27,12,4,1,5,1,54,2,14,0,0,0,22,1,283,2,1,0,2172,0,0,0,28,1,1,0,0,0,0,0,1,0,0,0,0,0,0,0,0,0,0,0,2,0,0,0,0,0,0,0,1,0,0,0,0,0,7,0,12,0,3,0,2,0,1,0,1,0,1,0,1,0,0,0,10,1,2,0,0,0,0,0,0,0,0,0,0,0,0,0,0,0,0,0,0,0,0,0,0,0
0,19,0,6,0,5,0,13,0,0,0,0,0,4,0,0,0,0,0,1,0,0,0,0,0,0,0,0,0,0,0,0,0,7,0,0,0,4,4,12,0,1,0,0,0,0,0,2,0,13,0,3,0,470,0,697,0,4,0,1,0,94,1,542,0,1342,0,714,0,0,0,151,0,0,0,0,0,9,0,0,0,0,0,2,0,870,0,0,2,1343,0,0,0,11,0,1,0,0,0,0,0,0,0,0,0,0,0,1,0,0,0,0,0,0,0,0,0,0,0,0,0,0,0,0,0,0,0,0,0,3,0,0,0,0,0,0,0,0,0,0,0,0,0,0,1,1,0,0,0,0,0,0,0,0,0,0,0,0,0,0,0,0,0,1,0,0,0,0,0,0
109,7,112,6,10,2,18,4,6,0,0,0,34,0,223,9,0,0,15,2,0,0,0,0,0,0,0,0,0,0,0,0,73,6,0,0,2330,167,877,100,50,4,126,15,1,0,743,104,868,100,608,19,242,27,84,20,20,7,70,4,322,21,2036,18,24,0,37,5,27,0,0,1451,636,17,22,3,163,19,44,5,0,0,27,1,60,27,1,0,38,14,0,0,13,5,6,0,2,3,3,1,4,1,2,2,1,1,3,2,2,1,4,0,1,0,1,1,0,0,0,0,1,0,0,0,1,1,26,1,129,12,21,0,1,0,4,0,0,0,0,1,3,1,1,2,46,1,9,1,14,3,0,0,3,0,44,1,0,0,0,0,0,0,3,1,0,0,0,1,0,1
11,66,5,79,0,8,3,9,0,3,0,1,3,8,8,148,0,0,1,6,0,0,0,1,0,0,0,0,0,0,0,0,12,51,0,0,39,1855,85,1101,21,169,16,189,0,0,178,1143,131,1576,70,643,47,479,33,236,11,40,12,62,4,586,64,1863,1,22,3,24,12,151,1451,0,8,861,3,19,33,98,7,24,0,0,12,8,23,158,0,4,19,212,0,1,6,31,4,3,0,1,1,3,1,23,0,2,0,3,2,2,0,2,4,1,0,0,6,0,0,0,0,0,0,0,0,0,0,2,4,11,20,56,0,5,0,0,5,2,0,0,2,18,0,7,2,9,13,17,3,2,3,4,0,0,0,1,4,6,0,0,0,2,0,0,1,1,0,0,0,0,2,1
640,36,221,9,22,1,52,0,15,0,0,0,59,0,1623,30,0,0,3,0,0,0,0,0,0,0,0,0,0,0,0,0,79,0,0,0,614,83,3,0,5,2,0,0,0,0,0,1,0,1,1,0,2,0,9,0,1,0,0,0,965,10,67,1,6,0,11,0,4,0,636,8,0,7,81,4,207,6,67,3,0,0,4,0,16,0,4,0,3,1,0,0,0,0,1,1,0,3,6,1,0,0,0,1,0,0,1,1,2,0,3,2,1,0,1,0,0,0,0,0,0,0,0,0,1,0,78,4,67,6,24,0,6,0,10,0,2,0,1,0,1,0,3,2,39,2,3,1,1,0,0,0,1,0,2,2,3,0,1,0,0,0,6,1,1,1,2,1,2,1
7,421,0,234,0,4,2,5,0,2,0,0,0,6,7,1046,0,0,0,1,0,0,0,0,0,0,0,0,0,0,0,0,0,11,0,0,74,385,2,3,0,4,2,0,0,0,0,0,1,5,0,0,0,2,0,3,0,0,0,0,11,802,4,116,1,0,2,12,1,0,17,861,7,0,4,26,9,64,3,20,0,0,0,0,4,1,0,0,2,3,0,0,0,0,0,1,2,1,0,4,8,1,0,0,2,1,5,3,0,2,3,3,1,0,0,0,0,0,0,0,0,0,0,0,1,7,0,30,4,84,0,4,0,0,1,1,1,0,0,2,0,3,1,2,3,38,0,7,0,6,0,0,0,0,1,0,0,2,1,3,0,0,1,1,0,1,0,0,2,1
42,5,221,67,316,49,133,17,206,26,26,1,18,3,203,72,90,121,163,63,125,17,106,6,22,0,2,0,15,0,1,0,329,12,0,0,188,66,3,3,14,2,1,0,5,0,0,0,1,1,11,0,0,0,3,0,0,0,0,0,17,1,8,0,0,0,4,2,5,0,22,3,81,4,0,171,1360,37,266,5,0,0,2,0,3,0,17,0,5,0,0,0,0,0,4,2,1,3,18,7,2,0,2,0,2,0,4,9,2,5,7,1,7,5,0,0,0,1,0,1,6,0,17,0,80,1,599,9,391,3,131,0,8,1,232,1,34,2,0,0,10,0,31,0,540,2,34,0,52,0,151,14,62,20,157,162,131,10,2,0,1,0,19,1,6,0,1,1,5,1
4,82,13,274,10,352,3,211,8,227,0,24,0,32,13,190,28,126,12,137,5,148,11,73,0,11,0,3,0,0,0,1,6,214,0,0,26,196,1,2,0,10,9,0,0,6,0,0,0,0,1,2,0,0,1,0,0,0,0,0,2,40,0,0,0,0,1,2,1,0,3,19,4,26,171,0,6,2852,9,666,0,0,0,1,1,12,0,7,0,2,0,1,0,2,7,3,4,0,3,13,7,0,2,0,3,1,5,3,2,3,7,1,6,1,1,0,0,0,0,0,1,1,0,5,0,221,6,650,1,459,1,81,0,6,1,296,0,37,0,9,0,7,0,25,0,838,0,49,0,66,9,29,7,37,61,142,33,210,0,15,0,3,4,31,0,12,1,0,3,0
204,10,585,23,418,4,119,4,196,1,197,0,92,0,236,47,180,3,209,12,116,4,182,0,72,0,23,0,60,0,65,0,3163,5,0,0,179,45,25,5,531,1,15,1,407,0,30,1,9,2,87,0,34,1,108,0,33,0,62,0,323,3,163,2,27,1,40,2,54,0,163,33,207,9,1360,6,0,5,1604,2,0,0,21,0,162,11,190,2,246,1,21,0,150,0,10,2,3,2,21,6,4,1,6,0,1,1,8,8,4,5,5,0,14,4,0,1,0,0,0,0,0,1,0,0,251,0,207,4,44,3,36,3,40,0,188,4,11,0,8,2,10,2,15,0,228,2,12,0,7,0,15,6,25,5,63,24,755,1,3,0,4,1,89,2,18,0,0,6,15,1
11,382,20,580,11,326,5,193,5,214,0,209,1,139,14,291,1,230,11,247,1,129,13,496,0,117,0,128,0,22,0,32,14,3892,0,0,22,144,6,19,6,547,9,51,0,311,16,55,5,24,1,129,4,16,2,73,2,40,0,163,2,385,11,23,0,3,2,58,2,9,19,98,6,64,37,2852,5,0,4,1520,0,0,1,23,1,436,0,563,1,309,0,89,0,194,3,4,4,6,5,8,6,3,1,4,2,1,5,7,8,1,3,1,4,2,1,1,0,0,0,1,0,0,0,0,0,167,4,124,8,98,1,11,0,2,1,50,1,5,0,75,0,20,0,25,4,119,1,10,1,5,2,8,4,37,52,81,2,920,1,11,0,4,3,33,1,14,0,6,5,1
33,5,44,4,24,1,8,1,11,0,6,0,5,1,35,8,2,0,12,2,0,0,4,0,1,0,0,0,0,0,2,0,123,3,0,0,33,14,12,1,129,1,6,0,63,0,2,1,1,1,4,0,1,0,6,0,0,0,1,0,78,4,40,0,3,1,5,0,14,0,44,7,67,3,266,9,1604,4,0,13,0,0,4,0,8,0,3,0,4,0,0,0,2,0,3,8,7,12,46,18,7,4,1,5,1,3,11,22,16,15,12,11,24,11,3,1,1,0,0,2,1,7,0,0,109,2,92,4,46,6,29,1,31,1,109,11,16,0,8,0,8,1,20,1,92,3,3,0,4,1,0,1,1,1,5,4,445,1,8,3,3,0,92,10,20,13,2,14,49,2
4,109,2,39,2,11,1,20,0,5,0,0,1,17,3,35,0,7,1,10,0,3,0,4,0,0,0,0,0,2,0,0,1,40,0,0,7,39,0,3,2,278,15,2,1,113,3,10,2,2,1,20,0,3,0,2,0,6,0,16,1,103,2,5,1,0,0,5,0,0,5,24,3,20,5,666,2,1520,13,0,0,0,0,3,0,34,0,17,0,11,0,6,0,7,12,5,15,1,8,30,9,4,1,6,3,2,10,11,11,8,9,5,11,5,1,1,0,0,0,1,0,2,0,0,2,306,3,80,3,40,0,14,0,8,0,31,0,8,0,53,2,12,0,9,1,45,0,1,0,2,0,0,0,1,4,6,0,605,5,62,0,3,12,197,1,37,0,17,15,7
0,0,0,0,0,0,0,0,0,0,0,0,0,0,0,0,0,0,0,0,0,0,0,0,0,0,0,0,0,0,0,0,0,0,0,0,0,0,0,0,0,0,0,0,0,0,0,0,0,0,0,0,0,0,0,0,0,0,0,0,0,0,0,0,0,0,0,0,0,0,0,0,0,0,0,0,0,0,0,0,0,0,0,0,0,0,0,0,0,0,0,0,0,0,0,0,0,0,0,0,0,0,0,0,0,0,0,0,0,0,0,0,0,0,0,0,0,0,0,0,0,0,0,0,0,0,0,0,0,0,0,0,0,0,0,0,0,0,0,0,0,0,0,0,0,0,0,0,0,0,0,0,0,0,0,0,0,0,0,0,0,0,0,0,0,0,0,0,0,0
0,0,0,0,0,0,0,0,0,0,0,0,0,0,0,0,0,0,0,0,0,0,0,0,0,0,0,0,0,0,0,0,0,0,0,0,0,0,0,0,0,0,0,0,0,0,0,0,0,0,0,0,0,0,0,0,0,0,0,0,0,0,0,0,0,0,0,0,0,0,0,0,0,0,0,0,0,0,0,0,0,0,0,0,0,0,0,0,0,0,0,0,0,0,0,0,0,0,0,0,0,0,0,0,0,0,0,0,0,0,0,0,0,0,0,0,0,0,0,0,0,0,0,0,0,0,0,0,0,0,0,0,0,0,0,0,0,0,0,0,0,0,0,0,0,0,0,0,0,0,0,0,0,0,0,0,0,0,0,0,0,0,0,0,0,0,0,0,0,0
13,1,1,1,2,0,26,0,0,0,0,0,512,0,5,0,0,0,0,0,0,0,0,0,0,0,0,0,0,0,0,0,101,1,0,0,15,4,14,3,1,0,0,0,0,0,3,0,1,0,0,0,8,0,11,0,2,0,0,0,154,1,35,1,4,1,63,0,22,0,27,12,4,0,2,0,21,1,4,0,0,0,0,0,676,1,3,0,87,1,0,0,1,0,1,0,1,0,1,0,0,0,0,0,0,0,0,0,0,0,0,0,0,0,0,0,0,0,0,0,0,0,0,0,0,0,0,0,6,0,1,0,0,0,0,0,0,0,0,0,1,0,1,0,7,0,0,0,1,0,0,0,0,0,1,0,0,0,0,0,0,0,0,0,0,0,0,0,0,0
0,20,0,0,0,1,0,34,0,3,0,0,0,620,0,0,0,0,0,0,0,0,0,0,0,0,0,0,0,0,0,0,0,95,0,0,0,2,0,5,1,2,0,0,0,0,0,0,0,0,0,0,0,1,0,0,0,0,0,0,0,32,0,2,0,1,0,22,1,2,1,8,0,0,0,1,0,23,0,3,0,0,0,0,1,496,0,4,0,9,0,0,0,0,0,0,0,0,0,0,0,0,0,0,0,0,0,0,0,0,0,0,0,0,0,0,0,0,0,0,0,0,0,0,0,0,0,0,0,5,0,0,0,0,0,0,0,0,0,0,0,0,0,0,1,1,0,0,0,0,0,0,0,0,0,0,0,0,0,0,0,0,0,0,0,0,0,0,1,0
102,1,26,5,15,0,170,0,18,0,1,0,1900,0,33,4,0,0,0,0,1,0,0,0,1,0,0,0,0,0,0,0,533,1,0,0,40,18,31,13,101,0,0,0,0,0,25,1,8,7,22,0,15,0,84,0,21,0,26,0,829,0,57,4,14,0,1281,1,283,0,60,23,16,4,3,1,162,1,8,0,0,0,676,1,0,4,946,0,4358,4,4,0,52,0,7,0,0,0,1,0,1,0,0,0,0,0,1,0,1,0,0,1,0,0,0,0,0,0,0,0,0,0,0,0,0,0,6,0,15,3,1,0,0,0,2,0,0,0,3,0,0,0,1,0,13,2,0,0,0,1,0,0,0,0,6,0,0,0,0,0,0,0,0,0,0,0,0,0,0,0
1,85,0,34,0,45,0,199,1,33,0,1,1,342,0,10,0,1,0,0,0,0,0,6,0,0,0,1,0,2,0,0,3,494,0,0,4,13,13,38,2,151,2,7,0,3,20,53,9,38,0,80,13,53,10,118,0,50,0,39,0,106,18,22,1,21,1,1338,2,870,27,158,0,1,0,12,11,436,0,34,0,0,1,496,4,0,0,1428,3,4325,0,105,0,72,1,0,1,1,0,1,0,0,0,2,1,1,1,3,0,0,1,1,0,0,0,0,0,0,1,0,0,0,0,0,0,0,3,1,2,34,1,1,0,0,0,0,0,0,0,24,0,4,1,11,7,24,0,2,2,5,0,0,0,0,2,2,0,1,0,0,0,0,0,1,0,0,0,1,1,0
13,0,51,1,28,1,225,0,227,1,24,0,180,0,21,2,6,0,13,1,8,0,17,0,24,0,3,0,22,0,5,0,916,0,0,0,6,2,1,0,466,0,200,0,581,0,1,0,1,0,19,0,1,0,16,0,6,0,118,0,1,0,3,0,1,0,0,0,1,0,1,0,4,0,17,0,190,0,3,0,0,0,3,0,946,0,0,0,1699,0,890,0,595,0,1,0,0,1,0,0,0,0,0,0,1,0,0,0,0,0,0,0,0,0,0,0,0,0,0,0,0,0,0,0,0,0,4,1,1,0,0,0,0,0,1,0,0,0,6,0,0,0,0,0,7,1,0,0,0,0,0,0,0,0,4,1,5,0,0,0,0,0,0,0,0,0,0,0,0,0
0,0,0,3,0,6,0,8,0,0,0,11,0,51,0,0,0,57,0,5,0,5,1,57,0,24,0,8,0,17,0,3,0,277,0,0,0,1,0,0,0,292,0,419,0,951,0,2,0,0,0,16,0,4,0,6,0,4,0,260,0,0,0,0,0,0,0,1,0,0,0,4,0,0,0,7,2,563,0,17,0,0,0,4,0,1428,0,0,0,877,0,2555,0,519,0,0,0,0,0,0,0,0,0,0,0,0,0,0,0,0,1,0,0,0,0,0,0,0,0,0,0,0,0,0,0,1,0,0,0,0,0,0,0,0,0,0,0,0,0,9,0,1,0,1,0,7,0,0,0,0,0,0,0,0,0,0,0,6,0,0,0,0,0,0,0,0,0,0,0,0
148,1,23,0,50,1,47,0,14,0,5,0,36,0,2,0,1,0,0,1,1,0,4,0,3,0,1,0,4,0,0,0,169,1,0,0,10,9,20,8,273,0,17,0,13,0,48,3,18,1,98,0,47,0,2888,0,257,0,103,0,100,1,48,1,15,0,114,0,2172,2,38,19,3,2,5,0,246,1,4,0,0,0,87,0,4358,3,1699,0,0,3,282,0,4384,0,15,0,0,0,1,0,1,0,7,0,0,0,1,0,0,0,0,2,1,0,0,0,0,0,0,0,0,0,0,0,0,0,3,0,2,2,1,0,0,0,0,0,1,0,4,0,0,0,3,0,11,0,1,0,1,1,0,0,0,0,0,0,1,0,0,0,1,0,0,0,0,0,0,0,1,0
2,14,1,14,0,15,0,15,0,7,0,2,0,1,2,2,0,7,0,3,0,3,0,9,0,2,0,4,0,1,0,2,0,190,0,0,1,3,2,27,0,301,0,23,0,31,22,93,18,83,5,196,5,228,5,2113,0,245,1,313,0,15,6,112,0,12,1,76,0,1343,14,212,1,3,0,2,1,309,0,11,0,0,1,9,4,4325,0,877,3,0,0,648,1,5611,0,4,0,0,0,1,1,0,0,3,0,0,0,0,1,0,0,0,0,0,1,0,0,0,0,0,0,0,0,0,0,1,0,0,1,6,1,0,0,0,0,0,0,0,0,8,0,3,0,3,2,6,0,0,0,0,0,0,0,0,1,0,0,0,0,0,0,0,0,0,0,0,0,0,0,0
0,0,2,0,5,0,0,0,0,0,0,0,0,0,0,0,1,0,2,0,0,0,2,0,5,0,0,0,4,0,0,0,23,0,0,0,1,0,0,0,134,0,181,0,92,0,1,0,0,0,7,0,0,0,1,0,2,0,443,0,0,0,0,0,0,0,0,0,0,0,0,0,0,0,0,0,21,0,0,0,0,0,0,0,4,0,890,0,282,0,0,0,777,0,0,0,0,0,0,0,0,0,0,0,0,0,0,0,0,0,0,0,0,0,0,0,0,0,0,0,0,0,0,0,0,0,0,0,0,0,0,0,0,0,1,0,0,0,4,0,0,0,0,0,0,0,0,0,0,0,0,0,0,0,0,0,2,0,0,0,0,0,0,0,0,0,0,0,0,0
0,0,0,1,0,2,0,0,0,0,0,0,0,0,0,0,0,5,0,0,0,0,0,6,0,5,0,2,0,2,0,0,0,23,0,0,0,0,0,0,0,153,0,232,0,127,0,1,0,0,0,3,0,0,0,2,0,1,0,585,0,0,0,0,0,0,0,0,0,0,0,1,0,0,0,1,0,89,0,6,0,0,0,0,0,105,0,2555,0,648,0,0,0,1545,0,0,0,0,0,0,0,0,0,0,0,0,0,0,0,0,0,0,0,0,0,0,0,0,0,0,0,0,0,0,0,0,0,0,0,0,0,0,0,0,0,0,0,0,0,1,0,0,0,0,0,1,0,0,0,0,0,0,0,0,0,0,0,1,0,0,0,0,0,0,0,0,0,0,0,0
16,0,24,0,22,0,4,0,9,0,11,0,1,0,1,0,1,0,5,0,4,0,4,0,16,0,2,0,8,0,4,0,146,0,0,0,0,0,3,2,498,0,219,0,68,0,23,4,5,0,113,0,18,0,380,0,761,0,3193,1,9,0,6,0,4,0,0,1,28,0,13,6,0,0,0,0,150,0,2,0,0,0,1,0,52,0,595,0,4384,1,777,0,0,0,11,0,0,0,0,0,0,0,7,0,1,0,0,0,0,0,0,0,0,0,0,1,0,0,0,0,0,1,0,0,1,0,0,0,1,0,0,0,0,0,0,0,0,0,9,0,0,0,1,0,5,0,0,0,0,0,0,0,2,0,2,0,5,0,0,0,0,0,0,0,0,0,0,0,0,0
0,0,0,0,0,1,0,0,0,0,0,4,0,0,0,0,0,10,0,2,0,3,0,13,0,4,0,1,0,1,0,1,0,45,0,0,0,1,0,4,0,300,0,215,0,136,10,26,4,9,2,90,0,41,0,431,0,1596,0,5283,0,0,0,11,0,0,0,1,1,11,5,31,0,0,0,2,0,194,0,7,0,0,0,0,0,72,0,519,0,5611,0,1545,0,0,0,1,0,0,0,0,0,0,0,2,0,0,0,0,0,0,0,0,0,0,0,0,0,0,0,0,0,0,0,0,0,2,0,0,0,0,0,0,0,0,0,0,0,0,0,6,0,1,0,3,0,2,0,0,0,0,0,0,0,0,0,1,0,5,0,0,0,0,0,0,0,0,0,0,0,0
0,0,0,1,1,1,0,0,0,0,1,0,0,0,0,1,0,0,0,0,0,0,0,0,0,0,0,0,0,0,0,0,4,0,0,0,1,1,1,1,12,3,13,0,0,0,188,1,12,0,1287,0,34,1,120,0,292,0,720,0,1,2,0,0,0,0,0,1,1,0,6,4,1,0,4,7,10,3,3,12,0,0,1,0,7,1,1,0,15,0,0,0,11,0,0,23,4122,22,179,14,519,11,4897,37,528,5,551,42,46,15,40,11,11,5,48,50,90,42,2,2,0,0,0,0,0,1,5,0,7,5,0,0,0,0,1,0,1,0,0,1,3,1,3,0,2,0,0,0,1,0,0,0,0,0,0,0,0,0,16,1,0,1,3,0,3,1,0,1,3,0
1,5,0,0,0,0,0,0,0,1,0,0,0,0,2,1,0,0,0,0,0,0,0,0,0,0,0,0,0,0,0,0,1,0,0,0,0,1,1,0,2,9,12,0,0,0,0,9,1,1,1,174,0,1,1,9,0,38,0,42,4,0,0,0,0,0,0,1,0,1,0,3,1,1,2,3,2,4,8,5,0,0,0,0,0,0,0,0,0,4,0,0,0,1,23,0,35,2954,7,185,23,270,17,3256,16,272,55,765,17,134,40,50,29,6,48,24,426,28,4,1,0,0,0,0,0,1,2,0,0,6,0,0,0,0,0,0,0,0,1,4,0,3,0,1,0,0,0,0,0,0,0,0,0,0,0,0,0,0,1,6,0,2,5,7,1,1,3,1,0,0
0,3,0,1,0,0,0,0,0,0,0,0,0,0,0,3,0,0,0,0,0,0,0,0,0,0,0,0,0,0,0,0,4,2,0,0,2,2,1,0,4,2,6,0,0,0,1,0,1,0,1,0,0,0,1,0,0,0,0,0,1,5,0,0,0,0,0,0,0,0,2,0,0,2,1,4,3,4,7,15,0,0,1,0,0,1,0,0,0,0,0,0,0,0,4122,35,0,37,148,14,253,22,863,41,3005,10,1865,68,183,16,45,15,10,13,30,47,124,37,4,1,0,0,0,0,0,1,1,5,9,4,1,0,1,0,1,0,2,0,0,0,0,2,0,1,0,0,1,0,0,0,0,0,0,0,0,1,0,0,8,1,1,3,7,6,2,4,1,5,5,0
1,2,0,3,0,0,0,0,0,0,0,0,0,1,3,1,0,0,0,0,0,0,0,0,0,0,0,0,0,0,0,0,0,2,0,0,0,0,0,0,2,8,8,0,0,0,0,2,0,1,0,0,1,0,0,0,0,0,0,1,1,4,0,0,0,0,0,1,0,0,3,1,3,1,3,0,2,6,12,1,0,0,0,0,0,1,1,0,0,0,0,0,0,0,22,2954,37,0,8,112,30,85,31,937,13,1241,64,2706,17,208,50,29,10,7,32,18,123,36,6,0,0,0,0,0,1,0,2,2,1,8,0,0,1,0,0,0,0,0,0,3,0,4,0,1,0,1,0,0,0,0,0,0,0,0,1,0,0,0,1,8,0,0,6,1,1,1,4,1,0,0
5,2,1,2,3,0,1,0,3,0,0,0,1,1,4,2,0,0,2,0,1,0,0,0,0,0,0,0,0,0,0,0,3,1,0,0,6,2,2,3,31,1,3,0,5,0,0,0,1,0,18,2,0,0,3,0,0,0,0,0,2,5,5,0,0,0,1,0,0,0,3,1,6,0,18,3,21,5,46,8,0,0,1,0,1,0,0,0,1,0,0,0,0,0,179,7,148,8,0,62,743,38,181,23,65,1,258,30,336,16,60,5,101,212,133,15,10,24,12,11,0,0,0,0,5,7,27,18,108,11,29,0,7,1,25,3,3,0,3,1,12,1,15,3,40,3,13,0,13,0,0,0,0,0,1,1,2,1,20,1,1,2,41,6,41,15,1,15,171,6
2,9,2,3,0,2,0,0,0,2,0,0,0,0,2,9,0,0,0,2,0,0,0,0,0,0,0,0,0,0,0,0,2,0,0,0,0,4,1,0,4,15,3,0,1,0,0,1,0,0,0,38,0,0,0,1,0,0,0,2,2,2,0,2,0,0,1,0,0,0,1,3,1,4,7,13,6,8,18,30,0,0,0,0,0,1,0,0,0,1,0,0,0,0,14,185,14,112,62,0,55,1285,15,326,6,38,52,326,55,337,27,20,67,236,161,10,13,8,16,19,0,0,0,0,1,18,8,34,17,91,1,13,5,5,2,5,1,1,2,13,1,22,1,22,4,23,1,5,3,5,0,0,0,0,0,0,1,4,1,7,1,1,14,16,14,29,1,15,76,3
3,7,0,2,0,0,0,1,0,0,0,0,0,0,0,8,0,0,0,1,0,0,0,0,0,0,0,0,0,0,0,0,2,0,0,0,0,5,0,0,14,1,11,0,1,0,0,1,0,0,22,0,0,0,1,0,0,0,2,0,2,9,6,0,0,0,0,0,1,0,4,1,0,8,2,7,4,6,7,9,0,0,0,0,1,0,0,0,1,1,0,0,0,0,519,23,253,30,743,55,0,268,2679,76,130,10,276,73,161,21,110,11,36,187,1228,153,42,42,15,17,0,0,0,0,2,0,2,3,15,5,4,0,2,1,11,0,1,0,2,2,4,0,7,2,11,1,0,0,2,0,0,0,0,0,0,0,1,0,21,2,1,3,14,6,6,5,2,3,38,2
0,1,0,1,0,0,0,0,0,0,0,0,0,0,1,0,0,0,0,0,0,0,0,0,0,0,0,0,0,0,0,0,1,1,0,0,0,1,1,5,3,15,0,138,0,0,4,40,1,4,0,631,0,1,0,1,0,1,0,16,2,0,0,1,1,0,0,0,0,0,1,23,0,1,0,0,1,3,4,4,0,0,0,0,0,0,0,0,0,0,0,0,0,0,11,270,22,85,38,1285,268,0,39,2605,7,27,67,154,26,136,25,31,17,96,1459,58,27,27,15,9,0,0,0,0,0,0,1,1,0,3,0,0,0,0,0,0,0,0,0,1,0,3,0,0,0,0,0,0,0,0,0,0,0,0,0,0,0,0,1,3,0,3,2,2,0,1,0,2,0,1
0,2,0,3,0,0,1,1,0,0,0,0,0,0,0,0,0,0,0,0,0,0,0,0,0,0,0,0,0,0,0,0,2,0,0,0,0,0,1,0,9,2,3,0,0,0,135,1,4,0,529,0,10,0,36,0,37,0,359,0,0,0,1,0,0,0,0,0,0,0,2,0,0,0,2,2,6,1,1,1,0,0,0,0,0,0,0,0,7,0,0,0,7,0,4897,17,863,31,181,15,2679,39,0,198,177,6,193,36,55,6,76,1,8,28,131,460,165,85,6,3,0,0,0,0,0,0,1,0,1,1,0,0,0,0,0,0,0,0,0,0,2,0,0,0,1,1,1,0,0,0,0,0,0,0,0,0,0,0,5,0,1,3,3,1,2,0,0,5,1,0
0,0,0,2,0,0,0,0,0,0,0,0,0,0,0,0,0,0,0,0,0,0,0,0,0,0,0,0,0,0,0,0,1,2,0,0,1,0,0,0,1,4,3,0,0,0,0,23,1,4,0,431,0,1,0,13,0,87,0,67,1,0,0,1,0,0,0,0,0,0,2,2,1,0,0,0,0,4,5,6,0,0,0,0,0,2,0,0,0,3,0,0,0,2,37,3256,41,937,23,326,76,2605,198,0,13,166,72,436,22,46,14,162,15,11,231,816,416,104,10,1,0,0,0,0,0,0,1,1,0,4,0,0,0,0,0,0,0,0,0,3,0,2,0,0,0,1,0,0,0,0,0,0,0,0,0,0,0,0,0,2,0,0,4,1,0,1,0,2,1,0
0,4,1,1,0,0,0,0,0,0,0,0,0,1,0,1,0,0,0,0,0,0,0,0,0,0,0,0,0,0,0,0,0,1,0,0,0,0,0,0,3,0,5,0,0,0,0,0,0,0,1,0,0,0,0,0,0,0,0,0,0,3,0,0,0,0,0,0,0,0,1,0,0,2,2,3,1,2,1,3,0,0,0,0,0,1,1,0,0,0,0,0,1,0,528,16,3005,13,65,6,130,7,177,13,0,3,1939,41,116,6,63,9,7,3,20,14,37,21,3,1,0,0,0,0,0,0,1,5,2,1,0,0,0,0,1,0,1,0,0,2,1,1,1,0,2,0,0,1,0,1,0,0,0,0,1,0,0,0,4,0,0,2,4,4,0,1,0,4,1,0
