0,23,1329,12,2222,18,1986,5,295,0,0,0,254,0,269,3,0,0,6,0,0,0,0,0,0,0,0,0,0,0,0,0,260,0,0,0,28,0,0,1,29,1,1,0,0,0,0,0,2,0,0,0,5,0,26,0,1,0,0,0,4111,3,240,2,406,1,309,1,148,5,262,5,1465,25,742,10,317,2,147,0,0,0,11,0,317,0,3,0,164,1,0,0,1,0,1,0,1,0,2,0,5,0,5,1,3,0,7,0,3,1,3,1,0,1,0,0,0,0,0,0,3,0,2,0,9,0,111,0,55,0,17,0,3,0,24,1,6,0,0,0,0,0,1,1,41,2,5,0,12,1,0,0,0,0,7,4,0,0,0,0,0,0,5,0,0,0,0,0,0,0
23,0,7,1766,4,2249,6,1862,4,206,0,1,2,586,144,366,0,0,3,1,1,0,2,0,0,0,0,0,0,0,0,0,4,83,0,0,299,198,1,2,1,6,4,1,0,0,0,4,0,38,0,1,0,11,1,43,0,0,0,0,3,3861,1,390,4,149,0,551,4,192,29,278,228,471,8,665,8,416,4,273,0,0,0,6,0,51,0,0,3,117,0,0,0,0,8,0,8,0,6,4,15,0,3,0,4,1,10,5,2,4,0,0,11,4,0,0,1,0,0,1,0,2,0,2,2,11,6,301,2,139,0,90,0,3,1,91,0,12,0,0,0,5,0,5,1,266,0,14,0,38,1,0,5,1,18,4,1,1,1,8,0,2,2,3,2,1,0,0,17,10
1329,7,0,151,7138,87,173,3,494,4,344,2,19,2,2517,30,23,19,4295,104,520,38,58,5,187,0,386,1,57,2,28,1,638,2,0,0,73,7,2,0,15,0,0,0,2,0,0,0,2,0,0,0,3,0,5,0,1,0,1,0,110,2,39,1,86,1,21,0,52,0,65,2,688,5,1087,60,602,13,114,5,0,0,0,0,26,0,18,0,38,0,1,0,1,0,1,0,2,2,2,1,3,0,2,0,3,0,3,0,2,0,1,0,0,0,1,0,0,0,0,0,0,0,0,1,47,0,35,3,9,1,6,0,0,0,27,2,7,0,1,0,0,0,2,0,18,3,2,0,2,0,14,66,49,56,61,95,9,0,0,1,0,0,7,0,0,0,0,0,2,0
12,1766,151,0,26,6129,6,458,13,614,0,364,2,77,395,1965,8,75,321,2116,19,368,23,307,5,211,4,207,0,156,0,30,22,316,0,0,374,576,1,12,1,29,0,3,1,33,0,2,0,6,0,2,0,1,3,1,0,1,0,6,1,132,2,111,3,2,0,20,0,4,34,330,43,173,114,1434,29,1098,13,189,0,0,0,2,0,7,0,30,0,6,0,8,0,9,3,1,3,0,5,0,5,0,3,0,0,0,3,2,3,1,0,1,8,1,0,1,2,0,0,2,0,7,0,4,3,64,5,149,0,73,0,30,2,1,3,204,0,18,0,1,0,1,1,2,1,231,1,13,0,14,24,67,102,176,342,875,11,63,3,9,0,3,0,3,1,3,0,0,10,0
2222,4,7138,26,0,19,416,0,4317,1,929,1,33,1,373,4,8,2,306,21,41,8,18,1,28,0,48,0,64,0,90,0,492,1,0,0,27,4,1,0,6,0,1,0,0,0,0,0,0,0,0,0,2,0,6,0,0,0,1,0,127,0,27,0,54,0,51,0,17,0,43,0,70,1,843,20,519,4,121,0,0,0,3,0,65,1,7,0,40,0,1,0,0,0,4,0,2,0,2,0,1,0,1,1,1,0,6,0,3,0,0,1,0,1,0,0,0,0,0,0,3,0,1,0,33,0,43,0,9,0,6,0,1,0,17,1,3,0,0,0,0,0,1,0,23,0,1,0,2,0,5,23,20,8,19,24,8,0,0,0,0,0,7,0,1,0,0,0,0,0
18,2249,87,6129,19,0,7,1790,8,3084,0,787,2,117,318,66,5,19,127,97,8,11,10,24,1,30,1,508,0,89,0,151,8,411,0,0,240,80,2,2,1,17,0,2,0,8,2,1,1,10,0,0,0,6,0,7,0,1,0,4,6,155,3,58,3,19,0,96,2,36,25,86,62,21,63,1309,17,773,4,152,0,0,0,2,0,40,0,12,0,38,0,3,0,6,1,0,3,2,1,1,4,1,4,1,1,0,0,3,1,1,0,3,7,1,0,0,0,0,0,0,1,2,0,1,0,55,2,115,1,58,0,26,0,1,3,152,0,23,0,0,0,3,0,0,1,154,0,12,0,6,6,34,35,48,145,364,4,34,1,8,0,4,1,2,0,3,0,0,9,3
1986,6,173,6,416,7,0,2,1586,0,0,0,2579,1,163,3,0,0,16,0,0,0,0,0,0,0,0,0,0,0,0,0,1189,0,0,0,23,0,1,0,12,0,0,0,0,0,0,0,1,0,0,0,1,0,4,0,0,0,0,0,452,1,47,0,30,0,67,0,9,0,78,1,237,7,236,0,109,2,64,0,0,0,7,0,56,0,57,0,13,0,0,0,0,0,1,0,1,0,4,0,4,0,2,0,2,0,5,1,0,0,3,0,0,0,1,0,0,0,0,0,0,0,0,0,8,0,51,0,19,0,6,0,6,0,16,0,1,0,0,0,0,0,0,0,21,1,4,0,4,0,0,0,1,0,13,1,1,0,0,0,0,0,3,0,1,0,0,0,0,0
5,1862,3,458,0,1790,2,0,1,1653,0,4,0,1215,26,38,0,0,7,5,0,0,0,0,0,0,0,0,0,0,0,0,3,1310,0,0,21,23,0,0,1,3,0,0,0,0,0,0,0,7,0,0,0,3,0,3,0,0,0,1,0,272,1,39,1,3,0,328,0,30,7,37,9,6,2,371,2,334,0,76,0,0,0,8,1,61,0,1,0,68,0,0,0,1,0,0,1,1,1,0,1,1,0,1,1,1,3,4,3,0,0,1,1,4,0,0,0,0,0,0,0,1,0,3,0,20,1,80,0,43,0,6,0,2,0,64,0,8,0,0,0,0,0,1,0,101,0,6,0,8,0,0,0,1,13,15,0,3,2,5,0,1,2,2,0,0,1,0,2,2
295,4,494,13,4317,8,1586,1,0,0,1678,0,204,0,230,5,1,0,95,6,1,1,4,0,12,0,8,0,26,0,4,0,1859,1,0,0,22,0,1,0,6,0,1,0,0,0,0,0,1,0,0,0,1,0,5,0,0,0,2,0,94,0,20,0,10,0,17,1,7,0,35,2,65,2,530,2,430,1,133,1,0,0,0,0,15,0,9,0,7,0,0,0,1,0,1,0,2,0,2,0,1,0,2,0,0,0,3,0,1,0,1,0,0,0,0,0,0,0,0,0,2,0,0,0,45,0,33,0,13,0,4,0,0,0,16,1,1,1,0,0,1,0,2,0,12,2,0,0,0,0,2,4,2,0,16,6,2,0,0,0,0,0,6,1,0,0,0,0,0,2
0,206,4,614,1,3084,0,1653,0,0,0,1131,0,375,13,23,0,1,18,24,0,2,1,0,0,1,0,6,0,43,0,25,1,875,0,0,15,28,1,0,0,18,0,0,0,3,0,1,0,5,0,0,0,2,0,0,0,0,0,6,1,59,0,17,1,2,0,194,0,11,3,20,1,2,4,431,3,521,2,69,0,0,0,6,0,47,0,1,0,26,0,2,0,9,0,0,0,0,1,0,0,0,0,0,2,0,1,3,0,1,0,0,3,1,0,0,0,0,0,1,0,0,0,1,0,37,1,42,0,41,0,14,0,1,0,74,0,7,0,0,0,0,0,1,0,70,0,4,0,5,0,1,2,2,10,53,0,0,1,4,0,0,0,2,0,3,0,0,2,0
0,0,344,0,929,0,0,0,1678,0,0,0,0,0,0,0,29,0,57,2,69,0,83,0,61,0,129,0,1345,0,492,0,371,0,0,0,0,0,0,0,3,0,0,0,1,0,0,0,0,1,1,0,0,0,0,0,0,0,1,0,0,0,0,0,0,0,0,0,0,0,0,0,0,0,38,2,294,0,9,0,0,0,0,0,2,0,24,0,2,0,0,0,1,0,1,0,0,0,0,0,0,0,0,0,0,0,0,0,0,0,0,0,0,0,0,0,0,0,0,0,0,0,0,0,1,0,1,0,0,0,0,0,0,0,1,0,0,0,0,0,0,0,0,0,0,0,0,0,0,0,9,1,7,2,2,0,12,0,0,0,0,0,0,0,0,0,0,0,0,0
0,1,2,364,1,787,0,4,0,1131,0,0,0,0,0,1,0,35,5,12,0,6,0,15,0,60,0,347,1,1225,0,433,0,365,0,0,0,1,0,0,0,9,0,0,0,33,0,0,0,1,0,0,0,0,0,0,0,0,0,2,0,0,0,0,0,0,0,0,0,0,0,0,0,0,5,300,0,271,0,4,0,0,0,0,0,0,1,28,0,2,0,5,0,12,0,0,0,0,0,0,0,0,0,0,0,0,0,0,0,0,0,0,0,0,0,0,0,0,0,0,0,1,0,0,0,10,0,5,0,0,0,2,0,0,0,17,0,0,0,0,0,0,0,0,0,6,0,1,0,0,0,8,4,5,3,14,0,31,0,1,0,1,0,0,0,0,0,0,0,0
254,2,19,2,33,2,2579,0,204,0,0,0,0,0,22,2,0,0,4,0,0,0,0,0,0,0,0,0,0,0,0,0,692,0,0,0,8,1,2,1,3,0,0,0,0,0,0,1,5,1,0,0,3,1,5,0,0,0,0,0,1648,0,38,2,12,0,821,0,7,1,44,3,20,0,30,0,31,0,7,1,0,0,21,0,120,0,45,1,2,0,0,0,0,0,2,0,0,0,1,0,0,0,0,0,0,0,2,0,0,0,0,0,0,0,0,0,0,0,0,0,0,0,0,0,2,1,2,1,8,0,1,0,0,0,2,0,0,0,0,0,0,0,0,0,5,1,0,0,0,0,0,0,0,0,1,0,0,0,1,0,0,0,2,0,0,0,0,0,1,0
0,586,2,77,1,117,1,1215,0,375,0,0,0,0,6,14,0,0,1,1,0,0,0,0,0,0,0,0,0,0,0,0,1,1182,0,0,11,15,1,2,0,6,0,1,0,0,0,2,0,6,0,2,0,4,0,7,0,0,0,1,0,941,1,37,0,9,0,727,1,9,8,22,3,9,1,120,1,353,0,120,0,0,0,71,0,156,0,2,1,10,0,0,0,0,0,1,3,1,0,0,4,0,2,0,0,1,4,2,1,0,0,2,0,1,0,0,0,0,0,2,0,1,0,0,1,5,1,47,0,48,0,18,0,0,1,18,0,3,0,0,0,0,0,0,0,32,0,4,0,5,0,0,0,0,2,1,0,1,1,1,0,0,0,1,0,0,0,0,1,0
269,144,2517,395,373,318,163,26,230,13,0,0,22,6,0,172,1,0,909,15,1,0,2,0,1,0,0,0,0,0,0,0,163,5,0,0,1029,29,3,2,12,1,0,0,0,0,0,1,10,1,0,0,10,1,19,0,0,0,0,0,35,10,75,6,36,1,7,2,32,1,494,15,1383,79,678,79,292,33,125,5,0,0,0,0,6,0,0,0,5,0,0,0,0,0,4,1,2,0,7,0,2,0,3,0,1,0,8,4,2,1,1,0,0,1,1,0,0,0,0,0,1,0,1,0,33,1,105,7,20,1,14,2,1,0,37,8,3,1,0,0,1,0,2,0,38,12,2,0,5,4,0,0,4,1,135,71,1,0,0,0,0,0,9,0,2,1,0,0,1,0
3,366,30,1965,4,66,3,38,5,23,0,1,2,14,172,0,0,0,63,919,1,0,1,0,0,0,0,0,0,0,0,0,7,19,0,0,333,3595,2,37,2,2,1,0,0,0,0,2,0,2,0,0,1,0,1,0,0,0,0,0,2,82,1,49,1,0,0,0,1,2,19,248,91,1542,20,191,5,102,0,32,0,0,0,0,0,0,0,0,0,2,0,0,0,0,1,0,1,0,1,1,1,0,1,0,0,0,0,1,0,0,0,0,2,1,0,0,0,0,0,0,0,0,0,1,0,8,2,34,0,12,0,5,0,0,0,24,0,4,0,1,0,1,0,0,0,42,0,1,0,2,3,1,4,17,228,284,4,1,0,1,0,1,2,1,0,1,0,0,1,0
0,0,23,8,8,5,0,0,1,0,29,0,0,0,1,0,0,77,47,18,382,44,785,4,364,0,13,0,249,0,0,0,265,0,0,0,4,0,0,0,16,0,32,0,41,0,0,0,0,0,0,0,0,0,0,0,1,0,0,0,0,0,0,0,0,0,0,0,0,0,0,0,0,0,248,10,342,0,2,0,0,0,0,0,1,0,29,0,18,0,3,0,6,0,0,0,0,0,0,0,0,0,0,0,0,0,0,0,0,0,0,0,0,0,0,0,0,0,0,0,0,0,0,0,0,0,0,0,0,0,0,0,0,0,0,0,0,0,0,0,0,0,0,0,0,0,0,0,0,0,261,27,135,12,23,5,1622,4,0,0,0,0,0,0,0,0,0,0,0,0
0,0,19,75,2,19,0,0,0,1,0,35,0,0,0,0,77,0,28,43,14,529,39,1327,1,168,0,37,0,206,0,2,1,409,0,0,0,1,0,0,0,25,0,3,0,170,0,0,0,0,0,0,0,0,0,0,0,0,0,1,0,0,0,0,0,0,0,0,0,0,0,0,0,0,453,293,0,543,0,11,0,0,0,0,0,0,0,51,0,0,0,9,0,5,0,0,0,0,0,0,0,0,0,0,1,0,0,0,0,0,0,0,0,0,0,0,0,0,0,0,0,1,0,0,0,1,0,0,0,0,0,0,0,0,0,1,0,0,0,0,0,0,0,0,0,0,0,0,0,0,11,143,16,16,3,14,36,901,0,0,0,0,0,1,0,0,0,0,1,0
6,3,4295,321,306,127,16,7,95,18,57,5,4,1,909,63,47,28,0,297,321,74,59,10,24,3,21,2,27,1,0,0,298,6,0,0,208,34,7,1,4,0,0,0,0,0,0,0,0,1,0,0,0,0,0,0,0,0,0,0,2,0,2,1,2,0,0,0,0,0,13,5,4,1,863,87,354,25,68,3,0,0,0,1,2,0,11,0,4,0,0,0,4,0,1,1,2,0,4,0,2,0,0,0,1,0,5,2,0,0,2,0,0,0,0,0,0,0,0,0,1,0,0,0,22,2,20,3,4,1,6,1,2,0,14,8,2,1,0,0,0,0,1,0,12,3,1,1,0,0,39,118,507,105,718,177,17,3,2,0,0,0,4,0,0,0,0,0,0,0
0,1,104,2116,21,97,0,5,6,24,2,12,0,1,15,919,18,43,297,0,27,1071,16,133,4,12,4,5,0,15,0,2,3,19,0,0,50,1257,1,5,0,2,0,1,0,3,0,0,0,0,0,0,0,0,0,0,0,0,0,1,0,0,0,1,0,0,0,0,0,0,1,1,0,0,96,433,13,110,0,18,0,0,0,0,0,0,0,4,0,0,0,1,0,1,0,0,0,0,0,0,0,0,0,0,0,0,0,1,0,0,0,0,1,0,0,0,0,0,0,1,0,0,0,0,0,12,1,6,0,4,0,1,0,0,0,21,0,0,0,0,0,0,0,0,0,13,0,0,0,1,43,197,103,1514,208,905,11,37,0,0,0,0,0,2,0,1,0,0,0,0
0,1,520,19,41,8,0,0,1,0,69,0,0,0,1,1,382,14,321,27,0,156,986,13,282,0,93,0,94,1,2,0,55,0,0,0,2,0,0,0,1,0,0,0,3,0,0,0,0,0,0,0,0,0,0,0,0,0,0,0,0,0,0,0,0,0,0,0,0,0,0,0,0,0,311,13,124,2,1,0,0,0,0,0,0,0,2,1,1,0,1,0,0,0,0,0,0,0,0,0,0,0,0,0,0,0,0,0,0,0,0,0,0,0,0,0,0,0,0,0,0,0,0,0,0,0,0,0,0,0,0,0,0,0,1,0,0,0,0,0,0,0,0,0,0,0,0,0,0,0,278,9,430,13,74,9,251,1,0,0,0,0,0,0,0,0,0,0,0,0
0,0,38,368,8,11,0,0,1,2,0,6,0,0,0,0,44,529,74,1071,156,0,55,1400,3,138,0,44,2,63,0,0,1,14,0,0,4,6,0,0,0,1,0,0,0,5,0,0,0,0,0,0,0,0,0,0,0,0,0,0,0,0,0,0,0,0,0,0,0,0,0,0,0,0,147,330,2,16,0,0,0,0,0,0,0,0,0,3,0,0,0,1,0,0,0,0,0,0,0,0,0,0,0,0,0,0,0,0,0,0,0,0,0,0,0,0,0,0,0,0,0,0,0,0,0,0,0,0,0,0,0,0,0,0,0,0,0,0,0,0,0,0,0,0,0,0,0,0,0,0,103,451,42,175,20,57,7,136,0,0,0,0,0,0,0,0,0,0,0,0
0,2,58,23,18,10,0,0,4,1,83,0,0,0,2,1,785,39,59,16,986,55,0,177,744,3,161,1,136,1,2,0,99,1,0,0,5,1,0,0,1,0,0,0,3,0,0,0,0,0,0,0,0,0,0,0,0,0,0,0,0,0,0,0,0,0,0,0,0,0,0,0,0,0,66,7,160,1,0,0,0,0,0,0,1,0,11,0,0,0,0,0,2,0,0,0,0,0,0,0,0,0,0,0,0,0,0,0,0,0,0,0,0,0,0,0,0,0,0,0,0,0,0,0,0,0,0,0,0,0,0,0,0,0,0,0,0,0,0,0,0,0,0,0,0,0,0,0,0,0,198,3,145,5,85,8,410,14,0,0,0,0,0,0,0,0,0,0,0,0
0,0,5,307,1,24,0,0,0,0,0,15,0,0,0,0,4,1327,10,133,13,1400,177,0,0,801,1,150,0,79,0,0,1,52,0,0,0,1,0,0,0,1,0,0,0,19,0,0,0,0,0,0,0,0,0,0,0,0,0,0,0,0,0,0,0,0,0,0,0,0,0,0,0,0,29,76,0,57,0,2,0,0,0,0,0,0,0,8,0,0,0,1,0,1,0,0,0,0,0,0,0,0,0,0,0,0,0,0,0,0,0,0,0,0,0,0,0,0,0,0,0,0,0,0,0,0,0,1,0,0,0,0,0,0,0,0,0,0,0,0,0,0,0,0,0,0,0,0,0,0,2,81,4,15,2,9,2,446,0,0,0,0,0,0,0,0,0,0,0,0
0,0,187,5,28,1,0,0,12,0,61,0,0,0,1,0,364,1,24,4,282,3,744,0,0,0,429,0,590,0,0,0,247,0,0,0,2,0,0,0,10,0,0,0,6,0,0,0,0,0,0,0,0,0,1,0,0,0,0,0,0,0,0,0,0,0,0,0,0,0,0,0,0,0,37,1,78,1,0,0,0,0,0,0,1,0,15,0,8,0,1,0,0,0,0,0,0,0,0,0,0,0,0,0,0,0,0,0,0,0,0,0,0,0,0,0,0,0,0,0,0,0,0,0,0,0,0,0,0,0,0,0,0,0,0,0,0,0,0,0,0,0,0,0,0,0,0,0,0,0,13,3,38,0,8,1,178,0,0,0,0,0,0,0,0,0,0,0,0,0
0,0,0,211,0,30,0,0,0,1,0,60,0,0,0,0,0,168,3,12,0,138,3,801,0,0,0,352,0,396,0,1,0,121,0,0,0,0,0,0,0,1,0,1,0,13,0,0,0,1,0,0,0,0,0,0,0,0,0,1,0,0,0,0,0,0,0,0,0,0,0,0,0,0,0,17,0,11,0,0,0,0,0,0,0,0,0,11,0,0,0,3,0,5,0,0,0,0,0,0,0,0,0,0,0,0,0,0,0,0,0,0,0,0,0,0,0,0,0,0,0,0,0,0,0,0,0,0,0,0,0,0,0,0,0,0,0,0,0,0,0,0,0,0,0,0,0,0,0,0,0,5,0,3,0,1,0,98,0,0,0,0,0,0,0,0,0,0,0,0
0,0,386,4,48,1,0,0,8,0,129,0,0,0,0,0,13,0,21,4,93,0,161,1,429,0,0,0,105,0,0,0,16,0,0,0,0,0,0,0,0,0,0,0,0,0,0,0,0,0,0,0,0,0,0,0,0,0,0,0,0,0,0,0,0,0,0,0,0,0,0,0,0,0,10,1,14,0,0,0,0,0,0,0,0,0,0,0,0,0,0,0,0,0,0,0,0,0,0,0,0,0,0,0,0,0,0,0,0,0,0,0,0,0,0,0,0,0,0,0,0,0,0,0,0,0,0,0,0,0,0,0,0,0,0,0,0,0,0,0,0,0,0,0,0,0,0,0,0,0,9,3,7,1,3,1,11,0,0,0,0,0,0,0,0,0,0,0,0,0
0,0,1,207,0,508,0,0,0,6,0,347,0,0,0,0,0,37,2,5,0,44,1,150,0,352,0,0,0,312,0,171,0,27,0,0,0,0,0,0,0,0,0,0,0,3,0,0,0,0,0,0,0,0,0,0,0,0,0,1,0,0,0,0,0,0,0,0,0,0,0,0,0,0,5,49,0,7,0,0,0,0,0,0,0,0,0,6,0,0,0,1,0,0,0,0,0,0,0,0,0,0,0,0,0,0,0,0,0,0,0,0,0,0,0,0,0,0,0,0,0,0,0,0,0,0,0,0,0,0,0,0,0,0,0,0,0,0,0,0,0,0,0,0,0,0,0,0,0,0,0,3,1,1,0,1,0,23,0,0,0,0,0,0,0,0,0,0,0,0
0,0,57,0,64,0,0,0,26,0,1345,1,0,0,0,0,249,0,27,0,94,2,136,0,590,0,105,0,0,0,38,0,543,0,0,0,0,0,0,0,2,0,0,0,2,0,0,0,0,0,0,0,0,0,0,0,0,0,0,0,0,0,0,0,0,0,0,0,0,0,0,0,0,0,30,0,138,0,1,0,0,0,0,0,1,0,15,0,3,0,1,0,1,0,0,0,0,0,0,0,0,0,0,0,0,0,0,0,0,0,0,0,0,0,0,0,0,0,0,0,0,0,0,0,0,0,0,0,0,0,0,0,0,0,0,0,0,0,0,0,0,0,0,0,0,0,0,0,0,0,3,1,10,0,2,0,41,0,0,0,0,0,0,0,0,0,0,0,0,0
0,0,2,156,0,89,0,0,0,43,0,1225,0,0,0,0,0,206,1,15,1,63,1,79,0,396,0,312,0,0,0,75,0,487,0,0,0,0,0,0,0,6,0,0,0,46,0,0,0,0,0,0,0,0,0,0,0,0,0,6,0,0,0,0,0,0,0,0,0,0,0,0,0,0,0,92,0,169,0,1,0,0,0,0,0,0,0,55,0,0,0,6,0,8,0,0,0,0,0,0,0,0,0,0,0,0,0,0,0,0,0,0,0,0,0,0,0,0,0,0,0,0,0,0,0,0,0,0,0,1,0,0,0,0,0,0,0,2,0,0,0,0,0,0,0,1,0,0,0,0,0,1,0,4,0,0,0,29,0,0,0,0,0,1,0,0,0,0,0,0
0,0,28,0,90,0,0,0,4,0,492,0,0,0,0,0,0,0,0,0,2,0,2,0,0,0,0,0,38,0,0,0,0,0,0,0,0,0,0,0,0,0,0,0,0,0,0,0,0,0,0,0,0,0,0,0,0,0,0,0,0,0,0,0,0,0,0,0,0,0,0,0,0,0,0,0,4,0,0,0,0,0,0,0,0,0,0,0,0,0,0,0,0,0,0,0,0,0,0,0,0,0,0,0,0,0,0,0,0,0,0,0,0,0,0,0,0,0,0,0,0,0,0,0,0,0,0,0,0,0,0,0,0,0,0,0,0,0,0,0,0,0,0,0,0,0,0,0,0,0,0,0,0,0,0,0,0,0,0,0,0,0,0,0,0,0,0,0,0,0
0,0,1,30,0,151,0,0,0,25,0,433,0,0,0,0,0,2,0,2,0,0,0,0,0,1,0,171,0,75,0,0,0,15,0,0,0,0,0,0,0,1,0,0,0,2,0,0,0,0,0,0,0,0,0,0,0,0,0,1,0,0,0,0,0,0,0,0,0,0,0,0,0,0,1,32,0,29,0,0,0,0,0,0,0,0,0,1,0,1,0,0,0,1,0,0,0,0,0,0,0,0,0,0,0,0,0,0,0,0,0,0,0,0,0,0,0,0,0,0,0,0,0,0,0,2,0,0,0,0,0,0,0,0,0,1,0,0,0,0,0,0,0,0,0,0,0,0,0,0,0,0,0,0,0,1,0,4,0,0,0,0,0,0,0,0,0,0,0,0
260,4,638,22,492,8,1189,3,1859,1,371,0,692,1,163,7,265,1,298,3,55,1,99,1,247,0,16,0,543,0,0,0,0,2,0,0,34,1,14,7,168,2,11,0,67,0,1,15,19,22,15,1,35,4,77,0,34,0,26,0,509,0,109,6,60,0,219,1,27,9,175,30,130,4,483,13,3186,7,134,0,0,0,139,1,201,4,510,0,183,3,15,0,47,0,2,0,3,0,5,0,7,1,3,1,2,0,4,2,2,1,2,0,1,0,0,0,0,0,0,0,2,0,1,0,25,0,39,0,28,3,13,0,1,0,16,1,1,0,3,0,2,0,4,0,71,7,5,0,5,0,5,3,24,0,12,8,30,1,1,0,0,0,8,0,1,0,0,0,2,0
0,83,2,316,1,411,0,1310,1,875,0,365,0,1182,5,19,0,409,6,19,0,14,1,52,0,121,0,27,0,487,0,15,2,0,0,0,15,31,6,14,2,389,0,44,0,173,21,64,14,80,0,77,4,59,6,100,0,29,0,177,1,69,4,50,5,24,3,127,8,64,33,113,0,3,4,347,2,3400,2,186,0,0,2,93,3,609,0,469,2,375,0,65,0,245,4,2,1,3,2,3,6,0,3,4,1,2,7,2,2,3,1,1,5,3,1,0,0,0,0,2,0,5,1,3,1,13,1,38,4,132,0,25,0,2,1,35,0,5,0,10,1,4,0,10,7,109,0,9,3,11,0,0,0,2,3,20,0,9,1,3,0,0,1,5,0,2,0,0,2,3
0,0,0,0,0,0,0,0,0,0,0,0,0,0,0,0,0,0,0,0,0,0,0,0,0,0,0,0,0,0,0,0,0,0,0,0,0,0,0,0,0,0,0,0,0,0,0,0,0,0,0,0,0,0,0,0,0,0,0,0,0,0,0,0,0,0,0,0,0,0,0,0,0,0,0,0,0,0,0,0,0,0,0,0,0,0,0,0,0,0,0,0,0,0,0,0,0,0,0,0,0,0,0,0,0,0,0,0,0,0,0,0,0,0,0,0,0,0,0,0,0,0,0,0,0,0,0,0,0,0,0,0,0,0,0,0,0,0,0,0,0,0,0,0,0,0,0,0,0,0,0,0,0,0,0,0,0,0,0,0,0,0,0,0,0,0,0,0,0,0
0,0,0,0,0,0,0,0,0,0,0,0,0,0,0,0,0,0,0,0,0,0,0,0,0,0,0,0,0,0,0,0,0,0,0,0,0,0,0,0,0,0,0,0,0,0,0,0,0,0,0,0,0,0,0,0,0,0,0,0,0,0,0,0,0,0,0,0,0,0,0,0,0,0,0,0,0,0,0,0,0,0,0,0,0,0,0,0,0,0,0,0,0,0,0,0,0,0,0,0,0,0,0,0,0,0,0,0,0,0,0,0,0,0,0,0,0,0,0,0,0,0,0,0,0,0,0,0,0,0,0,0,0,0,0,0,0,0,0,0,0,0,0,0,0,0,0,0,0,0,0,0,0,0,0,0,0,0,0,0,0,0,0,0,0,0,0,0,0,0
28,299,73,374,27,240,23,21,22,15,0,0,8,11,1029,333,4,0,208,50,2,4,5,0,2,0,0,0,0,0,0,0,34,15,0,0,0,171,1117,6,60,1,2,0,0,0,0,5,161,13,1,0,43,4,70,4,1,0,0,0,21,81,46,55,34,7,9,4,21,6,2127,113,346,160,197,84,106,42,61,15,0,0,8,0,18,6,0,1,8,1,0,0,0,0,0,0,3,0,5,0,4,0,4,1,0,0,8,1,1,0,2,0,1,1,0,0,0,0,0,0,0,0,1,0,10,1,37,15,46,12,16,5,1,0,22,11,0,0,0,1,2,0,0,2,29,13,6,1,12,1,1,1,47,11,636,35,0,1,1,1,0,0,2,3,1,0,0,0,1,0
0,198,7,576,4,80,0,23,0,28,0,1,1,15,29,3595,0,1,34,1257,0,6,1,1,0,0,0,0,0,0,0,0,1,31,0,0,171,0,7,570,7,10,0,2,0,0,3,19,4,71,0,7,3,20,7,13,1,0,0,0,2,162,15,267,6,18,1,35,5,34,109,3059,54,851,10,125,1,62,1,42,0,0,0,2,0,32,0,0,1,2,0,0,0,0,1,0,3,0,0,0,0,0,0,0,2,0,1,0,1,1,0,2,3,0,0,0,1,0,0,2,0,0,1,1,0,5,0,38,2,51,0,9,0,0,0,15,0,3,0,0,0,2,0,8,1,39,0,3,0,7,1,3,5,444,81,907,0,2,1,0,0,0,0,3,1,0,0,0,0,0
0,1,2,1,1,2,1,0,1,1,0,0,2,1,3,2,0,0,7,1,0,0,0,0,0,0,0,0,0,0,0,0,14,6,0,0,1117,7,0,103,220,18,3,2,0,0,197,73,287,60,32,7,124,19,104,15,21,2,3,0,0,1,5,19,11,0,2,7,22,5,1093,227,0,0,6,4,17,13,3,2,0,0,10,2,35,11,0,1,40,8,0,0,2,1,0,1,1,0,1,0,2,1,1,0,1,0,0,1,0,0,0,0,0,0,0,0,0,0,0,0,0,0,0,1,0,0,2,0,11,0,0,0,0,0,1,2,0,0,1,1,1,0,1,2,19,3,2,0,2,0,0,0,4,0,14,2,0,0,0,0,0,0,0,0,0,0,0,0,0,0
1,2,0,12,0,2,0,0,0,0,0,0,1,2,2,37,0,0,1,5,0,0,0,0,0,0,0,0,0,0,0,0,7,14,0,0,6,570,103,0,62,46,1,7,0,0,79,107,67,76,4,14,70,14,79,8,37,1,5,3,0,0,5,18,1,2,0,7,5,4,133,914,0,1,0,4,5,18,1,10,0,0,5,1,12,20,0,1,18,12,0,0,0,4,1,0,0,1,1,1,1,1,0,0,0,0,1,0,0,0,0,0,1,0,1,1,0,0,0,0,0,0,0,0,0,1,0,0,3,2,0,1,0,0,0,1,0,0,0,0,0,1,0,0,6,7,0,1,0,3,0,0,1,0,0,3,0,0,0,0,0,0,0,0,0,0,0,0,1,1
29,1,15,1,6,1,12,1,6,0,3,0,3,0,12,2,16,0,4,0,1,0,1,0,10,0,0,0,2,0,0,0,168,2,0,0,60,7,220,62,0,35,2026,13,294,0,120,77,85,39,632,24,53,11,92,2,121,1,565,0,48,2,21,2,21,0,10,0,7,1,320,145,35,1,81,3,557,3,296,2,0,0,10,1,241,6,477,0,418,7,307,0,537,1,5,0,5,2,11,0,8,0,2,1,2,1,14,3,4,0,9,1,1,2,0,0,0,0,0,0,7,0,7,0,4,1,58,0,73,0,13,0,1,0,16,2,5,0,96,0,5,0,41,0,284,1,17,0,9,0,0,0,0,0,2,0,17,0,1,0,0,0,147,0,2,0,0,0,6,3
1,6,0,29,0,17,0,3,0,18,0,9,0,6,1,2,0,25,0,2,0,1,0,1,0,1,0,0,0,6,0,1,2,389,0,0,1,10,18,46,35,0,7,2033,0,520,13,107,10,35,0,217,2,12,12,10,1,18,0,672,0,24,2,8,2,1,0,3,2,4,27,292,2,0,2,81,8,722,7,495,0,0,0,2,3,87,0,391,4,167,0,402,0,417,11,9,15,14,4,13,12,9,10,8,3,4,19,41,9,34,0,22,10,4,2,0,0,1,2,1,0,4,0,10,2,52,0,23,1,27,1,3,1,4,0,17,0,1,0,119,0,12,0,25,3,166,0,2,1,2,0,0,0,0,1,2,0,125,3,15,0,10,6,92,3,7,0,0,5,4
1,4,0,0,1,0,0,0,1,0,0,0,0,0,0,1,32,0,0,0,0,0,0,0,0,0,0,0,0,0,0,0,11,0,0,0,2,0,3,1,2026,7,0,3,532,0,117,0,7,4,742,0,12,3,26,0,66,1,1333,0,3,0,3,1,2,0,5,0,2,0,108,11,1,0,14,1,43,4,21,10,0,0,3,0,38,1,262,0,108,2,205,0,231,0,15,9,15,7,16,5,53,5,14,4,10,5,42,18,8,4,16,20,2,0,0,0,0,0,0,2,0,0,6,0,3,0,4,0,41,0,4,0,0,0,5,1,1,0,2,0,1,0,1,1,43,2,4,0,4,0,0,0,0,0,0,0,0,0,5,1,1,0,31,3,1,0,0,1,3,0
0,1,0,3,0,2,0,0,0,0,0,0,0,1,0,0,0,3,0,1,0,0,0,0,0,1,0,0,0,0,0,0,0,44,0,0,0,2,2,7,13,2033,3,0,0,273,20,160,5,10,0,653,4,4,7,9,1,22,0,1898,0,0,0,1,1,0,0,0,0,0,10,133,0,1,3,1,1,31,1,24,0,0,0,0,1,16,0,135,0,23,0,533,0,97,2,31,10,28,2,20,2,18,7,19,2,11,10,93,7,39,1,22,3,1,3,0,2,0,0,0,0,0,0,0,0,2,0,2,0,4,1,0,0,0,0,0,0,0,0,2,0,5,0,0,1,7,0,0,0,1,0,0,0,0,0,0,0,1,0,7,0,0,3,6,2,0,0,0,2,2
0,0,2,1,0,0,0,0,0,0,1,0,0,0,0,0,41,0,0,0,3,0,3,0,6,0,0,0,2,0,0,0,67,0,0,0,0,0,0,0,294,0,532,0,0,0,0,0,0,0,3,0,0,0,2,0,3,0,11,0,0,0,0,0,0,0,0,0,0,0,1,0,0,0,13,0,302,0,67,2,0,0,0,0,7,0,1430,0,63,0,150,0,45,0,0,0,1,0,0,0,0,0,0,0,1,0,1,0,0,0,0,0,0,0,0,0,0,0,0,0,1,0,0,0,1,0,0,0,2,0,3,1,1,0,1,0,0,0,10,0,0,0,0,0,6,1,4,0,0,0,0,0,1,0,0,0,35,0,1,0,0,0,20,1,2,0,0,0,1,0
0,0,0,33,0,8,0,0,0,3,0,33,0,0,0,0,0,170,0,3,0,5,0,19,0,13,0,3,0,46,0,2,0,173,0,0,0,0,0,0,0,520,0,273,0,0,1,2,0,0,0,2,0,2,0,1,0,0,0,33,0,0,0,1,0,0,0,0,0,0,0,1,0,1,0,97,0,594,0,157,0,0,0,0,0,1,0,533,0,4,0,100,0,58,2,1,0,0,1,0,0,1,1,0,0,0,1,2,1,1,0,2,1,1,0,0,0,1,0,0,0,4,0,1,0,21,0,2,0,1,0,0,0,2,0,6,0,0,0,12,0,6,0,3,0,36,0,0,0,2,0,0,0,0,0,0,0,209,0,0,0,1,0,11,0,0,0,0,2,1
0,0,0,0,0,2,0,0,0,0,0,0,0,0,0,0,0,0,0,0,0,0,0,0,0,0,0,0,0,0,0,0,1,21,0,0,0,3,197,79,120,13,117,20,0,1,0,882,3214,468,3295,599,1482,38,965,9,523,13,214,28,0,0,1,0,0,0,1,1,1,3,966,120,0,0,1,2,6,14,2,2,0,0,3,0,21,66,1,7,37,49,0,1,5,20,0,1,1,0,1,1,1,1,0,0,0,0,0,0,0,0,1,0,0,0,0,0,0,0,0,0,0,0,0,0,0,1,0,0,0,1,0,0,0,0,1,0,0,0,0,0,0,1,0,1,9,2,1,0,0,0,0,0,0,0,0,0,0,0,0,0,0,0,0,0,0,0,0,0,0,0
0,4,0,2,0,1,0,0,0,1,0,0,1,2,1,2,0,0,0,0,0,0,0,0,0,0,0,0,0,0,0,0,15,64,0,0,5,19,73,107,77,107,0,160,0,2,882,0,677,1825,134,2373,141,604,297,358,107,431,12,112,0,7,1,6,4,1,2,6,5,10,93,1089,0,0,2,3,28,79,5,16,0,0,8,10,35,229,1,25,150,216,0,2,12,102,1,1,1,0,1,0,4,4,1,1,1,0,3,4,0,0,1,0,3,0,0,0,0,0,0,2,0,0,1,1,1,0,1,1,5,6,0,0,0,0,2,1,0,0,2,0,0,0,4,3,23,8,0,2,1,1,0,0,0,0,0,0,0,0,1,0,0,0,0,3,1,0,0,1,2,1
2,0,2,0,0,1,1,0,1,0,0,0,5,0,10,0,0,0,0,0,0,0,0,0,0,0,0,0,0,0,0,0,19,14,0,0,161,4,287,67,85,10,7,5,0,0,3214,677,0,1242,100,55,3044,173,434,16,38,2,6,3,0,0,22,15,12,0,9,0,8,5,1474,288,2,0,4,1,30,15,10,5,0,0,34,1,76,25,2,1,124,23,0,0,4,2,1,0,1,1,4,0,5,0,1,0,0,0,1,2,1,0,2,0,1,0,0,0,0,0,0,0,1,0,3,0,0,0,1,0,10,2,2,0,1,0,3,2,0,0,4,1,1,1,5,2,26,2,2,0,2,2,0,0,0,0,1,0,0,0,0,0,0,0,0,0,1,0,0,0,0,0
0,38,0,6,0,10,0,7,0,5,1,1,1,6,1,2,0,0,1,0,0,0,0,0,0,1,0,0,0,0,0,0,22,80,0,0,13,71,60,76,39,35,4,10,0,0,468,1825,1242,0,9,92,90,2483,96,307,19,22,2,15,0,56,10,122,12,33,2,31,27,45,164,1625,0,0,2,11,25,125,12,48,0,0,19,9,48,145,2,5,78,107,0,0,5,17,5,0,4,1,2,2,6,0,1,2,2,0,2,8,2,2,0,4,1,2,1,0,0,0,0,1,1,0,1,0,1,1,2,2,14,38,0,2,0,0,3,2,0,1,0,0,0,5,4,4,21,22,2,4,4,6,0,0,0,0,0,0,0,1,0,2,0,0,1,4,1,0,0,0,1,0
0,0,0,0,0,0,0,0,0,0,1,0,0,0,0,0,0,0,0,0,0,0,0,0,0,0,0,0,0,0,0,0,15,0,0,0,1,0,32,4,632,0,742,0,3,0,3295,134,100,9,0,31,155,1,547,0,803,0,1943,0,1,0,1,0,0,0,2,0,1,0,1173,17,0,0,2,0,36,1,3,1,0,0,4,0,43,0,14,0,150,0,4,0,130,1,65,0,5,0,2,0,55,0,224,0,0,0,2,0,0,0,0,0,0,1,5,3,0,0,0,0,0,0,1,0,0,0,3,0,26,0,0,0,0,0,1,0,0,0,1,0,2,0,3,0,27,1,3,0,1,0,0,0,0,0,0,0,0,0,0,0,0,0,0,0,0,0,0,0,0,0
0,1,0,2,0,0,0,0,0,0,0,0,0,2,0,0,0,0,0,0,0,0,0,0,0,0,0,0,0,0,0,0,1,77,0,0,0,7,7,14,24,217,0,653,0,2,599,2373,55,92,31,0,6,37,15,117,10,373,2,768,0,2,0,1,0,0,0,2,1,6,18,327,0,0,0,0,3,51,1,11,0,0,0,1,1,204,0,34,4,227,0,8,1,141,0,0,0,1,1,1,0,22,2,30,0,0,0,2,0,2,0,0,2,6,1,0,1,0,0,3,0,0,0,1,0,0,0,1,0,4,0,0,0,0,0,1,0,0,0,0,0,0,1,9,3,9,0,0,0,1,0,0,0,0,0,0,0,0,0,2,0,0,0,1,0,0,0,0,3,0
5,0,3,0,2,0,1,0,1,0,0,0,3,0,10,1,0,0,0,0,0,0,0,0,0,0,0,0,0,0,0,0,35,4,0,0,43,3,124,70,53,2,12,4,0,0,1482,141,3044,90,155,6,0,25,3553,2,93,0,28,0,13,0,180,5,72,1,22,0,29,2,608,138,0,0,11,2,47,4,14,2,0,0,44,1,138,10,0,1,270,2,0,0,15,0,1,0,1,0,6,0,5,0,1,0,1,0,4,0,2,1,1,0,0,0,1,0,0,0,0,0,0,0,3,0,1,1,4,1,17,1,0,0,1,0,2,0,0,0,1,0,1,0,6,0,33,2,1,0,1,0,0,0,0,0,0,0,0,0,1,0,0,0,0,0,0,0,0,0,0,0
0,11,0,1,0,6,0,3,0,2,0,0,1,4,1,0,0,0,0,0,0,0,0,0,0,0,0,0,0,0,0,0,4,59,0,0,4,20,19,14,11,12,3,4,0,2,38,604,173,2483,1,37,25,0,28,2070,5,35,1,15,1,47,4,566,6,117,0,52,6,485,35,595,0,0,1,13,11,82,7,25,0,0,7,15,24,140,0,8,33,262,0,2,1,76,2,0,0,0,1,0,2,0,1,0,1,0,2,4,1,1,1,1,1,5,0,0,0,0,0,1,0,1,1,1,5,0,0,4,5,17,1,3,0,0,0,2,0,0,1,0,0,5,4,3,10,14,1,2,0,5,0,0,0,0,0,0,0,0,1,0,0,0,0,0,0,0,0,0,0,0
26,1,5,3,6,0,4,0,5,0,0,0,5,0,19,1,0,0,0,0,0,0,0,0,1,0,0,0,0,0,0,0,77,6,0,0,70,7,104,79,92,12,26,7,2,0,965,297,434,96,547,15,3553,28,0,4,3046,1,409,0,23,3,719,14,695,0,41,0,1069,8,389,197,6,0,28,0,112,5,23,3,0,0,66,1,391,11,4,0,3016,4,0,0,148,0,2,0,2,0,8,0,11,0,1,0,1,0,5,0,5,1,6,0,0,0,1,0,0,0,0,0,3,0,7,0,1,1,8,0,29,2,2,0,3,0,3,0,1,0,4,0,3,0,14,0,95,3,1,1,9,1,0,0,0,0,0,0,1,0,0,0,0,0,1,0,0,0,0,0,0,0
0,43,0,1,0,7,0,3,0,0,0,0,0,7,0,0,0,0,0,0,0,0,0,0,0,0,0,0,0,0,0,0,0,100,0,0,4,13,15,8,2,10,0,9,0,1,9,358,16,307,0,117,2,2070,4,0,1,702,0,126,1,74,5,152,4,105,1,56,5,1784,25,182,0,0,2,8,5,120,1,34,0,0,2,18,7,292,0,16,3,2077,0,4,1,567,1,0,0,2,1,0,1,0,0,0,0,0,0,3,1,1,1,0,0,3,0,0,0,0,0,0,0,1,0,3,0,3,1,9,0,18,1,1,0,0,0,2,0,0,0,0,0,4,0,2,6,15,0,1,0,1,0,0,0,0,0,0,0,0,0,1,0,0,1,2,0,0,0,0,1,1
1,0,1,0,0,0,0,0,0,0,0,0,0,0,0,0,1,0,0,0,0,0,0,0,0,0,0,0,0,0,0,0,34,0,0,0,1,1,21,37,121,1,66,1,3,0,523,107,38,19,803,10,93,5,3046,1,0,0,2120,0,2,0,0,0,0,0,1,0,2,0,131,58,0,0,3,0,72,1,6,0,0,0,4,0,191,1,24,0,513,2,4,0,710,0,1,0,0,1,0,0,3,0,0,0,0,1,1,0,0,0,0,0,0,0,0,0,0,0,0,0,2,0,1,0,3,0,1,0,5,0,2,0,0,0,4,0,0,0,2,0,1,0,4,0,49,0,4,0,0,0,0,0,0,0,0,0,0,0,0,0,0,0,0,0,0,0,0,0,0,0
0,0,0,1,0,1,0,0,0,0,0,0,0,0,0,0,0,0,0,0,0,0,0,0,0,0,0,0,0,0,0,0,0,29,0,0,0,0,2,1,1,18,1,22,0,0,13,431,2,22,0,373,0,35,1,702,0,0,0,1242,0,0,0,1,1,0,0,1,0,3,0,10,0,0,0,0,0,9,0,2,0,0,0,1,1,67,0,5,1,95,0,4,0,1265,0,0,0,0,0,0,0,0,0,0,0,0,0,0,0,0,0,0,0,0,0,0,0,0,0,0,0,0,0,0,0,0,0,0,0,0,0,0,0,0,0,0,0,0,0,0,0,0,0,0,0,1,0,0,0,0,0,0,0,0,0,0,0,0,0,0,0,0,0,0,0,0,0,0,0,0
0,0,1,0,1,0,0,0,2,0,1,0,0,0,0,0,0,0,0,0,0,0,0,0,0,0,0,0,0,0,0,0,26,0,0,0,0,0,3,5,565,0,1333,0,11,0,214,12,6,2,1943,2,28,1,409,0,2120,0,0,0,0,0,0,0,0,0,1,0,0,0,64,8,0,0,2,0,49,0,2,0,0,0,0,0,83,0,113,0,242,0,677,0,2860,0,115,0,4,0,0,0,3,1,303,0,1,0,0,1,0,0,0,0,0,0,1,1,0,0,0,0,0,0,1,0,0,0,0,0,0,0,1,0,0,0,1,0,0,0,2,0,2,0,1,0,17,0,0,0,0,0,0,0,0,0,0,0,0,0,0,0,0,0,0,0,0,0,0,0,0,0
0,0,0,6,0,4,0,1,0,6,0,2,0,1,0,0,0,1,0,1,0,0,0,0,0,1,0,1,0,6,0,1,0,177,0,0,0,0,0,3,0,672,0,1898,0,33,28,112,3,15,0,768,0,15,0,126,0,1242,0,0,0,0,0,0,0,0,0,1,0,4,2,17,0,0,0,2,1,80,0,3,0,0,0,0,0,74,0,457,0,360,0,1106,0,2755,1,29,0,4,0,3,0,2,0,598,0,0,0,10,0,2,0,1,0,0,1,0,1,0,0,2,0,2,0,1,0,0,0,0,0,2,0,0,0,0,0,2,0,0,0,3,0,1,0,0,0,9,0,0,0,1,0,0,0,0,0,0,0,0,0,0,0,0,0,1,0,0,0,0,0,0
4111,3,110,1,127,6,452,0,94,1,0,0,1648,0,35,2,0,0,2,0,0,0,0,0,0,0,0,0,0,0,0,0,509,1,0,0,21,2,0,0,48,0,3,0,0,0,0,0,0,0,1,0,13,1,23,1,2,0,0,0,0,0,1233,6,1582,1,1715,1,90,1,642,11,633,12,265,3,383,5,146,4,0,0,28,1,343,1,5,0,136,0,0,0,1,0,4,0,3,0,6,1,11,0,5,0,1,0,12,2,4,1,1,0,1,0,0,0,2,0,0,0,0,0,1,0,5,0,58,0,122,0,38,0,0,0,34,1,1,0,0,0,0,0,6,0,57,1,17,1,10,0,0,0,0,0,2,0,1,0,1,0,0,0,1,1,0,0,0,0,0,0
3,3861,2,132,0,155,1,272,0,59,0,0,0,941,10,82,0,0,0,0,0,0,0,0,0,0,0,0,0,0,0,0,0,69,0,0,81,162,1,0,2,24,0,0,0,0,0,7,0,56,0,2,0,47,3,74,0,0,0,0,0,0,2,1907,1,1081,0,2571,0,408,30,459,50,692,5,317,0,429,3,349,0,0,0,15,0,56,0,3,0,113,0,0,0,0,6,0,5,3,3,1,9,0,2,0,0,0,23,6,6,2,1,2,7,2,0,0,1,0,0,4,0,1,0,1,0,14,0,213,2,191,1,102,0,2,0,23,0,6,0,0,0,6,0,6,1,127,0,13,0,27,0,0,0,1,1,4,0,0,3,7,0,0,2,15,2,1,0,0,11,4
240,1,39,2,27,3,47,1,20,0,0,0,38,1,75,1,0,0,2,0,0,0,0,0,0,0,0,0,0,0,0,0,109,4,0,0,46,15,5,5,21,2,3,0,0,0,1,1,22,10,1,0,180,4,719,5,0,0,0,0,1233,2,0,17,2298,5,157,9,433,6,1524,61,178,2,72,5,176,9,66,4,0,0,32,1,54,11,0,0,25,1,0,0,0,2,4,0,0,0,5,1,3,0,0,0,2,0,1,0,4,0,3,0,0,1,0,0,0,0,0,0,0,0,2,0,3,1,10,0,66,6,20,0,1,0,11,0,1,0,0,1,0,1,1,0,21,0,12,0,8,2,0,0,0,0,0,0,0,0,0,0,0,0,1,1,0,0,0,0,0,1
2,390,1,111,0,58,0,39,0,17,0,0,2,37,6,49,0,0,1,1,0,0,0,0,0,0,0,0,0,0,0,0,6,50,0,0,55,267,19,18,2,8,1,1,0,1,0,6,15,122,0,1,5,566,14,152,0,1,0,0,6,1907,17,0,10,793,6,274,7,813,95,1204,16,67,14,93,8,135,1,110,0,0,2,6,2,31,0,1,4,9,0,0,0,1,2,1,2,0,2,0,3,1,0,0,0,1,3,5,0,2,0,0,3,1,0,1,0,0,0,2,0,1,3,0,0,15,0,39,6,127,0,22,0,0,0,9,0,2,0,0,0,2,1,5,4,38,0,8,1,13,0,0,0,0,3,2,0,2,0,3,0,1,0,8,1,2,0,0,2,1
406,4,86,3,54,3,30,1,10,1,0,0,12,0,36,1,0,0,2,0,0,0,0,0,0,0,0,0,0,0,0,0,60,5,0,0,34,6,11,1,21,2,2,1,0,0,0,4,12,12,0,0,72,6,695,4,0,1,0,0,1582,1,2298,10,0,2,902,1,1797,9,273,47,59,2,75,5,88,5,28,6,0,0,15,5,166,4,0,0,192,1,0,0,0,1,0,0,3,0,5,0,2,0,0,0,2,0,5,0,2,1,2,0,0,0,0,0,0,0,0,0,0,1,4,0,2,1,7,1,39,5,4,1,0,0,6,2,0,0,0,0,0,0,0,1,28,3,7,2,7,2,0,0,0,0,3,0,0,0,0,0,0,0,2,0,0,0,0,0,0,0
1,149,1,2,0,19,0,3,0,2,0,0,0,9,1,0,0,0,0,0,0,0,0,0,0,0,0,0,0,0,0,0,0,24,0,0,7,18,0,2,0,1,0,0,0,0,0,1,0,33,0,0,1,117,0,105,0,0,0,0,1,1081,5,793,2,0,1,2083,1,1815,13,32,0,0,2,19,1,50,1,22,0,0,0,5,0,19,0,0,1,12,0,0,0,0,0,0,0,0,1,0,0,0,0,2,0,0,1,0,0,0,0,0,0,1,0,0,0,0,0,0,0,0,0,0,0,0,0,10,0,21,0,4,0,0,0,1,0,0,0,0,0,0,0,2,0,6,1,0,0,1,0,0,0,0,0,1,0,1,0,0,0,1,0,1,2,0,0,0,2,0
309,0,21,0,51,0,67,0,17,0,0,0,821,0,7,0,0,0,0,0,0,0,0,0,0,0,0,0,0,0,0,0,219,3,0,0,9,1,2,0,10,0,5,0,0,0,1,2,9,2,2,0,22,0,41,1,1,0,1,0,1715,0,157,6,902,1,0,0,349,3,72,11,7,0,24,1,76,4,20,0,0,0,61,1,1390,2,0,0,300,0,0,0,0,0,3,0,3,0,5,0,7,0,3,0,0,0,2,0,2,0,1,0,0,0,0,0,0,0,0,0,0,0,1,0,2,0,3,0,32,2,4,1,0,0,3,0,0,0,0,0,0,0,1,0,13,0,7,0,14,0,0,0,0,0,0,0,0,0,0,0,0,0,1,0,0,0,0,0,0,0
1,551,0,20,0,96,0,328,1,194,0,0,0,727,2,0,0,0,0,0,0,0,0,0,0,0,0,0,0,0,0,0,1,127,0,0,4,35,7,7,0,3,0,0,0,0,1,6,0,31,0,2,0,52,0,56,0,1,0,1,1,2571,9,274,1,2083,0,0,0,1199,23,73,4,1,1,74,1,187,1,72,0,0,0,63,2,971,0,2,0,296,0,0,0,2,1,0,3,0,0,1,1,0,3,0,1,0,4,4,3,2,0,1,3,2,0,0,0,0,0,1,0,1,0,0,0,4,0,38,0,71,0,7,0,0,0,6,0,4,0,0,0,1,0,3,0,31,0,2,0,2,0,0,0,0,1,0,0,1,1,0,0,0,2,6,0,0,0,0,2,0
148,4,52,0,17,2,9,0,7,0,0,0,7,1,32,1,0,0,0,0,0,0,0,0,0,0,0,0,0,0,0,0,27,8,0,0,21,5,22,5,7,2,2,0,0,0,1,5,8,27,1,1,29,6,1069,5,2,0,0,0,90,0,433,7,1797,1,349,0,0,7,102,48,24,0,12,2,39,8,10,7,0,0,20,3,330,10,0,0,1616,3,0,0,1,0,1,0,0,0,5,0,3,0,0,0,0,0,2,0,0,1,0,0,0,0,0,0,0,0,0,0,1,0,1,0,0,1,3,2,6,0,2,0,0,0,2,0,0,0,0,0,2,1,1,0,10,2,1,0,2,0,0,0,0,0,0,0,1,0,1,0,0,0,0,0,0,0,0,0,1,0
5,192,0,4,0,36,0,30,0,11,0,0,1,9,1,2,0,0,0,0,0,0,0,0,0,0,0,0,0,0,0,0,9,64,0,0,6,34,5,4,1,4,0,0,0,0,3,10,5,45,0,6,2,485,8,1784,0,3,0,4,1,408,6,813,9,1815,3,1199,7,0,50,90,0,1,3,26,3,66,2,38,0,0,1,24,3,578,0,3,3,1425,0,1,0,51,0,0,1,1,1,1,1,0,1,0,0,1,4,1,1,3,0,0,1,2,0,0,0,0,0,0,0,0,0,0,0,1,1,8,1,37,0,0,0,0,0,3,0,1,0,0,0,1,0,3,1,11,0,0,1,8,0,0,0,0,1,0,0,0,1,1,0,0,0,4,0,0,0,0,0,1
262,29,65,34,43,25,78,7,35,3,0,0,44,8,494,19,0,0,13,1,0,0,0,0,0,0,0,0,0,0,0,0,175,33,0,0,2127,109,1093,133,320,27,108,10,1,0,966,93,1474,164,1173,18,608,35,389,25,131,0,64,2,642,30,1524,95,273,13,72,23,102,50,0,886,779,29,300,43,355,66,206,38,0,0,52,4,123,44,1,0,103,15,0,0,13,1,19,0,10,0,23,1,19,1,8,0,11,2,29,7,16,1,11,2,1,2,1,1,1,0,0,1,1,1,7,0,10,1,89,6,212,35,58,5,7,0,35,8,7,0,0,0,7,2,5,4,88,32,18,2,25,9,0,0,0,0,8,5,0,1,1,0,0,0,1,1,1,0,0,0,3,0
5,278,2,330,0,86,1,37,2,20,0,0,3,22,15,248,0,0,5,1,0,0,0,0,0,0,0,0,0,0,0,0,30,113,0,0,113,3059,227,914,145,292,11,133,0,1,120,1089,288,1625,17,327,138,595,197,182,58,10,8,17,11,459,61,1204,47,32,11,73,48,90,886,0,32,221,24,122,74,204,18,130,0,0,30,27,95,166,2,11,89,99,0,3,1,14,3,0,7,1,7,1,3,1,5,0,3,1,12,10,2,5,2,3,7,1,1,0,0,0,0,2,1,0,2,2,1,14,4,39,19,145,0,32,0,1,7,16,1,0,2,0,0,12,5,9,42,73,1,16,1,18,0,0,1,0,14,7,0,1,1,2,0,0,1,6,0,0,0,0,3,1
1465,228,688,43,70,62,237,9,65,1,0,0,20,3,1383,91,0,0,4,0,0,0,0,0,0,0,0,0,0,0,0,0,130,0,0,0,346,54,0,0,35,2,1,0,0,0,0,0,2,0,0,0,0,0,6,0,0,0,0,0,633,50,178,16,59,0,7,4,24,0,779,32,0,316,346,55,349,7,204,2,0,0,0,0,7,0,0,0,11,0,0,0,0,0,4,0,3,0,8,1,10,0,4,0,5,0,15,0,5,0,1,0,1,1,0,0,1,0,0,0,1,0,2,0,8,1,124,3,57,4,21,1,3,0,38,1,4,0,0,0,1,0,1,0,43,5,16,0,19,0,0,0,0,0,1,0,0,0,1,0,0,0,6,0,1,0,0,0,2,0
25,471,5,173,1,21,7,6,2,2,0,0,0,9,79,1542,0,0,1,0,0,0,0,0,0,0,0,0,0,0,0,0,4,3,0,0,160,851,0,1,1,0,0,1,0,1,0,0,0,0,0,0,0,0,0,0,0,0,0,0,12,692,2,67,2,0,0,1,0,1,29,221,316,0,19,76,13,40,14,46,0,0,0,0,0,1,0,0,0,0,0,0,0,0,2,1,0,0,1,0,2,0,1,0,0,1,2,2,0,0,1,0,0,0,1,0,0,0,0,0,0,1,1,1,0,0,3,39,6,30,1,19,0,0,4,2,0,1,0,0,0,1,0,3,3,24,1,2,4,6,0,0,0,0,4,3,0,0,0,1,0,0,0,0,0,0,0,0,3,2
742,8,1087,114,843,63,236,2,530,4,38,5,30,1,678,20,248,453,863,96,311,147,66,29,37,0,10,5,30,0,0,1,483,4,0,0,197,10,6,0,81,2,14,3,13,0,1,2,4,2,2,0,11,1,28,2,3,0,2,0,265,5,72,14,75,2,24,1,12,3,300,24,346,19,0,257,2740,19,980,11,0,0,3,0,25,2,4,0,21,1,2,0,2,0,24,2,27,3,49,3,18,0,21,1,6,2,34,10,12,3,13,7,1,4,3,1,0,0,0,0,31,5,36,4,500,1,603,3,280,3,158,0,30,0,529,23,54,0,4,0,8,0,39,0,520,1,54,1,60,0,119,113,282,37,111,80,191,10,3,1,0,0,65,0,4,0,0,0,17,3
10,665,60,1434,20,1309,0,371,2,431,2,300,0,120,79,191,10,293,87,433,13,330,7,76,1,17,1,49,0,92,0,32,13,347,0,0,84,125,4,4,3,81,1,1,0,97,2,3,1,11,0,0,2,13,0,8,0,0,0,2,3,317,5,93,5,19,1,74,2,26,43,122,55,76,257,0,9,2549,5,1085,0,0,0,4,0,15,0,12,0,10,0,3,0,14,1,3,8,3,4,4,8,2,4,1,1,1,12,5,12,3,1,2,14,4,0,1,0,0,1,5,0,31,1,27,2,273,0,474,3,279,2,127,0,7,2,517,0,43,0,9,0,14,0,21,5,663,0,51,0,70,7,69,31,80,36,125,10,349,0,14,0,12,2,39,2,20,1,0,19,9
317,8,602,29,519,17,109,2,430,3,294,0,31,1,292,5,342,0,354,13,124,2,160,0,78,0,14,0,138,0,4,0,3186,2,0,0,106,1,17,5,557,8,43,1,302,0,6,28,30,25,36,3,47,11,112,5,72,0,49,1,383,0,176,8,88,1,76,1,39,3,355,74,349,13,2740,9,0,9,1564,5,0,0,86,1,338,15,316,0,257,5,20,0,95,0,14,0,16,0,36,0,29,0,16,0,4,0,27,6,10,1,11,1,1,3,0,1,0,0,0,0,9,0,14,0,95,1,206,0,185,1,59,0,59,0,161,3,17,0,10,0,6,2,22,1,411,1,32,1,28,0,6,5,45,4,10,7,1109,0,10,1,0,1,36,1,5,0,0,1,8,3
2,416,13,1098,4,773,2,334,1,521,0,271,0,353,33,102,0,543,25,110,2,16,1,57,1,11,0,7,0,169,0,29,7,3400,0,0,42,62,13,18,3,722,4,31,0,594,14,79,15,125,1,51,4,82,5,120,1,9,0,80,5,429,9,135,5,50,4,187,8,66,66,204,7,40,19,2549,9,0,2,2082,0,0,3,34,3,223,0,346,5,91,0,63,0,135,11,3,13,12,17,8,26,4,12,7,8,0,26,27,10,14,4,11,25,18,2,2,2,2,1,7,1,6,0,11,1,138,2,201,6,201,2,66,0,5,1,237,1,27,0,40,0,22,0,24,6,336,2,16,3,33,0,3,6,7,24,51,0,743,3,29,1,8,3,57,3,21,0,1,22,11
147,4,114,13,121,4,64,0,133,2,9,0,7,0,125,0,2,0,68,0,1,0,0,0,0,0,0,0,1,0,0,0,134,2,0,0,61,1,3,1,296,7,21,1,67,0,2,5,10,12,3,1,14,7,23,1,6,0,2,0,146,3,66,1,28,1,20,1,10,2,206,18,204,14,980,5,1564,2,0,9,0,0,15,0,34,2,10,0,30,2,1,0,3,1,26,3,29,4,35,3,51,4,23,5,11,2,57,12,22,5,24,6,0,0,3,0,2,1,0,1,5,0,5,0,122,0,96,1,67,1,38,1,26,0,50,4,7,0,6,0,3,0,8,0,109,1,8,0,12,0,1,0,6,1,5,7,470,0,10,0,1,1,103,1,6,1,0,0,8,6
0,273,5,189,0,152,0,76,1,69,0,4,1,120,5,32,0,11,3,18,0,0,0,2,0,0,0,0,0,1,0,0,0,186,0,0,15,42,2,10,2,495,10,24,2,157,2,16,5,48,1,11,2,25,3,34,0,2,0,3,4,349,4,110,6,22,0,72,7,38,38,130,2,46,11,1085,5,2082,9,0,0,0,0,7,1,47,0,6,1,20,0,0,0,9,36,22,52,26,37,16,58,10,36,14,18,11,80,86,42,33,7,29,66,21,9,1,2,2,0,13,1,0,0,5,3,151,6,107,3,115,1,39,2,16,3,142,0,19,1,45,0,23,1,14,3,134,0,6,1,24,0,0,2,0,4,11,0,137,11,90,1,49,18,134,6,51,0,1,64,13
0,0,0,0,0,0,0,0,0,0,0,0,0,0,0,0,0,0,0,0,0,0,0,0,0,0,0,0,0,0,0,0,0,0,0,0,0,0,0,0,0,0,0,0,0,0,0,0,0,0,0,0,0,0,0,0,0,0,0,0,0,0,0,0,0,0,0,0,0,0,0,0,0,0,0,0,0,0,0,0,0,0,0,0,0,0,0,0,0,0,0,0,0,0,0,0,0,0,0,0,0,0,0,0,0,0,0,0,0,0,0,0,0,0,0,0,0,0,0,0,0,0,0,0,0,0,0,0,0,0,0,0,0,0,0,0,0,0,0,0,0,0,0,0,0,0,0,0,0,0,0,0,0,0,0,0,0,0,0,0,0,0,0,0,0,0,0,0,0,0
0,0,0,0,0,0,0,0,0,0,0,0,0,0,0,0,0,0,0,0,0,0,0,0,0,0,0,0,0,0,0,0,0,0,0,0,0,0,0,0,0,0,0,0,0,0,0,0,0,0,0,0,0,0,0,0,0,0,0,0,0,0,0,0,0,0,0,0,0,0,0,0,0,0,0,0,0,0,0,0,0,0,0,0,0,0,0,0,0,0,0,0,0,0,0,0,0,0,0,0,0,0,0,0,0,0,0,0,0,0,0,0,0,0,0,0,0,0,0,0,0,0,0,0,0,0,0,0,0,0,0,0,0,0,0,0,0,0,0,0,0,0,0,0,0,0,0,0,0,0,0,0,0,0,0,0,0,0,0,0,0,0,0,0,0,0,0,0,0,0
11,0,0,0,3,0,7,0,0,0,0,0,21,0,0,0,0,0,0,0,0,0,0,0,0,0,0,0,0,0,0,0,139,2,0,0,8,0,10,5,10,0,3,0,0,0,3,8,34,19,4,0,44,7,66,2,4,0,0,0,28,0,32,2,15,0,61,0,20,1,52,30,0,0,3,0,86,3,15,0,0,0,0,0,596,1,1,0,48,2,0,0,3,0,1,0,0,1,2,0,2,0,1,0,0,0,0,0,0,0,0,0,0,0,0,0,0,0,0,0,0,0,1,0,2,0,2,0,10,1,0,0,0,0,1,0,0,0,0,0,0,0,2,0,7,1,1,0,4,0,0,0,0,0,0,0,0,0,0,0,0,0,0,0,0,0,0,0,0,0
0,6,0,2,0,2,0,8,0,6,0,0,0,71,0,0,0,0,1,0,0,0,0,0,0,0,0,0,0,0,0,0,1,93,0,0,0,2,2,1,1,2,0,0,0,0,0,10,1,9,0,1,1,15,1,18,0,1,0,0,1,15,1,6,5,5,1,63,3,24,4,27,0,0,0,4,1,34,0,7,0,0,0,0,1,497,0,0,0,6,0,0,0,0,0,0,0,0,0,0,1,0,0,0,0,0,0,0,0,0,0,0,0,0,0,0,0,0,0,0,0,0,0,0,0,1,0,1,0,3,0,0,0,0,0,0,0,0,0,0,0,0,0,0,1,0,0,0,0,1,0,0,0,0,0,0,0,0,0,0,0,0,0,1,0,0,0,0,0,0
317,0,26,0,65,0,56,1,15,0,2,0,120,0,6,0,1,0,2,0,0,0,1,0,1,0,0,0,1,0,0,0,201,3,0,0,18,0,35,12,241,3,38,1,7,0,21,35,76,48,43,1,138,24,391,7,191,1,83,0,343,0,54,2,166,0,1390,2,330,3,123,95,7,0,25,0,338,3,34,1,0,0,596,1,0,20,1389,0,4979,4,25,0,120,2,3,0,4,0,6,1,12,0,0,0,1,0,9,0,0,0,1,0,0,1,0,0,0,0,0,1,2,0,6,1,1,0,9,0,34,3,5,0,1,0,8,1,1,1,4,0,1,0,8,0,116,1,2,0,13,0,0,0,0,0,0,0,1,0,0,0,0,0,2,0,2,0,0,0,0,1
0,51,0,7,1,40,0,61,0,47,0,0,0,156,0,0,0,0,0,0,0,0,0,0,0,0,0,0,0,0,0,0,4,609,0,0,6,32,11,20,6,87,1,16,0,1,66,229,25,145,0,204,10,140,11,292,1,67,0,74,1,56,11,31,4,19,2,971,10,578,44,166,0,1,2,15,15,223,2,47,0,0,1,497,20,0,0,1358,5,2563,0,43,0,104,1,0,5,0,0,0,1,0,2,1,0,1,6,5,3,2,0,0,1,3,0,0,0,1,0,0,0,0,0,3,0,2,0,8,4,28,0,5,0,1,1,4,0,0,0,0,0,5,1,2,4,30,0,3,0,8,0,0,0,0,0,0,0,3,0,2,0,0,1,6,0,0,0,0,0,0
3,0,18,0,7,0,57,0,9,0,24,1,45,0,0,0,29,0,11,0,2,0,11,0,15,0,0,0,15,0,0,0,510,0,0,0,0,0,0,0,477,0,262,0,1430,0,1,1,2,2,14,0,0,0,4,0,24,0,113,0,5,0,0,0,0,0,0,0,0,0,1,2,0,0,4,0,316,0,10,0,0,0,1,0,1389,0,0,0,665,0,1157,0,301,0,0,0,0,0,0,0,0,0,0,0,0,0,0,0,0,0,0,0,0,0,0,0,0,0,0,0,0,0,0,0,0,0,0,0,1,0,0,0,0,0,1,0,0,0,2,0,0,0,0,0,7,0,0,0,1,0,0,0,2,0,0,0,8,0,0,0,0,0,0,0,0,0,0,0,0,0
0,0,0,30,0,12,0,1,0,1,0,28,1,2,0,0,0,51,0,4,1,3,0,8,0,11,0,6,0,55,0,1,0,469,0,0,1,0,1,1,0,391,0,135,0,533,7,25,1,5,0,34,1,8,0,16,0,5,0,457,0,3,0,1,0,0,0,2,0,3,0,11,0,0,0,12,0,346,0,6,0,0,0,0,0,1358,0,0,0,532,0,2479,0,440,0,0,0,2,0,3,1,1,0,0,1,0,3,0,3,0,0,0,0,0,0,0,0,0,0,0,0,1,0,3,0,3,0,1,0,1,0,0,0,0,0,1,0,0,0,4,1,1,0,3,0,16,0,0,0,0,0,0,1,0,0,0,0,2,0,0,0,0,1,1,0,0,0,0,0,0
164,3,38,0,40,0,13,0,7,0,2,0,2,1,5,0,18,0,4,0,1,0,0,0,8,0,0,0,3,0,0,0,183,2,0,0,8,1,40,18,418,4,108,0,63,0,37,150,124,78,150,4,270,33,3016,3,513,1,242,0,136,0,25,4,192,1,300,0,1616,3,103,89,11,0,21,0,257,5,30,1,0,0,48,0,4979,5,665,0,0,10,1197,0,3509,0,2,0,0,0,7,0,6,0,1,0,0,0,3,1,2,0,0,0,0,0,0,0,0,0,0,0,4,0,7,0,0,1,8,0,22,3,0,0,0,0,6,0,0,0,3,0,2,0,7,0,70,1,0,0,8,0,1,0,0,0,0,0,2,0,0,0,0,0,2,0,0,0,0,0,1,0
1,117,0,6,0,38,0,68,0,26,0,2,0,10,0,2,0,0,0,0,0,0,0,0,0,0,0,0,0,0,0,1,3,375,0,0,1,2,8,12,7,167,2,23,0,4,49,216,23,107,0,227,2,262,4,2077,2,95,0,360,0,113,1,9,1,12,0,296,3,1425,15,99,0,0,1,10,5,91,2,20,0,0,2,6,4,2563,0,532,10,0,0,1246,0,3092,1,0,0,1,2,0,0,0,1,0,0,0,0,2,1,0,0,0,0,0,1,0,1,0,0,0,0,0,0,1,0,2,0,2,2,2,0,0,0,0,1,1,0,0,1,1,0,0,0,0,7,9,0,1,0,2,0,0,0,0,0,0,0,0,1,0,0,0,0,2,0,1,0,0,2,0
0,0,1,0,1,0,0,0,0,0,0,0,0,0,0,0,3,0,0,0,1,0,0,0,1,0,0,0,1,0,0,0,15,0,0,0,0,0,0,0,307,0,205,0,150,0,0,0,0,0,4,0,0,0,0,0,4,0,677,0,0,0,0,0,0,0,0,0,0,0,0,0,0,0,2,0,20,0,1,0,0,0,0,0,25,0,1157,0,1197,0,0,0,1522,0,0,0,0,0,0,0,0,0,0,0,0,0,0,0,0,0,0,0,0,0,0,0,0,0,0,0,0,0,0,0,0,0,0,0,0,0,0,0,0,0,0,0,0,0,1,0,0,0,0,0,1,0,0,0,0,0,0,0,0,0,0,0,2,0,0,0,0,0,0,0,0,0,0,0,0,0
0,0,0,8,0,3,0,0,0,2,0,5,0,0,0,0,0,9,0,1,0,1,0,1,0,3,0,1,0,6,0,0,0,65,0,0,0,0,0,0,0,402,0,533,0,100,1,2,0,0,0,8,0,2,0,4,0,4,0,1106,0,0,0,0,0,0,0,0,0,1,0,3,0,0,0,3,0,63,0,0,0,0,0,0,0,43,0,2479,0,1246,0,0,0,1576,0,0,0,0,0,0,0,0,0,0,0,0,0,0,0,0,0,0,0,0,0,0,0,0,0,0,0,0,0,1,0,1,0,0,0,1,0,0,0,0,0,0,0,0,0,1,0,0,0,2,0,6,0,0,0,0,0,0,0,0,0,0,0,0,0,0,0,0,0,0,0,0,0,0,0,1
1,0,1,0,0,0,0,0,1,0,1,0,0,0,0,0,6,0,4,0,0,0,2,0,0,0,0,0,1,0,0,0,47,0,0,0,0,0,2,0,537,0,231,0,45,0,5,12,4,5,130,1,15,1,148,1,710,0,2860,0,1,0,0,0,0,0,0,0,1,0,13,1,0,0,2,0,95,0,3,0,0,0,3,0,120,0,301,0,3509,0,1522,0,0,0,0,0,0,0,0,0,0,0,0,0,0,0,0,0,0,0,0,0,0,0,0,0,0,0,0,0,0,0,1,0,0,0,0,0,1,0,0,0,0,0,2,0,0,0,2,0,0,0,0,0,17,0,0,0,0,0,0,0,0,0,0,0,1,0,0,0,0,0,0,0,0,0,0,0,0,0
0,0,0,9,0,6,0,1,0,9,0,12,0,0,0,0,0,5,0,1,0,0,0,1,0,5,0,0,0,8,0,1,0,245,0,0,0,0,1,4,1,417,0,97,0,58,20,102,2,17,1,141,0,76,0,567,0,1265,0,2755,0,0,2,1,1,0,0,2,0,51,1,14,0,0,0,14,0,135,1,9,0,0,0,0,2,104,0,440,0,3092,0,1576,0,0,0,0,0,1,0,1,0,0,0,0,0,0,0,1,0,0,0,0,0,0,0,0,0,0,0,0,0,1,0,0,0,0,0,2,1,1,0,0,0,0,0,1,0,0,0,2,0,0,0,2,1,11,0,0,0,0,0,0,0,0,0,1,0,1,0,1,0,0,0,0,0,0,0,0,0,0
1,8,1,3,4,1,1,0,1,0,1,0,2,0,4,1,0,0,1,0,0,0,0,0,0,0,0,0,0,0,0,0,2,4,0,0,0,1,0,1,5,11,15,2,0,2,0,1,1,5,65,0,1,2,2,1,1,0,115,1,4,6,4,2,0,0,3,1,1,0,19,3,4,2,24,1,14,11,26,36,0,0,1,0,3,1,0,0,2,1,0,0,0,0,0,14,6949,21,90,11,837,22,4526,44,566,9,847,100,181,40,31,43,7,2,86,56,123,11,4,9,0,0,0,0,4,0,18,0,14,2,0,0,1,0,10,0,0,0,0,0,2,0,0,0,1,0,0,0,1,0,0,0,0,0,0,0,1,0,10,6,1,2,10,6,6,1,0,3,6,1
0,0,0,1,0,0,0,0,0,0,0,0,0,1,1,0,0,0,1,0,0,0,0,0,0,0,0,0,0,0,0,0,0,2,0,0,0,0,1,0,0,9,9,31,0,1,1,1,0,0,0,0,0,0,0,0,0,0,0,29,0,0,0,1,0,0,0,0,0,0,0,0,0,1,2,3,0,3,3,22,0,0,0,0,0,0,0,0,0,0,0,0,0,0,14,0,29,4290,4,186,14,527,6,3762,7,605,31,1075,4,169,2,46,3,3,77,9,133,11,4,33,0,0,0,0,1,0,0,1,0,2,0,0,0,0,0,0,0,0,0,0,0,1,0,2,0,2,0,1,0,0,0,0,0,0,0,0,0,0,1,4,1,14,4,5,0,0,0,1,1,0
1,8,2,3,2,3,1,1,2,0,0,0,0,3,2,1,0,0,2,0,0,0,0,0,0,0,0,0,0,0,0,0,3,1,0,0,3,3,1,0,5,15,15,10,1,0,1,1,1,4,5,0,1,0,2,0,0,0,4,0,3,5,0,2,3,0,3,3,0,1,10,7,3,0,27,8,16,13,29,52,0,0,0,0,4,5,0,0,0,0,0,0,0,0,6949,29,0,83,89,14,542,32,824,32,1981,5,1836,108,263,34,47,42,19,25,177,40,214,39,20,14,1,0,1,0,6,1,10,6,18,2,2,0,0,0,6,2,1,0,0,0,2,0,1,0,4,1,0,0,2,0,0,0,0,0,0,0,0,2,7,7,1,2,12,19,6,3,0,1,9,1
0,0,2,0,0,2,0,1,0,0,0,0,0,1,0,0,0,0,0,0,0,0,0,0,0,0,0,0,0,0,0,0,0,3,0,0,0,0,0,1,2,14,7,28,0,0,0,0,1,1,0,1,0,0,0,2,1,0,0,4,0,3,0,0,0,0,0,0,0,1,0,1,0,0,3,3,0,12,4,26,0,0,1,0,0,0,0,2,0,1,0,0,0,1,21,4290,83,0,7,154,25,369,28,732,9,2697,49,3045,6,194,9,90,5,5,101,20,79,31,7,21,0,0,0,0,2,1,0,0,0,0,0,1,1,0,0,0,0,0,1,1,0,2,0,1,0,4,0,1,0,0,0,0,0,0,0,0,0,1,3,13,0,8,9,15,0,0,0,2,0,0
2,6,2,5,2,1,4,1,2,1,0,0,1,0,7,1,0,0,4,0,0,0,0,0,0,0,0,0,0,0,0,0,5,2,0,0,5,0,1,1,11,4,16,2,0,1,1,1,4,2,2,1,6,1,8,1,0,0,0,0,6,3,5,2,5,1,5,0,5,1,23,7,8,1,49,4,36,17,35,37,0,0,2,0,6,0,0,0,7,2,0,0,0,0,90,4,89,7,0,6,185,11,81,7,33,4,229,11,268,10,42,9,46,156,43,14,10,14,5,15,2,1,1,0,61,0,77,3,178,6,51,2,20,0,226,7,10,2,1,0,2,0,4,0,50,3,10,0,17,0,1,0,0,0,0,0,5,3,19,8,1,2,14,4,181,70,0,0,172,13
0,4,1,0,0,1,0,0,0,0,0,0,0,0,0,1,0,0,0,0,0,0,0,0,0,0,0,0,0,0,0,0,0,3,0,0,0,0,0,1,0,13,5,20,0,0,1,0,0,2,0,1,0,0,0,0,0,0,0,3,1,1,1,0,0,0,0,1,0,1,1,1,1,0,3,4,0,8,3,16,0,0,0,0,1,0,0,3,0,0,0,0,0,1,11,186,14,154,6,0,33,1208,4,211,2,56,27,389,8,236,4,44,53,54,151,13,22,7,6,43,0,0,0,1,0,3,1,3,2,9,1,1,0,0,1,2,0,2,0,3,0,1,0,4,2,9,0,1,0,2,0,0,0,0,0,0,0,1,3,3,1,10,5,7,2,1,0,28,5,1
5,15,3,5,1,4,4,1,1,0,0,0,0,4,2,1,0,0,2,0,0,0,0,0,0,0,0,0,0,0,0,0,7,6,0,0,4,0,2,1,8,12,53,2,0,0,1,4,5,6,55,0,5,2,11,1,3,0,3,0,11,9,3,3,2,0,7,1,3,1,19,3,10,2,18,8,29,26,51,58,0,0,2,1,12,1,0,1,6,0,0,0,0,0,837,14,542,25,185,33,0,99,2570,32,142,11,632,88,199,54,58,46,14,121,1230,152,53,39,15,23,1,0,2,0,9,2,44,5,113,1,9,0,1,0,14,2,1,0,0,0,4,0,2,1,49,2,5,0,21,0,0,0,0,0,0,0,1,0,17,5,2,4,20,13,5,1,0,2,8,3
0,0,0,0,0,1,0,1,0,0,0,0,0,0,0,0,0,0,0,0,0,0,0,0,0,0,0,0,0,0,0,0,1,0,0,0,0,0,1,1,0,9,5,18,0,1,1,4,0,0,0,22,0,0,0,0,0,0,1,2,0,0,0,1,0,0,0,0,0,0,1,1,0,0,0,2,0,4,4,10,0,0,0,0,0,0,0,1,0,0,0,0,0,0,22,527,32,369,11,1208,99,0,23,1564,7,147,36,487,12,198,3,90,3,10,719,181,129,33,18,12,0,0,0,0,0,1,0,0,0,0,0,1,0,0,0,0,0,0,0,0,1,2,0,0,0,1,0,1,0,0,0,0,0,0,0,0,1,0,1,5,0,8,2,11,0,1,0,0,1,0
5,3,2,3,1,4,2,0,2,0,0,0,0,2,3,1,0,0,0,0,0,0,0,0,0,0,0,0,0,0,0,0,3,3,0,0,4,0,1,0,2,10,14,7,0,1,0,1,1,1,224,2,1,1,1,0,0,0,303,0,5,2,0,0,0,0,3,3,0,1,8,5,4,1,21,4,16,12,23,36,0,0,1,0,0,2,0,0,1,1,0,0,0,0,4526,6,824,28,81,4,2570,23,0,30,136,6,337,63,133,31,42,26,5,10,208,302,57,13,15,3,0,0,0,0,8,0,10,3,16,0,3,0,2,0,6,0,0,0,0,0,3,0,0,0,6,1,1,0,2,0,0,0,0,0,0,0,0,0,12,1,1,3,14,14,5,1,0,3,5,0
