0,67,1370,9,3030,16,763,16,267,1,0,0,1330,5,431,40,0,0,3,0,0,0,0,0,0,0,0,0,0,0,0,0,980,4,0,0,383,136,24,0,8,1,0,0,0,0,4,0,3,5,1,0,32,2,22,0,0,0,0,0,6160,12,190,1,490,0,154,5,60,3,594,21,2058,44,105,10,172,13,47,4,0,0,53,2,285,2,0,0,40,1,0,0,0,0,0,0,0,0,0,1,0,0,0,0,0,0,1,0,0,2,0,1,0,0,0,0,0,0,0,0,1,0,0,0,10,4,41,9,10,4,5,1,1,0,5,3,3,1,0,0,0,0,1,0,6,1,2,0,0,0,0,0,0,0,58,28,0,0,0,0,0,0,12,3,0,0,0,0,0,0
67,0,9,2634,20,2479,27,1702,32,121,0,0,2,904,80,764,0,0,0,2,0,0,0,0,0,0,0,0,0,0,0,0,30,609,0,0,157,419,0,21,0,1,0,0,0,0,0,8,2,54,0,1,1,25,1,11,0,1,0,1,41,5506,2,66,8,145,3,736,0,124,44,751,83,612,10,181,30,370,15,178,0,0,0,120,2,165,0,0,0,31,0,0,0,1,1,0,0,0,0,0,1,0,0,0,0,0,0,0,2,2,1,0,0,0,0,0,0,0,0,0,0,0,0,1,4,31,12,182,2,40,0,18,0,0,2,18,1,10,0,0,0,0,0,2,0,45,1,11,0,7,0,0,0,1,48,23,0,0,0,8,1,0,3,48,1,3,0,0,0,0
1370,9,0,55,5707,75,29,11,464,11,197,2,54,0,3166,23,47,3,5267,30,394,1,165,4,177,1,431,2,163,1,24,0,241,4,0,0,382,14,1,0,2,1,0,0,0,0,0,0,1,0,0,0,10,0,3,0,0,0,0,0,174,1,25,0,66,0,28,1,6,0,161,4,712,2,91,12,164,11,20,3,0,0,4,0,107,0,4,0,8,0,0,0,0,0,0,0,0,0,0,0,0,0,0,0,0,0,0,0,0,0,0,0,0,0,0,0,0,0,0,0,0,0,0,0,2,2,3,1,2,1,0,0,0,0,1,1,1,0,0,0,0,0,0,0,0,1,0,0,0,0,74,25,226,25,363,175,29,0,0,0,0,0,0,0,0,0,0,0,0,0
9,2634,55,0,69,6523,9,164,25,492,2,210,0,7,28,3288,3,14,38,3247,3,407,7,64,1,152,0,585,3,73,0,17,18,384,0,0,33,721,0,8,0,1,0,0,0,0,0,1,0,17,0,0,0,5,0,0,0,0,0,0,4,90,0,8,1,2,1,25,0,2,5,306,15,209,13,219,13,288,3,30,0,0,0,2,0,9,0,8,0,3,0,0,0,0,0,0,0,0,0,0,0,0,0,0,0,0,1,0,0,0,0,0,0,0,0,0,0,0,0,0,0,0,0,0,0,15,1,16,0,6,0,3,0,0,0,7,0,1,0,0,0,0,0,0,0,7,0,2,0,1,32,67,37,384,78,445,4,18,0,8,0,0,0,2,0,2,0,0,0,0
3030,20,5707,69,0,101,330,8,3191,21,777,5,38,0,998,34,38,2,662,42,74,2,17,3,76,0,175,1,211,0,541,0,725,12,0,0,303,27,6,0,1,0,0,0,0,0,0,0,1,2,0,0,2,0,1,0,0,0,0,0,159,3,8,0,23,0,10,0,2,1,57,11,155,2,206,20,381,12,53,8,0,0,29,0,12,0,12,1,2,0,0,0,0,0,0,0,0,0,0,0,0,0,0,1,0,0,0,0,0,0,0,0,0,0,0,0,0,0,0,0,0,0,0,0,8,5,6,1,2,1,3,0,0,0,2,0,3,1,0,0,0,0,1,0,1,0,0,0,0,1,39,20,92,31,368,308,24,0,1,0,1,0,3,1,0,0,0,0,0,0
16,2479,75,6523,101,0,8,1471,47,3833,0,934,0,38,55,695,3,12,42,297,4,64,3,52,0,104,1,826,3,98,0,154,16,868,0,0,65,443,1,2,0,6,0,1,0,4,0,0,0,7,0,0,0,4,0,0,0,0,0,1,14,81,0,1,1,11,0,23,0,13,9,103,18,125,6,521,17,686,6,117,0,0,0,17,0,6,0,7,0,2,0,0,0,0,0,0,0,0,0,0,0,0,0,0,0,0,0,1,1,1,1,0,0,0,0,0,0,0,0,0,0,0,0,2,0,51,1,43,2,6,0,6,0,1,0,25,0,9,0,0,0,0,0,0,0,12,1,4,0,1,14,40,44,50,125,441,1,10,0,5,0,1,0,12,0,3,0,0,0,0
763,27,29,9,330,8,0,5,1990,1,1,0,2092,3,98,22,0,0,3,0,0,1,0,0,0,0,0,0,0,0,0,0,1417,2,0,0,114,38,3,0,5,0,0,0,0,1,0,1,0,1,0,0,1,1,0,0,0,0,0,0,202,6,13,0,16,0,5,2,1,1,51,6,90,17,93,1,74,3,24,1,0,0,3,0,7,1,0,0,0,0,0,0,1,0,0,0,0,0,0,0,1,0,0,0,0,0,0,0,0,0,0,0,0,0,0,0,0,0,0,0,0,0,0,0,15,1,22,3,0,0,0,0,0,0,2,0,3,1,0,0,0,0,2,0,2,1,1,0,1,0,0,0,0,0,31,14,0,0,0,0,0,0,8,0,0,0,0,0,0,0
16,1702,11,164,8,1471,5,0,8,2018,0,1,0,1930,17,153,0,0,3,6,0,0,1,0,0,0,0,0,0,0,0,0,5,2067,0,0,34,114,0,2,1,2,0,0,0,0,0,0,2,6,0,2,1,4,0,0,0,0,0,0,10,262,1,3,0,10,0,31,0,8,2,71,10,81,4,294,6,223,2,107,0,0,0,4,1,6,0,2,0,5,0,0,0,0,0,0,0,0,0,0,0,0,0,0,0,0,0,0,0,1,2,0,0,0,0,0,0,0,0,0,0,0,0,1,0,54,1,81,2,26,0,10,1,0,1,39,0,15,0,0,0,1,0,2,0,49,0,5,0,3,0,0,1,0,34,39,0,0,1,8,0,1,0,28,0,4,0,0,0,0
267,32,464,25,3191,47,1990,8,0,12,1624,1,325,0,155,32,1,0,97,3,6,0,2,0,8,0,12,0,97,1,30,0,2239,2,0,0,135,36,4,0,6,0,0,0,0,0,0,2,1,1,0,0,2,0,1,0,1,0,0,0,51,3,0,0,8,0,3,0,2,1,34,4,82,15,285,6,468,8,86,4,0,0,1,1,2,1,9,0,0,0,0,0,1,0,0,0,0,0,0,0,1,0,0,0,0,0,0,1,0,2,0,0,0,0,0,0,0,0,0,0,0,0,0,0,27,0,18,2,1,0,2,2,0,0,15,0,2,0,0,0,0,0,1,0,2,2,0,0,0,1,0,2,7,2,93,81,4,0,1,0,2,0,6,0,3,0,0,0,0,0
1,121,11,492,21,3833,1,2018,12,0,0,1214,0,120,16,125,0,2,10,64,0,7,0,3,0,6,0,14,1,7,0,47,5,1652,0,0,9,98,1,0,0,2,0,0,0,2,0,0,0,0,0,0,0,0,0,0,0,0,0,0,3,16,0,1,0,0,0,4,1,1,0,6,11,15,2,324,2,470,4,73,0,0,1,2,1,2,0,7,0,1,0,0,0,0,0,0,0,0,0,0,1,0,0,0,0,0,0,0,0,2,0,2,0,0,0,0,0,0,0,0,0,1,0,0,0,27,1,19,0,1,0,5,0,3,1,16,0,5,0,0,0,0,0,0,0,4,0,1,0,0,2,17,8,15,47,110,2,1,0,4,0,1,0,8,0,1,0,0,0,0
0,0,197,2,777,0,1,0,1624,0,0,0,0,0,0,0,9,0,68,2,41,0,13,0,48,0,93,0,1495,0,1087,0,240,0,0,0,0,0,0,0,0,0,0,0,0,0,0,0,0,0,0,0,0,0,0,0,0,0,0,0,0,0,0,0,0,0,0,0,0,0,0,0,0,0,123,0,168,0,1,0,0,0,0,0,0,0,393,0,0,0,0,0,0,0,0,0,0,0,0,0,0,0,0,0,0,0,0,0,0,0,0,0,0,0,0,0,0,0,0,0,0,0,0,0,0,0,0,0,0,0,0,0,0,0,0,0,0,0,0,0,0,0,0,0,0,0,0,0,0,0,3,3,56,1,5,2,15,0,0,0,0,0,0,0,0,0,0,0,0,0
0,0,2,210,5,934,0,1,1,1214,0,0,0,0,0,1,0,2,1,158,0,53,0,35,0,95,0,412,0,1084,0,654,0,668,0,0,0,2,0,0,0,0,0,0,0,0,0,0,0,0,0,0,0,0,0,0,0,0,0,0,0,0,0,0,0,0,0,0,0,0,0,0,0,0,1,26,2,57,0,0,0,0,0,0,0,0,0,1,0,0,0,0,0,0,0,0,0,0,0,0,0,0,0,0,0,0,0,0,0,0,0,0,0,0,0,0,0,0,0,0,0,0,0,0,0,0,0,0,0,0,0,0,0,0,0,0,0,0,0,0,0,0,0,0,0,0,0,0,0,0,1,7,3,30,1,11,1,3,0,0,0,0,0,0,0,0,0,0,0,0
1330,2,54,0,38,0,2092,0,325,0,0,0,0,0,12,0,0,0,0,0,0,0,0,0,0,0,0,0,0,0,0,0,373,0,0,0,21,6,19,1,11,0,0,0,0,0,8,4,15,3,1,0,16,0,6,0,5,1,16,0,2364,3,4,0,26,0,450,1,2,0,22,7,33,0,4,0,29,3,6,3,0,0,52,2,732,4,31,0,67,0,0,0,31,0,0,0,0,0,0,0,0,0,0,0,0,0,0,0,0,0,0,0,0,0,0,0,0,0,0,0,0,0,0,0,1,0,5,0,1,1,0,0,0,0,0,0,1,0,0,0,0,0,1,0,1,0,1,0,0,0,0,0,0,0,2,0,0,0,0,0,0,0,0,0,0,0,0,0,0,0
5,904,0,7,0,38,3,1930,0,120,0,0,0,0,3,9,0,0,0,0,0,0,0,0,0,0,0,0,0,0,0,0,3,1047,0,0,2,23,0,3,0,3,0,2,0,0,0,1,0,9,0,2,0,0,0,1,0,0,0,2,2,1371,0,0,0,4,0,700,0,10,2,12,1,8,0,16,2,105,0,26,0,0,0,15,0,236,0,0,0,4,0,0,0,2,0,0,0,0,0,0,0,0,0,0,0,0,0,0,0,0,1,0,0,0,0,0,0,0,0,0,0,0,0,0,0,4,0,26,0,4,0,0,0,0,0,3,0,1,0,0,0,0,0,0,0,9,0,1,0,2,0,0,0,1,1,1,0,0,0,3,0,0,0,7,0,0,0,0,0,0
431,80,3166,28,998,55,98,17,155,16,0,0,12,3,0,95,0,0,646,1,0,0,0,0,0,0,0,0,0,0,0,0,87,9,0,0,1739,51,5,0,0,0,0,0,0,0,0,0,1,1,0,0,6,0,0,0,0,0,0,0,67,3,12,0,5,0,14,0,0,0,147,7,1125,15,54,18,97,20,34,5,0,0,2,1,16,0,0,0,0,0,0,0,0,0,0,0,0,0,0,0,0,0,0,0,0,0,0,0,1,0,1,0,0,0,0,0,0,0,0,0,0,0,0,0,13,4,8,7,0,2,1,0,0,0,4,1,1,0,0,0,0,0,1,0,1,3,0,0,0,0,0,0,0,1,85,82,1,0,0,2,0,0,1,0,2,0,0,0,0,0
40,764,23,3288,34,695,22,153,32,125,0,1,0,9,95,0,0,0,9,631,0,0,0,0,0,0,0,0,0,1,0,0,19,43,0,0,117,1988,0,0,0,2,0,0,0,1,0,1,0,10,0,0,0,4,0,0,0,0,0,1,19,115,0,4,1,1,0,9,0,2,15,219,288,1552,3,124,20,152,12,44,0,0,0,2,0,4,0,0,0,3,0,0,0,0,0,0,0,0,1,0,1,0,1,0,0,0,0,1,0,1,0,1,0,0,0,0,0,0,0,0,0,0,0,0,0,25,1,26,0,5,0,2,0,0,0,14,1,6,0,0,0,0,0,2,0,10,1,5,1,0,0,2,2,8,84,122,0,0,0,2,0,0,0,16,0,1,0,0,0,0
0,0,47,3,38,3,0,0,1,0,9,0,0,0,0,0,0,77,33,3,38,0,567,1,60,0,10,1,45,0,5,0,79,1,0,0,0,0,0,0,7,0,0,0,37,0,0,0,0,0,0,0,0,0,0,0,0,0,0,0,0,0,0,0,0,0,0,0,0,0,0,0,0,0,400,0,215,0,2,0,0,0,0,0,0,0,3,0,0,0,0,0,1,0,0,0,0,0,0,0,0,0,0,0,0,0,0,0,0,0,0,0,0,0,0,0,0,0,0,0,0,0,0,0,0,0,0,0,0,0,0,0,0,0,0,0,0,0,0,0,0,0,0,0,0,0,0,0,0,0,119,17,100,1,4,4,391,8,0,0,0,0,0,0,0,0,0,0,0,0
0,0,3,14,2,12,0,0,0,2,0,2,0,0,0,0,77,0,2,49,6,231,23,392,0,60,0,5,0,21,0,1,0,224,0,0,0,1,0,0,0,2,0,0,0,10,0,0,0,0,0,0,0,0,0,0,0,0,0,0,0,0,0,0,0,0,0,0,0,0,0,0,0,0,446,145,0,407,0,1,0,0,0,0,0,0,0,5,0,0,0,0,0,0,0,0,0,0,0,0,0,0,0,0,0,0,0,0,0,0,0,0,0,0,0,0,0,0,0,0,0,0,0,0,0,2,0,1,0,0,0,0,0,0,0,0,0,0,0,0,0,0,0,0,0,0,0,0,0,0,11,410,1,55,2,6,0,854,0,0,0,0,0,0,0,0,0,0,0,0
3,0,5267,38,662,42,3,3,97,10,68,1,0,0,646,9,33,2,0,22,832,3,21,3,36,0,119,0,82,1,12,0,96,3,0,0,323,8,0,0,0,0,0,0,0,0,0,0,0,0,0,0,0,0,0,0,0,0,0,0,1,0,0,0,0,0,0,0,0,0,0,0,1,0,32,5,95,2,5,1,0,0,0,0,0,0,8,0,0,0,0,0,0,0,0,0,0,0,0,0,0,0,0,0,0,0,0,0,0,0,0,0,0,0,0,0,0,0,0,0,0,0,0,0,2,0,0,0,0,0,0,0,0,0,1,0,1,0,0,0,0,0,0,0,0,0,0,0,0,0,56,22,604,23,416,108,21,0,0,0,0,0,0,0,0,0,0,0,0,0
0,2,30,3247,42,297,0,6,3,64,2,158,0,0,1,631,3,49,22,0,8,1004,11,244,1,223,2,189,1,121,0,9,3,83,0,0,0,831,0,0,0,0,0,0,0,3,0,0,0,0,0,0,0,0,0,0,0,0,0,0,0,1,0,0,0,0,0,0,0,0,0,0,0,1,9,82,7,110,0,4,0,0,0,0,0,0,0,5,0,0,0,0,0,0,0,0,0,0,0,0,0,0,0,0,0,0,0,0,0,0,0,0,0,0,0,0,0,0,0,0,0,0,0,0,0,6,0,0,0,0,0,1,0,0,0,1,0,0,0,0,0,0,0,0,0,1,0,0,0,0,43,126,36,1064,33,301,6,69,0,0,0,0,0,1,0,0,0,0,0,0
0,0,394,3,74,4,0,0,6,0,41,0,0,0,0,0,38,6,832,8,0,69,1881,55,503,0,364,1,131,0,1,0,29,1,0,0,0,0,0,0,0,0,0,0,0,0,0,0,0,0,0,0,0,0,0,0,0,0,0,0,0,0,0,0,0,0,0,0,0,0,0,0,0,0,14,1,26,0,0,0,0,0,0,0,0,0,5,0,0,0,0,0,0,0,0,0,0,0,0,0,0,0,0,0,0,0,0,0,0,0,0,0,0,0,0,0,0,0,0,0,0,0,0,0,0,0,0,0,0,0,0,0,0,0,0,0,0,0,0,0,0,0,0,0,0,0,0,0,0,0,106,10,97,6,8,4,42,1,0,0,0,0,0,0,0,0,0,0,0,0
0,0,1,407,2,64,1,0,0,7,0,53,0,0,0,0,0,231,3,1004,69,0,170,2172,0,519,0,243,0,83,0,1,0,20,0,0,0,0,0,0,0,0,0,0,0,0,0,0,0,0,0,0,0,0,0,0,0,0,0,0,0,0,0,0,0,0,0,0,0,0,0,0,0,0,0,29,1,12,0,0,0,0,0,0,0,0,0,0,0,0,0,0,0,0,0,0,0,0,0,0,0,0,0,0,0,0,0,0,0,0,0,0,0,0,0,0,0,0,0,0,0,0,0,0,0,0,0,0,0,0,0,0,0,0,0,0,0,0,0,0,0,0,0,0,0,0,0,0,0,0,5,174,1,83,3,20,0,137,0,0,0,0,0,0,0,0,0,0,0,0
0,0,165,7,17,3,0,1,2,0,13,0,0,0,0,0,567,23,21,11,1881,170,0,255,331,3,132,0,78,0,0,0,31,0,0,0,0,0,0,0,0,0,0,0,0,0,0,0,0,0,0,0,0,0,0,0,0,0,0,0,0,0,0,0,0,0,0,0,0,0,0,0,0,0,55,4,287,0,0,0,0,0,0,0,0,0,0,0,0,0,0,0,0,0,0,0,0,0,0,0,0,0,0,0,0,0,0,0,0,0,0,0,0,0,0,0,0,0,0,0,0,0,0,0,0,0,0,0,0,0,0,0,0,0,0,0,0,0,0,0,0,0,0,0,0,0,0,0,0,0,213,26,92,18,3,11,599,5,0,0,0,0,0,0,0,0,0,0,0,0
0,0,4,64,3,52,0,0,0,3,0,35,0,0,0,0,1,392,3,244,55,2172,255,0,0,1160,0,62,1,112,0,1,0,44,0,0,0,0,0,0,0,0,0,1,0,1,0,0,0,0,0,0,0,0,0,0,0,0,0,0,0,0,0,0,0,0,0,0,0,0,0,0,0,0,2,66,0,146,0,0,0,0,0,0,0,0,0,3,0,0,0,0,0,0,0,0,0,0,0,0,0,0,0,0,0,0,0,0,0,0,0,0,0,0,0,0,0,0,0,0,0,0,0,0,0,0,0,0,0,0,0,0,0,0,0,0,0,0,0,0,0,0,0,0,0,0,0,0,0,0,6,205,2,123,5,19,1,532,0,0,0,0,0,0,0,0,0,0,0,0
0,0,177,1,76,0,0,0,8,0,48,0,0,0,0,0,60,0,36,1,503,0,331,0,0,0,495,0,583,0,5,0,108,0,0,0,0,0,0,0,0,0,0,0,0,0,0,0,0,0,0,0,0,0,0,0,0,0,0,0,0,0,0,0,0,0,0,0,0,0,0,0,0,0,6,0,52,0,0,0,0,0,0,0,0,0,12,0,0,0,0,0,0,0,0,0,0,0,0,0,0,0,0,0,0,0,0,0,0,0,0,0,0,0,0,0,0,0,0,0,0,0,0,0,0,0,0,0,0,0,0,0,0,0,0,0,0,0,0,0,0,0,0,0,0,0,0,0,0,0,11,2,95,0,3,0,26,0,0,0,0,0,0,0,0,0,0,0,0,0
0,0,1,152,0,104,0,0,0,6,0,95,0,0,0,0,0,60,0,223,0,519,3,1160,0,0,0,409,0,523,0,3,0,141,0,0,0,0,0,0,0,0,0,0,0,0,0,0,0,0,0,0,0,0,0,0,0,0,0,0,0,0,0,0,0,0,0,0,0,0,0,0,0,0,0,45,0,62,0,0,0,0,0,0,0,0,0,0,0,0,0,0,0,0,0,0,0,0,0,0,0,0,0,0,0,0,0,0,0,0,0,0,0,0,0,0,0,0,0,0,0,0,0,0,0,0,0,0,0,0,0,0,0,0,0,0,0,0,0,0,0,0,0,0,0,0,0,0,0,0,0,16,0,22,1,6,0,43,0,0,0,0,0,0,0,0,0,0,0,0
0,0,431,0,175,1,0,0,12,0,93,0,0,0,0,0,10,0,119,2,364,0,132,0,495,0,0,0,118,0,11,0,14,0,0,0,0,0,0,0,0,0,0,0,0,0,0,0,0,0,0,0,0,0,0,0,0,0,0,0,0,0,0,0,0,0,0,0,0,0,0,0,0,0,7,0,5,0,0,0,0,0,0,0,0,0,4,0,0,0,0,0,0,0,0,0,0,0,0,0,0,0,0,0,0,0,0,0,0,0,0,0,0,0,0,0,0,0,0,0,0,0,0,0,0,0,0,0,0,0,0,0,0,0,0,0,0,0,0,0,0,0,0,0,0,0,0,0,0,0,2,0,99,0,4,0,7,0,0,0,0,0,0,0,0,0,0,0,0,0
0,0,2,585,1,826,0,0,0,14,0,412,0,0,0,0,1,5,0,189,1,243,0,62,0,409,0,0,0,98,0,224,0,38,0,0,0,1,0,0,0,0,0,0,0,0,0,0,0,0,0,0,0,0,0,0,0,0,0,0,0,0,0,0,0,0,0,0,0,0,0,0,0,0,1,7,1,1,0,1,0,0,0,0,0,0,0,1,0,0,0,0,0,0,0,0,0,0,0,0,0,0,0,0,0,0,0,0,0,0,0,0,0,0,0,0,0,0,0,0,0,0,0,0,0,0,0,0,0,0,0,0,0,0,0,0,0,0,0,0,0,0,0,0,0,0,0,0,0,0,4,3,2,15,1,3,0,0,0,0,0,0,0,0,0,0,0,0,0,0
0,0,163,3,211,3,0,0,97,1,1495,0,0,0,0,0,45,0,82,1,131,0,78,1,583,0,118,0,0,0,29,0,1217,0,0,0,0,0,0,0,0,0,0,0,0,0,0,0,0,0,0,0,0,0,0,0,0,0,0,0,0,0,0,0,0,0,0,0,0,0,0,0,0,0,95,0,142,0,1,0,0,0,0,0,0,0,688,0,0,0,0,0,0,0,0,0,0,0,0,0,0,0,0,0,0,0,0,0,0,0,0,0,0,0,0,0,0,0,0,0,0,0,0,0,0,0,0,0,0,0,0,0,0,0,0,0,0,0,0,0,0,0,0,0,0,0,0,0,0,0,19,1,147,0,16,3,84,0,0,0,0,0,0,0,0,0,0,0,0,0
0,0,1,73,0,98,0,0,1,7,0,1084,0,0,0,1,0,21,1,121,0,83,0,112,0,523,0,98,0,0,0,54,0,807,0,0,0,0,0,0,0,0,0,0,0,1,0,0,0,0,0,0,0,0,0,0,0,0,0,0,0,0,0,0,0,0,0,0,0,0,0,0,0,0,1,41,1,36,0,0,0,0,0,0,0,0,0,2,0,0,0,0,0,0,0,0,0,0,0,0,0,0,0,0,0,0,0,0,0,0,0,0,0,0,0,0,0,0,0,0,0,0,0,0,0,0,0,0,0,0,0,0,0,0,0,0,0,0,0,0,0,0,0,0,0,0,0,0,0,0,1,12,0,20,0,3,0,19,0,0,0,0,0,0,0,0,0,0,0,0
0,0,24,0,541,0,0,0,30,0,1087,0,0,0,0,0,5,0,12,0,1,0,0,0,5,0,11,0,29,0,0,0,18,0,0,0,0,0,0,0,0,0,0,0,0,0,0,0,0,0,0,0,0,0,0,0,0,0,0,0,0,0,0,0,0,0,0,0,0,0,0,0,0,0,12,0,18,0,0,0,0,0,0,0,0,0,5,0,0,0,0,0,0,0,0,0,0,0,0,0,0,0,0,0,0,0,0,0,0,0,0,0,0,0,0,0,0,0,0,0,0,0,0,0,0,0,0,0,0,0,0,0,0,0,0,0,0,0,0,0,0,0,0,0,0,0,0,0,0,0,1,1,8,0,0,0,1,0,0,0,0,0,0,0,0,0,0,0,0,0
0,0,0,17,0,154,0,0,0,47,0,654,0,0,0,0,0,1,0,9,0,1,0,1,0,3,0,224,0,54,0,0,0,39,0,0,0,0,0,0,0,0,0,0,0,0,0,0,0,0,0,0,0,0,0,0,0,0,0,0,0,0,0,0,0,0,0,0,0,0,0,0,0,0,0,6,0,10,0,0,0,0,0,0,0,0,0,0,0,0,0,0,0,0,0,0,0,0,0,0,0,0,0,0,0,0,0,0,0,0,0,0,0,0,0,0,0,0,0,0,0,0,0,0,0,0,0,0,0,0,0,0,0,0,0,0,0,0,0,0,0,0,0,0,0,0,0,0,0,0,0,0,0,2,0,0,0,0,0,0,0,0,0,0,0,0,0,0,0,0
980,30,241,18,725,16,1417,5,2239,5,240,0,373,3,87,19,79,0,96,3,29,0,31,0,108,0,14,0,1217,0,18,0,0,6,0,0,195,53,36,5,892,0,28,0,47,0,10,11,31,7,29,0,25,1,36,0,23,0,153,0,752,7,32,0,81,1,130,8,13,3,104,44,75,17,335,5,4609,12,120,8,0,0,57,8,300,6,332,0,110,1,2,0,304,0,0,0,0,0,1,1,0,0,0,0,0,0,0,0,0,2,2,0,0,0,0,0,0,0,0,0,1,0,0,0,24,2,43,2,14,4,1,0,1,0,12,2,2,0,16,0,2,0,2,0,61,1,2,0,2,1,10,2,47,3,73,50,70,0,0,0,1,0,4,1,1,0,0,0,1,0
4,609,4,384,12,868,2,2067,2,1652,0,668,0,1047,9,43,1,224,3,83,1,20,0,44,0,141,0,38,0,807,0,39,6,0,0,0,6,43,6,34,2,780,0,51,0,112,19,70,12,24,3,39,7,22,2,24,1,6,0,445,3,230,0,2,2,2,0,92,1,26,4,123,4,13,4,352,4,3369,6,197,0,0,5,912,7,1036,0,539,1,163,0,26,0,196,0,0,0,0,0,0,0,0,0,0,0,0,1,0,0,2,0,3,1,0,0,0,0,0,0,0,0,0,0,1,0,8,1,27,3,28,0,2,0,2,0,6,0,1,0,5,0,1,0,5,0,15,0,0,1,5,1,9,2,16,6,51,1,21,0,2,0,0,0,9,0,0,0,0,0,0
0,0,0,0,0,0,0,0,0,0,0,0,0,0,0,0,0,0,0,0,0,0,0,0,0,0,0,0,0,0,0,0,0,0,0,0,0,0,0,0,0,0,0,0,0,0,0,0,0,0,0,0,0,0,0,0,0,0,0,0,0,0,0,0,0,0,0,0,0,0,0,0,0,0,0,0,0,0,0,0,0,0,0,0,0,0,0,0,0,0,0,0,0,0,0,0,0,0,0,0,0,0,0,0,0,0,0,0,0,0,0,0,0,0,0,0,0,0,0,0,0,0,0,0,0,0,0,0,0,0,0,0,0,0,0,0,0,0,0,0,0,0,0,0,0,0,0,0,0,0,0,0,0,0,0,0,0,0,0,0,0,0,0,0,0,0,0,0,0,0
0,0,0,0,0,0,0,0,0,0,0,0,0,0,0,0,0,0,0,0,0,0,0,0,0,0,0,0,0,0,0,0,0,0,0,0,0,0,0,0,0,0,0,0,0,0,0,0,0,0,0,0,0,0,0,0,0,0,0,0,0,0,0,0,0,0,0,0,0,0,0,0,0,0,0,0,0,0,0,0,0,0,0,0,0,0,0,0,0,0,0,0,0,0,0,0,0,0,0,0,0,0,0,0,0,0,0,0,0,0,0,0,0,0,0,0,0,0,0,0,0,0,0,0,0,0,0,0,0,0,0,0,0,0,0,0,0,0,0,0,0,0,0,0,0,0,0,0,0,0,0,0,0,0,0,0,0,0,0,0,0,0,0,0,0,0,0,0,0,0
383,157,382,33,303,65,114,34,135,9,0,0,21,2,1739,117,0,0,323,0,0,0,0,0,0,0,0,0,0,0,0,0,195,6,0,0,0,359,1841,7,10,2,0,0,0,1,8,3,137,4,1,0,77,4,16,0,0,0,1,0,274,74,69,5,45,5,48,10,7,4,2452,165,843,120,123,26,325,26,168,18,0,0,3,2,19,4,0,0,6,1,0,0,0,0,0,0,0,0,0,1,0,0,0,0,0,0,1,0,2,0,3,1,0,0,0,0,0,0,0,0,0,0,0,0,16,2,140,19,27,4,8,1,0,0,11,4,6,0,0,0,1,0,6,0,24,7,6,0,3,0,0,2,2,2,395,53,0,0,0,1,0,0,20,3,0,0,0,0,0,0
136,419,14,721,27,443,38,114,36,98,0,2,6,23,51,1988,0,1,8,831,0,0,0,0,0,0,0,1,0,0,0,0,53,43,0,0,359,0,6,1484,2,5,0,1,0,0,3,10,4,97,0,1,8,33,3,6,0,0,0,0,91,137,10,31,17,16,10,88,1,38,101,1723,81,484,24,191,77,171,39,129,0,0,3,11,1,13,0,1,7,12,0,0,0,1,1,0,0,0,1,0,1,0,0,1,0,0,0,1,0,2,0,1,1,0,0,0,0,0,0,0,0,1,0,3,4,35,31,124,7,68,0,10,1,0,1,21,0,5,0,1,0,0,0,0,2,34,0,6,0,8,1,7,9,84,163,759,0,0,0,5,0,0,8,33,0,2,0,0,0,0
24,0,1,0,6,1,3,0,4,1,0,0,19,0,5,0,0,0,0,0,0,0,0,0,0,0,0,0,0,0,0,0,36,6,0,0,1841,6,0,218,151,12,3,4,0,0,226,97,362,7,15,1,98,5,53,1,3,0,8,1,15,0,12,0,17,0,64,20,11,5,1958,86,0,1,7,0,49,6,83,4,0,0,31,19,75,12,0,0,8,3,0,0,0,0,2,0,0,0,0,0,0,0,0,0,1,0,1,0,0,0,1,1,0,0,0,0,0,0,0,0,0,0,0,0,0,0,19,2,58,9,3,0,1,0,3,0,3,0,0,0,0,0,0,0,4,0,0,0,4,4,0,0,0,0,0,0,0,0,0,1,0,0,6,0,0,0,0,0,0,0
0,21,0,8,0,2,0,2,0,0,0,0,1,3,0,0,0,0,0,0,0,0,0,0,0,0,0,0,0,0,0,0,5,34,0,0,7,1484,218,0,111,119,1,0,0,0,69,229,41,74,6,32,4,27,5,7,1,2,2,3,1,13,0,1,1,3,4,53,0,25,68,1516,0,1,0,7,4,33,5,39,0,0,3,33,11,37,0,0,4,4,0,0,0,0,0,0,0,0,0,0,0,0,0,0,0,0,0,0,0,0,0,0,2,0,0,0,0,0,0,0,0,0,0,1,0,4,1,10,1,31,0,3,0,0,0,5,0,0,0,0,0,0,1,0,2,5,0,2,0,6,0,0,0,0,0,0,0,0,0,2,0,0,0,9,0,2,0,0,0,0
8,0,2,0,1,0,5,1,6,0,0,0,11,0,0,0,7,0,0,0,0,0,0,0,0,0,0,0,0,0,0,0,892,2,0,0,10,2,151,111,0,385,3244,3,262,0,103,125,19,3,631,4,6,0,21,0,14,0,926,1,6,1,1,0,0,0,4,0,0,0,1010,250,1,0,39,0,1528,0,447,0,0,0,56,0,775,1,860,0,291,0,142,0,574,0,0,0,0,0,3,4,2,0,0,0,0,0,2,1,8,10,12,7,2,1,0,0,0,0,1,0,2,0,0,0,29,0,34,1,116,1,2,0,4,0,9,0,2,0,256,0,35,0,81,0,362,4,3,0,48,0,0,0,0,0,0,0,28,0,2,0,5,0,66,0,8,0,0,0,10,2
1,1,1,1,0,6,0,2,0,2,0,0,0,3,0,2,0,2,0,0,0,0,0,0,0,0,0,0,0,0,0,0,0,780,0,0,2,5,12,119,385,0,9,4753,0,329,14,138,0,5,9,335,2,2,0,11,0,1,3,1280,0,2,0,1,0,1,1,4,0,1,54,938,0,0,0,46,2,2639,4,889,0,0,0,185,1,377,0,511,1,163,0,72,0,113,0,1,0,0,5,2,11,1,2,0,0,0,4,12,7,18,20,19,7,1,0,0,0,0,0,0,0,3,0,10,0,48,4,67,3,173,0,18,0,3,1,21,0,3,0,182,0,31,0,132,9,330,0,18,1,23,0,0,0,0,0,0,2,96,3,26,1,8,1,253,1,15,0,0,9,1
0,0,0,0,0,0,0,0,0,0,0,0,0,0,0,0,0,0,0,0,0,0,0,0,0,0,0,0,0,0,0,0,28,0,0,0,0,0,3,1,3244,9,0,0,135,0,8,2,0,0,708,0,1,0,19,0,12,0,1551,0,0,0,0,0,0,0,0,0,0,0,49,8,0,0,1,0,26,0,16,1,0,0,3,0,37,0,120,0,57,0,88,0,83,0,3,1,2,0,1,7,48,0,2,0,3,0,35,3,36,15,53,5,3,1,0,0,0,0,0,4,0,0,0,0,1,0,3,7,5,0,0,0,0,0,1,0,0,0,18,1,6,0,1,1,7,2,0,0,2,0,0,0,0,0,0,0,0,0,4,0,0,0,0,0,3,0,0,0,12,1
0,0,0,0,0,1,0,0,0,0,0,0,0,2,0,0,0,0,0,0,0,0,0,1,0,0,0,0,0,0,0,0,0,51,0,0,0,1,4,0,3,4753,0,0,0,710,0,16,0,0,0,510,0,0,0,0,0,0,0,1770,0,0,0,0,0,0,0,0,0,0,0,78,0,0,0,3,0,132,0,4,0,0,0,1,0,23,0,521,0,17,0,281,0,122,0,1,0,0,0,12,0,3,0,4,0,0,1,12,3,20,1,36,3,1,0,0,0,0,0,0,0,0,0,0,0,0,0,1,0,1,0,0,0,0,0,0,0,0,0,2,0,1,0,0,0,1,0,0,0,0,0,0,0,0,0,0,0,3,0,0,0,0,0,1,0,1,0,0,0,0
0,0,0,0,0,0,0,0,0,0,0,0,0,0,0,0,37,0,0,0,0,0,0,0,0,0,0,0,0,0,0,0,47,0,0,0,0,0,0,0,262,0,135,0,0,0,0,0,0,0,0,0,0,0,0,0,0,0,19,0,0,0,0,0,0,0,0,0,0,0,1,0,0,0,20,0,439,0,171,0,0,0,0,0,0,0,603,0,6,0,39,0,15,0,0,0,0,0,1,0,0,0,0,0,0,0,1,2,0,1,0,2,0,0,0,0,0,0,0,1,0,0,0,0,35,0,3,0,0,0,0,0,4,0,3,0,0,0,2,0,0,0,1,0,0,0,0,0,0,0,0,0,0,0,0,0,184,0,1,0,2,0,25,0,8,0,0,1,0,0
0,0,0,0,0,4,1,0,0,2,0,0,0,0,0,1,0,10,0,3,0,0,0,1,0,0,0,0,0,1,0,0,0,112,0,0,1,0,0,0,0,329,0,710,0,0,0,0,0,0,0,0,0,0,0,0,0,0,0,33,0,1,0,0,0,0,0,0,0,0,0,0,0,0,0,77,0,657,0,178,0,0,0,0,0,0,0,838,0,12,0,46,0,16,0,0,0,0,0,0,0,0,0,0,0,0,0,0,0,0,0,1,0,0,0,0,0,0,0,0,0,0,0,0,0,15,0,6,0,5,0,0,0,3,0,2,0,0,0,8,0,0,0,0,0,2,0,1,0,0,0,0,0,0,0,0,5,163,0,1,0,0,0,16,0,2,0,0,0,0
4,0,0,0,0,0,0,0,0,0,0,0,8,0,0,0,0,0,0,0,0,0,0,0,0,0,0,0,0,0,0,0,10,19,0,0,8,3,226,69,103,14,8,0,0,0,0,1262,3118,420,3241,149,1455,90,1008,14,574,2,142,4,3,0,19,0,10,0,23,1,49,3,1594,195,0,0,0,0,4,5,1,2,0,0,54,10,263,25,0,0,102,5,0,0,4,1,0,0,0,0,0,0,0,0,0,0,0,0,0,0,0,0,0,0,0,0,1,0,0,0,0,0,0,0,0,0,0,0,0,0,1,0,0,0,0,0,0,0,0,0,0,0,0,0,0,0,1,1,0,0,0,0,0,0,0,0,0,0,0,0,0,0,0,0,0,0,0,0,0,0,0,0
0,8,0,1,0,0,1,0,2,0,0,0,4,1,0,1,0,0,0,0,0,0,0,0,0,0,0,0,0,0,0,0,11,70,0,0,3,10,97,229,125,138,2,16,0,0,1262,0,355,2441,17,3955,22,1057,11,988,7,588,1,330,2,6,3,11,1,5,4,27,3,35,243,1906,0,1,1,1,7,38,4,16,0,0,21,131,37,246,0,0,10,112,0,0,0,80,0,0,0,0,0,0,0,0,0,0,0,0,0,0,0,0,0,1,0,0,0,0,0,0,0,0,0,0,0,0,0,0,0,1,0,4,0,0,0,0,0,1,0,0,0,0,0,0,0,0,1,0,0,0,1,0,0,0,0,0,0,0,0,0,0,1,0,0,1,1,0,0,0,0,0,0
3,2,1,0,1,0,0,2,1,0,0,0,15,0,1,0,0,0,0,0,0,0,0,0,0,0,0,0,0,0,0,0,31,12,0,0,137,4,362,41,19,0,0,0,0,0,3118,355,0,967,28,7,4146,34,247,7,9,1,1,2,5,2,99,0,49,1,35,4,52,1,1034,92,1,0,0,1,23,2,17,2,0,0,19,10,102,24,0,0,62,4,0,0,0,0,0,0,0,0,0,0,0,0,0,0,0,0,0,0,0,0,0,0,0,0,0,0,0,0,0,0,0,0,0,0,0,0,2,0,10,1,0,0,0,0,1,0,0,0,0,0,0,0,0,0,1,1,0,0,2,0,0,0,0,0,0,0,0,0,0,0,0,0,0,0,1,0,0,0,0,0
5,54,0,17,2,7,1,6,1,0,0,0,3,9,1,10,0,0,0,0,0,0,0,0,0,0,0,0,0,0,0,0,7,24,0,0,4,97,7,74,3,5,0,0,0,0,420,2441,967,0,2,39,8,3121,2,410,0,20,1,14,3,52,5,53,4,42,10,104,1,127,15,1472,0,8,3,13,8,46,11,34,0,0,2,26,10,37,0,0,1,46,0,0,0,5,0,0,0,0,0,0,0,0,0,0,0,0,1,1,0,1,1,0,0,1,0,0,0,0,0,0,0,0,0,3,1,2,2,30,6,31,1,3,0,0,0,5,0,2,0,0,0,0,1,0,1,7,0,0,0,6,0,0,0,0,1,0,0,2,0,0,0,0,0,12,0,2,0,0,0,0
1,0,0,0,0,0,0,0,0,0,0,0,1,0,0,0,0,0,0,0,0,0,0,0,0,0,0,0,0,0,0,0,29,3,0,0,1,0,15,6,631,9,708,0,0,0,3241,17,28,2,0,0,95,3,380,0,446,0,1596,0,2,0,3,0,6,0,14,0,15,0,1404,18,0,0,0,0,14,0,1,0,0,0,38,2,205,2,0,0,103,0,0,0,26,0,5,0,0,0,3,0,0,0,0,0,0,0,0,0,0,1,1,1,0,0,6,0,0,0,0,0,0,0,0,0,0,0,0,0,3,0,0,0,1,0,0,1,0,0,0,0,0,0,2,0,2,0,0,0,1,0,0,0,0,0,0,0,0,0,0,0,0,0,0,0,0,0,0,0,1,1
0,1,0,0,0,0,0,2,0,0,0,0,0,2,0,0,0,0,0,0,0,0,0,0,0,0,0,0,0,0,0,0,0,39,0,0,0,1,1,32,4,335,0,510,0,0,149,3955,7,39,0,0,1,82,0,180,0,592,0,1465,0,2,0,1,0,2,0,4,0,13,3,1069,0,0,1,0,0,67,0,12,0,0,0,116,2,257,0,1,0,126,0,0,0,47,0,0,0,0,1,11,0,1,0,1,0,0,1,8,6,12,19,3,36,69,0,0,0,0,0,0,0,0,0,0,1,1,1,1,1,4,0,0,0,0,0,1,1,0,0,3,0,2,0,0,0,7,0,0,0,0,0,0,0,0,0,0,0,0,0,0,0,3,0,0,0,2,0,0,42,1
32,1,10,0,2,0,1,1,2,0,0,0,16,0,6,0,0,0,0,0,0,0,0,0,0,0,0,0,0,0,0,0,25,7,0,0,77,8,98,4,6,2,1,0,0,0,1455,22,4146,8,95,1,0,2,2442,1,47,0,10,0,19,3,426,0,238,0,66,7,216,3,568,22,3,0,0,0,39,4,30,5,0,0,12,6,133,9,0,0,266,4,0,0,1,0,0,0,0,0,0,0,0,0,0,0,0,0,0,0,0,0,0,0,0,0,0,0,0,0,0,0,0,0,0,0,0,0,4,2,16,5,1,0,0,0,2,1,3,0,0,0,0,0,0,0,0,0,0,0,0,0,0,0,0,0,0,0,0,0,0,0,0,0,2,1,0,0,0,0,0,0
2,25,0,5,0,4,1,4,0,0,0,0,0,0,0,4,0,0,0,0,0,0,0,0,0,0,0,0,0,0,0,0,1,22,0,0,4,33,5,27,0,2,0,0,0,0,90,1057,34,3121,3,82,2,0,1,2846,0,83,0,27,6,43,0,587,0,55,3,85,1,1075,4,445,0,3,1,8,9,25,6,23,0,0,3,17,2,68,0,0,2,140,0,0,0,11,0,0,0,0,0,0,0,0,0,0,0,0,0,0,0,0,1,0,0,0,0,0,0,0,0,0,0,0,0,0,0,0,2,11,3,11,0,3,0,0,0,1,0,0,0,0,0,0,0,0,0,5,0,1,1,2,0,0,0,0,0,0,0,0,0,0,0,0,0,6,0,1,0,0,0,0
22,1,3,0,1,0,0,0,1,0,0,0,6,0,0,0,0,0,0,0,0,0,0,0,0,0,0,0,0,0,0,0,36,2,0,0,16,3,53,5,21,0,19,0,0,0,1008,11,247,2,380,0,2442,1,0,0,1975,0,363,0,8,1,511,0,988,0,47,3,1860,0,119,17,3,0,1,0,23,2,18,2,0,0,46,4,490,4,0,0,3753,1,0,0,368,0,0,0,0,0,0,0,0,0,0,0,0,0,0,0,0,1,0,0,0,0,0,0,0,0,0,0,0,0,0,0,2,0,2,0,4,2,0,0,0,0,1,0,0,0,0,0,0,0,2,0,10,0,0,0,4,0,0,0,0,0,0,0,0,0,0,0,0,0,1,1,0,0,0,0,0,0
0,11,0,0,0,0,0,0,0,0,0,0,0,1,0,0,0,0,0,0,0,0,0,0,0,0,0,0,0,0,0,0,0,24,0,0,0,6,1,7,0,11,0,0,0,0,14,988,7,410,0,180,1,2846,0,0,0,1594,0,172,0,30,1,72,0,35,1,34,0,2182,0,66,0,3,0,3,1,31,1,8,0,0,1,65,3,390,0,0,0,3078,0,0,0,550,0,0,0,0,0,0,0,0,0,0,0,0,0,0,0,0,0,0,0,0,0,0,0,0,0,0,0,0,0,0,0,0,0,3,1,6,0,1,0,0,0,0,0,0,0,0,0,0,0,0,0,0,0,0,0,1,0,0,0,0,0,0,0,0,0,0,0,0,0,2,0,0,0,0,0,0
0,0,0,0,0,0,0,0,1,0,0,0,5,0,0,0,0,0,0,0,0,0,0,0,0,0,0,0,0,0,0,0,23,1,0,0,0,0,3,1,14,0,12,0,0,0,574,7,9,0,446,0,47,0,1975,0,0,0,1691,0,1,0,2,0,2,0,6,1,7,0,14,2,0,0,0,0,5,1,7,0,0,0,28,0,202,1,0,0,581,0,0,0,774,0,0,0,0,0,0,0,0,0,0,0,0,0,0,0,0,0,0,0,0,0,0,0,0,0,0,0,0,0,0,0,0,0,0,0,1,0,0,0,0,0,1,0,0,0,1,0,1,0,1,0,5,0,0,0,0,0,0,0,0,0,0,0,0,0,0,0,0,0,0,0,0,0,0,0,0,0
0,1,0,0,0,0,0,0,0,0,0,0,1,0,0,0,0,0,0,0,0,0,0,0,0,0,0,0,0,0,0,0,0,6,0,0,0,0,0,2,0,1,0,0,0,0,2,588,1,20,0,592,0,83,0,1594,0,0,0,923,0,0,0,0,0,0,0,1,0,7,0,3,0,0,0,0,0,19,0,2,0,0,0,12,0,100,0,0,0,137,0,0,0,1260,0,11,0,0,0,0,0,0,0,0,0,0,0,0,0,0,0,0,0,0,0,0,0,0,0,0,0,0,0,0,0,0,0,0,0,1,0,0,0,0,0,0,0,0,0,0,0,0,0,0,0,0,0,0,0,0,0,0,0,0,0,0,0,0,0,0,0,0,0,0,0,0,0,0,0,0
0,0,0,0,0,0,0,0,0,0,0,0,16,0,0,0,0,0,0,0,0,0,0,0,0,0,0,0,0,0,0,0,153,0,0,0,1,0,8,2,926,3,1551,0,19,0,142,1,1,1,1596,0,10,0,363,0,1691,0,0,0,0,0,0,0,1,0,0,1,1,0,68,3,0,0,0,0,42,0,10,0,0,0,15,0,379,0,318,0,358,0,566,0,2610,0,0,0,0,0,0,0,0,0,0,0,0,0,0,0,0,0,0,0,0,0,0,0,0,0,0,0,0,0,0,0,3,0,3,0,3,0,0,0,0,0,0,0,0,0,3,0,1,0,1,0,9,0,0,0,1,0,0,0,0,0,0,0,1,0,0,0,0,0,0,0,0,0,0,0,1,0
0,1,0,0,0,1,0,0,0,0,0,0,0,2,0,1,0,0,0,0,0,0,0,0,0,0,0,0,0,0,0,0,0,445,0,0,0,0,1,3,1,1280,0,1770,0,33,4,330,2,14,0,1465,0,27,0,172,0,923,0,0,0,1,0,0,0,1,0,1,0,5,0,163,0,0,0,0,0,545,1,25,0,0,0,104,0,767,0,380,0,1001,0,709,0,4291,0,12,0,0,0,0,0,0,0,0,0,0,0,0,0,0,1,0,1,0,0,0,0,0,1,0,0,0,0,0,0,0,0,0,0,2,0,0,0,0,1,0,0,0,0,2,0,0,0,3,0,1,0,0,1,0,0,0,0,0,0,0,0,1,0,0,0,0,0,1,0,0,0,0,0,0
6160,41,174,4,159,14,202,10,51,3,0,0,2364,2,67,19,0,0,1,0,0,0,0,0,0,0,0,0,0,0,0,0,752,3,0,0,274,91,15,1,6,0,0,0,0,0,3,2,5,3,2,0,19,6,8,0,1,0,0,0,0,14,1899,2,2713,0,2012,8,47,4,1160,26,534,35,58,3,285,6,77,1,0,0,48,3,531,0,0,0,29,0,0,0,0,0,0,0,0,0,0,0,0,0,0,0,0,0,0,0,0,0,0,0,0,0,0,0,0,0,0,0,1,0,0,0,10,0,100,11,15,2,9,0,0,0,7,1,2,0,1,0,0,0,4,0,9,1,0,0,1,1,0,0,0,0,13,0,0,0,0,0,1,0,20,1,0,0,0,0,0,0
12,5506,1,90,3,81,6,262,3,16,0,0,3,1371,3,115,0,0,0,1,0,0,0,0,0,0,0,0,0,0,0,0,7,230,0,0,74,137,0,13,1,2,0,0,0,1,0,6,2,52,0,2,3,43,1,30,0,0,0,1,14,0,4,1948,3,1597,3,3678,0,687,29,1088,15,636,4,99,11,382,11,170,0,0,0,61,4,368,0,0,2,232,0,0,0,1,0,0,0,0,0,0,0,0,0,0,0,0,0,0,0,1,0,2,0,0,0,0,0,0,0,0,0,0,0,2,2,15,8,167,0,44,0,9,0,0,0,27,0,3,0,0,0,0,0,1,0,29,0,13,0,7,0,0,0,0,1,2,0,2,0,7,0,0,2,37,0,1,0,0,0,0
190,2,25,0,8,0,13,1,0,0,0,0,4,0,12,0,0,0,0,0,0,0,0,0,0,0,0,0,0,0,0,0,32,0,0,0,69,10,12,0,1,0,0,0,0,0,19,3,99,5,3,0,426,0,511,1,2,0,0,0,1899,4,0,1,2832,3,59,7,307,3,4193,19,104,5,8,2,77,3,38,3,0,0,1,0,70,0,0,0,130,0,0,0,0,0,0,0,0,0,0,0,0,0,0,0,0,0,0,0,2,0,1,1,0,0,0,0,0,0,0,0,0,1,0,0,1,0,32,2,8,0,4,0,0,0,2,0,0,0,0,0,0,0,1,0,0,0,0,0,0,0,0,0,0,0,1,0,0,0,1,0,0,0,1,0,0,0,0,0,0,0
1,66,0,8,0,1,0,3,0,1,0,0,0,0,0,4,0,0,0,0,0,0,0,0,0,0,0,0,0,0,0,0,0,2,0,0,5,31,0,1,0,1,0,0,0,0,0,11,0,53,0,1,0,587,0,72,0,0,0,0,2,1948,1,0,0,1353,1,190,0,678,7,1840,1,107,0,16,2,30,0,13,0,0,0,0,0,7,0,0,0,6,0,0,0,0,0,0,0,0,0,0,0,0,0,0,0,0,0,0,0,0,0,0,0,0,0,0,0,0,0,0,0,0,0,0,0,1,2,23,0,4,0,1,0,0,0,3,0,0,0,0,0,0,0,0,0,1,0,4,0,0,0,0,0,0,0,0,0,0,0,1,0,0,0,6,0,0,0,0,0,0
490,8,66,1,23,1,16,0,8,0,0,0,26,0,5,1,0,0,0,0,0,0,0,0,0,0,0,0,0,0,0,0,81,2,0,0,45,17,17,1,0,0,0,0,0,0,10,1,49,4,6,0,238,0,988,0,2,0,1,0,2713,3,2832,0,0,2,1653,4,2589,1,274,11,23,3,29,3,144,1,34,6,0,0,0,3,390,1,0,0,136,0,0,0,1,0,0,0,0,0,0,0,0,0,0,0,0,0,0,1,0,0,0,0,0,0,0,0,0,0,0,0,0,0,0,0,3,0,49,1,6,3,6,0,0,0,4,0,2,0,0,0,1,0,1,0,7,1,1,0,0,0,0,0,0,0,2,0,0,0,0,0,0,0,12,0,0,0,0,0,0,0
0,145,0,2,0,11,0,10,0,0,0,0,0,4,0,1,0,0,0,0,0,0,0,0,0,0,0,0,0,0,0,0,1,2,0,0,5,16,0,3,0,1,0,0,0,0,0,5,1,42,0,2,0,55,0,35,0,0,0,1,0,1597,3,1353,2,0,0,2410,0,2200,2,73,0,14,0,16,2,42,0,23,0,0,0,4,0,19,0,0,1,14,0,0,0,0,0,0,0,0,0,0,0,0,0,0,0,0,0,0,0,0,0,0,0,0,0,0,0,0,0,0,0,0,0,0,0,0,1,26,0,16,0,1,0,0,0,1,0,1,0,0,0,0,0,0,1,4,0,1,0,0,0,0,0,0,0,0,0,0,0,0,0,1,0,10,0,0,0,0,0,0
154,3,28,1,10,0,5,0,3,0,0,0,450,0,14,0,0,0,0,0,0,0,0,0,0,0,0,0,0,0,0,0,130,0,0,0,48,10,64,4,4,1,0,0,0,0,23,4,35,10,14,0,66,3,47,1,6,0,0,0,2012,3,59,1,1653,0,0,2,371,4,87,17,8,0,9,2,99,3,62,7,0,0,23,5,1125,2,0,0,69,1,0,0,1,0,0,0,0,0,0,0,1,0,0,0,0,0,0,0,0,0,1,0,0,0,0,0,0,0,0,0,0,0,1,0,1,0,31,4,18,1,2,0,0,0,4,0,0,0,0,0,0,0,0,0,3,0,0,0,0,0,0,0,0,0,0,0,0,0,0,0,0,0,5,0,0,0,0,0,0,0
5,736,1,25,0,23,2,31,0,4,0,0,1,700,0,9,0,0,0,0,0,0,0,0,0,0,0,0,0,0,0,0,8,92,0,0,10,88,20,53,0,4,0,0,0,0,1,27,4,104,0,4,7,85,3,34,1,1,1,1,8,3678,7,190,4,2410,2,0,3,1409,14,165,2,8,1,36,11,121,9,103,0,0,2,119,2,1535,0,0,2,116,0,0,0,0,0,0,0,0,0,1,0,0,0,0,0,0,0,0,0,1,1,0,0,0,0,0,0,0,0,0,0,0,0,1,0,6,2,59,7,46,0,5,0,1,1,2,0,4,0,0,0,0,0,0,1,10,0,3,0,4,0,0,0,0,1,0,0,0,0,1,0,1,0,19,0,1,0,0,0,0
60,0,6,0,2,0,1,0,2,1,0,0,2,0,0,0,0,0,0,0,0,0,0,0,0,0,0,0,0,0,0,0,13,1,0,0,7,1,11,0,0,0,0,0,0,0,49,3,52,1,15,0,216,1,1860,0,7,0,1,0,47,0,307,0,2589,0,371,3,0,0,68,9,2,0,3,0,23,0,8,0,0,0,2,1,458,1,0,0,1268,0,0,0,0,0,0,0,0,0,0,0,0,0,0,0,0,0,0,0,0,0,0,0,0,0,0,0,0,0,0,0,0,0,0,0,0,0,5,0,3,1,0,0,0,0,0,0,0,0,0,0,0,0,0,0,0,0,0,0,0,0,0,0,0,0,0,0,0,0,0,0,0,0,1,0,0,0,0,0,0,0
3,124,0,2,1,13,1,8,1,1,0,0,0,10,0,2,0,0,0,0,0,0,0,0,0,0,0,0,0,0,0,0,3,26,0,0,4,38,5,25,0,1,0,0,0,0,3,35,1,127,0,13,3,1075,0,2182,0,7,0,5,4,687,3,678,1,2200,4,1409,0,0,7,189,1,2,2,11,6,49,5,40,0,0,1,20,5,1053,0,0,0,1288,0,0,0,3,0,0,0,0,0,0,0,0,0,0,0,0,0,1,0,0,1,0,0,0,0,0,0,0,0,0,0,1,0,1,0,0,0,21,5,20,0,5,0,0,2,1,0,1,0,0,0,0,0,1,0,4,0,1,0,2,0,0,0,0,0,0,0,1,0,2,0,0,0,8,0,2,0,0,1,0
594,44,161,5,57,9,51,2,34,0,0,0,22,2,147,15,0,0,0,0,0,0,0,0,0,0,0,0,0,0,0,0,104,4,0,0,2452,101,1958,68,1010,54,49,0,1,0,1594,243,1034,15,1404,3,568,4,119,0,14,0,68,0,1160,29,4193,7,274,2,87,14,68,7,0,292,1530,20,40,7,231,13,120,12,0,0,7,8,72,6,1,0,48,3,0,0,3,1,0,0,0,0,0,0,0,0,0,0,0,0,0,0,0,1,3,0,1,0,1,0,0,0,0,0,0,0,0,0,11,0,96,6,40,6,6,0,0,0,4,0,3,0,0,0,1,0,0,0,12,5,5,0,2,0,0,0,0,0,4,2,0,0,0,0,0,0,16,2,0,0,0,0,0,0
21,751,4,306,11,103,6,71,4,6,0,0,7,12,7,219,0,0,0,0,0,0,0,0,0,0,0,0,0,0,0,0,44,123,0,0,165,1723,86,1516,250,938,8,78,0,0,195,1906,92,1472,18,1069,22,445,17,66,2,3,3,163,26,1088,19,1840,11,73,17,165,9,189,292,0,35,1616,12,108,63,216,48,150,0,0,21,124,42,174,0,0,17,52,0,0,0,5,0,0,0,0,0,2,1,0,1,0,0,0,0,0,1,2,4,5,0,0,0,0,0,0,0,0,0,0,0,3,4,16,19,147,15,77,1,20,1,0,1,19,2,4,0,3,0,1,0,1,8,46,0,12,4,5,0,0,0,0,6,5,0,1,0,8,0,0,4,31,0,2,0,0,0,0
2058,83,712,15,155,18,90,10,82,11,0,0,33,1,1125,288,0,0,1,0,0,0,0,0,0,0,0,0,0,0,0,0,75,4,0,0,843,81,0,0,1,0,0,0,0,0,0,0,1,0,0,0,3,0,3,0,0,0,0,0,534,15,104,1,23,0,8,2,2,1,1530,35,0,97,24,10,83,7,26,5,0,0,2,0,42,2,0,0,1,0,0,0,0,0,0,0,0,0,0,1,0,0,0,0,0,0,0,0,1,1,0,0,0,0,0,0,0,0,0,0,0,0,0,0,9,4,18,5,1,2,3,0,0,0,4,1,1,0,0,0,1,0,0,0,3,3,1,1,1,0,0,0,0,0,25,9,1,0,0,0,0,0,7,1,0,0,0,0,0,0
44,612,2,209,2,125,17,81,15,15,0,0,0,8,15,1552,0,0,0,1,0,0,0,0,0,0,0,0,0,0,0,0,17,13,0,0,120,484,1,1,0,0,0,0,0,0,0,1,0,8,0,0,0,3,0,3,0,0,0,0,35,636,5,107,3,14,0,8,0,2,20,1616,97,0,5,34,13,57,7,37,0,0,0,2,1,2,0,0,0,1,0,0,0,0,0,0,0,0,0,0,0,0,0,1,0,0,0,0,0,0,0,0,0,0,0,0,0,0,0,0,0,0,0,1,1,9,9,42,0,4,0,3,0,0,1,10,1,2,0,0,0,0,0,0,2,13,0,1,0,3,0,0,0,0,4,2,0,0,0,1,0,0,1,11,0,1,0,0,0,0
105,10,91,13,206,6,93,4,285,2,123,1,4,0,54,3,400,446,32,9,14,0,55,2,6,0,7,1,95,1,12,0,335,4,0,0,123,24,7,0,39,0,1,0,20,0,0,1,0,3,0,1,0,1,1,0,0,0,0,0,58,4,8,0,29,0,9,1,3,2,40,12,24,5,0,3,2635,3,1102,2,0,0,1,0,3,0,11,0,2,2,0,0,2,0,2,0,0,0,2,3,2,0,0,0,0,0,4,5,5,7,4,5,2,4,0,0,0,0,0,1,17,90,7,0,398,1,845,1,270,3,74,0,11,0,277,3,48,0,1,0,4,0,59,0,255,2,48,1,46,0,84,56,81,7,23,15,285,0,5,0,8,0,74,0,6,0,1,0,6,1
10,181,12,219,20,521,1,294,6,324,0,26,0,16,18,124,0,145,5,82,1,29,4,66,0,45,0,7,0,41,0,6,5,352,0,0,26,191,0,7,0,46,0,3,0,77,0,1,1,13,0,0,0,8,0,3,0,0,0,0,3,99,2,16,3,16,2,36,0,11,7,108,10,34,3,0,8,2915,2,841,0,0,0,3,2,6,0,29,1,5,0,1,0,1,0,0,0,0,1,1,3,0,0,1,0,0,4,3,2,4,3,7,0,1,0,0,0,0,0,0,0,8,0,44,1,363,1,637,1,341,0,55,0,15,1,333,0,68,0,1,0,0,0,15,1,288,0,33,0,107,0,43,1,26,16,47,5,424,0,23,0,1,0,120,1,9,0,0,2,2
172,30,164,13,381,17,74,6,468,2,168,2,29,2,97,20,215,0,95,7,26,1,287,0,52,0,5,1,142,1,18,0,4609,4,0,0,325,77,49,4,1528,2,26,0,439,0,4,7,23,8,14,0,39,9,23,1,5,0,42,0,285,11,77,2,144,2,99,11,23,6,231,63,83,13,2635,8,0,12,2206,14,0,0,14,7,90,5,557,0,64,2,10,0,104,1,0,0,0,0,2,0,2,0,0,0,0,0,2,4,5,9,2,5,3,0,0,0,0,0,0,0,1,0,0,0,146,0,131,12,49,5,15,2,4,0,77,3,16,1,91,0,9,0,10,0,153,2,6,0,16,0,36,0,28,4,86,52,746,0,4,1,6,1,55,0,15,0,0,0,6,0
13,370,11,288,12,686,3,223,8,470,0,57,3,105,20,152,0,407,2,110,0,12,0,146,0,62,0,1,0,36,0,10,12,3369,0,0,26,171,6,33,0,2639,0,132,0,657,5,38,2,46,0,67,4,25,2,31,1,19,0,545,6,382,3,30,1,42,3,121,0,49,13,216,7,57,3,2915,12,0,8,1985,0,0,2,140,8,172,0,583,1,99,0,31,0,179,0,0,0,0,1,3,6,0,1,0,0,0,2,5,3,2,9,8,3,0,0,0,0,0,0,0,0,1,0,3,2,96,3,147,2,113,0,26,0,3,0,47,0,13,0,225,0,6,1,19,1,82,0,7,1,14,1,11,6,26,33,93,7,752,1,17,0,3,1,145,1,18,0,0,4,1
47,15,20,3,53,6,24,2,86,4,1,0,6,0,34,12,2,0,5,0,0,0,0,0,0,0,0,0,1,0,0,0,120,6,0,0,168,39,83,5,447,4,16,0,171,0,1,4,17,11,1,0,30,6,18,1,7,0,10,1,77,11,38,0,34,0,62,9,8,5,120,48,26,7,1102,2,2206,8,0,9,0,0,2,4,17,7,26,0,18,1,0,0,6,0,2,1,0,0,3,2,8,1,1,1,0,0,5,12,11,14,14,8,3,1,0,0,0,0,0,0,1,0,1,0,321,3,144,6,59,9,30,2,16,0,124,0,17,0,52,0,8,0,16,1,139,5,9,1,29,1,0,0,0,0,12,5,274,0,6,2,4,0,96,3,21,3,0,0,8,2
4,178,3,30,8,117,1,107,4,73,0,0,3,26,5,44,0,1,1,4,0,0,0,0,0,0,0,1,0,0,0,0,8,197,0,0,18,129,4,39,0,889,1,4,0,178,2,16,2,34,0,12,5,23,2,8,0,2,0,25,1,170,3,13,6,23,7,103,0,40,12,150,5,37,2,841,14,1985,9,0,0,0,2,25,9,33,0,32,1,17,0,4,0,12,1,0,0,0,0,4,13,1,0,2,0,0,6,11,7,5,19,6,8,0,0,0,0,1,0,0,0,1,0,5,1,133,4,143,10,69,1,15,0,8,1,46,0,5,0,275,0,8,0,20,1,97,0,8,0,16,0,0,0,2,11,17,0,168,1,21,0,8,1,307,3,30,0,0,4,1
0,0,0,0,0,0,0,0,0,0,0,0,0,0,0,0,0,0,0,0,0,0,0,0,0,0,0,0,0,0,0,0,0,0,0,0,0,0,0,0,0,0,0,0,0,0,0,0,0,0,0,0,0,0,0,0,0,0,0,0,0,0,0,0,0,0,0,0,0,0,0,0,0,0,0,0,0,0,0,0,0,0,0,0,0,0,0,0,0,0,0,0,0,0,0,0,0,0,0,0,0,0,0,0,0,0,0,0,0,0,0,0,0,0,0,0,0,0,0,0,0,0,0,0,0,0,0,0,0,0,0,0,0,0,0,0,0,0,0,0,0,0,0,0,0,0,0,0,0,0,0,0,0,0,0,0,0,0,0,0,0,0,0,0,0,0,0,0,0,0
0,0,0,0,0,0,0,0,0,0,0,0,0,0,0,0,0,0,0,0,0,0,0,0,0,0,0,0,0,0,0,0,0,0,0,0,0,0,0,0,0,0,0,0,0,0,0,0,0,0,0,0,0,0,0,0,0,0,0,0,0,0,0,0,0,0,0,0,0,0,0,0,0,0,0,0,0,0,0,0,0,0,0,0,0,0,0,0,0,0,0,0,0,0,0,0,0,0,0,0,0,0,0,0,0,0,0,0,0,0,0,0,0,0,0,0,0,0,0,0,0,0,0,0,0,0,0,0,0,0,0,0,0,0,0,0,0,0,0,0,0,0,0,0,0,0,0,0,0,0,0,0,0,0,0,0,0,0,0,0,0,0,0,0,0,0,0,0,0,0
53,0,4,0,29,0,3,0,1,1,0,0,52,0,2,0,0,0,0,0,0,0,0,0,0,0,0,0,0,0,0,0,57,5,0,0,3,3,31,3,56,0,3,0,0,0,54,21,19,2,38,0,12,3,46,1,28,0,15,0,48,0,1,0,0,0,23,2,2,1,7,21,2,0,1,0,14,2,2,2,0,0,0,6,517,5,1,0,38,0,0,0,7,0,0,0,0,0,0,0,0,0,0,0,0,0,0,0,0,0,0,0,0,0,0,0,0,0,0,0,0,0,0,0,1,0,1,1,5,1,0,0,0,0,0,0,0,0,0,0,0,0,0,0,17,0,0,0,4,0,0,0,0,0,0,1,0,0,0,0,0,0,0,0,0,0,0,0,0,0
2,120,0,2,0,17,0,4,1,2,0,0,2,15,1,2,0,0,0,0,0,0,0,0,0,0,0,0,0,0,0,0,8,912,0,0,2,11,19,33,0,185,0,1,0,0,10,131,10,26,2,116,6,17,4,65,0,12,0,104,3,61,0,0,3,4,5,119,1,20,8,124,0,2,0,3,7,140,4,25,0,0,6,0,13,827,0,0,1,30,0,0,0,18,0,0,0,0,0,0,0,0,0,0,0,0,0,0,0,0,2,0,0,0,0,0,0,0,0,0,0,0,0,0,0,0,0,3,5,13,0,0,0,0,0,0,1,0,0,0,0,0,0,1,1,6,0,0,0,3,0,0,0,0,1,0,0,0,0,1,0,0,1,2,0,0,0,0,0,0
285,2,107,0,12,0,7,1,2,1,0,0,732,0,16,0,0,0,0,0,0,0,0,0,0,0,0,0,0,0,0,0,300,7,0,0,19,1,75,11,775,1,37,0,0,0,263,37,102,10,205,2,133,2,490,3,202,0,379,0,531,4,70,0,390,0,1125,2,458,5,72,42,42,1,3,2,90,8,17,9,0,0,517,13,0,13,1022,0,5862,6,1,0,805,0,0,0,0,0,0,0,1,0,0,0,0,0,0,0,1,0,0,0,0,1,0,0,0,0,0,0,0,0,0,0,2,0,12,1,3,2,0,0,0,0,3,0,0,0,9,0,1,0,3,0,23,2,2,0,3,0,0,0,0,0,1,1,0,0,0,0,0,0,2,0,0,0,0,0,1,0
2,165,0,9,0,6,1,6,1,2,0,0,4,236,0,4,0,0,0,0,0,0,0,0,0,0,0,0,0,0,0,0,6,1036,0,0,4,13,12,37,1,377,0,23,0,0,25,246,24,37,2,257,9,68,4,390,1,100,0,767,0,368,0,7,1,19,2,1535,1,1053,6,174,2,2,0,6,5,172,7,33,0,0,5,827,13,0,0,1525,1,2437,0,3,0,439,0,1,0,0,0,0,1,0,0,0,0,0,0,0,1,1,0,1,0,0,0,0,0,0,0,0,0,1,0,0,0,3,1,7,2,3,0,0,0,0,2,0,0,0,0,1,0,1,1,3,1,7,0,1,1,2,0,0,0,0,0,0,0,1,0,0,0,0,0,5,0,0,0,0,1,0
0,0,4,0,12,0,0,0,9,0,393,0,31,0,0,0,3,0,8,0,5,0,0,0,12,0,4,0,688,0,5,0,332,0,0,0,0,0,0,0,860,0,120,0,603,0,0,0,0,0,0,0,0,0,0,0,0,0,318,0,0,0,0,0,0,0,0,0,0,0,1,0,0,0,11,0,557,0,26,0,0,0,1,0,1022,0,0,0,840,0,1552,0,1103,0,0,0,0,0,0,0,0,0,0,0,0,0,0,0,0,0,0,0,0,0,0,0,0,0,0,0,0,0,0,0,7,0,0,0,0,0,0,0,0,0,1,0,0,0,5,0,1,0,0,0,1,0,0,0,0,0,0,0,11,0,0,0,7,0,0,0,0,0,0,0,0,0,0,0,0,0
0,0,0,8,1,7,0,2,0,7,0,1,0,0,0,0,0,5,0,5,0,0,0,3,0,0,0,1,0,2,0,0,0,539,0,0,0,1,0,0,0,511,0,521,0,838,0,0,0,0,0,1,0,0,0,0,0,0,0,380,0,0,0,0,0,0,0,0,0,0,0,0,0,0,0,29,0,583,0,32,0,0,0,0,0,1525,0,0,0,441,0,1442,0,694,0,0,0,0,0,0,0,0,0,0,0,0,0,0,0,0,0,0,0,0,0,0,0,0,0,0,0,0,0,0,0,3,0,1,0,0,0,0,0,0,0,0,0,0,0,2,0,0,0,0,0,0,0,0,0,0,0,0,0,0,0,0,0,10,0,0,0,0,0,2,0,0,0,0,0,0
40,0,8,0,2,0,0,0,0,0,0,0,67,0,0,0,0,0,0,0,0,0,0,0,0,0,0,0,0,0,0,0,110,1,0,0,6,7,8,4,291,1,57,0,6,0,102,10,62,1,103,0,266,2,3753,0,581,0,358,0,29,2,130,0,136,1,69,2,1268,0,48,17,1,0,2,1,64,1,18,1,0,0,38,1,5862,1,840,0,0,0,1268,0,6661,0,0,0,0,0,0,0,0,0,0,0,0,0,0,0,0,0,0,0,0,0,0,0,0,0,0,0,0,0,0,0,0,0,4,1,6,2,0,0,0,0,1,0,0,0,4,0,0,0,0,0,13,0,1,0,2,0,0,0,0,0,0,0,0,0,0,0,0,0,0,0,0,0,0,0,0,0
1,31,0,3,0,2,0,5,0,1,0,0,0,4,0,3,0,0,0,0,0,0,0,0,0,0,0,0,0,0,0,0,1,163,0,0,1,12,3,4,0,163,0,17,0,12,5,112,4,46,0,126,4,140,1,3078,0,137,0,1001,0,232,0,6,0,14,1,116,0,1288,3,52,0,1,2,5,2,99,1,17,0,0,0,30,6,2437,0,441,0,0,0,1627,0,7517,0,0,0,0,0,0,0,0,0,0,0,0,0,0,0,0,1,0,0,0,0,0,0,0,0,0,0,0,0,1,0,0,0,7,0,6,0,0,0,0,0,0,0,2,0,0,0,0,0,0,0,3,0,0,0,0,0,0,0,0,0,0,0,2,0,0,0,0,2,4,0,0,0,0,0,0
0,0,0,0,0,0,0,0,0,0,0,0,0,0,0,0,0,0,0,0,0,0,0,0,0,0,0,0,0,0,0,0,2,0,0,0,0,0,0,0,142,0,88,0,39,0,0,0,0,0,0,0,0,0,0,0,0,0,566,0,0,0,0,0,0,0,0,0,0,0,0,0,0,0,0,0,10,0,0,0,0,0,0,0,1,0,1552,0,1268,0,0,0,4156,0,0,0,0,0,0,0,0,0,0,0,0,0,0,0,0,0,0,0,0,0,0,0,0,0,0,0,0,0,0,0,0,0,0,0,0,0,0,0,0,0,0,0,0,0,0,0,0,0,0,0,0,0,0,0,0,0,0,0,0,0,0,0,1,0,0,0,0,0,0,0,0,0,0,0,0,0
0,0,0,0,0,0,0,0,0,0,0,0,0,0,0,0,0,0,0,0,0,0,0,0,0,0,0,0,0,0,0,0,0,26,0,0,0,0,0,0,0,72,0,281,0,46,0,0,0,0,0,0,0,0,0,0,0,0,0,709,0,0,0,0,0,0,0,0,0,0,0,0,0,0,0,1,0,31,0,4,0,0,0,0,0,3,0,1442,0,1627,0,0,0,2587,0,0,0,0,0,0,0,0,0,0,0,0,0,0,0,0,0,0,0,0,0,0,0,0,0,0,0,0,0,0,0,0,0,0,0,0,0,0,0,0,0,0,0,0,0,0,0,0,0,0,0,0,0,0,0,0,0,0,0,0,0,0,0,0,0,0,0,0,0,0,0,0,0,0,0,0
0,0,0,0,0,0,1,0,1,0,0,0,31,0,0,0,1,0,0,0,0,0,0,0,0,0,0,0,0,0,0,0,304,0,0,0,0,0,0,0,574,0,83,0,15,0,4,0,0,0,26,0,1,0,368,0,774,0,2610,0,0,0,0,0,1,0,1,0,0,0,3,0,0,0,2,0,104,0,6,0,0,0,7,0,805,0,1103,0,6661,0,4156,0,0,0,0,0,0,0,0,0,0,0,0,0,0,0,0,0,0,0,1,0,0,1,0,0,0,0,0,0,0,0,0,0,0,0,0,0,1,0,0,0,0,0,1,1,0,0,3,0,0,0,1,0,4,0,1,0,0,0,0,0,0,0,0,0,0,0,0,0,0,0,0,0,0,0,0,0,1,0
0,1,0,0,0,0,0,0,0,0,0,0,0,2,0,0,0,0,0,0,0,0,0,0,0,0,0,0,0,0,0,0,0,196,0,0,0,1,0,0,0,113,0,122,0,16,1,80,0,5,0,47,0,11,0,550,0,1260,0,4291,0,1,0,0,0,0,0,0,0,3,1,5,0,0,0,1,1,179,0,12,0,0,0,18,0,439,0,694,0,7517,0,2587,0,0,0,24,0,0,0,0,0,0,0,0,0,0,0,0,0,0,0,1,0,1,0,0,0,0,0,0,0,0,0,0,0,0,0,0,1,0,0,0,0,0,0,0,0,0,0,1,0,0,0,0,0,0,0,0,0,0,0,0,0,0,0,0,0,2,0,0,0,0,0,0,0,0,0,0,0,0
0,1,0,0,0,0,0,0,0,0,0,0,0,0,0,0,0,0,0,0,0,0,0,0,0,0,0,0,0,0,0,0,0,0,0,0,0,1,2,0,0,0,3,0,0,0,0,0,0,0,5,0,0,0,0,0,0,0,0,0,0,0,0,0,0,0,0,0,0,0,0,0,0,0,2,0,0,0,2,1,0,0,0,0,0,0,0,0,0,0,0,0,0,0,0,2,2624,1,90,3,379,8,4816,29,126,0,526,11,63,12,16,9,2,3,29,30,128,5,5,0,0,0,0,0,1,0,1,4,1,2,0,0,0,0,3,1,0,0,0,0,0,0,0,1,3,0,0,0,0,2,0,0,0,0,0,0,0,0,3,2,0,1,0,0,0,1,0,0,2,2
0,0,0,0,0,0,0,0,0,0,0,0,0,0,0,0,0,0,0,0,0,0,0,0,0,0,0,0,0,0,0,0,0,0,0,0,0,0,0,0,0,1,1,1,0,0,0,0,0,0,0,0,0,0,0,0,0,11,0,12,0,0,0,0,0,0,0,0,0,0,0,0,0,0,0,0,0,0,1,0,0,0,0,0,0,1,0,0,0,0,0,0,0,24,2,0,3,551,1,85,5,502,8,4840,0,14,12,382,1,25,8,5,2,0,15,17,55,23,2,0,0,0,0,0,0,0,2,0,1,1,0,0,0,0,0,0,0,0,0,0,1,2,0,1,0,1,0,0,0,0,0,0,0,0,0,0,0,0,2,0,0,1,0,0,0,0,0,0,2,0
0,0,0,0,0,0,0,0,0,0,0,0,0,0,0,0,0,0,0,0,0,0,0,0,0,0,0,0,0,0,0,0,0,0,0,0,0,0,0,0,0,0,2,0,0,0,0,0,0,0,0,0,0,0,0,0,0,0,0,0,0,0,0,0,0,0,0,0,0,0,0,0,0,0,0,0,0,0,0,0,0,0,0,0,0,0,0,0,0,0,0,0,0,0,2624,3,0,12,14,1,132,8,712,16,47,0,74,8,9,1,3,0,0,0,19,24,240,10,3,0,0,0,0,1,0,0,1,0,1,0,0,0,0,0,1,0,0,0,0,0,0,1,0,0,0,2,0,0,0,0,0,0,0,0,0,0,0,0,0,0,0,0,0,0,1,2,0,0,0,0
0,0,0,0,0,0,0,0,0,0,0,0,0,0,0,0,0,0,0,0,0,0,0,0,0,0,0,0,0,0,0,0,0,0,0,0,0,0,0,0,0,0,0,0,0,0,0,0,0,0,0,0,0,0,0,0,0,0,0,0,0,0,0,0,0,0,0,0,0,0,0,0,0,0,0,0,0,0,0,0,0,0,0,0,0,0,0,0,0,0,0,0,0,0,1,551,12,0,1,8,5,53,11,245,0,2,4,98,0,6,0,0,0,0,15,36,169,18,2,0,0,0,0,0,0,1,0,0,0,0,0,0,0,0,0,0,0,0,0,0,0,0,0,0,0,0,0,0,0,0,0,0,0,0,0,0,0,0,1,1,0,0,0,0,0,0,0,0,0,0
0,0,0,0,0,0,0,0,0,0,0,0,0,0,0,1,0,0,0,0,0,0,0,0,0,0,0,0,0,0,0,0,1,0,0,0,0,1,0,0,3,5,1,0,1,0,0,0,0,0,3,1,0,0,0,0,0,0,0,0,0,0,0,0,0,0,0,0,0,0,0,0,0,0,2,1,2,1,3,0,0,0,0,0,0,0,0,0,0,0,0,0,0,0,90,1,14,1,0,23,244,9,162,0,19,0,544,16,1039,36,169,16,125,195,67,8,0,7,26,148,0,0,0,0,2,1,10,3,18,5,6,0,0,1,17,7,0,0,2,0,16,3,8,3,20,3,0,2,6,1,0,0,0,0,0,0,0,0,2,1,2,0,1,0,14,0,0,1,31,1
1,0,0,0,0,0,0,0,0,0,0,0,0,0,0,0,0,0,0,0,0,0,0,0,0,0,0,0,0,0,0,0,1,0,0,0,1,0,0,0,4,2,7,12,0,0,0,0,0,0,0,11,0,0,0,0,0,0,0,0,0,0,0,0,0,0,0,1,0,0,0,2,1,0,3,1,0,3,2,4,0,0,0,0,0,0,0,0,0,0,0,0,0,0,3,85,1,8,23,0,66,862,14,338,2,0,36,1187,55,642,87,691,39,23,103,31,4,28,65,26,0,0,0,0,7,5,16,14,6,9,2,6,1,0,7,10,4,3,1,1,2,5,2,8,3,8,0,1,1,1,0,0,0,0,0,0,0,1,3,2,4,3,0,2,10,3,0,1,28,2
0,1,0,0,0,0,1,0,1,1,0,0,0,0,0,1,0,0,0,0,0,0,0,0,0,0,0,0,0,0,0,0,0,0,0,0,0,1,0,0,2,11,48,0,0,0,0,0,0,0,0,0,0,0,0,0,0,0,0,0,0,0,0,0,0,0,1,0,0,0,0,1,0,0,2,3,2,6,8,13,0,0,0,0,1,1,0,0,0,0,0,0,0,0,379,5,132,5,244,66,0,212,1886,57,138,0,1336,84,334,35,208,24,14,116,840,122,39,106,82,31,0,0,0,0,3,2,8,9,14,8,0,4,1,0,3,2,1,1,2,2,2,5,3,0,7,2,0,1,5,0,0,0,0,0,0,0,0,0,21,7,1,2,2,9,0,1,0,0,8,2
0,0,0,0,0,0,0,0,0,0,0,0,0,0,0,0,0,0,0,0,0,0,0,0,0,0,0,0,0,0,0,0,0,0,0,0,0,0,0,0,0,1,0,3,0,0,0,0,0,0,0,1,0,0,0,0,0,0,0,0,0,0,0,0,0,0,0,0,0,0,0,0,0,0,0,0,0,0,1,1,0,0,0,0,0,0,0,0,0,0,0,0,0,0,8,502,8,53,9,862,212,0,29,1781,1,0,35,1630,19,101,15,147,1,16,646,161,47,71,47,1,0,0,0,0,4,1,4,2,1,5,0,1,0,0,1,1,0,1,0,0,1,0,0,0,1,2,0,0,0,0,0,0,0,0,0,0,0,0,4,2,0,1,0,0,0,1,0,0,1,1
0,0,0,0,0,0,0,0,0,0,0,0,0,0,0,1,0,0,0,0,0,0,0,0,0,0,0,0,0,0,0,0,0,0,0,0,0,0,0,0,0,2,2,0,0,0,0,0,0,0,0,0,0,0,0,0,0,0,0,0,0,0,0,0,0,0,0,0,0,0,0,1,0,0,0,0,0,1,1,0,0,0,0,0,0,0,0,0,0,0,0,0,0,0,4816,8,712,11,162,14,1886,29,0,73,110,0,1056,39,83,3,19,1,0,4,103,269,264,57,15,2,0,0,0,0,2,0,2,3,2,4,0,0,0,0,1,1,1,0,0,0,0,0,2,0,1,0,0,0,0,0,0,0,0,0,0,0,0,0,4,0,0,0,0,0,1,0,0,0,0,0
0,0,0,0,1,0,0,0,0,0,0,0,0,0,0,0,0,0,0,0,0,0,0,0,0,0,0,0,0,0,0,0,0,0,0,0,0,1,0,0,0,0,0,4,0,0,0,0,0,0,0,1,0,0,0,0,0,0,0,0,0,0,0,0,0,0,0,0,0,0,0,0,0,1,0,1,0,0,1,2,0,0,0,0,0,0,0,0,0,0,0,0,0,0,29,4840,16,245,0,338,57,1781,73,0,0,0,57,1693,14,173,25,19,3,9,107,280,383,104,14,2,0,0,0,0,0,4,5,2,4,2,0,1,0,1,1,3,0,0,1,1,0,2,1,1,1,1,0,0,1,3,0,0,0,0,0,0,0,0,6,1,2,0,0,0,3,1,0,0,3,0
0,0,0,0,0,0,0,0,0,0,0,0,0,0,0,0,0,0,0,0,0,0,0,0,0,0,0,0,0,0,0,0,0,0,0,0,0,0,1,0,0,0,3,0,0,0,0,0,0,0,0,0,0,0,0,0,0,0,0,0,0,0,0,0,0,0,0,0,0,0,0,0,0,0,0,0,0,0,0,0,0,0,0,0,0,0,0,0,0,0,0,0,0,0,126,0,47,0,19,2,138,1,110,0,0,0,53,0,23,2,4,1,0,0,2,8,20,1,0,2,0,0,0,0,1,1,0,2,0,0,0,0,0,0,1,0,0,0,0,0,1,0,0,0,0,1,0,0,0,0,0,0,0,0,0,0,0,0,0,0,0,0,0,0,0,0,0,0,2,0
