0,60,1333,31,1937,29,1160,22,419,4,0,0,423,2,242,90,0,0,5,12,0,0,0,0,0,0,0,0,0,0,0,0,235,0,0,0,184,81,1,0,9,0,3,0,0,0,6,0,8,3,0,0,15,0,77,0,1,0,0,0,3083,12,77,2,121,1,366,3,238,6,80,7,601,16,287,14,234,21,124,4,0,0,9,0,418,0,7,0,274,0,0,0,6,0,0,0,0,1,1,1,2,0,0,0,0,1,1,2,2,0,1,1,1,1,0,0,0,0,0,0,2,0,10,0,11,1,158,9,33,3,42,0,8,0,130,0,25,0,1,0,1,0,4,0,161,4,11,0,4,0,0,0,0,1,173,46,0,0,0,1,0,1,11,1,4,0,6,3,7,4
60,0,6,953,4,1486,9,913,3,94,0,0,2,551,24,749,0,0,0,7,0,0,0,0,0,0,0,0,0,0,0,0,10,57,0,0,13,382,3,2,5,1,1,1,0,0,1,2,1,12,1,1,0,15,2,45,0,1,0,0,46,2823,4,26,3,50,8,372,2,201,5,90,36,592,78,517,6,286,5,87,0,0,0,8,2,82,0,0,1,84,0,0,0,0,0,0,0,1,0,1,0,0,0,0,0,0,1,0,1,1,1,0,0,0,0,0,0,0,0,0,0,1,0,5,1,9,8,112,2,40,2,35,0,2,5,20,0,7,0,1,0,4,1,3,2,47,2,20,0,6,0,0,0,0,4,32,0,0,0,0,0,0,0,4,0,0,1,1,0,2
1333,6,0,67,6411,112,283,13,912,31,315,0,31,5,957,39,52,18,2138,172,546,31,229,1,218,1,216,1,116,0,147,0,403,7,0,0,142,47,5,0,11,0,0,1,3,0,2,1,12,0,1,0,0,0,6,0,0,0,3,0,41,1,36,0,11,0,3,1,8,0,77,0,97,1,646,42,663,35,69,3,0,0,1,0,17,0,58,0,4,1,3,0,24,0,2,0,0,0,0,0,1,0,0,0,0,0,1,0,1,0,0,0,0,3,1,0,0,0,0,0,6,0,4,0,20,2,49,1,10,1,18,2,6,1,110,3,7,2,0,0,2,0,1,1,103,1,6,0,1,0,11,42,88,105,686,135,36,4,1,0,0,0,5,0,6,0,3,0,2,4
31,953,67,0,49,6272,12,281,38,339,3,153,3,39,47,1344,3,47,69,2854,8,305,2,42,0,114,0,216,0,28,4,17,14,142,0,0,5,154,0,2,0,6,0,0,0,2,0,3,0,4,0,0,0,1,0,5,0,2,0,5,4,56,0,12,1,2,0,45,0,7,2,124,1,78,107,596,14,446,4,47,0,0,0,2,2,14,1,11,1,12,0,0,0,1,0,0,0,0,0,3,1,0,0,0,0,0,2,1,1,0,1,0,1,0,0,0,0,0,0,0,1,2,1,0,2,25,6,44,1,7,1,9,1,2,5,14,0,3,0,0,0,1,0,2,11,20,0,6,0,2,10,24,31,104,10,258,10,13,0,1,0,0,0,3,0,0,0,1,0,1
1937,4,6411,49,0,62,532,15,2651,23,502,1,57,3,129,27,22,15,176,109,23,21,86,0,167,0,368,0,105,0,486,0,334,4,0,0,31,29,0,0,14,0,4,0,3,0,1,0,1,0,1,0,3,0,8,0,1,0,1,0,81,1,8,0,18,0,55,2,41,1,17,0,30,0,621,30,582,29,52,4,0,0,0,0,56,1,54,0,34,0,3,0,19,0,0,0,0,0,2,0,0,0,2,0,0,0,0,0,1,0,0,0,0,0,0,0,0,0,0,0,0,0,3,0,29,2,26,1,10,0,9,0,6,0,64,3,7,0,0,0,0,0,2,0,64,1,2,0,1,0,2,28,30,48,232,90,14,1,0,0,0,0,6,1,8,0,1,0,3,1
29,1486,112,6272,62,0,44,1449,60,3006,4,659,5,83,54,439,9,24,56,755,12,98,4,35,0,81,0,476,0,50,3,65,15,266,0,0,9,136,0,2,1,7,0,2,0,2,0,0,0,1,1,3,0,3,0,9,0,1,0,2,6,108,1,8,0,10,0,130,0,40,2,24,4,26,210,1114,32,626,9,70,0,0,0,4,1,36,4,16,0,22,0,0,0,1,0,0,0,0,1,1,0,0,0,1,1,0,0,0,0,0,1,0,0,1,0,0,0,0,0,0,0,0,0,2,7,23,7,35,2,9,0,13,1,1,17,27,3,6,0,0,0,4,0,1,20,18,0,3,1,1,6,42,24,92,20,196,11,7,0,0,0,0,0,13,0,0,0,1,1,1
1160,9,283,12,532,44,0,16,2188,13,15,0,889,3,248,60,0,0,28,23,0,0,0,0,0,0,0,0,0,0,0,0,429,1,0,0,32,21,0,0,1,0,0,0,0,0,0,0,0,0,0,0,1,0,2,1,0,0,0,0,163,0,7,0,13,0,65,4,9,0,13,0,40,4,99,17,93,16,27,3,0,0,15,0,108,0,92,0,11,0,0,0,1,0,0,0,0,0,0,1,0,0,0,0,0,0,1,0,0,0,0,0,0,0,0,0,0,0,0,0,0,0,5,0,4,0,27,2,1,0,7,1,0,1,20,2,4,0,1,0,0,1,0,0,23,1,0,0,1,1,0,0,0,2,129,62,0,0,0,0,0,0,2,1,1,1,0,1,1,0
22,913,13,281,15,1449,16,0,5,3117,0,167,2,657,25,341,0,0,2,73,0,1,0,0,0,0,0,1,0,0,0,0,7,996,0,0,3,89,0,0,1,0,0,0,0,0,1,0,0,1,0,0,0,1,0,1,0,0,1,1,5,128,2,4,1,3,3,264,1,2,1,12,4,16,46,482,8,555,4,39,0,0,0,10,0,40,0,0,0,5,0,0,0,1,0,0,0,0,1,1,0,0,0,0,0,0,0,0,1,1,0,0,0,0,0,0,0,0,0,1,0,0,0,2,1,10,0,56,1,15,0,11,0,3,4,12,0,6,0,2,0,2,0,4,1,26,1,4,0,1,0,0,0,1,4,47,0,0,0,1,0,0,1,7,0,0,0,0,0,0
419,3,912,38,2651,60,2188,5,0,16,1290,1,325,1,110,15,0,0,139,67,3,6,0,0,0,0,0,0,1,0,82,0,953,2,0,0,25,24,0,0,23,0,3,0,1,0,0,0,1,0,4,0,0,0,3,0,1,0,15,0,59,1,4,0,3,0,11,2,8,0,6,0,31,1,487,32,402,13,42,2,0,0,8,0,39,0,91,0,9,0,2,0,27,0,0,0,0,0,0,0,0,0,0,0,0,0,0,0,0,0,0,0,0,0,0,0,0,0,0,0,1,0,4,0,11,0,8,1,6,0,8,1,4,0,45,5,11,0,0,0,1,0,0,0,46,2,3,0,1,0,0,1,12,15,160,71,0,0,1,0,0,0,3,1,4,0,0,0,0,1
4,94,31,339,23,3006,13,3117,16,0,1,871,0,142,13,123,0,1,12,215,2,0,0,0,0,1,0,2,0,0,0,2,5,666,0,0,1,55,0,0,0,1,0,0,0,1,1,0,0,0,0,0,2,0,1,0,0,1,0,0,1,28,0,2,0,0,1,59,0,1,0,8,0,4,51,634,8,690,2,52,0,0,0,6,1,14,1,1,1,0,0,0,0,0,1,1,0,0,0,0,0,0,0,0,0,0,0,0,1,1,0,0,0,0,0,0,0,0,0,0,0,1,0,2,1,28,1,43,0,4,0,8,0,1,3,21,0,8,1,1,0,2,0,3,1,15,0,7,0,2,0,1,4,17,9,78,1,1,0,0,0,0,0,7,1,0,2,1,1,1
0,0,315,3,502,4,15,0,1290,1,0,1,1,0,2,0,34,8,51,7,33,1,31,0,76,0,92,0,1361,0,1429,0,436,0,0,0,0,0,0,0,10,0,0,0,3,0,0,0,0,0,0,0,0,0,0,0,0,0,4,0,1,0,0,0,0,0,0,0,0,1,0,0,2,0,112,0,285,2,2,0,0,0,0,0,1,1,319,0,3,0,4,0,13,0,0,0,0,0,0,0,0,0,0,0,0,0,0,0,0,0,0,0,0,0,0,0,0,0,0,0,0,0,0,0,2,0,0,0,1,0,0,0,0,0,4,0,0,0,0,0,0,0,0,0,2,0,0,0,0,0,2,3,6,9,10,3,7,0,0,0,0,0,0,0,1,0,0,0,0,1
0,0,0,153,1,659,0,167,1,871,1,0,0,1,0,1,2,28,1,21,2,54,0,27,0,59,0,490,0,658,0,482,0,635,0,0,0,0,0,0,0,9,0,1,0,2,0,0,0,0,0,0,0,0,0,0,0,0,0,2,0,0,0,0,0,0,0,0,0,0,0,0,0,0,0,150,1,301,0,4,0,0,0,0,0,6,0,23,0,13,0,0,0,7,0,0,0,0,0,0,0,0,0,0,0,0,0,0,0,0,0,0,0,0,0,0,0,0,0,0,0,0,0,0,0,1,0,0,0,0,0,0,0,0,0,1,0,0,0,0,0,0,0,0,0,1,0,0,0,0,3,15,0,8,0,11,1,5,0,0,0,0,0,1,0,0,0,0,0,0
423,2,31,3,57,5,889,2,325,0,1,0,0,0,47,13,0,0,7,3,0,0,0,0,0,0,0,0,0,0,0,0,950,0,0,0,9,4,2,0,3,0,1,1,0,0,3,1,7,0,1,0,8,0,48,1,1,0,1,0,809,0,10,0,21,0,299,1,49,0,18,1,16,0,40,2,142,4,46,0,0,0,363,0,641,0,31,0,89,0,0,0,4,0,0,0,0,1,2,1,1,0,3,0,0,0,0,2,0,0,0,0,0,1,0,0,0,0,0,0,0,0,1,0,3,0,15,0,45,0,12,0,1,0,9,0,3,0,0,0,0,0,0,0,21,2,3,0,6,0,0,0,0,1,20,7,0,0,0,0,0,0,2,1,1,0,1,0,1,0
2,551,5,39,3,83,3,657,1,142,0,1,0,0,4,64,0,0,1,29,0,0,0,0,0,0,0,0,0,0,0,0,5,1429,0,0,1,36,0,0,0,4,0,0,0,0,1,0,0,0,0,1,1,1,0,3,0,0,0,1,0,1246,0,3,0,0,1,988,0,4,2,14,2,6,18,203,3,492,0,25,0,0,1,371,0,386,0,1,0,15,0,0,0,0,0,0,0,2,1,1,0,0,0,0,0,0,2,0,0,0,0,0,1,0,0,0,0,0,0,0,1,0,0,0,1,5,1,18,2,15,1,5,0,0,0,3,0,1,0,0,0,0,0,2,0,11,0,3,0,3,0,0,0,0,0,17,0,1,0,0,1,0,0,3,0,0,0,0,0,0
242,24,957,47,129,54,248,25,110,13,2,0,47,4,0,95,0,0,898,28,0,1,0,0,0,0,0,0,0,0,0,0,93,1,0,0,2263,66,9,1,3,0,0,0,0,0,1,0,7,0,1,1,2,0,1,0,0,0,2,0,34,2,38,0,4,1,7,5,4,0,374,3,1039,5,175,25,84,24,67,5,0,0,1,0,8,3,13,0,2,0,0,0,1,0,1,0,0,1,1,0,0,0,0,0,1,0,0,0,1,0,0,0,2,0,0,0,0,0,0,0,1,0,10,0,13,0,74,7,8,0,16,1,4,0,86,0,10,0,1,0,1,1,1,0,123,2,6,1,4,0,0,0,0,1,963,114,0,0,1,1,1,0,3,0,3,0,2,0,6,2
90,749,39,1344,27,439,60,341,15,123,0,1,13,64,95,0,0,0,1,677,0,0,0,0,0,0,0,0,0,0,0,0,29,41,0,0,24,2690,0,5,4,6,0,1,0,0,1,4,2,21,2,2,0,1,2,2,0,1,0,0,65,83,4,14,1,2,4,81,1,11,14,460,47,1182,114,426,25,333,15,87,0,0,0,4,4,18,0,0,4,8,0,0,0,0,0,0,1,2,1,1,0,0,0,0,0,1,2,1,1,1,0,0,0,0,0,0,0,0,0,0,0,0,2,8,1,18,24,98,5,33,5,24,1,4,18,27,11,2,0,0,0,3,2,6,22,39,1,15,0,3,0,0,0,2,13,392,0,1,0,0,0,0,0,10,0,0,2,1,2,0
0,0,52,3,22,9,0,0,0,0,34,2,0,0,0,0,0,201,58,13,329,8,918,5,42,0,11,1,50,0,18,0,48,1,0,0,0,0,0,0,8,1,74,0,20,0,0,0,0,0,0,0,0,0,0,0,0,0,0,0,0,0,0,0,0,0,0,0,0,0,0,0,0,0,201,2,340,5,23,0,0,0,0,0,0,0,3,0,0,1,0,0,1,0,0,0,0,0,0,0,0,0,0,0,0,0,0,0,0,0,0,0,0,0,0,0,0,0,0,0,0,0,0,0,1,1,1,0,0,0,1,0,0,0,1,1,0,0,0,0,0,0,0,0,0,0,0,0,0,0,55,23,76,9,14,3,858,17,0,0,0,0,1,0,0,0,0,0,0,0
0,0,18,47,15,24,0,0,0,1,8,28,0,0,0,0,201,0,22,65,9,701,200,464,0,180,0,54,2,90,6,11,0,122,0,0,0,0,0,0,0,3,0,0,0,26,0,0,0,0,0,0,0,0,0,0,0,0,0,0,0,0,0,0,0,0,0,0,0,0,0,0,0,0,446,69,8,212,0,7,0,0,0,0,0,4,1,34,0,3,0,0,0,2,0,1,0,0,1,0,0,0,0,0,0,0,0,0,0,1,0,0,0,0,0,0,0,0,0,0,0,0,0,0,0,4,0,1,0,0,0,0,0,1,0,0,0,1,0,0,0,0,0,0,0,0,0,0,0,0,44,357,16,14,1,51,17,886,0,0,0,0,0,1,0,0,0,0,0,0
5,0,2138,69,176,56,28,2,139,12,51,1,7,1,898,1,58,22,0,149,389,39,58,1,20,1,1,1,17,0,13,0,65,0,0,0,701,28,5,0,4,0,0,0,0,0,0,0,1,0,0,0,0,0,1,0,0,0,0,0,7,0,2,0,2,0,2,0,0,0,13,0,5,0,378,46,148,34,8,1,0,0,0,0,0,0,7,0,1,0,0,0,4,0,1,0,0,0,0,0,0,0,1,0,0,0,0,0,0,0,0,0,0,0,0,0,0,0,0,1,0,0,1,0,8,2,4,1,3,0,1,0,1,0,12,2,1,0,0,0,0,0,1,0,10,1,1,0,0,0,38,44,936,158,1626,79,38,1,0,0,0,0,2,2,0,1,0,0,0,0
12,7,172,2854,109,755,23,73,67,215,7,21,3,29,28,677,13,65,149,0,39,656,8,51,2,41,1,32,3,4,8,3,19,60,0,0,8,675,0,1,0,2,1,0,0,0,0,0,0,0,0,1,0,0,1,0,0,0,1,0,0,4,2,0,1,0,0,8,1,0,1,5,3,1,155,507,39,260,5,20,0,0,0,0,0,5,3,4,0,0,0,0,1,2,0,0,0,0,0,2,0,0,0,0,0,0,0,0,0,0,0,1,0,0,0,0,0,0,0,0,0,0,1,1,2,10,4,19,2,1,0,3,0,0,10,6,1,4,0,0,0,0,1,0,9,13,0,3,1,2,33,71,79,1034,24,512,43,24,0,0,0,0,0,3,0,0,0,0,0,0
0,0,546,8,23,12,0,0,3,2,33,2,0,0,0,0,329,9,389,39,0,14,1263,1,105,2,67,1,52,0,10,0,37,1,0,0,1,1,0,0,1,0,1,0,0,0,0,0,0,0,0,0,0,0,0,0,0,0,1,0,0,0,0,0,0,0,0,0,0,0,0,0,0,0,215,5,82,10,0,0,0,0,0,0,0,0,5,0,0,0,0,0,0,0,0,0,0,0,0,0,0,0,0,0,0,0,0,0,0,0,0,0,0,0,0,0,0,0,0,0,0,0,0,0,0,0,0,0,0,0,0,0,0,0,0,0,0,0,0,0,0,0,0,0,0,0,0,0,0,0,238,28,212,28,50,18,334,0,0,0,0,0,0,0,0,0,0,0,0,0
0,0,31,305,21,98,0,1,6,0,1,54,0,0,1,0,8,701,39,656,14,0,69,1122,0,282,0,180,0,18,2,11,2,111,0,0,0,1,0,0,0,5,0,0,0,4,0,0,0,0,0,0,0,0,0,0,0,0,0,1,0,0,0,0,0,0,0,0,0,0,0,0,0,0,28,240,5,189,0,0,0,0,0,0,0,1,0,22,0,7,0,3,0,3,0,0,0,0,0,0,0,0,0,0,0,0,0,0,0,0,0,0,0,0,0,0,0,0,0,0,0,0,0,0,0,1,0,0,0,0,0,0,0,0,2,0,0,0,0,0,0,0,0,0,0,0,0,0,0,0,12,296,25,254,1,38,5,263,0,0,0,0,0,0,0,0,0,0,0,0
0,0,229,2,86,4,0,0,0,0,31,0,0,0,0,0,918,200,58,8,1263,69,0,637,1313,3,105,4,133,0,20,0,55,0,0,0,0,0,0,0,0,0,2,0,0,0,0,0,0,0,0,0,0,0,0,0,0,0,0,0,0,0,0,0,0,0,0,0,0,0,0,0,0,0,29,2,133,3,1,0,0,0,0,0,0,0,1,0,0,0,0,0,1,0,0,0,0,0,0,0,0,0,0,0,0,0,0,0,0,0,0,0,0,0,0,0,0,0,0,0,1,0,0,0,0,0,0,0,0,0,0,0,0,0,0,0,0,0,0,0,0,0,0,0,0,0,0,0,0,0,39,8,55,3,20,1,501,101,0,0,0,0,0,0,0,0,0,0,0,0
0,0,1,42,0,35,0,0,0,0,0,27,0,0,0,0,5,464,1,51,1,1122,637,0,0,1618,0,189,0,83,0,7,0,114,0,0,0,0,0,0,0,0,0,0,0,0,0,0,0,0,0,0,0,0,0,0,0,0,0,0,0,0,0,0,0,0,0,0,0,0,0,0,0,0,0,58,0,242,0,0,0,0,0,0,0,0,0,5,0,2,0,0,0,0,0,0,0,0,0,0,0,0,0,0,0,0,0,0,0,0,0,0,0,0,0,0,0,0,0,0,0,0,0,0,0,0,0,0,0,0,0,0,0,0,0,0,0,0,0,0,0,0,0,0,0,0,0,0,0,0,1,14,1,20,0,2,0,292,0,0,0,0,0,0,0,0,0,0,0,0
0,0,218,0,167,0,0,0,0,0,76,0,0,0,0,0,42,0,20,2,105,0,1313,0,0,0,709,0,710,0,12,0,85,0,0,0,0,0,0,0,0,0,0,0,0,0,0,0,0,0,0,0,0,0,0,0,0,0,0,0,0,0,0,0,0,0,0,0,0,0,0,0,0,0,13,0,57,0,0,0,0,0,0,0,0,0,10,0,0,0,0,0,0,0,0,0,0,0,0,0,0,0,0,0,0,0,0,0,0,0,0,0,0,0,0,0,0,0,0,0,0,0,0,0,0,0,0,0,0,0,0,0,0,0,0,0,0,0,0,0,0,0,0,0,0,0,0,0,0,0,3,0,4,1,1,0,30,0,0,0,0,0,0,0,0,0,0,0,0,0
0,0,1,114,0,81,0,0,0,1,0,59,0,0,0,0,0,180,1,41,2,282,3,1618,0,0,0,543,0,155,1,5,0,244,0,0,0,0,0,0,0,1,0,0,0,3,0,0,0,0,0,0,0,0,0,0,0,0,0,1,0,0,0,0,0,0,0,0,0,0,0,0,0,0,0,35,0,120,0,0,0,0,0,0,0,0,0,23,0,5,0,0,0,0,0,1,0,0,0,0,0,0,0,0,0,0,0,0,0,0,0,0,0,0,0,0,0,0,0,0,0,0,0,0,0,0,0,0,0,0,0,0,0,0,0,0,0,0,0,0,0,0,0,0,0,0,0,0,0,0,1,3,3,6,0,1,0,31,0,0,0,0,0,0,0,0,0,0,0,0
0,0,216,0,368,0,0,0,0,0,92,0,0,0,0,0,11,0,1,1,67,0,105,0,709,0,0,0,241,0,83,0,30,0,0,0,0,0,0,0,0,0,1,0,0,0,0,0,0,0,0,0,0,0,0,0,0,0,0,0,0,0,0,0,0,0,0,0,0,0,0,0,0,0,13,0,23,0,0,0,0,0,0,0,0,0,4,0,0,0,0,0,0,0,0,0,0,0,0,0,0,0,0,0,0,0,0,0,0,0,0,0,0,0,0,0,0,0,0,0,0,0,0,0,0,0,0,0,0,0,0,0,0,0,0,0,0,0,0,0,0,0,0,0,0,0,0,0,0,0,0,0,1,0,3,0,12,0,0,0,0,0,0,0,0,0,0,0,0,0
0,0,1,216,0,476,0,1,0,2,0,490,0,0,0,0,1,54,1,32,1,180,4,189,0,543,0,0,1,210,0,502,0,188,0,0,0,0,0,0,0,1,0,0,0,2,0,0,0,0,0,0,0,0,0,0,0,0,0,2,0,0,0,0,0,0,0,1,0,0,0,0,0,0,1,20,0,57,0,2,0,0,0,0,0,0,0,25,0,2,0,3,0,0,0,0,0,0,0,0,0,0,0,0,0,0,0,0,0,0,0,0,0,0,0,0,0,0,0,0,0,0,0,0,0,0,0,0,0,0,0,0,0,0,0,0,0,0,0,0,0,0,0,0,0,0,0,0,0,0,1,8,2,13,0,3,1,5,0,0,0,0,0,0,0,0,0,0,0,0
0,0,116,0,105,0,0,0,1,0,1361,0,0,0,0,0,50,2,17,3,52,0,133,0,710,0,241,1,0,0,299,0,655,0,0,0,0,0,0,0,5,0,17,0,0,0,0,0,0,0,1,0,0,0,0,0,0,0,1,0,0,0,0,0,0,0,0,0,0,0,0,0,0,0,103,0,135,2,0,0,0,0,0,0,0,0,296,0,1,0,1,0,3,0,0,0,0,0,0,0,0,0,0,0,0,0,0,0,0,0,0,0,0,0,0,0,0,0,0,0,0,0,0,0,0,0,0,0,0,0,0,0,0,0,0,0,0,0,0,0,0,0,0,0,0,0,0,0,0,0,6,0,3,3,1,0,58,0,0,0,0,0,0,0,0,0,0,0,0,0
0,0,0,28,0,50,0,0,0,0,0,658,0,0,0,0,0,90,0,4,0,18,0,83,0,155,0,210,0,0,0,537,0,905,0,0,0,1,0,0,0,1,0,1,0,2,0,0,0,0,0,0,0,0,0,0,0,0,0,2,0,0,0,0,0,0,0,0,0,0,0,0,0,0,0,25,0,30,0,0,0,0,0,0,0,3,0,57,0,16,0,21,0,5,0,1,0,0,0,0,0,0,0,0,0,0,0,0,0,0,0,0,0,0,0,0,0,0,0,0,0,0,0,0,0,0,0,0,0,0,0,0,0,0,0,0,0,0,0,0,0,0,0,0,0,0,0,0,0,0,0,6,0,0,0,1,0,5,0,0,0,0,0,0,0,0,0,0,0,0
0,0,147,4,486,3,0,0,82,0,1429,0,0,0,0,0,18,6,13,8,10,2,20,0,12,1,83,0,299,0,0,0,102,0,0,0,0,0,0,0,2,0,2,0,1,0,0,0,0,0,0,0,0,0,0,0,0,0,1,0,0,0,0,0,0,0,0,0,0,0,0,0,1,0,59,0,150,5,2,0,0,0,0,0,0,0,52,0,0,0,5,0,4,0,0,0,0,0,0,0,0,0,0,0,0,0,0,0,0,0,0,0,0,0,0,0,0,0,0,0,0,0,0,0,0,0,0,0,0,0,0,0,0,0,0,0,0,0,0,0,0,0,0,0,0,0,0,0,0,0,1,7,4,4,0,0,7,0,0,0,0,0,0,0,0,0,0,0,0,0
0,0,0,17,0,65,0,0,0,2,0,482,0,0,0,0,0,11,0,3,0,11,0,7,0,5,0,502,0,537,0,0,0,24,0,0,0,0,0,0,0,0,0,0,0,0,0,0,0,0,0,0,0,0,0,0,0,0,0,2,0,0,0,0,0,0,0,0,0,0,0,0,0,0,0,34,0,36,0,0,0,0,0,0,0,1,0,3,0,2,0,1,0,1,0,1,0,0,0,0,0,0,0,0,0,0,0,0,0,0,0,0,0,0,0,0,0,0,0,0,0,0,0,0,0,0,0,0,0,0,0,0,0,0,0,0,0,0,0,0,0,0,0,0,0,0,0,0,0,0,1,5,0,0,0,0,0,0,0,0,0,0,0,0,0,0,0,0,0,0
235,10,403,14,334,15,429,7,953,5,436,0,950,5,93,29,48,0,65,19,37,2,55,0,85,0,30,0,655,0,102,0,0,3,0,0,34,19,37,4,243,9,41,2,131,0,42,4,35,4,150,0,30,2,129,3,42,0,135,0,360,2,29,1,106,0,162,4,49,6,89,13,66,7,307,11,1556,18,47,3,0,0,375,1,495,6,752,0,190,5,39,0,178,0,9,1,1,1,4,1,1,2,31,0,0,3,0,0,2,2,1,0,1,1,0,0,0,0,0,0,2,0,2,0,10,1,35,2,45,1,14,0,0,0,29,2,5,1,13,0,10,0,15,0,93,2,11,0,6,0,0,2,5,8,54,23,19,0,0,0,1,0,8,3,1,2,2,0,2,1
0,57,7,142,4,266,1,996,2,666,0,635,0,1429,1,41,1,122,0,60,1,111,0,114,0,244,0,188,0,905,0,24,3,0,0,0,2,19,5,31,1,226,0,60,0,148,23,48,8,62,5,97,4,41,6,122,2,77,3,157,1,109,1,4,0,3,0,228,1,39,4,74,0,5,9,265,5,3622,2,43,0,0,0,84,2,608,0,557,2,344,0,29,0,96,4,23,1,0,0,1,0,1,0,23,0,0,0,2,0,1,0,0,0,0,2,4,0,0,0,0,0,1,0,0,0,7,0,10,0,19,0,4,0,0,1,8,0,2,0,3,1,5,0,8,1,40,0,5,0,4,0,5,3,13,2,18,2,16,0,0,1,1,0,10,0,0,0,1,0,0
0,0,0,0,0,0,0,0,0,0,0,0,0,0,0,0,0,0,0,0,0,0,0,0,0,0,0,0,0,0,0,0,0,0,0,0,0,0,0,0,0,0,0,0,0,0,0,0,0,0,0,0,0,0,0,0,0,0,0,0,0,0,0,0,0,0,0,0,0,0,0,0,0,0,0,0,0,0,0,0,0,0,0,0,0,0,0,0,0,0,0,0,0,0,0,0,0,0,0,0,0,0,0,0,0,0,0,0,0,0,0,0,0,0,0,0,0,0,0,0,0,0,0,0,0,0,0,0,0,0,0,0,0,0,0,0,0,0,0,0,0,0,0,0,0,0,0,0,0,0,0,0,0,0,0,0,0,0,0,0,0,0,0,0,0,0,0,0,0,0
0,0,0,0,0,0,0,0,0,0,0,0,0,0,0,0,0,0,0,0,0,0,0,0,0,0,0,0,0,0,0,0,0,0,0,0,0,0,0,0,0,0,0,0,0,0,0,0,0,0,0,0,0,0,0,0,0,0,0,0,0,0,0,0,0,0,0,0,0,0,0,0,0,0,0,0,0,0,0,0,0,0,0,0,0,0,0,0,0,0,0,0,0,0,0,0,0,0,0,0,0,0,0,0,0,0,0,0,0,0,0,0,0,0,0,0,0,0,0,0,0,0,0,0,0,0,0,0,0,0,0,0,0,0,0,0,0,0,0,0,0,0,0,0,0,0,0,0,0,0,0,0,0,0,0,0,0,0,0,0,0,0,0,0,0,0,0,0,0,0
184,13,142,5,31,9,32,3,25,1,0,0,9,1,2263,24,0,0,701,8,1,0,0,0,0,0,0,0,0,0,0,0,34,2,0,0,0,260,815,4,1,0,0,0,0,0,55,19,117,2,20,15,6,0,13,1,0,0,1,0,207,1,19,0,18,0,12,1,8,2,2394,12,1154,10,98,5,56,7,44,0,0,0,1,1,5,2,0,0,6,0,0,0,1,0,0,0,0,1,1,1,1,0,0,0,0,0,0,0,0,0,0,0,1,0,2,0,0,0,0,0,0,0,1,0,1,0,38,2,28,1,18,0,1,0,27,0,3,0,0,0,0,0,0,0,37,0,4,0,8,0,0,0,9,5,1022,29,0,0,0,0,0,0,3,0,1,0,2,0,1,0
81,382,47,154,29,136,21,89,24,55,0,0,4,36,66,2690,0,0,28,675,1,1,0,0,0,0,0,0,0,1,0,0,19,19,0,0,260,0,25,670,10,7,1,0,1,0,123,28,26,61,26,83,7,7,9,18,0,0,0,1,118,181,5,27,9,5,9,59,7,23,117,1446,191,450,134,339,11,215,8,90,0,0,2,7,6,19,2,0,3,11,0,0,0,0,0,1,0,0,1,1,5,0,1,0,0,0,0,0,0,0,0,0,0,0,12,0,0,0,0,2,0,0,1,0,4,10,2,73,2,40,2,37,0,1,8,10,2,5,0,1,0,1,1,4,17,41,1,16,0,3,0,0,2,87,83,1039,0,2,0,0,0,0,0,10,1,0,0,1,1,0
1,3,5,0,0,0,0,0,0,0,0,0,2,0,9,0,0,0,5,0,0,0,0,0,0,0,0,0,0,0,0,0,37,5,0,0,815,25,0,18,80,7,1,1,0,0,417,45,427,15,94,38,155,4,148,6,17,9,3,0,1,1,27,1,7,0,0,2,19,5,1009,46,1,1,7,3,39,7,18,1,0,0,16,3,49,4,0,0,102,5,0,0,8,0,1,0,1,1,2,1,4,0,1,0,1,1,0,0,2,0,0,1,0,2,1,0,0,0,0,0,0,0,0,0,0,0,2,0,15,1,6,1,2,0,4,0,0,0,1,0,0,0,3,0,30,0,0,0,1,1,0,0,1,1,67,0,0,0,0,1,0,0,0,1,1,0,2,0,0,0
0,2,0,2,0,2,0,0,0,0,0,0,0,0,1,5,0,0,0,1,0,0,0,0,0,0,0,0,0,0,0,0,4,31,0,0,4,670,18,0,16,77,0,3,0,1,113,199,59,278,28,153,35,58,19,173,4,46,1,13,0,1,3,2,0,0,0,5,2,47,44,775,0,1,1,11,6,67,0,6,0,0,2,19,8,51,0,0,13,86,0,0,1,21,1,9,1,1,2,1,3,0,0,6,0,0,0,0,1,0,0,0,0,0,26,1,0,0,0,0,1,0,1,1,0,2,1,6,1,8,1,3,0,1,0,4,0,2,2,5,0,8,0,2,2,23,1,1,2,1,0,0,0,0,0,5,0,0,0,0,0,0,0,4,0,0,0,0,0,0
9,5,11,0,14,1,1,1,23,0,10,0,3,0,3,4,8,0,4,0,1,0,0,0,0,0,0,0,5,0,2,0,243,1,0,0,1,10,80,16,0,14,1226,7,415,0,60,41,22,17,404,23,23,6,60,6,14,5,510,3,7,2,4,7,5,1,3,2,5,6,126,59,0,2,83,3,805,15,243,5,0,0,5,2,153,8,479,0,120,5,237,0,245,0,6,9,10,18,28,9,43,2,11,6,12,4,31,15,24,10,11,2,1,8,2,2,2,0,1,3,6,0,7,0,57,0,12,4,11,4,12,1,33,0,58,3,5,1,113,2,22,2,39,0,284,6,4,1,1,0,0,0,0,0,1,0,74,4,6,3,3,3,95,12,9,0,14,4,9,7
0,1,0,6,0,7,0,0,0,1,0,9,0,4,0,6,1,3,0,2,0,5,0,0,0,1,0,1,0,1,0,0,9,226,0,0,0,7,7,77,14,0,4,1381,0,587,23,45,10,41,18,250,8,18,14,63,4,41,0,815,0,4,1,1,1,0,1,3,1,8,12,229,0,3,3,110,7,1273,8,391,0,0,1,15,5,233,0,499,6,265,0,223,1,419,0,15,3,4,6,14,0,15,0,18,3,4,5,7,4,6,4,0,0,1,1,3,0,1,0,0,0,19,0,6,2,80,2,79,1,40,0,9,1,17,0,25,0,3,0,274,1,48,0,54,5,261,0,8,0,9,0,1,0,1,0,2,3,192,1,0,1,5,4,225,0,4,1,3,6,0
3,1,0,0,4,0,0,0,3,0,0,0,1,0,0,0,74,0,0,1,1,0,2,0,0,0,1,0,17,0,2,0,41,0,0,0,0,1,1,0,1226,4,0,7,490,0,39,0,5,1,1253,2,1,1,6,0,10,0,1197,0,1,1,2,0,0,0,0,0,1,0,46,7,0,0,3,7,45,5,12,8,0,0,1,1,44,1,65,0,37,1,107,0,223,0,49,9,82,18,21,15,110,3,26,7,113,8,245,28,77,19,68,4,0,6,8,4,4,2,2,2,0,0,0,0,0,0,5,8,7,2,0,1,0,0,3,3,1,0,1,1,1,0,0,1,11,3,1,1,0,0,0,0,0,0,2,0,12,0,9,6,12,1,39,7,0,2,13,8,0,1
0,1,1,0,0,2,0,0,0,0,0,1,1,0,0,1,0,0,0,0,0,0,0,0,0,0,0,0,0,1,0,0,2,60,0,0,0,0,1,3,7,1381,7,0,0,272,1,10,2,7,4,1253,2,0,2,11,0,24,1,1194,3,0,3,0,2,0,2,0,0,0,10,18,0,2,2,7,3,122,10,36,0,0,0,1,4,41,0,292,4,113,0,777,0,229,2,55,0,84,3,82,3,176,1,54,2,20,20,47,6,33,6,8,1,2,29,7,2,3,0,1,0,0,0,0,0,3,7,12,3,5,1,1,0,0,0,2,2,1,1,7,0,5,0,7,5,13,0,1,0,0,0,1,0,0,0,1,0,2,1,3,1,13,13,45,0,0,0,7,0,0
0,0,3,0,3,0,0,0,1,0,3,0,0,0,0,0,20,0,0,0,0,0,0,0,0,0,0,0,0,0,1,0,131,0,0,0,0,1,0,0,415,0,490,0,0,0,0,0,0,0,3,0,0,0,0,0,0,0,15,0,1,0,0,0,1,0,1,0,2,0,1,0,1,0,47,0,452,0,125,0,0,0,0,0,0,0,480,0,3,0,34,0,12,0,0,0,1,0,3,0,1,0,0,0,0,0,0,0,3,0,0,0,0,1,0,0,0,0,0,0,4,0,1,0,45,0,5,0,4,0,4,0,16,0,28,5,0,0,4,0,1,0,3,0,18,1,1,0,0,0,0,0,0,0,0,0,110,1,1,0,0,0,6,1,5,0,2,1,2,2
0,0,0,2,0,2,0,0,0,1,0,2,0,0,0,0,0,26,0,0,0,4,0,0,0,3,0,2,0,2,0,0,0,148,0,0,0,0,0,1,0,587,0,272,0,0,0,0,0,0,0,5,0,0,0,0,0,4,0,89,0,0,0,0,0,0,0,0,0,0,0,3,0,0,1,14,0,643,2,78,0,0,0,0,0,9,0,1464,0,79,0,201,0,134,0,5,0,0,0,0,0,0,0,2,0,0,0,1,0,0,0,0,1,0,0,1,0,0,0,0,0,0,0,0,0,10,0,2,0,0,0,2,0,2,0,0,0,0,0,4,0,0,0,0,0,2,0,0,0,0,0,0,0,0,0,0,1,106,0,1,0,0,0,1,0,0,0,0,1,0
6,1,2,0,1,0,0,1,0,1,0,0,3,1,1,1,0,0,0,0,0,0,0,0,0,0,0,0,0,0,0,0,42,23,0,0,55,123,417,113,60,23,39,1,0,0,0,2728,3275,920,3214,1638,1304,78,1678,52,195,89,120,34,1,0,3,1,3,1,1,2,7,3,1420,232,1,1,0,1,28,30,12,6,0,0,46,10,78,19,0,1,88,35,0,0,22,12,647,276,58,1,3,1,26,0,134,206,1,1,2,3,0,1,0,2,1,1,11,126,19,0,0,0,0,2,1,0,0,0,1,1,5,1,0,2,0,0,2,3,0,1,0,3,0,0,0,0,23,7,1,1,1,0,0,0,0,0,6,1,0,0,0,0,0,2,1,1,0,0,2,0,2,0
0,2,1,3,0,0,0,0,0,0,0,0,1,0,0,4,0,0,0,0,0,0,0,0,0,0,0,0,0,0,0,0,4,48,0,0,19,28,45,199,41,45,0,10,0,0,2728,0,648,3230,413,1873,60,714,34,619,4,722,1,81,1,1,0,1,1,0,0,1,0,1,173,677,0,0,4,2,0,59,0,9,0,0,1,15,0,60,0,0,7,115,0,0,1,56,4,57,0,0,1,1,8,0,0,15,0,0,1,0,0,0,0,0,0,0,103,13,2,0,0,0,0,0,0,0,0,0,0,2,0,3,1,0,0,0,0,3,0,0,0,7,1,4,0,2,1,13,0,0,0,1,0,0,0,0,0,1,0,1,0,0,0,0,0,0,0,0,0,0,0,0
8,1,12,0,1,0,0,0,1,0,0,0,7,0,7,2,0,0,1,0,0,0,0,0,0,0,0,0,0,0,0,0,35,8,0,0,117,26,427,59,22,10,5,2,0,0,3275,648,0,1007,321,65,2754,20,314,26,17,24,6,2,6,0,170,2,25,0,8,3,14,4,1695,144,0,0,7,1,51,18,16,4,0,0,27,4,46,12,0,0,68,16,0,0,8,3,3,5,0,2,0,1,1,0,3,3,0,0,0,0,1,0,1,0,0,1,0,2,0,0,0,0,0,0,0,0,0,0,2,1,14,1,4,0,0,0,1,1,0,0,0,0,1,0,0,0,20,5,4,0,0,1,0,0,0,0,11,1,0,0,0,0,0,0,2,2,0,0,2,0,1,0
3,12,0,4,0,1,0,1,0,0,0,0,0,0,0,21,0,0,0,0,0,0,0,0,0,0,0,0,0,0,0,0,4,62,0,0,2,61,15,278,17,41,1,7,0,0,920,3230,1007,0,97,379,23,2483,17,461,3,114,2,31,0,19,3,37,3,2,0,15,0,117,39,1610,0,8,1,10,3,87,2,17,0,0,2,21,5,79,0,0,9,106,0,0,3,36,3,13,0,2,0,0,2,0,0,7,0,0,0,1,0,1,0,0,0,0,7,1,1,0,0,0,0,0,0,1,0,3,0,7,0,17,0,3,0,0,0,1,0,0,0,4,0,2,0,3,3,18,0,0,0,3,0,0,0,0,0,0,0,0,0,0,0,0,0,5,0,0,0,1,0,1
0,1,1,0,1,1,0,0,4,0,0,0,1,0,1,2,0,0,0,0,0,0,0,0,0,0,0,0,1,0,0,0,150,5,0,0,20,26,94,28,404,18,1253,4,3,0,3214,413,321,97,0,738,359,6,938,8,1374,22,1565,10,5,0,0,1,3,0,1,1,3,3,525,149,0,0,8,0,91,9,14,3,0,0,22,6,239,8,15,0,310,7,4,0,144,4,1687,9,170,4,9,3,352,1,1579,19,0,2,3,1,1,1,3,0,0,5,28,153,1,0,0,1,0,0,1,0,1,0,3,1,8,0,4,0,0,0,8,0,1,0,7,1,3,2,8,1,64,5,1,0,3,0,0,0,0,0,3,0,0,0,2,0,0,0,2,3,2,0,6,0,3,0
0,1,0,0,0,3,0,0,0,0,0,0,0,1,1,2,0,0,0,1,0,0,0,0,0,0,0,0,0,0,0,0,0,97,0,0,15,83,38,153,23,250,2,1253,0,5,1638,1873,65,379,738,0,38,69,16,72,7,1337,2,1580,0,1,0,0,0,0,0,2,1,2,88,521,0,1,0,35,2,158,0,41,0,0,1,19,0,136,0,1,4,143,0,0,1,47,77,1255,16,3,0,60,21,841,1,1345,0,0,1,3,0,2,0,0,2,36,622,1024,41,0,1,0,0,4,0,0,0,9,0,18,1,37,0,16,0,1,0,8,0,3,0,28,0,22,0,10,0,53,0,3,0,4,0,0,0,0,5,0,0,1,1,3,0,2,1,13,0,1,0,3,13,2
15,0,0,0,3,0,1,0,0,2,0,0,8,1,2,0,0,0,0,0,0,0,0,0,0,0,0,0,0,0,0,0,30,4,0,0,6,7,155,35,23,8,1,2,0,0,1304,60,2754,23,359,38,0,9,3447,10,23,12,7,1,4,1,146,0,233,0,7,5,192,3,624,29,1,1,1,0,41,9,25,1,0,0,33,6,72,6,1,0,96,9,0,0,8,2,4,5,1,2,2,0,2,0,1,0,0,1,1,2,2,0,0,0,0,0,0,2,0,0,0,0,0,0,0,0,1,0,1,0,14,1,1,0,0,0,3,0,2,0,0,1,2,0,1,0,21,5,1,1,1,0,0,0,0,0,3,0,0,0,1,0,2,0,4,0,1,0,4,0,0,0
0,15,0,1,0,3,0,1,0,0,0,0,0,1,0,1,0,0,0,0,0,0,0,0,0,0,0,0,0,0,0,0,2,41,0,0,0,7,4,58,6,18,1,0,0,0,78,714,20,2483,6,69,9,0,7,2339,0,95,1,20,0,7,1,61,0,1,1,6,2,380,9,466,0,1,0,5,4,46,2,7,0,0,1,24,1,76,0,0,8,115,0,0,0,28,0,5,1,0,0,0,1,0,0,2,0,1,0,0,0,0,0,1,0,0,1,1,0,0,0,0,0,0,0,0,0,1,0,6,0,13,0,3,0,0,0,0,0,1,0,4,0,1,1,1,1,10,0,3,0,0,0,0,0,0,0,0,0,0,0,0,0,1,0,2,0,0,0,0,0,0
77,2,6,0,8,0,2,0,3,1,0,0,48,0,1,2,0,0,1,1,0,0,0,0,0,0,0,0,0,0,0,0,129,6,0,0,13,9,148,19,60,14,6,2,0,0,1678,34,314,17,938,16,3447,7,0,20,2861,18,393,3,27,2,307,4,728,1,11,4,1436,6,237,38,1,1,16,4,116,16,41,2,0,0,137,5,502,12,17,0,3538,16,0,0,458,3,235,4,5,3,6,2,3,0,83,0,0,2,4,4,5,8,1,0,0,1,2,0,0,0,0,0,0,0,5,0,1,0,5,0,35,2,5,0,1,1,2,3,2,0,0,1,2,0,4,0,56,6,7,2,5,0,0,0,0,0,5,0,0,0,2,2,2,1,3,4,0,1,3,2,2,0
0,45,0,5,0,9,1,1,0,0,0,0,1,3,0,2,0,0,0,0,0,0,0,0,0,0,0,0,0,0,0,0,3,122,0,0,1,18,6,173,6,63,0,11,0,0,52,619,26,461,8,72,10,2339,20,0,0,894,0,102,1,35,0,5,0,6,1,25,0,912,15,400,0,1,3,9,6,136,0,19,0,0,3,78,5,384,0,9,5,2545,0,0,2,473,1,28,0,0,0,0,0,1,0,10,0,0,2,2,0,0,2,1,0,0,0,3,0,0,0,0,0,0,0,1,0,1,1,11,3,27,1,2,0,0,0,4,0,0,0,7,0,7,0,6,3,25,0,2,0,1,0,0,0,0,0,1,0,0,1,0,0,0,0,9,0,0,0,0,1,0
1,0,0,0,1,0,0,0,1,0,0,0,1,0,0,0,0,0,0,0,0,0,0,0,0,0,0,0,0,0,0,0,42,2,0,0,0,0,17,4,14,4,10,0,0,0,195,4,17,3,1374,7,23,0,2861,0,0,1,2125,0,1,0,2,0,3,0,2,0,22,1,7,4,0,0,3,0,15,2,8,0,0,0,11,1,104,1,5,0,711,2,3,0,1463,0,2081,0,13,1,0,1,0,0,296,0,0,0,0,1,0,0,2,0,0,0,1,0,0,0,0,0,0,0,0,0,0,0,1,0,0,0,0,0,0,0,0,0,0,0,1,0,0,0,0,0,7,0,0,0,0,1,0,0,0,0,0,0,0,0,0,0,0,0,1,0,0,0,0,0,1,0
0,1,0,2,0,1,0,0,0,1,0,0,0,0,0,1,0,0,0,0,0,0,0,0,0,0,0,0,0,0,0,0,0,77,0,0,0,0,9,46,5,41,0,24,0,4,89,722,24,114,22,1337,12,95,18,894,1,0,1,848,0,1,0,0,0,0,0,2,0,1,9,36,0,0,0,0,0,84,1,6,0,0,0,14,0,108,0,6,0,163,0,0,0,775,1,282,0,1,0,0,0,0,0,45,0,0,0,0,0,0,0,0,0,0,0,3,0,0,0,0,0,0,0,2,0,1,0,0,0,2,0,0,0,0,0,1,0,0,0,2,0,1,0,1,0,2,0,0,0,0,0,0,0,0,0,0,0,0,0,0,0,0,0,4,0,0,0,0,0,0
0,0,3,0,1,0,0,1,15,0,4,0,1,0,2,0,0,0,0,1,1,0,0,0,0,0,0,0,1,0,1,0,135,3,0,0,1,0,3,1,510,0,1197,1,15,0,120,1,6,2,1565,2,7,1,393,0,2125,1,0,0,0,1,0,0,2,0,1,0,4,1,20,5,1,0,12,0,114,0,13,0,0,0,10,0,321,0,291,0,338,0,991,0,2806,0,1066,0,13,0,1,0,62,0,1059,0,1,2,0,0,1,1,1,0,0,0,1,0,0,0,0,0,0,0,2,0,5,0,0,0,2,0,0,0,0,0,7,0,0,0,1,0,1,0,3,0,20,0,1,0,0,0,0,0,0,0,1,1,1,0,0,0,0,0,1,0,0,0,1,0,0,0
0,0,0,5,0,2,0,1,0,0,0,2,0,1,0,0,0,0,0,0,0,1,0,0,0,1,0,2,0,2,0,2,0,157,0,0,0,1,0,13,3,815,0,1194,0,89,34,81,2,31,10,1580,1,20,3,102,0,848,0,0,0,0,0,0,0,0,0,0,0,0,4,16,0,0,0,9,0,285,0,34,0,0,0,2,0,132,0,261,1,466,0,693,0,2862,4,712,0,2,0,14,0,79,0,1265,0,0,0,0,0,0,0,0,0,0,7,90,2,0,0,0,0,0,0,0,0,2,0,1,0,0,0,0,0,1,0,0,0,1,0,12,0,2,0,1,0,6,0,0,0,0,0,0,0,0,0,0,0,2,0,0,0,0,0,0,0,0,0,0,0,0
3083,46,41,4,81,6,163,5,59,1,1,0,809,0,34,65,0,0,7,0,0,0,0,0,0,0,0,0,0,0,0,0,360,1,0,0,207,118,1,0,7,0,1,3,1,0,1,1,6,0,5,0,4,0,27,1,1,0,0,0,0,8,1086,1,1892,0,1156,4,142,0,893,15,1355,33,259,9,349,5,250,1,0,0,102,0,321,0,2,0,227,0,0,0,13,0,0,1,1,1,6,1,8,1,0,0,1,1,2,1,4,3,0,0,0,0,0,0,0,0,0,1,3,0,9,0,14,0,202,1,143,2,89,1,4,0,164,4,19,0,0,0,1,0,2,0,107,0,16,1,14,0,0,0,0,0,26,1,1,0,4,0,0,0,15,1,10,0,8,0,7,5
12,2823,1,56,1,108,0,128,1,28,0,0,0,1246,2,83,0,0,0,4,0,0,0,0,0,0,0,0,0,0,0,0,2,109,0,0,1,181,1,1,2,4,1,0,0,0,0,1,0,19,0,1,1,7,2,35,0,1,1,0,8,0,2,934,5,522,10,2414,3,224,41,421,29,1301,16,292,4,571,4,162,0,0,1,23,3,58,0,0,4,27,0,0,0,0,0,0,0,0,1,2,0,0,0,0,1,0,2,1,0,1,1,0,3,1,0,0,0,0,0,1,0,0,0,1,0,7,3,128,1,146,0,44,1,4,1,45,0,6,0,2,0,4,0,7,5,101,0,39,0,14,0,0,0,0,0,5,0,1,0,0,0,4,0,12,0,0,1,1,1,0
77,4,36,0,8,1,7,2,4,0,0,0,10,0,38,4,0,0,2,2,0,0,0,0,0,0,0,0,0,0,0,0,29,1,0,0,19,5,27,3,4,1,2,3,0,0,3,0,170,3,0,0,146,1,307,0,2,0,0,0,1086,2,0,1,1365,2,15,3,112,3,2124,14,51,2,28,0,38,6,41,2,0,0,4,0,15,3,0,0,11,2,0,0,2,0,0,3,0,3,3,0,0,0,0,0,0,1,0,2,2,1,1,0,0,0,0,0,0,0,0,0,0,0,1,0,3,0,20,2,40,1,13,0,1,0,11,0,2,0,0,0,1,0,1,0,25,0,6,0,4,0,0,0,1,0,14,1,0,0,0,0,1,0,6,0,0,0,0,0,1,1
2,26,0,12,0,8,0,4,0,2,0,0,0,3,0,14,0,0,0,0,0,0,0,0,0,0,0,0,0,0,0,0,1,4,0,0,0,27,1,2,7,1,0,0,0,0,1,1,2,37,1,0,0,61,4,5,0,0,0,0,1,934,1,0,2,585,1,39,1,615,8,1530,3,141,1,18,0,31,0,15,0,0,1,1,1,3,0,0,2,6,0,0,0,0,0,0,0,0,0,0,1,0,0,0,0,0,0,0,0,0,0,0,0,0,0,0,0,0,0,0,0,0,0,0,0,1,0,9,0,13,0,4,0,0,0,2,0,0,0,0,0,1,0,1,0,10,0,3,1,2,0,0,0,0,0,0,0,0,0,0,0,0,0,0,0,0,0,0,0,0
121,3,11,1,18,0,13,1,3,0,0,0,21,0,4,1,0,0,2,1,0,0,0,0,0,0,0,0,0,0,0,0,106,0,0,0,18,9,7,0,5,1,0,2,1,0,3,1,25,3,3,0,233,0,728,0,3,0,2,0,1892,5,1365,2,0,1,1223,3,1725,0,131,15,5,3,72,2,124,0,109,1,0,0,8,0,12,3,0,0,31,0,0,0,3,0,0,1,0,0,1,1,3,0,0,1,3,2,1,1,4,0,3,1,0,2,0,1,0,0,0,0,0,0,3,0,9,0,54,5,83,4,34,0,1,0,31,0,3,0,0,0,0,0,0,0,28,2,7,2,9,1,0,0,1,0,3,0,2,0,0,1,2,0,7,1,1,0,2,3,1,0
1,50,0,2,0,10,0,3,0,0,0,0,0,0,1,2,0,0,0,0,0,0,0,0,0,0,0,0,0,0,0,0,0,3,0,0,0,5,0,0,1,0,0,0,0,0,1,0,0,2,0,0,0,1,1,6,0,0,0,0,0,522,2,585,1,0,0,594,0,722,2,24,0,3,1,5,0,30,0,5,0,0,0,0,1,9,0,0,2,3,0,0,0,0,0,0,0,0,0,0,0,0,0,0,0,0,0,0,0,0,0,0,0,0,0,0,0,0,0,0,0,0,0,0,0,0,0,2,0,2,0,1,0,0,0,0,0,0,0,0,0,0,0,1,0,2,0,1,0,1,0,0,0,0,0,0,0,0,0,0,0,0,0,0,0,0,0,0,0,0
366,8,3,0,55,0,65,3,11,1,0,0,299,1,7,4,0,0,2,0,0,0,0,0,0,0,0,0,0,0,0,0,162,0,0,0,12,9,0,0,3,1,0,2,1,0,1,0,8,0,1,0,7,1,11,1,2,0,1,0,1156,10,15,1,1223,0,0,4,400,2,34,14,2,3,49,3,87,3,68,2,0,0,8,1,748,0,0,0,290,2,0,0,4,0,0,1,0,2,1,2,1,0,0,0,1,0,1,2,2,1,2,0,0,1,0,0,1,0,0,0,0,0,1,0,9,0,30,1,47,0,23,1,2,0,19,0,0,0,1,0,0,0,0,0,19,1,2,2,8,1,0,0,0,0,1,0,0,1,0,0,0,0,2,2,0,0,0,1,0,0
3,372,1,45,2,130,4,264,2,59,0,0,1,988,5,81,0,0,0,8,0,0,0,0,0,0,0,1,0,0,0,0,4,228,0,0,1,59,2,5,2,3,0,0,0,0,2,1,3,15,1,2,5,6,4,25,0,2,0,0,4,2414,3,39,3,594,4,0,3,437,8,126,2,10,10,129,5,343,1,45,0,0,1,17,3,1064,0,0,2,86,0,0,0,0,0,0,0,1,0,3,0,0,0,0,0,0,0,0,0,1,1,0,0,0,0,0,0,0,0,0,0,0,0,1,0,6,0,36,2,56,1,19,0,1,1,9,1,2,0,0,0,2,0,5,4,54,1,9,1,6,0,0,0,0,1,8,0,2,0,1,0,1,1,8,0,0,0,1,0,0
238,2,8,0,41,0,9,1,8,0,0,0,49,0,4,1,0,0,0,1,0,0,0,0,0,0,0,0,0,0,0,0,49,1,0,0,8,7,19,2,5,1,1,0,2,0,7,0,14,0,3,1,192,2,1436,0,22,0,4,0,142,3,112,1,1725,0,400,3,0,2,67,12,2,1,20,2,45,2,17,1,0,0,50,0,133,5,0,0,1381,1,0,0,41,0,0,0,0,3,0,0,0,0,1,0,0,1,1,2,0,2,0,0,0,0,0,0,0,0,0,0,0,0,0,0,1,0,4,0,31,0,7,0,2,0,5,1,1,0,0,0,0,0,2,0,23,1,3,0,3,0,0,0,0,0,3,1,0,0,1,0,0,0,3,1,0,0,2,0,0,1
6,201,0,7,1,40,0,2,0,1,1,0,0,4,0,11,0,0,0,0,0,0,0,0,0,0,0,0,0,0,0,0,6,39,0,0,2,23,5,47,6,8,0,0,0,0,3,1,4,117,3,2,3,380,6,912,1,1,1,0,0,224,3,615,0,722,2,437,2,0,10,372,0,1,2,29,10,97,2,21,0,0,2,10,3,201,1,0,6,883,0,0,2,4,0,2,0,0,2,1,0,0,1,0,1,0,0,0,0,3,0,0,0,0,0,0,0,0,0,0,0,0,0,1,0,0,0,15,1,33,0,4,0,1,0,4,0,1,0,2,0,3,0,6,5,29,0,8,0,3,0,0,0,0,0,2,0,0,0,2,0,3,0,4,0,0,1,0,1,0
80,5,77,2,17,2,13,1,6,0,0,0,18,2,374,14,0,0,13,1,0,0,0,0,0,0,0,0,0,0,0,0,89,4,0,0,2394,117,1009,44,126,12,46,10,1,0,1420,173,1695,39,525,88,624,9,237,15,7,9,20,4,893,41,2124,8,131,2,34,8,67,10,0,670,974,9,76,6,114,20,73,8,0,0,25,4,81,13,6,0,92,7,0,0,6,2,4,2,0,2,6,6,5,0,5,0,0,0,0,3,0,3,2,2,1,1,3,0,0,0,0,1,0,0,3,0,3,0,51,5,77,6,28,0,4,0,40,3,4,0,0,1,3,1,4,0,79,15,12,1,15,0,0,0,3,0,80,1,1,0,0,1,1,0,3,4,3,0,5,2,0,3
7,90,0,124,0,24,0,12,0,8,0,0,1,14,3,460,0,0,0,5,0,0,0,0,0,0,0,0,0,0,0,0,13,74,0,0,12,1446,46,775,59,229,7,18,0,3,232,677,144,1610,149,521,29,466,38,400,4,36,5,16,15,421,14,1530,15,24,14,126,12,372,670,0,3,664,17,156,22,305,7,90,0,0,6,16,23,118,0,0,29,160,0,0,3,21,1,7,0,1,2,5,14,1,2,4,0,1,2,4,2,3,0,2,0,1,72,1,0,0,0,0,0,2,1,3,0,9,3,56,11,93,4,25,0,0,4,10,0,4,1,10,1,12,1,14,19,153,3,13,0,14,0,0,0,0,5,21,0,1,1,0,0,0,2,24,0,0,0,1,1,0
601,36,97,1,30,4,40,4,31,0,2,0,16,2,1039,47,0,0,5,3,0,0,0,0,0,0,0,0,0,0,1,0,66,0,0,0,1154,191,1,0,0,0,0,0,1,0,1,0,0,0,0,0,1,0,1,0,0,0,1,0,1355,29,51,3,5,0,2,2,2,0,974,3,0,45,154,3,67,2,49,0,0,0,1,0,5,1,1,0,2,0,0,0,0,0,0,0,0,2,2,1,0,0,0,1,0,0,0,0,1,2,1,0,0,1,0,0,0,0,0,0,1,0,9,0,6,0,79,3,13,1,18,1,2,0,81,1,11,0,0,0,1,0,1,0,57,2,2,0,4,0,0,0,0,0,80,3,0,0,1,0,0,0,3,1,1,0,3,1,4,2
16,592,1,78,0,26,4,16,1,4,0,0,0,6,5,1182,0,0,0,1,0,0,0,0,0,0,0,0,0,0,0,0,7,5,0,0,10,450,1,1,2,3,0,2,0,0,1,0,0,8,0,1,1,1,1,1,0,0,0,0,33,1301,2,141,3,3,3,10,1,1,9,664,45,0,18,180,8,115,7,55,0,0,0,0,0,2,0,0,4,4,0,0,0,0,0,0,0,0,1,1,0,0,0,0,0,0,0,0,0,1,1,0,0,0,0,0,0,0,0,0,0,0,0,1,2,3,3,71,2,25,1,15,0,2,3,8,0,3,0,0,0,1,0,3,4,31,0,19,0,6,0,0,0,0,0,4,0,1,0,0,0,0,1,7,0,0,1,1,0,0
287,78,646,107,621,210,99,46,487,51,112,0,40,18,175,114,201,446,378,155,215,28,29,0,13,0,13,1,103,0,59,0,307,9,0,0,98,134,7,1,83,3,3,2,47,1,0,4,7,1,8,0,1,0,16,3,3,0,12,0,259,16,28,1,72,1,49,10,20,2,76,17,154,18,0,136,2876,90,774,15,0,0,3,2,22,3,24,0,9,0,5,0,20,1,1,1,0,2,10,0,6,1,0,0,2,1,1,2,3,4,0,0,0,5,0,0,0,0,0,0,95,15,82,0,147,4,377,11,139,5,95,6,16,1,625,56,44,2,5,1,2,0,8,1,620,9,39,3,25,0,12,107,83,73,141,82,190,22,5,0,2,0,24,5,21,1,7,4,15,4
14,517,42,596,30,1114,17,482,32,634,0,150,2,203,25,426,2,69,46,507,5,240,2,58,0,35,0,20,0,25,0,34,11,265,0,0,5,339,3,11,3,110,7,7,0,14,1,2,1,10,0,35,0,5,4,9,0,0,0,9,9,292,0,18,2,5,3,129,2,29,6,156,3,180,136,0,14,3549,2,1358,0,0,0,12,2,33,0,20,3,26,0,3,0,8,1,2,2,4,6,21,1,0,0,0,2,1,6,6,4,9,3,1,7,7,0,0,0,0,0,2,0,74,0,77,1,490,3,1094,3,398,1,256,0,23,4,396,0,110,0,13,0,36,0,68,5,861,0,168,0,97,8,57,15,166,7,200,5,388,2,7,1,11,1,92,2,7,4,7,19,5
234,6,663,14,582,32,93,8,402,8,285,1,142,3,84,25,340,8,148,39,82,5,133,0,57,0,23,0,135,0,150,0,1556,5,0,0,56,11,39,6,805,7,45,3,452,0,28,0,51,3,91,2,41,4,116,6,15,0,114,0,349,4,38,0,124,0,87,5,45,10,114,22,67,8,2876,14,0,21,1939,7,0,0,46,4,144,3,166,0,195,5,26,0,109,0,8,10,3,6,22,9,12,3,17,7,5,3,10,8,11,9,6,0,1,6,1,0,1,0,0,1,25,1,16,0,155,3,114,3,123,4,64,0,25,0,239,18,18,0,15,2,11,0,17,1,233,3,28,0,15,1,3,11,15,18,73,40,567,6,9,0,2,0,38,9,16,3,11,5,16,7
21,286,35,446,29,626,16,555,13,690,2,301,4,492,24,333,5,212,34,260,10,189,3,242,0,120,0,57,2,30,5,36,18,3622,0,0,7,215,7,67,15,1273,5,122,0,643,30,59,18,87,9,158,9,46,16,136,2,84,0,285,5,571,6,31,0,30,3,343,2,97,20,305,2,115,90,3549,21,0,4,1285,0,0,2,57,6,379,2,444,10,310,0,27,3,154,1,32,1,1,4,13,3,5,0,20,1,4,5,3,4,5,2,0,1,3,1,10,1,0,1,0,0,19,1,6,0,196,5,169,3,133,2,71,0,15,8,66,2,16,0,39,0,45,0,29,6,199,1,53,0,23,9,30,16,75,8,106,6,755,0,1,1,2,3,57,1,2,0,6,7,1
124,5,69,4,52,9,27,4,42,2,2,0,46,0,67,15,23,0,8,5,0,0,1,0,0,0,0,0,0,0,2,0,47,2,0,0,44,8,18,0,243,8,12,10,125,2,12,0,16,2,14,0,25,2,41,0,8,1,13,0,250,4,41,0,109,0,68,1,17,2,73,7,49,7,774,2,1939,4,0,8,0,0,15,0,48,0,19,0,21,0,12,0,30,0,7,15,5,9,31,5,17,4,4,5,9,6,15,13,22,6,4,3,3,15,2,0,0,1,0,3,6,0,3,0,103,1,72,2,53,4,28,4,38,0,127,8,9,0,1,0,13,0,9,1,81,4,4,0,11,0,0,0,0,0,34,8,96,5,11,5,9,0,154,10,31,1,31,9,45,12
4,87,3,47,4,70,3,39,2,52,0,4,0,25,5,87,0,7,1,20,0,0,0,0,0,0,0,2,0,0,0,0,3,43,0,0,0,90,1,6,5,391,8,36,0,78,6,9,4,17,3,41,1,7,2,19,0,6,0,34,1,162,2,15,1,5,2,45,1,21,8,90,0,55,15,1358,7,1285,8,0,0,0,0,11,1,37,0,21,3,23,0,8,0,10,1,6,6,11,4,34,3,1,0,4,6,7,10,11,8,16,6,9,2,3,0,2,0,1,0,0,0,38,0,8,1,530,0,127,4,65,1,80,0,27,1,70,0,8,0,26,0,51,0,24,3,114,0,13,0,14,0,1,1,4,0,10,3,264,3,10,0,19,5,187,0,6,3,12,20,3
0,0,0,0,0,0,0,0,0,0,0,0,0,0,0,0,0,0,0,0,0,0,0,0,0,0,0,0,0,0,0,0,0,0,0,0,0,0,0,0,0,0,0,0,0,0,0,0,0,0,0,0,0,0,0,0,0,0,0,0,0,0,0,0,0,0,0,0,0,0,0,0,0,0,0,0,0,0,0,0,0,0,0,0,0,0,0,0,0,0,0,0,0,0,0,0,0,0,0,0,0,0,0,0,0,0,0,0,0,0,0,0,0,0,0,0,0,0,0,0,0,0,0,0,0,0,0,0,0,0,0,0,0,0,0,0,0,0,0,0,0,0,0,0,0,0,0,0,0,0,0,0,0,0,0,0,0,0,0,0,0,0,0,0,0,0,0,0,0,0
0,0,0,0,0,0,0,0,0,0,0,0,0,0,0,0,0,0,0,0,0,0,0,0,0,0,0,0,0,0,0,0,0,0,0,0,0,0,0,0,0,0,0,0,0,0,0,0,0,0,0,0,0,0,0,0,0,0,0,0,0,0,0,0,0,0,0,0,0,0,0,0,0,0,0,0,0,0,0,0,0,0,0,0,0,0,0,0,0,0,0,0,0,0,0,0,0,0,0,0,0,0,0,0,0,0,0,0,0,0,0,0,0,0,0,0,0,0,0,0,0,0,0,0,0,0,0,0,0,0,0,0,0,0,0,0,0,0,0,0,0,0,0,0,0,0,0,0,0,0,0,0,0,0,0,0,0,0,0,0,0,0,0,0,0,0,0,0,0,0
9,0,1,0,0,0,15,0,8,0,0,0,363,1,1,0,0,0,0,0,0,0,0,0,0,0,0,0,0,0,0,0,375,0,0,0,1,2,16,2,5,1,1,0,0,0,46,1,27,2,22,1,33,1,137,3,11,0,10,0,102,1,4,1,8,0,8,1,50,2,25,6,1,0,3,0,46,2,15,0,0,0,0,1,196,1,1,0,80,1,0,0,2,0,2,1,0,0,0,0,1,0,1,0,0,0,2,0,1,0,1,0,1,0,0,0,0,0,0,0,0,0,1,0,0,0,0,0,20,0,4,1,0,0,4,1,0,0,0,0,0,0,1,0,26,3,2,0,1,0,0,0,0,0,0,0,0,0,0,0,1,0,1,0,0,0,1,0,1,0
0,8,0,2,0,4,0,10,0,6,0,0,0,371,0,4,0,0,0,0,0,0,0,0,0,0,0,0,0,0,0,0,1,84,0,0,1,7,3,19,2,15,1,1,0,0,10,15,4,21,6,19,6,24,5,78,1,14,0,2,0,23,0,1,0,0,1,17,0,10,4,16,0,0,2,12,4,57,0,11,0,0,1,0,4,896,0,3,0,100,0,0,0,6,0,3,1,0,0,0,0,0,0,2,0,0,2,1,0,0,0,1,0,0,0,0,0,0,0,0,0,1,0,1,0,0,1,6,0,11,0,1,0,0,0,3,0,0,0,1,0,3,0,4,0,10,0,0,0,2,0,0,0,0,0,0,0,0,0,0,0,0,0,1,0,0,0,0,0,0
418,2,17,2,56,1,108,0,39,1,1,0,641,0,8,4,0,0,0,0,0,0,0,0,0,0,0,0,0,0,0,0,495,2,0,0,5,6,49,8,153,5,44,4,0,0,78,0,46,5,239,0,72,1,502,5,104,0,321,0,321,3,15,1,12,1,748,3,133,3,81,23,5,0,22,2,144,6,48,1,0,0,196,4,0,4,592,0,4232,3,12,0,254,0,30,3,1,1,5,1,1,0,52,1,0,2,3,2,2,0,1,1,0,0,0,0,0,0,0,0,1,0,2,0,4,0,11,0,49,4,19,0,1,0,5,1,2,1,0,0,3,0,4,1,59,1,12,1,7,0,0,0,0,0,3,1,1,0,0,0,0,0,3,0,1,0,3,1,1,1
0,82,0,14,1,36,0,40,0,14,1,6,0,386,3,18,0,4,0,5,0,1,0,0,0,0,0,0,0,3,0,1,6,608,0,0,2,19,4,51,8,233,1,41,0,9,19,60,12,79,8,136,6,76,12,384,1,108,0,132,0,58,3,3,3,9,0,1064,5,201,13,118,1,2,3,33,3,379,0,37,0,0,1,896,4,0,0,1189,4,3527,0,9,0,157,0,26,2,1,1,1,0,1,0,20,0,0,0,2,1,1,1,1,0,0,2,7,0,0,0,0,0,1,0,0,0,2,0,11,1,28,0,11,0,1,2,8,0,1,0,3,0,13,0,8,2,71,0,6,1,4,0,0,0,0,0,3,0,0,0,0,0,1,0,11,0,0,1,0,0,0
7,0,58,1,54,4,92,0,91,1,319,0,31,0,13,0,3,1,7,3,5,0,1,0,10,0,4,0,296,0,52,0,752,0,0,0,0,2,0,0,479,0,65,0,480,0,0,0,0,0,15,0,1,0,17,0,5,0,291,0,2,0,0,0,0,0,0,0,0,1,6,0,1,0,24,0,166,2,19,0,0,0,1,0,592,0,0,0,940,1,853,0,452,0,3,0,0,0,2,0,0,0,8,0,0,0,0,0,1,0,0,0,0,0,0,0,0,0,0,0,1,0,1,0,2,0,1,1,0,0,0,0,0,0,3,0,0,0,3,0,0,0,0,0,3,0,0,0,0,0,0,0,0,0,5,4,7,1,2,0,0,0,0,0,0,0,0,0,0,0
0,0,0,11,0,16,0,0,0,1,0,23,0,1,0,0,0,34,0,4,0,22,0,5,0,23,0,25,0,57,0,3,0,557,0,0,0,0,0,0,0,499,0,292,0,1464,1,0,0,0,0,1,0,0,0,9,0,6,0,261,0,0,0,0,0,0,0,0,0,0,0,0,0,0,0,20,0,444,0,21,0,0,0,3,0,1189,0,0,0,421,0,1722,0,384,0,4,0,0,0,0,0,0,0,1,0,0,0,0,1,0,1,0,0,0,0,0,0,0,0,0,0,1,0,0,0,2,0,0,0,0,0,0,0,0,0,0,0,0,0,0,0,0,0,0,0,0,0,0,0,0,0,0,0,0,0,1,0,7,0,0,0,0,0,0,0,0,0,0,0,0
274,1,4,1,34,0,11,0,9,1,3,0,89,0,2,4,0,0,1,0,0,0,0,0,0,0,0,0,1,0,0,0,190,2,0,0,6,3,102,13,120,6,37,4,3,0,88,7,68,9,310,4,96,8,3538,5,711,0,338,1,227,4,11,2,31,2,290,2,1381,6,92,29,2,4,9,3,195,10,21,3,0,0,80,0,4232,4,940,0,0,6,366,0,3320,0,33,0,2,2,1,1,4,0,69,0,0,1,1,1,2,1,0,0,0,2,0,0,0,0,0,0,0,0,2,0,3,0,2,0,20,1,5,1,2,0,4,1,1,0,1,0,2,1,3,0,49,3,6,0,0,0,0,0,0,0,2,1,0,1,0,0,0,0,0,1,1,0,0,0,3,0
0,84,1,12,0,22,0,5,0,0,0,13,0,15,0,8,1,3,0,0,0,7,0,2,0,5,0,2,0,16,0,2,5,344,0,0,0,11,5,86,5,265,1,113,0,79,35,115,16,106,7,143,9,115,16,2545,2,163,0,466,0,27,2,6,0,3,2,86,1,883,7,160,0,4,0,26,5,310,0,23,0,0,1,100,3,3527,1,421,6,0,0,401,1,4067,3,48,0,0,1,0,0,2,0,34,0,0,0,0,1,0,0,0,0,0,0,11,2,0,0,0,0,2,0,0,0,4,0,5,0,10,0,3,0,1,0,5,0,2,0,4,0,3,0,5,4,15,0,4,0,3,0,0,1,1,0,0,0,3,0,0,0,1,0,3,0,0,0,0,0,0
0,0,3,0,3,0,0,0,2,0,4,0,0,0,0,0,0,0,0,0,0,0,0,0,0,0,0,0,1,0,5,0,39,0,0,0,0,0,0,0,237,0,107,0,34,0,0,0,0,0,4,0,0,0,0,0,3,0,991,0,0,0,0,0,0,0,0,0,0,0,0,0,0,0,5,0,26,0,12,0,0,0,0,0,12,0,853,0,366,0,0,0,1663,0,1,0,0,0,0,0,0,0,1,0,0,0,0,0,0,0,0,0,0,0,0,0,0,0,0,0,0,0,0,0,0,0,0,0,0,0,0,0,0,0,1,0,0,0,2,0,0,0,0,0,0,0,0,0,0,0,0,0,1,0,0,0,1,0,0,0,0,0,0,0,0,0,0,0,0,0
0,0,0,0,0,0,0,0,0,0,0,0,0,0,0,0,0,0,0,0,0,3,0,0,0,0,0,3,0,21,0,1,0,29,0,0,0,0,0,0,0,223,0,777,0,201,0,0,0,0,0,0,0,0,0,0,0,0,0,693,0,0,0,0,0,0,0,0,0,0,0,0,0,0,0,3,0,27,0,8,0,0,0,0,0,9,0,1722,0,401,0,0,0,1569,0,1,0,0,0,0,0,0,0,0,0,0,0,0,0,0,0,0,0,0,0,0,0,0,0,0,0,0,0,0,0,0,0,0,0,0,0,0,0,0,0,0,0,0,0,0,0,0,0,0,0,0,0,0,0,0,0,0,0,0,0,0,0,0,0,0,0,0,0,0,0,0,0,0,0,0
6,0,24,0,19,0,1,0,27,0,13,0,4,0,1,0,1,0,4,1,0,0,1,0,0,0,0,0,3,0,4,0,178,0,0,0,1,0,8,1,245,1,223,0,12,0,22,1,8,3,144,1,8,0,458,2,1463,0,2806,0,13,0,2,0,3,0,4,0,41,2,6,3,0,0,20,0,109,3,30,0,0,0,2,0,254,0,452,0,3320,1,1663,0,0,0,183,0,1,0,0,0,0,0,48,0,0,0,0,0,0,0,0,0,0,0,0,0,0,0,0,0,0,0,0,0,2,0,0,0,2,0,1,0,1,0,5,1,0,0,2,0,0,0,1,1,11,0,0,0,0,0,0,0,1,0,1,0,4,0,0,1,0,0,0,1,0,0,0,0,0,0
0,0,0,1,0,1,0,1,0,0,0,7,0,0,0,0,0,2,0,2,0,3,0,0,0,0,0,0,0,5,0,1,0,96,0,0,0,0,0,21,0,419,0,229,0,134,12,56,3,36,4,47,2,28,3,473,0,775,0,2862,0,0,0,0,0,0,0,0,0,4,2,21,0,0,1,8,0,154,0,10,0,0,0,6,0,157,0,384,0,4067,0,1569,0,0,0,374,0,13,0,0,0,2,0,54,0,2,0,2,0,0,1,0,0,0,0,1,1,0,0,0,0,0,0,0,0,2,0,1,0,0,0,1,0,0,0,0,0,0,0,3,0,0,0,0,0,2,0,0,0,0,0,0,1,1,0,0,0,5,0,0,0,0,0,1,0,0,0,0,0,0
0,0,2,0,0,0,0,0,0,1,0,0,0,0,1,0,0,0,1,0,0,0,0,0,0,0,0,0,0,0,0,0,9,4,0,0,0,0,1,1,6,0,49,2,0,0,647,4,3,3,1687,77,4,0,235,1,2081,1,1066,4,0,0,0,0,0,0,0,0,0,0,4,1,0,0,1,1,8,1,7,1,0,0,2,0,30,0,3,0,33,3,1,0,183,0,0,60,8245,29,75,7,742,3,3199,48,737,7,332,21,98,7,24,0,0,4,14,51,211,31,3,1,0,0,0,0,0,1,1,1,1,0,0,0,0,0,3,1,0,1,0,0,1,0,1,0,3,1,0,0,1,0,0,0,0,0,0,0,0,0,1,1,2,0,5,2,0,0,0,2,1,0
0,0,0,0,0,0,0,0,0,1,0,0,0,0,0,0,0,1,0,0,0,0,0,0,0,1,0,0,0,1,0,1,1,23,0,0,0,1,0,9,9,15,9,55,0,5,276,57,5,13,9,1255,5,5,4,28,0,282,0,712,1,0,3,0,1,0,1,0,0,2,2,7,0,0,1,2,10,32,15,6,0,0,1,3,3,26,0,4,0,48,0,1,0,374,60,0,65,5080,11,172,14,269,8,2637,10,270,29,454,13,131,15,29,36,21,42,145,136,72,4,9,0,0,0,0,0,3,6,4,3,3,0,2,0,1,0,3,0,0,0,0,1,1,1,0,3,4,0,0,0,0,0,0,0,0,0,0,0,0,1,4,0,6,6,24,2,3,2,6,2,0
0,0,0,0,0,0,0,0,0,0,0,0,0,0,0,1,0,0,0,0,0,0,0,0,0,0,0,0,0,0,0,0,1,1,0,0,0,0,1,1,10,3,82,0,1,0,58,0,0,0,170,16,1,1,5,0,13,0,13,0,1,0,0,0,0,0,0,0,0,0,0,0,0,0,0,2,3,1,5,6,0,0,0,1,1,2,0,0,2,0,0,0,1,0,8245,65,0,25,66,12,589,5,738,27,3855,8,1277,31,126,6,28,2,2,6,36,70,125,44,13,9,0,0,0,0,0,0,3,2,2,0,0,0,0,0,1,1,0,0,0,0,0,0,0,0,2,0,0,0,0,0,0,0,0,0,0,0,0,0,6,3,2,0,5,3,0,1,2,4,0,1
1,1,0,0,0,0,0,0,0,0,0,0,1,2,1,2,0,0,0,0,0,0,0,0,0,0,0,0,0,0,0,0,1,0,0,0,1,0,1,1,18,4,18,84,0,0,1,0,2,2,4,3,2,0,3,0,1,1,0,2,1,0,3,0,0,0,2,1,3,0,2,1,2,0,2,4,6,1,9,11,0,0,0,0,1,1,0,0,2,0,0,0,0,13,29,5080,25,0,22,155,23,186,19,662,29,3264,68,2383,33,259,28,73,42,22,50,79,102,167,16,11,0,1,0,0,0,0,11,7,6,7,0,1,0,0,3,2,0,0,0,1,1,1,1,0,2,3,0,1,2,0,0,0,0,0,0,0,1,1,2,3,1,12,13,20,3,3,4,10,4,0
1,0,0,0,2,1,0,1,0,0,0,0,2,1,1,1,0,1,0,0,0,0,0,0,0,0,0,0,0,0,0,0,4,0,0,0,1,1,2,2,28,6,21,3,3,0,3,1,0,0,9,0,2,0,6,0,0,0,1,0,6,1,3,0,1,0,1,0,0,2,6,2,2,1,10,6,22,4,31,4,0,0,0,0,5,1,2,0,1,1,0,0,0,0,75,11,66,22,0,79,713,41,87,12,52,7,117,19,330,14,19,1,179,408,160,62,25,46,37,90,0,0,0,0,6,3,19,11,21,2,6,5,2,2,45,3,1,0,2,0,16,0,14,0,20,0,2,1,5,0,0,0,0,0,0,0,3,0,14,3,0,3,15,15,23,5,30,6,96,1
1,1,0,3,0,1,1,1,0,0,0,0,1,1,0,1,0,0,0,2,0,0,0,0,0,0,0,0,0,0,0,0,1,1,0,0,1,1,1,1,9,14,15,82,0,0,1,1,1,0,3,60,0,0,2,0,1,0,0,14,1,2,0,0,1,0,2,3,0,1,6,5,1,1,0,21,9,13,5,34,0,0,0,0,1,1,0,0,1,0,0,0,0,0,7,172,12,155,79,0,64,781,5,202,7,62,40,120,21,109,17,12,111,412,469,67,19,26,12,27,0,1,0,0,0,11,3,29,7,25,1,18,0,6,4,32,0,2,0,2,0,6,0,6,5,33,1,16,0,1,0,0,0,0,0,3,0,2,10,13,1,25,9,46,8,29,13,51,82,3
2,0,1,1,0,0,0,0,0,0,0,0,1,0,0,0,0,0,0,0,0,0,0,0,0,0,0,0,0,0,0,0,1,0,0,0,1,5,4,3,43,0,110,3,1,0,26,8,1,2,352,21,2,1,3,0,0,0,62,0,8,0,0,1,3,0,1,0,0,0,5,14,0,0,6,1,12,3,17,3,0,0,1,0,1,0,0,0,4,0,0,0,0,0,742,14,589,23,713,64,0,65,1432,24,374,7,492,15,171,12,43,2,85,144,1087,329,108,66,28,26,0,0,0,0,1,1,5,0,14,0,1,0,1,0,5,0,1,0,0,0,8,0,5,0,15,1,0,0,4,0,0,0,0,0,0,0,0,0,3,4,5,0,7,3,0,0,9,1,31,5
0,0,0,0,0,0,0,0,0,0,0,0,0,0,0,0,0,0,0,0,0,0,0,0,0,0,0,0,0,0,0,0,2,1,0,0,0,0,0,0,2,15,3,176,0,0,0,0,0,0,1,841,0,0,0,1,0,0,0,79,1,0,0,0,0,0,0,0,0,0,0,1,0,0,1,0,3,5,4,1,0,0,0,0,0,1,0,0,0,2,0,0,0,2,3,269,5,186,41,781,65,0,17,1573,4,30,13,54,12,47,2,66,46,290,829,373,53,45,5,26,0,0,0,0,0,1,3,3,0,0,0,0,0,1,0,1,0,0,0,0,0,0,0,0,0,0,0,0,0,0,0,0,0,0,0,0,0,0,0,2,0,5,2,5,1,0,0,4,2,0
0,0,0,0,2,0,0,0,0,0,0,0,3,0,0,0,0,0,1,0,0,0,0,0,0,0,0,0,0,0,0,0,31,0,0,0,0,1,1,0,11,0,26,1,0,0,134,0,3,0,1579,1,1,0,83,0,296,0,1059,0,0,0,0,0,0,0,0,0,1,1,5,2,0,0,0,0,17,0,4,0,0,0,1,0,52,0,8,0,69,0,1,0,48,0,3199,8,738,19,87,5,1432,17,0,35,199,7,126,18,45,4,17,0,12,18,26,741,352,92,17,3,0,0,1,0,0,0,0,0,0,0,0,0,0,0,0,0,0,0,1,1,0,0,0,0,6,0,0,1,0,0,0,0,0,1,1,0,0,0,1,0,0,0,2,1,0,0,0,0,0,0
