0,27,1298,9,2466,13,1290,3,335,3,0,0,406,0,641,46,0,0,13,0,0,0,0,0,0,0,0,0,0,0,0,0,184,5,0,0,798,104,50,2,3,0,2,0,0,0,5,0,7,0,16,0,10,1,14,0,0,0,0,0,6887,6,134,0,130,1,204,0,16,2,57,6,1331,20,420,19,161,1,69,2,0,0,14,0,116,1,0,0,13,3,0,0,3,0,0,0,0,0,11,2,8,0,0,0,4,0,3,2,1,4,3,0,0,1,0,0,0,0,0,0,2,0,4,0,8,1,146,4,58,2,38,1,2,1,65,4,2,0,0,0,3,0,3,0,135,3,24,0,10,0,0,0,3,0,166,2,0,0,12,0,0,0,2,0,14,1,0,1,1,0
27,0,17,3121,25,2582,6,1134,5,122,0,3,2,470,3,768,0,0,3,32,0,0,0,0,0,0,0,0,0,0,0,0,10,342,0,0,7,669,1,20,1,12,0,5,0,1,0,17,0,10,1,17,0,12,1,79,0,1,0,2,6,4640,1,69,3,101,1,405,0,208,2,217,9,747,47,516,7,251,0,59,0,0,0,20,2,57,0,0,0,90,0,0,0,1,0,0,0,0,1,8,1,0,0,0,0,0,1,1,1,0,1,0,0,0,0,0,0,0,0,0,0,0,0,5,0,10,7,203,1,47,2,25,0,3,1,98,2,10,0,0,0,0,0,5,3,101,0,8,0,9,0,0,2,3,12,74,0,0,0,9,0,1,0,2,0,5,0,0,0,0
1298,17,0,39,4772,55,108,19,534,23,344,0,56,3,2741,16,29,1,4397,48,798,0,519,2,541,0,143,0,67,0,7,0,622,8,0,0,1330,19,6,0,2,1,0,0,2,0,2,0,1,0,7,1,2,0,0,0,0,0,0,0,122,3,28,0,17,1,13,0,3,3,8,0,208,6,634,147,407,7,49,2,0,0,1,0,17,1,1,0,1,1,0,0,0,0,0,0,0,0,1,1,1,0,0,0,1,0,1,1,2,3,2,1,0,0,0,0,0,0,0,0,1,0,3,0,13,3,69,2,10,0,18,0,1,0,25,2,10,1,0,0,1,0,3,0,47,1,2,0,5,0,21,6,154,11,929,26,12,0,2,0,0,0,1,0,11,0,0,0,0,0
9,3121,39,0,46,6370,4,269,22,543,0,150,3,18,8,4243,1,19,44,4210,0,713,0,79,0,117,0,498,0,24,0,1,8,301,0,0,4,2065,0,1,0,2,0,1,0,0,0,1,0,2,0,2,0,5,0,11,0,0,0,0,1,89,0,4,1,7,0,34,0,25,0,71,5,251,90,1365,5,310,2,24,0,0,0,0,1,13,0,0,0,8,0,0,0,0,0,0,0,0,0,0,0,0,0,0,0,0,1,0,0,1,0,0,0,0,0,0,0,0,0,0,0,0,0,0,0,7,3,39,0,11,1,5,0,0,3,42,3,2,0,0,0,0,0,0,3,19,1,1,1,4,8,76,19,239,43,1000,2,18,0,0,0,1,0,0,1,1,0,0,0,0
2466,25,4772,46,0,75,805,36,4660,39,806,1,179,7,200,49,3,0,498,55,155,0,91,0,120,0,107,0,101,0,269,0,905,12,0,0,293,27,5,0,2,1,2,1,8,0,0,1,0,0,8,0,0,0,1,0,0,0,0,0,241,5,10,1,19,0,35,4,2,1,3,3,37,7,664,181,520,15,58,4,0,0,0,0,35,1,1,0,4,0,0,0,0,0,0,0,0,0,10,1,2,0,0,0,1,0,2,0,0,4,2,1,1,0,0,0,0,0,0,0,1,0,4,0,22,2,131,7,14,2,17,1,2,0,41,5,11,1,0,0,1,0,2,0,70,1,4,0,6,0,2,2,53,7,649,35,4,0,6,1,0,0,1,0,12,1,0,0,0,0
13,2582,55,6370,75,0,6,1202,19,2931,0,848,0,44,6,265,5,19,40,203,1,225,1,53,2,133,0,323,0,93,0,204,15,502,0,0,6,488,0,5,1,4,0,1,0,1,0,7,0,3,0,4,0,2,0,2,0,0,0,1,5,67,1,12,0,12,1,71,0,17,0,50,5,47,99,1949,14,776,3,58,0,0,0,3,1,18,0,0,0,15,0,0,0,0,0,0,0,0,1,2,0,0,0,0,0,0,0,0,0,0,0,0,0,0,0,0,0,0,0,0,0,1,2,2,0,47,2,84,0,14,1,12,0,0,2,80,0,11,0,0,0,0,0,1,2,44,0,2,0,0,1,39,35,56,54,691,0,18,1,0,0,1,0,0,0,1,0,0,0,0
1290,6,108,4,805,6,0,7,2811,2,21,0,1197,0,54,11,0,0,19,0,0,0,0,0,0,0,0,0,0,0,0,0,797,0,0,0,84,13,10,1,0,1,1,0,0,0,0,1,0,0,5,0,1,0,3,0,0,0,0,0,557,0,9,1,21,0,181,0,5,0,5,1,11,1,176,11,121,1,23,2,0,0,8,0,109,1,154,0,5,0,0,0,0,0,0,0,0,0,5,2,2,0,0,0,1,1,2,1,1,0,2,0,0,0,0,0,0,0,0,0,0,0,6,0,5,1,47,0,9,0,13,0,0,0,22,1,1,0,0,0,2,0,2,0,42,1,6,0,4,0,0,0,8,0,68,4,1,0,2,0,1,0,1,0,4,1,0,0,1,0
3,1134,19,269,36,1202,7,0,17,1447,1,27,0,1553,3,208,1,0,17,70,0,2,0,0,0,0,0,1,0,0,0,1,7,1663,0,0,3,167,3,3,0,3,0,1,0,1,0,0,0,5,0,6,0,2,0,2,0,0,0,0,0,227,0,4,1,8,0,134,0,15,0,41,0,50,30,348,2,278,0,29,0,0,0,3,0,25,0,0,0,14,0,0,0,0,0,0,0,0,0,0,0,0,0,1,1,0,0,1,0,1,0,0,0,1,0,0,0,0,0,0,0,0,0,2,0,12,2,59,0,23,1,4,0,0,0,47,0,5,0,0,0,0,0,2,0,27,0,5,0,0,1,1,3,3,15,114,0,1,0,0,0,1,0,0,1,0,0,0,0,0
335,5,534,22,4660,19,2811,17,0,12,931,0,381,1,23,20,5,0,166,21,18,0,7,0,15,0,5,0,26,0,75,0,1471,9,0,0,24,3,3,0,2,1,0,0,1,0,0,0,0,0,9,1,0,0,0,0,0,0,0,0,76,4,4,0,17,0,49,1,0,2,2,0,9,0,438,54,363,5,61,1,0,0,0,0,21,0,97,0,3,1,0,0,0,0,0,0,0,1,9,4,6,1,0,0,0,0,2,2,1,3,3,0,0,2,0,0,0,0,0,1,1,1,4,0,21,1,127,6,4,6,21,1,3,0,23,3,8,1,0,0,0,0,1,0,52,0,5,0,3,0,1,1,19,3,138,7,0,0,2,0,0,0,2,0,7,0,0,0,2,0
3,122,23,543,39,2931,2,1447,12,0,0,1472,0,62,1,85,1,2,23,151,0,26,0,2,0,1,0,8,0,17,0,57,4,1200,0,0,0,72,1,0,0,2,0,0,0,0,0,0,0,1,0,2,0,0,0,1,0,0,0,0,0,41,0,1,1,2,1,33,0,4,0,18,0,25,27,523,5,904,0,86,0,0,0,2,0,4,0,0,0,0,0,0,0,0,0,0,0,0,0,1,0,0,0,0,0,0,0,0,0,0,0,0,0,0,0,0,0,0,0,0,0,0,0,2,1,15,0,51,0,9,0,5,0,0,0,42,0,4,0,0,0,1,0,0,0,26,0,4,0,3,0,4,5,2,24,135,0,8,0,3,0,0,0,0,0,1,0,0,0,0
0,0,344,0,806,0,21,1,931,0,0,0,0,0,1,0,3,0,108,0,144,0,163,0,199,0,16,0,926,0,659,0,517,0,0,0,0,0,0,0,0,0,0,0,2,0,0,0,0,0,0,0,0,0,0,0,0,0,0,0,2,0,0,0,0,0,0,0,0,0,0,0,0,0,89,1,402,0,6,0,0,0,0,0,0,0,2,0,0,0,0,0,0,0,0,0,0,0,0,0,0,0,0,0,0,0,0,0,0,0,0,0,0,0,0,0,0,0,0,0,0,0,0,0,1,0,1,0,0,0,1,0,0,0,1,0,0,0,0,0,0,0,0,0,1,0,0,0,0,0,2,0,49,1,4,0,0,0,0,0,0,0,0,0,1,0,0,0,0,0
0,3,0,150,1,848,0,27,0,1472,0,0,0,0,0,2,0,38,0,28,0,52,0,68,0,51,0,292,0,1146,0,612,0,533,0,0,0,0,0,0,0,5,0,0,0,1,0,0,0,0,0,0,0,0,0,0,0,0,0,0,0,1,0,0,0,0,0,0,0,0,0,0,0,1,3,289,0,314,0,4,0,0,0,0,0,0,0,0,0,2,0,1,0,0,0,0,0,0,0,0,0,0,0,0,0,0,0,0,0,0,0,0,0,0,0,0,0,0,0,0,0,0,0,0,0,2,0,0,0,0,1,1,0,0,0,1,0,0,0,0,0,0,0,0,1,0,0,0,0,0,0,13,0,3,0,11,0,45,0,0,0,0,0,0,0,0,0,0,0,0
406,2,56,3,179,0,1197,0,381,0,0,0,0,0,9,3,0,0,7,1,0,0,0,0,0,0,0,0,0,0,0,0,727,4,0,0,38,11,38,1,3,1,0,0,0,0,3,1,8,0,4,1,23,0,76,0,1,0,0,0,1016,0,12,1,27,0,307,1,25,4,12,2,12,1,64,3,143,0,29,1,0,0,112,0,510,3,279,0,33,1,0,0,0,0,0,0,0,1,2,1,1,0,0,0,1,0,0,0,0,0,1,0,0,0,0,0,0,0,0,0,3,0,2,0,1,0,35,1,14,1,5,0,0,0,14,0,1,0,0,0,1,0,5,0,36,1,3,0,1,0,0,0,1,0,27,0,1,0,4,1,0,0,0,0,2,1,0,0,0,0
0,470,3,18,7,44,0,1553,1,62,0,0,0,0,0,17,0,0,3,3,0,0,0,0,0,0,0,0,0,0,0,0,0,787,0,0,0,49,0,14,0,2,0,0,0,0,0,0,0,7,1,5,0,1,1,5,0,0,0,0,1,1241,0,8,0,21,0,735,0,24,2,62,1,13,8,68,0,53,1,7,0,0,0,96,0,432,0,0,1,13,0,0,0,0,0,0,0,0,0,0,0,0,0,0,1,0,0,0,1,0,0,0,0,0,1,0,0,0,0,0,0,0,0,0,0,1,0,32,1,18,1,3,0,0,0,17,0,1,0,0,0,0,0,2,1,19,0,6,0,2,0,0,1,0,2,12,0,0,1,0,0,0,0,0,0,0,0,0,0,0
641,3,2741,8,200,6,54,3,23,1,1,0,9,0,0,295,0,0,780,14,0,0,0,0,0,0,0,0,0,0,0,0,43,1,0,0,3547,74,9,0,0,0,0,0,0,0,3,0,2,0,4,0,7,0,0,0,0,0,0,0,99,1,101,0,4,0,5,2,0,0,55,3,1493,20,91,13,26,1,8,0,0,0,1,0,2,2,0,0,0,2,0,0,0,0,0,0,0,0,3,0,0,0,0,0,0,0,1,1,1,1,1,0,0,0,0,0,0,0,0,0,0,0,1,1,2,0,23,2,8,2,8,0,0,1,6,1,0,0,0,0,0,0,0,0,24,4,7,0,2,0,0,0,0,0,312,3,0,0,0,0,0,0,0,0,2,0,0,0,0,0
46,768,16,4243,49,265,11,208,20,85,0,2,3,17,295,0,0,0,7,1195,0,0,0,0,0,0,0,1,0,0,0,0,8,47,0,0,5,4143,0,9,0,0,0,2,0,0,0,10,0,4,0,8,0,0,0,7,0,2,0,0,11,87,0,8,2,9,1,48,0,20,1,176,193,1193,71,434,8,64,2,22,0,0,0,2,1,14,0,0,0,12,0,0,0,0,0,0,0,0,1,0,1,0,0,0,0,0,0,0,0,0,2,0,0,0,0,0,0,0,0,0,1,0,0,0,0,8,1,75,3,14,0,12,0,0,4,31,0,7,0,0,0,0,1,1,10,44,1,3,3,3,0,0,0,6,16,259,0,0,0,4,0,0,0,0,1,0,0,0,0,0
0,0,29,1,3,5,0,1,5,1,3,0,0,0,0,0,0,38,49,3,52,1,425,3,49,0,0,0,25,0,0,0,459,0,0,0,0,0,0,0,1,0,0,0,38,0,0,0,0,0,0,0,0,0,0,0,0,0,0,0,0,0,0,0,0,0,0,0,0,0,0,0,0,0,306,159,373,1,22,0,0,0,0,0,6,0,6,0,3,0,2,0,2,0,0,0,0,0,0,0,0,0,0,0,0,0,0,0,0,0,0,0,0,0,0,0,0,0,0,0,0,0,0,0,0,0,0,0,0,0,0,0,0,0,0,0,0,0,0,0,0,0,0,0,0,0,0,0,0,0,208,24,181,30,77,16,982,7,0,0,0,0,2,0,1,0,0,0,0,0
0,0,1,19,0,19,0,0,0,2,0,38,0,0,0,0,38,0,3,12,1,60,7,795,0,57,0,9,0,27,0,3,1,271,0,0,0,0,0,0,0,16,0,0,0,4,0,0,0,0,0,0,0,0,0,0,0,0,0,1,0,0,0,0,0,0,0,0,0,0,0,0,0,0,25,539,1,491,0,2,0,0,0,0,0,0,0,2,0,4,0,1,0,2,0,0,0,0,0,0,0,0,0,0,0,0,0,0,0,0,0,0,0,0,0,0,0,0,0,0,0,0,0,0,0,0,0,0,0,0,0,0,0,0,0,0,0,0,0,0,0,0,0,0,0,0,0,0,0,0,2,136,3,57,1,0,2,933,0,0,0,0,0,0,0,0,0,0,0,0
13,3,4397,44,498,40,19,17,166,23,108,0,7,3,780,7,49,3,0,44,488,3,124,1,71,1,8,0,15,1,0,0,287,14,0,0,1175,7,0,0,2,0,0,0,3,0,0,0,0,0,1,0,0,0,0,0,0,0,0,0,6,2,0,0,0,0,1,0,0,0,0,1,3,2,501,138,278,4,11,1,0,0,0,0,2,0,0,0,1,1,0,0,0,0,0,0,0,0,1,0,0,0,0,0,0,0,2,0,0,0,1,0,0,0,0,0,0,0,0,0,1,0,0,0,13,2,26,2,0,0,3,0,0,0,7,3,4,0,0,0,0,0,0,0,6,0,1,0,1,0,70,16,943,16,1564,34,38,3,0,0,0,0,0,0,2,0,0,0,0,0
0,32,48,4210,55,203,0,70,21,151,0,28,1,3,14,1195,3,12,44,0,0,722,2,54,0,143,0,147,0,27,0,1,4,128,0,0,0,1175,0,0,0,1,0,0,0,0,0,0,0,0,0,1,0,0,0,0,0,0,0,0,0,7,0,0,0,0,0,8,0,3,0,1,0,1,58,450,5,105,1,3,0,0,0,0,0,1,0,0,0,2,0,0,0,0,0,0,0,0,0,1,0,0,0,0,0,0,0,0,0,0,0,0,0,0,0,0,0,0,0,0,0,1,0,0,0,8,0,8,0,1,0,0,0,0,0,2,0,0,0,0,0,0,0,0,1,2,0,0,0,0,6,55,10,1255,32,936,2,4,0,0,0,0,0,0,1,0,0,0,0,0
0,0,798,0,155,1,0,0,18,0,144,0,0,0,0,0,52,1,488,0,0,0,1255,0,341,1,256,0,82,0,1,0,101,0,0,0,0,0,0,0,0,0,0,0,0,0,0,0,0,0,0,0,0,0,0,0,0,0,0,0,1,0,0,0,0,0,0,0,0,0,0,1,0,0,102,12,82,0,1,0,0,0,0,0,0,0,0,0,0,0,0,0,0,0,0,0,0,0,0,0,0,0,0,0,0,0,0,0,0,0,0,0,0,0,0,0,0,0,0,0,0,0,0,0,1,0,0,0,0,0,0,0,0,0,0,0,0,0,0,0,0,0,0,0,0,0,0,0,0,0,15,1,44,1,2,1,44,1,0,0,0,0,0,0,0,0,0,0,0,0
0,0,0,713,0,225,0,2,0,26,0,52,0,0,0,0,1,60,3,722,0,0,0,2245,0,1140,0,185,0,31,0,2,0,85,0,0,0,1,0,0,0,1,0,0,0,0,0,0,0,0,0,0,0,0,0,0,0,0,0,0,0,1,0,0,0,0,0,0,0,0,0,0,0,0,2,163,0,77,0,0,0,0,0,0,0,0,0,0,0,0,0,0,0,0,0,0,0,0,0,0,0,0,0,0,0,0,0,0,0,0,0,0,0,0,0,0,0,0,0,0,0,0,0,0,0,0,0,0,0,0,0,0,0,0,0,1,0,0,0,0,0,0,0,0,0,0,0,0,0,0,0,18,4,52,1,19,0,73,0,0,0,0,0,0,0,0,0,0,0,0
0,0,519,0,91,1,0,0,7,0,163,0,0,0,0,0,425,7,124,2,1255,0,0,0,1119,0,227,0,316,0,1,0,241,0,0,0,0,0,0,0,1,0,0,0,1,0,0,0,0,0,1,0,0,0,0,0,0,0,1,0,0,0,0,0,0,0,0,0,0,0,0,0,0,0,57,15,211,0,4,0,0,0,0,0,2,0,0,0,0,0,0,0,0,0,0,0,0,0,0,0,0,0,0,0,0,0,0,0,0,0,0,0,0,0,0,0,0,0,0,0,0,0,0,0,0,0,0,0,0,0,0,0,0,0,0,0,0,0,0,0,0,0,0,0,0,0,0,0,0,0,144,2,147,3,17,3,226,1,0,0,0,0,0,0,0,0,0,0,0,0
0,0,2,79,0,53,0,0,0,2,0,68,0,0,0,0,3,795,1,54,0,2245,0,0,0,1056,0,91,0,88,0,3,0,320,0,0,0,0,0,0,0,0,0,0,0,0,0,0,0,0,0,0,0,0,0,0,0,0,0,0,0,0,0,0,0,0,0,0,0,0,0,0,0,0,19,76,0,160,0,0,0,0,0,0,0,0,0,0,0,0,0,0,0,0,0,0,0,0,0,0,0,0,0,0,0,0,0,0,0,0,0,0,0,0,0,0,0,0,0,0,0,0,0,0,0,0,0,0,0,0,0,0,0,0,0,0,0,0,0,0,0,0,0,0,0,0,0,0,0,0,0,380,0,133,4,29,0,188,0,0,0,0,0,0,0,0,0,0,0,0
0,0,541,0,120,2,0,0,15,0,199,0,0,0,0,0,49,0,71,0,341,0,1119,0,0,0,314,0,251,0,1,0,255,0,0,0,1,0,0,0,0,0,0,0,0,0,0,0,0,0,0,0,0,0,0,0,0,0,0,0,0,0,0,0,0,0,0,0,0,0,0,0,0,0,24,0,77,0,0,0,0,0,0,0,0,0,0,0,0,0,0,0,0,0,0,0,0,0,0,0,0,0,0,0,0,0,0,0,0,0,0,0,0,0,0,0,0,0,0,0,0,0,0,0,0,0,0,0,0,0,0,0,0,0,0,0,0,0,0,0,0,0,0,0,0,0,0,0,0,0,48,1,62,1,0,0,10,0,0,0,0,0,0,0,0,0,0,0,0,0
0,0,0,117,0,133,0,0,0,1,0,51,0,0,0,0,0,57,1,143,1,1140,0,1056,0,0,0,201,0,303,0,5,0,174,0,0,0,0,0,0,0,0,0,0,0,0,0,0,0,0,0,0,0,0,0,0,0,0,0,0,0,0,0,0,0,0,0,0,0,0,0,0,0,0,4,94,0,51,0,0,0,0,0,0,0,0,0,0,0,0,0,1,0,0,0,0,0,0,0,0,0,0,0,0,0,0,0,0,0,0,0,0,0,0,0,0,0,0,0,0,0,0,0,0,0,0,0,0,0,0,0,0,0,0,0,0,0,0,0,0,0,0,0,0,0,0,0,0,0,0,0,32,1,17,0,3,0,31,0,0,0,0,0,0,0,0,0,0,0,0
0,0,143,0,107,0,0,0,5,0,16,0,0,0,0,0,0,0,8,0,256,0,227,0,314,0,0,0,26,0,0,0,3,0,0,0,0,0,0,0,0,0,0,0,0,0,0,0,0,0,0,0,0,0,0,0,0,0,0,0,0,0,0,0,0,0,0,0,0,0,0,0,0,0,0,0,1,0,0,0,0,0,0,0,0,0,0,0,0,0,0,0,0,0,0,0,0,0,0,0,0,0,0,0,0,0,0,0,0,0,0,0,0,0,0,0,0,0,0,0,0,0,0,0,0,0,0,0,0,0,0,0,0,0,0,0,0,0,0,0,0,0,0,0,0,0,0,0,0,0,0,0,1,0,0,0,0,0,0,0,0,0,0,0,0,0,0,0,0,0
0,0,0,498,0,323,0,1,0,8,0,292,0,0,0,1,0,9,0,147,0,185,0,91,0,201,0,0,0,97,0,262,0,51,0,0,0,0,0,0,0,0,0,0,0,0,0,0,0,0,0,0,0,0,0,0,0,0,0,0,0,0,0,0,0,0,0,0,0,0,0,0,0,0,0,44,0,24,0,0,0,0,0,0,0,0,0,0,0,0,0,0,0,0,0,0,0,0,0,0,0,0,0,0,0,0,0,0,0,0,0,0,0,0,0,0,0,0,0,0,0,0,0,0,0,1,0,1,0,0,0,0,0,0,0,0,0,0,0,0,0,0,0,0,0,0,0,0,0,0,0,6,0,15,0,5,0,5,0,0,0,0,0,0,0,0,0,0,0,0
0,0,67,0,101,0,0,0,26,0,926,0,0,0,0,0,25,0,15,0,82,0,316,0,251,0,26,0,0,0,7,0,703,0,0,0,0,0,0,0,1,0,0,0,5,0,0,0,0,0,0,0,0,0,0,0,0,0,0,0,0,0,0,0,0,0,0,0,0,0,0,0,0,0,4,0,104,0,2,0,0,0,0,0,1,0,0,0,0,0,0,0,0,0,0,0,0,0,0,0,0,0,0,0,0,0,0,0,0,0,0,0,0,0,0,0,0,0,0,0,0,0,0,0,0,0,0,0,0,0,0,0,0,0,0,0,0,0,0,0,0,0,0,0,0,0,0,0,0,0,16,0,26,0,0,0,3,0,0,0,0,0,0,0,0,0,0,0,0,0
0,0,0,24,0,93,0,0,0,17,0,1146,0,0,0,0,0,27,1,27,0,31,0,88,0,303,0,97,0,0,0,25,0,412,0,0,0,0,0,0,0,4,0,0,0,0,0,0,0,0,0,0,0,0,0,0,0,0,0,0,0,0,0,0,0,0,0,0,0,0,0,0,0,0,0,76,0,80,0,0,0,0,0,0,0,0,0,0,0,0,0,0,0,0,0,0,0,0,0,0,0,0,0,0,0,0,0,0,0,0,0,0,0,0,0,0,0,0,0,0,0,0,0,0,0,0,0,0,0,0,0,0,0,0,0,0,0,0,0,0,0,0,0,0,0,0,0,0,0,0,0,0,0,10,0,1,0,43,0,0,0,0,0,0,0,0,0,0,0,0
0,0,7,0,269,0,0,0,75,0,659,0,0,0,0,0,0,0,0,0,1,0,1,0,1,0,0,0,7,0,0,0,11,0,0,0,0,0,0,0,0,0,0,0,0,0,0,0,0,0,0,0,0,0,0,0,0,0,0,0,0,0,0,0,0,0,0,0,0,0,0,0,0,0,1,1,15,0,1,0,0,0,0,0,0,0,0,0,0,0,0,0,0,0,0,0,0,0,0,0,0,0,0,0,0,0,0,0,0,0,0,0,0,0,0,0,0,0,0,0,0,0,0,0,0,0,0,0,0,0,0,0,0,0,0,0,0,0,0,0,0,0,0,0,0,0,0,0,0,0,0,0,0,0,0,0,0,0,0,0,0,0,0,0,0,0,0,0,0,0
0,0,0,1,0,204,0,1,0,57,0,612,0,0,0,0,0,3,0,1,0,2,0,3,0,5,0,262,0,25,0,0,0,33,0,0,0,0,0,0,0,0,0,1,0,0,0,0,0,0,0,0,0,0,0,0,0,0,0,0,0,0,0,0,0,0,0,0,0,0,0,0,0,0,1,32,0,30,0,1,0,0,0,0,0,0,0,0,0,0,0,0,0,0,0,0,0,0,0,0,0,0,0,0,0,0,0,0,0,0,0,0,0,0,0,0,0,0,0,0,0,0,0,0,0,0,0,0,0,0,0,0,0,0,0,0,0,0,0,0,0,0,0,0,0,0,0,0,0,0,0,2,1,1,0,1,0,1,0,0,0,0,0,0,0,0,0,0,0,0
184,10,622,8,905,15,797,7,1471,4,517,0,727,0,43,8,459,1,287,4,101,0,241,0,255,0,3,0,703,0,11,0,0,4,0,0,63,13,42,7,233,2,28,0,666,0,6,2,4,2,40,1,14,1,40,0,5,0,22,0,193,0,16,0,59,0,134,1,20,3,13,5,11,1,252,28,4267,0,192,4,0,0,20,2,257,2,163,0,50,8,2,0,65,0,1,0,1,1,7,2,2,0,1,0,2,0,1,2,2,2,5,1,0,1,0,0,0,1,0,0,2,0,5,0,11,0,78,5,30,0,19,1,0,1,24,3,9,0,2,0,1,0,8,0,66,3,14,1,6,0,45,0,315,0,149,4,12,0,13,0,2,0,1,0,8,1,0,1,0,0
5,342,8,301,12,502,0,1663,9,1200,0,533,4,787,1,47,0,271,14,128,0,85,0,320,0,174,0,51,0,412,0,33,4,0,0,0,3,128,24,78,11,920,6,84,0,261,1,29,3,37,4,61,4,14,15,66,0,15,0,195,2,230,5,31,2,33,1,190,9,71,5,261,0,35,28,425,14,5853,3,135,0,0,3,119,14,340,0,52,13,246,0,15,1,134,0,3,2,1,1,14,6,2,0,0,3,1,5,10,2,4,0,1,1,0,0,0,0,0,1,2,0,4,0,1,0,22,2,160,4,133,1,20,0,2,2,63,0,10,0,3,1,6,0,18,5,95,0,15,0,7,0,9,11,24,12,63,0,43,1,8,0,4,0,2,0,3,0,0,0,0
0,0,0,0,0,0,0,0,0,0,0,0,0,0,0,0,0,0,0,0,0,0,0,0,0,0,0,0,0,0,0,0,0,0,0,0,0,0,0,0,0,0,0,0,0,0,0,0,0,0,0,0,0,0,0,0,0,0,0,0,0,0,0,0,0,0,0,0,0,0,0,0,0,0,0,0,0,0,0,0,0,0,0,0,0,0,0,0,0,0,0,0,0,0,0,0,0,0,0,0,0,0,0,0,0,0,0,0,0,0,0,0,0,0,0,0,0,0,0,0,0,0,0,0,0,0,0,0,0,0,0,0,0,0,0,0,0,0,0,0,0,0,0,0,0,0,0,0,0,0,0,0,0,0,0,0,0,0,0,0,0,0,0,0,0,0,0,0,0,0
0,0,0,0,0,0,0,0,0,0,0,0,0,0,0,0,0,0,0,0,0,0,0,0,0,0,0,0,0,0,0,0,0,0,0,0,0,0,0,0,0,0,0,0,0,0,0,0,0,0,0,0,0,0,0,0,0,0,0,0,0,0,0,0,0,0,0,0,0,0,0,0,0,0,0,0,0,0,0,0,0,0,0,0,0,0,0,0,0,0,0,0,0,0,0,0,0,0,0,0,0,0,0,0,0,0,0,0,0,0,0,0,0,0,0,0,0,0,0,0,0,0,0,0,0,0,0,0,0,0,0,0,0,0,0,0,0,0,0,0,0,0,0,0,0,0,0,0,0,0,0,0,0,0,0,0,0,0,0,0,0,0,0,0,0,0,0,0,0,0
798,7,1330,4,293,6,84,3,24,0,0,0,38,0,3547,5,0,0,1175,0,0,0,0,0,1,0,0,0,0,0,0,0,63,3,0,0,0,57,475,3,2,1,0,0,0,0,37,0,55,0,16,0,41,1,11,0,1,0,0,0,523,2,571,0,125,0,33,0,20,0,2552,5,1732,4,179,5,64,1,22,0,0,0,4,0,41,0,0,0,19,2,0,0,1,0,0,0,0,1,2,1,2,0,0,0,0,0,0,4,0,5,1,2,0,1,0,0,0,0,0,0,1,0,4,0,5,0,45,1,25,3,20,0,1,0,27,2,3,0,0,0,3,0,1,0,67,0,11,0,6,0,0,0,5,0,407,2,0,0,4,0,0,0,1,0,8,0,0,0,0,0
104,669,19,2065,27,488,13,167,3,72,0,0,11,49,74,4143,0,0,7,1175,0,1,0,0,0,0,0,0,0,0,0,0,13,128,0,0,57,0,13,342,2,16,4,6,0,3,1,8,2,39,4,26,0,12,2,16,0,1,0,0,68,346,11,78,14,79,10,151,2,63,16,2184,81,843,65,431,11,116,6,43,0,0,0,37,5,72,0,0,2,27,0,0,0,3,0,0,1,0,0,4,2,0,0,1,1,0,1,1,1,2,0,1,0,1,0,0,0,0,0,0,0,0,1,0,0,8,11,107,4,71,10,30,0,1,7,68,0,4,0,1,1,0,0,6,12,98,3,15,2,7,0,2,2,356,8,714,0,1,2,5,0,1,0,0,1,0,0,0,0,0
50,1,6,0,5,0,10,3,3,1,0,0,38,0,9,0,0,0,0,0,0,0,0,0,0,0,0,0,0,0,0,0,42,24,0,0,475,13,0,301,109,2,10,0,0,0,117,234,197,31,93,71,315,19,507,18,21,30,6,9,74,3,200,0,163,0,77,3,219,6,1474,58,44,0,12,1,83,3,12,1,0,0,61,16,298,37,0,0,191,40,0,0,20,6,0,0,1,0,1,2,2,0,0,1,0,0,1,1,1,1,0,0,0,0,2,0,0,0,0,1,0,0,2,0,2,0,10,0,7,0,3,0,0,0,2,0,1,0,1,0,0,0,7,1,30,3,1,0,3,0,0,0,0,0,1,0,0,0,4,1,0,0,0,0,0,1,0,0,0,0
2,20,0,1,0,5,1,3,0,0,0,0,1,14,0,9,0,0,0,0,0,0,0,0,0,0,0,0,0,0,0,0,7,78,0,0,3,342,301,0,17,28,0,7,0,0,79,53,22,150,12,119,30,44,79,64,10,3,3,0,2,17,8,10,14,10,3,40,23,107,81,1510,0,2,0,9,9,23,1,8,0,0,6,36,20,122,0,0,17,96,0,0,2,3,0,0,0,0,1,1,3,0,0,0,1,0,1,3,2,2,1,2,0,0,7,0,0,0,0,1,0,0,0,1,0,0,0,6,0,12,0,0,0,0,1,8,0,0,0,1,0,1,0,4,0,22,0,1,0,4,0,0,0,0,0,0,0,0,0,1,0,0,0,0,0,0,0,0,0,0
3,1,2,0,2,1,0,0,2,0,0,0,3,0,0,0,1,0,2,0,0,0,1,0,0,0,0,0,1,0,0,0,233,11,0,0,2,2,109,17,0,53,489,5,530,0,113,220,13,36,267,93,28,13,91,8,21,13,397,7,6,0,1,0,8,0,4,2,18,6,249,49,0,0,24,0,1126,5,426,10,0,0,43,7,266,11,286,0,496,15,69,0,557,3,1,3,3,6,16,7,12,1,2,1,2,1,15,12,14,20,19,12,7,4,1,0,0,1,1,2,2,0,3,0,20,2,32,6,72,8,5,1,26,4,13,1,2,1,62,1,17,0,45,0,91,3,2,0,1,0,0,0,0,0,0,0,92,0,55,1,60,0,379,19,17,1,0,1,11,5
0,12,1,2,1,4,1,3,1,2,0,5,1,2,0,0,0,16,0,1,0,1,0,0,0,0,0,0,0,4,0,0,2,920,0,0,1,16,2,28,53,0,4,1080,2,980,1,21,0,6,1,250,0,0,7,8,0,12,0,461,3,8,0,1,4,0,0,8,2,6,0,100,0,7,1,140,5,1938,2,638,0,0,3,64,0,443,0,318,1,530,0,120,0,583,2,4,6,0,5,59,10,2,0,1,11,3,10,46,3,18,11,15,2,0,2,0,1,0,0,0,1,13,0,1,0,314,1,232,2,132,0,28,1,143,0,83,0,7,0,133,0,36,0,88,1,231,1,4,0,5,0,0,0,1,0,2,0,168,0,25,0,28,13,381,0,43,0,2,0,1
2,0,0,0,2,0,1,0,0,0,0,0,0,0,0,0,0,0,0,0,0,0,0,0,0,0,0,0,0,0,0,0,28,6,0,0,0,4,10,0,489,4,0,4,222,0,29,0,0,0,647,1,2,0,12,0,6,0,1275,0,5,0,1,0,3,0,1,0,0,0,38,0,0,0,5,2,91,3,60,6,0,0,39,1,32,3,206,0,28,4,40,0,187,0,3,4,8,2,18,9,41,0,4,2,11,0,9,4,3,7,1,2,1,0,0,1,0,0,0,0,1,0,1,0,5,2,22,7,27,2,5,3,5,2,4,0,0,0,2,1,1,0,4,0,17,2,0,1,0,0,0,0,0,0,0,0,9,0,49,3,0,0,10,0,4,2,0,1,0,2
0,5,0,1,1,1,0,1,0,0,0,0,0,0,0,2,0,0,0,0,0,0,0,0,0,0,0,0,0,0,0,1,0,84,0,0,0,6,0,7,5,1080,4,0,2,506,1,12,0,1,5,920,0,2,0,11,0,22,0,1817,2,1,0,2,1,0,0,4,0,1,3,69,0,1,0,10,7,73,5,25,0,0,0,6,0,84,0,789,1,86,0,499,0,299,1,2,7,2,3,69,23,110,0,1,6,2,13,26,5,9,6,1,3,1,0,0,0,1,0,0,0,0,0,0,0,11,0,17,0,31,0,3,0,24,0,2,0,4,0,4,0,1,0,2,0,14,0,1,0,2,0,0,0,0,2,1,0,1,0,9,0,12,1,44,0,5,0,1,1,1
0,0,2,0,8,0,0,0,1,0,2,0,0,0,0,0,38,0,3,0,0,0,1,0,0,0,0,0,5,0,0,0,666,0,0,0,0,0,0,0,530,2,222,2,0,0,0,0,0,0,5,0,0,0,1,0,2,0,100,0,0,0,0,0,0,0,1,0,0,0,0,0,0,0,46,0,838,0,170,0,0,0,0,0,27,0,352,0,29,0,18,0,109,0,0,0,1,0,4,6,1,0,0,0,0,1,1,4,3,5,5,0,1,0,0,0,0,0,0,0,0,0,0,0,2,0,8,3,1,1,2,1,26,0,22,0,1,0,0,0,0,0,1,0,2,0,0,0,0,0,0,0,1,0,0,0,77,1,9,0,7,0,77,2,13,0,0,0,2,1
0,1,0,0,0,1,0,1,0,0,0,1,0,0,0,0,0,4,0,0,0,0,0,0,0,0,0,0,0,0,0,0,0,261,0,0,0,3,0,0,0,980,0,506,0,0,0,0,0,0,0,1,0,0,0,0,0,0,0,135,0,3,0,0,0,0,0,0,1,0,0,1,0,1,0,26,0,639,0,437,0,0,0,0,0,2,0,371,0,43,0,262,0,188,0,1,0,0,0,5,1,0,0,0,0,0,0,0,0,0,0,1,0,0,0,0,0,0,0,0,0,1,0,0,0,29,0,16,0,1,0,5,0,11,0,15,0,1,0,3,0,0,0,1,0,6,0,0,0,0,0,0,0,1,0,0,1,12,0,9,0,6,2,16,0,18,0,0,0,0
5,0,2,0,0,0,0,0,0,0,0,0,3,0,3,0,0,0,0,0,0,0,0,0,0,0,0,0,0,0,0,0,6,1,0,0,37,1,117,79,113,1,29,1,0,0,0,1544,4274,277,3255,582,2295,35,1130,11,407,14,177,10,8,0,8,0,5,0,0,0,12,1,2023,163,1,0,1,1,8,0,1,0,0,0,10,6,41,11,0,0,31,7,0,0,5,2,0,0,0,0,0,0,2,0,44,24,0,0,0,0,0,0,0,0,0,0,51,4,0,0,0,0,0,0,0,0,0,0,0,0,0,1,0,0,0,0,2,0,0,1,1,0,0,0,0,0,6,0,0,1,0,0,0,0,0,0,0,0,0,0,0,0,0,0,0,0,0,0,0,0,0,0
0,17,0,1,1,7,1,0,0,0,0,0,1,0,0,10,0,0,0,0,0,0,0,0,0,0,0,0,0,0,0,0,2,29,0,0,0,8,234,53,220,21,0,12,0,0,1544,0,344,3432,240,2215,31,1118,86,484,13,627,6,193,0,9,0,1,2,0,0,1,1,9,374,705,2,4,0,4,6,9,2,4,0,0,4,46,8,97,0,0,6,195,0,0,0,101,0,0,0,0,0,0,2,8,0,0,0,0,0,0,0,0,1,0,0,0,20,4,0,0,0,0,0,0,0,1,0,0,1,1,0,1,0,0,0,0,0,2,0,0,0,0,0,0,0,1,4,17,0,1,0,0,0,0,0,0,0,0,0,0,0,0,0,0,0,0,0,0,0,0,0,0
7,0,1,0,0,0,0,0,0,0,0,0,8,0,2,0,0,0,0,0,0,0,0,0,0,0,0,0,0,0,0,0,4,3,0,0,55,2,197,22,13,0,0,0,0,0,4274,344,0,277,100,18,2892,20,278,8,15,5,5,0,15,0,125,0,20,0,7,0,25,3,1327,140,5,0,3,1,13,0,1,0,0,0,17,3,38,2,0,0,39,3,0,0,1,1,0,0,0,0,0,0,0,0,0,0,0,0,0,0,0,0,0,0,0,0,2,0,0,0,0,0,0,0,0,0,0,0,0,0,3,0,1,0,0,0,0,0,0,0,0,0,0,0,0,0,5,0,0,0,0,0,0,0,0,0,0,0,0,0,1,0,0,0,0,0,1,0,0,0,0,0
0,10,0,2,0,3,0,5,0,1,0,0,0,7,0,4,0,0,0,0,0,0,0,0,0,0,0,0,0,0,0,0,2,37,0,0,0,39,31,150,36,6,0,1,0,0,277,3432,277,0,21,164,11,2459,65,452,17,113,2,29,0,32,1,80,1,16,1,16,8,114,34,1945,0,0,1,4,4,6,0,1,0,0,0,27,9,84,0,0,9,94,0,0,2,15,0,0,0,0,0,1,1,0,0,0,0,0,0,2,0,1,0,0,0,0,1,1,0,0,0,0,0,0,0,0,0,0,0,0,1,1,0,1,0,0,0,1,0,0,0,1,0,0,0,1,1,9,0,0,0,0,0,0,0,0,0,0,0,0,0,0,0,0,0,0,0,0,0,0,0,0
16,1,7,0,8,0,5,0,9,0,0,0,4,1,4,0,0,0,1,0,0,0,1,0,0,0,0,0,0,0,0,0,40,4,0,0,16,4,93,12,267,1,647,5,5,0,3255,240,100,21,0,93,167,3,472,5,1042,7,1777,5,25,0,6,2,12,0,8,0,6,0,1067,27,0,0,80,1,114,0,42,0,0,0,41,5,161,7,3,0,99,2,0,0,44,1,135,0,0,0,45,1,233,0,337,0,0,0,2,0,0,2,4,2,0,23,13,10,0,0,0,1,2,0,0,0,7,0,15,1,16,0,13,0,0,0,9,1,1,0,1,0,4,0,10,0,47,1,2,0,1,0,0,0,1,0,4,1,7,0,1,0,0,0,0,0,1,0,0,2,4,0
0,17,1,2,0,4,0,6,1,2,0,0,1,5,0,8,0,0,0,1,0,0,0,0,0,0,0,0,0,0,0,0,1,61,0,0,0,26,71,119,93,250,1,920,0,1,582,2215,18,164,93,0,0,88,11,66,3,924,1,1390,0,10,0,2,0,0,0,5,0,3,55,817,0,10,1,90,1,145,1,38,0,0,1,30,3,130,0,2,0,157,0,0,0,99,0,0,1,1,4,56,0,588,0,187,0,0,0,8,2,3,2,2,5,140,149,130,0,0,0,0,0,1,0,1,0,9,0,17,2,88,0,16,0,4,0,3,0,1,0,14,0,14,2,39,1,100,0,18,0,6,0,0,0,0,0,1,0,2,1,0,0,0,0,0,1,4,0,1,14,1
10,0,2,0,0,0,1,0,0,0,0,0,23,0,7,0,0,0,0,0,0,0,0,0,0,0,0,0,0,0,0,0,14,4,0,0,41,0,315,30,28,0,2,0,0,0,2295,31,2892,11,167,0,0,5,2488,6,60,0,20,1,12,0,1295,0,71,0,13,0,61,3,807,30,7,0,1,1,20,2,4,0,0,0,33,7,91,2,0,0,64,10,0,0,7,0,0,0,0,0,0,0,0,0,2,0,0,0,0,1,0,1,0,0,0,0,4,3,0,0,0,0,1,0,0,0,0,0,1,0,4,0,1,0,0,0,1,0,0,0,2,0,0,0,2,0,13,0,0,0,0,0,0,0,0,0,0,0,0,0,0,0,0,0,0,0,1,0,0,0,0,0
1,12,0,5,0,2,0,2,0,0,0,0,0,1,0,0,0,0,0,0,0,0,0,0,0,0,0,0,0,0,0,0,1,14,0,0,1,12,19,44,13,0,0,2,0,0,35,1118,20,2459,3,88,5,0,10,3520,2,208,2,53,0,46,2,325,1,16,0,14,2,366,14,618,0,2,0,2,1,3,0,0,0,0,0,23,1,38,0,0,2,125,0,0,0,21,0,0,0,0,0,0,0,0,0,0,0,0,0,0,0,0,0,0,0,0,0,0,0,0,0,0,0,0,0,1,0,0,0,1,0,2,0,1,0,0,0,1,0,0,0,0,0,0,0,1,1,3,0,0,0,0,0,0,0,0,0,0,0,0,0,1,0,0,0,0,0,0,0,0,0,0
14,1,0,0,1,0,3,0,0,0,0,0,76,1,0,0,0,0,0,0,0,0,0,0,0,0,0,0,0,0,0,0,40,15,0,0,11,2,507,79,91,7,12,0,1,0,1130,86,278,65,472,11,2488,10,0,14,2023,5,280,4,55,0,305,0,699,0,25,0,1374,9,460,60,1,0,6,2,72,2,10,0,0,0,197,18,825,18,2,0,2826,32,0,0,259,7,1,0,0,0,2,0,5,0,10,0,0,0,2,0,0,0,1,1,1,0,3,0,0,0,0,0,1,0,1,0,1,0,2,0,13,1,2,0,0,0,3,0,0,0,1,0,1,0,3,0,27,0,1,0,0,0,0,0,0,0,1,0,0,0,7,0,1,0,1,0,1,1,0,0,1,0
0,79,0,11,0,2,0,2,0,1,0,0,0,5,0,7,0,0,0,0,0,0,0,0,0,0,0,0,0,0,0,0,0,66,0,0,0,16,18,64,8,8,0,11,0,0,11,484,8,452,5,66,6,3520,14,0,4,1131,2,299,0,78,1,21,4,6,1,40,2,1575,15,151,0,1,0,5,3,7,0,4,0,0,2,98,8,362,0,0,6,2444,0,0,0,373,0,0,0,1,2,0,0,0,0,0,2,0,0,1,1,0,0,1,0,0,0,0,0,0,0,0,0,0,0,0,0,0,0,4,0,5,0,0,0,0,0,3,0,0,0,1,0,0,0,2,1,6,0,1,0,2,0,0,0,0,0,0,0,0,0,1,0,0,0,0,0,0,0,0,0,0
0,0,0,0,0,0,0,0,0,0,0,0,1,0,0,0,0,0,0,0,0,0,0,0,0,0,0,0,0,0,0,0,5,0,0,0,1,0,21,10,21,0,6,0,2,0,407,13,15,17,1042,3,60,2,2023,4,0,0,796,2,1,0,0,0,1,0,0,0,0,2,108,21,0,0,0,0,10,0,3,0,0,0,14,2,97,2,1,0,147,5,0,0,414,0,9,0,0,0,0,0,0,0,8,0,0,0,0,0,0,0,0,0,0,0,0,0,0,0,0,0,0,0,0,0,0,0,0,0,1,0,0,0,0,0,0,0,0,0,0,0,0,0,1,0,2,0,0,0,0,0,0,0,0,0,0,0,0,0,0,0,0,0,0,0,0,0,0,0,0,0
0,1,0,0,0,0,0,0,0,0,0,0,0,0,0,2,0,0,0,0,0,0,0,0,0,0,0,0,0,0,0,0,0,15,0,0,0,1,30,3,13,12,0,22,0,0,14,627,5,113,7,924,0,208,5,1131,0,0,0,1635,0,2,0,0,0,0,0,0,0,4,11,30,0,0,0,1,1,0,0,0,0,0,0,35,2,112,0,0,0,268,0,0,0,729,0,0,0,0,0,0,0,2,0,0,0,0,0,0,0,0,0,0,0,0,0,2,0,0,0,0,0,0,0,2,0,0,0,0,0,0,0,0,0,0,0,0,0,0,0,0,0,0,0,0,0,2,0,0,0,0,0,0,0,0,0,0,0,0,0,0,0,0,0,0,0,0,0,0,0,0
0,0,0,0,0,0,0,0,0,0,0,0,0,0,0,0,0,0,0,0,0,0,1,0,0,0,0,0,0,0,0,0,22,0,0,0,0,0,6,3,397,0,1275,0,100,0,177,6,5,2,1777,1,20,2,280,2,796,0,0,0,0,0,1,0,1,0,0,0,2,0,98,2,0,0,1,0,59,0,5,0,0,0,4,1,241,0,355,0,372,0,225,0,4286,0,10,0,0,0,0,0,99,0,186,0,0,0,0,0,0,0,0,0,0,0,1,0,0,0,0,0,0,0,0,0,0,0,0,0,0,0,0,0,0,0,0,0,0,0,0,0,0,0,0,0,0,0,0,0,0,0,0,0,0,0,1,0,0,0,0,0,0,0,0,0,0,0,0,0,0,0
0,2,0,0,0,1,0,0,0,0,0,0,0,0,0,0,0,1,0,0,0,0,0,0,0,0,0,0,0,0,0,0,0,195,0,0,0,0,9,0,7,461,0,1817,0,135,10,193,0,29,5,1390,1,53,4,299,2,1635,0,0,0,0,0,0,0,0,0,0,0,0,0,32,0,0,0,2,2,81,1,8,0,0,1,10,0,464,0,359,0,724,0,250,0,2874,0,0,0,0,0,19,0,691,0,91,0,0,0,1,0,0,0,0,0,0,0,1,0,0,0,0,0,0,0,0,0,1,0,0,0,2,0,0,0,0,0,0,0,0,0,0,0,0,0,0,0,7,0,0,0,0,0,0,0,0,0,0,0,5,0,0,0,0,0,0,0,1,0,0,0,0
6887,6,122,1,241,5,557,0,76,0,2,0,1016,1,99,11,0,0,6,0,1,0,0,0,0,0,0,0,0,0,0,0,193,2,0,0,523,68,74,2,6,3,5,2,0,0,8,0,15,0,25,0,12,0,55,0,1,0,0,0,0,8,1997,1,3506,0,1813,2,85,1,847,2,805,13,348,13,253,0,107,2,0,0,21,0,401,5,0,0,129,1,0,0,13,0,0,0,1,0,5,7,8,1,0,2,3,0,5,5,5,11,13,8,1,2,0,0,0,0,0,0,7,0,6,0,11,1,144,2,99,4,59,3,1,1,88,5,7,0,0,0,4,0,1,0,165,4,32,0,11,0,0,0,1,0,84,1,0,0,21,0,3,0,3,0,28,5,0,0,0,0
6,4640,3,89,5,67,0,227,4,41,0,1,0,1241,1,87,0,0,2,7,0,1,0,0,0,0,0,0,0,0,0,0,0,230,0,0,2,346,3,17,0,8,0,1,0,3,0,9,0,32,0,10,0,46,0,78,0,2,0,0,8,0,0,2322,2,1046,0,2521,1,390,5,1009,1,998,11,135,0,143,2,34,0,0,0,30,2,94,0,0,0,36,0,0,0,2,0,0,0,0,0,4,3,0,1,0,1,1,2,2,2,0,1,0,0,0,0,0,0,0,0,0,0,1,0,0,0,7,1,98,0,36,2,13,0,1,1,36,0,3,0,1,0,2,0,2,1,45,0,9,0,1,1,0,0,0,2,10,0,0,0,6,0,0,0,2,0,1,0,0,0,0
134,1,28,0,10,1,9,0,4,0,0,0,12,0,101,0,0,0,0,0,0,0,0,0,0,0,0,0,0,0,0,0,16,5,0,0,571,11,200,8,1,0,1,0,0,0,8,0,125,1,6,0,1295,2,305,1,0,0,1,0,1997,0,0,0,1944,0,59,3,372,0,2215,1,229,0,42,0,34,0,16,1,0,0,3,1,58,3,0,0,30,2,0,0,3,0,0,0,0,2,3,1,2,0,0,0,0,0,0,0,0,5,2,0,0,0,0,0,0,0,0,0,2,0,1,0,1,0,17,0,23,0,8,0,0,1,11,1,3,0,0,0,1,0,2,0,42,0,4,0,4,0,0,0,0,0,7,0,0,0,5,0,0,0,1,0,6,0,0,0,1,0
0,69,0,4,1,12,1,4,0,1,0,0,1,8,0,8,0,0,0,0,0,0,0,0,0,0,0,0,0,0,0,0,0,31,0,0,0,78,0,10,0,1,0,2,0,0,0,1,0,80,2,2,0,325,0,21,0,0,0,0,1,2322,0,0,0,1598,1,171,1,883,0,2177,0,114,2,10,0,12,0,8,0,0,0,9,0,13,0,0,0,7,0,0,0,0,0,0,0,0,0,0,0,0,0,0,0,0,1,0,0,0,1,1,0,0,0,0,0,0,0,0,0,0,0,0,0,1,1,7,0,11,0,2,0,0,0,7,0,0,0,0,0,0,0,0,1,7,1,0,0,0,0,0,0,0,0,1,0,0,0,0,0,0,0,0,0,0,0,0,0,0
130,3,17,1,19,0,21,1,17,1,0,0,27,0,4,2,0,0,0,0,0,0,0,0,0,0,0,0,0,0,0,0,59,2,0,0,125,14,163,14,8,4,3,1,0,0,5,2,20,1,12,0,71,1,699,4,1,0,1,0,3506,2,1944,0,0,0,1563,0,3200,4,72,6,5,0,63,4,104,0,43,0,0,0,9,2,108,6,0,0,334,3,0,0,19,0,0,1,0,0,2,4,5,1,0,1,4,0,6,1,2,9,5,1,0,1,0,0,0,1,0,0,2,0,4,0,6,0,44,3,61,4,20,0,0,0,30,1,4,0,0,0,2,0,6,0,87,1,8,0,8,0,0,0,0,0,16,0,0,0,10,0,1,0,3,0,10,1,0,1,0,0
1,101,1,7,0,12,0,8,0,2,0,0,0,21,0,9,0,0,0,0,0,0,0,0,0,0,0,0,0,0,0,0,0,33,0,0,0,79,0,10,0,0,0,0,0,0,0,0,0,16,0,0,0,16,0,6,0,0,0,0,0,1046,0,1598,0,0,1,2447,0,2239,1,206,1,1,0,12,0,8,0,2,0,0,0,8,0,58,0,0,0,22,0,0,0,0,0,0,0,0,0,0,0,0,0,0,1,0,0,1,0,0,0,0,0,0,0,0,0,0,0,0,0,0,0,0,0,0,0,6,0,5,0,0,0,1,0,1,0,1,0,0,0,0,0,0,0,5,0,0,0,0,0,0,0,0,0,0,0,0,0,0,0,0,0,0,0,0,0,0,0,0
204,1,13,0,35,1,181,0,49,1,0,0,307,0,5,1,0,0,1,0,0,0,0,0,0,0,0,0,0,0,0,0,134,1,0,0,33,10,77,3,4,0,1,0,1,0,0,0,7,1,8,0,13,0,25,1,0,0,0,0,1813,0,59,1,1563,1,0,2,701,2,21,0,2,0,36,1,69,1,14,1,0,0,12,2,844,4,0,0,289,0,0,0,3,0,0,0,0,0,4,0,1,0,0,0,0,1,1,1,1,0,2,0,0,0,1,0,0,0,0,0,0,0,0,0,1,0,13,1,18,1,8,1,0,1,10,0,3,1,0,0,2,0,2,0,36,1,2,0,3,0,0,0,0,0,9,0,0,0,2,0,0,0,1,0,4,0,0,0,0,0
0,405,0,34,4,71,0,134,1,33,0,0,1,735,2,48,0,0,0,8,0,0,0,0,0,0,0,0,0,0,0,0,1,190,0,0,0,151,3,40,2,8,0,4,0,0,0,1,0,16,0,5,0,14,0,40,0,0,0,0,2,2521,3,171,0,2447,2,0,0,826,2,166,2,23,5,55,0,47,0,15,0,0,0,23,1,1790,0,0,0,497,0,0,0,1,0,0,0,0,0,1,1,0,0,0,0,0,1,1,0,2,0,1,0,1,0,0,0,0,0,0,0,0,0,1,0,4,0,22,1,20,0,6,0,0,0,8,0,1,0,0,0,2,0,3,1,24,0,1,0,2,0,0,0,0,1,7,0,0,0,3,0,0,0,1,0,0,0,0,0,0
16,0,3,0,2,0,5,0,0,0,0,0,25,0,0,0,0,0,0,0,0,0,0,0,0,0,0,0,0,0,0,0,20,9,0,0,20,2,219,23,18,2,0,0,0,1,12,1,25,8,6,0,61,2,1374,2,0,0,2,0,85,1,372,1,3200,0,701,0,0,2,62,4,0,1,6,0,29,0,3,0,0,0,29,4,274,10,0,0,1979,3,0,0,35,1,0,0,0,1,0,1,0,0,0,0,0,0,1,0,0,0,4,0,1,0,0,0,0,0,0,0,0,0,0,0,0,0,2,1,6,1,1,1,0,0,2,0,1,0,1,0,2,0,1,0,14,0,0,0,2,0,0,0,0,0,0,0,0,0,2,0,0,0,0,0,1,0,0,0,0,0
2,208,3,25,1,17,0,15,2,4,0,0,4,24,0,20,0,0,0,3,0,0,0,0,0,0,0,0,0,0,0,0,3,71,0,0,0,63,6,107,6,6,0,1,0,0,1,9,3,114,0,3,3,366,9,1575,2,4,0,0,1,390,0,883,4,2239,2,826,2,0,7,437,1,3,2,18,5,22,1,5,0,0,3,31,7,652,0,0,2,1811,0,0,1,15,0,0,0,0,0,1,0,0,0,0,0,0,0,2,0,1,0,0,0,0,0,0,0,0,0,0,0,0,0,0,0,0,0,19,0,8,0,3,0,0,0,3,0,0,0,0,0,0,0,2,3,17,0,4,0,1,0,0,1,0,0,4,0,0,0,1,0,0,0,0,0,0,0,0,0,0
57,2,8,0,3,0,5,0,2,0,0,0,12,2,55,1,0,0,0,0,0,0,0,0,0,0,0,0,0,0,0,0,13,5,0,0,2552,16,1474,81,249,0,38,3,0,0,2023,374,1327,34,1067,55,807,14,460,15,108,11,98,0,847,5,2215,0,72,1,21,2,62,7,0,596,878,79,27,1,40,0,9,2,0,0,25,13,87,8,0,0,87,22,0,0,4,5,0,0,0,1,1,0,0,0,13,0,0,0,0,1,0,1,0,0,1,0,32,0,0,0,0,0,0,0,1,0,1,0,13,0,9,1,3,0,0,1,11,0,0,0,0,0,0,0,1,0,24,0,6,0,0,0,0,0,0,0,2,0,0,0,1,1,0,0,2,0,0,1,0,0,0,0
6,217,0,71,3,50,1,41,0,18,0,0,2,62,3,176,0,0,1,1,1,0,0,0,0,0,0,0,0,0,0,0,5,261,0,0,5,2184,58,1510,49,100,0,69,0,1,163,705,140,1945,27,817,30,618,60,151,21,30,2,32,2,1009,1,2177,6,206,0,166,4,437,596,0,28,1255,3,99,11,78,2,29,0,0,3,102,21,240,0,0,9,199,0,0,0,26,0,1,1,0,1,3,0,8,0,0,0,1,1,6,1,1,1,0,2,0,122,0,0,0,0,0,0,0,0,1,0,2,3,59,0,54,0,15,0,0,1,23,0,3,0,0,0,2,0,3,3,80,0,6,1,7,0,0,0,0,0,5,0,0,0,7,0,1,0,2,0,3,0,0,0,0
1331,9,208,5,37,5,11,0,9,0,0,0,12,1,1493,193,0,0,3,0,0,0,0,0,0,0,0,0,0,0,0,0,11,0,0,0,1732,81,44,0,0,0,0,0,0,0,1,2,5,0,0,0,7,0,1,0,0,0,0,0,805,1,229,0,5,1,2,2,0,1,878,28,0,254,75,3,9,1,7,1,0,0,0,0,2,0,0,0,0,0,0,0,0,0,0,0,0,0,1,0,1,0,0,0,0,0,1,1,0,0,3,1,0,0,0,0,0,0,0,0,1,0,1,0,2,0,23,1,12,2,12,1,1,0,7,0,0,0,0,0,0,0,0,0,31,1,2,0,1,0,0,0,0,0,27,0,0,0,0,0,0,0,1,0,3,0,0,0,0,0
20,747,6,251,7,47,1,50,0,25,0,1,1,13,20,1193,0,0,2,1,0,0,0,0,0,0,0,0,0,0,0,0,1,35,0,0,4,843,0,2,0,7,0,1,0,1,0,4,0,0,0,10,0,2,0,1,0,0,0,0,13,998,0,114,0,1,0,23,1,3,79,1255,254,0,19,141,1,76,1,26,0,0,0,2,0,7,0,0,0,3,0,0,0,0,0,0,0,0,0,6,1,0,1,0,0,1,0,1,0,1,1,0,0,0,0,0,0,0,0,0,1,2,0,1,0,3,4,81,1,22,0,8,1,0,1,39,0,2,0,0,0,0,0,0,2,45,0,1,2,3,0,0,0,0,4,1,0,1,0,4,0,0,0,0,0,1,0,0,0,0
420,47,634,90,664,99,176,30,438,27,89,3,64,8,91,71,306,25,501,58,102,2,57,19,24,4,0,0,4,0,1,1,252,28,0,0,179,65,12,0,24,1,5,0,46,0,1,0,3,1,80,1,1,0,6,0,0,0,1,0,348,11,42,2,63,0,36,5,6,2,27,3,75,19,0,659,2108,10,1490,3,0,0,4,1,27,1,0,0,5,2,0,0,0,0,0,0,0,0,16,3,1,0,0,1,0,2,1,1,2,5,3,3,0,2,0,0,0,0,0,0,34,13,26,0,176,7,441,10,112,2,104,2,7,0,344,13,81,0,0,0,6,0,14,0,647,3,44,0,51,1,440,109,710,180,1613,275,112,17,9,1,2,0,3,0,39,1,0,0,1,0
19,516,147,1365,181,1949,11,348,54,523,1,289,3,68,13,434,159,539,138,450,12,163,15,76,0,94,0,44,0,76,1,32,28,425,0,0,5,431,1,9,0,140,2,10,0,26,1,4,1,4,1,90,1,2,2,5,0,1,0,2,13,135,0,10,4,12,1,55,0,18,1,99,3,141,659,0,21,3066,8,948,0,0,0,13,1,19,0,0,0,10,0,0,0,0,0,0,0,0,2,11,5,0,0,0,0,1,0,4,1,1,3,3,1,1,0,0,0,0,0,0,1,89,0,74,3,540,6,813,2,236,1,136,0,12,18,780,1,74,0,5,0,4,0,30,2,781,1,51,0,31,70,566,149,478,116,269,41,274,0,8,0,2,0,13,2,13,0,1,0,0
161,7,407,5,520,14,121,2,363,5,402,0,143,0,26,8,373,1,278,5,82,0,211,0,77,0,1,0,104,0,15,0,4267,14,0,0,64,11,83,9,1126,5,91,7,838,0,8,6,13,4,114,1,20,1,72,3,10,1,59,2,253,0,34,0,104,0,69,0,29,5,40,11,9,1,2108,21,0,8,2921,13,0,0,69,10,336,12,96,0,145,17,7,0,148,2,0,0,2,0,18,10,13,0,0,0,7,1,10,9,16,19,20,0,7,2,0,0,0,0,0,0,18,1,3,0,147,5,210,9,67,8,91,3,66,3,283,5,63,1,3,0,0,0,8,0,201,0,10,0,11,0,82,1,338,1,136,4,461,9,47,0,17,1,180,1,72,3,0,2,11,1
1,251,7,310,15,776,1,278,5,904,0,314,0,53,1,64,1,491,4,105,0,77,0,160,0,51,0,24,0,80,0,30,0,5853,0,0,1,116,3,23,5,1938,3,73,0,639,0,9,0,6,0,145,2,3,2,7,0,0,0,81,0,143,0,12,0,8,1,47,0,22,0,78,1,76,10,3066,8,0,1,2978,0,0,4,53,3,118,0,169,2,276,0,83,0,104,1,0,3,3,2,31,7,0,0,1,5,0,10,19,1,3,2,4,0,0,1,0,0,0,1,0,0,10,1,4,0,336,1,361,0,104,1,43,0,16,2,191,0,22,0,28,0,10,0,50,2,226,0,4,0,6,0,37,2,46,9,66,2,402,0,19,0,7,0,19,2,26,0,0,0,2
69,0,49,2,58,3,23,0,61,0,6,0,29,1,8,2,22,0,11,1,1,0,4,0,0,0,0,0,2,0,1,0,192,3,0,0,22,6,12,1,426,2,60,5,170,0,1,2,1,0,42,1,4,0,10,0,3,0,5,1,107,2,16,0,43,0,14,0,3,1,9,2,7,1,1490,8,2921,1,0,4,0,0,20,0,25,2,2,0,9,2,0,0,1,0,2,0,1,2,11,6,8,2,1,4,6,1,16,10,9,13,26,6,4,1,0,0,0,0,0,1,3,1,0,0,228,2,60,5,30,3,61,4,56,1,255,6,21,0,0,0,4,0,6,0,78,1,1,0,7,0,1,0,4,0,22,2,527,0,69,0,27,0,86,1,48,1,0,1,5,1
2,59,2,24,4,58,2,29,1,86,0,4,1,7,0,22,0,2,1,3,0,0,0,0,0,0,0,0,0,0,0,1,4,135,0,0,0,43,1,8,10,638,6,25,0,437,0,4,0,1,0,38,0,0,0,4,0,0,0,8,2,34,1,8,0,2,1,15,0,5,2,29,1,26,3,948,13,2978,4,0,0,0,1,26,0,30,0,2,0,11,0,5,0,8,0,2,2,1,1,27,5,0,0,1,1,0,7,14,2,9,6,6,1,0,0,0,0,0,1,0,0,18,0,5,1,468,4,276,1,35,0,77,0,131,0,247,2,34,0,10,0,6,0,13,1,65,0,4,0,1,1,0,1,0,1,9,12,328,2,52,0,52,1,61,2,87,0,0,1,0
0,0,0,0,0,0,0,0,0,0,0,0,0,0,0,0,0,0,0,0,0,0,0,0,0,0,0,0,0,0,0,0,0,0,0,0,0,0,0,0,0,0,0,0,0,0,0,0,0,0,0,0,0,0,0,0,0,0,0,0,0,0,0,0,0,0,0,0,0,0,0,0,0,0,0,0,0,0,0,0,0,0,0,0,0,0,0,0,0,0,0,0,0,0,0,0,0,0,0,0,0,0,0,0,0,0,0,0,0,0,0,0,0,0,0,0,0,0,0,0,0,0,0,0,0,0,0,0,0,0,0,0,0,0,0,0,0,0,0,0,0,0,0,0,0,0,0,0,0,0,0,0,0,0,0,0,0,0,0,0,0,0,0,0,0,0,0,0,0,0
0,0,0,0,0,0,0,0,0,0,0,0,0,0,0,0,0,0,0,0,0,0,0,0,0,0,0,0,0,0,0,0,0,0,0,0,0,0,0,0,0,0,0,0,0,0,0,0,0,0,0,0,0,0,0,0,0,0,0,0,0,0,0,0,0,0,0,0,0,0,0,0,0,0,0,0,0,0,0,0,0,0,0,0,0,0,0,0,0,0,0,0,0,0,0,0,0,0,0,0,0,0,0,0,0,0,0,0,0,0,0,0,0,0,0,0,0,0,0,0,0,0,0,0,0,0,0,0,0,0,0,0,0,0,0,0,0,0,0,0,0,0,0,0,0,0,0,0,0,0,0,0,0,0,0,0,0,0,0,0,0,0,0,0,0,0,0,0,0,0
14,0,1,0,0,0,8,0,0,0,0,0,112,0,1,0,0,0,0,0,0,0,0,0,0,0,0,0,0,0,0,0,20,3,0,0,4,0,61,6,43,3,39,0,0,0,10,4,17,0,41,1,33,0,197,2,14,0,4,1,21,0,3,0,9,0,12,0,29,3,25,3,0,0,4,0,69,4,20,1,0,0,0,1,446,2,0,0,55,3,0,0,1,0,0,0,1,0,8,1,11,0,0,0,0,0,4,2,1,3,5,5,0,0,0,0,0,0,0,1,3,0,1,0,0,0,3,0,36,3,1,0,0,0,2,1,0,0,0,0,6,0,16,0,98,2,5,0,3,0,0,0,0,0,0,0,0,0,3,1,0,0,0,0,4,0,0,0,3,0
0,20,0,0,0,3,0,3,0,2,0,0,0,96,0,2,0,0,0,0,0,0,0,0,0,0,0,0,0,0,0,0,2,119,0,0,0,37,16,36,7,64,1,6,0,0,6,46,3,27,5,30,7,23,18,98,2,35,1,10,0,30,1,9,2,8,2,23,4,31,13,102,0,2,1,13,10,53,0,26,0,0,1,0,8,673,0,4,2,50,0,0,0,2,0,0,0,0,0,1,1,0,0,0,1,0,0,1,1,1,1,1,0,0,0,0,0,0,0,0,0,0,0,0,0,0,0,14,0,42,0,4,0,1,0,11,0,0,0,7,0,8,1,18,1,117,0,5,0,3,0,0,0,0,1,0,0,0,0,1,0,0,0,0,0,0,0,0,0,1
116,2,17,1,35,1,109,0,21,0,0,0,510,0,2,1,6,0,2,0,0,0,2,0,0,0,0,0,1,0,0,0,257,14,0,0,41,5,298,20,266,0,32,0,27,0,41,8,38,9,161,3,91,1,825,8,97,2,241,0,401,2,58,0,108,0,844,1,274,7,87,21,2,0,27,1,336,3,25,0,0,0,446,8,0,12,648,0,4963,10,44,0,496,0,1,1,2,0,6,1,10,0,1,0,0,0,6,2,3,1,8,1,1,1,2,0,0,0,0,1,2,0,1,0,2,0,25,0,53,2,13,0,2,0,14,0,2,0,0,1,13,0,22,0,163,1,9,0,4,0,0,0,2,0,6,1,0,0,4,1,2,0,0,0,7,0,0,0,1,0
1,57,1,13,1,18,1,25,0,4,0,0,3,432,2,14,0,0,0,1,0,0,0,0,0,0,0,0,0,0,0,0,2,340,0,0,0,72,37,122,11,443,3,84,0,2,11,97,2,84,7,130,2,38,18,362,2,112,0,464,5,94,3,13,6,58,4,1790,10,652,8,240,0,7,1,19,12,118,2,30,0,0,2,673,12,0,0,1255,4,5381,0,31,0,410,1,0,2,1,1,1,1,3,0,1,0,1,1,5,0,1,1,1,1,0,1,3,0,0,0,0,0,0,0,0,0,2,0,18,1,19,1,5,0,0,1,6,0,2,1,5,0,1,0,17,5,102,0,2,0,0,0,0,0,1,0,0,0,0,0,2,0,0,0,0,0,0,0,0,0,0
0,0,1,0,1,0,154,0,97,0,2,0,279,0,0,0,6,0,0,0,0,0,0,0,0,0,0,0,0,0,0,0,163,0,0,0,0,0,0,0,286,0,206,0,352,0,0,0,0,0,3,0,0,0,2,0,1,0,355,0,0,0,0,0,0,0,0,0,0,0,0,0,0,0,0,0,96,0,2,0,0,0,0,0,648,0,0,0,1183,0,2382,0,806,0,0,0,0,0,0,0,0,0,1,0,0,0,0,0,0,0,0,0,0,0,0,0,0,0,0,0,0,0,0,0,0,0,0,0,0,0,0,0,0,0,0,0,0,0,0,0,0,0,0,0,0,0,0,0,0,0,0,0,1,0,1,0,0,0,0,0,0,0,0,0,0,0,0,0,0,0
0,0,0,0,0,0,0,0,0,0,0,0,0,0,0,0,0,2,0,0,0,0,0,0,0,0,0,0,0,0,0,0,0,52,0,0,0,0,0,0,0,318,0,789,0,371,0,0,0,0,0,2,0,0,0,0,0,0,0,359,0,0,0,0,0,0,0,0,0,0,0,0,0,0,0,0,0,169,0,2,0,0,0,4,0,1255,0,0,0,863,0,2398,0,954,0,0,0,0,0,0,0,0,0,0,0,0,0,0,0,0,0,0,0,0,0,0,0,0,0,0,0,0,0,0,0,0,0,0,0,0,0,0,0,0,0,0,0,0,0,0,0,0,0,0,0,0,0,0,0,0,0,0,0,0,0,0,0,0,0,0,0,0,0,0,0,0,0,0,0,0
13,0,1,0,4,0,5,0,3,0,0,0,33,1,0,0,3,0,1,0,0,0,0,0,0,0,0,0,0,0,0,0,50,13,0,0,19,2,191,17,496,1,28,1,29,0,31,6,39,9,99,0,64,2,2826,6,147,0,372,0,129,0,30,0,334,0,289,0,1979,2,87,9,0,0,5,0,145,2,9,0,0,0,55,2,4963,4,1183,0,0,8,424,0,3970,0,0,0,0,0,4,1,2,0,5,0,1,0,1,3,1,1,0,0,0,1,1,0,0,0,0,0,0,0,1,0,0,0,6,2,5,0,1,1,0,0,0,0,0,0,0,0,7,0,6,0,36,1,1,0,1,0,0,0,0,0,2,0,0,0,1,0,0,0,0,0,1,0,0,0,1,0
3,90,1,8,0,15,0,14,1,0,0,2,1,13,2,12,0,4,1,2,0,0,0,0,0,0,0,0,0,0,0,0,8,246,0,0,2,27,40,96,15,530,4,86,0,43,7,195,3,94,2,157,10,125,32,2444,5,268,0,724,1,36,2,7,3,22,0,497,3,1811,22,199,0,3,2,10,17,276,2,11,0,0,3,50,10,5381,0,863,8,0,0,579,0,6567,0,0,0,0,2,0,1,0,0,0,0,1,0,1,0,0,0,0,0,0,0,0,0,0,0,0,0,0,0,0,0,2,0,7,0,4,0,1,0,0,0,3,0,0,0,1,0,1,0,4,2,45,0,2,0,0,0,0,0,0,0,0,0,2,0,3,0,0,0,1,0,0,0,0,0,0
0,0,0,0,0,0,0,0,0,0,0,0,0,0,0,0,2,0,0,0,0,0,0,0,0,0,0,0,0,0,0,0,2,0,0,0,0,0,0,0,69,0,40,0,18,0,0,0,0,0,0,0,0,0,0,0,0,0,225,0,0,0,0,0,0,0,0,0,0,0,0,0,0,0,0,0,7,0,0,0,0,0,0,0,44,0,2382,0,424,0,0,0,2339,0,0,0,0,0,0,0,0,0,0,0,0,0,0,0,0,0,0,0,0,0,0,0,0,0,0,0,0,0,0,0,0,0,0,0,0,0,0,0,0,0,0,0,0,0,0,0,0,0,0,0,0,0,0,0,0,0,0,0,0,0,0,0,0,0,0,0,0,0,0,0,0,0,0,0,0,0
0,0,0,0,0,0,0,0,0,0,0,1,0,0,0,0,0,1,0,0,0,0,0,0,0,1,0,0,0,0,0,0,0,15,0,0,0,0,0,0,0,120,0,499,0,262,0,0,0,0,0,0,0,0,0,0,0,0,0,250,0,0,0,0,0,0,0,0,0,0,0,0,0,0,0,0,0,83,0,5,0,0,0,0,0,31,0,2398,0,579,0,0,0,2045,0,0,0,0,0,0,0,1,0,0,0,0,0,0,0,0,0,0,0,0,0,0,0,0,0,0,0,0,0,0,0,0,0,0,0,0,0,0,0,0,0,0,0,0,0,0,0,0,0,0,0,0,0,0,0,0,0,0,0,0,0,0,0,0,0,0,0,0,0,0,0,0,0,0,0,0
3,0,0,0,0,0,0,0,0,0,0,0,0,0,0,0,2,0,0,0,0,0,0,0,0,0,0,0,0,0,0,0,65,1,0,0,1,0,20,2,557,0,187,0,109,0,5,0,1,2,44,0,7,0,259,0,414,0,4286,0,13,0,3,0,19,0,3,0,35,1,4,0,0,0,0,0,148,0,1,0,0,0,1,0,496,0,806,0,3970,0,2339,0,0,1,0,0,0,0,0,0,4,0,28,0,0,0,0,0,0,0,0,0,0,0,0,0,0,0,0,0,0,0,0,0,0,0,0,0,0,0,0,0,2,0,0,0,0,0,0,0,0,0,1,0,2,0,0,0,0,0,0,0,0,0,1,0,0,0,0,0,0,0,1,0,0,0,0,0,0,0
0,1,0,0,0,0,0,0,0,0,0,0,0,0,0,0,0,2,0,0,0,0,0,0,0,0,0,0,0,0,0,0,0,134,0,0,0,3,6,3,3,583,0,299,0,188,2,101,1,15,1,99,0,21,7,373,0,729,0,2874,0,2,0,0,0,0,0,1,1,15,5,26,0,0,0,0,2,104,0,8,0,0,0,2,0,410,0,954,0,6567,0,2045,1,0,0,0,0,0,0,0,0,7,0,0,0,0,0,1,0,0,0,0,0,0,0,0,0,0,0,0,0,0,0,0,0,0,0,0,0,2,0,0,0,0,0,0,0,0,0,0,0,0,0,1,0,1,0,0,0,0,0,0,0,0,0,0,0,1,0,0,0,1,0,0,0,0,0,0,0,0
0,0,0,0,0,0,0,0,0,0,0,0,0,0,0,0,0,0,0,0,0,0,0,0,0,0,0,0,0,0,0,0,1,0,0,0,0,0,0,0,1,2,3,1,0,0,0,0,0,0,135,0,0,0,1,0,9,0,10,0,0,0,0,0,0,0,0,0,0,0,0,0,0,0,0,0,0,1,2,0,0,0,0,0,1,1,0,0,0,0,0,0,0,0,0,7,1809,9,40,6,258,3,1761,33,319,5,131,9,24,0,5,3,1,1,15,13,140,28,7,1,0,0,0,0,0,0,0,5,0,1,0,1,0,0,0,0,0,0,0,0,0,0,0,0,0,0,0,0,0,0,0,0,0,0,0,0,0,0,4,2,0,0,0,1,2,0,0,0,0,1
0,0,0,0,0,0,0,0,0,0,0,0,0,0,0,0,0,0,0,0,0,0,0,0,0,0,0,0,0,0,0,0,0,3,0,0,0,0,0,0,3,4,4,2,0,1,0,0,0,0,0,0,0,0,0,0,0,0,0,0,0,0,0,0,1,0,0,0,0,0,0,1,0,0,0,0,0,0,0,2,0,0,0,0,1,0,0,0,0,0,0,0,0,0,7,0,22,976,8,183,6,278,7,747,7,103,25,382,4,156,4,2,15,7,34,27,206,62,41,16,0,0,0,0,0,1,4,2,0,1,0,0,0,0,1,0,0,0,0,0,0,0,0,0,1,1,0,1,0,0,0,0,0,0,0,0,0,0,2,7,0,1,0,1,0,0,0,1,1,0
0,0,0,0,0,0,0,0,0,0,0,0,0,0,0,0,0,0,0,0,0,0,0,0,0,0,0,0,0,0,0,0,1,2,0,0,0,1,1,0,3,6,8,7,1,0,0,0,0,0,0,1,0,0,0,0,0,0,0,0,1,0,0,0,0,0,0,0,0,0,0,1,0,0,0,0,2,3,1,2,0,0,1,0,2,2,0,0,0,0,0,0,0,0,1809,22,0,39,151,24,596,16,491,19,1066,6,465,42,95,7,27,3,7,7,44,29,136,71,11,3,0,0,0,0,0,0,2,2,1,5,1,1,0,2,4,1,1,0,0,0,0,1,0,0,2,0,0,0,0,0,0,0,0,0,0,0,0,0,7,2,0,0,1,1,4,2,0,0,0,4
0,0,0,0,0,0,0,0,1,0,0,0,1,0,0,0,0,0,0,0,0,0,0,0,0,0,0,0,0,0,0,0,1,1,0,0,1,0,0,0,6,0,2,2,0,0,0,0,0,0,0,1,0,0,0,1,0,0,0,0,0,0,2,0,0,0,0,0,1,0,1,0,0,0,0,0,0,3,2,1,0,0,0,0,0,1,0,0,0,0,0,0,0,0,9,976,39,0,14,153,23,110,19,192,23,629,66,675,14,133,10,6,27,7,73,68,209,84,45,17,0,0,0,0,0,0,1,2,1,3,0,0,0,1,0,2,0,0,0,0,0,0,0,0,0,3,0,0,0,0,0,0,0,0,0,0,0,0,0,3,0,2,0,3,0,2,0,0,1,0
11,1,1,0,10,1,5,0,9,0,0,0,2,0,3,1,0,0,1,0,0,0,0,0,0,0,0,0,0,0,0,0,7,1,0,0,2,0,1,1,16,5,18,3,4,0,0,0,0,0,45,4,0,0,2,2,0,0,0,0,5,0,3,0,2,0,4,0,0,0,1,1,1,0,16,2,18,2,11,1,0,0,8,0,6,1,0,0,4,2,0,0,0,0,40,8,151,14,0,17,363,1,72,15,86,5,262,27,265,39,35,11,38,208,72,4,6,90,11,23,7,0,0,0,13,0,40,8,25,3,26,7,7,2,66,8,15,2,0,0,4,0,7,0,54,4,8,2,4,1,0,0,0,0,2,0,1,0,16,2,0,0,3,1,33,12,0,0,24,1
2,8,1,0,1,2,2,0,4,1,0,0,1,0,0,0,0,0,0,1,0,0,0,0,0,0,0,0,0,0,0,0,2,14,0,0,1,4,2,1,7,59,9,69,6,5,0,0,0,1,1,56,0,0,0,0,0,0,0,19,7,4,1,0,4,0,0,1,1,1,0,3,0,6,3,11,10,31,6,27,0,0,1,1,1,1,0,0,1,0,0,0,0,0,6,183,24,153,17,0,57,272,7,114,39,107,65,678,28,72,25,12,57,291,136,3,1,26,4,7,0,0,0,2,2,12,8,24,3,46,4,18,1,28,1,7,0,7,0,1,0,5,1,13,4,45,0,5,0,4,0,0,0,0,0,0,0,1,6,109,0,11,1,1,1,15,0,8,31,6
8,1,1,0,2,0,2,0,6,0,0,0,1,0,0,1,0,0,0,0,0,0,0,0,0,0,0,0,0,0,0,0,2,6,0,0,2,2,2,3,12,10,41,23,1,1,2,2,0,1,233,0,0,0,5,0,0,0,99,0,8,3,2,0,5,0,1,1,0,0,0,0,1,1,1,5,13,7,8,5,0,0,11,1,10,1,0,0,2,1,0,0,4,0,258,6,596,23,363,57,0,61,967,42,470,13,514,98,270,24,44,15,8,74,606,160,17,111,12,13,1,0,0,0,5,3,21,9,17,11,8,5,1,5,13,1,3,1,0,0,1,0,0,0,20,3,1,1,1,0,0,0,0,0,1,0,0,1,74,12,0,1,0,0,12,11,0,2,2,5
0,0,0,0,0,0,0,0,1,0,0,0,0,0,0,0,0,0,0,0,0,0,0,0,0,0,0,0,0,0,0,0,0,2,0,0,0,0,0,0,1,2,0,110,0,0,0,8,0,0,0,588,0,0,0,0,0,2,0,691,1,0,0,0,1,0,0,0,0,0,0,8,0,0,0,0,0,0,2,0,0,0,0,0,0,3,0,0,0,0,0,1,0,7,3,278,16,110,1,272,61,0,5,749,9,58,20,364,4,45,1,113,12,3,678,179,7,31,3,7,0,0,0,0,1,1,0,0,0,0,0,1,0,0,0,0,0,0,0,0,0,0,0,0,0,0,0,1,0,0,0,0,0,0,1,0,0,0,0,0,0,0,1,0,1,1,0,6,0,0
0,0,0,0,0,0,0,0,0,0,0,0,0,0,0,0,0,0,0,0,0,0,0,0,0,0,0,0,0,0,0,0,1,0,0,0,0,0,0,0,2,0,4,0,0,0,44,0,0,0,337,0,2,0,10,0,8,0,186,0,0,1,0,0,0,0,0,0,0,0,13,0,0,1,0,0,0,0,1,0,0,0,0,0,1,0,1,0,5,0,0,0,28,0,1761,7,491,19,72,7,967,5,0,68,136,6,148,9,27,0,2,0,0,5,28,129,127,63,6,3,1,0,0,0,0,0,3,0,0,1,1,0,0,0,0,1,0,0,0,0,0,0,0,0,1,0,0,0,0,0,0,0,0,0,0,0,0,0,0,0,0,0,1,0,2,0,0,0,0,3
0,0,0,0,0,0,0,1,0,0,0,0,0,0,0,0,0,0,0,0,0,0,0,0,0,0,0,0,0,0,0,0,0,0,0,0,0,1,1,0,1,1,2,1,0,0,24,0,0,0,0,187,0,0,0,0,0,0,0,91,2,0,0,0,1,0,0,0,0,0,0,0,0,0,1,0,0,1,4,1,0,0,0,0,0,1,0,0,0,0,0,0,0,0,33,747,19,192,15,114,42,749,68,0,20,66,83,185,8,337,5,71,21,6,195,997,521,158,14,22,0,0,0,0,0,0,1,0,1,4,0,1,0,0,0,1,1,0,0,0,0,0,0,0,0,2,0,1,0,0,0,0,0,0,0,0,0,0,1,0,0,0,0,0,0,0,0,1,0,0
