0,56,1747,43,2354,19,1097,4,232,4,0,0,806,1,1202,141,0,0,13,12,0,0,0,0,0,0,0,0,0,0,0,0,493,5,0,0,81,34,30,1,37,2,4,0,0,0,4,1,2,0,6,0,31,2,77,1,9,0,3,0,4230,10,273,7,282,1,344,2,86,2,115,17,750,6,506,30,498,10,78,0,0,0,65,4,652,15,0,0,205,1,0,0,11,0,3,1,1,1,12,0,1,0,0,0,0,0,2,1,4,2,5,0,0,3,0,1,0,0,1,0,0,0,5,0,11,0,133,8,76,3,6,0,3,0,7,0,5,1,1,0,0,0,0,0,65,5,10,0,13,1,0,0,0,0,24,5,0,0,2,0,1,0,17,0,2,0,0,2,8,0
56,0,6,2777,2,1968,0,1461,0,82,0,0,12,609,88,374,0,0,1,14,0,0,0,0,0,0,0,0,0,0,0,0,7,129,0,0,65,138,2,2,2,34,3,2,0,1,1,1,0,2,0,2,5,20,5,51,0,0,1,0,76,4281,43,190,46,188,16,574,7,95,35,117,131,503,25,912,19,806,5,101,0,0,1,38,12,515,0,0,7,121,0,0,1,3,3,2,1,4,3,7,2,1,1,4,4,1,9,13,5,8,6,7,12,9,0,2,0,1,0,2,0,0,0,10,1,22,8,405,10,176,0,5,0,12,3,60,0,22,0,2,0,1,0,2,7,200,0,52,4,33,0,0,0,0,7,6,1,0,4,1,1,2,1,63,1,9,4,19,6,2
1747,6,0,73,6867,38,163,7,696,3,163,3,25,0,2377,62,75,2,3864,98,609,20,67,1,184,1,621,1,71,0,40,0,374,3,0,0,220,43,22,0,6,0,1,0,0,0,1,1,0,0,0,0,1,2,6,0,0,0,0,0,130,3,29,0,14,0,14,0,5,0,39,3,250,1,802,27,652,6,80,4,0,0,3,0,49,0,6,1,10,0,0,0,0,1,0,0,0,0,5,1,0,0,0,0,0,0,5,3,1,0,1,0,0,3,0,0,0,0,0,0,0,0,1,0,14,1,43,2,20,1,1,0,0,0,13,0,7,0,0,0,0,0,0,0,32,1,1,0,1,0,85,24,183,70,201,50,20,1,0,0,0,0,5,1,0,0,0,0,3,1
43,2777,73,0,62,6701,19,343,7,416,3,259,1,60,149,2190,5,120,57,3228,21,495,8,102,0,120,0,485,1,78,0,16,8,207,0,0,96,241,2,0,1,13,2,0,0,8,0,1,0,4,0,2,0,12,1,7,0,1,0,3,25,103,3,76,2,13,3,20,1,8,11,143,44,92,72,1404,34,717,6,100,0,0,0,34,5,41,0,12,2,8,0,1,0,3,1,0,1,1,0,2,1,0,0,0,2,0,3,2,3,4,0,0,2,4,0,0,0,0,0,1,0,3,0,11,2,45,14,181,7,38,1,5,0,1,2,41,1,16,1,0,0,1,0,0,5,75,1,13,2,8,25,72,32,199,144,287,2,58,1,4,0,0,0,14,1,2,1,8,4,0
2354,2,6867,62,0,37,741,5,3945,8,761,0,94,3,438,71,56,3,605,127,45,11,15,1,125,0,675,0,114,0,588,0,566,4,0,0,114,62,2,0,12,0,6,0,0,0,0,0,0,0,1,0,1,0,4,0,1,0,0,0,119,3,24,0,22,0,30,1,5,0,11,0,81,2,1459,14,792,10,136,1,0,0,18,1,98,1,3,0,12,0,0,0,0,0,2,0,1,1,6,0,1,0,0,0,0,0,2,3,2,1,1,0,4,1,0,1,0,0,0,0,0,0,3,0,30,2,88,2,20,0,1,0,2,0,15,0,2,0,2,0,0,0,0,0,48,0,4,0,10,0,49,8,77,47,100,81,14,0,0,0,0,0,13,2,0,0,1,3,3,0
19,1968,38,6701,37,0,13,1229,9,3278,1,757,2,195,81,212,0,42,30,425,9,127,4,103,1,51,0,737,1,58,0,18,11,527,0,0,47,33,0,2,2,13,2,2,0,16,0,0,0,1,0,2,0,2,1,1,0,0,0,7,13,98,3,18,5,10,3,78,2,6,2,15,21,14,48,1720,27,1023,3,161,0,0,2,29,5,165,0,20,0,11,0,2,0,2,0,0,1,2,3,3,2,0,0,0,1,3,8,2,1,1,1,0,3,1,0,0,0,0,0,2,0,4,0,6,1,82,2,116,2,33,0,0,1,3,0,31,0,24,0,0,0,0,0,1,4,63,0,14,1,7,7,27,12,49,108,257,2,32,1,1,0,0,2,13,1,1,0,5,4,2
1097,0,163,19,741,13,0,0,1615,0,1,0,1543,0,307,36,0,0,24,10,0,0,0,0,0,0,1,0,0,0,0,0,1513,1,0,0,62,16,1,0,7,0,0,0,0,0,1,0,0,0,1,0,0,0,1,0,0,0,0,0,145,1,11,0,13,0,22,1,2,0,9,3,60,0,328,6,202,2,22,1,0,0,23,0,52,0,0,0,1,1,0,0,0,0,0,2,1,0,5,0,0,0,0,0,0,0,2,0,1,3,2,2,0,1,0,0,1,0,0,0,1,0,3,0,5,0,46,0,8,3,0,0,2,0,5,1,1,0,0,0,0,0,0,0,22,0,1,1,5,0,0,0,0,1,15,6,2,0,0,0,0,0,7,0,0,0,0,0,0,0
4,1461,7,343,5,1229,0,0,0,1395,0,0,0,1550,17,150,0,0,1,23,0,1,0,0,0,0,0,0,0,0,0,0,0,1252,0,0,8,12,0,1,0,12,0,0,0,0,0,0,0,1,0,1,0,1,1,0,0,0,0,0,4,324,1,8,4,7,1,205,0,5,3,9,3,9,9,418,2,755,0,57,0,0,0,12,2,72,0,0,0,3,0,0,0,1,1,0,0,1,1,4,0,0,1,0,1,1,2,0,5,2,1,1,2,4,0,0,0,0,0,2,0,0,0,4,0,16,1,118,1,19,0,0,0,2,0,7,0,10,0,0,0,0,0,1,1,38,0,8,0,2,0,0,0,1,11,21,0,0,1,0,0,0,0,4,1,1,0,2,3,0
232,0,696,7,3945,9,1615,0,0,2,1883,1,57,0,109,12,3,1,189,26,0,3,0,1,0,0,17,1,15,0,155,1,1412,0,0,0,36,14,2,0,2,0,0,0,0,0,0,0,0,0,1,0,0,0,1,0,0,0,1,0,27,1,5,1,6,0,2,0,0,0,2,0,18,0,606,6,472,3,71,0,0,0,0,0,6,0,6,0,4,0,0,0,1,0,0,0,0,1,2,0,0,0,0,0,0,0,0,0,0,1,0,2,0,0,0,0,0,0,0,0,1,0,4,0,11,0,32,0,8,0,1,0,1,0,9,0,1,0,0,0,0,0,0,0,19,0,2,0,4,0,6,3,37,10,33,19,1,2,0,0,0,0,4,0,2,0,0,0,0,0
4,82,3,416,8,3278,0,1395,2,0,0,985,1,284,14,63,0,8,2,80,5,3,1,3,0,1,0,1,0,16,0,24,4,1229,0,0,9,19,0,1,0,3,0,2,0,4,0,0,0,0,0,1,0,0,0,0,0,0,0,3,1,29,0,5,0,0,0,20,0,0,2,3,1,0,12,720,3,656,0,79,0,0,0,9,0,11,0,7,0,1,0,0,0,0,1,0,0,0,0,0,1,0,0,0,0,0,0,1,0,0,0,0,2,1,0,0,0,0,0,0,0,1,0,3,0,32,0,41,0,5,0,1,0,0,0,11,0,6,0,1,0,0,0,1,0,16,0,4,0,1,1,6,2,17,18,56,0,0,0,1,0,0,0,4,1,1,0,2,0,0
0,0,163,3,761,1,1,0,1883,0,0,1,0,0,0,0,75,0,22,2,16,1,37,0,73,0,151,0,939,0,1224,0,587,0,0,0,1,0,0,0,1,0,0,0,2,0,0,0,0,0,0,0,0,0,0,0,0,0,0,0,0,0,0,0,0,0,0,0,0,0,0,0,0,0,182,0,383,1,6,0,0,0,0,0,0,0,6,0,2,0,0,0,0,0,0,0,0,0,0,0,0,0,0,0,0,0,0,0,0,0,0,0,0,0,0,0,0,0,0,0,0,0,0,0,0,0,1,0,0,0,0,0,0,0,1,0,0,0,0,0,0,0,0,0,0,0,0,0,0,0,10,0,12,2,1,1,5,0,0,0,0,0,0,0,0,0,0,0,1,0
0,0,3,259,0,757,0,0,1,985,1,0,0,0,0,2,1,36,5,32,3,77,2,93,0,19,0,238,0,890,0,214,0,493,0,0,0,0,0,0,0,6,0,1,0,19,0,0,0,0,0,0,0,0,0,0,0,0,0,1,0,1,0,0,0,0,0,0,0,0,0,0,0,0,5,210,1,263,0,13,0,0,0,0,0,0,0,28,0,1,0,2,0,4,0,0,0,0,0,0,0,0,0,0,0,0,0,1,0,0,0,0,0,0,0,0,0,0,0,0,0,0,0,0,0,0,0,1,0,0,0,1,0,0,0,2,0,0,0,0,0,0,0,0,0,0,0,0,0,0,1,18,2,15,1,10,0,17,0,0,0,0,0,0,0,0,0,0,0,0
806,12,25,1,94,2,1543,0,57,1,0,0,0,2,47,12,0,0,2,2,0,0,0,0,0,0,0,0,0,0,0,0,788,0,0,0,14,8,11,2,9,0,2,0,0,0,1,0,4,1,8,0,3,0,6,0,2,0,1,0,1328,5,17,4,19,0,695,3,3,0,19,8,26,3,61,3,64,1,16,0,0,0,380,0,467,4,0,0,9,1,0,0,1,0,0,0,1,0,2,0,0,0,0,1,0,0,2,0,0,1,1,0,0,0,0,0,0,0,0,0,0,0,0,0,4,0,11,3,24,0,0,0,0,0,1,0,0,0,2,0,0,0,0,0,7,2,0,0,5,0,0,0,0,0,0,0,1,0,0,0,0,0,3,0,1,0,0,2,0,0
1,609,0,60,3,195,0,1550,0,284,0,0,2,0,2,40,0,0,1,9,0,0,0,0,0,0,0,0,0,0,0,0,1,1422,0,0,3,13,3,4,0,21,0,0,0,0,0,1,1,1,0,2,0,1,4,4,0,1,0,1,1,1371,5,12,2,3,3,461,0,1,2,18,1,4,2,125,4,550,1,47,0,0,0,78,0,57,0,2,2,2,0,0,0,0,0,1,0,0,0,0,0,0,0,1,2,0,3,3,0,5,0,1,3,1,0,0,0,0,0,0,0,0,0,0,0,5,1,34,0,18,0,0,0,1,2,6,0,2,0,0,0,0,0,1,1,14,1,2,1,4,0,0,0,1,4,3,0,0,0,1,0,0,0,7,1,0,0,3,2,0
1202,88,2377,149,438,81,307,17,109,14,0,0,47,2,0,377,0,0,369,76,3,0,1,0,1,0,0,0,0,0,0,0,128,6,0,0,1671,179,30,0,10,1,2,0,0,0,1,0,2,0,1,0,6,0,10,1,3,0,1,0,228,8,83,0,18,2,10,3,4,0,246,9,1350,10,445,50,385,21,67,4,0,0,6,2,41,3,0,0,11,0,0,0,0,0,1,1,0,1,8,0,0,0,0,2,0,0,5,2,3,2,1,1,0,4,0,0,0,0,0,1,0,0,1,0,19,1,144,20,28,3,2,0,2,0,28,2,10,5,0,0,0,0,0,0,52,7,3,1,6,3,0,0,36,4,146,43,2,0,2,0,0,0,21,0,0,0,3,1,6,0
141,374,62,2190,71,212,36,150,12,63,0,2,12,40,377,0,0,0,15,564,0,1,0,0,0,0,0,0,0,0,0,0,15,46,0,0,257,3012,5,12,5,6,3,0,0,0,0,2,0,4,0,0,1,6,0,5,0,0,0,1,75,137,7,48,9,1,3,7,1,1,27,156,200,769,71,510,43,269,10,28,0,0,0,2,9,19,0,0,3,0,0,0,0,0,3,2,0,1,1,1,1,0,0,1,0,1,8,3,3,2,1,2,1,5,0,0,0,0,0,0,0,0,0,8,3,27,26,180,10,48,0,1,1,2,4,37,1,16,0,1,0,0,0,1,17,70,3,23,2,10,0,0,0,29,127,160,1,1,1,4,0,1,3,15,3,0,2,7,6,3
0,0,75,5,56,0,0,0,3,0,75,1,0,0,0,0,0,1,60,1,220,0,867,0,456,0,6,0,287,0,7,0,80,0,0,0,0,0,0,0,2,0,14,0,0,1,0,0,0,0,0,0,0,0,0,0,0,0,0,0,0,0,0,0,0,0,0,0,0,0,0,0,0,0,292,5,352,1,2,0,0,0,0,0,0,0,1,0,1,0,0,0,0,0,0,0,0,0,0,0,0,0,0,0,0,0,0,0,0,0,0,0,0,0,0,0,0,0,0,0,0,0,0,0,0,0,0,0,0,0,0,0,0,0,0,0,0,0,0,0,0,0,0,0,0,0,0,0,0,0,380,2,92,2,17,0,1379,2,0,0,0,0,2,0,0,0,0,0,0,0
0,0,2,120,3,42,0,0,1,8,0,36,0,0,0,0,1,0,7,65,3,553,106,877,0,92,0,19,0,40,0,2,0,75,0,0,0,0,0,0,0,4,2,0,0,125,0,0,0,0,0,0,0,0,0,0,0,0,0,0,0,0,0,0,0,0,0,0,0,0,0,0,0,0,0,514,1,663,0,2,0,0,0,0,0,0,0,32,0,1,0,0,0,3,0,0,0,0,0,0,0,0,0,0,0,0,0,0,0,0,0,0,0,0,0,0,0,0,0,0,0,0,0,0,0,0,0,0,0,0,0,0,0,0,0,0,0,0,0,0,0,0,0,0,0,0,0,0,0,0,0,209,2,10,0,4,0,1317,0,0,0,0,1,0,0,0,0,0,0,0
13,1,3864,57,605,30,24,1,189,2,22,5,2,1,369,15,60,7,0,88,319,33,42,3,36,0,33,0,16,0,0,0,128,5,0,0,414,17,14,0,2,2,0,0,0,1,1,0,0,0,0,0,2,0,0,0,0,0,0,0,3,0,2,0,1,0,0,0,1,0,2,0,2,1,458,16,311,11,54,3,0,0,0,0,4,0,2,0,1,0,0,0,1,0,0,0,0,0,3,0,0,0,0,0,0,0,1,0,1,1,1,0,0,1,0,1,0,0,0,0,1,0,0,0,5,0,14,0,2,0,0,0,1,0,9,0,2,0,0,0,0,0,0,0,20,0,0,0,2,0,128,42,860,82,526,83,18,2,0,0,0,0,2,0,0,0,0,0,1,0
12,14,98,3228,127,425,10,23,26,80,2,32,2,9,76,564,1,65,88,0,15,427,4,48,1,26,0,9,1,8,0,2,22,59,0,0,67,751,3,0,1,2,1,1,0,3,0,0,0,0,0,0,0,1,0,0,0,0,0,0,1,9,2,0,0,1,0,3,0,0,0,1,2,0,67,434,59,215,10,40,0,0,0,1,0,2,1,5,0,0,0,0,0,0,2,1,0,0,1,0,1,0,0,0,0,0,0,1,0,0,0,0,1,0,0,0,0,0,0,0,0,0,0,1,1,32,5,20,1,3,0,1,0,0,0,7,1,5,0,0,0,0,0,0,0,12,0,2,0,1,28,109,27,933,142,412,1,18,0,0,0,0,2,4,0,1,0,0,0,0
0,0,609,21,45,9,0,0,0,5,16,3,0,0,3,0,220,3,319,15,0,11,1332,19,342,0,82,1,54,0,2,0,26,0,0,0,3,0,0,0,0,0,0,0,0,0,0,0,0,0,0,0,0,0,0,0,0,0,0,0,0,0,0,0,0,0,0,0,0,0,0,0,1,0,233,16,66,3,0,0,0,0,0,0,0,0,1,0,0,0,0,0,0,0,0,0,0,0,0,0,0,0,0,0,0,0,0,0,0,0,0,0,0,0,0,0,0,0,0,0,0,0,0,0,0,0,0,0,0,0,0,0,0,0,0,0,0,0,0,0,0,0,0,0,0,0,0,0,0,0,438,21,785,7,29,10,210,10,0,0,0,0,0,0,0,0,0,0,0,0
0,0,20,495,11,127,0,1,3,3,1,77,0,0,0,1,0,553,33,427,11,0,65,1268,0,360,0,253,0,35,0,2,2,12,0,0,0,1,0,0,0,1,0,0,0,8,0,0,0,0,0,0,0,0,0,0,0,0,0,0,0,0,0,0,0,0,0,0,0,0,0,0,0,0,6,586,9,46,1,0,0,0,0,0,0,0,0,4,0,0,0,0,0,0,0,0,0,0,0,0,0,0,0,0,0,0,0,0,0,0,0,0,0,0,0,0,0,0,0,0,0,0,0,0,1,0,0,0,0,0,0,0,0,0,0,1,0,0,0,0,0,0,0,0,0,0,0,0,0,0,4,316,6,355,25,20,0,559,1,0,0,0,0,0,0,0,0,0,0,0
0,0,67,8,15,4,0,0,0,1,37,2,0,0,1,0,867,106,42,4,1332,65,0,317,1270,3,114,1,203,1,4,0,138,0,0,0,2,0,0,0,1,0,6,0,0,0,0,0,0,0,0,0,0,0,0,0,0,0,0,0,0,0,0,0,0,0,0,0,0,0,0,0,0,0,73,15,151,0,1,0,0,0,0,0,0,0,1,0,0,0,0,0,0,0,0,0,0,0,0,0,0,0,0,0,0,0,0,0,0,0,0,0,0,0,0,0,0,0,0,0,0,0,0,0,0,0,0,0,0,0,0,0,0,0,0,0,0,0,0,0,0,0,0,0,0,0,0,0,0,0,234,6,123,0,5,1,871,42,0,0,0,0,1,0,0,0,0,0,0,0
0,0,1,102,1,103,0,0,1,3,0,93,0,0,0,0,0,877,3,48,19,1268,317,0,0,1543,0,300,0,230,0,6,0,113,0,0,0,0,0,0,0,5,0,0,0,34,0,0,0,0,0,0,0,0,0,0,0,0,0,2,0,0,0,0,0,0,0,0,0,0,0,0,0,0,2,81,1,323,0,2,0,0,0,0,0,0,0,27,0,0,0,0,0,4,0,0,0,0,0,0,0,0,0,0,0,0,0,0,0,0,0,0,0,0,0,0,0,0,0,0,0,0,0,0,0,2,0,1,0,0,0,0,0,0,0,0,0,0,0,0,0,0,0,0,0,0,0,0,0,0,1,23,0,12,0,1,0,411,0,1,0,0,0,0,0,0,0,0,0,0
0,0,184,0,125,1,0,0,0,0,73,0,0,0,1,0,456,0,36,1,342,0,1270,0,0,0,393,0,451,0,13,0,121,0,0,0,0,0,0,0,2,0,0,0,1,0,0,0,0,0,0,0,0,0,0,0,0,0,0,0,0,0,0,0,0,0,0,0,0,0,0,0,0,0,28,0,224,0,0,0,0,0,0,0,0,0,10,0,0,0,1,0,1,0,0,0,0,0,0,0,0,0,0,0,0,0,0,0,0,0,0,0,0,0,0,0,0,0,0,0,0,0,0,0,0,0,0,0,0,0,0,0,0,0,0,0,0,0,0,0,0,0,0,0,0,0,0,0,0,0,18,2,18,1,3,0,100,0,0,0,0,0,0,0,0,0,0,0,0,0
0,0,1,120,0,51,0,0,0,1,0,19,0,0,0,0,0,92,0,26,0,360,3,1543,0,0,0,331,0,43,0,0,0,21,0,0,0,0,0,0,0,1,0,0,0,3,0,0,0,0,0,0,0,0,0,0,0,0,0,1,0,0,0,0,0,0,0,0,0,0,0,0,0,0,0,18,0,34,0,0,0,0,0,0,0,0,0,1,0,0,0,0,0,0,0,0,0,0,0,0,0,0,0,0,0,0,0,0,0,0,0,0,0,0,0,0,0,0,0,0,0,0,0,0,0,1,0,0,0,0,0,0,0,0,0,0,0,0,0,0,0,0,0,0,0,0,0,0,0,0,1,0,0,5,0,2,0,55,0,0,0,0,0,0,0,0,0,0,0,0
0,0,621,0,675,0,1,0,17,0,151,0,0,0,0,0,6,0,33,0,82,0,114,0,393,0,0,0,155,0,94,0,13,0,0,0,0,0,0,0,0,0,0,0,0,0,0,0,0,0,0,0,0,0,0,0,0,0,0,0,0,0,0,0,0,0,0,0,0,0,0,0,0,0,20,1,15,2,0,0,0,0,0,0,0,0,0,0,0,0,0,0,0,0,0,0,0,0,0,0,0,0,0,0,0,0,0,0,0,0,0,0,0,0,0,0,0,0,0,0,0,0,0,0,0,0,0,0,0,0,0,0,0,0,0,0,0,0,0,0,0,0,0,0,0,0,0,0,0,0,1,0,3,0,0,0,4,0,0,0,0,0,0,0,0,0,0,0,0,0
0,0,1,485,0,737,0,0,1,1,0,238,0,0,0,0,0,19,0,9,1,253,1,300,0,331,0,0,0,73,0,17,0,51,0,0,0,0,0,0,0,0,0,0,0,0,0,0,0,0,0,0,0,0,0,0,0,0,0,0,0,0,0,0,0,0,0,0,0,0,0,0,0,0,0,11,0,35,0,0,0,0,0,0,0,0,0,3,0,0,0,0,0,0,0,0,0,0,0,0,0,0,0,0,0,0,0,0,0,0,0,0,0,0,0,0,0,0,0,0,0,0,0,0,0,0,0,0,0,0,0,0,0,0,0,0,0,0,0,0,0,0,0,0,0,0,0,0,0,0,0,1,0,0,0,0,0,8,0,0,0,0,0,0,0,0,0,0,0,0
0,0,71,1,114,1,0,0,15,0,939,0,0,0,0,0,287,0,16,1,54,0,203,0,451,0,155,0,0,0,16,0,446,0,0,0,0,0,0,0,1,0,0,0,0,0,0,0,0,0,0,0,0,0,0,0,0,0,1,0,0,0,0,0,0,0,0,0,0,0,0,0,0,0,75,0,196,0,0,0,0,0,0,0,0,0,2,0,1,0,0,0,0,0,0,0,0,0,0,0,0,0,0,0,0,0,0,0,0,0,0,1,0,0,0,0,0,0,0,0,0,0,0,0,0,0,0,0,0,0,0,0,0,0,0,0,0,0,0,0,0,0,0,0,0,0,0,0,0,0,3,0,5,0,0,0,44,0,0,0,0,0,0,0,0,0,0,0,0,0
0,0,0,78,0,58,0,0,0,16,0,890,0,0,0,0,0,40,0,8,0,35,1,230,0,43,0,73,0,0,0,63,0,320,0,0,0,0,0,0,0,2,0,0,0,17,0,0,0,0,0,0,0,0,0,0,0,0,0,2,0,0,0,0,0,0,0,0,0,0,0,0,0,0,0,69,0,108,0,4,0,0,0,0,0,1,0,22,0,0,0,3,0,1,0,0,0,0,0,0,0,0,0,0,0,0,0,0,0,0,0,0,0,0,0,0,0,0,0,0,0,0,0,0,0,0,0,0,0,0,0,0,0,0,0,0,0,0,0,0,0,0,0,0,0,0,0,0,0,0,1,7,0,6,0,0,0,17,0,0,0,0,0,0,0,0,0,0,0,0
0,0,40,0,588,0,0,0,155,0,1224,0,0,0,0,0,7,0,0,0,2,0,4,0,13,0,94,0,16,0,0,0,20,0,0,0,0,0,0,0,0,0,0,0,0,0,0,0,0,0,0,0,0,0,0,0,0,0,0,0,0,0,0,0,0,0,0,0,0,0,0,0,0,0,17,0,26,0,1,0,0,0,0,0,0,0,0,0,0,0,0,0,0,0,0,0,0,0,0,0,0,0,0,0,0,0,0,0,0,0,0,0,0,0,0,0,0,0,0,0,0,0,0,0,0,0,0,0,0,0,0,0,0,0,0,0,0,0,0,0,0,0,0,0,0,0,0,0,0,0,2,0,4,0,0,0,0,0,0,0,0,0,0,0,0,0,0,0,0,0
0,0,0,16,0,18,0,0,1,24,0,214,0,0,0,0,0,2,0,2,0,2,0,6,0,0,0,17,0,63,0,0,0,18,0,0,0,0,0,0,0,2,0,0,0,0,0,0,0,0,0,0,0,0,0,0,0,0,0,0,0,0,0,0,0,0,0,0,0,0,0,0,0,0,0,6,0,23,0,1,0,0,0,0,0,0,0,3,0,0,0,0,0,0,0,0,0,0,0,0,0,0,0,0,0,0,0,0,0,0,0,0,0,0,0,0,0,0,0,0,0,0,0,0,0,0,0,0,0,0,0,0,0,0,0,0,0,0,0,0,0,0,0,0,0,0,0,0,0,0,1,3,0,1,0,0,0,1,0,0,0,0,0,0,0,0,0,0,0,0
493,7,374,8,566,11,1513,0,1412,4,587,0,788,1,128,15,80,0,128,22,26,2,138,0,121,0,13,0,446,0,20,0,0,3,0,0,68,22,29,2,238,4,21,0,56,0,18,0,5,5,107,1,22,3,68,7,39,1,59,0,440,8,73,5,82,3,121,7,11,5,58,29,52,3,485,5,3138,5,75,2,0,0,134,3,352,12,327,0,263,7,11,0,94,0,0,0,1,0,5,0,1,0,1,2,2,0,1,1,0,2,1,4,0,1,0,0,0,0,0,0,0,0,3,0,4,0,21,1,20,0,0,0,0,0,3,0,2,0,8,0,0,1,2,0,30,0,1,1,5,1,15,3,20,4,22,5,7,0,0,0,0,0,3,0,2,0,0,0,2,0
5,129,3,207,4,527,1,1252,0,1229,0,493,0,1422,6,46,0,75,5,59,0,12,0,113,0,21,0,51,0,320,0,18,3,0,0,0,4,38,10,14,4,183,2,18,0,144,10,19,1,24,3,72,1,48,8,57,2,18,1,83,2,82,10,26,9,2,0,57,1,20,15,66,0,0,5,433,3,3453,3,94,0,0,4,202,11,775,0,937,4,194,0,5,0,66,1,1,0,0,1,3,1,2,0,1,0,0,1,2,1,4,1,4,1,0,0,0,0,0,0,0,0,0,1,1,0,5,2,22,2,6,0,0,0,0,0,2,0,3,0,6,0,0,0,19,2,47,0,3,1,2,0,1,5,24,5,26,0,15,1,1,0,0,1,2,0,0,0,2,1,0
0,0,0,0,0,0,0,0,0,0,0,0,0,0,0,0,0,0,0,0,0,0,0,0,0,0,0,0,0,0,0,0,0,0,0,0,0,0,0,0,0,0,0,0,0,0,0,0,0,0,0,0,0,0,0,0,0,0,0,0,0,0,0,0,0,0,0,0,0,0,0,0,0,0,0,0,0,0,0,0,0,0,0,0,0,0,0,0,0,0,0,0,0,0,0,0,0,0,0,0,0,0,0,0,0,0,0,0,0,0,0,0,0,0,0,0,0,0,0,0,0,0,0,0,0,0,0,0,0,0,0,0,0,0,0,0,0,0,0,0,0,0,0,0,0,0,0,0,0,0,0,0,0,0,0,0,0,0,0,0,0,0,0,0,0,0,0,0,0,0
0,0,0,0,0,0,0,0,0,0,0,0,0,0,0,0,0,0,0,0,0,0,0,0,0,0,0,0,0,0,0,0,0,0,0,0,0,0,0,0,0,0,0,0,0,0,0,0,0,0,0,0,0,0,0,0,0,0,0,0,0,0,0,0,0,0,0,0,0,0,0,0,0,0,0,0,0,0,0,0,0,0,0,0,0,0,0,0,0,0,0,0,0,0,0,0,0,0,0,0,0,0,0,0,0,0,0,0,0,0,0,0,0,0,0,0,0,0,0,0,0,0,0,0,0,0,0,0,0,0,0,0,0,0,0,0,0,0,0,0,0,0,0,0,0,0,0,0,0,0,0,0,0,0,0,0,0,0,0,0,0,0,0,0,0,0,0,0,0,0
81,65,220,96,114,47,62,8,36,9,1,0,14,3,1671,257,0,0,414,67,3,0,2,0,0,0,0,0,0,0,0,0,68,4,0,0,0,182,1452,16,21,3,5,1,0,1,5,11,34,1,6,6,28,3,32,2,2,0,1,0,145,14,183,6,49,4,30,0,10,3,2586,25,338,26,240,31,156,19,31,2,0,0,13,0,12,4,0,0,23,2,0,0,1,0,3,0,0,1,10,0,1,1,0,0,1,0,3,1,3,1,5,0,1,1,0,1,0,1,0,0,0,0,4,0,6,2,52,13,62,3,1,0,1,0,4,2,0,1,0,0,0,0,0,0,42,3,4,0,5,1,0,0,55,10,608,73,0,0,0,0,1,0,10,0,2,0,0,0,4,0
34,138,43,241,62,33,16,12,14,19,0,0,8,13,179,3012,0,0,17,751,0,1,0,0,0,0,0,0,0,0,0,0,22,38,0,0,182,0,14,1135,9,11,3,1,0,0,5,30,1,28,1,9,4,55,6,25,2,0,0,0,51,175,44,155,42,21,16,37,5,23,113,2590,93,547,42,132,35,54,5,15,0,0,6,13,11,38,0,0,9,13,0,0,0,1,0,0,0,0,2,2,1,0,0,0,0,0,1,2,0,1,1,2,1,3,0,0,0,0,0,0,0,0,1,4,1,2,9,31,14,23,1,0,0,0,0,7,0,2,1,0,0,2,0,1,3,17,2,3,4,3,0,1,1,118,81,1004,0,0,3,0,0,2,1,5,0,0,0,2,3,2
30,2,22,2,2,0,1,0,2,0,0,0,11,3,30,5,0,0,14,3,0,0,0,0,0,0,0,0,0,0,0,0,29,10,0,0,1452,14,0,182,56,12,11,0,0,0,446,104,204,21,26,31,126,17,92,11,12,5,8,2,14,7,79,13,40,2,30,8,29,15,1442,100,4,1,13,3,23,8,11,1,0,0,25,8,67,15,0,0,40,7,0,0,7,0,0,2,1,0,1,0,1,0,0,1,2,0,2,0,2,0,1,1,1,0,0,0,0,0,0,0,0,0,1,0,2,0,5,2,7,3,0,0,0,0,3,0,0,0,1,0,0,0,0,1,17,8,1,0,5,2,0,0,0,0,6,0,0,0,0,0,0,0,2,0,0,1,0,3,6,0
1,2,0,0,0,2,0,1,0,1,0,0,2,4,0,12,0,0,0,0,0,0,0,0,0,0,0,0,0,0,0,0,2,14,0,0,16,1135,182,0,38,133,4,0,0,0,121,398,57,145,31,37,46,48,41,20,4,4,6,8,3,8,14,13,2,7,7,17,5,38,121,1159,1,1,0,8,6,16,1,4,0,0,10,16,13,38,0,0,12,26,0,0,4,5,0,1,0,1,0,1,1,0,0,1,0,0,0,0,0,0,0,0,0,0,1,0,0,1,0,0,0,0,0,2,0,0,3,7,0,9,0,0,1,0,0,1,0,0,0,0,0,0,0,0,4,21,0,3,0,1,0,0,0,0,0,0,0,0,0,3,0,0,2,1,0,0,0,2,2,0
37,2,6,1,12,2,7,0,2,0,1,0,9,0,10,5,2,0,2,1,0,0,1,0,2,0,0,0,1,0,0,0,238,4,0,0,21,9,56,38,0,62,906,3,356,0,41,29,7,6,239,16,8,11,43,7,39,8,181,10,102,7,51,9,48,2,30,4,10,5,259,96,54,2,119,4,1051,7,317,3,0,0,5,0,265,6,928,0,418,8,154,0,452,3,6,1,4,0,23,1,22,0,9,2,5,0,27,3,30,6,44,3,3,11,1,1,0,0,0,0,13,0,6,0,35,0,38,1,21,2,2,0,26,0,41,0,3,0,209,1,5,0,62,1,686,2,4,0,19,0,0,0,0,0,2,1,129,0,2,1,0,0,257,2,4,0,2,2,17,1
2,34,0,13,0,13,0,12,0,3,0,6,0,21,1,6,0,4,2,2,0,1,0,5,0,1,0,0,0,2,0,2,4,183,0,0,3,11,12,133,62,0,2,867,0,382,25,21,6,18,29,161,4,28,14,34,3,17,6,625,3,106,4,19,6,9,3,33,2,13,49,152,1,6,2,105,1,998,0,484,0,0,2,8,8,416,0,858,5,406,0,426,1,329,1,8,0,2,2,15,2,10,1,8,5,3,15,17,8,16,7,16,1,12,1,0,0,0,0,1,0,7,0,2,0,44,0,37,4,18,0,3,0,19,1,25,0,1,0,76,0,4,0,101,1,631,0,1,0,0,0,0,0,0,0,1,1,98,3,11,0,0,3,404,1,12,1,17,7,1
4,3,1,2,6,2,0,0,0,0,0,0,2,0,2,3,14,2,0,1,0,0,6,0,0,0,0,0,0,0,0,0,21,2,0,0,5,3,11,4,906,2,0,1,141,0,166,9,1,1,917,3,6,3,14,2,22,0,2219,0,8,3,15,2,3,0,6,0,1,1,231,22,2,1,15,4,52,6,14,3,0,0,1,1,39,0,276,0,17,2,85,0,332,0,6,14,7,11,20,16,140,7,2,6,10,5,26,49,25,15,52,23,1,2,0,1,0,1,0,3,0,0,1,0,3,1,9,5,4,0,0,0,0,0,5,1,0,0,10,0,1,0,3,0,29,1,0,0,2,0,0,0,0,0,0,0,3,0,4,0,4,0,13,0,0,1,0,0,0,0
0,2,0,0,0,2,0,0,0,2,0,1,0,0,0,0,0,0,0,1,0,0,0,0,0,0,0,0,0,0,0,0,0,18,0,0,1,1,0,0,3,867,1,0,0,676,3,62,0,3,1,931,0,4,3,15,0,12,0,2613,1,0,0,2,0,0,0,3,0,0,4,103,0,0,0,0,0,102,0,14,0,0,0,1,0,37,0,304,1,57,0,539,1,152,5,19,2,9,0,101,0,236,2,10,1,9,23,55,8,29,2,24,2,1,6,1,1,2,1,3,0,0,0,0,0,1,1,1,0,1,0,0,0,0,2,3,0,0,0,2,0,1,0,4,0,10,0,0,0,0,0,0,0,0,0,0,0,2,0,1,0,1,1,5,0,0,0,16,0,0
0,0,0,0,0,0,0,0,0,0,2,0,0,0,0,0,0,0,0,0,0,0,0,0,1,0,0,0,0,0,0,0,56,0,0,0,0,0,0,0,356,0,141,0,0,0,0,0,0,0,0,0,0,0,0,0,0,0,15,0,1,0,0,0,0,0,0,0,0,0,0,0,1,0,53,0,758,0,126,0,0,0,0,0,0,0,588,0,6,0,24,0,9,0,0,0,0,0,1,0,0,0,0,0,0,0,0,0,0,0,1,0,1,0,0,0,0,0,0,0,1,0,0,0,5,0,4,1,1,0,0,0,3,0,7,0,1,0,4,0,0,0,0,0,1,0,0,0,0,0,0,0,0,0,0,0,53,0,0,0,1,0,18,0,3,0,1,0,0,0
0,1,0,8,0,16,0,0,0,4,0,19,0,0,0,0,1,125,1,3,0,8,0,34,0,3,0,0,0,17,0,0,0,144,0,0,1,0,0,0,0,382,0,676,0,0,0,1,0,0,0,0,0,1,0,0,0,0,0,34,0,1,0,1,0,0,0,0,0,0,0,0,0,0,0,62,0,597,0,185,0,0,0,0,0,13,0,683,0,17,0,33,0,26,0,0,0,0,0,0,0,1,0,0,0,0,0,1,0,1,0,0,0,0,0,0,0,0,0,0,0,0,0,0,0,4,0,0,0,0,0,0,0,1,0,5,0,0,0,17,0,0,0,0,0,2,0,0,0,0,0,0,0,1,0,1,0,190,0,0,0,0,0,0,1,0,0,0,1,0
4,1,1,0,0,0,1,0,0,0,0,0,1,0,1,0,0,0,1,0,0,0,0,0,0,0,0,0,0,0,0,0,18,10,0,0,5,5,446,121,41,25,166,3,0,0,0,1676,3041,774,4837,1026,2165,394,1244,70,554,28,73,34,3,2,4,4,5,1,2,2,7,7,1104,305,1,0,3,1,15,34,4,3,0,0,26,5,57,18,0,0,59,56,0,0,3,11,1,44,0,0,1,1,19,2,13,111,1,0,0,1,2,0,4,0,1,0,0,13,0,0,0,0,0,0,1,0,0,0,3,0,2,0,0,0,1,0,1,0,0,0,0,0,0,0,1,5,8,12,0,0,1,0,0,0,0,0,0,0,0,0,0,0,0,0,0,0,0,0,0,0,2,0
1,1,1,1,0,0,0,0,0,0,0,0,0,1,0,2,0,0,0,0,0,0,0,0,0,0,0,0,0,0,0,0,0,19,0,0,11,30,104,398,29,21,9,62,0,1,1676,0,508,3892,250,5080,83,1354,95,616,14,218,9,210,0,2,1,2,0,0,1,1,1,2,321,1161,0,0,0,0,3,38,1,5,0,0,2,14,7,60,0,0,16,95,0,1,3,55,0,49,0,1,0,1,1,22,0,87,0,0,1,1,0,1,1,0,0,0,1,0,0,0,0,0,0,0,0,0,0,1,0,1,0,0,0,0,0,0,0,0,0,0,0,2,0,0,0,4,1,19,0,0,0,0,0,0,0,0,0,0,0,1,0,0,0,0,0,0,0,0,0,1,0,0
2,0,0,0,0,0,0,0,0,0,0,0,4,1,2,0,0,0,0,0,0,0,0,0,0,0,0,0,0,0,0,0,5,1,0,0,34,1,204,57,7,6,1,0,0,0,3041,508,0,733,312,41,3735,95,380,13,23,6,5,11,2,1,51,0,9,0,4,0,10,4,1623,156,2,0,0,0,8,4,0,1,0,0,10,6,26,4,0,0,52,9,0,0,6,3,0,0,0,0,0,0,0,0,0,1,0,0,0,0,0,0,2,0,1,0,0,0,0,0,0,0,0,0,1,0,0,0,0,0,2,0,0,0,0,0,0,0,0,0,1,0,0,1,0,1,6,4,0,0,0,0,0,0,0,0,0,0,1,0,0,0,0,0,0,0,0,0,0,2,0,0
0,2,0,4,0,1,0,1,0,0,0,0,1,1,0,4,0,0,0,0,0,0,0,0,0,0,0,0,0,0,0,0,5,24,0,0,1,28,21,145,6,18,1,3,0,0,774,3892,733,0,15,238,29,3282,51,412,12,17,5,18,1,8,7,111,4,1,1,6,4,30,163,2391,0,2,1,0,9,41,0,6,0,0,5,14,9,37,0,0,16,54,0,0,6,11,1,1,1,0,1,0,1,0,1,2,0,0,0,0,0,2,0,0,1,2,0,0,0,0,0,0,0,0,0,0,0,1,1,0,0,2,0,0,0,0,0,0,0,0,0,0,0,0,0,4,2,13,0,0,0,2,0,0,0,0,0,0,0,0,0,0,0,0,0,2,1,0,0,1,0,0
6,0,0,0,1,0,1,0,1,0,0,0,8,0,1,0,0,0,0,0,0,0,0,0,0,0,0,0,0,0,0,0,107,3,0,0,6,1,26,31,239,29,917,1,0,0,4837,250,312,15,0,114,308,12,1322,6,2202,2,2682,3,8,0,4,1,4,0,3,1,3,7,1146,100,0,0,3,0,86,7,7,1,0,0,63,1,244,8,7,0,249,9,0,0,152,3,2,1,0,0,80,0,415,0,124,12,1,0,9,0,2,2,7,0,0,52,0,1,0,0,0,0,0,0,0,1,1,0,6,0,3,0,0,0,0,0,3,0,0,1,15,1,0,0,9,0,49,2,1,1,0,0,0,0,0,0,0,0,0,0,1,0,0,0,1,0,1,0,0,0,31,0
0,2,0,2,0,2,0,1,0,1,0,0,0,2,0,0,0,0,0,0,0,0,0,0,0,0,0,0,0,0,0,0,1,72,0,0,6,9,31,37,16,161,3,931,0,0,1026,5080,41,238,114,0,17,232,25,290,4,1138,4,1369,0,17,1,4,0,2,0,5,1,5,52,882,0,0,0,13,0,167,0,15,0,0,0,26,2,226,0,10,4,215,0,0,2,145,4,315,0,5,6,103,0,490,0,458,0,2,4,18,3,11,2,6,39,67,17,14,0,0,0,2,0,1,0,0,0,1,0,16,0,14,0,0,0,0,0,0,0,0,0,3,0,0,0,20,0,74,0,2,0,4,0,0,0,0,0,0,0,0,0,0,0,0,0,3,0,4,0,17,9,1
31,5,1,0,1,0,0,0,0,0,0,0,3,0,6,1,0,0,2,0,0,0,0,0,0,0,0,0,0,0,0,0,22,1,0,0,28,4,126,46,8,4,6,0,0,0,2165,83,3735,29,308,17,0,34,4221,13,96,5,35,6,16,4,800,1,84,2,10,2,44,11,887,82,10,0,5,1,26,14,5,0,0,0,44,2,58,11,1,0,128,20,0,0,26,5,0,0,0,0,2,0,1,0,4,2,0,0,2,0,2,0,2,0,0,0,0,0,0,0,0,0,0,0,0,0,1,0,1,0,3,1,0,0,0,0,0,0,0,0,1,2,1,0,0,1,9,6,0,1,1,1,0,0,0,0,0,0,0,0,0,0,0,1,1,1,0,0,0,2,0,0
2,20,2,12,0,2,0,1,0,0,0,0,0,1,0,6,0,0,0,1,0,0,0,0,0,0,0,0,0,0,0,0,3,48,0,0,3,55,17,48,11,28,3,4,0,1,394,1354,95,3282,12,232,34,0,34,3291,14,147,2,87,3,43,6,443,6,100,1,30,3,362,49,663,0,7,0,8,8,85,1,8,0,0,3,55,16,123,0,1,24,450,0,1,5,71,0,3,0,1,2,2,0,1,0,12,0,1,2,2,4,3,1,5,0,2,0,0,0,0,0,1,0,0,1,0,0,1,0,2,1,7,1,0,0,0,0,0,0,0,1,0,0,1,0,4,4,30,0,2,1,2,0,0,0,0,0,0,0,0,0,1,0,0,0,2,0,1,1,3,1,1
77,5,6,1,4,1,1,1,1,0,0,0,6,4,10,0,0,0,0,0,0,0,0,0,0,0,0,0,0,0,0,0,68,8,0,0,32,6,92,41,43,14,14,3,0,0,1244,95,380,51,1322,25,4221,34,0,27,3518,6,652,13,71,4,498,9,1008,3,34,3,1804,13,256,95,14,1,16,1,75,20,16,2,0,0,129,3,329,23,1,0,2241,19,1,0,351,4,0,0,1,0,3,0,2,0,16,2,1,0,4,0,1,0,5,0,1,1,0,0,0,0,0,1,0,0,0,0,0,0,7,1,7,0,0,0,1,0,2,1,0,0,2,1,0,0,1,1,28,5,2,0,7,0,0,0,0,0,0,0,0,0,0,1,0,0,2,0,3,0,0,0,0,0
1,51,0,7,0,1,0,0,0,0,0,0,0,4,1,5,0,0,0,0,0,0,0,0,0,0,0,0,0,0,0,0,7,57,0,0,2,25,11,20,7,34,2,15,0,0,70,616,13,412,6,290,13,3291,27,0,9,1438,2,323,3,110,5,151,5,142,5,50,1,954,21,183,0,1,1,5,10,109,1,12,0,0,2,69,13,190,0,4,12,2441,0,0,2,539,0,7,0,1,1,2,1,1,0,21,0,0,1,3,1,1,1,2,1,1,0,0,0,0,0,1,0,0,0,1,1,2,1,6,3,5,0,0,0,0,0,2,0,0,0,0,0,2,0,4,0,35,0,2,0,2,0,0,0,0,0,0,0,0,0,0,0,1,1,7,1,0,0,4,4,1
9,0,0,0,1,0,0,0,0,0,0,0,2,0,3,0,0,0,0,0,0,0,0,0,0,0,0,0,0,0,0,0,39,2,0,0,2,2,12,4,39,3,22,0,0,0,554,14,23,12,2202,4,96,14,3518,9,0,2,1851,1,4,1,6,2,18,0,5,0,4,3,80,24,1,0,1,0,38,11,6,1,0,0,31,1,153,5,10,0,721,11,3,0,935,1,0,0,0,0,1,0,0,0,13,0,1,0,1,0,3,0,2,0,0,0,0,0,0,0,0,0,0,0,0,0,0,0,2,0,0,0,0,0,0,0,0,0,0,0,1,0,0,0,2,0,10,1,1,0,0,0,0,0,0,0,0,0,0,0,0,0,0,0,0,0,0,0,1,0,3,0
0,0,0,1,0,0,0,0,0,0,0,0,0,1,0,0,0,0,0,0,0,0,0,0,0,0,0,0,0,0,0,0,1,18,0,0,0,0,5,4,8,17,0,12,0,0,28,218,6,17,2,1138,5,147,6,1438,2,0,1,1757,0,0,0,0,0,1,0,0,0,1,7,41,0,0,0,0,2,36,0,3,0,0,0,12,0,84,0,1,2,346,0,1,1,1069,0,41,0,1,0,0,0,3,0,37,1,1,1,2,0,0,0,0,0,0,0,0,0,0,0,0,0,0,0,0,0,0,0,1,0,0,0,0,0,0,0,0,0,0,0,0,0,0,0,8,0,19,0,1,0,0,0,0,0,0,0,0,0,0,0,0,0,0,0,1,0,0,0,1,3,0
3,1,0,0,0,0,0,0,1,0,0,0,1,0,1,0,0,0,0,0,0,0,0,0,0,0,0,0,1,0,0,0,59,1,0,0,1,0,8,6,181,6,2219,0,15,0,73,9,5,5,2682,4,35,2,652,2,1851,1,0,1,0,0,5,0,2,0,1,2,0,1,139,13,3,0,2,0,57,1,4,0,0,0,9,1,140,3,392,0,285,1,165,0,2584,0,3,0,0,1,1,0,7,0,45,0,0,0,1,0,0,0,0,0,0,0,0,0,0,0,0,0,0,0,0,0,0,0,0,0,2,0,0,0,0,0,1,0,0,0,6,0,0,0,2,0,9,0,2,0,1,0,0,0,0,0,0,0,0,0,0,0,0,0,0,0,0,0,0,0,0,0
0,0,0,3,0,7,0,0,0,3,0,1,0,1,0,1,0,0,0,0,0,0,0,2,0,1,0,0,0,2,0,0,0,83,0,0,0,0,2,8,10,625,0,2613,0,34,34,210,11,18,3,1369,6,87,13,323,1,1757,1,0,0,3,0,1,0,0,0,1,1,3,21,133,0,0,0,5,0,253,0,15,0,0,2,15,3,208,0,306,0,530,0,999,1,2996,0,50,1,1,0,6,1,27,0,115,0,0,2,0,1,1,0,0,1,0,2,0,0,0,0,2,0,0,0,1,0,0,0,3,1,0,0,0,0,0,0,1,0,0,0,0,0,1,0,10,0,22,0,0,0,0,0,0,0,1,0,1,0,0,0,0,0,0,0,0,1,0,0,0,0,0
4230,76,130,25,119,13,145,4,27,1,0,0,1328,1,228,75,0,0,3,1,0,0,0,0,0,0,0,0,0,0,0,0,440,2,0,0,145,51,14,3,102,3,8,1,1,0,3,0,2,1,8,0,16,3,71,3,4,0,0,0,0,38,1839,10,2455,4,2155,4,91,2,680,11,805,32,430,18,722,5,109,1,0,0,208,3,783,5,0,0,248,0,0,0,8,0,0,1,1,2,11,1,4,0,1,0,1,2,11,6,5,3,9,1,0,3,0,0,1,0,0,0,0,1,4,0,8,0,133,5,193,3,3,0,7,0,10,1,3,1,1,0,1,0,1,1,89,4,19,1,32,0,0,0,0,0,10,2,3,0,3,0,1,0,27,2,5,0,1,1,16,0
10,4281,3,103,3,98,1,324,1,29,0,1,5,1371,8,137,0,0,0,9,0,0,0,0,0,0,0,0,0,0,0,0,8,82,0,0,14,175,7,8,7,106,3,0,0,1,2,2,1,8,0,17,4,43,4,110,1,0,0,3,38,0,45,1774,54,1294,24,2432,3,381,48,353,14,422,11,371,9,799,4,111,0,0,4,10,13,242,0,0,3,209,0,0,0,5,2,0,3,1,2,8,6,0,2,3,6,4,12,7,12,17,12,10,10,18,0,0,0,0,0,4,0,0,0,6,2,7,5,131,5,208,0,2,0,11,2,49,1,10,0,2,0,3,0,6,6,144,1,48,7,41,0,0,0,0,1,2,0,2,5,0,0,2,1,84,3,5,5,27,16,1
273,43,29,3,24,3,11,1,5,0,0,0,17,5,83,7,0,0,2,2,0,0,0,0,0,0,0,0,0,0,0,0,73,10,0,0,183,44,79,14,51,4,15,0,0,0,4,1,51,7,4,1,800,6,498,5,6,0,5,0,1839,45,0,28,1575,11,99,32,444,18,2018,68,220,9,26,10,109,12,21,4,0,0,14,9,52,31,0,0,156,6,1,0,9,0,0,1,1,0,2,1,1,0,1,0,0,0,7,7,4,5,10,3,1,2,0,0,1,0,0,0,1,0,1,0,0,0,14,3,34,3,1,0,3,0,4,0,0,0,0,0,0,1,0,0,15,11,3,2,10,1,0,0,0,0,1,0,1,0,1,0,0,0,5,1,0,1,2,1,4,0
7,190,0,76,0,18,0,8,1,5,0,0,4,12,0,48,0,0,0,0,0,0,0,0,0,0,0,0,0,0,0,0,5,26,0,0,6,155,13,13,9,19,2,2,0,1,4,2,0,111,1,4,1,443,9,151,2,0,0,1,10,1774,28,0,18,575,9,109,3,551,29,1647,6,172,2,41,17,84,4,17,0,0,9,14,16,51,0,0,9,45,0,0,1,0,0,1,0,1,3,2,1,0,0,0,1,0,2,3,5,1,4,2,4,5,0,0,1,0,0,1,0,0,1,2,0,0,2,17,8,25,0,0,1,3,0,0,0,1,0,4,0,1,0,4,2,44,1,4,4,14,0,0,0,1,0,0,0,0,1,3,0,0,1,12,1,1,3,11,10,1
282,46,14,2,22,5,13,4,6,0,0,0,19,2,18,9,0,0,1,0,0,0,0,0,0,0,0,0,0,0,0,0,82,9,0,0,49,42,40,2,48,6,3,0,0,0,5,0,9,4,4,0,84,6,1008,5,18,0,2,0,2455,54,1575,18,0,6,1274,27,2229,7,115,36,22,4,49,9,127,14,27,1,0,0,18,10,127,16,0,0,554,4,0,0,13,1,2,0,2,1,6,1,2,0,0,0,1,0,7,3,3,3,3,2,3,0,1,0,0,0,0,1,0,0,1,0,3,0,13,1,52,2,0,0,1,0,5,1,0,0,0,0,0,0,0,0,24,6,1,0,26,2,0,0,0,0,0,0,0,0,1,2,1,0,7,1,2,1,0,3,4,0
1,188,0,13,0,10,0,7,0,0,0,0,0,3,2,1,0,0,0,1,0,0,0,0,0,0,0,0,0,0,0,0,3,2,0,0,4,21,2,7,2,9,0,0,0,0,1,0,0,1,0,2,2,100,3,142,0,1,0,0,4,1294,11,575,6,0,2,2146,0,1894,16,33,0,2,0,18,4,61,0,6,0,0,3,2,18,32,0,1,3,64,0,0,0,0,0,0,1,1,0,0,2,0,0,0,2,0,3,1,2,1,6,2,1,0,0,0,0,0,0,1,0,0,0,0,1,1,0,4,2,7,0,0,0,0,0,2,0,1,0,0,0,0,0,1,0,9,2,0,1,4,0,0,0,0,1,0,0,0,1,0,0,0,1,5,0,0,0,3,0,0
344,16,14,3,30,3,22,1,2,0,0,0,695,3,10,3,0,0,0,0,0,0,0,0,0,0,0,0,0,0,0,0,121,0,0,0,30,16,30,7,30,3,6,0,0,0,2,1,4,1,3,0,10,1,34,5,5,0,1,0,2155,24,99,9,1274,2,0,9,333,4,53,21,9,0,37,6,102,5,12,1,0,0,52,3,1030,7,0,0,255,5,0,0,2,0,2,0,0,0,8,2,2,0,1,0,0,0,0,1,8,3,2,0,0,2,0,0,0,0,0,1,0,0,3,0,1,1,6,1,37,4,2,0,3,0,2,0,0,0,2,0,0,0,0,0,10,5,2,1,20,1,0,0,0,0,2,0,0,0,2,1,0,0,2,0,2,0,1,2,4,1
2,574,0,20,1,78,1,205,0,20,0,0,3,461,3,7,0,0,0,3,0,0,0,0,0,0,0,0,0,0,0,0,7,57,0,0,0,37,8,17,4,33,0,3,0,0,2,1,0,6,1,5,2,30,3,50,0,0,2,1,4,2432,32,109,27,2146,9,0,2,768,20,62,3,1,3,68,4,129,2,21,0,0,7,21,9,1176,0,0,2,321,0,0,0,4,0,1,0,1,1,0,2,0,0,2,1,0,5,5,3,9,1,4,2,3,0,0,0,0,0,0,0,1,0,0,0,1,1,18,1,22,0,0,0,2,1,3,0,1,0,3,0,1,1,1,1,26,0,13,0,4,0,0,0,0,2,2,0,1,3,1,0,3,1,7,0,1,1,8,7,1
86,7,5,1,5,2,2,0,0,0,0,0,3,0,4,1,0,0,1,0,0,0,0,0,0,0,0,0,0,0,0,0,11,1,0,0,10,5,29,5,10,2,1,0,0,0,7,1,10,4,3,1,44,3,1804,1,4,0,0,1,91,3,444,3,2229,0,333,2,0,8,65,22,6,0,6,0,27,5,2,1,0,0,21,1,86,2,0,0,1128,3,0,0,14,0,0,0,0,0,0,0,0,0,0,0,0,0,0,1,1,1,2,1,0,2,0,0,0,0,0,0,0,0,1,0,0,0,2,0,5,1,0,0,0,0,1,0,0,0,0,0,0,0,0,0,6,4,1,0,3,0,0,0,0,0,0,0,1,0,0,0,0,0,1,0,0,0,0,0,0,0
2,95,0,8,0,6,0,5,0,0,0,0,0,1,0,1,0,0,0,0,0,0,0,0,0,0,0,0,0,0,0,0,5,20,0,0,3,23,15,38,5,13,1,0,0,0,7,2,4,30,7,5,11,362,13,954,3,1,1,3,2,381,18,551,7,1894,4,768,8,0,22,166,1,0,0,10,13,49,1,6,0,0,9,24,22,389,0,0,7,1242,0,0,0,7,0,0,0,0,2,2,0,1,0,1,1,0,0,3,3,1,1,1,2,0,0,0,0,0,0,0,0,0,1,0,0,0,1,2,1,7,0,0,0,0,0,2,0,1,0,0,0,0,0,0,4,14,1,3,1,3,0,0,0,0,0,0,0,0,1,0,0,0,0,3,0,0,1,2,1,0
115,35,39,11,11,2,9,3,2,2,0,0,19,2,246,27,0,0,2,0,0,0,0,0,0,0,0,0,0,0,0,0,58,15,0,0,2586,113,1442,121,259,49,231,4,0,0,1104,321,1623,163,1146,52,887,49,256,21,80,7,139,21,680,48,2018,29,115,16,53,20,65,22,0,924,271,19,33,12,96,29,14,2,0,0,37,9,96,43,4,0,112,33,1,0,21,3,2,1,2,1,9,2,13,0,2,4,1,0,6,2,3,1,5,1,1,1,1,0,0,0,0,2,0,0,3,1,3,0,14,3,46,10,1,1,3,0,4,0,0,0,2,0,0,0,0,3,29,27,4,1,8,1,0,0,1,0,5,0,0,0,1,0,1,0,5,0,2,0,1,5,4,0
17,117,3,143,0,15,3,9,0,3,0,0,8,18,9,156,0,0,0,1,0,0,0,0,0,0,0,0,0,0,0,0,29,66,0,0,25,2590,100,1159,96,152,22,103,0,0,305,1161,156,2391,100,882,82,663,95,183,24,41,13,133,11,353,68,1647,36,33,21,62,22,166,924,0,7,511,11,53,40,195,4,27,0,0,39,32,88,147,0,4,61,193,0,0,11,67,2,4,0,1,4,3,0,4,0,6,3,2,8,8,4,5,3,9,3,5,57,0,0,0,0,1,0,0,1,1,0,4,2,15,7,34,0,1,0,0,1,7,0,0,0,1,0,3,1,23,7,91,2,3,3,12,0,0,0,0,1,0,1,0,1,1,0,3,2,17,3,2,0,13,9,0
750,131,250,44,81,21,60,3,18,1,0,0,26,1,1350,200,0,0,2,2,1,0,0,0,0,0,0,0,0,0,0,0,52,0,0,0,338,93,4,1,54,1,2,0,1,0,1,0,2,0,0,0,10,0,14,0,1,0,3,0,805,14,220,6,22,0,9,3,6,1,271,7,0,34,170,28,318,3,75,3,0,0,2,0,12,4,0,0,10,1,0,0,1,0,1,2,0,0,7,0,0,0,0,1,0,1,5,2,4,2,3,2,0,4,0,0,1,0,0,1,2,0,2,0,8,0,87,7,103,3,4,0,3,0,7,3,6,1,2,0,0,0,0,0,68,3,11,0,21,0,0,0,0,1,10,2,1,0,2,0,0,0,25,2,2,0,1,0,1,1
6,503,1,92,2,14,0,9,0,0,0,0,3,4,10,769,0,0,1,0,0,0,0,0,0,0,0,0,0,0,0,0,3,0,0,0,26,547,1,1,2,6,1,0,0,0,0,0,0,2,0,0,0,7,1,1,0,0,0,0,32,422,9,172,4,2,0,1,0,0,19,511,34,0,1,91,4,37,4,14,0,0,0,0,2,3,0,0,1,0,0,0,0,0,0,0,0,1,3,1,2,0,0,0,0,0,3,2,0,2,3,1,1,1,0,0,0,0,0,0,0,0,0,3,0,2,4,20,0,50,0,0,0,2,0,10,0,6,0,1,0,0,0,1,4,29,0,16,0,5,0,0,0,0,1,1,0,0,2,2,0,0,0,8,1,0,0,2,2,1
506,25,802,72,1459,48,328,9,606,12,182,5,61,2,445,71,292,0,458,67,233,6,73,2,28,0,20,0,75,0,17,0,485,5,0,0,240,42,13,0,119,2,15,0,53,0,3,0,0,1,3,0,5,0,16,1,1,0,2,0,430,11,26,2,49,0,37,3,6,0,33,11,170,1,0,419,3261,13,996,4,0,0,7,0,47,8,1,0,23,0,1,0,3,0,5,3,2,3,42,4,6,2,1,0,2,1,15,12,9,13,10,3,8,11,1,2,0,0,0,1,52,4,27,1,144,0,535,4,316,1,13,0,19,0,237,2,42,1,7,0,0,0,2,1,547,4,38,0,94,0,146,3,154,36,218,38,94,0,2,0,0,0,98,2,10,0,3,5,19,2
30,912,27,1404,14,1720,6,418,6,720,0,210,3,125,50,510,5,514,16,434,16,586,15,81,0,18,1,11,0,69,0,6,5,433,0,0,31,132,3,8,4,105,4,0,0,62,1,0,0,0,0,13,1,8,1,5,0,0,0,5,18,371,10,41,9,18,6,68,0,10,12,53,28,91,419,0,13,2910,7,1526,0,0,1,7,6,39,0,24,3,12,0,2,0,3,3,2,2,2,10,20,5,0,2,0,4,2,33,22,13,15,9,7,27,28,0,0,1,0,0,3,0,29,0,44,1,434,5,775,2,324,0,29,2,52,3,545,1,158,0,11,0,7,0,11,11,514,0,75,1,73,23,220,6,182,39,149,0,464,13,29,0,6,3,106,4,28,5,62,44,3
498,19,652,34,792,27,202,2,472,3,383,1,64,4,385,43,352,1,311,59,66,9,151,1,224,0,15,0,196,0,26,0,3138,3,0,0,156,35,23,6,1051,1,52,0,758,0,15,3,8,9,86,0,26,8,75,10,38,2,57,0,722,9,109,17,127,4,102,4,27,13,96,40,318,4,3261,13,0,11,1746,7,0,0,29,1,264,16,362,0,259,5,21,0,128,1,3,4,4,2,38,3,12,2,2,0,6,1,23,16,12,7,22,3,4,5,0,0,0,1,1,1,14,0,11,0,134,0,190,4,69,1,7,0,31,1,110,1,11,1,62,0,0,0,11,0,193,6,14,2,22,1,30,9,57,19,44,29,312,1,5,1,0,0,142,2,7,0,2,10,24,0
10,806,6,717,10,1023,2,755,3,656,1,263,1,550,21,269,1,663,11,215,3,46,0,323,0,34,2,35,0,108,0,23,5,3453,0,0,19,54,8,16,7,998,6,102,0,597,34,38,4,41,7,167,14,85,20,109,11,36,1,253,5,799,12,84,14,61,5,129,5,49,29,195,3,37,13,2910,11,0,4,2243,0,0,4,132,13,430,0,373,16,224,0,24,1,170,1,10,6,7,2,8,5,6,0,9,1,5,24,19,7,15,7,23,6,14,1,0,0,2,1,4,0,6,1,3,0,171,5,310,0,46,0,16,1,26,1,63,0,19,0,29,0,1,1,33,6,119,0,17,3,9,4,13,2,30,16,66,0,175,3,15,0,1,1,106,2,3,2,22,15,0
78,5,80,6,136,3,22,0,71,0,6,0,16,1,67,10,2,0,54,10,0,1,1,0,0,0,0,0,0,0,1,0,75,3,0,0,31,5,11,1,317,0,14,0,126,0,4,1,0,0,7,0,5,1,16,1,6,0,4,0,109,4,21,4,27,0,12,2,2,1,14,4,75,4,996,7,1746,4,0,0,0,0,2,0,14,3,20,0,14,2,1,0,10,0,4,4,3,5,32,3,2,0,1,1,1,3,17,7,8,4,6,1,4,6,0,1,0,0,0,1,26,1,4,0,48,0,87,1,67,1,2,0,34,0,100,0,10,1,41,0,0,0,2,0,96,2,4,0,23,0,2,0,4,2,10,3,435,0,3,2,0,0,83,1,7,0,4,2,18,1
0,101,4,100,1,161,1,57,0,79,0,13,0,47,4,28,0,2,3,40,0,0,0,2,0,0,0,0,0,4,0,1,2,94,0,0,2,15,1,4,3,484,3,14,0,185,3,5,1,6,1,15,0,8,2,12,1,3,0,15,1,111,4,17,1,6,1,21,1,6,2,27,3,14,4,1526,7,2243,0,0,0,0,1,5,3,31,0,31,2,19,0,4,1,11,1,2,4,1,6,6,7,0,3,3,7,0,18,11,5,10,12,10,7,11,2,0,1,1,0,0,0,8,0,2,0,52,2,74,1,15,0,13,0,29,1,60,0,6,0,25,0,1,0,11,2,37,1,4,0,5,1,0,0,4,3,12,0,163,4,23,0,4,0,132,2,5,2,24,7,1
0,0,0,0,0,0,0,0,0,0,0,0,0,0,0,0,0,0,0,0,0,0,0,0,0,0,0,0,0,0,0,0,0,0,0,0,0,0,0,0,0,0,0,0,0,0,0,0,0,0,0,0,0,0,0,0,0,0,0,0,0,0,0,0,0,0,0,0,0,0,0,0,0,0,0,0,0,0,0,0,0,0,0,0,0,0,0,0,0,0,0,0,0,0,0,0,0,0,0,0,0,0,0,0,0,0,0,0,0,0,0,0,0,0,0,0,0,0,0,0,0,0,0,0,0,0,0,0,0,0,0,0,0,0,0,0,0,0,0,0,0,0,0,0,0,0,0,0,0,0,0,0,0,0,0,0,0,0,0,0,0,0,0,0,0,0,0,0,0,0
0,0,0,0,0,0,0,0,0,0,0,0,0,0,0,0,0,0,0,0,0,0,0,0,0,0,0,0,0,0,0,0,0,0,0,0,0,0,0,0,0,0,0,0,0,0,0,0,0,0,0,0,0,0,0,0,0,0,0,0,0,0,0,0,0,0,0,0,0,0,0,0,0,0,0,0,0,0,0,0,0,0,0,0,0,0,0,0,0,0,0,0,0,0,0,0,0,0,0,0,0,0,0,0,0,0,0,0,0,0,0,0,0,0,0,0,0,0,0,0,0,0,0,0,0,0,0,0,0,0,0,0,0,0,0,0,0,0,0,0,0,0,0,0,0,0,0,0,0,0,0,0,0,0,0,0,0,0,0,0,0,0,0,0,0,0,0,0,0,0
65,1,3,0,18,2,23,0,0,0,0,0,380,0,6,0,0,0,0,0,0,0,0,0,0,0,0,0,0,0,0,0,134,4,0,0,13,6,25,10,5,2,1,0,0,0,26,2,10,5,63,0,44,3,129,2,31,0,9,2,208,4,14,9,18,3,52,7,21,9,37,39,2,0,7,1,29,4,2,1,0,0,0,3,688,19,0,0,112,5,0,0,4,0,0,0,0,0,3,0,0,0,0,0,1,0,0,0,1,0,1,0,0,0,0,0,0,0,0,0,0,0,1,0,0,0,1,0,2,0,0,0,0,0,1,0,1,0,0,0,0,0,0,0,8,2,0,0,1,1,0,0,0,0,0,0,0,0,0,0,0,0,0,0,2,0,0,0,0,1
4,38,0,34,1,29,0,12,0,9,0,0,0,78,2,2,0,0,0,1,0,0,0,0,0,0,0,0,0,0,0,0,3,202,0,0,0,13,8,16,0,8,1,1,0,0,5,14,6,14,1,26,2,55,3,69,1,12,1,15,3,10,9,14,10,2,3,21,1,24,9,32,0,0,0,7,1,132,0,5,0,0,3,0,8,860,0,0,1,98,0,0,2,7,0,2,0,1,0,0,1,0,0,3,0,0,0,3,2,0,1,1,0,0,0,0,0,0,0,0,0,0,0,0,0,2,0,0,0,2,0,0,0,0,0,1,1,0,0,0,0,1,0,5,0,12,0,1,0,0,0,0,0,0,0,0,0,0,0,1,0,0,0,0,0,0,0,2,1,1
652,12,49,5,98,5,52,2,6,0,0,0,467,0,41,9,0,0,4,0,0,0,0,0,0,0,0,0,0,0,0,0,352,11,0,0,12,11,67,13,265,8,39,0,0,0,57,7,26,9,244,2,58,16,329,13,153,0,140,3,783,13,52,16,127,18,1030,9,86,22,96,88,12,2,47,6,264,13,14,3,0,0,688,8,0,46,760,0,3197,12,12,0,238,1,1,0,0,0,5,0,9,0,1,0,0,0,2,3,2,3,6,1,2,1,0,0,1,0,0,1,1,0,2,0,3,1,13,0,13,1,3,0,0,0,3,0,0,0,15,0,1,0,3,2,43,14,2,2,6,2,0,0,0,0,5,0,0,0,0,0,2,0,2,0,0,0,0,0,2,0
15,515,0,41,1,165,0,72,0,11,0,0,4,57,3,19,0,0,0,2,0,0,0,0,0,0,0,0,0,1,0,0,12,775,0,0,4,38,15,38,6,416,0,37,0,13,18,60,4,37,8,226,11,123,23,190,5,84,3,208,5,242,31,51,16,32,7,1176,2,389,43,147,4,3,8,39,16,430,3,31,0,0,19,860,46,0,0,903,18,4219,0,57,3,189,0,1,1,0,3,5,1,1,0,14,1,0,4,4,1,4,0,3,3,3,1,0,0,0,0,0,0,0,0,0,0,3,0,19,3,10,0,1,1,0,1,1,1,2,1,6,0,1,0,18,4,74,0,2,0,3,0,0,0,0,1,0,0,0,3,0,0,2,0,5,0,2,0,8,5,0
0,0,6,0,3,0,0,0,6,0,6,0,0,0,0,0,1,0,2,1,1,0,1,0,10,0,0,0,2,0,0,0,327,0,0,0,0,0,0,0,928,0,276,0,588,0,0,0,0,0,7,0,1,0,1,0,10,0,392,0,0,0,0,0,0,0,0,0,0,0,4,0,0,0,1,0,362,0,20,0,0,0,0,0,760,0,0,0,819,0,1275,0,585,0,0,0,0,0,0,1,0,0,0,0,0,0,0,0,1,0,0,0,0,0,0,0,0,0,0,0,0,0,0,0,5,0,0,0,0,0,0,0,1,0,0,0,0,0,7,0,0,0,1,0,5,0,0,0,0,0,0,0,2,0,0,0,5,0,0,0,0,0,0,0,0,0,0,0,0,0
0,0,1,12,0,20,0,0,0,7,0,28,0,2,0,0,0,32,0,5,0,4,0,27,0,1,0,3,0,22,0,3,0,937,0,0,0,0,0,0,0,858,0,304,0,683,0,0,0,0,0,10,0,1,0,4,0,1,0,306,0,0,0,0,0,1,0,0,0,0,0,4,0,0,0,24,0,373,0,31,0,0,0,0,0,903,0,0,0,493,0,1178,0,707,0,0,0,0,1,0,0,2,0,0,0,0,0,0,1,0,0,1,0,0,0,0,0,0,0,0,0,0,0,0,0,2,0,1,0,0,0,1,0,0,0,0,0,0,0,1,0,0,0,4,0,3,0,0,0,0,0,0,0,1,0,1,0,8,0,0,0,0,0,0,0,0,0,0,0,0
205,7,10,2,12,0,1,0,4,0,2,0,9,2,11,3,1,0,1,0,0,0,0,0,0,0,0,0,1,0,0,0,263,4,0,0,23,9,40,12,418,5,17,1,6,0,59,16,52,16,249,4,128,24,2241,12,721,2,285,0,248,3,156,9,554,3,255,2,1128,7,112,61,10,1,23,3,259,16,14,2,0,0,112,1,3197,18,819,0,0,5,790,0,3553,1,0,0,0,0,1,1,0,0,0,2,0,0,2,3,2,1,3,0,0,1,0,0,0,0,0,0,0,1,0,0,1,1,6,0,7,1,1,0,0,0,1,0,0,0,11,0,0,0,2,1,23,5,1,0,2,0,0,0,0,0,0,0,2,0,0,0,0,0,4,0,1,0,0,0,2,0
1,121,0,8,0,11,1,3,0,1,0,1,1,2,0,0,0,1,0,0,0,0,0,0,0,0,0,0,0,0,0,0,7,194,0,0,2,13,7,26,8,406,2,57,0,17,56,95,9,54,9,215,20,450,19,2441,11,346,1,530,0,209,6,45,4,64,5,321,3,1242,33,193,1,0,0,12,5,224,2,19,0,0,5,98,12,4219,0,493,5,0,0,1269,5,3419,0,1,0,1,3,0,1,5,0,13,1,0,2,1,1,0,3,2,2,1,0,0,0,0,0,1,0,0,0,0,0,0,2,3,0,2,1,1,0,1,0,0,0,0,1,1,0,0,0,6,1,23,0,2,1,2,0,0,0,1,0,0,0,0,0,0,0,0,1,1,1,0,0,0,1,1
0,0,0,0,0,0,0,0,0,0,0,0,0,0,0,0,0,0,0,0,0,0,0,0,1,0,0,0,0,0,0,0,11,0,0,0,0,0,0,0,154,0,85,0,24,0,0,0,0,0,0,0,0,0,1,0,3,0,165,0,0,0,1,0,0,0,0,0,0,0,1,0,0,0,1,0,21,0,1,0,0,0,0,0,12,0,1275,0,790,0,0,0,1024,0,0,0,0,0,0,0,0,0,0,0,0,0,0,0,0,0,0,0,0,0,0,0,0,0,0,0,0,0,0,0,0,0,0,0,0,0,0,0,0,0,0,0,0,0,1,0,0,0,0,0,0,0,0,0,0,0,0,0,0,0,0,0,1,0,0,0,0,0,0,0,0,0,0,0,0,0
0,0,0,1,0,2,0,0,0,0,0,2,0,0,0,0,0,0,0,0,0,0,0,0,0,0,0,0,0,3,0,0,0,5,0,0,0,0,0,0,0,426,0,539,0,33,0,1,0,0,0,0,0,1,0,0,0,1,0,999,0,0,0,0,0,0,0,0,0,0,0,0,0,0,0,2,0,24,0,4,0,0,0,0,0,57,0,1178,0,1269,0,0,0,1431,0,0,0,0,0,0,0,0,0,0,0,0,0,0,0,0,0,0,0,0,0,0,0,0,0,0,0,0,0,0,0,0,0,0,0,0,0,0,0,0,0,0,0,0,0,0,0,0,0,0,0,0,0,0,0,0,0,0,0,0,0,0,0,1,0,0,0,0,0,0,0,0,0,0,0,0
11,1,0,0,0,0,0,0,1,0,0,0,1,0,0,0,0,0,1,0,0,0,0,0,1,0,0,0,0,0,0,0,94,0,0,0,1,0,7,4,452,1,332,1,9,0,3,3,6,6,152,2,26,5,351,2,935,1,2584,1,8,0,9,1,13,0,2,0,14,0,21,11,1,0,3,0,128,1,10,1,0,0,4,2,238,3,585,0,3553,5,1024,0,0,0,0,0,0,0,1,0,0,0,0,0,0,0,1,0,2,0,1,1,1,0,0,0,0,0,0,0,0,0,0,0,0,0,1,0,0,0,0,0,0,0,1,0,0,0,5,0,0,0,1,2,12,1,0,0,1,0,0,0,0,0,0,0,0,0,0,0,0,0,0,0,0,0,0,0,1,0
0,3,1,3,0,2,0,1,0,0,0,4,0,0,0,0,0,3,0,0,0,0,0,4,0,0,0,0,0,1,0,0,0,66,0,0,0,1,0,5,3,329,0,152,0,26,11,55,3,11,3,145,5,71,4,539,1,1069,0,2996,0,5,0,0,1,0,0,4,0,7,3,67,0,0,0,3,1,170,0,11,0,0,0,7,1,189,0,707,1,3419,0,1431,0,0,0,10,0,1,0,0,0,5,0,16,0,0,0,1,1,0,0,0,0,0,0,0,0,0,0,0,0,0,0,0,0,0,0,0,0,0,0,0,0,0,0,0,0,0,0,0,0,1,0,2,0,8,0,1,0,0,0,0,0,1,0,0,0,0,0,0,0,0,0,0,0,0,0,0,1,0
3,3,0,1,2,0,0,1,0,1,0,0,0,0,1,3,0,0,0,2,0,0,0,0,0,0,0,0,0,0,0,0,0,1,0,0,3,0,0,0,6,1,6,5,0,0,1,0,0,1,2,4,0,0,0,0,0,0,3,0,0,2,0,0,2,0,2,0,0,0,2,2,1,0,5,3,3,1,4,1,0,0,0,0,1,0,0,0,0,0,0,0,0,0,0,14,3386,19,129,15,539,18,3340,39,467,6,648,66,166,33,28,9,37,25,45,69,92,56,22,17,0,0,0,0,1,2,1,4,0,2,0,0,0,1,1,1,0,0,0,0,0,0,0,0,1,1,1,0,1,1,0,0,0,0,0,0,0,0,9,3,1,0,6,0,0,2,0,9,0,1
1,2,0,0,0,0,2,0,0,0,0,0,0,1,1,2,0,0,0,1,0,0,0,0,0,0,0,0,0,0,0,0,0,1,0,0,0,0,2,1,1,8,14,19,0,0,44,49,0,1,1,315,0,3,0,7,0,41,0,50,1,0,1,1,0,0,0,1,0,0,1,4,2,0,3,2,4,10,4,2,0,0,0,2,0,1,0,0,0,1,0,0,0,10,14,0,26,2697,12,182,26,230,15,4020,30,342,100,1082,21,250,10,70,29,6,19,38,83,35,13,59,0,0,0,0,0,0,2,6,0,1,0,0,0,0,0,0,0,0,0,0,0,0,0,0,0,6,0,0,0,1,0,0,0,0,1,0,0,1,5,9,0,0,5,0,2,0,0,15,0,0
1,1,0,1,1,1,1,0,0,0,0,0,1,0,0,0,0,0,0,0,0,0,0,0,0,0,0,0,0,0,0,0,1,0,0,0,0,0,1,0,4,0,7,2,0,0,0,0,0,1,0,0,0,0,1,0,0,0,0,1,1,3,1,0,2,1,0,0,0,0,2,0,0,0,2,2,4,6,3,4,0,0,0,0,0,1,0,0,0,0,0,0,0,0,3386,26,0,44,45,12,262,14,554,22,1700,8,1010,94,100,30,13,15,11,13,34,55,175,98,25,7,0,0,0,0,0,0,4,3,1,1,0,0,1,1,4,0,0,0,0,0,0,0,0,0,2,2,0,0,0,0,0,0,0,0,0,0,0,0,2,0,0,1,5,0,1,0,0,9,3,0
1,4,0,1,1,2,0,1,1,0,0,0,0,0,1,1,0,0,0,0,0,0,0,0,0,0,0,0,0,0,0,0,0,0,0,0,1,0,0,1,0,2,11,9,0,0,0,1,0,0,0,5,0,1,0,1,0,1,1,1,2,1,0,1,1,1,0,1,0,0,1,1,0,1,3,2,2,7,5,1,0,0,0,1,0,0,0,0,0,1,0,0,0,1,19,2697,44,0,9,113,22,252,16,545,34,1886,99,2465,15,178,5,41,20,6,17,31,123,215,8,22,0,0,0,0,0,0,1,5,0,2,0,0,0,1,1,1,0,0,0,1,0,0,0,0,2,5,0,0,0,0,0,0,0,0,0,0,0,0,5,2,0,2,1,1,0,0,0,8,0,0
12,3,5,0,6,3,5,1,2,0,0,0,2,0,8,1,0,0,3,1,0,0,0,0,0,0,0,0,0,0,0,0,5,1,0,0,10,2,1,0,23,2,20,0,1,0,1,0,0,1,80,6,2,2,3,1,1,0,1,0,11,2,2,3,6,0,8,1,0,2,9,4,7,3,42,10,38,2,32,6,0,0,3,0,5,3,0,1,1,3,0,0,1,0,129,12,45,9,0,28,771,27,188,10,54,2,308,25,465,39,11,6,70,244,104,34,13,14,7,87,1,0,1,0,10,2,39,7,37,2,1,0,4,1,71,2,2,2,3,0,1,0,5,0,71,6,7,0,6,0,0,0,0,0,0,1,5,0,19,1,0,0,22,2,49,8,2,34,78,5
0,7,1,2,0,3,0,4,0,0,0,0,0,0,0,1,0,0,0,0,0,0,0,0,0,0,0,0,0,0,0,0,0,3,0,0,0,2,0,1,1,15,16,101,0,0,1,1,0,0,0,103,0,2,0,2,0,0,0,6,1,8,1,2,1,0,2,0,0,2,2,3,0,1,4,20,3,8,3,6,0,0,0,0,0,5,1,0,1,0,0,0,0,0,15,182,12,113,28,0,74,591,23,229,16,66,60,370,15,287,9,36,131,227,287,45,24,23,12,62,0,0,0,0,0,2,0,18,0,10,0,0,0,1,0,5,0,5,0,0,0,0,0,8,2,23,1,2,0,2,0,0,0,0,0,0,0,0,5,20,1,3,3,4,3,1,1,45,8,0
1,2,0,1,1,2,0,0,0,1,0,0,0,0,0,1,0,0,0,1,0,0,0,0,0,0,0,0,0,0,0,0,1,1,0,0,1,1,1,1,22,2,140,0,0,0,19,1,0,1,415,0,1,0,2,1,0,0,7,1,4,6,1,1,2,2,2,2,0,0,13,0,0,2,6,5,12,5,2,7,0,0,0,1,9,1,0,0,0,1,0,0,0,0,539,26,262,22,771,74,0,205,1818,41,403,11,861,78,302,80,57,17,18,200,1032,134,35,64,20,46,0,0,0,0,1,3,2,2,4,0,0,0,1,1,4,0,0,0,2,0,0,0,1,0,18,2,1,0,0,2,0,0,0,0,0,0,1,0,8,1,1,0,15,1,2,1,4,15,3,0
0,1,0,0,0,0,0,0,0,0,0,0,0,0,0,0,0,0,0,0,0,0,0,0,0,0,0,0,0,0,0,0,0,2,0,0,1,0,0,0,0,10,7,236,0,1,2,22,0,0,0,490,0,1,0,1,0,3,0,27,0,0,0,0,0,0,0,0,0,1,0,4,0,0,2,0,2,6,0,0,0,0,0,0,0,1,0,2,0,5,0,0,0,5,18,230,14,252,27,591,205,0,52,1294,6,73,37,273,25,270,4,198,86,15,703,142,18,29,8,54,0,0,0,0,0,0,1,1,0,1,0,0,0,0,0,0,0,0,0,0,0,0,0,1,0,3,0,0,0,0,0,0,0,0,0,0,0,0,5,1,0,0,3,0,0,1,1,7,0,0
0,1,0,0,0,0,0,1,0,0,0,0,0,0,0,0,0,0,0,0,0,0,0,0,0,0,0,0,0,0,0,0,1,0,0,0,0,0,0,0,9,1,2,2,0,0,13,0,0,1,124,0,4,0,16,0,13,0,45,0,1,2,1,0,0,0,1,0,0,0,2,0,0,0,1,2,2,0,1,3,0,0,0,0,1,0,0,0,0,0,0,0,0,0,3340,15,554,16,188,23,1818,52,0,73,354,9,364,39,134,43,19,10,17,20,214,474,137,55,20,28,0,0,0,0,0,0,0,1,1,0,0,0,0,0,2,0,0,0,0,0,0,0,0,0,2,0,1,0,0,0,0,0,0,0,0,0,0,0,9,0,0,0,7,0,6,1,0,14,1,0
