0,18,1900,33,1800,11,994,5,265,9,0,0,164,2,370,73,0,0,4,13,0,0,0,0,0,0,0,0,0,0,0,0,181,3,0,0,303,30,15,0,16,1,0,0,0,0,6,1,7,0,0,0,4,0,23,0,0,0,0,0,5410,2,107,7,132,0,68,1,32,2,454,1,965,1,192,22,100,14,8,1,0,0,6,0,44,1,0,0,88,0,1,0,3,0,1,1,0,1,15,4,3,0,0,1,0,0,0,0,3,2,1,1,3,1,1,0,0,1,0,0,0,0,4,0,1,0,16,0,13,0,3,0,0,1,29,1,12,1,3,0,0,1,0,0,17,2,25,0,2,0,1,0,0,6,39,33,0,0,0,1,1,0,0,1,1,3,1,1,12,0
18,0,1,2068,0,2515,6,1457,3,403,0,0,11,493,18,853,0,1,1,22,0,3,0,0,0,0,0,0,0,0,0,0,41,43,0,0,114,396,15,3,13,5,2,0,0,2,0,1,0,3,0,6,1,6,3,8,0,0,0,0,19,4989,2,133,5,236,3,139,1,48,67,14,42,326,11,558,10,200,1,27,0,0,5,4,12,10,0,0,8,19,0,0,1,3,2,5,2,3,10,10,5,2,0,6,1,0,4,2,1,3,1,0,6,26,0,0,1,0,0,1,0,7,0,2,1,16,0,30,1,16,0,2,0,6,3,29,1,7,0,6,0,10,0,9,1,69,1,28,1,16,0,1,0,3,0,44,0,6,0,0,0,6,1,33,0,4,1,1,3,0
1900,1,0,16,8484,15,226,4,757,6,280,1,28,1,1955,28,75,27,4633,70,415,92,117,1,61,0,521,0,43,1,89,0,211,4,0,0,958,24,42,0,9,0,1,0,3,0,1,0,0,0,0,0,0,1,0,0,0,0,1,0,189,1,2,1,1,1,6,1,1,0,61,3,308,1,773,54,317,16,4,0,0,0,0,0,5,0,3,0,13,0,2,0,2,0,0,1,1,0,11,0,1,2,1,1,0,0,0,0,1,1,0,1,0,1,0,0,0,0,0,0,8,0,10,0,4,0,19,0,3,0,5,0,0,0,66,0,28,0,4,0,0,0,1,0,10,0,12,0,1,0,249,56,550,168,914,175,16,12,0,0,1,0,2,2,2,0,1,0,1,0
33,2068,16,0,8,7229,7,247,12,368,0,102,0,13,35,2089,0,2,1,4238,0,545,0,30,0,68,0,146,0,5,0,21,18,120,0,0,106,194,2,1,2,2,1,0,0,0,0,0,0,1,0,0,0,4,0,0,0,0,0,0,21,304,1,29,1,56,0,35,0,9,13,4,31,67,20,595,9,315,1,13,0,0,0,0,0,6,0,1,1,5,0,0,0,0,0,2,1,1,9,5,0,0,0,3,0,0,1,1,1,0,0,0,8,3,1,0,0,0,0,1,0,0,1,0,0,3,2,3,1,6,0,0,0,4,2,19,0,3,1,1,1,1,0,2,1,24,2,13,0,4,2,3,0,158,21,112,0,5,0,0,1,2,1,8,1,0,1,2,4,0
1800,0,8484,8,0,5,893,1,4243,6,1135,1,25,0,435,19,33,14,275,43,59,38,39,3,14,0,642,1,83,0,757,1,182,5,0,0,484,14,15,0,9,0,0,0,2,0,0,0,0,0,0,0,0,0,0,0,0,0,1,0,125,2,1,0,3,2,2,0,0,0,25,0,95,0,627,17,216,7,3,1,0,0,1,0,0,0,6,0,4,0,3,0,2,0,0,1,0,0,5,0,0,0,1,1,0,0,0,0,2,0,0,0,1,2,0,1,0,0,0,0,6,0,7,0,3,0,22,0,0,0,4,0,0,1,51,0,18,0,2,0,0,0,0,0,3,1,9,0,2,0,93,38,144,129,448,155,16,6,0,0,0,0,0,0,1,0,2,0,3,0
11,2515,15,7229,5,0,10,1617,7,2762,0,730,1,22,43,231,1,4,1,809,0,156,0,16,0,30,0,480,0,56,0,80,12,402,0,0,30,89,8,4,3,1,1,0,0,0,0,0,0,0,0,1,0,1,0,1,0,0,0,0,17,254,0,25,0,64,3,51,1,18,12,4,10,10,21,791,8,617,0,17,0,0,1,1,2,6,0,2,2,3,0,1,0,1,0,0,0,1,6,7,1,0,0,2,1,0,0,0,0,0,0,0,2,10,0,0,0,0,0,0,0,0,0,1,0,7,2,2,1,8,0,0,0,2,1,16,0,1,0,1,0,3,0,1,2,26,0,8,1,7,1,2,0,54,11,83,0,4,0,0,0,3,0,5,0,1,1,0,1,0
994,6,226,7,893,10,0,2,1597,5,3,0,1078,1,243,15,1,0,19,6,0,0,0,0,0,0,1,0,0,0,0,0,358,0,0,0,155,25,16,0,13,0,1,0,0,0,0,0,0,0,0,0,1,0,3,0,0,0,0,0,274,3,20,1,10,0,9,0,1,0,86,0,180,0,411,13,105,8,4,1,0,0,4,0,9,0,0,0,12,0,0,0,1,0,0,0,0,0,11,1,4,0,0,0,0,0,1,0,1,2,0,0,1,3,0,0,0,1,0,0,4,0,17,0,1,0,28,0,6,0,5,0,0,0,47,0,31,0,2,0,2,0,0,0,19,0,21,0,1,0,0,0,1,11,50,55,2,0,0,0,0,1,5,0,2,0,0,1,5,0
5,1457,4,247,1,1617,2,0,0,2092,0,6,1,1027,22,104,0,0,0,79,0,2,0,0,0,0,0,0,0,0,0,0,7,1364,0,0,21,34,5,2,1,3,1,0,0,0,0,0,0,0,0,2,0,5,0,3,0,0,0,0,4,447,0,17,0,84,1,105,0,18,11,1,5,7,4,382,6,272,1,5,0,0,1,5,2,8,0,0,5,13,0,0,0,1,0,2,1,0,2,6,1,0,0,1,1,1,1,1,0,0,0,0,2,14,0,0,0,0,0,0,0,1,0,0,2,11,3,3,0,9,0,1,0,2,2,17,0,2,0,3,0,6,0,5,2,35,2,8,0,9,0,2,0,17,3,27,1,2,0,0,0,1,1,7,0,3,1,0,2,0
265,3,757,12,4243,7,1597,0,0,4,1675,1,187,0,188,19,0,1,57,10,2,2,3,0,0,1,16,0,7,0,65,0,999,2,0,0,113,17,6,0,6,0,1,0,1,0,0,1,0,0,0,0,0,0,1,0,0,0,0,0,48,0,0,1,2,2,2,0,4,0,27,0,57,0,955,13,387,3,8,1,0,0,2,0,3,0,6,0,4,1,1,0,1,0,1,0,0,0,4,0,3,0,0,0,0,0,0,0,1,1,0,0,3,0,0,0,0,0,0,1,11,0,17,0,16,1,18,0,5,0,3,0,0,0,65,1,31,0,1,0,0,0,1,0,13,0,10,0,3,0,4,16,14,80,150,96,5,0,0,0,1,0,2,1,2,0,1,0,5,0
9,403,6,368,6,2762,5,2092,4,0,0,1047,3,32,25,105,0,0,0,176,0,24,0,3,0,4,0,17,0,1,0,42,4,1182,0,0,7,27,1,1,3,0,0,0,0,1,0,0,0,0,0,1,0,2,1,1,0,0,0,0,5,87,0,7,0,26,0,31,0,7,0,1,2,0,19,403,4,367,0,8,0,0,0,2,0,0,0,0,0,1,0,0,0,0,0,0,0,0,1,1,2,0,1,0,0,0,0,0,1,0,0,0,1,6,0,0,0,0,0,0,0,1,3,1,0,1,1,3,0,3,0,1,0,1,1,8,1,0,1,0,0,1,0,0,0,12,1,4,0,3,0,3,0,72,8,48,0,1,0,0,0,1,0,1,1,2,1,1,2,0
0,0,280,0,1135,0,3,0,1675,0,0,0,1,0,0,0,39,1,16,4,14,14,30,0,32,0,178,0,965,0,1204,0,260,0,0,0,1,0,0,0,5,0,2,0,6,0,0,0,0,0,0,0,0,0,0,0,0,0,2,0,0,0,0,0,0,0,0,0,0,0,1,0,1,0,342,3,618,1,6,0,0,0,0,0,0,0,57,0,5,0,12,0,3,0,0,0,1,0,0,1,0,0,0,0,0,0,0,0,0,0,0,0,0,0,0,0,0,0,0,0,5,0,0,0,2,0,2,0,0,0,1,0,0,0,4,0,1,0,0,0,0,0,1,0,0,0,1,0,0,0,11,3,28,8,20,6,31,1,0,0,0,0,0,0,0,0,0,0,1,0
0,0,1,102,1,730,0,6,1,1047,0,0,0,0,0,0,0,10,1,49,0,106,0,58,0,48,0,429,0,732,0,517,0,1218,0,0,0,0,0,0,0,0,0,0,0,0,0,0,0,0,0,1,0,0,0,0,0,0,0,0,0,0,0,0,0,0,0,0,0,0,0,0,0,0,0,22,0,353,0,2,0,0,0,0,0,2,0,2,0,2,0,0,0,0,0,0,0,0,0,0,0,0,0,0,0,0,0,0,0,0,1,0,0,0,0,0,0,0,0,0,0,0,0,1,0,0,0,0,0,0,0,0,0,0,0,0,0,0,0,0,0,0,0,0,0,0,0,0,0,0,0,0,1,13,0,14,0,2,0,0,0,0,0,0,0,0,0,0,0,0
164,11,28,0,25,1,1078,1,187,3,1,0,0,0,35,12,0,0,3,2,0,0,0,0,0,0,0,0,0,0,0,0,575,0,0,0,71,13,2,0,4,0,1,0,0,0,1,1,5,0,1,0,1,0,7,0,0,0,0,0,832,12,8,10,18,3,399,0,13,1,132,0,42,1,125,1,53,0,3,1,0,0,170,0,435,0,9,0,79,1,0,0,0,0,0,1,0,0,7,0,0,0,0,1,1,0,1,1,0,0,0,0,1,0,0,0,0,0,1,0,1,0,5,0,1,0,8,0,8,0,3,0,0,0,13,0,10,0,3,0,0,0,0,0,6,0,8,0,4,0,0,0,0,1,9,10,0,0,0,0,0,0,2,0,1,0,0,1,4,0
2,493,1,13,0,22,1,1027,0,32,0,0,0,0,0,12,0,0,0,8,0,0,0,0,0,0,0,0,0,0,0,0,2,986,0,0,2,12,2,8,0,4,1,1,0,1,0,1,0,1,0,0,0,1,1,1,0,0,0,0,1,901,0,17,0,18,0,1160,0,12,6,3,1,1,1,154,0,271,0,24,0,0,0,211,1,346,0,91,3,6,0,1,1,0,0,1,1,0,1,3,1,0,2,3,0,0,0,2,1,0,0,0,4,7,0,0,0,0,0,0,0,0,0,2,0,2,0,3,0,2,0,0,0,1,0,10,0,0,0,22,0,11,1,10,0,28,0,8,0,7,0,0,0,0,0,1,0,3,1,0,0,3,0,12,1,1,0,0,3,0
370,18,1955,35,435,43,243,22,188,25,0,0,35,0,0,127,1,0,520,22,0,0,0,0,0,0,0,0,0,0,0,0,146,3,0,0,2059,54,154,4,15,1,2,0,0,0,6,6,1,0,0,0,0,0,1,0,0,0,0,0,165,4,3,5,6,3,4,2,1,0,73,1,1048,1,228,44,117,15,9,1,0,0,2,0,4,0,1,1,3,0,0,0,1,1,0,0,0,0,16,4,4,2,0,3,1,0,3,0,2,2,1,0,4,5,0,0,0,0,0,0,3,0,7,1,5,1,32,0,10,0,7,0,1,0,33,1,21,0,5,0,0,0,0,0,26,4,16,2,3,0,1,0,1,23,235,113,1,1,0,0,0,1,3,7,3,1,2,2,8,0
73,853,28,2089,19,231,15,104,19,105,0,0,12,12,127,0,0,4,1,935,0,3,0,1,0,0,1,1,0,0,1,0,37,36,0,0,160,2806,2,6,2,2,0,0,0,0,1,0,0,0,0,1,0,3,0,1,0,0,0,0,40,355,0,244,3,22,7,29,1,15,23,146,57,1381,46,471,21,138,3,11,0,0,0,1,1,1,0,0,2,5,0,0,0,0,0,1,1,0,4,5,3,1,0,2,1,0,1,1,1,0,0,0,3,3,1,0,0,0,0,0,0,1,2,1,1,3,4,4,2,8,0,0,0,2,6,15,2,3,0,1,0,2,0,2,5,17,3,6,0,3,2,9,0,67,40,229,1,18,0,0,0,3,1,8,2,0,1,2,3,0
0,0,75,0,33,1,1,0,0,0,39,0,0,0,1,0,0,38,15,3,228,28,1100,2,260,0,85,1,92,0,5,0,64,0,0,0,0,0,0,0,0,0,0,0,2,0,0,0,0,0,0,0,0,0,0,0,0,0,0,0,0,0,0,0,0,0,0,0,0,0,0,0,0,0,27,24,276,2,0,0,0,0,0,0,0,0,2,0,0,0,0,0,0,0,0,0,0,0,0,0,0,0,0,0,0,0,0,0,0,0,0,0,0,0,0,0,0,0,0,0,0,0,0,0,0,0,0,0,0,0,1,0,0,0,0,0,0,0,0,0,0,0,0,0,0,0,0,0,0,0,89,2,43,5,31,2,669,4,0,0,0,0,0,0,0,0,0,0,0,0
0,1,27,2,14,4,0,0,1,0,1,10,0,0,0,4,38,0,1,9,4,568,1,883,10,208,7,23,1,56,2,0,0,300,0,0,0,2,0,0,0,1,0,19,0,23,0,0,0,0,0,0,0,0,0,0,0,0,0,4,0,2,0,0,0,0,0,0,0,0,0,0,0,1,72,74,0,116,0,0,0,0,0,0,0,19,0,116,0,19,0,15,0,1,0,0,0,0,0,0,0,0,0,0,0,0,0,0,0,0,0,0,0,1,0,0,0,0,0,0,0,0,1,0,0,0,0,0,0,0,0,0,0,0,0,0,0,0,0,0,0,0,0,0,0,0,0,0,0,0,6,160,4,66,3,26,15,1250,0,0,0,0,0,0,0,0,0,0,0,0
4,1,4633,1,275,1,19,0,57,0,16,1,3,0,520,1,15,1,0,13,981,16,75,0,5,0,21,0,2,0,4,0,30,0,0,0,642,6,3,0,2,0,0,0,0,0,0,0,0,0,0,0,0,0,0,0,0,0,1,0,1,1,0,0,0,0,0,0,0,0,1,0,0,0,149,4,38,2,0,0,0,0,0,0,0,0,1,0,0,0,0,0,0,0,0,0,0,0,1,1,0,0,0,0,0,0,0,0,0,0,0,0,0,0,0,0,0,0,0,0,0,0,3,0,0,0,4,0,2,0,1,0,0,0,8,0,3,0,1,0,0,0,0,0,1,0,3,0,0,0,91,20,1452,61,1282,91,6,5,0,0,0,0,1,0,1,0,0,1,1,0
13,22,70,4238,43,809,6,79,10,176,4,49,2,8,22,935,3,9,13,0,2,556,1,32,1,18,1,19,0,6,4,7,2,127,0,0,18,1135,0,0,0,0,1,0,0,0,0,0,0,0,0,0,0,0,0,0,0,0,0,0,2,14,0,1,0,7,1,7,0,1,0,0,1,0,30,354,6,289,0,5,0,0,0,0,0,1,0,0,0,1,0,0,0,0,0,0,0,0,1,1,0,0,0,1,0,0,0,0,0,0,0,0,1,1,0,0,0,0,0,0,0,1,1,0,0,1,3,1,0,2,0,0,0,0,0,3,3,0,0,0,0,0,0,0,0,8,0,0,0,0,19,14,11,920,13,203,2,4,0,0,0,0,0,1,0,0,0,0,3,0
0,0,415,0,59,0,0,0,2,0,14,0,0,0,0,0,228,4,981,2,0,19,1169,1,94,0,49,0,3,0,1,0,3,0,0,0,0,0,0,0,0,0,0,0,0,0,0,0,0,0,0,0,0,0,0,0,0,0,0,0,0,0,0,0,0,0,0,0,0,0,0,0,0,0,46,10,7,1,0,0,0,0,0,0,0,0,0,0,0,0,0,0,0,0,0,0,0,0,0,0,0,0,0,0,0,0,0,0,0,0,0,0,0,0,0,0,0,0,0,0,0,0,0,0,0,0,0,0,0,0,0,0,0,0,1,0,0,0,0,0,0,0,0,0,0,0,0,0,0,0,241,5,502,3,73,8,63,1,0,0,0,0,0,0,0,0,0,0,0,0
0,3,92,545,38,156,0,2,2,24,14,106,0,0,0,3,28,568,16,556,19,0,24,820,25,134,19,86,3,106,8,13,2,199,0,0,1,3,0,0,1,0,0,3,0,1,0,0,0,0,0,0,0,1,0,1,0,0,0,0,0,0,0,0,0,0,0,0,0,0,0,0,0,0,189,439,2,458,0,7,0,0,0,0,0,10,0,10,0,9,0,4,0,0,0,0,0,0,0,2,0,0,0,0,0,0,0,0,0,0,0,0,0,1,0,0,0,0,0,0,0,0,0,0,0,0,0,0,0,0,0,0,0,0,1,1,0,1,0,0,0,0,0,0,0,2,0,0,0,0,52,266,24,274,6,39,12,146,0,0,0,1,0,0,0,1,0,0,0,0
0,0,117,0,39,0,0,0,3,0,30,0,0,0,0,0,1100,1,75,1,1169,24,0,0,2018,0,170,0,139,0,4,0,43,1,0,0,0,0,0,0,0,0,0,0,1,0,0,0,0,0,0,0,0,0,0,0,0,0,1,0,0,0,0,0,0,0,0,0,0,0,0,0,0,0,43,7,52,0,0,0,0,0,0,0,0,0,1,0,0,0,1,0,0,0,0,0,0,0,0,0,0,0,0,0,0,0,0,0,0,0,0,0,0,0,0,0,0,0,0,0,0,0,0,0,0,0,0,0,0,0,0,0,0,0,0,0,0,0,0,0,0,0,0,0,0,0,0,0,0,0,168,2,94,7,30,2,500,0,0,0,0,0,0,0,0,0,0,0,0,0
0,0,1,30,3,16,0,0,0,3,0,58,0,0,0,1,2,883,0,32,1,820,0,0,3,680,2,142,0,231,0,1,0,256,0,0,0,0,0,0,0,0,0,2,0,0,0,0,0,0,0,0,0,0,0,0,0,0,0,2,0,0,0,0,0,0,0,0,0,0,0,0,0,0,7,50,0,208,0,0,0,0,0,0,0,9,0,32,0,7,0,2,0,0,0,0,0,0,0,0,0,0,0,0,0,0,0,0,0,0,0,0,0,0,0,0,0,0,0,0,0,0,0,0,0,0,0,0,0,0,0,0,0,0,0,0,0,0,0,0,0,0,0,0,0,1,0,0,0,0,4,33,0,9,0,1,2,210,0,0,0,0,0,0,0,0,0,0,0,0
0,0,61,0,14,0,0,0,0,0,32,0,0,0,0,0,260,10,5,1,94,25,2018,3,0,0,208,0,771,0,1,0,183,0,0,0,0,0,0,0,1,0,0,0,0,0,0,0,0,0,0,0,0,0,0,0,0,0,1,0,0,0,0,0,0,0,0,0,0,0,0,0,0,0,51,15,86,0,0,0,0,0,0,0,0,0,0,0,1,0,0,0,0,0,0,0,0,0,0,0,0,0,0,0,0,0,0,0,0,0,0,0,0,0,0,0,0,0,0,0,0,0,0,0,0,0,0,0,0,0,0,0,0,0,0,0,0,0,0,0,0,0,0,0,0,0,0,0,0,0,36,2,6,1,4,2,113,1,0,0,0,0,0,0,0,0,0,0,0,0
0,0,0,68,0,30,0,0,1,4,0,48,0,0,0,0,0,208,0,18,0,134,0,680,0,0,0,309,0,180,0,4,0,235,0,0,0,0,0,0,0,0,0,1,0,1,0,0,0,0,0,0,0,0,0,0,0,0,0,0,0,0,0,0,0,0,0,0,0,0,0,0,0,0,0,9,0,73,0,0,0,0,0,0,0,1,0,23,0,2,0,2,0,1,0,0,0,0,0,0,0,0,0,0,0,0,0,0,0,0,0,0,0,0,0,0,0,0,0,0,0,0,0,0,0,0,0,0,0,0,0,0,0,0,0,0,0,0,0,0,0,0,0,0,0,0,0,0,0,0,0,1,0,2,0,0,0,110,0,0,0,0,0,0,0,0,0,0,0,0
0,0,521,0,642,0,1,0,16,0,178,0,0,0,0,1,85,7,21,1,49,19,170,2,208,0,0,0,138,0,61,0,63,0,0,0,0,0,0,0,0,0,0,0,1,0,0,0,0,0,0,0,0,0,0,0,0,0,0,0,0,0,0,0,0,0,0,0,0,0,0,0,0,0,51,10,107,0,0,0,0,0,0,0,0,0,1,0,1,0,0,0,1,0,0,0,0,0,0,0,0,0,0,0,0,0,0,0,0,0,0,0,0,0,0,0,0,0,0,0,1,0,0,0,0,0,0,0,0,0,0,0,0,0,0,0,0,0,0,0,0,0,0,0,0,0,0,0,0,0,40,1,17,3,7,4,20,3,0,0,0,0,0,0,0,0,0,0,0,0
0,0,0,146,1,480,0,0,0,17,0,429,0,0,0,1,1,23,0,19,0,86,0,142,0,309,0,0,0,148,0,251,0,129,0,0,0,0,0,0,0,0,0,0,0,0,0,0,0,0,0,0,0,0,0,0,0,0,0,0,0,0,0,0,0,0,0,0,0,0,0,0,0,0,0,29,0,111,0,0,0,0,0,0,0,2,0,1,0,2,0,0,0,0,0,0,0,0,0,0,0,0,0,0,0,0,0,0,0,0,0,0,1,0,0,0,0,0,0,0,0,0,0,0,0,0,0,0,0,0,0,0,0,0,0,0,0,0,0,0,0,0,0,0,0,0,0,1,0,0,1,1,0,2,0,5,0,0,0,0,0,0,0,0,0,0,0,0,0,0
0,0,43,0,83,0,0,0,7,0,965,0,0,0,0,0,92,1,2,0,3,3,139,0,771,0,138,0,0,0,12,0,685,0,0,0,0,0,0,0,2,0,0,0,0,0,0,0,0,0,0,0,0,0,0,0,0,0,0,0,0,0,0,0,0,0,0,0,0,0,0,0,0,0,41,2,96,0,0,0,0,0,0,0,0,0,41,0,0,0,0,0,2,0,0,0,0,0,0,0,0,0,0,0,0,0,0,0,0,0,0,0,0,0,0,0,0,0,0,0,0,0,0,0,0,0,0,0,0,0,0,0,0,0,0,0,0,0,0,0,0,0,0,0,0,0,0,0,0,0,2,0,1,1,0,0,50,0,0,0,0,0,0,0,0,0,0,0,0,0
0,0,1,5,0,56,0,0,0,1,0,732,0,0,0,0,0,56,0,6,0,106,0,231,0,180,0,148,0,0,0,134,0,842,0,0,0,0,0,0,0,1,0,1,0,0,0,0,0,0,0,0,0,0,0,0,0,0,0,0,0,0,0,0,0,0,0,0,0,0,0,0,0,0,2,7,0,87,0,1,0,0,0,0,0,18,0,165,0,9,0,3,0,0,0,0,0,0,0,0,0,0,0,1,0,0,0,0,0,0,0,0,0,0,0,0,0,0,0,0,0,0,0,0,0,0,0,0,0,0,0,0,0,0,0,0,0,0,0,0,0,0,0,0,0,1,0,0,0,0,0,1,0,4,0,1,0,9,0,0,0,0,0,0,0,0,0,0,0,0
0,0,89,0,757,0,0,0,65,0,1204,0,0,0,0,1,5,2,4,4,1,8,4,0,1,0,61,0,12,0,0,0,4,0,0,0,1,0,0,0,1,0,0,0,0,0,0,0,0,0,0,0,0,0,0,0,0,0,0,0,0,0,0,0,0,0,0,0,0,0,0,0,0,0,22,0,56,0,0,0,0,0,0,0,0,0,1,0,0,0,2,0,0,0,0,0,0,0,0,0,0,0,0,0,0,0,0,0,0,0,0,0,0,0,0,0,0,0,0,0,0,0,0,0,0,0,0,0,0,0,0,0,0,0,1,0,0,0,0,0,0,0,0,0,0,0,0,0,0,0,6,1,7,8,5,4,0,3,0,0,0,0,0,0,0,0,0,0,0,0
0,0,0,21,1,80,0,0,0,42,0,517,0,0,0,0,0,0,0,7,0,13,0,1,0,4,0,251,0,134,0,0,0,62,0,0,0,0,0,0,0,0,0,0,0,0,0,0,0,0,0,0,0,0,0,0,0,0,0,0,0,0,0,0,0,0,0,0,0,0,0,0,0,0,0,8,0,45,0,0,0,0,0,0,0,0,0,0,0,0,0,1,0,0,0,0,0,0,0,0,0,0,0,0,0,0,0,0,0,0,0,0,0,0,0,0,0,0,0,0,0,0,0,0,0,0,0,0,0,0,0,0,0,0,0,0,0,0,0,0,0,0,0,0,0,0,0,0,0,0,1,0,0,2,0,0,0,1,0,0,0,0,0,0,0,0,0,0,0,0
181,41,211,18,182,12,358,7,999,4,260,0,575,2,146,37,64,0,30,2,3,2,43,0,183,0,63,0,685,0,4,0,0,2,0,0,418,34,17,1,342,1,34,0,42,0,4,0,6,0,13,0,5,3,6,1,0,0,49,0,374,44,36,25,60,6,96,3,13,3,579,3,314,13,1252,22,2567,8,28,1,0,0,87,0,345,2,708,0,460,3,237,0,138,0,4,2,3,1,61,7,15,4,11,6,4,0,3,4,4,3,1,2,8,7,2,0,2,0,1,1,12,0,22,0,31,2,37,0,39,0,4,0,0,0,91,1,35,0,55,0,14,1,18,2,83,4,54,0,14,0,1,2,4,14,61,34,50,0,0,1,2,1,12,6,3,1,3,2,23,0
3,43,4,120,5,402,0,1364,2,1182,0,1218,0,986,3,36,0,300,0,127,0,199,1,256,0,235,0,129,0,842,0,62,2,0,0,0,6,23,24,19,0,37,0,5,0,64,3,1,0,3,0,3,0,19,0,19,0,0,0,4,1,94,0,22,1,12,0,223,0,30,3,7,2,1,5,448,1,2977,0,89,0,0,2,421,0,1610,0,1259,6,157,0,30,0,2,3,3,0,1,1,6,0,2,1,10,1,0,0,2,1,3,1,0,2,8,0,0,0,0,0,0,0,1,0,3,0,7,0,0,0,5,0,1,0,3,2,15,0,4,0,38,0,27,0,23,0,94,0,9,0,4,1,7,1,117,3,23,0,43,0,0,0,3,4,17,1,1,1,1,4,2
0,0,0,0,0,0,0,0,0,0,0,0,0,0,0,0,0,0,0,0,0,0,0,0,0,0,0,0,0,0,0,0,0,0,0,0,0,0,0,0,0,0,0,0,0,0,0,0,0,0,0,0,0,0,0,0,0,0,0,0,0,0,0,0,0,0,0,0,0,0,0,0,0,0,0,0,0,0,0,0,0,0,0,0,0,0,0,0,0,0,0,0,0,0,0,0,0,0,0,0,0,0,0,0,0,0,0,0,0,0,0,0,0,0,0,0,0,0,0,0,0,0,0,0,0,0,0,0,0,0,0,0,0,0,0,0,0,0,0,0,0,0,0,0,0,0,0,0,0,0,0,0,0,0,0,0,0,0,0,0,0,0,0,0,0,0,0,0,0,0
0,0,0,0,0,0,0,0,0,0,0,0,0,0,0,0,0,0,0,0,0,0,0,0,0,0,0,0,0,0,0,0,0,0,0,0,0,0,0,0,0,0,0,0,0,0,0,0,0,0,0,0,0,0,0,0,0,0,0,0,0,0,0,0,0,0,0,0,0,0,0,0,0,0,0,0,0,0,0,0,0,0,0,0,0,0,0,0,0,0,0,0,0,0,0,0,0,0,0,0,0,0,0,0,0,0,0,0,0,0,0,0,0,0,0,0,0,0,0,0,0,0,0,0,0,0,0,0,0,0,0,0,0,0,0,0,0,0,0,0,0,0,0,0,0,0,0,0,0,0,0,0,0,0,0,0,0,0,0,0,0,0,0,0,0,0,0,0,0,0
303,114,958,106,484,30,155,21,113,7,1,0,71,2,2059,160,0,0,642,18,0,1,0,0,0,0,0,0,0,0,1,0,418,6,0,0,0,101,749,2,58,2,2,1,2,0,6,10,2,0,2,3,0,2,4,1,0,0,4,0,209,64,12,37,19,9,99,9,4,4,1112,4,956,29,191,55,149,28,14,6,0,0,25,1,34,1,3,0,21,2,2,0,3,1,3,5,0,0,22,4,10,4,4,6,0,3,1,3,5,5,4,1,5,12,0,0,0,0,0,0,2,0,7,1,11,2,23,2,14,4,6,0,1,0,41,2,12,0,8,0,0,0,1,0,24,7,30,2,9,2,1,2,8,15,779,88,1,0,0,0,2,1,9,5,9,1,5,0,14,0
30,396,24,194,14,89,25,34,17,27,0,0,13,12,54,2806,0,2,6,1135,0,3,0,0,0,0,0,0,0,0,0,0,34,23,0,0,101,0,31,288,1,15,0,1,0,0,2,82,15,70,0,11,1,147,2,10,0,0,0,0,21,582,0,1714,1,81,6,44,1,99,63,1866,22,1059,32,273,14,62,1,2,0,0,11,3,11,15,0,1,5,11,0,0,0,0,0,0,0,1,1,1,0,0,0,1,1,0,0,0,1,0,0,1,2,4,4,0,0,0,0,0,0,1,0,2,0,3,5,3,1,2,0,1,0,0,7,6,3,0,0,1,1,7,1,2,2,21,1,2,0,9,0,3,0,315,15,1225,0,3,0,0,0,1,0,4,0,0,3,0,4,0
15,15,42,2,15,8,16,5,6,1,0,0,2,2,154,2,0,0,3,0,0,0,0,0,0,0,0,0,0,0,0,0,17,24,0,0,749,31,0,92,157,119,11,21,0,2,241,320,57,12,18,14,39,125,2,77,2,12,6,17,7,44,0,99,0,32,3,84,1,53,1046,162,3,5,14,22,4,20,0,5,0,0,13,3,10,53,0,4,16,52,0,4,2,25,0,2,0,0,0,0,0,0,2,3,0,0,0,0,0,0,0,0,2,0,0,0,0,0,0,0,0,0,0,0,1,3,2,0,0,0,0,0,0,0,3,3,2,0,0,8,0,8,0,6,1,31,1,3,0,2,0,0,0,1,4,2,0,0,0,0,0,0,0,2,0,0,0,0,0,0
0,3,0,1,0,4,0,2,0,1,0,0,0,8,4,6,0,0,0,0,0,0,0,0,0,0,0,0,0,0,0,0,1,19,0,0,2,288,92,0,4,180,0,28,0,1,145,331,107,81,10,47,35,308,15,157,5,37,2,24,2,8,0,145,0,44,1,125,0,88,76,1148,0,1,0,17,0,34,0,7,0,0,1,7,4,67,0,3,12,72,0,1,2,34,0,5,0,0,0,1,0,0,0,6,0,0,1,0,1,0,0,0,0,2,3,0,0,0,0,0,0,0,0,1,0,0,0,0,0,1,0,1,0,2,1,4,0,0,0,4,0,12,0,10,0,45,0,1,0,0,0,0,0,0,0,2,0,0,0,0,0,0,0,1,0,0,0,0,1,0
16,13,9,2,9,3,13,1,6,3,5,0,4,0,15,2,0,0,2,0,0,1,0,0,1,0,0,0,2,0,1,0,342,0,0,0,58,1,157,4,0,6,1018,0,359,0,407,4,72,0,466,0,26,2,5,0,11,0,610,1,18,7,0,4,7,5,8,7,0,3,718,4,39,0,87,4,199,6,150,1,0,0,3,1,195,1,117,0,619,1,387,0,496,0,14,13,14,3,21,18,31,10,37,18,6,4,24,14,17,7,5,6,5,12,2,0,1,3,4,0,0,0,1,0,18,1,14,0,22,0,1,0,0,0,27,1,1,0,190,0,34,0,146,1,503,2,60,0,43,0,0,0,0,2,5,5,2,0,3,3,2,5,56,18,7,5,4,0,8,1
1,5,0,2,0,1,0,3,0,0,0,0,0,4,1,2,0,1,0,0,0,0,0,0,0,0,0,0,0,1,0,0,1,37,0,0,2,15,119,180,6,0,1,3130,0,152,115,236,65,29,2,156,13,205,8,417,0,44,0,454,0,6,0,26,0,7,0,36,0,36,80,330,0,0,1,12,0,76,0,90,0,0,0,6,1,99,0,147,6,916,0,171,0,512,0,26,0,0,0,1,0,0,0,21,0,0,0,0,0,0,0,0,2,1,1,1,0,0,0,0,0,0,0,1,0,4,0,1,0,1,0,0,0,1,0,3,0,1,0,130,0,9,0,28,0,173,0,4,0,6,0,0,0,0,0,0,0,2,0,0,0,1,0,44,0,0,0,0,1,0
0,2,1,1,0,1,1,1,1,0,2,0,1,1,2,0,0,0,0,1,0,0,0,0,0,0,0,0,0,0,0,0,34,0,0,0,2,0,11,0,1018,1,0,0,344,0,66,1,1,0,445,0,0,1,1,1,20,0,1297,0,1,2,0,1,0,1,0,0,0,1,122,0,2,0,7,1,10,0,4,1,0,0,0,0,26,1,468,0,255,0,355,0,377,0,41,6,21,1,14,12,34,13,50,21,21,0,59,3,24,3,6,3,1,2,3,0,2,2,0,2,0,0,0,0,0,0,0,0,0,0,0,0,0,0,2,0,0,0,8,1,1,0,0,0,9,0,4,0,3,0,0,0,0,0,0,0,0,0,5,5,1,4,15,18,5,7,1,1,0,0
0,0,0,0,0,0,0,0,0,0,0,0,0,1,0,0,0,19,0,0,0,3,0,2,0,1,0,0,0,1,0,0,0,5,0,0,1,1,21,28,0,3130,0,0,0,953,11,117,4,1,7,717,0,22,0,49,0,41,0,2636,0,0,0,0,0,0,0,0,0,1,4,181,0,0,0,1,0,79,0,7,0,0,0,0,0,10,0,361,0,102,0,393,0,257,0,15,0,0,0,0,0,1,0,12,0,0,0,0,0,0,0,0,1,0,0,0,0,0,0,0,0,0,0,0,0,0,0,0,0,0,0,0,0,0,0,0,0,0,0,4,0,0,0,1,0,3,0,0,0,0,0,0,0,0,0,0,0,0,0,0,0,0,0,1,0,0,0,0,0,0
0,0,3,0,2,0,0,0,1,0,6,0,0,0,0,0,2,0,0,0,0,0,1,0,0,0,1,0,0,0,0,0,42,0,0,0,2,0,0,0,359,0,344,0,0,0,0,0,0,0,0,0,0,0,0,0,0,0,76,0,1,0,0,0,0,0,1,0,0,0,0,0,1,0,7,0,289,1,39,0,0,0,0,0,0,0,1276,0,84,0,550,0,125,0,0,0,0,0,1,0,0,0,0,0,0,0,0,0,0,0,0,0,0,2,0,0,0,0,0,0,0,0,0,0,4,0,0,0,2,0,0,0,0,0,0,0,0,0,3,0,1,0,2,0,1,0,0,0,1,0,0,0,0,0,0,0,69,0,0,0,0,0,2,0,0,0,0,0,0,0
0,2,0,0,0,0,0,0,0,1,0,0,0,1,0,0,0,23,0,0,0,1,0,0,0,1,0,0,0,0,0,0,0,64,0,0,0,0,2,1,0,152,0,953,0,0,1,7,0,0,0,3,0,5,0,18,0,1,0,63,0,0,0,0,0,1,0,6,0,4,2,2,0,0,0,11,0,241,0,228,0,0,0,0,0,65,0,693,0,256,0,316,0,75,0,1,0,0,1,0,1,0,0,1,0,0,0,1,0,0,0,0,0,2,0,0,0,0,0,0,0,2,0,0,0,14,0,0,0,0,0,1,0,0,0,2,0,0,0,22,0,3,0,8,0,22,0,1,0,0,0,0,0,0,0,0,0,19,0,0,0,1,0,3,0,0,0,0,0,0
6,0,1,0,0,0,0,0,0,0,0,0,1,0,6,1,0,0,0,0,0,0,0,0,0,0,0,0,0,0,0,0,4,3,0,0,6,2,241,145,407,115,66,11,0,1,0,1544,2486,600,2204,409,1100,100,2165,28,987,3,253,25,11,0,4,6,3,3,1,5,2,1,2299,100,1,0,0,1,0,5,0,0,0,0,3,1,15,2,0,0,705,2,0,0,283,2,324,56,169,0,0,0,4,1,138,99,0,0,0,0,0,0,0,0,0,0,3,108,0,0,0,0,0,0,0,0,0,0,0,0,0,0,0,0,0,0,0,0,0,0,0,2,0,0,0,0,14,1,0,0,0,0,0,0,0,0,0,0,0,0,0,0,0,0,0,0,0,0,0,0,0,0
1,1,0,0,0,0,0,0,1,0,0,0,1,1,6,0,0,0,0,0,0,0,0,0,0,0,0,0,0,0,0,0,0,1,0,0,10,82,320,331,4,236,1,117,0,7,1544,0,519,3056,134,1648,22,2105,10,1278,1,535,0,97,4,2,2,37,1,2,0,5,0,21,139,1676,0,2,0,1,0,8,0,7,0,0,0,1,2,12,0,5,15,189,0,7,3,125,0,101,0,0,0,1,0,11,0,28,0,0,0,0,0,0,0,0,0,0,67,11,0,0,0,0,0,0,0,0,0,0,0,0,0,0,0,0,0,0,0,1,0,0,0,9,0,3,0,2,0,11,0,2,0,1,0,0,0,0,0,1,0,1,0,0,0,0,0,1,0,0,0,0,0,0
7,0,0,0,0,0,0,0,0,0,0,0,5,0,1,0,0,0,0,0,0,0,0,0,0,0,0,0,0,0,0,0,6,0,0,0,2,15,57,107,72,65,1,4,0,0,2486,519,0,1758,104,33,2164,100,1275,6,82,0,18,3,32,0,156,2,41,1,14,6,37,5,1222,446,1,1,0,0,1,2,0,0,0,0,10,0,43,2,0,0,427,1,0,0,48,1,5,0,4,0,0,0,1,0,5,0,0,0,0,0,0,0,0,0,0,1,0,1,0,0,0,0,0,0,0,0,0,0,0,0,0,0,0,0,0,0,0,0,0,0,1,0,0,0,0,0,3,1,0,0,0,0,0,0,0,0,0,0,0,0,0,0,0,0,0,0,0,0,0,0,0,0
0,3,0,1,0,0,0,0,0,0,0,0,0,1,0,0,0,0,0,0,0,0,0,0,0,0,0,0,0,0,0,0,0,3,0,0,0,70,12,81,0,29,0,1,0,0,600,3056,1758,0,9,320,0,1866,0,388,0,12,0,9,0,2,0,121,0,9,0,8,0,82,88,1168,0,0,1,5,0,2,0,1,0,0,1,0,0,12,0,2,1,18,0,0,0,4,0,8,0,0,0,0,0,1,0,3,0,0,0,0,0,0,0,0,0,0,24,6,0,0,0,0,0,0,0,0,0,0,0,0,0,1,0,0,0,0,1,1,0,0,0,1,0,0,0,0,0,3,0,2,0,1,0,0,0,0,0,3,0,0,0,0,0,0,0,0,0,0,0,1,0,0
0,0,0,0,0,0,0,0,0,0,0,0,1,0,0,0,0,0,0,0,0,0,0,0,0,0,0,0,0,0,0,0,13,0,0,0,2,0,18,10,466,2,445,7,0,0,2204,134,104,9,0,666,69,6,520,4,1672,2,2576,12,2,0,1,0,2,0,1,1,0,3,355,6,0,0,1,0,7,0,0,0,0,0,1,0,22,0,5,0,772,0,4,0,764,1,2137,1,420,0,3,0,178,4,2352,17,0,0,0,0,0,0,0,0,1,2,11,59,0,0,0,0,0,0,0,0,0,0,1,0,2,0,0,0,0,0,1,0,0,0,4,0,3,0,11,0,22,0,2,0,1,0,0,0,0,0,0,0,0,0,0,0,0,0,0,0,0,0,0,0,0,0
0,6,0,0,0,1,0,2,0,1,0,1,0,0,0,1,0,0,0,0,0,0,0,0,0,0,0,0,0,0,0,0,0,3,0,0,3,11,14,47,0,156,0,717,0,3,409,1648,33,320,666,0,1,217,0,370,0,1364,0,1405,0,8,0,5,0,3,0,5,0,6,3,823,0,0,1,19,0,10,0,3,0,0,0,0,0,2,0,0,0,47,0,1,0,82,0,2496,0,0,1,1,0,96,0,1313,0,0,0,0,0,0,0,0,2,3,242,573,1,0,0,0,0,0,0,0,1,4,0,0,0,0,0,0,0,0,0,8,0,1,0,0,0,0,0,0,0,3,0,0,0,0,0,0,0,0,0,1,0,1,0,0,0,0,0,1,0,0,0,1,2,0
4,1,0,0,0,0,1,0,0,0,0,0,1,0,0,0,0,0,0,0,0,0,0,0,0,0,0,0,0,0,0,0,5,0,0,0,0,1,39,35,26,13,0,0,0,0,1100,22,2164,0,69,1,0,1,5043,0,119,0,19,0,18,2,421,0,182,2,3,2,40,1,357,13,0,0,0,1,0,0,0,0,0,0,6,0,8,0,0,0,296,0,0,0,37,2,27,0,8,0,0,0,1,0,10,1,0,0,0,0,0,0,0,0,0,0,0,0,0,0,0,0,0,0,0,0,0,0,0,0,0,0,0,0,0,0,1,0,0,0,0,0,0,0,0,0,0,0,0,0,0,0,0,0,0,0,0,0,0,0,0,0,0,0,0,0,0,0,0,0,0,0
0,6,1,4,0,1,0,5,0,2,0,0,0,1,0,3,0,0,0,0,0,1,0,0,0,0,0,0,0,0,0,0,3,19,0,0,2,147,125,308,2,205,1,22,0,5,100,2105,100,1866,6,217,1,0,0,2550,0,87,0,69,0,8,0,251,0,84,0,39,0,611,37,951,0,1,0,19,2,39,0,5,0,0,0,8,1,85,0,4,6,235,0,7,1,98,0,10,0,1,0,1,0,0,0,5,0,0,0,0,0,0,0,0,0,2,3,3,0,0,0,0,0,0,0,0,0,2,0,0,0,2,0,0,0,0,0,7,0,1,0,13,0,11,0,5,0,38,0,3,0,3,0,0,0,2,0,6,0,0,0,0,0,2,0,4,1,0,0,0,0,0
23,3,0,0,0,0,3,0,1,1,0,0,7,1,1,0,0,0,0,0,0,0,0,0,0,0,0,0,0,0,0,0,6,0,0,0,4,2,2,15,5,8,1,0,0,0,2165,10,1275,0,520,0,5043,0,0,0,2766,0,138,0,99,3,1272,2,570,3,26,3,1432,0,570,5,2,1,0,1,1,0,0,0,0,0,11,0,48,3,1,0,3005,2,0,0,166,0,128,0,40,0,0,1,0,0,41,0,0,0,0,0,0,0,0,0,0,0,0,0,0,0,0,0,0,0,0,0,0,0,0,0,0,0,0,0,0,0,0,0,0,0,0,0,0,2,0,0,0,3,0,0,0,0,0,0,0,0,0,0,0,0,0,0,0,0,0,0,0,0,0,0,0,0
0,8,0,0,0,1,0,3,0,1,0,0,0,1,0,1,0,0,0,0,0,1,0,0,0,0,0,0,0,0,0,0,1,19,0,0,1,10,77,157,0,417,1,49,0,18,28,1278,6,388,4,370,0,2550,0,0,0,1029,0,498,0,6,0,33,0,34,0,17,0,804,14,419,1,1,0,14,0,36,0,12,0,0,0,6,0,80,0,9,0,1558,0,14,0,396,0,74,1,0,0,1,0,0,0,56,0,0,0,0,1,0,1,0,0,4,1,1,0,0,0,0,0,0,0,0,0,2,0,1,0,2,0,0,0,0,0,1,0,0,0,29,0,11,0,9,0,65,0,2,0,0,0,0,0,0,0,2,0,0,0,0,0,0,1,5,0,0,0,1,1,0
0,0,0,0,0,0,0,0,0,0,0,0,0,0,0,0,0,0,0,0,0,0,0,0,0,0,0,0,0,0,0,0,0,0,0,0,0,0,2,5,11,0,20,0,0,0,987,1,82,0,1672,0,119,0,2766,0,0,0,1774,0,0,0,1,0,0,0,1,0,0,0,2,0,0,0,0,0,0,0,0,0,0,0,0,0,1,0,0,0,562,0,0,0,1203,0,788,0,87,0,0,0,0,0,224,0,0,0,0,0,0,0,0,0,0,0,0,0,0,0,0,0,0,0,0,0,0,0,0,0,0,0,0,0,0,0,0,0,0,0,1,0,0,0,0,0,0,0,0,0,0,0,0,0,0,0,0,0,0,0,0,0,0,0,0,0,0,0,0,0,0,0
0,0,0,0,0,0,0,0,0,0,0,0,0,0,0,0,0,0,0,0,0,0,0,0,0,0,0,0,0,0,0,0,0,0,0,0,0,0,12,37,0,44,0,41,0,1,3,535,0,12,2,1364,0,87,0,1029,0,0,0,2122,0,0,0,0,0,0,0,0,0,0,1,29,0,0,0,0,0,0,0,0,0,0,0,0,0,0,0,1,0,269,0,0,0,1449,0,695,0,0,0,0,0,0,0,312,0,0,0,0,0,0,0,0,0,0,1,1,0,0,0,0,0,0,0,0,0,0,0,0,0,0,0,0,0,0,0,0,0,0,0,0,0,0,0,0,0,0,0,0,0,0,0,0,0,0,0,0,0,0,0,0,0,0,0,0,0,0,0,0,0,0
0,0,1,0,1,0,0,0,0,0,2,0,0,0,0,0,0,0,1,0,0,0,1,0,1,0,0,0,0,0,0,0,49,0,0,0,4,0,6,2,610,0,1297,0,76,0,253,0,18,0,2576,0,19,0,138,0,1774,0,0,0,0,1,0,0,0,0,1,0,1,0,41,0,1,0,0,0,20,0,2,0,0,0,0,0,11,0,51,0,304,1,708,0,3968,0,1818,0,44,0,1,0,0,0,2010,1,0,0,0,0,0,0,0,0,0,0,0,2,0,0,0,0,0,0,0,0,1,0,0,0,0,0,0,0,0,0,0,0,1,0,4,0,0,0,2,0,6,0,0,0,1,0,0,0,0,0,0,1,1,0,0,0,0,0,0,0,0,0,0,0,1,0
0,0,0,0,0,0,0,0,0,0,0,0,0,0,0,0,0,4,0,0,0,0,0,2,0,0,0,0,0,0,0,0,0,4,0,0,0,0,17,24,1,454,0,2636,0,63,25,97,3,9,12,1405,0,69,0,498,0,2122,0,0,0,0,0,4,0,1,0,0,0,4,1,54,0,0,0,0,0,8,0,1,0,0,0,0,0,2,0,162,0,477,0,983,0,3889,0,779,0,0,0,0,0,1,0,1784,0,0,0,0,0,0,0,0,0,0,3,23,0,0,0,0,0,0,0,0,0,1,0,0,0,0,0,0,0,0,0,0,0,0,0,3,0,0,0,0,0,0,0,0,0,0,0,0,0,0,0,0,0,0,0,0,0,0,0,2,0,0,0,0,0,0
5410,19,189,21,125,17,274,4,48,5,0,0,832,1,165,40,0,0,1,2,0,0,0,0,0,0,0,0,0,0,0,0,374,1,0,0,209,21,7,2,18,0,1,0,1,0,11,4,32,0,2,0,18,0,99,0,0,0,0,0,0,9,1163,2,2073,2,923,2,174,0,944,2,709,3,100,22,111,10,13,1,0,0,29,0,205,0,0,0,230,1,1,0,15,0,2,2,1,1,17,1,7,2,1,3,1,1,1,2,3,0,1,0,5,2,0,0,0,0,0,0,0,0,5,0,2,0,15,0,13,0,2,0,1,0,15,0,10,0,3,1,1,1,1,0,29,3,21,1,3,0,0,0,0,1,22,22,0,0,0,0,1,3,4,3,3,1,3,0,8,2
2,4989,1,304,2,254,3,447,0,87,0,0,12,901,4,355,0,2,1,14,0,0,0,0,0,0,0,0,0,0,0,0,44,94,0,0,64,582,44,8,7,6,2,0,0,0,0,2,0,2,0,8,2,8,3,6,0,0,1,0,9,0,1,720,7,514,17,1014,1,35,84,454,12,424,15,590,11,177,0,37,0,0,15,13,23,17,0,0,22,16,0,0,1,3,2,6,2,0,10,18,10,3,3,11,1,1,3,6,4,7,2,1,13,29,1,0,0,1,1,0,0,6,0,10,0,41,2,30,1,14,0,0,0,8,7,50,1,9,1,21,1,18,0,33,1,136,0,21,1,30,1,0,0,2,0,68,0,6,0,0,0,15,5,58,2,1,1,1,10,0
107,2,2,1,1,0,20,0,0,0,0,0,8,0,3,0,0,0,0,0,0,0,0,0,0,0,0,0,0,0,0,0,36,0,0,0,12,0,0,0,0,0,0,0,0,0,4,2,156,0,1,0,421,0,1272,0,1,0,0,0,1163,1,0,1,2422,0,79,0,359,0,1658,1,42,0,0,0,7,0,1,0,0,0,4,0,15,0,1,0,58,0,0,0,1,0,0,0,0,0,1,0,0,0,0,0,0,0,0,0,0,0,0,0,0,1,0,0,0,0,0,0,0,0,0,0,0,1,0,0,0,0,0,0,0,0,0,0,0,0,0,0,0,0,0,0,0,0,0,0,0,0,0,0,0,0,0,0,0,0,0,0,0,0,0,0,0,0,0,0,0,0
7,133,1,29,0,25,1,17,1,7,0,0,10,17,5,244,0,0,0,1,0,0,0,0,0,0,0,0,0,0,0,0,25,22,0,0,37,1714,99,145,4,26,1,0,0,0,6,37,2,121,0,5,0,251,2,33,0,0,0,4,2,720,1,0,0,640,5,148,2,212,96,1912,6,153,4,164,4,47,0,8,0,0,14,11,26,35,0,0,31,26,0,0,1,1,1,1,0,1,2,8,2,1,1,9,0,0,0,1,1,3,0,2,3,9,0,1,0,1,0,0,0,2,0,2,1,11,0,9,1,13,1,1,0,1,0,19,0,2,0,9,1,11,0,16,0,87,0,9,0,9,2,0,0,6,1,78,0,5,0,0,0,10,0,12,1,3,2,0,4,0
132,5,1,1,3,0,10,0,2,0,0,0,18,0,6,3,0,0,0,0,0,0,0,0,0,0,0,0,0,0,0,0,60,1,0,0,19,1,0,0,7,0,0,0,0,0,3,1,41,0,2,0,182,0,570,0,0,0,0,0,2073,7,2422,0,0,1,1525,1,1737,0,741,1,22,0,3,4,14,0,0,0,0,0,8,0,144,0,0,0,328,0,0,0,7,0,0,1,0,0,2,0,1,0,0,1,0,0,0,1,1,1,0,0,0,0,0,0,0,0,0,0,0,0,0,0,1,0,0,0,0,0,0,0,0,0,1,1,0,0,0,0,0,0,0,1,2,1,3,0,0,0,0,0,0,0,0,1,0,0,0,0,0,0,1,2,0,0,1,0,1,0
0,236,1,56,2,64,0,84,2,26,0,0,3,18,3,22,0,0,0,7,0,0,0,0,0,0,0,0,0,0,0,0,6,12,0,0,9,81,32,44,5,7,1,0,0,1,3,2,1,9,0,3,2,84,3,34,0,0,0,1,2,514,0,640,1,0,0,1378,0,2041,11,21,1,6,3,179,2,119,0,13,0,0,2,3,5,25,0,0,9,82,0,0,1,4,0,1,0,0,2,12,2,2,1,7,0,0,0,2,2,1,0,0,3,17,1,0,1,0,0,2,0,2,0,2,0,8,0,4,0,7,0,2,0,3,0,15,1,2,0,9,0,10,0,12,0,69,0,13,0,11,0,0,0,2,1,6,0,3,0,0,0,4,0,12,1,0,1,1,3,1
68,3,6,0,2,3,9,1,2,0,0,0,399,0,4,7,0,0,0,1,0,0,0,0,0,0,0,0,0,0,0,0,96,0,0,0,99,6,3,1,8,0,0,0,1,0,1,0,14,0,1,0,3,0,26,0,1,0,1,0,923,17,79,5,1525,0,0,1,428,0,229,0,42,5,15,0,29,1,2,0,0,0,14,0,1132,0,0,0,559,0,0,0,2,1,2,0,0,0,2,0,2,0,0,1,0,0,1,1,0,0,0,0,1,1,0,0,0,0,0,0,0,0,0,0,1,0,0,0,3,1,1,0,0,0,2,0,0,0,1,0,0,0,0,0,1,0,1,0,0,0,0,0,0,0,0,0,0,0,0,0,0,0,1,2,0,0,0,0,1,0
1,139,1,35,0,51,0,105,0,31,0,0,0,1160,2,29,0,0,0,7,0,0,0,0,0,0,0,0,0,0,0,0,3,223,0,0,9,44,84,125,7,36,0,0,0,6,5,5,6,8,1,5,2,39,3,17,0,0,0,0,2,1014,0,148,1,1378,1,0,0,806,43,37,2,5,2,236,3,264,1,35,0,0,1,59,8,990,0,6,16,344,0,3,2,7,3,4,0,3,4,15,4,3,1,6,2,1,1,2,1,1,0,0,7,20,1,0,0,1,0,0,0,1,0,2,0,15,0,1,0,8,1,0,0,1,0,11,0,3,0,34,0,37,0,26,0,140,0,18,0,16,0,0,0,3,1,4,0,3,0,0,0,4,4,25,2,3,0,1,7,0
32,1,1,0,0,1,1,0,4,0,0,0,13,0,1,1,0,0,0,0,0,0,0,0,0,0,0,0,0,0,0,0,13,0,0,0,4,1,1,0,0,0,0,0,0,0,2,0,37,0,0,0,40,0,1432,0,0,0,1,0,174,1,359,2,1737,0,428,0,0,0,287,0,0,2,0,1,3,0,1,0,0,0,9,0,225,1,0,0,1365,0,0,0,9,1,0,0,0,0,1,0,1,0,0,0,0,0,0,0,0,0,0,0,0,0,0,0,0,0,0,0,0,0,0,0,0,0,0,0,0,0,0,0,0,0,0,0,0,0,0,0,0,0,0,0,0,1,0,0,0,0,0,0,0,0,0,0,0,0,0,0,0,0,1,0,0,0,0,0,0,0
2,48,0,9,0,18,0,18,0,7,0,0,1,12,0,15,0,0,0,1,0,0,0,0,0,0,0,0,0,0,0,0,3,30,0,0,4,99,53,88,3,36,1,1,0,4,1,21,5,82,3,6,1,611,0,804,0,0,0,4,0,35,0,212,0,2041,0,806,0,0,27,147,0,6,0,115,1,88,0,11,0,0,1,7,1,392,0,2,4,713,0,1,0,16,1,4,1,0,4,10,0,1,2,7,0,0,0,0,0,2,0,2,6,9,0,1,0,0,0,0,0,1,0,1,0,8,0,5,0,10,0,1,0,2,1,11,0,3,0,28,0,16,0,9,0,76,0,6,1,7,0,0,0,0,0,4,0,1,0,0,0,2,0,20,1,0,0,1,1,0
454,67,61,13,25,12,86,11,27,0,1,0,132,6,73,23,0,0,1,0,0,0,0,0,0,0,0,0,0,0,0,0,579,3,0,0,1112,63,1046,76,718,80,122,4,0,2,2299,139,1222,88,355,3,357,37,570,14,2,1,41,1,944,84,1658,96,741,11,229,43,287,27,0,874,1002,11,43,18,96,21,3,4,0,0,151,2,198,20,1,1,267,17,1,0,31,2,3,2,0,2,20,6,9,0,4,4,3,1,5,4,4,2,3,1,2,1,0,0,0,0,0,2,1,0,0,0,11,1,5,0,8,0,1,0,1,0,13,1,0,0,6,3,0,6,0,3,30,21,6,3,2,1,0,0,0,1,4,8,0,1,0,0,1,1,5,3,3,2,1,1,6,0
1,14,3,4,0,4,0,1,0,1,0,0,0,3,1,146,0,0,0,0,0,0,0,0,0,0,0,0,0,0,0,0,3,7,0,0,4,1866,162,1148,4,330,0,181,0,2,100,1676,446,1168,6,823,13,951,5,419,0,29,0,54,2,454,1,1912,1,21,0,37,0,147,874,0,0,605,0,13,1,16,0,1,0,0,4,4,1,37,0,0,11,120,0,2,1,41,0,12,0,0,0,2,0,0,2,14,0,0,0,0,0,0,0,0,0,3,26,1,0,0,0,0,0,0,0,0,0,1,0,1,0,0,0,0,0,0,0,2,0,0,0,5,0,5,0,4,0,18,0,2,0,1,0,0,0,1,0,20,0,0,0,0,0,0,0,1,0,0,0,0,0,0
965,42,308,31,95,10,180,5,57,2,1,0,42,1,1048,57,0,0,0,1,0,0,0,0,0,0,0,0,0,0,0,0,314,2,0,0,956,22,3,0,39,0,2,0,1,0,1,0,1,0,0,0,0,0,2,1,0,0,1,0,709,12,42,6,22,1,42,2,0,0,1002,0,0,5,50,9,125,10,12,2,0,0,1,1,9,0,1,0,5,0,0,0,0,0,1,2,1,3,25,9,11,6,3,6,2,1,7,3,3,5,0,0,3,6,1,0,0,1,1,1,0,0,5,0,6,1,12,0,10,1,0,1,0,0,18,1,5,0,2,0,2,0,3,0,25,4,14,1,5,1,0,0,0,0,8,5,0,0,0,0,2,1,8,3,5,2,3,0,7,2
1,326,1,67,0,10,0,7,0,0,0,0,1,1,1,1381,0,1,0,0,0,0,0,0,0,0,0,0,0,0,0,0,13,1,0,0,29,1059,5,1,0,0,0,0,0,0,0,2,1,0,0,0,0,1,1,1,0,0,0,0,3,424,0,153,0,6,5,5,2,6,11,605,5,0,1,63,0,4,0,2,0,0,1,0,3,2,0,0,1,1,0,0,0,0,0,0,0,0,0,0,0,0,0,2,0,0,0,0,0,0,1,0,1,3,0,0,0,0,0,0,0,0,0,1,0,2,0,4,0,0,0,0,0,0,0,6,0,2,0,1,0,0,0,3,0,13,1,1,0,1,0,0,0,1,0,25,0,1,0,0,0,1,0,1,0,0,0,0,1,0
192,11,773,20,627,21,411,4,955,19,342,0,125,1,228,46,27,72,149,30,46,189,43,7,51,0,51,0,41,2,22,0,1252,5,0,0,191,32,14,0,87,1,7,0,7,0,0,0,0,1,1,1,0,0,0,0,0,0,0,0,100,15,0,4,3,3,15,2,0,0,43,0,50,1,0,318,3049,20,155,3,0,0,11,1,11,0,14,0,24,1,6,0,10,0,7,8,3,4,76,24,21,4,4,11,2,2,4,11,10,7,2,2,19,26,0,0,0,2,0,0,43,65,91,5,60,1,177,0,34,0,48,1,7,0,390,3,122,0,19,1,7,0,6,0,182,1,110,0,45,1,25,29,73,138,168,166,42,18,0,0,0,3,22,10,30,5,15,6,47,4
22,558,54,595,17,791,13,382,13,403,3,22,1,154,44,471,24,74,4,354,10,439,7,50,15,9,10,29,2,7,0,8,22,448,0,0,55,273,22,17,4,12,1,1,0,11,1,1,0,5,0,19,1,19,1,14,0,0,0,0,22,590,0,164,4,179,0,236,1,115,18,13,9,63,318,0,23,4972,2,745,0,0,4,10,4,68,1,0,3,42,0,1,1,1,4,8,3,0,21,44,6,9,7,19,5,2,5,6,7,6,1,1,42,119,1,0,1,1,2,0,0,14,1,58,1,199,1,313,0,116,3,38,1,22,9,328,3,126,1,15,0,21,1,35,1,436,1,137,2,64,17,62,6,295,22,164,15,191,0,0,0,19,6,43,14,13,6,6,40,1
100,10,317,9,216,8,105,6,387,4,618,0,53,0,117,21,276,0,38,6,7,2,52,0,86,0,107,0,96,0,56,0,2567,1,0,0,149,14,4,0,199,0,10,0,289,0,0,0,1,0,7,0,0,2,1,0,0,0,20,0,111,11,7,4,14,2,29,3,3,1,96,1,125,0,3049,23,0,9,592,2,0,0,31,0,46,1,116,0,143,0,95,0,107,0,2,10,3,1,80,18,14,8,8,10,2,3,6,4,6,7,3,0,32,16,1,0,1,2,2,2,49,20,31,0,153,0,88,0,33,0,44,0,11,3,513,3,107,0,62,0,21,0,12,0,79,1,58,0,20,0,4,1,11,9,79,32,293,1,0,1,1,5,28,8,33,6,15,3,44,0
14,200,16,315,7,617,8,272,3,367,1,353,0,271,15,138,2,116,2,289,1,458,0,208,0,73,0,111,0,87,0,45,8,2977,0,0,28,62,20,34,6,76,0,79,1,241,5,8,2,2,0,10,0,39,0,36,0,0,0,8,10,177,0,47,0,119,1,264,0,88,21,16,10,4,20,4972,9,0,3,1282,0,0,1,68,4,554,0,310,5,400,0,81,0,31,2,12,5,2,10,16,4,5,4,15,5,1,9,10,4,6,0,1,10,24,0,1,0,0,0,2,0,13,0,6,0,153,1,9,0,16,0,6,0,11,2,53,0,17,2,64,0,39,0,26,1,141,1,22,1,13,1,40,3,159,11,61,1,694,0,0,0,13,4,40,8,3,2,3,13,0
8,1,4,1,3,0,4,1,8,0,6,0,3,0,9,3,0,0,0,0,0,0,0,0,0,0,0,0,0,0,0,0,28,0,0,0,14,1,0,0,150,0,4,0,39,0,0,0,0,0,0,0,0,0,0,0,0,0,2,0,13,0,1,0,0,0,2,1,1,0,3,0,12,0,155,2,592,3,0,1,0,0,0,0,2,1,3,0,17,0,11,0,10,0,1,1,2,0,25,6,5,0,5,4,2,0,2,3,6,1,0,1,9,8,0,0,0,1,0,3,13,25,5,1,271,1,4,0,3,0,14,0,11,0,89,0,1,0,52,0,7,0,2,0,6,0,3,0,1,0,0,0,0,0,3,1,389,1,0,0,4,0,17,2,6,2,3,0,11,0
1,27,0,13,1,17,1,5,1,8,0,2,1,24,1,11,0,0,0,5,0,7,0,0,0,0,0,0,0,1,0,0,1,89,0,0,6,2,5,7,1,90,1,7,0,228,0,7,0,1,0,3,0,5,0,12,0,0,0,1,1,37,0,8,0,13,0,35,0,11,4,1,2,2,3,745,2,1282,1,0,0,0,1,5,0,90,0,17,0,98,0,17,0,7,1,1,1,1,6,9,2,1,1,5,0,1,1,1,1,1,0,0,8,15,0,0,0,0,0,0,0,11,0,1,0,251,0,5,0,11,0,16,0,3,0,33,0,12,0,41,0,20,0,13,0,50,1,4,0,4,0,0,0,1,1,5,0,395,0,0,0,3,0,165,0,0,0,3,7,0
0,0,0,0,0,0,0,0,0,0,0,0,0,0,0,0,0,0,0,0,0,0,0,0,0,0,0,0,0,0,0,0,0,0,0,0,0,0,0,0,0,0,0,0,0,0,0,0,0,0,0,0,0,0,0,0,0,0,0,0,0,0,0,0,0,0,0,0,0,0,0,0,0,0,0,0,0,0,0,0,0,0,0,0,0,0,0,0,0,0,0,0,0,0,0,0,0,0,0,0,0,0,0,0,0,0,0,0,0,0,0,0,0,0,0,0,0,0,0,0,0,0,0,0,0,0,0,0,0,0,0,0,0,0,0,0,0,0,0,0,0,0,0,0,0,0,0,0,0,0,0,0,0,0,0,0,0,0,0,0,0,0,0,0,0,0,0,0,0,0
0,0,0,0,0,0,0,0,0,0,0,0,0,0,0,0,0,0,0,0,0,0,0,0,0,0,0,0,0,0,0,0,0,0,0,0,0,0,0,0,0,0,0,0,0,0,0,0,0,0,0,0,0,0,0,0,0,0,0,0,0,0,0,0,0,0,0,0,0,0,0,0,0,0,0,0,0,0,0,0,0,0,0,0,0,0,0,0,0,0,0,0,0,0,0,0,0,0,0,0,0,0,0,0,0,0,0,0,0,0,0,0,0,0,0,0,0,0,0,0,0,0,0,0,0,0,0,0,0,0,0,0,0,0,0,0,0,0,0,0,0,0,0,0,0,0,0,0,0,0,0,0,0,0,0,0,0,0,0,0,0,0,0,0,0,0,0,0,0,0
6,5,0,0,1,1,4,1,2,0,0,0,170,0,2,0,0,0,0,0,0,0,0,0,0,0,0,0,0,0,0,0,87,2,0,0,25,11,13,1,3,0,0,0,0,0,3,0,10,1,1,0,6,0,11,0,0,0,0,0,29,15,4,14,8,2,14,1,9,1,151,4,1,1,11,4,31,1,0,1,0,0,0,0,787,0,12,0,147,2,0,0,0,0,1,0,1,0,3,0,1,1,0,0,0,0,0,1,0,0,0,0,1,2,0,0,0,0,0,0,0,0,0,0,2,0,0,0,4,0,0,0,0,0,6,0,0,0,5,0,0,0,6,0,13,1,8,0,0,0,0,0,0,0,0,0,0,0,0,0,0,0,0,0,0,0,1,0,1,0
0,4,0,0,0,1,0,5,0,2,0,0,0,211,0,1,0,0,0,0,0,0,0,0,0,0,0,0,0,0,0,0,0,421,0,0,1,3,3,7,1,6,0,0,0,0,1,1,0,0,0,0,0,8,0,6,0,0,0,0,0,13,0,11,0,3,0,59,0,7,2,4,1,0,1,10,0,68,0,5,0,0,0,0,0,512,0,12,0,13,0,0,0,1,0,2,0,0,0,2,1,0,1,0,0,0,0,1,1,0,0,1,0,2,0,0,0,0,0,0,0,0,0,0,0,0,0,1,0,2,0,1,0,0,0,0,0,1,0,10,0,5,0,5,0,19,0,1,0,0,0,0,0,0,0,1,0,0,0,0,0,0,1,0,0,0,1,0,0,0
44,12,5,0,0,2,9,2,3,0,0,0,435,1,4,1,0,0,0,0,0,0,0,0,0,0,0,0,0,0,0,0,345,0,0,0,34,11,10,4,195,1,26,0,0,0,15,2,43,0,22,0,8,1,48,0,1,0,11,0,205,23,15,26,144,5,1132,8,225,1,198,1,9,3,11,4,46,4,2,0,0,0,787,0,0,1,1676,1,4414,1,56,0,41,0,1,0,1,0,2,2,4,0,3,0,0,0,1,0,1,1,1,0,0,0,0,0,0,0,0,0,0,0,1,0,2,0,2,0,3,0,1,0,0,0,7,0,1,0,22,0,7,1,5,0,35,2,15,0,7,0,0,0,0,0,1,1,0,0,0,0,0,0,0,1,0,0,0,1,3,0
1,10,0,6,0,6,0,8,0,0,0,2,0,346,0,1,0,19,0,1,0,10,0,9,0,1,0,2,0,18,0,0,2,1610,0,0,1,15,53,67,1,99,1,10,0,65,2,12,2,12,0,2,0,85,3,80,0,0,0,2,0,17,0,35,0,25,0,990,1,392,20,37,0,2,0,68,1,554,1,90,0,0,0,512,1,0,0,1755,1,5263,0,83,1,48,0,1,0,0,3,6,1,4,0,4,0,0,2,0,2,1,0,0,1,4,0,0,0,0,0,0,0,2,0,3,0,8,0,3,0,6,0,0,0,2,0,6,0,4,0,105,0,45,1,29,0,154,0,6,0,9,0,0,0,1,0,2,0,7,0,0,0,6,0,15,3,1,0,1,3,0
0,0,3,0,6,0,0,0,6,0,57,0,9,0,1,0,2,0,1,0,0,0,1,0,0,0,1,0,41,0,1,0,708,0,0,0,3,0,0,0,117,0,468,0,1276,0,0,0,0,0,5,0,0,0,1,0,0,0,51,0,0,0,1,0,0,0,0,0,0,0,1,0,1,0,14,1,116,0,3,0,0,0,12,0,1676,0,0,0,825,0,1991,0,96,0,0,0,0,1,4,1,1,0,3,0,0,0,0,0,0,0,0,0,1,0,0,0,0,0,0,0,0,0,1,0,2,0,2,0,1,0,0,0,0,0,3,0,0,0,19,0,1,0,1,0,7,0,1,0,1,0,0,0,0,0,1,0,2,0,0,0,0,0,0,1,1,0,1,0,0,0
0,0,0,1,0,2,0,0,0,0,0,2,0,91,1,0,0,116,0,0,0,10,0,32,0,23,0,1,0,165,0,0,0,1259,0,0,0,1,4,3,0,147,0,361,0,693,0,5,0,2,0,0,0,4,0,9,0,1,0,162,0,0,0,0,0,0,0,6,0,2,1,0,0,0,0,0,0,310,0,17,0,0,0,12,1,1755,0,0,0,760,0,1395,0,221,0,0,0,0,0,1,0,0,0,0,0,0,0,0,0,0,0,0,0,0,0,0,0,0,0,0,0,0,0,0,0,2,0,0,0,0,0,0,0,0,0,0,0,0,0,14,0,4,0,2,0,17,0,0,0,1,0,0,1,2,0,0,0,2,0,0,0,0,0,1,0,0,0,0,0,0
88,8,13,1,4,2,12,5,4,0,5,0,79,3,3,2,0,0,0,0,0,0,0,0,1,0,1,0,0,0,0,0,460,6,0,0,21,5,16,12,619,6,255,0,84,0,705,15,427,1,772,0,296,6,3005,0,562,0,304,0,230,22,58,31,328,9,559,16,1365,4,267,11,5,1,24,3,143,5,17,0,0,0,147,0,4414,1,825,0,0,3,1035,0,2294,0,40,1,5,1,5,3,4,0,68,1,0,0,1,1,4,1,0,0,0,4,0,1,0,0,0,0,0,0,0,0,3,0,2,0,7,0,1,0,0,0,7,0,1,0,36,0,18,2,18,0,44,3,9,0,3,0,0,0,0,0,0,2,1,0,0,0,0,0,5,0,2,0,1,0,2,0
0,19,0,5,0,3,0,13,1,1,0,2,1,6,0,5,0,19,0,1,0,9,0,7,0,2,0,2,0,9,0,0,3,157,0,0,2,11,52,72,1,916,0,102,0,256,2,189,1,18,0,47,0,235,2,1558,0,269,1,477,1,16,0,26,0,82,0,344,0,713,17,120,0,1,1,42,0,400,0,98,0,0,2,13,1,5263,0,760,3,0,0,2057,0,3373,0,16,0,1,1,5,2,2,0,21,0,0,0,0,0,0,0,0,1,3,2,0,0,0,0,0,0,1,0,2,0,15,0,2,0,2,0,0,0,1,0,12,0,3,0,134,0,26,0,33,0,134,0,4,0,2,0,0,0,1,0,0,0,8,0,0,0,1,1,18,0,1,2,0,2,0
1,0,2,0,3,0,0,0,1,0,12,0,0,0,0,0,0,0,0,0,0,0,1,0,0,0,0,0,0,0,2,0,237,0,0,0,2,0,0,0,387,0,355,0,550,0,0,0,0,0,4,0,0,0,0,0,0,0,708,0,1,0,0,0,0,0,0,0,0,0,1,0,0,0,6,0,95,0,11,0,0,0,0,0,56,0,1991,0,1035,0,0,0,902,0,0,0,0,0,0,1,1,0,0,0,0,0,0,0,0,0,0,1,0,0,0,0,0,0,0,0,0,0,0,0,2,0,0,0,1,0,0,0,0,0,1,0,0,0,12,0,0,0,2,0,7,0,1,0,0,0,0,0,0,0,0,0,0,0,0,0,0,0,0,0,0,0,0,0,1,0
0,0,0,0,0,1,0,0,0,0,0,0,0,1,0,0,0,15,0,0,0,4,0,2,0,2,0,0,0,3,0,1,0,30,0,0,0,0,4,1,0,171,0,393,0,316,0,7,0,0,0,1,0,7,0,14,0,0,0,983,0,0,0,0,0,0,0,3,0,1,0,2,0,0,0,1,0,81,0,17,0,0,0,0,0,83,0,1395,0,2057,0,0,0,1112,0,1,0,0,0,0,0,0,0,1,0,0,0,0,0,0,0,0,0,0,0,0,0,0,0,0,0,0,0,0,0,0,0,0,0,0,0,0,0,0,0,1,0,0,0,10,0,0,0,1,0,2,0,1,0,0,0,0,0,0,0,0,0,3,0,0,0,0,0,0,0,0,0,0,0,0
3,1,2,0,2,0,1,0,1,0,3,0,0,1,1,0,0,0,0,0,0,0,0,0,0,0,1,0,2,0,0,0,138,0,0,0,3,0,2,2,496,0,377,0,125,0,283,3,48,0,764,0,37,1,166,0,1203,0,3968,0,15,1,1,1,7,1,2,2,9,0,31,1,0,0,10,1,107,0,10,0,0,0,0,0,41,1,96,0,2294,0,902,0,0,0,80,0,5,1,1,1,4,0,140,0,0,0,0,1,1,0,1,1,0,0,0,2,0,0,0,0,0,0,0,0,0,0,1,0,0,0,0,0,0,0,2,0,0,0,25,0,5,0,7,0,11,0,1,0,1,0,0,0,0,2,1,1,0,0,0,0,0,0,0,0,0,0,0,0,0,0
0,3,0,0,0,1,0,1,0,0,0,0,0,0,1,0,0,1,0,0,0,0,0,0,0,1,0,0,0,0,0,0,0,2,0,0,1,0,25,34,0,512,0,257,0,75,2,125,1,4,1,82,2,98,0,396,0,1449,0,3889,0,3,0,1,0,4,1,7,1,16,2,41,0,0,0,1,0,31,0,7,0,0,0,1,0,48,0,221,0,3373,0,1112,0,0,0,62,0,1,0,0,0,0,0,52,0,0,0,0,1,0,0,0,0,0,1,0,0,0,0,0,0,1,0,0,0,2,0,0,0,0,0,0,0,0,0,0,0,0,0,8,0,3,0,0,0,6,0,2,0,0,0,0,0,1,0,0,0,0,0,0,0,0,0,1,0,0,0,0,1,0
1,2,0,0,0,0,0,0,1,0,0,0,0,0,0,0,0,0,0,0,0,0,0,0,0,0,0,0,0,0,0,0,4,3,0,0,3,0,0,0,14,0,41,0,0,0,324,0,5,0,2137,0,27,0,128,0,788,0,1818,0,2,2,0,1,0,0,2,3,0,1,3,0,1,0,7,4,2,2,1,1,0,0,1,0,1,0,0,0,40,0,0,0,80,0,0,12,6262,2,55,21,645,15,3579,18,636,0,955,5,68,7,24,0,5,9,18,22,28,46,7,3,0,0,0,0,0,0,0,0,1,1,0,0,0,0,1,0,0,0,2,0,2,0,1,0,1,0,0,0,0,0,0,0,0,0,0,0,0,0,3,0,0,4,16,21,0,0,0,1,0,0
1,5,1,2,1,0,0,2,0,0,0,0,1,1,0,1,0,0,0,0,0,0,0,0,0,0,0,0,0,0,0,0,2,3,0,0,5,0,2,5,13,26,6,15,0,1,56,101,0,8,1,2496,0,10,0,74,0,695,0,779,2,6,0,1,1,1,0,4,0,4,2,12,2,0,8,8,10,12,1,1,0,0,0,2,0,1,0,0,1,16,0,1,0,62,12,0,9,605,18,99,37,123,22,4121,11,140,37,1520,19,196,17,18,50,29,46,19,244,78,25,40,0,0,0,0,0,0,2,0,0,0,1,1,0,1,0,3,1,0,2,0,0,2,0,0,0,2,0,0,0,0,0,0,0,0,0,0,0,0,1,0,0,7,12,30,9,3,11,15,3,0
0,2,1,1,0,0,0,1,0,0,1,0,0,1,0,1,0,0,0,0,0,0,0,0,0,0,0,0,0,0,0,0,3,0,0,0,0,0,0,0,14,0,21,0,0,0,169,0,4,0,420,0,8,0,40,1,87,0,44,0,1,2,0,0,0,0,0,0,0,1,0,0,1,0,3,3,3,5,2,1,0,0,1,0,1,0,0,0,5,0,0,0,5,0,6262,9,0,16,31,18,310,21,376,29,4891,6,1979,25,71,4,28,1,4,8,9,11,23,153,8,2,0,0,0,0,0,0,0,0,0,0,1,0,0,0,0,1,0,0,2,0,0,1,0,0,2,1,0,0,0,0,0,0,0,0,0,0,0,0,0,0,0,3,18,24,5,1,1,0,0,1
1,3,0,1,0,1,0,0,0,0,0,0,0,0,0,0,0,0,0,0,0,0,0,0,0,0,0,0,0,0,0,0,1,1,0,0,0,1,0,0,3,0,1,0,0,0,0,0,0,0,0,0,0,1,0,0,0,0,0,0,1,0,0,1,0,0,0,3,0,0,2,0,3,0,4,0,1,2,0,1,0,0,0,0,0,0,1,0,1,1,0,0,1,1,2,605,16,0,7,23,23,70,13,344,7,1304,46,2007,9,280,3,38,50,38,38,34,388,345,37,37,0,0,0,0,0,0,1,0,0,0,0,0,0,0,0,1,0,0,0,0,1,0,0,1,0,2,0,0,0,0,0,0,0,0,1,0,0,0,0,0,0,1,4,17,5,2,6,5,0,0
15,10,11,9,5,6,11,2,4,1,0,0,7,1,16,4,0,0,1,1,0,0,0,0,0,0,0,0,0,0,0,0,61,1,0,0,22,1,0,0,21,0,14,0,1,1,0,0,0,0,3,1,0,0,0,0,0,0,1,0,17,10,1,2,2,2,2,4,1,4,20,0,25,0,76,21,80,10,25,6,0,0,3,0,2,3,4,0,5,1,0,0,1,0,55,18,31,7,0,30,581,11,95,26,24,2,164,23,428,19,66,3,43,400,94,13,6,42,76,38,2,0,2,0,18,4,10,0,5,2,12,0,5,3,42,8,5,0,13,0,22,0,4,0,5,2,10,0,2,0,0,0,0,0,2,2,3,3,0,0,0,6,11,8,47,8,8,7,69,2
4,10,0,5,0,7,1,6,0,1,1,0,0,3,4,5,0,0,1,1,0,2,0,0,0,0,0,0,0,0,0,0,7,6,0,0,4,1,0,1,18,1,12,0,0,0,0,1,0,0,0,1,0,1,1,1,0,0,0,0,1,18,0,8,0,12,0,15,0,10,6,2,9,0,24,44,18,16,6,9,0,0,0,2,2,6,1,1,3,5,1,0,1,0,21,99,18,23,30,0,74,1417,31,437,24,10,57,91,20,89,10,11,73,328,137,29,10,21,7,12,0,0,0,1,0,9,0,1,1,0,2,0,1,3,6,14,0,0,3,2,0,2,0,1,1,4,1,0,2,0,1,0,0,0,0,0,0,6,4,0,1,18,13,27,42,26,15,20,9,3
3,5,1,0,0,1,4,1,3,2,0,0,0,1,4,3,0,0,0,0,0,0,0,0,0,0,0,0,0,0,0,0,15,0,0,0,10,0,0,0,31,0,34,0,0,1,4,0,1,0,178,0,1,0,0,0,0,0,0,0,7,10,0,2,1,2,2,4,1,0,9,0,11,0,21,6,14,4,5,2,0,0,1,1,4,1,1,0,4,2,1,0,4,0,645,37,310,23,581,74,0,168,2592,96,233,10,820,44,333,21,83,3,60,419,1054,58,39,114,50,30,0,0,2,0,1,1,0,1,3,1,0,0,1,0,10,1,0,0,11,0,18,0,8,0,3,2,0,1,4,0,0,0,0,0,0,0,0,0,3,0,5,4,16,38,10,1,3,4,23,0
0,2,2,0,0,0,0,0,0,0,0,0,0,0,2,1,0,0,0,0,0,0,0,0,0,0,0,0,0,0,0,0,4,2,0,0,4,0,0,0,10,0,13,1,0,0,1,11,0,1,4,96,0,0,0,0,0,0,0,1,2,3,0,1,0,2,0,3,0,1,0,0,6,0,4,9,8,5,0,1,0,0,1,0,0,4,0,0,0,2,0,0,0,0,15,123,21,70,11,1417,168,0,44,1234,12,14,54,169,14,263,9,10,88,213,661,272,41,82,29,21,0,0,0,0,1,1,1,0,0,0,0,0,0,1,1,0,0,0,0,1,1,0,0,1,2,1,0,0,0,0,0,0,0,0,0,1,0,0,3,0,0,6,8,20,7,5,17,19,1,1
0,0,1,0,1,0,0,0,0,1,0,0,0,2,0,0,0,0,0,0,0,0,0,0,0,0,0,0,0,0,0,0,11,1,0,0,4,0,2,0,37,0,50,0,0,0,138,0,5,0,2352,0,10,0,41,0,224,0,2010,0,1,3,0,1,0,1,0,1,0,2,4,2,3,0,4,7,8,4,5,1,0,0,0,1,3,0,3,0,68,0,0,0,140,0,3579,22,376,13,95,31,2592,44,0,51,270,1,654,20,130,14,21,3,13,32,85,321,81,163,23,21,0,0,0,0,1,0,0,0,1,0,0,0,0,0,0,0,0,1,1,0,2,0,0,0,0,0,0,0,0,0,0,0,0,0,0,1,0,0,0,1,1,5,16,23,5,0,1,3,1,0
1,6,1,3,1,2,0,1,0,0,0,0,1,3,3,2,0,0,0,1,0,0,0,0,0,0,0,0,0,1,0,0,6,10,0,0,6,1,3,6,18,21,21,12,0,1,99,28,0,3,17,1313,1,5,0,56,0,312,1,1784,3,11,0,9,1,7,1,6,0,7,4,14,6,2,11,19,10,15,4,5,0,0,0,0,0,4,0,0,1,21,0,1,0,52,18,4121,29,344,26,437,96,1234,51,0,16,58,67,1432,33,438,23,37,70,61,141,628,379,240,110,69,0,0,0,0,0,1,1,0,1,0,0,0,0,0,2,1,0,0,1,0,0,0,0,1,0,2,1,0,1,0,0,0,0,1,0,0,0,1,3,0,3,20,14,36,29,13,20,18,1,3
