0,266,1515,65,1162,82,744,20,257,4,0,0,261,8,693,342,0,0,8,0,1,0,0,0,0,0,0,0,0,0,0,0,247,7,0,0,233,136,30,2,95,3,6,0,0,0,7,1,2,1,7,1,27,0,84,0,12,0,1,0,4739,39,371,5,255,2,399,4,99,0,248,39,713,36,321,42,582,14,82,8,0,0,6,2,388,9,13,0,563,5,0,0,65,2,0,0,4,3,85,5,7,0,1,0,1,0,8,5,10,4,6,1,12,8,0,1,2,0,0,3,1,2,0,0,11,0,27,0,7,2,0,0,8,0,96,19,24,3,0,1,5,0,5,0,12,7,15,8,9,0,0,0,0,0,40,25,0,0,21,6,10,2,75,23,40,8,16,13,27,7
266,0,57,987,53,1979,32,1153,13,182,0,3,24,391,217,636,0,1,6,10,0,1,0,1,0,1,0,0,0,0,0,0,24,70,0,0,149,137,1,5,10,64,1,0,0,1,0,5,2,24,0,9,0,41,1,189,0,10,0,10,38,3674,10,292,1,80,5,574,2,148,27,258,49,404,22,432,53,345,7,128,0,0,1,3,7,170,1,1,5,538,1,0,2,172,8,1,5,6,26,20,11,0,5,2,6,2,24,14,16,12,14,2,53,9,0,1,0,0,0,9,1,0,0,4,0,2,6,6,3,23,1,5,2,5,17,121,9,27,0,6,1,9,0,5,6,26,1,26,1,1,0,0,0,0,50,55,0,3,7,45,1,38,6,244,14,101,8,26,62,12
1515,57,0,177,5216,144,181,28,402,16,232,5,64,6,2116,174,2,1,2354,116,182,25,20,11,49,0,243,2,247,1,13,0,498,12,0,0,125,54,12,5,15,3,4,0,2,0,1,2,3,0,2,0,17,1,51,1,8,0,5,1,138,5,181,0,48,0,73,4,21,0,245,8,183,4,114,23,367,36,44,5,0,0,12,0,67,2,110,4,101,1,8,0,31,1,1,0,0,1,12,1,3,0,1,0,1,1,5,3,2,2,2,2,1,1,0,0,1,0,0,1,1,0,0,0,4,1,4,1,2,0,0,3,4,0,32,20,18,5,0,0,0,0,0,1,9,2,2,2,0,0,9,98,9,30,101,211,2,1,2,2,2,0,13,0,6,4,2,3,8,1
65,987,177,0,144,6849,32,455,40,559,13,286,8,56,132,1863,7,43,348,1590,8,232,3,83,2,225,1,314,11,163,1,20,81,259,0,0,84,659,4,46,3,31,1,9,0,34,0,9,0,21,0,5,2,38,2,50,1,5,0,20,14,171,4,79,6,7,3,78,3,20,19,714,27,296,21,456,66,802,17,93,0,0,3,12,7,74,20,108,7,90,3,8,2,53,2,0,3,5,17,16,6,0,2,0,1,2,9,9,6,7,6,1,29,6,1,0,0,0,0,6,0,4,0,1,1,15,1,7,0,11,0,27,0,7,12,273,4,45,0,3,1,9,0,2,0,21,0,16,0,0,17,75,79,157,197,562,3,53,7,18,0,22,2,91,5,44,6,17,42,7
1162,53,5216,144,0,191,658,43,1913,42,560,6,164,5,741,223,1,0,607,69,30,6,4,2,9,0,153,0,145,2,50,0,629,13,0,0,155,58,16,3,10,2,5,0,1,0,1,0,5,0,1,0,17,0,43,0,7,0,3,0,142,5,55,0,42,0,137,4,43,0,73,18,26,3,256,45,522,41,127,7,0,0,18,0,227,4,66,3,251,3,3,1,45,1,0,1,2,3,9,1,1,1,1,0,2,0,5,2,3,4,3,3,4,1,0,0,0,0,0,0,0,0,0,1,5,2,12,1,4,4,0,0,3,1,36,30,28,6,3,0,1,0,0,0,2,1,5,3,2,0,0,22,11,16,291,334,0,0,6,7,4,1,18,4,12,2,3,3,8,3
82,1979,144,6849,191,0,36,1811,64,2840,6,585,9,112,198,480,0,14,245,254,2,19,0,33,0,37,0,367,5,88,0,67,81,494,0,0,97,202,10,13,3,30,2,5,0,11,0,8,1,28,1,7,0,53,3,111,1,10,0,23,9,176,7,46,5,24,3,321,2,24,21,256,4,72,33,788,78,893,12,97,0,0,1,27,4,204,11,58,5,284,1,5,0,124,3,0,5,1,9,10,1,1,2,0,2,1,3,5,7,5,3,0,23,1,1,0,0,0,0,11,0,5,1,4,1,13,3,5,0,15,0,22,0,17,11,346,6,57,0,3,0,4,0,2,3,24,1,22,0,0,4,21,44,66,218,673,3,16,1,12,2,19,3,47,8,34,4,8,35,3
744,32,181,32,658,36,0,11,981,2,1,0,1025,4,307,79,0,0,13,1,1,0,0,0,0,0,0,0,0,0,0,0,943,4,0,0,81,32,9,0,24,1,4,0,0,0,1,0,0,0,2,0,5,1,7,0,0,0,2,0,424,2,30,1,20,0,237,1,6,0,29,5,31,2,142,11,236,8,32,0,0,0,4,0,66,6,30,0,19,1,1,0,2,0,0,0,0,0,13,3,1,0,0,0,2,1,3,2,2,3,3,0,3,1,0,0,0,0,0,1,0,0,0,0,1,0,11,0,2,2,0,0,3,0,31,3,20,0,0,0,1,1,0,0,10,0,0,0,1,0,0,0,0,0,33,17,0,0,3,1,3,2,16,2,12,1,2,1,8,1
20,1153,28,455,43,1811,11,0,12,1281,0,5,6,886,84,418,0,0,11,13,0,0,0,2,0,0,0,1,0,0,0,0,10,832,0,0,39,100,4,4,2,10,0,0,0,0,2,0,0,0,0,0,0,3,0,6,0,0,0,2,3,147,3,12,5,13,2,296,0,3,7,47,4,15,11,338,17,489,3,38,0,0,0,2,4,92,0,1,4,50,0,0,1,10,3,0,4,2,1,6,1,1,1,0,1,0,6,2,3,6,1,0,14,0,0,0,0,1,0,3,0,0,0,1,0,1,1,3,0,4,0,3,1,1,2,34,2,7,0,3,0,2,0,1,0,6,1,10,0,0,0,1,0,0,31,43,0,1,1,16,0,13,0,24,1,29,1,3,18,1
257,13,402,40,1913,64,981,12,0,10,1627,0,345,1,323,48,0,0,259,25,2,0,0,0,1,1,20,0,40,0,17,0,1692,5,0,0,75,14,12,1,10,1,0,0,0,0,0,0,0,0,0,0,2,0,5,0,2,0,4,0,46,1,18,0,9,0,130,1,5,0,21,5,11,2,245,11,380,17,45,2,0,0,5,1,62,1,12,0,20,0,0,0,7,2,0,0,2,2,7,0,0,0,1,0,0,1,1,0,1,1,2,0,0,1,1,0,0,0,0,1,0,0,0,0,1,0,4,0,2,0,0,1,0,0,15,11,10,3,0,0,5,0,0,0,3,1,0,0,0,0,0,0,1,4,92,97,0,0,3,0,1,0,8,2,5,2,0,1,0,0
4,182,16,559,42,2840,2,1281,10,0,0,755,0,201,25,189,0,0,61,122,1,4,0,5,0,2,0,1,0,8,0,3,14,1670,0,0,19,88,1,5,0,16,0,2,0,5,0,0,0,1,0,1,0,4,1,2,0,1,0,12,0,77,1,8,0,3,1,152,0,2,2,26,1,12,6,422,15,717,1,35,0,0,0,17,1,105,1,28,0,24,0,2,0,13,0,0,0,1,3,7,0,1,0,0,0,1,0,1,0,0,1,0,2,2,0,0,0,0,0,2,0,1,0,0,0,9,0,0,0,3,0,10,0,1,1,124,0,18,0,2,0,1,0,0,0,6,0,5,0,0,0,1,2,7,59,212,1,1,0,4,0,4,2,19,0,6,0,2,12,1
0,0,232,13,560,6,1,0,1627,0,0,0,1,0,1,0,0,0,82,14,21,2,5,0,10,0,84,0,1131,0,376,0,559,1,0,0,0,1,0,0,1,0,0,0,1,0,0,0,0,0,0,0,0,0,2,0,0,0,2,0,1,0,0,0,0,0,0,0,0,0,0,0,0,0,1,1,125,4,19,0,0,0,0,0,1,0,95,0,10,0,8,0,9,0,0,0,0,0,0,0,0,0,0,0,0,1,0,2,0,0,0,0,0,0,0,0,0,0,0,0,0,0,0,0,3,0,0,0,0,0,0,0,1,0,1,2,0,0,0,0,0,0,0,0,0,0,0,0,0,0,4,7,2,3,3,14,0,0,0,0,1,0,0,0,0,0,0,0,0,1
0,3,5,286,6,585,0,5,0,755,0,0,0,1,2,2,0,27,9,40,1,27,0,41,0,107,0,331,0,1198,0,153,1,414,0,0,0,9,0,0,0,16,0,10,0,26,0,0,0,0,0,1,0,0,0,0,0,0,0,12,0,1,0,0,0,0,0,3,0,0,0,1,0,0,0,149,3,352,0,27,0,0,0,0,0,1,1,114,0,15,0,4,0,17,0,0,0,0,0,1,0,0,0,0,0,0,0,0,0,0,0,0,1,0,0,0,0,0,0,0,0,4,0,0,0,6,0,0,0,0,0,8,0,5,0,35,0,0,0,1,0,0,0,0,0,0,0,1,0,0,1,3,3,13,1,34,2,12,0,0,0,0,0,2,0,2,0,0,0,0
261,24,64,8,164,9,1025,6,345,0,1,0,0,3,140,26,0,0,10,0,0,0,0,0,0,0,0,0,0,0,0,0,611,2,0,0,40,10,15,5,23,0,1,0,0,0,2,0,3,0,1,0,5,1,7,0,1,0,1,0,1294,3,17,2,16,0,555,3,2,0,29,24,16,3,88,4,229,4,20,3,0,0,127,1,147,5,246,0,13,3,0,0,1,1,1,0,0,2,16,1,2,0,0,1,1,0,2,0,2,0,2,1,2,3,0,0,0,0,0,1,0,0,0,0,4,0,6,0,0,2,0,0,4,0,14,5,4,1,5,1,1,1,3,0,26,2,1,0,2,0,0,0,0,0,6,13,0,0,3,0,3,1,6,1,7,1,0,1,7,0
8,391,6,56,5,112,4,886,1,201,0,1,3,0,15,61,0,1,2,2,1,2,0,3,0,2,0,0,0,1,0,0,2,875,0,0,19,36,0,4,2,15,2,0,0,0,0,0,0,3,0,0,0,2,1,2,0,1,1,0,8,563,2,11,3,2,2,480,0,1,3,62,7,22,1,103,6,492,2,29,0,0,1,54,0,171,0,13,0,9,0,1,0,1,0,0,3,1,5,6,1,0,1,0,1,1,3,4,0,3,2,0,5,2,0,0,0,0,0,0,0,0,0,1,0,0,1,0,1,1,0,1,0,0,3,10,0,1,0,1,0,0,0,0,1,7,0,3,0,0,1,1,0,0,4,8,1,0,1,5,0,6,1,57,1,8,3,5,5,4
693,217,2116,132,741,198,307,84,323,25,1,2,140,15,0,769,0,0,789,25,0,0,0,0,0,0,0,0,0,0,0,0,243,12,0,0,1318,256,19,1,27,4,5,1,1,0,2,0,17,0,3,0,26,0,56,2,6,2,8,1,144,38,201,7,30,0,33,9,16,2,700,32,880,30,135,45,373,45,73,12,0,0,13,0,56,5,2,1,36,9,1,0,14,4,2,1,5,3,45,4,9,1,0,0,5,2,5,6,5,4,7,1,8,1,0,0,0,0,0,7,0,3,0,1,8,0,31,1,7,7,0,2,4,1,59,44,46,12,1,3,6,3,3,1,15,9,5,9,0,0,0,0,0,0,112,107,0,0,5,7,3,2,34,16,20,15,11,6,22,4
342,636,174,1863,223,480,79,418,48,189,0,2,26,61,769,0,0,2,100,636,0,0,0,0,0,0,0,0,0,0,0,0,76,73,0,0,547,3422,13,86,15,23,2,0,0,0,0,6,1,7,1,0,3,5,5,11,1,0,0,1,57,332,17,71,9,1,10,25,5,3,56,356,97,601,60,247,152,318,23,85,0,0,6,3,18,21,1,0,9,25,0,0,6,6,5,2,8,4,32,9,11,1,0,2,5,1,16,9,14,3,12,0,45,11,0,0,0,0,1,18,0,4,1,2,3,8,10,7,1,12,0,9,4,8,32,250,20,52,0,9,2,15,1,4,5,45,7,28,1,1,1,0,0,1,170,237,0,1,11,27,7,29,14,125,18,52,8,16,70,6
0,0,2,7,1,0,0,0,0,0,0,0,0,0,0,0,0,41,21,11,288,15,604,10,19,0,0,0,53,0,0,0,37,0,0,0,15,0,0,0,20,3,10,0,6,1,0,0,0,0,0,0,0,0,0,0,0,0,0,0,0,0,0,0,0,0,0,0,0,0,0,0,0,0,24,0,151,2,0,10,0,0,0,0,0,0,131,0,1,0,1,0,2,0,0,0,0,0,0,0,0,0,0,0,0,0,0,0,0,0,0,0,0,0,0,0,0,0,0,0,0,1,0,0,0,0,0,0,0,0,0,0,0,0,0,0,0,0,0,0,0,0,0,0,0,0,0,0,0,0,116,8,50,3,47,4,469,7,0,0,0,0,0,0,0,0,0,0,0,0
0,1,1,43,0,14,0,0,0,0,0,27,0,1,0,2,41,0,18,38,65,239,106,1071,3,145,0,21,1,81,0,2,1,13,0,0,1,27,0,0,65,12,28,10,17,69,0,0,0,0,0,0,0,0,0,0,0,0,0,3,0,0,0,0,0,0,0,0,0,0,0,0,0,0,31,54,1,157,0,31,0,0,0,0,0,1,2,56,0,2,0,1,0,2,0,0,0,0,0,0,0,0,0,0,0,0,0,0,0,0,0,0,0,0,0,0,0,0,0,0,0,1,0,0,0,0,0,0,0,1,0,2,0,2,0,0,0,0,0,1,0,0,0,0,0,0,0,0,0,0,0,291,12,16,5,100,26,423,0,0,0,0,0,0,0,0,0,0,0,0
8,6,2354,348,607,245,13,11,259,61,82,9,10,2,789,100,21,18,0,389,647,110,70,30,59,8,45,1,223,2,11,2,598,19,0,0,511,70,19,3,4,3,5,0,4,1,0,0,1,0,1,0,0,0,7,0,0,0,4,2,4,7,11,0,1,0,2,0,0,0,29,7,1,0,36,60,322,101,36,12,0,0,2,0,10,0,118,9,29,1,9,0,11,2,1,1,2,0,6,0,0,0,0,0,0,0,2,2,0,0,1,0,2,0,1,0,0,0,0,0,0,1,0,0,4,2,1,1,0,1,0,5,2,2,10,47,8,5,0,0,1,0,2,0,1,0,0,6,0,0,92,206,371,109,579,317,5,0,0,0,4,5,3,0,1,2,0,0,2,3
0,10,116,1590,69,254,1,13,25,122,14,40,0,2,25,636,11,38,389,0,47,699,24,251,0,44,0,9,15,28,3,0,74,59,0,0,33,1228,1,13,0,8,0,3,0,7,0,0,0,0,1,0,0,1,0,1,0,0,0,4,2,6,2,0,0,0,0,0,0,0,0,9,2,6,9,161,39,295,2,28,0,0,0,1,1,4,21,40,1,10,4,2,1,6,0,0,0,0,1,2,0,0,0,0,1,0,0,0,0,0,0,0,4,0,0,0,0,0,0,0,0,2,0,0,1,11,0,0,0,2,0,7,0,7,1,82,0,10,0,0,0,0,0,0,0,3,0,2,0,0,73,223,127,1164,224,830,3,17,0,1,0,0,0,2,1,7,0,0,5,0
1,0,182,8,30,2,1,0,2,1,21,1,0,1,0,0,288,65,647,47,0,71,932,43,302,4,75,1,307,1,0,0,109,2,0,0,6,1,0,0,2,0,2,1,2,0,1,0,0,0,0,0,0,0,1,0,0,0,1,0,1,1,0,0,0,0,0,0,0,0,0,0,0,0,3,4,14,6,1,0,0,0,0,0,0,0,130,1,6,0,3,0,1,0,0,0,0,0,0,0,0,0,0,0,0,0,0,0,0,0,0,0,0,0,0,0,0,0,0,0,0,0,0,0,0,2,0,0,0,0,0,0,0,0,0,2,0,0,0,0,0,0,0,0,0,0,0,0,0,0,286,105,294,13,5,11,47,1,0,0,0,0,1,0,0,0,0,0,1,0
0,1,25,232,6,19,0,0,0,4,2,27,0,2,0,0,15,239,110,699,71,0,177,1433,2,279,0,101,6,60,0,0,11,20,0,0,2,62,0,0,0,2,0,1,0,6,0,0,0,0,0,0,0,0,0,0,0,0,0,1,1,4,0,0,0,0,0,0,0,0,0,0,0,3,7,18,5,37,0,0,0,0,0,0,0,0,4,19,0,1,2,0,0,1,0,0,0,0,0,0,0,0,0,0,0,0,0,0,0,1,0,0,0,0,0,0,0,0,0,0,0,0,0,0,0,1,0,0,0,0,0,0,0,0,0,3,0,0,0,0,0,0,0,0,0,0,0,0,0,0,74,570,67,268,13,222,2,9,0,0,0,1,0,0,0,1,0,0,1,0
0,0,20,3,4,0,0,0,0,0,5,0,0,0,0,0,604,106,70,24,932,177,0,416,583,4,32,1,294,0,0,0,85,2,0,0,13,1,1,0,1,0,8,0,4,0,0,0,0,0,0,0,0,0,0,0,0,0,0,0,0,0,0,0,0,0,0,0,0,0,0,0,0,0,5,3,14,3,0,0,0,0,0,0,0,0,145,0,2,0,0,0,2,0,1,0,0,0,0,0,0,0,0,0,0,0,0,0,0,0,0,0,0,0,0,0,0,0,0,0,0,0,0,0,0,0,0,0,0,0,0,1,0,0,0,1,0,0,0,0,0,0,0,0,0,0,0,0,0,0,234,55,39,10,74,11,260,1,0,0,0,0,0,0,0,0,0,0,0,0
0,1,11,83,2,33,0,2,0,5,0,41,0,3,0,0,10,1071,30,251,43,1433,416,0,1,1248,0,64,1,150,0,1,0,52,0,0,1,30,1,0,0,1,0,5,0,8,0,0,0,0,0,0,0,0,0,0,0,0,0,3,0,2,0,1,1,0,0,1,0,0,0,0,0,0,13,55,5,105,0,6,0,0,0,0,0,0,2,47,0,4,1,4,0,4,0,0,0,0,0,0,0,0,0,0,0,0,0,0,1,0,0,0,1,0,0,0,0,0,0,0,0,0,0,0,0,0,0,0,0,0,0,3,0,0,0,14,0,0,0,0,0,0,0,0,0,0,0,0,0,0,30,216,29,62,9,53,1,42,0,0,0,0,0,0,0,1,0,0,1,0
0,0,49,2,9,0,0,0,1,0,10,0,0,0,0,0,19,3,59,0,302,2,583,1,0,0,131,0,522,0,1,0,77,0,0,0,2,0,0,0,3,0,6,0,2,0,0,0,0,0,0,0,0,0,0,0,0,0,0,0,0,0,0,0,0,0,0,0,0,0,0,1,0,0,3,0,15,1,2,0,0,0,0,0,0,0,76,1,1,0,1,0,0,0,0,0,0,0,1,0,0,0,0,0,0,0,0,0,0,1,0,0,0,0,0,0,0,0,0,0,0,0,0,0,1,0,0,0,0,0,0,0,0,0,4,0,0,0,0,0,0,0,0,0,0,0,0,0,0,0,6,2,13,0,4,1,46,0,0,0,0,0,0,0,1,0,0,0,1,0
0,1,0,225,0,37,0,0,1,2,0,107,0,2,0,0,0,145,8,44,4,279,4,1248,0,0,0,281,1,164,0,6,0,47,0,0,0,4,0,0,0,2,0,3,0,4,0,0,0,0,0,0,0,0,0,0,0,0,0,3,0,1,0,0,0,0,0,0,0,0,0,0,0,0,2,15,0,57,0,2,0,0,0,0,0,0,0,54,0,6,0,1,0,3,0,0,0,0,0,0,0,0,0,0,0,0,0,0,0,0,0,0,0,0,0,0,0,0,0,0,0,0,0,0,0,1,0,0,0,0,0,0,0,0,0,0,0,0,0,0,0,0,0,0,0,0,0,0,0,0,5,17,5,4,0,7,0,5,0,0,0,0,0,0,0,0,0,0,0,0
0,0,243,1,153,0,0,0,20,0,84,0,0,0,0,0,0,0,45,0,75,0,32,0,131,0,0,0,66,0,6,0,53,0,0,0,0,0,0,0,0,0,1,0,0,0,0,0,0,0,1,0,0,0,0,0,0,0,0,0,0,0,0,0,0,0,0,0,0,0,0,0,0,0,2,0,17,0,3,0,0,0,0,0,0,0,11,0,3,0,0,0,1,0,0,0,0,0,0,0,0,0,0,0,0,0,0,0,0,0,0,0,1,0,0,0,0,0,0,0,0,0,0,0,0,0,0,0,0,0,0,0,0,0,0,0,0,0,0,0,0,0,0,0,0,0,0,0,0,0,0,1,2,1,0,0,0,0,0,0,0,0,0,0,0,0,0,0,0,0
0,0,2,314,0,367,0,1,0,1,0,331,0,0,0,0,0,21,1,9,1,101,1,64,0,281,0,0,0,148,0,22,0,24,0,0,0,0,0,0,0,0,0,1,0,0,0,0,0,0,0,0,0,0,0,0,0,0,0,1,0,1,0,0,0,0,0,0,0,0,0,0,0,0,2,8,0,24,0,1,0,0,0,0,0,0,0,22,0,0,0,1,0,1,0,0,0,0,0,0,0,0,0,0,0,0,0,0,0,0,0,0,0,0,0,0,0,0,0,0,0,0,0,0,0,1,0,0,0,0,0,1,0,0,0,1,0,0,0,0,0,0,0,0,0,0,0,0,0,0,0,5,1,0,0,0,0,2,0,0,0,0,0,0,0,0,0,0,0,0
0,0,247,11,145,5,0,0,40,0,1131,0,0,0,0,0,53,1,223,15,307,6,294,1,522,1,66,0,0,1,185,0,372,0,0,0,4,0,1,0,1,0,83,0,2,0,0,0,0,0,0,0,0,0,1,0,0,0,0,0,0,0,0,0,0,0,0,0,0,0,0,0,0,0,9,2,102,0,9,0,0,0,0,0,2,0,526,0,11,1,4,0,0,0,0,0,0,0,1,0,0,0,0,0,0,0,0,0,1,0,0,0,0,0,0,0,0,0,0,0,0,0,0,0,1,0,0,0,0,0,0,0,0,0,0,0,0,0,0,0,0,0,0,0,0,0,0,0,0,0,9,17,29,3,9,2,55,0,0,0,0,0,1,0,0,0,0,0,0,0
0,0,1,163,2,88,0,0,0,8,0,1198,0,1,0,0,0,81,2,28,1,60,0,150,0,164,0,148,1,0,0,42,1,90,0,0,1,1,0,0,0,1,0,3,0,1,0,0,0,0,0,0,0,0,0,0,0,0,0,0,0,1,0,0,0,0,0,0,0,0,0,0,0,0,1,14,0,73,0,0,0,0,0,0,0,0,0,37,0,2,0,3,0,6,0,0,0,0,0,0,0,0,0,0,0,0,0,0,0,0,0,0,0,0,0,0,0,0,0,0,0,0,0,0,0,0,0,0,0,0,0,1,0,0,0,1,0,0,0,0,0,0,0,0,0,0,0,0,0,0,1,8,3,3,0,6,1,4,0,0,0,0,0,0,0,0,0,0,0,0
0,0,13,1,50,0,0,0,17,0,376,0,0,0,0,0,0,0,11,3,0,0,0,0,1,0,6,0,185,0,0,0,43,0,0,0,0,0,0,0,0,0,0,0,0,0,0,0,0,0,0,0,0,0,0,0,0,0,0,0,0,0,0,0,0,0,0,0,0,0,0,0,0,0,0,0,25,0,0,0,0,0,0,0,0,0,16,0,4,0,1,0,1,0,0,0,0,0,0,0,0,0,0,0,0,0,0,0,0,0,0,0,0,0,0,0,0,0,0,0,0,0,0,0,1,0,0,0,0,0,0,0,0,0,1,2,0,0,0,0,0,0,0,0,0,0,0,0,0,0,1,1,0,0,0,1,0,0,0,0,0,0,0,0,0,0,0,0,1,0
0,0,0,20,0,67,0,0,0,3,0,153,0,0,0,0,0,2,2,0,0,0,0,1,0,6,0,22,0,42,0,0,0,13,0,0,0,0,0,0,0,0,0,0,0,0,0,0,0,0,0,0,0,0,0,0,0,0,0,0,0,0,0,0,0,0,0,1,0,0,0,0,0,0,0,3,0,9,0,0,0,0,0,0,0,0,0,9,0,1,0,0,0,0,0,0,0,0,0,0,0,0,0,0,0,0,0,0,0,0,0,0,0,0,0,0,0,0,0,0,0,0,0,0,0,0,0,0,0,0,0,1,0,0,0,0,0,0,0,0,0,0,0,0,0,0,0,0,0,0,0,0,0,1,0,0,1,1,0,0,0,0,0,0,0,0,0,0,0,0
247,24,498,81,629,81,943,10,1692,14,559,1,611,2,243,76,37,1,598,74,109,11,85,0,77,0,53,0,372,1,43,0,0,6,0,0,118,33,41,9,138,0,72,0,103,0,44,8,19,2,38,1,39,4,73,0,20,0,24,1,427,5,63,0,51,0,87,2,9,0,112,62,60,3,234,12,1048,27,56,3,0,0,91,2,257,15,463,1,134,10,39,0,38,5,3,0,1,2,38,4,8,0,4,0,0,1,2,4,3,4,1,0,7,5,0,1,0,0,0,4,0,0,2,0,2,0,6,0,4,1,0,1,6,0,30,4,5,0,19,0,14,0,9,0,26,1,0,1,3,0,15,28,33,16,94,107,105,0,6,5,12,2,26,0,12,0,3,4,10,4
7,70,12,259,13,494,4,832,5,1670,1,414,2,875,12,73,0,13,19,59,2,20,2,52,0,47,0,24,0,90,0,13,6,0,0,0,18,46,3,15,1,73,0,18,0,34,0,7,1,24,1,25,2,17,4,18,0,11,1,52,7,80,12,72,12,4,2,143,3,11,21,118,1,10,6,218,6,1773,1,29,0,0,5,412,4,825,0,372,1,119,0,7,0,58,0,0,1,0,4,3,0,1,0,0,0,0,3,0,3,2,4,1,7,1,0,0,0,0,0,1,0,0,1,0,0,3,2,0,0,12,0,5,0,0,3,30,0,7,0,5,1,4,0,0,1,6,1,1,1,0,0,2,4,4,19,46,0,5,2,5,0,5,0,37,2,6,0,1,4,2
0,0,0,0,0,0,0,0,0,0,0,0,0,0,0,0,0,0,0,0,0,0,0,0,0,0,0,0,0,0,0,0,0,0,0,0,0,0,0,0,0,0,0,0,0,0,0,0,0,0,0,0,0,0,0,0,0,0,0,0,0,0,0,0,0,0,0,0,0,0,0,0,0,0,0,0,0,0,0,0,0,0,0,0,0,0,0,0,0,0,0,0,0,0,0,0,0,0,0,0,0,0,0,0,0,0,0,0,0,0,0,0,0,0,0,0,0,0,0,0,0,0,0,0,0,0,0,0,0,0,0,0,0,0,0,0,0,0,0,0,0,0,0,0,0,0,0,0,0,0,0,0,0,0,0,0,0,0,0,0,0,0,0,0,0,0,0,0,0,0
0,0,0,0,0,0,0,0,0,0,0,0,0,0,0,0,0,0,0,0,0,0,0,0,0,0,0,0,0,0,0,0,0,0,0,0,0,0,0,0,0,0,0,0,0,0,0,0,0,0,0,0,0,0,0,0,0,0,0,0,0,0,0,0,0,0,0,0,0,0,0,0,0,0,0,0,0,0,0,0,0,0,0,0,0,0,0,0,0,0,0,0,0,0,0,0,0,0,0,0,0,0,0,0,0,0,0,0,0,0,0,0,0,0,0,0,0,0,0,0,0,0,0,0,0,0,0,0,0,0,0,0,0,0,0,0,0,0,0,0,0,0,0,0,0,0,0,0,0,0,0,0,0,0,0,0,0,0,0,0,0,0,0,0,0,0,0,0,0,0
233,149,125,84,155,97,81,39,75,19,0,0,40,19,1318,547,15,1,511,33,6,2,13,1,2,0,0,0,4,1,0,0,118,18,0,0,0,373,1591,4,73,4,10,0,0,0,27,4,119,1,8,0,38,1,26,2,4,0,0,0,201,96,87,7,46,2,41,12,10,3,3206,74,459,77,148,26,236,42,46,17,0,0,13,5,22,13,7,1,15,8,1,0,6,1,2,0,4,2,63,6,13,1,1,0,3,1,9,5,11,5,13,2,15,8,0,1,0,0,0,6,2,0,2,2,10,1,39,0,9,4,0,0,8,1,58,17,17,6,2,1,13,2,1,1,16,5,5,10,5,0,9,2,68,1,783,66,3,0,6,9,7,9,30,29,35,21,13,5,32,11
136,137,54,659,58,202,32,100,14,88,1,9,10,36,256,3422,0,27,70,1228,1,62,1,30,0,4,0,0,0,1,0,0,33,46,0,0,373,0,2,1058,11,67,5,4,0,0,2,14,2,11,1,12,5,3,8,2,1,0,0,1,64,253,23,120,27,6,26,31,1,1,85,1583,127,173,53,112,62,146,10,39,0,0,5,8,12,20,5,4,12,11,0,0,1,5,2,0,8,2,27,8,2,1,2,0,1,0,5,7,6,3,10,1,23,5,0,1,0,0,0,6,0,2,0,0,1,5,16,3,9,26,0,1,2,0,17,74,10,10,1,3,5,4,1,4,4,12,2,13,3,0,2,7,8,158,126,818,0,1,6,17,0,18,8,47,13,31,7,8,25,7
30,1,12,4,16,10,9,4,12,1,0,0,15,0,19,13,0,0,19,1,0,0,1,1,0,0,0,0,1,0,0,0,41,3,0,0,1591,2,0,111,200,2,27,0,0,0,1129,96,250,3,495,14,163,7,164,3,53,4,85,6,22,0,36,0,18,0,57,3,13,1,1587,34,5,1,26,3,50,2,2,0,0,0,57,2,129,10,3,0,65,7,1,0,35,3,0,0,1,1,18,1,2,0,4,0,0,0,4,0,4,1,2,0,0,4,0,0,1,0,0,0,0,0,7,0,2,0,3,0,3,1,0,0,1,0,10,2,4,2,11,0,10,0,3,0,33,1,4,1,2,0,0,0,6,0,57,4,0,0,1,0,1,0,3,0,4,1,1,0,6,0
2,5,5,46,3,13,0,4,1,5,0,0,5,4,1,86,0,0,3,13,0,0,0,0,0,0,0,0,0,0,0,0,9,15,0,0,4,1058,111,0,43,60,7,23,0,0,216,916,24,64,56,123,30,13,42,10,16,15,24,32,3,1,17,2,4,0,10,11,2,4,122,1176,0,3,7,3,8,22,3,3,0,0,15,16,33,42,0,1,18,31,0,0,3,7,1,0,0,0,1,1,0,1,2,0,0,1,1,0,0,1,0,0,1,1,0,0,0,0,0,0,0,0,0,0,0,1,0,0,0,0,0,0,1,0,1,4,0,0,3,4,1,1,2,2,5,3,2,0,0,0,0,0,0,0,4,7,0,0,0,1,0,3,0,0,1,1,3,2,3,1
95,10,15,3,10,3,24,2,10,0,1,0,23,2,27,15,20,65,4,0,2,0,1,0,3,0,0,0,1,0,0,0,138,1,0,0,73,11,200,43,0,43,2098,10,570,0,263,343,65,28,502,75,37,9,106,3,70,20,508,45,222,6,94,6,75,0,44,5,14,2,392,113,53,4,108,1,475,13,137,2,0,0,18,1,79,11,183,1,178,12,411,0,592,11,4,1,2,5,15,5,7,0,5,2,4,0,17,7,8,18,11,7,2,3,1,1,0,0,0,3,1,0,1,0,9,0,3,0,4,4,0,0,14,0,9,2,1,0,554,4,23,0,37,0,332,1,2,2,3,0,0,0,0,0,4,3,32,0,4,2,6,0,143,3,3,1,3,10,4,7
3,64,3,31,2,30,1,10,1,16,0,16,0,15,4,23,3,12,3,8,0,2,0,1,0,2,0,0,0,1,0,0,0,73,0,0,4,67,2,60,43,0,0,2525,0,259,0,86,1,3,7,258,1,2,0,17,0,21,3,969,7,83,3,27,1,0,0,7,0,2,7,329,1,33,3,41,3,668,0,292,0,0,0,4,4,75,0,230,1,401,0,154,1,527,0,1,3,2,1,4,0,1,1,2,2,0,6,2,1,3,5,2,2,2,0,0,0,1,0,2,0,1,0,1,2,0,0,3,0,4,0,0,1,3,1,6,0,1,0,564,0,11,0,51,0,432,0,12,0,1,0,0,0,1,2,7,7,43,0,8,0,5,1,130,0,3,2,4,1,2
6,1,4,1,5,2,4,0,0,0,0,0,1,2,5,2,10,28,5,0,2,0,8,0,6,0,1,0,83,0,0,0,72,0,0,0,10,5,27,7,2098,0,0,0,517,0,121,21,15,2,742,4,3,0,14,1,12,0,869,4,10,1,6,1,8,0,3,1,1,0,240,10,2,3,12,4,39,3,4,0,0,0,5,0,6,0,43,0,17,0,87,0,193,1,23,5,13,17,17,5,17,3,13,3,9,5,36,25,21,16,32,3,1,0,4,0,1,0,0,2,0,0,0,0,1,0,1,0,0,1,0,1,1,0,1,0,1,0,10,0,5,0,0,0,4,0,0,0,0,0,1,0,4,0,1,1,12,0,2,2,6,0,10,1,4,0,2,3,0,3
0,0,0,9,0,5,0,0,0,2,0,10,0,0,1,0,0,10,0,3,1,1,0,5,0,3,0,1,0,3,0,0,0,18,0,0,0,4,0,23,10,2525,0,0,0,589,1,142,1,9,1,1039,0,1,0,13,0,15,1,985,0,0,0,1,0,0,0,0,0,1,3,258,0,0,0,2,0,77,0,5,0,0,0,0,0,9,0,48,0,60,0,55,0,199,0,0,0,0,0,13,0,10,1,0,0,0,0,1,0,1,0,0,0,1,0,0,0,0,0,0,0,0,0,0,0,0,0,0,0,0,0,0,0,0,0,0,0,0,0,4,0,1,0,0,0,14,0,0,0,0,0,0,0,0,1,3,0,1,0,0,0,0,0,7,0,1,0,0,0,0
0,0,2,0,1,0,0,0,0,0,1,0,0,0,1,0,6,17,4,0,2,0,4,0,2,0,0,0,2,0,0,0,103,0,0,0,0,0,0,0,570,0,517,0,0,0,0,1,1,0,1,0,0,0,0,0,0,0,14,0,3,0,0,0,0,0,0,0,1,0,2,0,0,0,3,0,77,0,16,0,0,0,0,0,0,0,58,0,29,0,95,0,22,0,1,0,0,0,1,0,0,0,0,0,0,0,0,0,0,0,0,0,0,0,0,0,0,0,0,1,0,0,0,0,3,0,0,0,0,0,0,0,0,0,1,0,1,0,3,0,0,0,0,0,1,0,0,0,0,0,0,0,0,0,0,0,15,0,0,0,1,0,24,0,1,0,0,0,0,0
0,1,0,34,0,11,0,0,0,5,0,26,0,0,0,0,1,69,1,7,0,6,0,8,0,4,0,0,0,1,0,0,0,34,0,0,0,0,0,0,0,259,0,589,0,0,0,0,0,0,0,0,0,0,0,0,0,0,0,145,0,0,0,0,0,0,0,0,0,0,0,0,0,0,0,9,1,219,0,163,0,0,0,0,0,2,0,636,0,33,0,88,0,132,0,0,0,1,0,0,0,0,0,0,0,0,0,0,0,0,0,0,0,0,0,0,0,0,0,0,0,0,0,0,0,1,0,0,0,0,0,0,0,3,0,1,0,1,0,5,0,0,0,0,0,2,0,1,0,0,1,2,1,0,0,0,8,95,0,0,0,0,0,3,0,5,0,0,0,0
7,0,1,0,1,0,1,2,0,0,0,0,2,0,2,0,0,0,0,0,1,0,0,0,0,0,0,0,0,0,0,0,44,0,0,0,27,2,1129,216,263,0,121,1,0,0,0,622,5595,99,3655,68,2081,39,1125,9,566,26,112,17,5,0,2,1,2,0,0,0,1,0,1296,92,0,0,0,1,46,0,2,1,0,0,7,1,125,6,12,0,153,9,1,0,59,5,1,0,0,0,4,0,0,0,50,0,1,0,0,1,0,0,3,0,0,0,0,0,0,0,0,0,0,0,0,0,0,0,3,0,0,0,0,0,0,0,1,0,0,0,32,0,7,0,5,0,30,0,0,0,0,0,0,0,0,0,0,0,0,0,0,0,0,0,2,0,1,0,0,0,0,0
1,5,2,9,0,8,0,0,0,0,0,0,0,0,0,6,0,0,0,0,0,0,0,0,0,0,0,0,0,0,0,0,8,7,0,0,4,14,96,916,343,86,21,142,1,0,622,0,177,3880,317,4075,22,1396,50,449,37,517,97,504,0,2,2,28,0,0,0,7,0,9,740,1166,0,1,1,3,5,51,1,5,0,0,3,7,11,147,2,5,12,173,0,1,10,78,0,0,1,0,1,1,1,0,4,0,0,0,1,0,0,2,0,0,1,0,0,0,0,0,0,0,0,0,0,0,0,0,0,0,0,2,0,0,0,0,0,1,0,0,5,5,1,2,0,1,4,8,0,0,1,0,0,0,0,0,0,0,0,0,0,0,0,0,1,3,0,1,0,1,2,0
2,2,3,0,5,1,0,0,0,0,0,0,3,0,17,1,0,0,1,0,0,0,0,0,0,0,0,0,0,0,0,0,19,1,0,0,119,2,250,24,65,1,15,1,1,0,5595,177,0,343,257,28,2461,55,650,5,64,3,48,3,6,0,12,3,1,0,6,1,2,1,785,78,2,0,1,1,25,8,1,2,0,0,27,3,105,8,3,0,55,2,0,0,37,2,0,0,0,0,4,0,1,0,3,0,0,0,0,0,1,1,0,0,0,1,0,0,0,0,0,0,0,0,0,0,0,0,1,0,0,0,0,0,0,0,0,0,0,0,3,0,2,0,3,0,10,1,1,0,1,0,0,0,0,0,0,1,0,0,0,0,0,0,1,0,2,0,0,0,1,0
1,24,0,21,0,28,0,0,0,1,0,0,0,3,0,7,0,0,0,0,0,0,0,0,0,0,0,0,0,0,0,0,2,24,0,0,1,11,3,64,28,3,2,9,0,0,99,3880,343,0,15,414,3,4101,6,996,1,232,3,65,1,9,1,178,0,2,0,13,0,43,62,1154,0,5,1,4,3,30,1,6,0,0,5,17,9,156,0,3,8,136,0,0,6,43,1,0,0,0,2,1,0,0,0,0,0,0,0,0,0,0,0,0,0,1,0,0,0,0,0,0,0,0,1,0,0,0,0,0,0,4,0,0,0,0,2,1,0,0,3,3,0,0,0,2,1,6,0,0,0,0,0,0,0,0,0,0,0,0,0,0,0,0,0,1,1,3,0,1,0,0
7,0,2,0,1,1,2,0,0,0,0,0,1,0,3,1,0,0,1,1,0,0,0,0,0,0,1,0,0,0,0,0,38,1,0,0,8,1,495,56,502,7,742,1,1,0,3655,317,257,15,0,48,182,2,787,3,926,12,1508,19,6,0,8,0,3,0,3,0,1,0,789,49,4,0,11,0,131,1,10,0,0,0,7,1,105,4,29,2,190,4,1,0,215,2,4,0,0,0,16,0,76,1,84,0,0,0,4,2,2,2,1,0,2,6,0,0,0,0,0,1,0,0,1,0,0,0,0,0,0,0,0,0,0,0,0,1,0,0,52,1,8,0,7,0,66,0,0,0,0,0,0,1,0,0,3,1,0,0,0,2,2,0,4,0,2,2,0,2,2,0
1,9,0,5,0,7,0,0,0,1,0,1,0,0,0,0,0,0,0,0,0,0,0,0,0,0,0,0,0,0,0,0,1,25,0,0,0,12,14,123,75,258,4,1039,0,0,68,4075,28,414,48,0,5,204,3,231,6,932,22,1401,0,6,1,4,0,0,0,4,0,3,55,350,0,0,1,7,0,140,0,11,0,0,1,4,2,277,0,37,0,356,0,0,1,301,1,6,1,4,1,28,0,5,1,68,0,1,2,4,0,7,0,1,5,69,0,76,1,3,0,7,0,0,0,0,0,0,0,1,0,1,0,0,0,0,0,2,0,0,0,24,2,7,0,15,2,31,0,2,0,0,0,0,0,0,1,1,0,0,0,0,0,1,0,1,0,0,0,2,10,0
27,0,17,2,17,0,5,0,2,0,0,0,5,0,26,3,0,0,0,0,0,0,0,0,0,0,0,0,0,0,0,0,39,2,0,0,38,5,163,30,37,1,3,0,0,0,2081,22,2461,3,182,5,0,2,4561,2,213,1,67,2,16,1,246,2,66,0,50,2,37,0,387,56,5,0,5,1,36,8,2,0,0,0,56,3,207,10,2,1,190,9,0,0,46,4,0,0,1,1,5,1,1,0,2,0,0,0,1,0,1,0,0,0,0,3,1,0,0,0,0,3,0,0,0,0,1,0,1,0,2,1,0,0,0,0,6,0,1,1,15,1,7,0,6,0,19,0,1,0,0,0,0,0,0,0,0,1,0,0,1,0,2,0,2,0,1,0,4,1,4,1
0,41,1,38,0,53,1,3,0,4,0,0,1,2,0,5,0,0,0,1,0,0,0,0,0,0,0,0,0,0,0,0,4,17,0,0,1,3,7,13,9,2,0,1,0,0,39,1396,55,4101,2,204,2,0,8,3834,3,525,2,124,3,8,4,944,2,4,2,27,0,219,27,925,0,3,0,3,0,27,0,8,0,0,1,23,4,187,0,6,2,293,0,0,7,102,0,0,0,0,1,0,0,0,1,0,0,0,0,1,0,0,0,0,2,0,0,0,0,0,0,1,0,0,0,0,0,0,0,0,0,7,0,0,0,0,0,1,0,0,0,4,0,3,0,0,0,0,0,0,0,0,0,0,0,0,0,0,0,0,0,2,0,1,1,4,1,1,0,0,0,0
84,1,51,2,43,3,7,0,5,1,2,0,7,1,56,5,0,0,7,0,1,0,0,0,0,0,0,0,1,0,0,0,73,4,0,0,26,8,164,42,106,0,14,0,0,0,1125,50,650,6,787,3,4561,8,0,1,2644,2,706,0,40,1,488,2,587,0,92,3,737,1,313,62,7,1,7,0,113,4,9,1,0,0,70,2,386,11,25,1,2518,3,1,0,437,0,3,0,0,1,12,0,6,0,3,0,0,0,3,0,1,3,3,0,0,2,0,0,0,0,0,2,0,0,2,0,0,0,2,1,1,4,0,0,0,0,10,0,0,0,41,1,9,0,7,0,39,0,2,0,1,0,0,0,0,0,2,2,1,0,3,0,2,0,7,1,1,1,1,1,6,1
0,189,1,50,0,111,0,6,0,2,0,0,0,2,2,11,0,0,0,1,0,0,0,0,0,0,0,0,0,0,0,0,0,18,0,0,2,2,3,10,3,17,1,13,0,0,9,449,5,996,3,231,2,3834,1,0,2,1796,1,295,0,127,2,307,0,32,1,129,0,1363,9,204,0,4,0,3,2,42,1,3,0,0,1,19,2,264,0,7,1,2421,0,0,0,394,0,0,1,0,0,1,0,0,0,0,0,0,1,1,0,2,0,0,0,0,0,0,0,0,0,1,0,0,0,0,0,0,0,0,0,4,0,0,0,0,0,1,0,1,1,3,1,1,0,0,1,1,0,0,0,0,0,0,0,0,0,1,0,0,0,2,0,3,0,2,0,2,0,1,2,1
12,0,8,1,7,1,0,0,2,0,0,0,1,0,6,1,0,0,0,0,0,0,0,0,0,0,0,0,0,0,0,0,20,0,0,0,4,1,53,16,70,0,12,0,0,0,566,37,64,1,926,6,213,3,2644,2,0,2,734,2,5,0,9,0,8,0,7,1,8,0,67,15,0,0,1,0,63,0,4,0,0,0,10,1,81,3,18,0,332,1,3,0,405,0,1,0,0,0,1,0,2,0,2,0,0,0,1,0,0,1,1,1,0,0,0,0,0,0,0,0,0,0,0,0,0,0,0,0,0,0,1,0,0,0,0,0,0,0,24,0,5,0,5,0,29,0,0,0,0,0,0,0,0,0,1,1,1,0,0,0,0,0,2,0,1,1,0,1,1,0
0,10,0,5,0,10,0,0,0,1,0,0,0,1,2,0,0,0,0,0,0,0,0,0,0,0,0,0,0,0,0,0,0,11,0,0,0,0,4,15,20,21,0,15,0,0,26,517,3,232,12,932,1,525,2,1796,2,0,2,1482,0,5,1,6,0,2,0,1,0,11,28,54,0,1,0,1,1,55,0,5,0,0,1,7,1,227,0,17,2,594,0,0,1,1000,0,0,0,0,0,2,0,0,1,0,0,1,0,0,0,1,0,0,0,0,0,0,0,0,0,0,0,0,0,0,0,0,0,0,0,0,0,0,0,0,0,1,0,0,0,14,0,4,0,1,0,5,0,1,0,0,0,0,0,0,0,0,0,0,0,0,0,0,0,3,0,0,1,0,0,0
1,0,5,0,3,0,2,0,4,0,2,0,1,1,8,0,0,0,4,0,1,0,0,0,0,0,0,0,0,0,0,0,24,1,0,0,0,0,85,24,508,3,869,1,14,0,112,97,48,3,1508,22,67,2,706,1,734,2,0,4,0,0,4,0,2,0,2,0,0,0,84,22,0,1,1,0,147,1,10,0,0,0,0,0,44,3,55,0,350,3,187,0,2917,0,2,0,0,0,0,0,4,1,31,0,0,0,2,1,1,0,0,0,3,0,0,0,0,0,0,0,0,0,0,0,2,0,0,0,0,0,0,0,1,0,0,0,0,0,24,1,6,0,7,0,36,0,0,0,0,0,0,0,0,0,1,0,2,0,1,0,0,0,1,0,4,0,1,1,0,0
0,10,1,20,0,23,0,2,0,12,0,12,0,0,1,1,0,3,2,4,0,1,0,3,0,3,0,1,0,0,0,0,1,52,0,0,0,1,6,32,45,969,4,985,0,145,17,504,3,65,19,1401,2,124,0,295,2,1482,4,0,0,4,1,2,0,0,0,3,0,2,24,114,0,0,0,6,0,262,0,25,0,0,0,2,0,172,0,120,2,645,0,288,0,3532,0,44,0,4,1,2,1,1,0,83,0,0,0,2,0,1,0,0,3,0,0,0,0,0,0,0,0,0,0,0,0,1,0,1,0,0,0,0,0,0,0,4,0,0,0,28,0,1,0,5,1,23,0,0,0,0,0,0,0,0,1,2,1,6,0,0,0,0,0,4,0,1,0,1,0,0
4739,38,138,14,142,9,424,3,46,0,1,0,1294,8,144,57,0,0,4,2,1,1,0,0,0,0,0,0,0,0,0,0,427,7,0,0,201,64,22,3,222,7,10,0,3,0,5,0,6,1,6,0,16,3,40,0,5,0,0,0,0,24,1160,16,1360,0,1052,8,56,2,412,100,576,26,98,12,639,12,122,9,0,0,12,6,143,9,24,0,237,3,1,0,22,0,3,1,5,2,121,5,11,3,0,1,5,1,6,4,9,19,9,5,15,8,1,0,1,0,0,6,2,0,1,0,7,0,30,1,13,9,0,0,14,0,37,6,14,2,1,1,14,0,1,1,13,1,9,0,5,0,0,0,0,0,6,9,0,0,16,6,20,4,75,6,28,5,11,6,34,12
39,3674,5,171,5,176,2,147,1,77,0,1,3,563,38,332,0,0,7,6,1,4,0,2,0,1,0,1,0,1,0,0,5,80,0,0,96,253,0,1,6,83,1,0,0,0,0,2,0,9,0,6,1,8,1,127,0,5,0,4,24,0,8,1533,0,934,1,1015,1,307,13,333,48,616,9,66,13,403,8,156,0,0,2,1,2,43,0,0,1,253,1,0,0,45,5,0,8,5,10,19,4,0,1,1,3,4,12,15,7,11,16,2,25,10,2,2,0,0,1,8,1,0,0,0,1,0,4,2,3,61,0,2,0,1,3,28,0,4,0,7,0,3,0,1,1,14,0,5,1,0,1,1,0,0,7,4,0,0,4,25,0,43,2,201,4,51,10,18,40,5
371,10,181,4,55,7,30,3,18,1,0,0,17,2,201,17,0,0,11,2,0,0,0,0,0,0,0,0,0,0,0,0,63,12,0,0,87,23,36,17,94,3,6,0,0,0,2,2,12,1,8,1,246,4,488,2,9,1,4,1,1160,8,0,12,1467,0,192,13,442,3,1325,98,178,4,60,11,155,14,21,4,0,0,50,12,70,19,0,1,139,12,1,0,21,0,0,1,0,3,63,6,7,1,2,1,1,0,9,3,10,8,4,2,5,7,1,1,0,0,0,6,0,0,2,0,2,0,14,0,10,6,0,0,4,0,38,3,2,1,7,1,16,1,3,0,17,0,4,0,1,0,0,0,0,0,3,5,0,0,8,7,11,2,32,6,20,2,16,2,31,2
5,292,0,79,0,46,1,12,0,8,0,0,2,11,7,71,0,0,0,0,0,0,0,1,0,0,0,0,0,0,0,0,0,72,0,0,7,120,0,2,6,27,1,1,0,0,1,28,3,178,0,4,2,944,2,307,0,6,0,2,16,1533,12,0,9,1148,5,529,0,1051,22,627,1,88,4,14,5,151,1,29,0,0,1,35,2,102,0,1,1,137,0,0,0,14,0,0,3,1,11,8,3,1,1,0,0,0,3,4,3,2,11,1,11,3,0,0,0,0,0,4,0,0,0,0,0,0,1,0,0,54,0,0,2,0,2,7,0,1,1,3,0,4,1,2,3,3,1,3,0,0,0,0,0,0,1,0,0,0,1,9,0,16,0,43,2,20,2,6,12,4
255,1,48,6,42,5,20,5,9,0,0,0,16,3,30,9,0,0,1,0,0,0,0,1,0,0,0,0,0,0,0,0,51,12,0,0,46,27,18,4,75,1,8,0,0,0,2,0,1,0,3,0,66,2,587,0,8,0,2,0,1360,0,1467,9,0,1,1632,7,1620,2,124,104,13,2,30,5,130,10,36,3,0,0,9,9,85,32,4,0,474,9,0,0,69,1,1,1,0,0,42,3,6,0,1,0,1,0,2,3,5,3,2,1,3,5,0,0,0,0,0,2,0,0,2,0,2,0,11,0,4,14,0,1,5,0,12,3,5,0,3,1,11,2,1,0,4,1,0,1,0,0,0,1,0,0,3,2,0,0,6,3,8,4,15,4,15,3,8,3,19,2
2,80,0,7,0,24,0,13,0,3,0,0,0,2,0,1,0,0,0,0,0,0,0,0,0,0,0,0,0,0,0,0,0,4,0,0,2,6,0,0,0,0,0,0,0,0,0,0,0,2,0,0,0,4,0,32,0,2,0,0,0,934,0,1148,1,0,0,1229,0,1377,2,49,0,7,0,4,0,12,0,0,0,0,1,2,0,12,0,0,0,48,0,0,0,2,0,0,0,0,0,0,0,0,0,0,0,0,0,0,0,0,0,0,1,0,0,0,0,0,0,0,0,0,0,0,0,0,0,0,0,1,0,0,0,0,0,1,0,0,0,1,0,0,0,0,0,0,0,0,0,0,0,0,0,0,0,0,0,0,0,0,0,0,0,1,0,0,0,0,0,0
399,5,73,3,137,3,237,2,130,1,0,0,555,2,33,10,0,0,2,0,0,0,0,0,0,0,0,0,0,0,0,0,87,2,0,0,41,26,57,10,44,0,3,0,0,0,0,0,6,0,3,0,50,2,92,1,7,0,2,0,1052,1,192,5,1632,0,0,3,349,1,121,67,7,0,16,3,141,8,17,1,0,0,21,12,1265,23,1,1,477,3,0,0,27,1,1,0,1,0,26,0,4,0,1,0,0,0,3,0,1,3,7,1,2,3,1,0,0,0,0,1,2,0,0,0,0,1,5,0,2,5,0,0,3,0,6,1,2,0,1,1,8,0,3,1,1,1,2,0,0,0,0,0,0,0,5,0,0,0,1,0,7,1,9,3,6,0,3,2,12,1
4,574,4,78,4,321,1,296,1,152,0,3,3,480,9,25,0,0,0,0,0,0,0,1,0,0,0,0,0,0,0,1,2,143,0,0,12,31,3,11,5,7,1,0,0,0,0,7,1,13,0,4,2,27,3,129,1,1,0,3,8,1015,13,529,7,1229,3,0,0,1344,16,273,5,12,9,27,8,83,0,17,0,0,4,45,4,1268,1,3,3,341,0,0,0,14,0,0,0,1,1,2,0,0,2,0,0,0,4,0,1,1,1,0,4,0,0,0,0,0,0,2,0,0,0,0,2,1,0,0,0,4,0,0,2,0,1,7,2,1,1,1,2,1,0,0,1,1,0,0,0,0,0,0,0,0,3,4,0,0,0,5,0,4,2,19,1,7,0,5,6,0
99,2,21,3,43,2,6,0,5,0,0,0,2,0,16,5,0,0,0,0,0,0,0,0,0,0,0,0,0,0,0,0,9,3,0,0,10,1,13,2,14,0,1,0,1,0,1,0,2,0,1,0,37,0,737,0,8,0,0,0,56,1,442,0,1620,0,349,0,0,0,58,8,2,0,4,2,30,0,6,2,0,0,11,0,240,4,0,1,1136,1,0,0,37,0,0,0,1,0,7,0,2,0,0,0,0,0,0,0,1,0,1,0,1,0,0,0,0,0,0,1,0,0,0,0,0,0,4,0,0,0,0,0,1,0,2,0,1,0,1,0,4,0,0,0,1,2,0,0,0,0,0,0,0,0,0,0,0,0,0,1,1,0,4,0,2,0,3,1,0,1
0,148,0,20,0,24,0,3,0,2,0,0,0,1,2,3,0,0,0,0,0,0,0,0,0,0,0,0,0,0,0,0,0,11,0,0,3,1,1,4,2,2,0,1,0,0,0,9,1,43,0,3,0,219,1,1363,0,11,0,2,2,307,3,1051,2,1377,1,1344,0,0,4,210,0,2,0,5,1,29,0,0,0,0,0,21,3,258,0,0,0,1125,0,0,1,47,0,0,0,0,2,0,0,0,0,0,0,0,3,0,0,0,1,0,1,1,0,0,0,0,0,1,0,0,0,0,0,0,0,0,0,6,0,0,0,0,0,1,0,0,0,1,0,2,0,0,1,0,0,0,0,0,0,0,0,0,1,1,0,0,0,1,0,2,0,4,1,2,0,0,2,1
248,27,245,19,73,21,29,7,21,2,0,0,29,3,700,56,0,0,29,0,0,0,0,0,0,0,0,0,0,0,0,0,112,21,0,0,3206,85,1587,122,392,7,240,3,2,0,1296,740,785,62,789,55,387,27,313,9,67,28,84,24,412,13,1325,22,124,2,121,16,58,4,0,395,498,14,73,12,148,40,36,5,0,0,74,19,150,71,5,3,118,47,0,0,53,14,0,0,2,2,57,4,7,1,10,0,0,0,7,1,2,4,5,1,9,13,0,0,0,0,0,4,0,0,6,0,8,0,10,0,13,15,0,0,7,0,48,2,3,1,10,1,15,2,6,1,32,4,8,0,5,0,0,0,0,0,12,10,0,0,6,4,6,2,21,2,20,6,9,2,19,6
39,258,8,714,18,256,5,47,5,26,0,1,24,62,32,356,0,0,7,9,0,0,0,0,1,0,0,0,0,0,0,0,62,118,0,0,74,1583,34,1176,113,329,10,258,0,0,92,1166,78,1154,49,350,56,925,62,204,15,54,22,114,100,333,98,627,104,49,67,273,8,210,395,0,21,252,49,55,59,258,11,42,0,0,44,100,112,465,1,16,47,201,0,0,13,51,3,1,7,2,42,20,9,1,7,1,6,1,24,11,17,11,17,3,40,10,0,0,1,0,0,17,3,0,3,1,6,2,11,1,6,150,0,0,1,0,24,42,7,6,14,16,11,15,6,8,24,35,4,10,5,0,0,0,0,0,8,7,0,0,13,13,4,29,11,154,15,39,7,20,50,13
713,49,183,27,26,4,31,4,11,1,0,0,16,7,880,97,0,0,1,2,0,0,0,0,0,0,0,0,0,0,0,0,60,1,0,0,459,127,5,0,53,1,2,0,0,0,0,0,2,0,4,0,5,0,7,0,0,0,0,0,576,48,178,1,13,0,7,5,2,0,498,21,0,58,100,16,210,7,50,4,0,0,4,0,6,1,1,0,3,3,0,0,1,0,1,0,3,2,48,1,4,0,0,0,2,0,8,1,5,6,5,0,8,5,1,0,0,0,0,3,0,0,1,0,9,0,29,0,7,4,0,0,8,0,50,5,11,0,0,0,4,4,1,0,16,4,12,0,1,0,0,0,0,0,2,2,0,0,11,2,3,2,34,13,20,6,10,7,22,4
36,404,4,296,3,72,2,15,2,12,0,0,3,22,30,601,0,0,0,6,0,3,0,0,0,0,0,0,0,0,0,0,3,10,0,0,77,173,1,3,4,33,3,0,0,0,0,1,0,5,0,0,0,3,1,4,0,1,1,0,26,616,4,88,2,7,0,12,0,2,14,252,58,0,10,47,13,34,0,30,0,0,0,0,2,6,0,1,0,7,0,0,0,1,1,2,5,4,8,20,0,0,2,0,3,2,5,4,1,8,13,1,22,1,0,2,0,0,0,18,0,2,0,0,1,3,1,6,0,29,0,1,2,0,8,20,2,2,0,2,0,2,0,1,1,9,1,5,0,0,0,0,0,0,3,3,0,0,5,19,1,29,3,87,3,38,5,6,25,5
321,22,114,21,256,33,142,11,245,6,1,0,88,1,135,60,24,31,36,9,3,7,5,13,3,2,2,2,9,1,0,0,234,6,0,0,148,53,26,7,108,3,12,0,3,0,0,1,1,1,11,1,5,0,7,0,1,0,1,0,98,9,60,4,30,0,16,9,4,0,73,49,100,10,0,13,1403,23,314,6,0,0,16,2,31,7,24,1,17,6,4,0,9,2,2,0,5,5,182,8,16,0,0,1,7,2,18,20,15,9,17,6,29,17,1,0,0,0,0,15,81,31,46,1,80,0,210,0,66,5,3,0,22,0,494,17,253,0,10,0,20,0,15,0,120,3,68,1,28,0,1,17,2,2,74,46,64,2,25,8,18,6,141,3,83,2,20,12,55,14
42,432,23,456,45,788,11,338,11,422,1,149,4,103,45,247,0,54,60,161,4,18,3,55,0,15,0,8,2,14,0,3,12,218,0,0,26,112,3,3,1,41,4,2,0,9,1,3,1,4,0,7,1,3,0,3,0,1,0,6,12,66,11,14,5,4,3,27,2,5,12,55,16,47,13,0,18,933,3,194,0,0,1,7,1,16,0,15,4,18,0,1,1,12,1,1,10,7,33,35,7,0,2,1,4,1,16,3,12,12,14,2,84,15,0,1,0,0,1,18,0,16,1,28,0,31,4,56,0,119,0,18,0,18,9,397,1,73,0,14,1,23,0,9,1,125,0,88,1,8,3,16,12,28,51,113,5,153,8,36,6,54,1,134,13,116,9,26,106,18
582,53,367,66,522,78,236,17,380,15,125,3,229,6,373,152,151,1,322,39,14,5,14,5,15,0,17,0,102,0,25,0,1048,6,0,0,236,62,50,8,475,3,39,0,77,1,46,5,25,3,131,0,36,0,113,2,63,1,147,0,639,13,155,5,130,0,141,8,30,1,148,59,210,13,1403,18,0,25,767,12,0,0,32,2,169,14,383,1,352,11,124,0,336,5,7,0,12,6,62,4,12,0,8,3,1,2,23,15,17,12,7,0,12,9,3,0,1,0,0,3,2,1,5,0,90,0,51,1,9,5,4,2,31,0,232,8,77,1,82,1,22,0,15,1,84,2,8,2,8,0,3,32,7,12,102,106,804,2,23,14,12,1,137,9,42,5,22,9,38,12
14,345,36,802,41,893,8,489,17,717,4,352,4,492,45,318,2,157,101,295,6,37,3,105,1,57,0,24,0,73,0,9,27,1773,0,0,42,146,2,22,13,668,3,77,0,219,0,51,8,30,1,140,8,27,4,42,0,55,1,262,12,403,14,151,10,12,8,83,0,29,40,258,7,34,23,933,25,0,0,884,0,0,8,83,10,302,5,499,5,351,0,51,4,246,0,1,1,0,8,6,1,0,0,0,2,4,2,9,1,2,10,3,15,4,1,0,0,0,0,3,0,0,0,2,1,3,2,2,0,24,0,17,1,8,3,75,1,8,0,70,2,8,0,12,4,69,1,6,3,1,9,11,23,43,57,228,23,925,4,17,0,12,3,53,4,17,2,7,20,3
82,7,44,17,127,12,32,3,45,1,19,0,20,2,73,23,0,0,36,2,1,0,0,0,2,0,3,0,9,0,0,0,56,1,0,0,46,10,2,3,137,0,4,0,16,0,2,1,1,1,10,0,2,0,9,1,4,0,10,0,122,8,21,1,36,0,17,0,6,0,36,11,50,0,314,3,767,0,0,2,0,0,2,1,19,0,15,0,22,2,19,0,31,0,4,0,8,8,25,4,7,0,0,1,3,3,11,9,3,3,5,2,6,4,2,0,0,0,0,3,14,0,0,1,102,0,13,0,3,2,6,0,16,0,170,1,51,0,36,0,8,0,4,0,19,0,3,0,0,0,0,2,0,1,25,25,18,0,10,0,10,0,164,0,14,1,7,6,13,5
8,128,5,93,7,97,0,38,2,35,0,27,3,29,12,85,10,31,12,28,0,0,0,6,0,2,0,1,0,0,0,0,3,29,0,0,17,39,0,3,2,292,0,5,0,163,1,5,2,6,0,11,0,8,1,3,0,5,0,25,9,156,4,29,3,0,1,17,2,0,5,42,4,30,6,194,12,884,2,0,0,0,0,11,4,29,0,23,0,23,0,4,0,18,2,0,3,4,7,11,2,2,0,0,2,2,8,4,3,4,3,1,25,4,0,0,0,0,1,7,0,0,0,0,0,17,0,0,0,9,0,13,1,18,0,22,0,1,0,182,0,9,0,15,2,28,0,5,0,0,1,1,0,2,6,20,20,149,3,28,1,24,2,167,5,52,8,8,18,2
0,0,0,0,0,0,0,0,0,0,0,0,0,0,0,0,0,0,0,0,0,0,0,0,0,0,0,0,0,0,0,0,0,0,0,0,0,0,0,0,0,0,0,0,0,0,0,0,0,0,0,0,0,0,0,0,0,0,0,0,0,0,0,0,0,0,0,0,0,0,0,0,0,0,0,0,0,0,0,0,0,0,0,0,0,0,0,0,0,0,0,0,0,0,0,0,0,0,0,0,0,0,0,0,0,0,0,0,0,0,0,0,0,0,0,0,0,0,0,0,0,0,0,0,0,0,0,0,0,0,0,0,0,0,0,0,0,0,0,0,0,0,0,0,0,0,0,0,0,0,0,0,0,0,0,0,0,0,0,0,0,0,0,0,0,0,0,0,0,0
0,0,0,0,0,0,0,0,0,0,0,0,0,0,0,0,0,0,0,0,0,0,0,0,0,0,0,0,0,0,0,0,0,0,0,0,0,0,0,0,0,0,0,0,0,0,0,0,0,0,0,0,0,0,0,0,0,0,0,0,0,0,0,0,0,0,0,0,0,0,0,0,0,0,0,0,0,0,0,0,0,0,0,0,0,0,0,0,0,0,0,0,0,0,0,0,0,0,0,0,0,0,0,0,0,0,0,0,0,0,0,0,0,0,0,0,0,0,0,0,0,0,0,0,0,0,0,0,0,0,0,0,0,0,0,0,0,0,0,0,0,0,0,0,0,0,0,0,0,0,0,0,0,0,0,0,0,0,0,0,0,0,0,0,0,0,0,0,0,0
6,1,12,3,18,1,4,0,5,0,0,0,127,1,13,6,0,0,2,0,0,0,0,0,0,0,0,0,0,0,0,0,91,5,0,0,13,5,57,15,18,0,5,0,0,0,7,3,27,5,7,1,56,1,70,1,10,1,0,0,12,2,50,1,9,1,21,4,11,0,74,44,4,0,16,1,32,8,2,0,0,0,0,5,632,26,0,3,37,8,0,0,1,1,1,0,2,0,14,0,2,0,0,0,0,0,1,2,1,0,2,1,0,2,0,0,0,0,0,0,3,0,3,0,1,0,2,0,0,2,0,0,1,0,8,1,3,0,12,0,14,0,15,0,49,0,3,0,3,0,0,0,0,0,0,1,0,0,0,0,3,0,0,1,4,0,3,0,2,1
2,3,0,12,0,27,0,2,1,17,0,0,1,54,0,3,0,0,0,1,0,0,0,0,0,0,0,0,0,0,0,0,2,412,0,0,5,8,2,16,1,4,0,0,0,0,1,7,3,17,1,4,3,23,2,19,1,7,0,2,6,1,12,35,9,2,12,45,0,21,19,100,0,0,2,7,2,83,1,11,0,0,5,0,9,304,0,19,1,5,0,0,0,4,0,0,1,0,3,0,0,0,0,0,0,0,1,0,1,0,0,0,4,1,0,0,0,0,0,2,0,0,1,0,0,0,1,0,0,8,0,0,0,0,2,0,0,0,1,3,1,5,0,2,2,4,0,1,1,0,0,0,0,1,0,1,0,0,1,1,0,4,1,7,1,2,0,0,1,2
388,7,67,7,227,4,66,4,62,1,1,0,147,0,56,18,0,0,10,1,0,0,0,0,0,0,0,0,2,0,0,0,257,4,0,0,22,12,129,33,79,4,6,0,0,0,125,11,105,9,105,2,207,4,386,2,81,1,44,0,143,2,70,2,85,0,1265,4,240,3,150,112,6,2,31,1,169,10,19,4,0,0,632,9,0,48,431,3,3368,20,0,0,42,2,0,0,0,0,7,0,3,0,7,0,0,0,1,1,0,2,3,0,1,1,0,0,0,0,0,1,0,0,3,0,2,0,6,0,0,2,0,0,0,0,10,0,1,0,31,2,15,0,12,0,43,4,3,1,1,0,0,0,0,0,11,11,0,0,0,0,4,1,6,3,6,0,0,0,9,1
9,170,2,74,4,204,6,92,1,105,0,1,5,171,5,21,0,1,0,4,0,0,0,0,0,0,0,0,0,0,0,0,15,825,0,0,13,20,10,42,11,75,0,9,0,2,6,147,8,156,4,277,10,187,11,264,3,227,3,172,9,43,19,102,32,12,23,1268,4,258,71,465,1,6,7,16,14,302,0,29,0,0,26,304,48,0,0,1259,17,1852,0,4,1,161,1,0,0,0,7,8,1,0,2,1,0,0,1,1,1,3,3,1,5,2,0,0,0,0,0,2,0,0,0,1,0,1,1,0,1,9,0,0,1,0,2,7,0,2,1,24,4,3,1,10,10,16,4,2,1,0,0,0,1,0,0,1,0,1,1,2,0,1,3,18,3,4,3,5,8,1
13,1,110,20,66,11,30,0,12,1,95,1,246,0,2,1,131,2,118,21,130,4,145,2,76,0,11,0,526,0,16,0,463,0,0,0,7,5,3,0,183,0,43,0,58,0,12,2,3,0,29,0,2,0,25,0,18,0,55,0,24,0,0,0,4,0,1,1,0,0,5,1,1,0,24,0,383,5,15,0,0,0,0,0,431,0,0,0,1007,0,180,1,181,0,0,0,0,0,0,0,0,0,1,0,0,0,1,0,0,0,0,0,1,0,0,0,0,0,0,0,0,0,0,0,5,0,0,0,0,0,0,0,1,0,0,0,0,0,14,0,0,1,4,0,6,0,0,0,0,0,19,16,18,2,14,12,74,0,0,0,0,0,2,0,0,0,0,0,1,0
0,1,4,108,3,58,0,1,0,28,0,114,0,13,1,0,0,56,9,40,1,19,0,47,1,54,0,22,0,37,0,9,1,372,0,0,1,4,0,1,1,230,0,48,0,636,0,5,0,3,2,37,1,6,1,7,0,17,0,120,0,0,1,1,0,0,1,3,1,0,3,16,0,1,1,15,1,499,0,23,0,0,3,19,3,1259,0,0,0,329,0,521,0,227,0,0,0,1,0,0,0,0,0,0,0,0,0,0,0,0,0,0,1,0,0,0,0,0,0,1,0,0,0,0,0,0,0,0,0,0,0,1,0,0,0,2,0,0,0,12,0,1,0,1,0,6,0,0,0,0,0,3,4,9,2,16,1,21,0,0,0,0,0,3,0,5,0,0,0,0
563,5,101,7,251,5,19,4,20,0,10,0,13,0,36,9,1,0,29,1,6,0,2,0,1,0,3,0,11,0,4,0,134,1,0,0,15,12,65,18,178,1,17,0,29,0,153,12,55,8,190,0,190,2,2518,1,332,2,350,2,237,1,139,1,474,0,477,3,1136,0,118,47,3,0,17,4,352,5,22,0,0,0,37,1,3368,17,1007,0,0,7,313,0,3842,0,0,0,0,0,14,1,0,0,5,0,1,0,1,1,0,3,1,0,3,2,0,0,0,0,0,1,0,0,1,0,3,0,3,0,0,2,0,0,4,0,8,0,5,0,31,0,2,0,2,1,21,0,2,2,1,0,0,5,0,2,2,0,1,0,0,0,1,0,8,0,3,0,4,1,4,0
5,538,1,90,3,284,1,50,0,24,0,15,3,9,9,25,0,2,1,10,0,1,0,4,0,6,0,0,1,2,0,1,10,119,0,0,8,11,7,31,12,401,0,60,0,33,9,173,2,136,4,356,9,293,3,2421,1,594,3,645,3,253,12,137,9,48,3,341,1,1125,47,201,3,7,6,18,11,351,2,23,0,0,8,5,20,1852,0,329,7,0,0,496,2,4700,0,0,1,3,2,2,1,0,0,0,1,0,2,0,0,2,1,1,3,2,0,0,0,0,0,1,0,0,0,0,1,0,1,0,0,4,0,2,0,0,0,3,1,0,0,31,3,4,0,2,8,14,0,1,1,0,0,0,1,1,4,6,0,3,1,5,1,3,1,15,0,5,0,0,7,2
0,1,8,3,3,1,1,0,0,0,8,0,0,0,1,0,1,0,9,4,3,2,0,1,1,0,0,0,4,0,1,0,39,0,0,0,1,0,1,0,411,0,87,0,95,0,1,0,0,0,1,0,0,0,1,0,3,0,187,0,1,1,1,0,0,0,0,0,0,0,0,0,0,0,4,0,124,0,19,0,0,0,0,0,0,0,180,0,313,0,0,0,926,0,0,0,0,0,2,0,0,0,0,0,0,0,1,0,0,0,0,0,1,0,0,0,0,0,0,0,0,0,0,0,1,0,0,0,0,0,0,0,4,0,0,0,0,0,2,0,0,0,0,0,1,0,0,0,0,0,1,1,2,0,0,0,11,0,0,0,2,0,7,0,0,0,0,0,0,0
0,0,0,8,1,5,0,0,0,2,0,4,0,1,0,0,0,1,0,2,0,0,0,4,0,1,0,1,0,3,0,0,0,7,0,0,0,0,0,0,0,154,0,55,0,88,0,1,0,0,0,0,0,0,0,0,0,0,0,288,0,0,0,0,0,0,0,0,0,0,0,0,0,0,0,1,0,51,0,4,0,0,0,0,0,4,1,521,0,496,0,0,0,1102,0,0,0,0,0,0,0,0,0,0,0,0,0,0,0,0,0,0,0,0,0,0,0,0,0,0,0,0,0,0,0,0,0,0,0,0,0,0,0,0,0,0,0,0,0,1,0,0,0,0,0,0,0,0,0,0,0,0,0,2,0,0,0,6,0,0,0,0,0,0,0,0,0,0,0,0
65,2,31,2,45,0,2,1,7,0,9,0,1,0,14,6,2,0,11,1,1,0,2,0,0,0,1,0,0,0,1,0,38,0,0,0,6,1,35,3,592,1,193,0,22,0,59,10,37,6,215,1,46,7,437,0,405,1,2917,0,22,0,21,0,69,0,27,0,37,1,53,13,1,0,9,1,336,4,31,0,0,0,1,0,42,1,181,0,3842,2,926,0,0,1,1,0,1,0,3,0,1,1,5,0,0,0,0,0,0,1,0,1,1,1,0,0,0,0,0,0,0,1,0,0,1,0,0,0,0,0,0,0,9,0,1,0,1,0,32,0,0,0,1,0,11,0,0,0,0,0,0,0,0,1,2,0,8,0,0,1,1,0,6,0,3,1,0,0,1,0
2,172,1,53,1,124,0,10,2,13,0,17,1,1,4,6,0,2,2,6,0,1,0,4,0,3,0,1,0,6,0,0,5,58,0,0,1,5,3,7,11,527,1,199,0,132,5,78,2,43,2,301,4,102,0,394,0,1000,0,3532,0,45,0,14,1,2,1,14,0,47,14,51,0,1,2,12,5,246,0,18,0,0,1,4,2,161,0,227,0,4700,0,1102,1,0,0,0,0,0,2,0,2,1,0,0,0,0,0,1,0,0,1,0,2,1,0,0,0,0,0,0,0,0,1,0,0,0,0,0,0,0,0,1,0,1,0,3,0,0,1,7,0,1,0,1,1,2,0,0,0,0,0,0,0,1,1,5,4,13,0,1,0,0,0,4,1,2,0,0,0,0
0,8,1,2,0,3,0,3,0,0,0,0,1,0,2,5,0,0,1,0,0,0,1,0,0,0,0,0,0,0,0,0,3,0,0,0,2,2,0,1,4,0,23,0,1,0,1,0,0,1,4,1,0,0,3,0,1,0,2,0,3,5,0,0,1,0,1,0,0,0,0,3,1,1,2,1,7,0,4,2,0,0,1,0,0,1,0,0,0,0,0,0,1,0,0,41,5498,54,152,10,694,38,3938,95,433,25,468,87,254,76,32,18,5,21,90,111,161,10,3,4,0,0,0,0,0,0,0,0,2,0,0,0,0,0,0,0,1,0,1,0,1,0,0,0,1,1,0,0,0,0,0,0,0,0,0,1,0,0,5,12,2,2,7,5,1,0,7,26,3,2
0,1,0,0,1,0,0,0,0,0,0,0,0,0,1,2,0,0,1,0,0,0,0,0,0,0,0,0,0,0,0,0,0,0,0,0,0,0,0,0,1,1,5,0,0,0,0,0,0,0,0,6,0,0,0,0,0,0,0,44,1,0,1,0,1,0,0,0,0,0,0,1,0,2,0,1,0,1,0,0,0,0,0,0,0,0,0,0,0,0,0,0,0,0,41,0,38,7082,9,369,40,407,22,7740,20,426,78,754,36,253,11,46,58,80,95,70,293,15,25,24,0,0,0,0,0,0,0,0,0,0,0,0,0,0,0,0,0,0,1,0,0,0,0,0,0,0,0,0,0,0,0,0,0,0,0,1,0,0,6,14,1,4,5,0,0,0,3,13,0,0
4,5,0,3,2,5,0,4,2,0,0,0,0,3,5,8,0,0,2,0,0,0,0,0,0,0,0,0,0,0,0,0,1,1,0,0,4,8,1,0,2,3,13,0,0,0,0,1,0,0,0,1,1,0,0,1,0,0,0,0,5,8,0,3,0,0,1,0,1,0,2,7,3,5,5,10,12,1,8,3,0,0,2,1,0,0,0,0,0,1,0,0,1,0,5498,38,0,82,221,37,599,59,942,55,2086,30,1380,163,423,148,48,22,7,28,103,71,211,254,11,11,0,0,0,0,0,0,0,0,0,5,0,0,1,0,4,2,0,0,0,5,2,1,0,0,1,0,0,0,1,0,0,0,0,0,0,2,0,0,30,13,6,5,12,5,4,0,12,53,2,3
3,6,1,5,3,1,0,2,2,1,0,0,2,1,3,4,0,0,0,0,0,0,0,0,0,0,0,0,0,0,0,0,2,0,0,0,2,2,1,0,5,2,17,0,0,1,0,0,0,0,0,4,1,0,1,0,0,0,0,4,2,5,3,1,0,0,0,1,0,0,2,2,2,4,5,7,6,0,8,4,0,0,0,0,0,0,0,1,0,3,0,0,0,0,54,7082,82,0,19,421,73,381,47,1753,32,2004,196,2623,91,470,45,63,59,77,93,75,319,24,37,47,0,0,1,0,0,0,0,0,0,2,0,0,0,0,0,0,0,0,1,0,0,1,0,0,0,0,0,0,0,0,0,0,0,0,0,0,0,0,8,16,5,16,8,6,1,2,9,18,6,1
85,26,12,17,9,9,13,1,7,3,0,0,16,5,45,32,0,0,6,1,0,0,0,0,1,0,0,0,1,0,0,0,38,4,0,0,63,27,18,1,15,1,17,0,1,0,4,1,4,2,16,1,5,1,12,0,1,0,0,1,121,10,63,11,42,0,26,1,7,2,57,42,48,8,182,33,62,8,25,7,0,0,14,3,7,7,0,0,14,2,2,0,3,2,152,9,221,19,0,55,1030,98,365,20,106,10,370,46,2052,91,108,7,233,268,106,34,12,20,58,159,1,1,0,0,3,0,8,0,10,3,0,0,3,3,113,11,7,0,6,1,17,2,45,1,67,1,8,1,9,0,0,0,0,0,3,6,0,0,82,63,42,5,65,30,317,64,28,61,410,102
5,20,1,16,1,10,3,6,0,7,0,1,1,6,4,9,0,0,0,2,0,0,0,0,0,0,0,0,0,0,0,0,4,3,0,0,6,8,1,1,5,4,5,13,0,0,0,1,0,1,0,28,1,0,0,1,0,2,0,2,5,19,6,8,3,0,0,2,0,0,4,20,1,20,8,35,4,6,4,11,0,0,0,0,0,8,0,0,1,2,0,0,0,0,10,369,37,421,55,0,97,1237,25,349,25,138,93,773,75,710,34,58,67,470,309,26,21,22,36,99,0,0,0,0,1,0,0,0,2,7,0,0,1,0,1,3,0,0,1,6,0,11,0,11,0,12,0,1,0,0,0,0,0,0,1,3,0,0,21,48,3,28,6,9,21,30,8,212,51,13
7,11,3,6,1,1,1,1,0,0,0,0,2,1,9,11,0,0,0,0,0,0,0,0,0,0,0,0,0,0,0,0,8,0,0,0,13,2,2,0,7,0,17,0,0,0,0,1,1,0,76,0,1,0,6,0,2,0,4,1,11,4,7,3,6,0,4,0,2,0,7,9,4,0,16,7,12,1,7,2,0,0,2,0,3,1,0,0,0,1,0,0,1,2,694,40,599,73,1030,97,0,493,3512,124,232,29,699,158,886,195,130,36,46,236,1224,258,35,50,12,26,0,0,0,0,0,0,1,0,0,1,0,0,1,0,3,0,0,0,5,0,8,2,21,0,39,1,0,0,0,0,0,0,0,0,0,1,0,0,12,7,9,9,12,4,5,2,18,70,3,5
0,0,0,0,1,1,0,1,0,1,0,0,0,0,1,1,0,0,0,0,0,0,0,0,0,0,0,0,0,0,0,0,0,1,0,0,1,1,0,1,0,1,3,10,0,0,0,0,0,0,1,5,0,0,0,0,0,0,1,1,3,0,1,1,0,0,0,0,0,0,1,1,0,0,0,0,0,0,0,2,0,0,0,0,0,0,0,0,0,0,0,0,1,1,38,407,59,381,98,1237,493,0,74,3305,30,102,150,457,137,865,34,73,28,600,1680,355,59,84,81,38,0,0,0,0,0,0,1,0,0,0,0,0,0,0,0,0,0,0,0,0,0,2,0,0,0,0,0,0,0,0,0,0,0,0,0,0,0,0,1,3,0,6,5,0,0,0,1,19,2,0
