0,84,1546,13,2119,3,1044,2,488,0,3,0,571,1,1857,44,0,0,35,0,1,0,1,0,0,0,0,0,0,0,0,0,789,1,0,0,500,141,27,1,68,2,22,0,0,0,4,3,10,5,1,1,26,1,228,0,3,0,1,0,7392,30,380,8,688,2,675,1,239,0,123,12,1674,12,45,10,753,8,219,2,0,0,22,0,463,0,4,0,892,0,0,0,25,0,0,0,0,0,2,1,1,0,0,0,1,0,0,0,1,0,1,0,0,1,0,0,0,0,0,0,0,0,0,0,1,0,12,2,85,4,6,2,0,0,0,0,0,0,2,0,4,1,4,0,12,8,1,2,7,1,0,0,0,0,48,13,0,0,0,0,0,0,0,0,0,0,0,0,2,1
84,0,12,2107,0,1856,12,1809,4,330,0,17,16,842,347,1272,0,0,7,1,1,0,0,0,0,8,0,0,0,11,0,0,31,167,0,0,785,1010,10,17,8,73,12,4,0,0,1,12,1,69,0,35,0,69,4,146,0,7,0,24,32,3340,8,602,4,226,7,269,2,286,36,1471,158,851,7,400,74,665,20,338,0,0,2,6,1,292,0,10,5,479,0,5,0,447,4,0,4,1,24,25,5,1,0,0,3,0,2,0,8,2,3,0,65,19,0,0,0,0,1,0,0,0,0,4,0,3,8,304,18,573,1,169,0,4,2,103,0,9,1,7,0,10,2,11,4,754,1,50,1,58,0,0,0,0,30,22,0,1,3,1,1,6,8,8,0,35,3,31,95,18
1546,12,0,54,6178,28,276,6,759,7,255,4,131,1,2090,15,2,3,3070,3,221,19,7,4,73,1,214,0,97,0,18,1,803,2,0,0,82,62,6,0,14,3,2,0,0,0,1,0,2,1,1,2,7,2,102,0,7,0,2,0,124,2,63,1,51,0,40,0,39,0,14,2,194,0,120,38,402,8,92,0,0,0,9,0,205,1,29,0,281,0,1,0,21,0,0,0,0,0,4,0,0,0,0,0,0,0,0,0,2,0,0,0,1,0,0,0,0,0,0,0,0,0,0,0,0,0,7,4,9,0,5,1,0,0,0,0,0,1,0,0,0,0,2,0,5,7,1,1,0,0,2,2,43,5,267,161,0,0,0,0,0,0,2,0,0,0,0,0,2,0
13,2107,54,0,26,8930,14,858,13,961,11,346,7,482,142,1928,14,117,268,1808,58,252,3,129,14,148,4,239,16,147,2,89,75,521,0,0,357,1062,1,78,2,75,2,1,0,43,0,1,0,8,0,5,0,1,2,1,0,0,0,6,0,144,1,30,1,4,2,19,0,11,4,465,7,122,50,1484,38,2211,3,195,0,0,0,1,6,32,2,14,3,28,0,7,0,22,1,0,0,0,16,9,0,0,0,0,2,0,0,0,3,0,0,0,27,4,0,0,0,0,1,0,0,0,0,11,0,85,0,344,0,89,0,77,0,2,0,200,0,66,0,2,0,4,0,4,0,1046,1,52,0,29,61,77,321,346,757,1343,1,66,0,0,0,5,1,3,0,44,1,9,40,7
2119,0,6178,26,0,15,936,2,3224,2,814,1,120,0,725,3,1,1,1056,2,66,8,4,1,24,1,228,3,83,1,111,1,994,3,0,0,103,11,15,0,12,0,3,0,0,0,0,0,2,2,2,0,10,1,53,0,3,0,3,1,70,1,16,0,41,0,141,0,20,0,12,4,11,0,374,23,467,5,81,0,0,0,6,0,318,0,33,0,347,0,1,0,18,1,0,0,0,0,4,0,0,0,0,0,0,0,0,0,0,0,1,0,0,0,0,0,0,0,0,0,0,0,0,0,1,0,7,0,5,0,2,0,0,0,1,0,0,0,1,0,1,0,0,0,2,2,1,0,0,0,1,0,41,2,307,94,0,0,0,0,0,0,0,0,0,0,0,0,0,0
3,1856,28,8930,15,0,4,1062,5,2995,4,877,0,240,43,165,2,76,152,57,23,15,0,29,3,127,0,466,4,203,1,230,43,372,0,0,161,241,9,32,0,45,0,3,0,34,0,4,0,9,0,16,0,3,0,2,0,0,0,5,2,88,1,30,0,18,0,54,0,77,11,502,1,25,17,960,12,1172,3,51,0,0,0,7,3,122,2,7,0,62,0,6,0,53,0,0,0,0,4,1,0,0,0,0,0,0,1,0,1,0,0,0,6,1,0,0,0,0,0,0,0,0,0,3,0,51,0,122,0,27,1,27,0,1,0,77,0,39,0,0,0,1,0,3,0,401,0,9,0,4,11,7,178,62,516,463,2,20,0,0,0,0,0,1,0,13,1,5,7,4
1044,12,276,14,936,4,0,1,2016,0,2,0,937,0,632,7,0,0,60,0,0,0,0,0,0,0,0,0,0,0,0,0,612,0,0,0,124,42,13,1,1,2,1,0,0,0,2,0,1,2,0,0,7,0,30,0,5,0,0,0,109,2,21,2,71,0,386,0,15,0,17,6,38,0,281,8,38,3,10,0,0,0,5,0,181,0,323,0,114,1,0,0,14,0,0,0,0,0,0,0,0,0,0,1,0,0,0,0,0,0,0,0,0,0,0,0,0,0,0,0,0,0,0,0,0,0,1,1,2,1,0,0,0,0,0,0,0,0,1,0,0,0,0,0,0,2,0,0,1,0,0,0,0,0,140,62,0,0,0,0,0,0,0,0,0,0,0,0,0,0
2,1809,6,858,2,1062,1,0,3,2941,1,105,0,595,20,227,0,0,17,29,0,0,0,0,0,1,0,0,0,4,0,0,2,633,0,0,90,106,1,18,0,18,1,0,0,3,0,2,0,8,0,11,0,6,0,9,0,0,0,2,1,303,0,20,0,22,0,272,0,57,3,144,1,12,2,482,5,461,1,44,0,0,0,9,2,394,0,4,0,157,0,0,0,112,1,0,2,0,2,1,0,0,0,0,0,0,0,0,0,0,0,0,3,1,0,0,0,0,0,0,0,0,0,3,0,7,0,38,1,15,0,7,0,3,0,24,0,11,0,1,0,0,0,0,0,130,0,7,1,2,0,0,0,0,114,124,0,2,0,0,0,0,0,1,0,5,0,3,1,0
488,4,759,13,3224,5,2016,3,0,4,2054,0,431,0,459,4,0,2,726,2,18,1,0,0,0,0,3,0,17,0,53,0,1707,0,0,0,172,15,18,0,5,0,0,0,0,0,0,2,0,1,1,0,5,1,25,0,0,0,0,0,58,0,14,1,43,0,418,1,9,0,11,7,11,1,414,14,129,3,19,1,0,0,3,0,256,1,32,0,95,1,0,0,5,0,1,0,0,0,0,0,0,1,0,0,0,0,0,0,0,0,0,0,0,0,0,0,0,0,0,0,0,0,0,0,0,0,2,0,0,1,1,1,0,0,0,0,0,0,0,0,1,0,1,0,0,0,1,1,0,0,0,1,8,0,246,76,0,0,0,0,0,0,0,0,0,0,0,0,0,0
0,330,7,961,2,2995,0,2941,4,0,0,1048,1,153,16,77,0,1,30,48,0,1,0,0,0,0,0,4,0,69,0,29,4,688,0,0,42,50,0,9,0,17,0,0,0,9,0,2,0,1,0,4,0,0,0,1,0,0,0,1,0,138,0,6,0,4,1,91,0,19,1,77,0,8,1,658,5,481,1,23,0,0,0,10,0,163,0,4,0,32,0,4,0,30,0,0,0,0,1,1,0,0,0,0,0,0,0,0,1,0,0,0,2,0,0,0,0,0,0,0,0,0,0,1,0,23,1,37,0,4,0,8,0,0,0,39,0,13,0,0,0,1,0,0,0,116,0,3,0,4,0,0,9,2,236,151,0,0,0,0,0,1,0,1,0,5,0,0,3,0
3,0,255,11,814,4,2,1,2054,0,0,1,4,0,7,0,3,0,127,5,100,7,23,2,88,1,205,1,1245,0,886,0,832,0,0,0,2,0,0,0,1,0,0,0,1,0,0,0,0,0,0,0,0,0,1,0,0,0,0,0,2,0,1,0,1,0,4,0,0,0,1,0,0,0,14,5,236,3,9,0,0,0,4,0,14,0,490,0,3,0,0,0,0,0,0,0,0,0,0,0,0,0,0,0,0,0,0,0,0,0,0,0,0,0,0,0,0,0,0,0,0,0,0,0,0,0,0,0,0,0,0,0,0,0,0,0,0,0,0,0,0,0,0,0,0,0,0,0,0,0,2,3,22,2,11,5,0,1,0,0,0,0,0,0,0,0,0,0,0,0
0,17,4,346,1,877,0,105,0,1048,1,0,0,37,0,11,0,53,11,7,2,1,0,8,0,143,0,312,0,1196,1,495,2,579,0,0,1,10,0,1,0,26,0,11,0,95,0,0,0,2,0,1,0,0,0,0,0,0,0,12,0,2,0,1,0,0,0,5,0,1,1,8,0,0,1,174,1,618,0,16,0,0,0,1,0,13,0,30,1,2,0,32,0,9,0,0,0,0,0,0,0,0,0,0,0,0,0,0,0,0,0,1,1,0,0,0,0,0,0,0,0,0,0,0,0,13,0,8,0,0,0,4,0,2,0,36,0,5,0,0,0,0,0,1,0,33,0,0,0,0,0,0,25,5,38,32,0,5,0,0,0,0,0,4,0,3,0,0,2,0
571,16,131,7,120,0,937,0,431,1,4,0,0,0,311,8,0,0,66,0,6,0,0,0,0,0,3,0,0,0,0,0,1514,0,0,0,143,48,21,0,4,2,1,0,0,0,0,0,4,1,0,0,7,0,25,0,0,0,0,0,2020,6,77,4,50,0,725,0,4,1,32,6,81,1,43,1,62,2,10,0,0,0,94,0,588,3,84,0,39,0,0,0,7,0,0,0,0,0,0,0,0,0,0,0,0,0,0,0,0,0,0,0,1,0,0,0,0,0,0,0,0,0,0,0,0,0,1,0,1,1,0,1,0,0,0,1,0,0,0,0,0,1,1,0,0,2,1,0,1,0,0,0,0,0,55,11,0,0,0,0,0,0,0,0,0,0,0,0,0,0
1,842,1,482,0,240,0,595,0,153,0,37,0,0,26,184,0,0,1,3,0,0,0,0,0,9,0,1,0,14,0,4,1,1033,0,0,76,120,2,5,0,6,3,0,0,1,0,2,0,7,0,4,0,1,0,3,0,0,0,2,0,686,2,15,0,43,0,1397,0,33,4,103,8,33,0,55,7,726,1,166,0,0,0,59,1,507,0,2,0,52,0,1,0,44,2,0,2,0,3,5,1,0,0,0,1,0,0,0,0,0,0,0,19,3,0,0,0,0,0,0,0,0,0,0,0,1,0,51,1,35,0,14,0,0,0,17,0,4,0,0,0,0,0,0,0,70,0,4,0,2,0,0,0,0,9,8,0,1,0,0,0,1,4,1,0,6,1,6,21,2
1857,347,2090,142,725,43,632,20,459,16,7,0,311,26,0,295,0,0,959,2,0,0,1,0,0,0,0,0,2,0,0,0,597,7,0,0,971,519,9,4,47,5,12,0,1,0,0,1,10,4,0,1,55,1,214,3,8,0,0,2,171,55,229,4,99,3,56,5,37,6,136,40,567,30,154,52,779,38,271,6,0,0,16,0,164,2,5,0,220,0,2,0,37,3,2,0,1,1,7,0,0,0,0,0,4,0,0,0,1,0,1,0,2,0,0,0,0,0,0,0,0,0,0,0,0,0,46,23,39,8,11,5,0,0,1,10,0,1,1,0,5,0,9,1,15,65,9,1,5,5,0,0,1,0,487,353,0,0,0,0,0,0,6,2,0,1,1,1,6,0
44,1272,15,1928,3,165,7,227,4,77,0,11,8,184,295,0,0,2,21,891,2,2,0,1,1,1,0,0,0,2,0,0,26,129,0,0,824,3674,0,139,3,34,1,2,0,0,0,0,0,2,0,10,1,1,0,3,0,0,0,1,8,130,2,19,0,6,3,10,0,3,5,422,32,919,5,523,28,390,10,83,0,0,0,0,1,8,0,1,1,9,0,1,0,6,0,0,0,0,5,5,0,0,0,0,0,0,1,0,2,0,0,0,13,3,0,0,0,0,0,0,0,0,0,2,0,8,0,157,3,70,0,51,0,2,0,57,0,18,0,0,0,0,0,3,1,409,0,20,1,13,0,1,4,40,195,433,0,0,0,0,0,4,1,1,1,18,3,10,17,6
0,0,2,14,1,2,0,0,0,0,3,0,0,0,0,0,0,63,22,6,452,23,337,8,37,11,12,1,84,0,0,1,55,0,0,0,14,2,1,0,40,13,1,1,41,27,0,0,0,0,0,0,0,0,0,0,0,0,0,0,0,0,0,0,0,0,0,0,0,0,1,0,0,0,140,6,126,4,15,0,0,0,0,0,1,0,5,0,4,0,3,0,0,0,0,0,0,0,0,0,0,0,0,0,0,0,0,0,0,0,0,0,0,0,0,0,0,0,0,0,0,1,0,0,1,0,0,0,0,0,0,0,0,0,0,0,0,0,0,0,0,0,0,0,0,1,0,0,0,0,288,1,242,2,31,7,479,4,0,0,0,0,0,1,0,0,0,0,0,0
0,0,3,117,1,76,0,0,2,1,0,53,0,0,0,2,63,0,12,42,22,276,26,348,1,185,0,87,3,124,0,6,5,47,0,0,1,75,0,0,0,23,0,1,0,29,0,0,0,0,0,0,0,0,0,0,0,0,0,2,0,0,0,0,0,0,0,0,0,0,0,0,0,0,194,45,4,173,0,0,0,0,0,0,1,0,0,5,0,1,0,5,0,1,0,0,0,0,0,0,0,0,0,0,0,0,0,0,0,0,0,0,0,0,0,0,0,0,0,0,0,0,0,0,0,0,0,0,0,0,0,0,0,0,0,1,0,0,0,0,0,0,0,0,0,0,0,0,0,0,22,207,21,44,12,45,16,442,0,0,0,0,0,0,0,0,0,0,0,0
35,7,3070,268,1056,152,60,17,726,30,127,11,66,1,959,21,22,12,0,61,514,75,25,10,38,6,7,6,47,3,5,5,1098,11,0,0,344,26,4,0,11,0,1,0,0,2,1,1,2,0,0,0,0,0,12,0,0,0,2,0,9,2,8,0,2,0,28,0,2,1,9,2,2,0,131,121,348,48,69,2,0,0,15,0,101,0,19,0,68,1,0,0,11,0,0,0,0,0,1,0,0,0,0,0,0,0,0,0,0,0,1,0,0,0,0,0,0,0,0,0,0,0,0,0,1,1,13,3,3,0,4,1,0,0,0,4,1,0,0,0,0,0,2,0,5,5,2,0,0,0,16,15,407,44,720,432,0,4,0,0,0,0,0,0,0,2,0,0,1,0
0,1,3,1808,2,57,0,29,2,48,5,7,0,3,2,891,6,42,61,0,27,685,6,75,7,9,2,0,3,4,1,1,20,16,0,0,11,954,0,5,0,1,0,0,0,3,0,0,0,0,0,0,0,0,0,0,0,0,0,0,0,1,0,0,0,0,0,0,0,0,0,1,0,0,24,211,14,49,0,4,0,0,0,0,2,0,0,0,2,0,0,0,1,0,0,0,0,0,0,0,0,0,0,0,0,0,0,0,0,0,0,0,0,0,0,0,0,0,0,0,0,0,0,0,0,5,0,4,0,1,0,2,0,0,0,10,0,2,0,0,0,0,0,0,0,18,0,0,0,0,36,139,70,1620,177,1060,0,7,0,0,0,0,0,0,0,1,0,0,2,0
1,1,221,58,66,23,0,0,18,0,100,2,6,0,0,2,452,22,514,27,0,81,1475,16,87,3,22,2,244,0,6,0,277,0,0,0,7,3,0,0,8,0,1,0,0,0,0,0,0,0,0,0,0,0,2,0,3,0,2,0,0,0,0,0,0,0,0,0,0,0,2,0,0,0,133,17,177,4,3,0,0,0,0,0,39,0,46,1,12,0,4,0,6,0,0,0,0,0,0,0,0,0,0,0,0,0,0,0,0,0,0,0,0,0,0,0,0,0,0,0,0,0,0,0,0,0,0,0,0,0,0,0,0,0,0,0,0,0,0,0,0,0,0,0,0,0,0,0,0,0,242,10,196,10,87,18,62,5,0,0,0,0,0,0,0,0,0,0,0,0
0,0,19,252,8,15,0,0,1,1,7,1,0,0,0,2,23,276,75,685,81,0,17,1058,11,138,7,19,12,11,0,2,38,1,0,0,1,42,1,0,1,0,0,0,0,1,0,0,0,0,0,0,0,0,0,0,0,0,0,0,0,0,0,0,0,0,0,1,0,0,0,0,0,0,88,75,29,23,0,0,0,0,0,0,8,0,4,0,1,0,0,1,0,0,0,0,0,0,0,0,0,0,0,0,0,0,0,0,0,0,0,0,0,0,0,0,0,0,0,0,0,0,0,0,0,1,0,1,0,0,0,0,0,0,0,1,0,0,0,0,0,0,0,0,0,1,0,0,0,0,85,520,79,175,18,95,2,52,0,0,0,0,0,0,0,1,0,0,0,0
1,0,7,3,4,0,0,0,0,0,23,0,0,0,1,0,337,26,25,6,1475,17,0,4,173,3,13,2,414,0,0,0,171,0,0,0,2,0,0,0,8,8,0,0,1,0,2,0,0,0,0,0,0,0,0,0,1,0,1,0,0,0,0,0,0,0,0,0,0,0,1,0,0,0,160,2,53,1,0,0,0,0,0,0,14,0,16,0,3,0,7,0,4,0,0,0,0,0,0,0,0,0,0,0,0,0,0,0,0,0,0,0,0,0,0,0,0,0,0,0,0,0,0,0,0,0,0,0,0,0,0,0,0,0,0,0,0,0,0,0,0,0,0,0,0,0,0,0,0,0,202,1,72,4,53,2,177,1,0,0,0,0,0,0,0,0,0,0,0,0
0,0,4,129,1,29,0,0,0,0,2,8,0,0,0,1,8,348,10,75,16,1058,4,0,2,422,2,77,2,22,0,2,4,5,0,0,0,7,0,0,0,1,0,0,0,3,0,0,0,0,0,0,0,0,0,0,0,0,0,0,0,0,0,0,0,0,0,0,0,0,0,0,0,0,61,24,3,42,0,0,0,0,0,0,3,1,1,0,0,0,0,0,0,1,0,0,0,0,0,0,0,0,0,0,0,0,0,0,0,0,0,0,0,0,0,0,0,0,0,0,0,0,0,0,0,0,0,0,0,0,0,0,0,0,0,0,0,0,0,0,0,0,0,0,0,0,0,0,0,0,11,37,19,14,9,20,3,331,0,0,0,0,0,0,0,0,0,0,0,0
0,0,73,14,24,3,0,0,0,0,88,0,0,0,0,1,37,1,38,7,87,11,173,2,0,1,260,0,945,0,0,1,192,0,0,0,5,0,0,0,2,0,0,0,0,0,0,0,0,0,0,0,0,0,2,0,1,0,2,0,0,0,0,0,0,0,0,0,0,0,0,0,0,0,12,3,60,0,0,0,0,0,0,0,15,0,22,0,8,0,0,0,0,0,0,0,0,0,0,0,0,0,0,0,0,0,0,0,0,0,0,0,0,0,0,0,0,0,0,0,0,0,0,0,0,0,0,0,0,0,0,0,0,0,0,0,0,0,0,0,0,0,0,0,0,0,0,0,0,0,10,0,29,2,17,3,14,0,0,0,0,0,0,0,0,0,0,0,0,0
0,8,1,148,1,127,0,1,0,0,1,143,0,9,0,1,11,185,6,9,3,138,3,422,1,0,0,777,0,152,0,2,4,53,0,0,3,1,0,0,0,6,0,1,0,17,0,0,0,0,0,0,0,0,0,0,0,0,0,0,0,1,0,0,0,0,0,0,0,0,0,1,0,0,25,31,0,118,0,1,0,0,0,0,0,1,0,3,0,1,0,6,0,1,0,0,0,0,0,0,0,0,0,0,0,0,0,0,1,0,0,0,0,0,0,0,0,0,0,0,0,1,0,0,0,5,0,1,0,0,0,1,0,0,0,6,0,2,0,0,0,0,0,0,0,3,0,0,0,0,4,5,4,3,0,1,0,81,0,0,0,0,0,0,0,0,0,0,0,0
0,0,214,4,228,0,0,0,3,0,205,0,3,0,0,0,12,0,7,2,22,7,13,2,260,0,0,0,199,0,6,0,98,0,0,0,0,1,0,0,0,0,0,0,0,0,1,0,0,0,0,0,0,0,1,0,0,0,0,0,0,0,0,0,0,0,0,0,0,0,0,0,0,0,4,1,39,1,2,0,0,0,0,0,8,0,10,0,2,0,1,0,1,0,0,0,0,0,0,0,0,0,0,0,0,0,0,0,0,0,0,0,0,0,0,0,0,0,0,0,0,0,0,0,0,0,0,0,0,0,0,0,0,0,0,0,0,0,0,0,0,0,0,0,0,0,0,0,0,0,11,0,24,0,2,4,1,0,0,0,0,0,0,0,0,0,0,0,0,0
0,0,0,239,3,466,0,0,0,4,1,312,0,1,0,0,1,87,6,0,2,19,2,77,0,777,0,0,0,280,0,46,2,53,0,0,0,0,0,0,0,1,0,0,0,25,0,0,0,0,0,0,0,0,0,0,0,0,0,0,0,0,0,0,0,0,0,0,0,0,0,0,0,0,3,32,0,66,0,0,0,0,0,0,0,0,0,3,0,1,0,1,0,1,0,0,0,0,0,0,0,0,0,0,0,0,0,0,0,0,0,0,0,0,0,0,0,0,0,0,0,0,0,0,0,2,0,0,0,0,0,0,0,0,0,0,0,0,0,0,0,0,0,0,0,0,0,0,0,0,0,0,5,0,1,1,0,35,0,0,0,0,0,0,0,0,0,0,0,0
0,0,97,16,83,4,0,0,17,0,1245,0,0,0,2,0,84,3,47,3,244,12,414,2,945,0,199,0,0,0,63,1,837,0,0,0,5,0,0,0,4,0,0,0,0,0,0,0,0,0,0,0,0,0,0,0,0,0,0,0,0,0,0,0,0,0,0,0,0,0,0,0,0,0,17,2,146,1,1,0,0,0,0,0,20,0,213,0,4,0,4,0,0,0,0,0,0,0,0,0,0,0,0,0,0,0,0,0,0,0,0,0,0,0,0,0,0,0,0,0,0,0,0,0,0,0,0,0,0,0,0,0,0,0,0,1,0,0,0,0,0,0,0,0,0,0,0,0,0,0,47,1,54,4,55,6,92,0,0,0,0,0,0,0,0,0,0,0,0,0
0,11,0,147,1,203,0,4,0,69,0,1196,0,14,0,2,0,124,3,4,0,11,0,22,0,152,0,280,0,0,0,209,1,646,0,0,0,2,0,0,0,33,0,8,0,138,0,0,0,0,0,0,0,0,0,0,0,0,0,9,0,4,0,0,0,0,0,0,0,0,1,1,0,0,0,43,0,596,0,3,0,0,0,0,0,3,0,39,0,4,0,27,0,4,0,0,0,0,0,0,0,0,0,0,0,0,0,0,0,0,0,0,0,0,0,0,0,0,0,0,0,0,0,0,0,3,0,2,0,0,0,1,0,0,0,6,0,1,0,0,0,0,0,0,0,6,0,0,0,0,0,1,4,5,0,7,0,3,0,0,0,0,0,0,0,1,0,0,0,0
0,0,18,2,111,1,0,0,53,0,886,1,0,0,0,0,0,0,5,1,6,0,0,0,0,0,6,0,63,0,0,0,81,0,0,0,0,0,0,0,0,0,0,0,0,0,0,0,0,0,0,0,0,0,0,0,0,0,0,0,1,0,0,0,0,0,0,0,0,0,0,0,0,0,1,0,47,0,1,0,0,0,0,0,5,0,44,0,0,0,0,0,0,0,0,0,0,0,0,0,0,0,0,0,0,0,0,0,0,0,0,0,0,0,0,0,0,0,0,0,0,0,0,0,0,0,0,0,0,0,0,0,0,0,0,0,0,0,0,0,0,0,0,0,0,0,0,0,0,0,0,0,2,0,1,0,0,0,0,0,0,0,0,0,0,0,0,0,0,0
0,0,1,89,1,230,0,0,0,29,0,495,0,4,0,0,1,6,5,1,0,2,0,2,1,2,0,46,1,209,0,0,1,42,0,0,0,0,0,0,0,4,0,2,0,15,0,0,0,0,0,0,0,0,0,0,0,1,0,0,0,0,0,0,0,0,0,0,0,0,0,1,0,0,1,28,0,144,0,3,0,0,0,0,0,1,0,5,0,0,0,7,0,2,0,0,0,0,0,0,0,0,0,0,0,0,0,0,0,0,0,0,0,0,0,0,0,0,0,0,0,0,0,0,0,5,0,2,0,0,0,0,0,0,0,7,0,0,0,0,0,0,0,0,0,5,0,0,0,0,0,0,11,6,10,6,0,1,0,0,0,0,0,1,0,0,0,0,0,0
789,31,803,75,994,43,612,2,1707,4,832,2,1514,1,597,26,55,5,1098,20,277,38,171,4,192,4,98,2,837,1,81,1,0,1,0,0,331,74,51,2,85,4,23,0,42,0,4,4,11,6,10,2,28,3,127,0,15,0,11,0,1052,9,249,10,69,2,142,2,10,0,194,32,413,14,375,37,2674,14,126,3,0,0,93,0,423,0,663,0,196,1,88,0,25,0,0,0,0,1,0,0,0,0,0,0,2,0,0,0,0,0,0,0,1,1,0,0,0,0,0,0,0,0,0,0,1,0,10,3,13,3,0,1,0,0,0,2,1,0,7,0,1,0,5,0,16,7,1,0,0,0,29,1,84,15,277,103,116,2,0,0,0,0,1,0,0,0,0,0,1,0
1,167,2,521,3,372,0,633,0,688,0,579,0,1033,7,129,0,47,11,16,0,1,0,5,0,53,0,53,0,646,0,42,1,0,0,0,35,77,7,22,4,285,2,70,0,304,1,48,0,57,0,37,0,62,0,39,0,12,0,81,8,94,0,116,1,31,0,205,0,21,15,139,2,19,0,210,6,3567,0,159,0,0,2,168,1,281,0,498,1,127,0,153,0,79,4,0,1,0,0,8,1,0,1,0,0,0,1,1,0,0,2,1,8,2,1,0,0,0,0,1,0,0,0,1,0,4,0,17,1,88,0,2,0,0,0,11,0,3,0,9,0,27,0,23,1,57,0,5,2,7,1,0,5,0,66,46,0,3,0,0,0,2,0,2,0,3,2,10,6,2
0,0,0,0,0,0,0,0,0,0,0,0,0,0,0,0,0,0,0,0,0,0,0,0,0,0,0,0,0,0,0,0,0,0,0,0,0,0,0,0,0,0,0,0,0,0,0,0,0,0,0,0,0,0,0,0,0,0,0,0,0,0,0,0,0,0,0,0,0,0,0,0,0,0,0,0,0,0,0,0,0,0,0,0,0,0,0,0,0,0,0,0,0,0,0,0,0,0,0,0,0,0,0,0,0,0,0,0,0,0,0,0,0,0,0,0,0,0,0,0,0,0,0,0,0,0,0,0,0,0,0,0,0,0,0,0,0,0,0,0,0,0,0,0,0,0,0,0,0,0,0,0,0,0,0,0,0,0,0,0,0,0,0,0,0,0,0,0,0,0
0,0,0,0,0,0,0,0,0,0,0,0,0,0,0,0,0,0,0,0,0,0,0,0,0,0,0,0,0,0,0,0,0,0,0,0,0,0,0,0,0,0,0,0,0,0,0,0,0,0,0,0,0,0,0,0,0,0,0,0,0,0,0,0,0,0,0,0,0,0,0,0,0,0,0,0,0,0,0,0,0,0,0,0,0,0,0,0,0,0,0,0,0,0,0,0,0,0,0,0,0,0,0,0,0,0,0,0,0,0,0,0,0,0,0,0,0,0,0,0,0,0,0,0,0,0,0,0,0,0,0,0,0,0,0,0,0,0,0,0,0,0,0,0,0,0,0,0,0,0,0,0,0,0,0,0,0,0,0,0,0,0,0,0,0,0,0,0,0,0
500,785,82,357,103,161,124,90,172,42,2,1,143,76,971,824,14,1,344,11,7,1,2,0,5,3,0,0,5,0,0,0,331,35,0,0,0,880,870,7,123,18,142,1,1,0,278,7,182,7,64,6,148,6,178,1,15,0,14,0,432,340,196,60,124,54,39,79,10,15,3502,158,1016,269,185,194,625,87,182,28,0,0,26,4,101,40,5,3,90,6,1,1,24,10,3,0,2,0,9,5,4,1,1,0,1,1,2,0,1,0,7,0,14,5,0,0,0,0,0,0,0,0,0,0,1,0,29,45,187,66,14,26,0,0,1,19,0,4,7,1,6,5,31,8,34,134,8,14,21,14,3,0,268,0,965,503,8,0,0,0,0,0,3,0,1,2,1,4,13,0
141,1010,62,1062,11,241,42,106,15,50,0,10,48,120,519,3674,2,75,26,954,3,42,0,7,0,1,1,0,0,2,0,0,74,77,0,0,880,0,78,551,17,24,5,2,0,2,0,4,1,6,0,8,1,0,3,0,0,0,0,0,77,459,15,59,11,26,7,109,1,9,45,2183,176,1307,13,263,138,211,68,45,0,0,1,6,9,46,0,2,10,8,0,0,0,7,2,0,1,1,4,2,3,0,1,0,2,0,1,0,2,0,0,1,16,2,0,0,0,0,0,0,0,0,0,0,0,7,9,80,27,104,2,30,0,0,0,23,0,11,0,0,0,4,1,6,6,257,1,12,2,26,1,90,10,309,164,897,0,4,0,0,0,2,2,4,0,9,0,7,21,8
27,10,6,1,15,9,13,1,18,0,0,0,21,2,9,0,1,0,4,0,0,1,0,0,0,0,0,0,0,0,0,0,51,7,0,0,870,78,0,514,296,33,65,19,3,0,511,456,347,317,183,68,329,56,310,0,156,4,73,3,34,10,80,66,115,13,64,1,5,17,1965,373,10,0,2,0,151,17,13,4,0,0,120,1,321,33,7,2,151,6,4,1,60,2,6,0,2,1,0,4,1,0,6,0,1,1,0,0,1,0,0,0,1,1,0,1,0,1,0,0,0,0,1,0,2,0,4,0,16,7,0,0,0,0,2,0,0,0,12,1,7,0,20,3,47,2,0,0,7,0,0,0,12,0,33,2,0,0,0,0,0,0,5,0,0,0,1,1,1,0
1,17,0,78,0,32,1,18,0,9,0,1,0,5,4,139,0,0,0,5,0,0,0,0,0,0,0,0,0,0,0,0,2,22,0,0,7,551,514,0,53,61,4,35,1,0,128,436,40,282,55,135,56,59,67,5,36,2,33,12,3,18,2,57,1,11,0,9,0,15,191,1863,1,5,0,31,15,47,1,4,0,0,1,8,13,39,1,3,5,12,0,0,6,5,4,0,1,0,1,1,0,0,2,0,1,0,2,1,0,0,0,0,1,1,0,0,0,0,0,1,0,1,0,0,0,0,0,5,0,10,0,0,0,0,0,6,0,0,2,3,0,4,1,3,1,23,0,0,0,5,0,0,0,0,8,21,0,0,0,1,0,1,0,0,0,0,0,0,1,0
68,8,14,2,12,0,1,0,5,0,1,0,4,0,47,3,40,0,11,0,8,1,8,0,2,0,0,0,4,0,0,0,85,4,0,0,123,17,296,53,0,19,397,16,346,0,154,198,96,109,393,44,117,27,481,0,335,1,352,3,100,19,103,25,14,2,5,4,5,2,352,171,199,6,267,3,568,10,275,0,0,0,8,0,233,15,508,0,328,3,671,0,355,0,26,0,1,0,24,1,9,0,26,0,1,3,1,1,1,0,1,1,2,2,0,0,0,0,0,1,10,0,14,0,78,0,108,0,326,2,5,0,0,0,15,0,2,0,286,0,25,0,77,2,351,3,4,0,55,0,1,0,1,0,14,5,20,0,0,0,0,0,123,0,0,0,1,2,4,1
2,73,3,75,0,45,2,18,0,17,0,26,2,6,5,34,13,23,0,1,0,0,8,1,0,6,0,1,0,33,0,4,4,285,0,0,18,24,33,61,19,0,4,943,0,329,2,97,1,42,2,276,2,46,2,34,1,25,0,671,10,51,11,64,11,9,5,17,0,9,48,325,2,5,0,52,12,766,4,282,0,0,6,1,12,174,0,333,3,477,0,652,0,498,14,4,9,5,8,26,4,2,3,1,12,1,8,3,11,4,5,7,11,5,3,0,0,2,0,17,0,3,0,4,0,64,0,28,0,77,0,3,0,0,0,7,0,2,0,470,1,126,1,185,0,630,0,4,0,54,0,0,2,0,2,5,8,135,2,2,0,15,1,233,1,20,3,5,10,3
22,12,2,2,3,0,1,1,0,0,0,0,1,3,12,1,1,0,1,0,1,0,0,0,0,0,0,0,0,0,0,0,23,2,0,0,142,5,65,4,397,4,0,1,193,0,205,11,36,12,812,0,26,2,48,0,45,0,1910,0,35,18,39,19,5,2,3,4,1,0,447,32,69,1,59,1,48,5,20,19,0,0,5,0,11,6,30,0,19,3,23,0,261,0,20,10,5,45,52,13,4,7,22,2,4,26,2,40,7,9,2,2,0,2,3,1,1,0,0,1,0,0,0,0,2,0,14,1,139,3,1,0,0,0,0,0,0,0,1,0,17,0,11,0,10,2,0,0,20,1,0,0,0,0,5,0,0,0,0,0,0,1,6,0,1,1,2,4,9,0
0,4,0,1,0,3,0,0,0,0,0,11,0,0,0,2,1,1,0,0,0,0,0,0,0,1,0,0,0,8,0,2,0,70,0,0,1,2,19,35,16,943,1,0,0,647,3,137,0,17,2,731,1,16,0,10,0,15,0,1705,2,1,2,4,0,0,1,0,0,3,13,386,0,1,0,1,1,126,1,8,0,0,0,0,1,24,0,85,0,61,0,380,0,161,3,2,7,3,3,23,1,3,2,0,8,2,5,3,0,1,4,0,1,0,5,0,0,0,1,12,0,0,0,0,0,0,0,1,0,3,0,0,0,0,0,0,0,0,0,10,0,9,0,10,0,9,0,0,0,0,0,0,0,0,1,0,2,3,0,0,0,6,0,2,0,0,1,1,1,0
0,0,0,0,0,0,0,0,0,0,1,0,0,0,1,0,41,0,0,0,0,0,1,0,0,0,0,0,0,0,0,0,42,0,0,0,1,0,3,1,346,0,193,0,0,1,2,0,0,2,8,0,2,0,11,0,10,0,26,0,0,0,2,0,0,0,0,0,1,0,1,1,0,0,0,0,98,0,9,0,0,0,0,0,8,0,390,0,75,0,130,0,51,0,1,0,0,0,0,0,0,0,1,0,0,0,0,0,1,0,0,0,0,1,0,0,0,0,0,0,0,0,0,0,6,0,0,0,0,0,2,0,1,0,2,0,0,0,1,0,0,0,0,0,3,0,0,0,0,0,0,0,0,0,0,0,37,0,0,0,0,0,8,0,0,0,0,0,0,0
0,0,0,43,0,34,0,3,0,9,0,95,0,1,0,0,27,29,2,3,0,1,0,3,0,17,0,25,0,138,0,15,0,304,0,0,0,2,0,0,0,329,0,647,1,0,0,3,0,0,0,3,0,0,0,1,0,1,0,32,0,0,0,0,0,0,0,1,0,0,0,0,0,0,0,69,36,362,8,285,0,0,0,0,0,1,0,467,0,23,0,364,0,30,0,0,0,0,1,0,0,0,0,0,0,0,2,0,0,0,0,0,0,0,0,0,0,0,0,0,0,7,0,0,0,36,0,0,0,0,0,0,0,0,0,0,0,0,0,8,0,1,0,3,0,7,0,0,0,0,0,1,0,1,2,2,70,364,0,0,0,0,0,0,0,0,0,0,1,0
4,1,1,0,0,0,2,0,0,0,0,0,0,0,0,0,0,0,1,0,0,0,2,0,0,0,1,0,0,0,0,0,4,1,0,0,278,0,511,128,154,2,205,3,2,0,0,306,4612,232,4751,72,1408,143,1402,9,1001,8,295,6,0,0,10,2,3,0,1,0,0,0,1268,56,0,0,1,0,56,12,2,0,0,0,8,0,36,29,4,0,44,18,0,0,58,11,255,0,0,0,1,0,32,0,372,0,0,1,0,0,0,0,0,0,0,0,5,1,0,0,0,0,0,0,1,0,1,0,3,0,1,0,0,0,0,0,0,0,0,0,8,0,0,0,0,0,6,0,0,0,0,0,0,0,11,0,24,0,0,0,0,0,0,0,4,0,0,0,0,0,0,0
3,12,0,1,0,4,0,2,2,2,0,0,0,2,1,0,0,0,1,0,0,0,0,0,0,0,0,0,0,0,0,0,4,48,0,0,7,4,456,436,198,97,11,137,0,3,306,0,37,6972,32,3450,42,2119,56,1312,32,735,16,255,0,12,19,85,7,20,1,8,0,50,252,1700,0,1,0,0,21,256,4,34,0,0,12,1,40,490,0,28,15,303,0,10,13,199,6,1,7,0,2,6,1,2,5,1,4,0,2,0,2,0,2,2,5,0,21,0,0,0,0,1,0,0,1,0,3,0,0,0,1,16,0,0,0,0,0,0,0,0,4,9,1,19,2,15,3,8,0,1,1,11,0,0,0,0,1,0,0,0,0,0,0,2,1,2,0,0,1,3,3,2
10,1,2,0,2,0,1,0,0,0,0,0,4,0,10,0,0,0,2,0,0,0,0,0,0,0,0,0,0,0,0,0,11,0,0,0,182,1,347,40,96,1,36,0,0,0,4612,37,0,49,938,5,2846,1,1130,1,202,0,76,0,3,0,265,2,11,0,8,0,8,0,1826,19,9,0,1,0,46,1,5,0,0,0,21,0,144,0,1,0,66,1,2,0,42,0,23,0,0,0,0,0,5,0,45,0,0,0,0,0,0,0,0,0,0,0,1,0,0,0,0,0,0,0,0,0,0,0,1,0,1,0,0,0,0,0,0,0,0,0,9,0,0,0,5,1,14,0,0,0,0,0,0,0,0,0,7,2,0,0,0,0,0,0,0,0,0,0,0,0,0,0
5,69,1,8,2,9,2,8,1,1,0,2,1,7,4,2,0,0,0,0,0,0,0,0,0,0,0,0,0,0,0,0,6,57,0,0,7,6,317,282,109,42,12,17,2,0,232,6972,49,0,11,533,25,3236,37,606,12,210,8,82,3,45,19,605,10,66,6,14,2,128,91,1221,0,2,0,0,49,121,5,27,0,0,16,5,67,269,3,9,19,94,0,2,13,62,4,0,4,0,2,2,4,0,4,0,1,0,1,1,1,0,1,0,3,0,5,0,0,0,0,1,1,0,1,0,0,0,3,2,2,23,0,0,0,0,0,1,0,0,2,4,0,14,3,8,9,8,1,0,2,5,0,0,0,0,0,0,0,0,0,1,0,1,0,2,0,0,0,1,2,0
1,0,1,0,2,0,0,0,1,0,0,0,0,0,0,0,0,0,0,0,0,0,0,0,0,0,0,0,0,0,0,0,10,0,0,0,64,0,183,55,393,2,812,2,8,0,4751,32,938,11,0,4,193,2,774,0,1935,0,2269,0,1,0,4,1,2,0,0,0,0,0,665,28,0,0,47,0,92,0,24,0,0,0,2,0,43,0,5,0,68,1,1,0,125,0,1277,0,1,0,33,0,307,0,1416,0,0,0,2,0,2,0,0,0,0,31,29,2,0,0,0,0,2,0,3,0,8,0,10,0,26,0,2,0,1,0,0,0,1,0,14,0,1,0,8,0,45,0,2,0,3,0,0,0,0,0,2,1,2,0,0,0,0,0,6,0,0,0,0,1,10,0
1,35,2,5,0,16,0,11,0,4,0,1,0,4,1,10,0,0,0,0,0,0,0,0,0,0,0,0,0,0,0,0,2,37,0,0,6,8,68,135,44,276,0,731,0,3,72,3450,5,533,4,0,3,730,6,417,2,1822,1,2452,0,18,3,32,1,8,3,8,2,26,39,630,0,2,1,4,9,160,0,27,0,0,2,0,10,489,0,33,3,340,0,27,2,244,1,52,0,0,5,147,1,131,1,11,1,0,2,0,1,2,0,1,46,418,80,0,0,0,0,1,0,0,0,0,0,0,1,1,1,13,0,0,0,0,1,1,0,0,0,9,1,9,0,10,4,15,0,0,0,6,0,0,0,0,1,0,0,0,0,0,0,1,1,2,1,1,0,16,49,0
26,0,7,0,10,0,7,0,5,0,0,0,7,0,55,1,0,0,0,0,0,0,0,0,0,0,0,0,0,0,0,0,28,0,0,0,148,1,329,56,117,2,26,1,2,0,1408,42,2846,25,193,3,0,6,5229,0,384,0,99,0,29,0,665,4,100,2,33,0,57,1,804,42,40,0,3,0,77,0,3,1,0,0,65,0,259,3,7,0,115,0,2,0,63,1,9,0,0,0,2,0,0,0,23,0,1,0,1,0,0,1,0,0,0,0,0,0,0,0,0,0,1,0,1,0,0,0,4,0,3,1,0,0,0,0,0,0,0,0,6,0,0,1,5,0,18,0,2,0,0,0,0,0,0,0,9,1,0,0,0,0,0,0,4,0,0,0,0,0,0,0
1,69,2,1,1,3,0,6,1,0,0,0,0,1,1,1,0,0,0,0,0,0,0,0,0,0,0,0,0,0,0,0,3,62,0,0,6,0,56,59,27,46,2,16,0,0,143,2119,1,3236,2,730,6,0,1,4127,0,969,0,420,0,52,9,594,11,118,2,18,0,543,23,376,0,1,0,2,14,129,2,16,0,0,3,5,26,376,0,16,7,275,1,7,1,186,0,1,0,0,2,1,0,0,0,0,0,0,1,1,1,2,1,0,1,1,3,0,0,0,0,2,0,0,0,0,0,0,1,1,1,15,0,1,0,0,0,0,0,0,2,3,1,2,1,6,1,6,0,0,0,2,0,0,0,0,1,0,0,0,0,0,0,1,1,1,1,0,0,1,1,0
228,4,102,2,53,0,30,0,25,0,1,0,25,0,214,0,0,0,12,0,2,0,0,0,2,0,1,0,0,0,0,0,127,0,0,0,178,3,310,67,481,2,48,0,11,0,1402,56,1130,37,774,6,5229,1,0,0,4689,0,520,0,124,1,803,10,1393,2,89,0,1748,0,408,52,52,0,8,1,368,4,26,0,0,0,98,1,676,3,34,1,3221,0,8,0,748,0,47,0,0,0,2,0,8,0,35,0,0,0,1,0,0,0,0,0,0,0,0,0,0,0,0,0,0,0,2,0,3,0,12,0,5,0,0,0,0,0,2,0,2,0,41,0,7,0,21,0,50,0,1,0,5,0,0,0,1,0,13,3,7,0,0,0,0,0,8,0,0,0,0,0,0,0
0,146,0,1,0,2,0,9,0,1,0,0,0,3,3,3,0,0,0,0,0,0,0,0,0,0,0,0,0,0,0,0,0,39,0,0,1,0,0,5,0,34,0,10,0,1,9,1312,1,606,0,417,0,4127,0,0,1,2016,0,629,0,114,0,133,1,163,0,51,0,2338,3,22,0,0,0,2,1,48,0,2,0,0,1,7,5,296,0,11,1,3060,0,11,0,1199,0,1,0,0,0,0,0,0,0,1,0,0,0,0,0,0,1,0,0,1,0,0,0,0,0,0,0,0,0,0,0,0,0,0,0,3,0,0,0,0,0,0,0,0,0,0,0,2,0,0,0,1,0,0,0,0,0,0,0,0,0,0,0,0,0,0,0,0,0,0,0,0,0,0,0,0
3,0,7,0,3,0,5,0,0,0,0,0,0,0,8,0,0,0,0,0,3,0,1,0,1,0,0,0,0,0,0,0,15,0,0,0,15,0,156,36,335,1,45,0,10,0,1001,32,202,12,1935,2,384,0,4689,1,0,0,1565,0,3,0,4,2,5,0,1,0,2,0,172,21,1,0,3,0,134,0,9,0,0,0,5,0,98,0,31,0,422,0,7,0,739,0,169,0,0,0,0,0,6,0,99,0,0,0,0,0,0,0,0,0,0,0,1,0,0,0,0,0,0,0,0,0,1,0,3,0,1,0,1,0,0,0,0,0,0,0,8,0,0,0,8,0,17,0,0,0,0,0,2,0,0,0,1,0,4,0,0,0,0,0,0,0,0,0,0,0,0,0
0,7,0,0,0,0,0,0,0,0,0,0,0,0,0,0,0,0,0,0,0,0,0,0,0,0,0,0,0,0,0,1,0,12,0,0,0,0,4,2,1,25,0,15,0,1,8,735,0,210,0,1822,0,969,0,2016,0,0,0,1616,0,1,1,7,0,4,0,0,0,15,1,21,0,0,0,0,0,22,0,1,0,0,0,0,1,96,0,5,1,325,0,12,0,1793,0,2,0,0,0,0,0,0,0,5,1,0,0,0,0,0,0,0,1,0,4,0,0,0,0,0,0,0,0,0,0,0,0,0,0,3,0,0,0,0,0,0,0,0,0,1,0,0,0,0,0,4,0,0,0,0,0,0,0,0,0,0,0,0,0,0,0,0,0,0,0,0,0,0,0,0
1,0,2,0,3,0,0,0,0,0,0,0,0,0,0,0,0,0,2,0,2,0,1,0,2,0,0,0,0,0,0,0,11,0,0,0,14,0,73,33,352,0,1910,0,26,0,295,16,76,8,2269,1,99,0,520,0,1565,0,0,0,1,0,3,0,1,0,0,0,0,0,138,8,1,0,2,0,90,0,1,0,0,0,3,0,27,0,54,0,135,0,355,0,3928,0,780,0,0,0,1,0,6,0,1185,0,0,0,0,0,0,0,0,0,0,0,0,0,0,0,0,0,0,0,0,0,1,0,2,0,0,0,0,0,0,0,1,0,1,0,1,0,0,0,2,0,1,0,0,0,1,0,0,0,0,0,2,0,4,0,0,0,0,0,0,0,0,0,0,0,0,0
0,24,0,6,1,5,0,2,0,1,0,12,0,2,2,1,0,2,0,0,0,0,0,0,0,0,0,0,0,9,0,0,0,81,0,0,0,0,3,12,3,671,0,1705,0,32,6,255,0,82,0,2452,0,420,0,629,0,1616,0,0,0,9,0,6,1,4,0,3,0,11,3,130,0,0,0,1,0,191,0,6,0,0,2,0,3,149,0,145,0,508,0,570,0,2900,1,14,1,0,3,1,0,1,0,24,1,0,0,0,0,0,0,0,2,1,5,0,0,0,0,0,0,0,0,0,0,0,0,1,1,7,0,0,0,0,0,0,0,0,0,25,0,7,0,16,0,16,0,0,0,3,0,0,0,0,0,0,0,0,0,0,0,3,1,2,0,0,1,1,1,1
7392,32,124,0,70,2,109,1,58,0,2,0,2020,0,171,8,0,0,9,0,0,0,0,0,0,0,0,0,0,0,1,0,1052,8,0,0,432,77,34,3,100,10,35,2,0,0,0,0,3,3,1,0,29,0,124,0,3,0,1,0,0,24,739,13,2621,4,1518,2,182,0,420,44,1070,13,8,5,728,11,117,3,0,0,59,1,158,5,0,0,203,1,0,0,7,0,2,0,1,0,0,0,1,0,0,0,1,0,0,0,0,1,3,0,2,1,0,0,0,0,0,0,0,0,0,0,0,0,5,2,51,8,4,0,0,0,1,1,0,0,1,1,5,1,4,2,7,6,6,1,15,2,0,0,0,0,12,1,0,0,0,0,0,1,0,0,0,0,0,0,1,1
30,3340,2,144,1,88,2,303,0,138,0,2,6,686,55,130,0,0,2,1,0,0,0,0,0,1,0,0,0,4,0,0,9,94,0,0,340,459,10,18,19,51,18,1,0,0,0,12,0,45,0,18,0,52,1,114,0,1,0,9,24,0,2,2035,7,1566,2,2154,1,215,27,1136,136,693,2,253,39,464,25,406,0,0,1,7,2,146,0,1,1,299,0,2,0,212,16,0,10,4,34,23,9,0,3,0,15,1,5,6,15,3,3,2,92,24,0,0,0,0,0,3,0,0,0,0,1,2,1,105,15,747,0,99,0,2,0,28,0,6,0,7,1,16,2,56,1,396,1,58,3,91,0,0,0,0,5,1,0,1,0,2,1,11,11,14,0,19,13,39,91,15
380,8,63,1,16,1,21,0,14,0,1,0,77,2,229,2,0,0,8,0,0,0,0,0,0,0,0,0,0,0,0,0,249,0,0,0,196,15,80,2,103,11,39,2,2,0,10,19,265,19,4,3,665,9,803,0,4,1,3,0,739,2,0,22,1279,7,85,2,140,4,1392,49,1170,1,3,0,302,12,30,1,0,0,179,0,180,8,3,1,79,4,0,0,29,0,2,0,0,0,0,0,0,0,0,0,1,0,0,0,0,1,0,0,1,0,0,0,0,0,0,0,0,0,0,0,3,0,4,0,32,1,0,1,0,0,0,0,0,0,5,0,7,2,11,0,11,1,1,0,8,0,0,0,0,0,6,3,0,0,0,0,0,0,2,0,0,0,0,2,1,0
8,602,1,30,0,30,2,20,1,6,0,1,4,15,4,19,0,0,0,0,0,0,0,0,0,0,0,0,0,0,0,0,10,116,0,0,60,59,66,57,25,64,19,4,0,0,2,85,2,605,1,32,4,594,10,133,2,7,0,6,13,2035,22,0,16,1232,13,457,0,552,62,1280,20,349,0,5,20,263,3,77,0,0,11,32,35,209,0,4,6,40,0,1,0,16,12,0,7,3,8,20,8,0,1,0,11,1,5,4,6,1,2,2,19,10,0,1,0,1,0,4,0,0,0,0,0,1,1,9,11,166,0,3,0,1,0,3,0,0,0,4,1,16,4,25,5,41,0,7,2,28,0,0,0,0,2,0,0,1,0,2,1,2,2,9,1,0,3,15,12,3
688,4,51,1,41,0,71,0,43,0,1,0,50,0,99,0,0,0,2,0,0,0,0,0,0,0,0,0,0,0,0,0,69,1,0,0,124,11,115,1,14,11,5,0,0,0,3,7,11,10,2,1,100,11,1393,1,5,0,1,1,2621,7,1279,16,0,7,1543,2,1878,2,230,50,168,2,2,1,60,10,5,0,0,0,18,0,154,8,1,1,365,3,1,0,26,0,0,0,1,0,0,0,0,0,0,0,1,0,0,0,0,0,0,0,0,1,0,0,0,0,0,0,0,0,0,0,0,0,1,0,7,4,0,0,0,0,0,0,0,0,3,1,0,0,3,0,0,1,0,0,2,4,0,0,0,0,1,2,0,0,0,0,0,0,0,0,0,0,0,1,0,0
2,226,0,4,0,18,0,22,0,4,0,0,0,43,3,6,0,0,0,0,0,0,0,0,0,0,0,0,0,0,0,0,2,31,0,0,54,26,13,11,2,9,2,0,0,0,0,20,0,66,0,8,2,118,2,163,0,4,0,4,4,1566,7,1232,7,0,1,2175,0,1857,21,63,8,16,0,12,4,49,2,16,0,0,3,9,5,110,0,4,1,230,0,0,0,84,0,0,1,0,0,3,0,0,1,0,1,0,1,0,0,0,0,0,1,1,1,0,0,0,0,0,0,0,0,0,0,0,0,5,2,32,0,4,0,0,0,0,0,0,0,0,1,3,5,7,1,19,0,8,0,9,0,0,0,0,1,0,0,0,0,0,0,1,0,0,0,0,1,1,3,0
675,7,40,2,141,0,386,0,418,1,4,0,725,0,56,3,0,0,28,0,0,0,0,0,0,0,0,0,0,0,0,0,142,0,0,0,39,7,64,0,5,5,3,1,0,0,1,1,8,6,0,3,33,2,89,0,1,0,0,0,1518,2,85,13,1543,1,0,0,65,2,67,19,24,0,7,0,18,4,1,0,0,0,7,0,601,4,1,0,340,1,0,0,2,0,0,0,0,0,0,0,0,0,0,0,0,0,0,0,0,0,0,0,0,0,0,0,0,0,0,0,0,0,0,0,0,0,0,0,1,1,0,0,0,0,0,0,0,0,0,0,0,0,1,0,0,1,0,0,0,0,0,0,0,0,10,2,0,0,0,0,0,0,0,0,0,0,0,0,0,0
1,269,0,19,0,54,0,272,1,91,0,5,0,1397,5,10,0,0,0,0,0,1,0,0,0,0,0,0,0,0,0,0,2,205,0,0,79,109,1,9,4,17,4,0,0,1,0,8,0,14,0,8,0,18,0,51,0,0,0,3,2,2154,2,457,2,2175,0,0,0,949,18,108,35,104,0,25,17,333,5,137,0,0,0,51,1,1253,0,2,0,429,0,1,0,118,3,0,3,0,5,17,5,1,0,0,1,0,1,3,7,0,1,0,9,5,0,1,0,0,0,2,0,0,0,0,0,0,0,10,2,104,0,12,0,0,0,2,0,1,0,2,0,5,2,4,0,23,0,1,1,7,0,0,0,0,0,0,0,1,0,3,1,1,0,2,0,3,0,6,14,1
239,2,39,0,20,0,15,0,9,0,0,0,4,0,37,0,0,0,2,0,0,0,0,0,0,0,0,0,0,0,0,0,10,0,0,0,10,1,5,0,5,0,1,0,1,0,0,0,8,2,0,2,57,0,1748,0,2,0,0,0,182,1,140,0,1878,0,65,0,0,0,13,3,16,0,1,0,11,1,2,0,0,0,6,0,106,4,1,0,1617,0,0,0,16,0,0,0,0,0,0,0,0,0,0,0,0,0,0,0,0,0,0,0,0,0,0,0,0,0,0,0,0,0,0,0,0,0,0,0,2,0,0,0,0,0,0,0,0,0,0,0,1,0,0,0,0,0,1,0,2,0,0,0,0,0,5,0,0,0,0,0,0,0,0,0,0,0,0,0,0,0
0,286,0,11,0,77,0,57,0,19,0,1,1,33,6,3,0,0,1,0,0,0,0,0,0,0,0,0,0,0,0,0,0,21,0,0,15,9,17,15,2,9,0,3,0,0,0,50,0,128,0,26,1,543,0,2338,0,15,0,11,0,215,4,552,2,1857,2,949,0,0,12,94,1,1,0,4,4,45,0,9,0,0,1,8,7,526,0,3,1,2765,0,2,0,319,0,0,0,0,0,0,0,0,0,0,0,0,0,0,0,0,0,0,0,0,0,0,0,0,0,0,0,0,0,0,0,0,0,2,1,1,0,0,0,0,0,2,0,0,0,0,0,3,0,1,2,4,0,1,0,1,0,0,0,0,1,1,0,0,0,0,0,0,0,0,0,1,0,0,1,0
123,36,14,4,12,11,17,3,11,1,1,1,32,4,136,5,1,0,9,0,2,0,1,0,0,0,0,0,0,1,0,0,194,15,0,0,3502,45,1965,191,352,48,447,13,1,0,1268,252,1826,91,665,39,804,23,408,3,172,1,138,3,420,27,1392,62,230,21,67,18,13,12,0,232,1676,14,12,3,601,42,77,5,0,0,121,2,221,39,4,2,103,11,0,1,47,5,24,0,5,0,3,1,2,0,19,0,5,0,1,0,2,1,1,1,4,2,0,0,0,0,0,0,0,0,0,0,0,0,10,0,150,10,2,0,0,0,2,0,0,0,17,1,18,3,36,2,34,3,3,0,36,3,0,0,49,0,169,4,1,0,0,0,0,1,9,0,0,3,1,3,4,0
12,1471,2,465,4,502,6,144,7,77,0,8,6,103,40,422,0,0,2,1,0,0,0,0,0,1,0,0,0,1,0,1,32,139,0,0,158,2183,373,1863,171,325,32,386,1,0,56,1700,19,1221,28,630,42,376,52,22,21,21,8,130,44,1136,49,1280,50,63,19,108,3,94,232,0,34,1233,7,87,71,308,12,68,0,0,36,13,120,182,0,17,35,44,1,5,15,32,8,1,8,4,4,9,4,1,2,0,7,0,3,1,7,3,3,0,22,7,2,0,0,0,0,2,0,0,0,2,2,3,6,42,15,121,1,20,0,0,0,20,0,6,2,6,3,15,3,28,11,172,0,9,4,22,0,0,0,0,24,22,1,0,0,2,0,7,1,4,1,7,5,9,16,0
1674,158,194,7,11,1,38,1,11,0,0,0,81,8,567,32,0,0,2,0,0,0,0,0,0,0,0,0,0,0,0,0,413,2,0,0,1016,176,10,1,199,2,69,0,0,0,0,0,9,0,0,0,40,0,52,0,1,0,1,0,1070,136,1170,20,168,8,24,35,16,1,1676,34,0,110,19,21,1072,10,374,5,0,0,14,1,25,6,0,1,40,0,1,0,3,0,5,0,1,0,4,0,2,0,0,0,3,0,5,1,4,2,6,0,3,1,0,0,1,0,0,0,0,0,0,0,1,0,15,4,308,16,11,2,0,0,1,1,0,0,2,0,12,0,25,3,30,32,12,0,29,5,0,0,0,0,3,2,0,0,0,1,0,0,13,0,0,0,1,0,1,1
12,851,0,122,0,25,0,12,1,8,0,0,1,33,30,919,0,0,0,0,0,0,0,0,0,0,0,0,0,0,0,0,14,19,0,0,269,1307,0,5,6,5,1,1,0,0,0,1,0,2,0,2,0,1,0,0,0,0,0,0,13,693,1,349,2,16,0,104,0,1,14,1233,110,0,1,51,24,34,12,22,0,0,1,3,0,13,0,1,1,2,0,0,0,1,2,0,1,0,5,1,0,0,2,0,2,0,1,1,1,0,1,1,8,4,1,0,0,0,0,2,0,0,0,0,0,0,1,15,13,103,0,13,0,0,1,4,0,2,0,1,0,3,1,8,0,69,1,5,2,19,0,0,0,0,3,0,0,0,0,1,0,2,2,0,0,3,0,2,9,1
45,7,120,50,374,17,281,2,414,1,14,1,43,0,154,5,140,194,131,24,133,88,160,61,12,25,4,3,17,0,1,1,375,0,0,0,185,13,2,0,267,0,59,0,0,0,1,0,1,0,47,1,3,0,8,0,3,0,2,0,8,2,3,0,2,0,7,0,1,0,12,7,19,1,0,89,2483,5,939,5,0,0,10,0,38,1,7,0,20,0,0,0,2,0,14,3,12,4,85,6,17,1,0,1,5,3,9,2,19,4,13,3,8,6,0,0,0,1,0,0,1,0,2,0,73,0,818,0,1113,3,220,0,4,0,54,2,26,0,11,0,45,0,303,0,1043,2,155,0,254,2,47,4,140,4,82,52,37,42,0,1,1,0,19,0,6,0,7,9,21,6
10,400,38,1484,23,960,8,482,14,658,5,174,1,55,52,523,6,45,121,211,17,75,2,24,3,31,1,32,2,43,0,28,37,210,0,0,194,263,0,31,3,52,1,1,0,69,0,0,0,0,0,4,0,2,1,2,0,0,0,1,5,253,0,5,1,12,0,25,0,4,3,87,21,51,89,0,37,1384,12,279,0,0,0,2,3,11,2,4,1,5,0,8,0,6,0,0,1,0,2,1,0,0,0,0,0,0,0,0,0,0,0,0,6,0,0,0,0,0,0,0,0,1,0,0,0,80,1,93,4,88,1,27,0,2,0,77,0,23,0,2,0,0,1,7,0,375,0,21,0,21,8,12,48,40,331,210,0,123,0,0,0,1,0,13,0,15,1,2,9,2
753,74,402,38,467,12,38,5,129,5,236,1,62,7,779,28,126,4,348,14,177,29,53,3,60,0,39,0,146,0,47,0,2674,6,0,0,625,138,151,15,568,12,48,1,98,36,56,21,46,49,92,9,77,14,368,1,134,0,90,0,728,39,302,20,60,4,18,17,11,4,601,71,1072,24,2483,37,0,19,2337,8,0,0,51,1,518,6,206,1,339,3,55,2,100,1,20,2,3,5,91,15,10,0,7,2,4,1,1,6,13,2,6,0,8,5,0,1,0,0,0,0,1,1,1,0,110,1,274,3,100,10,76,2,1,0,32,0,12,0,21,0,23,0,60,3,208,12,27,1,13,3,20,3,89,0,253,78,429,3,0,0,0,0,53,0,3,0,7,12,18,3
8,665,8,2211,5,1172,3,461,3,481,3,618,2,726,38,390,4,173,48,49,4,23,1,42,0,118,1,66,1,596,0,144,14,3567,0,0,87,211,17,47,10,766,5,126,0,362,12,256,1,121,0,160,0,129,4,48,0,22,0,191,11,464,12,263,10,49,4,333,1,45,42,308,10,34,5,1384,19,0,5,2142,0,0,4,29,16,397,0,273,4,130,0,121,0,91,3,0,7,2,51,40,2,1,1,0,4,2,5,1,27,1,5,4,77,30,0,1,0,1,0,3,0,3,0,4,0,112,2,147,8,97,0,53,0,10,0,139,0,55,0,49,1,36,1,33,4,439,2,17,1,8,5,2,51,43,195,149,0,218,4,10,0,38,7,133,0,79,17,37,90,18
219,20,92,3,81,3,10,1,19,1,9,0,10,1,271,10,15,0,69,0,3,0,0,0,0,0,2,0,1,0,1,0,126,0,0,0,182,68,13,1,275,4,20,1,9,8,2,4,5,5,24,0,3,2,26,0,9,0,1,0,117,25,30,3,5,2,1,5,2,0,77,12,374,12,939,12,2337,5,0,4,0,0,5,0,17,3,3,0,23,0,3,0,6,0,8,6,3,13,51,13,8,3,2,0,6,11,5,14,17,7,8,2,7,5,0,1,0,0,0,4,6,2,0,0,135,0,116,1,61,3,27,0,1,0,45,1,15,0,2,0,11,0,16,1,247,2,10,0,6,0,0,0,2,1,74,23,55,1,0,0,0,2,63,0,0,0,2,3,12,0
2,338,0,195,0,51,0,44,1,23,0,16,0,166,6,83,0,0,2,4,0,0,0,0,0,1,0,0,0,3,0,3,3,159,0,0,28,45,4,4,0,282,19,8,0,285,0,34,0,27,0,27,1,16,0,2,0,1,0,6,3,406,1,77,0,16,0,137,0,9,5,68,5,22,5,279,8,2142,4,0,0,0,1,12,2,98,0,2,1,6,0,15,0,7,10,0,18,2,98,79,16,2,5,0,17,1,6,4,35,9,3,2,140,47,0,1,0,0,0,6,0,0,0,0,0,113,4,28,3,37,2,9,0,1,1,24,0,7,0,33,2,38,0,8,2,56,0,3,1,4,0,0,0,1,9,4,0,11,13,19,1,93,29,168,0,111,27,56,153,35
0,0,0,0,0,0,0,0,0,0,0,0,0,0,0,0,0,0,0,0,0,0,0,0,0,0,0,0,0,0,0,0,0,0,0,0,0,0,0,0,0,0,0,0,0,0,0,0,0,0,0,0,0,0,0,0,0,0,0,0,0,0,0,0,0,0,0,0,0,0,0,0,0,0,0,0,0,0,0,0,0,0,0,0,0,0,0,0,0,0,0,0,0,0,0,0,0,0,0,0,0,0,0,0,0,0,0,0,0,0,0,0,0,0,0,0,0,0,0,0,0,0,0,0,0,0,0,0,0,0,0,0,0,0,0,0,0,0,0,0,0,0,0,0,0,0,0,0,0,0,0,0,0,0,0,0,0,0,0,0,0,0,0,0,0,0,0,0,0,0
0,0,0,0,0,0,0,0,0,0,0,0,0,0,0,0,0,0,0,0,0,0,0,0,0,0,0,0,0,0,0,0,0,0,0,0,0,0,0,0,0,0,0,0,0,0,0,0,0,0,0,0,0,0,0,0,0,0,0,0,0,0,0,0,0,0,0,0,0,0,0,0,0,0,0,0,0,0,0,0,0,0,0,0,0,0,0,0,0,0,0,0,0,0,0,0,0,0,0,0,0,0,0,0,0,0,0,0,0,0,0,0,0,0,0,0,0,0,0,0,0,0,0,0,0,0,0,0,0,0,0,0,0,0,0,0,0,0,0,0,0,0,0,0,0,0,0,0,0,0,0,0,0,0,0,0,0,0,0,0,0,0,0,0,0,0,0,0,0,0
22,2,9,0,6,0,5,0,3,0,4,0,94,0,16,0,0,0,15,0,0,0,0,0,0,0,0,0,0,0,0,0,93,2,0,0,26,1,120,1,8,6,5,0,0,0,8,12,21,16,2,2,65,3,98,1,5,0,3,2,59,1,179,11,18,3,7,0,6,1,121,36,14,1,10,0,51,4,5,1,0,0,0,0,523,5,0,0,81,3,0,0,0,1,0,0,0,0,0,0,0,0,0,0,0,0,0,0,0,0,0,0,0,0,0,0,0,0,0,0,0,0,0,0,0,0,7,0,3,1,0,0,0,0,0,0,0,0,4,1,1,0,2,0,18,0,0,0,2,0,0,0,0,0,5,1,0,0,0,0,0,0,0,0,0,0,0,0,0,0
0,6,0,1,0,7,0,9,0,10,0,1,0,59,0,0,0,0,0,0,0,0,0,0,0,0,0,0,0,0,0,0,0,168,0,0,4,6,1,8,0,1,0,0,0,0,0,1,0,5,0,0,0,5,1,7,0,0,0,0,1,7,0,32,0,9,0,51,0,8,2,13,1,3,0,2,1,29,0,12,0,0,0,0,0,1027,0,8,0,1,0,0,1,1,0,0,0,0,1,0,0,0,0,0,0,0,0,0,0,0,0,0,0,0,0,0,0,0,0,0,0,0,0,0,0,0,0,0,0,1,0,0,0,0,0,0,0,0,0,0,0,0,0,0,0,1,0,0,0,0,0,0,0,0,0,0,0,0,0,0,0,0,0,0,0,0,0,0,0,0
463,1,205,6,318,3,181,2,256,0,14,0,588,1,164,1,1,1,101,2,39,8,14,3,15,0,8,0,20,0,5,0,423,1,0,0,101,9,321,13,233,12,11,1,8,0,36,40,144,67,43,10,259,26,676,5,98,1,27,3,158,2,180,35,154,5,601,1,106,7,221,120,25,0,38,3,518,16,17,2,0,0,523,0,0,13,290,0,4184,7,7,0,69,1,1,0,0,0,0,2,0,0,2,0,0,0,0,0,0,2,0,0,0,0,0,0,0,0,0,0,0,0,0,0,4,0,14,1,6,1,0,0,0,0,0,0,1,0,13,0,3,1,15,0,28,0,0,0,5,0,2,0,12,1,33,6,3,0,0,0,0,0,0,0,0,0,0,1,0,0
0,292,1,32,0,122,0,394,1,163,0,13,3,507,2,8,0,0,0,0,0,0,0,1,0,1,0,0,0,3,0,1,0,281,0,0,40,46,33,39,15,174,6,24,0,1,29,490,0,269,0,489,3,376,3,296,0,96,0,149,5,146,8,209,8,110,4,1253,4,526,39,182,6,13,1,11,6,397,3,98,0,0,5,1027,13,0,0,1135,3,3187,0,196,0,175,4,1,1,1,8,8,2,0,0,0,2,0,1,0,2,1,0,0,6,5,0,0,0,0,0,0,0,0,0,0,0,0,0,6,4,22,0,1,0,0,0,1,0,2,0,9,0,8,0,4,3,27,0,2,2,1,0,0,0,0,2,0,0,0,0,0,2,3,1,1,0,1,2,3,4,3
4,0,29,2,33,2,323,0,32,0,490,0,84,0,5,0,5,0,19,0,46,4,16,1,22,0,10,0,213,0,44,0,663,0,0,0,5,0,7,1,508,0,30,0,390,0,4,0,1,3,5,0,7,0,34,0,31,0,54,0,0,0,3,0,1,0,1,0,1,0,4,0,0,0,7,2,206,0,3,0,0,0,0,0,290,0,0,0,1114,0,275,0,390,0,0,0,0,0,0,0,0,0,0,0,0,0,0,0,0,0,0,0,0,0,0,0,0,0,0,0,0,0,0,0,1,0,0,0,0,0,0,0,0,0,0,0,0,0,4,0,0,0,0,0,1,0,0,0,0,0,0,0,13,1,11,2,10,0,0,0,0,0,0,0,0,0,0,0,0,0
0,10,0,14,0,7,0,4,0,4,0,30,0,2,0,1,0,5,0,0,1,0,0,0,0,3,0,3,0,39,0,5,0,498,0,0,3,2,2,3,0,333,0,85,0,467,0,28,0,9,0,33,0,16,1,11,0,5,0,145,0,1,1,4,1,4,0,2,0,3,2,17,1,1,0,4,1,273,0,2,0,0,0,8,0,1135,0,0,0,372,0,466,0,96,1,0,0,1,0,0,0,0,1,0,0,0,0,1,0,0,0,0,0,0,0,0,0,0,0,0,0,0,0,0,0,0,0,0,0,3,0,0,0,0,0,0,0,0,0,3,0,5,0,3,0,13,0,0,0,0,0,0,0,0,0,0,0,4,0,0,0,0,0,0,0,0,0,0,0,0
892,5,281,3,347,0,114,0,95,0,3,1,39,0,220,1,4,0,68,2,12,1,3,0,8,0,2,0,4,0,0,0,196,1,0,0,90,10,151,5,328,3,19,0,75,0,44,15,66,19,68,3,115,7,3221,1,422,1,135,0,203,1,79,6,365,1,340,0,1617,1,103,35,40,1,20,1,339,4,23,1,0,0,81,0,4184,3,1114,0,0,1,364,0,2359,0,4,0,0,0,0,0,0,0,4,0,0,0,0,0,1,0,0,0,0,0,0,0,0,0,0,0,0,0,0,0,3,0,1,0,2,0,1,0,0,0,0,0,0,0,12,0,1,0,2,0,15,1,0,0,2,0,2,0,7,0,37,4,11,0,0,0,0,0,1,0,0,0,0,0,0,0
0,479,0,28,0,62,1,157,1,32,0,2,0,52,0,9,0,1,1,0,0,0,0,0,0,1,0,1,0,4,0,0,1,127,0,0,6,8,6,12,3,477,3,61,0,23,18,303,1,94,1,340,0,275,0,3060,0,325,0,508,1,299,4,40,3,230,1,429,0,2765,11,44,0,2,0,5,3,130,0,6,0,0,3,1,7,3187,0,372,1,0,0,576,0,5426,0,0,0,1,2,1,0,0,0,0,1,0,1,0,1,1,0,1,0,0,1,0,0,0,0,0,0,0,0,0,0,0,0,5,0,2,0,1,0,0,0,0,0,0,0,27,0,6,0,9,2,17,0,0,1,2,0,0,0,0,0,1,0,0,0,0,0,1,0,0,0,0,0,0,0,0
0,0,1,0,1,0,0,0,0,0,0,0,0,0,2,0,3,0,0,0,4,0,7,0,0,0,1,0,4,0,0,0,88,0,0,0,1,0,4,0,671,0,23,0,130,0,0,0,2,0,1,0,2,1,8,0,7,0,355,0,0,0,0,0,1,0,0,0,0,0,0,1,1,0,0,0,55,0,3,0,0,0,0,0,7,0,275,0,364,0,0,0,882,0,0,0,0,0,0,0,0,0,0,0,0,0,0,0,0,0,0,0,0,0,0,0,0,0,0,0,0,0,0,0,0,0,0,0,0,0,0,0,0,0,0,0,0,0,0,0,0,0,0,0,0,0,0,0,0,0,0,0,1,0,1,0,3,0,0,0,0,0,0,0,0,0,0,0,0,0
0,5,0,7,0,6,0,0,0,4,0,32,0,1,0,1,0,5,0,0,0,1,0,0,0,6,0,1,0,27,0,7,0,153,0,0,1,0,1,0,0,652,0,380,0,364,0,10,0,2,0,27,0,7,0,11,0,12,0,570,0,2,0,1,0,0,0,1,0,2,1,5,0,0,0,8,2,121,0,15,0,0,0,0,0,196,0,466,0,576,0,0,0,995,0,0,0,0,0,0,0,0,0,0,0,0,0,0,0,0,0,0,0,0,0,0,0,0,0,0,0,0,0,0,0,0,0,0,0,0,0,0,0,0,0,0,0,0,0,6,0,1,0,1,0,7,0,0,0,1,0,0,0,0,0,0,4,15,0,0,0,0,0,0,0,0,0,0,0,0
25,0,21,0,18,0,14,0,5,0,0,0,7,0,37,0,0,0,11,1,6,0,4,0,0,0,1,0,0,0,0,0,25,0,0,0,24,0,60,6,355,0,261,0,51,0,58,13,42,13,125,2,63,1,748,0,739,0,3928,0,7,0,29,0,26,0,2,0,16,0,47,15,3,0,2,0,100,0,6,0,0,0,0,1,69,0,390,0,2359,0,882,0,0,0,26,0,0,0,0,0,0,0,50,0,0,0,0,0,0,0,0,0,0,0,0,0,0,0,0,0,0,0,0,0,2,0,1,0,0,0,0,0,0,0,0,0,0,0,1,0,1,0,1,0,0,0,0,0,0,0,0,0,0,0,4,1,3,0,0,0,0,0,1,0,0,0,0,0,0,0
0,447,0,22,1,53,0,112,0,30,0,9,0,44,3,6,0,1,0,0,0,0,0,1,0,1,0,1,0,4,0,2,0,79,0,0,10,7,2,5,0,498,0,161,0,30,11,199,0,62,0,244,1,186,0,1199,0,1793,0,2900,0,212,0,16,0,84,0,118,0,319,5,32,0,1,0,6,1,91,0,7,0,0,1,1,1,175,0,96,0,5426,0,995,0,0,0,0,1,0,0,0,0,0,0,0,1,0,0,0,0,0,0,0,3,1,0,0,0,0,0,0,0,0,0,0,0,0,0,2,0,4,0,2,0,0,0,0,0,1,0,7,1,2,0,2,0,14,0,0,0,2,0,0,0,0,2,0,0,0,0,0,0,0,0,1,0,0,0,0,1,0
0,4,0,1,0,0,0,1,1,0,0,0,0,2,2,0,0,0,0,0,0,0,0,0,0,0,0,0,0,0,0,0,0,4,0,0,3,2,6,4,26,14,20,3,1,0,255,6,23,4,1277,1,9,0,47,0,169,0,780,1,2,16,2,12,0,0,0,3,0,0,24,8,5,2,14,0,20,3,8,10,0,0,0,0,1,4,0,1,4,0,0,0,26,0,0,50,6093,164,458,84,755,78,4197,41,313,68,382,341,329,136,53,98,18,16,96,101,154,63,5,25,0,0,0,0,0,0,7,0,20,2,1,0,1,0,1,0,0,0,0,3,1,2,1,0,1,1,0,0,5,1,0,0,0,0,0,0,0,0,3,2,2,2,18,1,4,0,4,10,2,2
0,0,0,0,0,0,0,0,0,0,0,0,0,0,0,0,0,0,0,0,0,0,0,0,0,0,0,0,0,0,0,0,0,0,0,0,0,0,0,0,0,4,10,2,0,0,0,1,0,0,0,52,0,1,0,1,0,2,0,14,0,0,0,0,0,0,0,0,0,0,0,1,0,0,3,0,2,0,6,0,0,0,0,0,0,1,0,0,0,0,0,0,0,0,50,0,29,2796,27,465,35,1143,16,3776,22,105,8,288,10,83,3,21,0,3,43,19,47,12,0,2,0,0,0,0,0,0,1,0,0,0,0,0,0,0,0,0,0,0,0,0,0,0,0,0,0,0,0,0,0,0,0,0,0,0,0,0,0,0,6,7,0,2,2,0,0,0,0,0,0,0
0,4,0,0,0,0,0,2,0,0,0,0,0,2,1,0,0,0,0,0,0,0,0,0,0,0,0,0,0,0,0,0,0,1,0,0,2,1,2,1,1,9,5,7,0,0,0,7,0,4,1,0,0,0,0,0,0,0,0,1,1,10,0,7,1,1,0,3,0,0,5,8,1,1,12,1,3,7,3,18,0,0,0,0,0,1,0,0,0,0,0,0,0,1,6093,29,0,111,536,71,279,63,201,31,1099,20,945,231,645,102,46,80,65,43,133,68,180,220,29,57,0,0,0,0,1,0,9,0,11,2,2,0,0,0,3,0,0,0,1,2,1,0,1,1,1,2,0,0,1,1,0,0,0,0,1,2,0,0,5,0,1,1,9,0,9,0,1,18,8,4
0,1,0,0,0,0,0,0,0,0,0,0,0,0,1,0,0,0,0,0,0,0,0,0,0,0,0,0,0,0,0,0,1,0,0,0,0,1,1,0,0,5,45,3,0,0,0,0,0,0,0,0,0,0,0,0,0,0,0,0,0,4,0,3,0,0,0,0,0,0,0,4,0,0,4,0,5,2,13,2,0,0,0,0,0,1,0,1,0,1,0,0,0,0,164,2796,111,0,103,1100,119,1144,59,659,78,648,38,643,35,415,19,43,20,8,129,44,142,69,1,8,0,0,0,0,0,0,1,0,2,1,0,0,0,0,0,0,0,0,0,1,0,0,0,0,0,0,0,0,0,0,0,0,0,0,0,0,0,0,7,28,0,3,20,2,0,1,7,2,1,1
2,24,4,16,4,4,0,2,0,1,0,0,0,3,7,5,0,0,1,0,0,0,0,0,0,0,0,0,0,0,0,0,0,0,0,0,9,4,0,1,24,8,52,3,0,1,1,2,0,2,33,5,2,2,2,0,0,0,1,3,0,34,0,8,0,0,0,5,0,0,3,4,4,5,85,2,91,51,51,98,0,0,0,1,0,8,0,0,0,2,0,0,0,0,458,27,536,103,0,280,489,109,378,28,182,48,362,145,514,134,77,13,190,315,114,94,22,153,9,18,0,0,0,0,41,0,195,3,294,50,131,5,10,0,53,0,9,0,4,6,46,5,47,5,133,6,24,2,22,4,0,0,0,0,3,0,0,0,51,11,12,9,113,27,130,17,39,174,459,62
1,25,0,9,0,1,0,1,0,1,0,0,0,5,0,5,0,0,0,0,0,0,0,0,0,0,0,0,0,0,0,0,0,8,0,0,5,2,4,1,1,26,13,23,0,0,0,6,0,2,0,147,0,1,0,0,0,0,0,1,0,23,0,20,0,3,0,17,0,0,1,9,0,1,6,1,15,40,13,79,0,0,0,0,2,8,0,0,0,1,0,0,0,0,84,465,71,1100,280,0,136,772,33,272,40,299,47,840,65,1133,37,14,141,305,281,54,61,104,19,45,0,0,0,0,2,0,2,2,4,24,0,0,0,0,0,0,0,0,0,1,3,8,0,9,3,4,0,0,1,1,0,0,0,0,0,0,0,0,26,25,5,51,18,5,7,8,6,66,11,2
1,5,0,0,0,0,0,0,0,0,0,0,0,1,0,0,0,0,0,0,0,0,0,0,0,0,0,0,0,0,0,0,0,1,0,0,4,3,1,0,9,4,4,1,0,0,32,1,5,4,307,1,0,0,8,0,6,0,6,0,1,9,0,8,0,0,0,5,0,0,2,4,2,0,17,0,10,2,8,16,0,0,0,0,0,2,0,0,0,0,0,0,0,0,755,35,279,119,489,136,0,396,2558,124,92,69,104,204,135,62,48,41,8,89,947,457,48,43,2,15,0,0,0,0,4,0,12,1,53,0,5,0,0,0,3,0,0,0,0,1,6,0,7,1,30,2,4,0,8,0,0,0,0,0,0,0,1,0,4,1,2,0,10,1,2,1,4,14,36,1
