0,147,1993,26,1858,46,878,4,377,4,0,0,207,2,1131,190,0,0,2,0,0,0,0,0,0,0,0,0,0,0,0,0,114,1,0,0,262,136,29,9,24,0,1,0,0,0,1,0,0,1,1,0,9,1,81,0,0,0,1,0,3846,26,307,7,286,2,415,12,280,3,162,26,960,3,355,7,991,13,96,3,0,0,11,1,224,14,4,1,259,2,1,0,6,0,10,1,6,1,41,5,3,2,3,0,2,0,9,4,13,3,7,3,5,1,0,0,0,0,0,3,3,0,13,0,18,0,372,7,409,15,158,1,0,0,167,7,33,0,3,0,4,1,3,0,184,16,76,3,28,1,0,0,0,0,79,20,0,0,6,0,17,0,3,1,3,1,0,0,1,11
147,0,21,2506,21,1729,5,952,5,303,0,0,4,514,134,894,0,0,2,5,0,0,0,0,0,0,0,0,0,0,0,0,3,72,0,0,37,299,0,4,0,26,0,3,0,0,1,4,0,18,0,2,0,53,5,218,0,1,0,0,42,3817,6,391,9,213,3,327,7,423,22,540,191,184,13,278,21,774,3,209,0,0,0,4,3,69,0,0,5,78,0,0,0,1,18,5,9,5,15,28,5,3,3,0,5,5,6,8,11,22,9,6,36,5,2,0,0,1,2,12,0,0,3,6,1,16,16,596,13,452,1,107,0,0,9,108,2,33,0,0,0,4,0,3,8,315,1,78,0,48,0,0,0,0,50,52,0,0,0,3,1,1,1,15,3,3,1,11,19,10
1993,21,0,101,6867,149,205,13,396,24,335,5,15,2,1181,115,23,4,1719,101,234,22,93,10,117,1,341,1,243,1,54,0,392,1,0,0,172,80,9,5,10,6,2,0,0,0,0,0,1,0,0,0,6,0,36,0,0,0,2,0,65,0,186,2,59,0,34,3,61,1,202,5,75,2,276,97,789,14,63,5,0,0,0,0,34,1,85,0,69,1,12,0,4,0,0,1,4,1,17,1,0,1,1,0,0,0,0,0,3,2,1,1,2,0,0,0,0,0,0,0,1,0,4,0,39,4,160,4,47,3,17,0,1,0,87,12,16,0,1,0,0,0,1,0,37,3,10,0,7,0,4,5,20,23,230,90,0,2,1,0,1,0,1,0,1,0,0,0,5,0
26,2506,101,0,126,7170,19,217,32,592,18,201,1,20,64,2222,68,50,291,1343,41,138,27,161,6,201,0,289,22,121,0,12,45,46,0,0,46,448,1,18,1,37,1,2,1,14,0,1,0,2,0,2,0,6,1,8,0,0,0,4,6,68,1,69,0,9,1,41,0,23,7,350,17,77,116,676,126,1039,4,106,0,0,0,0,0,12,9,37,2,22,1,11,0,7,3,0,1,2,7,12,2,0,0,0,2,0,1,2,4,4,1,0,19,2,0,1,0,0,2,5,0,2,0,4,6,32,14,229,2,37,2,31,0,0,9,115,3,30,0,2,0,1,0,1,6,93,0,14,1,9,56,68,130,124,141,313,54,41,2,0,1,0,0,1,0,2,0,5,10,6
1858,21,6867,126,0,141,522,25,1624,34,436,0,21,1,572,106,2,2,514,64,23,4,27,3,68,1,153,1,150,0,267,0,350,0,0,0,52,61,13,12,3,2,0,0,0,0,0,1,0,0,0,0,1,2,46,0,0,0,0,0,79,5,36,1,126,0,223,9,110,0,42,11,65,0,741,116,641,25,36,2,0,0,4,0,188,3,41,0,209,2,6,0,6,0,0,0,1,0,6,0,3,0,0,0,1,0,1,0,0,1,1,1,0,0,0,0,0,0,0,0,2,0,6,0,31,3,137,2,41,1,16,2,2,0,98,11,26,0,1,0,5,0,2,0,57,7,16,2,7,1,1,3,9,10,381,116,0,1,0,0,2,0,2,0,3,0,0,0,2,1
46,1729,149,7170,141,0,19,644,35,2618,12,489,1,29,151,514,25,16,241,297,11,8,12,37,5,232,0,559,10,122,0,158,34,74,0,0,90,222,2,12,1,35,0,0,1,6,0,5,1,14,0,2,1,23,1,108,0,0,0,3,5,127,1,58,2,58,3,281,3,253,5,206,7,17,65,889,112,577,8,67,0,0,0,7,2,124,6,31,0,89,2,8,0,5,3,0,1,0,2,2,0,0,0,0,3,0,1,1,1,2,2,1,6,0,0,0,0,0,0,1,0,6,1,3,5,31,20,85,4,30,4,12,1,0,15,128,1,16,0,1,0,0,0,2,11,84,2,5,0,5,16,7,62,5,210,498,9,19,0,0,0,1,2,0,0,3,0,0,4,2
878,5,205,19,522,19,0,2,876,7,12,0,787,0,293,47,0,0,32,3,1,0,0,0,0,0,0,0,0,0,0,0,723,0,0,0,24,29,8,7,2,0,0,0,0,0,0,0,0,0,0,0,0,0,10,0,1,0,0,0,314,5,9,2,20,0,291,1,12,0,22,5,28,0,181,6,448,4,25,0,0,0,5,0,96,1,9,0,22,0,0,0,1,0,1,0,2,0,2,1,2,0,0,0,0,0,0,0,1,2,1,1,1,0,0,0,0,0,0,0,0,0,4,0,5,0,155,0,41,1,22,0,0,0,91,1,18,0,1,0,2,0,3,1,71,2,11,0,9,0,0,0,1,1,55,12,0,0,2,0,3,0,0,1,2,0,1,0,4,0
4,952,13,217,25,644,2,0,5,1184,0,15,1,918,22,170,0,0,13,10,0,0,0,0,0,1,0,0,0,6,0,0,3,645,0,0,28,40,0,7,0,12,0,0,0,0,0,0,0,0,0,0,0,0,1,1,0,0,0,3,0,96,0,2,0,8,1,336,1,30,2,7,1,0,9,114,8,593,1,22,0,0,0,3,0,91,0,1,0,29,0,0,0,2,1,0,2,0,1,2,0,0,0,0,2,0,0,0,1,1,0,0,4,0,0,0,0,0,0,1,0,0,0,2,0,3,5,52,0,17,1,7,0,0,3,8,1,5,0,0,0,1,0,0,0,6,0,2,0,5,0,0,0,0,24,50,0,0,0,0,0,0,0,1,0,0,0,0,0,3
377,5,396,32,1624,35,876,5,0,12,1288,0,165,1,252,32,0,0,180,13,0,0,2,0,1,0,0,0,39,0,13,0,1347,0,0,0,26,18,13,3,5,0,0,1,0,0,2,1,0,0,0,0,0,1,16,0,0,0,0,0,80,3,19,0,24,1,252,2,8,2,34,3,13,0,557,13,873,4,36,1,0,0,10,1,235,1,12,0,29,0,3,0,3,0,4,0,1,0,8,0,2,1,0,0,1,0,1,2,2,1,0,0,3,0,0,0,0,0,0,0,0,0,2,0,47,0,103,1,28,0,12,0,0,0,67,2,15,0,1,0,1,0,0,0,40,0,15,0,3,0,0,0,1,1,111,44,0,0,0,0,0,0,0,0,0,0,0,0,2,2
4,303,24,592,34,2618,7,1184,12,0,1,1123,0,118,24,187,0,1,39,123,0,1,0,0,0,7,0,2,0,32,0,23,7,829,0,0,31,109,0,11,0,45,0,1,0,3,0,0,0,0,0,3,1,1,0,2,0,0,0,2,1,52,2,7,2,6,1,360,0,49,3,11,4,1,9,724,15,662,1,45,0,0,0,1,2,138,1,30,2,72,0,5,0,8,0,0,0,0,3,0,0,1,0,0,0,0,0,0,0,1,0,0,0,0,0,0,0,0,0,2,0,1,0,3,2,16,3,23,0,8,1,2,0,0,4,73,1,6,1,1,0,0,0,1,1,30,0,3,0,2,1,0,8,1,38,94,0,1,0,0,0,0,0,2,0,1,0,0,0,0
0,0,335,18,436,12,12,0,1288,1,0,0,4,0,1,2,5,0,85,8,45,4,39,3,117,1,147,0,810,0,270,0,833,0,0,0,1,3,0,0,0,0,0,0,1,0,0,0,0,0,0,0,0,0,0,0,0,0,0,0,0,0,0,0,0,0,0,0,0,0,0,0,0,0,124,22,478,2,22,0,0,0,0,0,1,0,128,0,2,0,7,0,0,0,0,0,0,0,0,0,0,0,0,0,0,0,0,0,0,1,0,0,0,0,0,0,0,0,0,0,0,0,0,0,5,0,1,0,0,0,1,0,0,0,3,2,1,0,0,0,0,0,0,0,0,0,0,0,0,0,2,0,6,2,10,10,1,0,0,0,1,0,0,0,0,0,0,0,0,0
0,0,5,201,0,489,0,15,0,1123,0,0,1,5,0,1,2,6,11,12,1,3,0,37,1,171,0,309,1,932,0,311,1,321,0,0,0,2,0,0,0,38,0,1,0,24,0,0,0,0,0,1,0,0,0,0,0,1,0,5,0,2,0,0,0,0,0,2,0,0,1,0,0,0,4,326,4,597,0,19,0,0,0,0,0,1,1,97,0,25,0,20,0,18,0,0,0,0,0,0,0,0,0,0,0,0,0,0,0,0,0,0,0,0,0,0,0,0,0,0,0,2,0,0,0,4,0,1,0,0,0,1,0,0,0,18,0,1,0,1,0,0,0,0,0,2,0,0,0,0,2,1,9,1,4,25,2,9,0,0,0,0,0,0,0,1,0,0,0,0
207,4,15,1,21,1,787,1,165,0,4,1,0,0,21,2,0,0,7,0,0,0,0,0,0,0,0,0,1,0,0,0,553,1,0,0,5,6,7,1,2,0,3,0,0,0,1,0,0,2,0,0,3,1,18,0,1,0,1,0,711,4,26,1,18,2,154,3,7,1,6,5,9,0,20,0,258,0,6,1,0,0,266,1,196,5,5,0,3,0,0,0,0,0,0,0,0,0,1,0,0,0,0,0,0,0,1,0,0,0,0,0,0,0,0,0,0,0,0,0,0,0,0,0,1,0,13,0,17,4,1,0,0,0,7,0,2,0,0,1,3,1,2,0,15,2,6,0,2,0,0,0,0,0,4,1,0,0,0,0,0,0,0,1,0,0,0,0,0,0
2,514,2,20,1,29,0,918,1,118,0,5,0,0,5,28,0,0,0,1,0,0,0,0,0,0,0,0,0,2,0,0,0,634,0,0,2,5,2,0,1,2,0,0,0,0,0,1,0,2,0,3,0,0,1,3,0,0,0,2,0,617,0,4,3,2,0,842,0,2,1,3,0,0,0,10,1,497,0,44,0,0,0,66,1,209,0,29,1,3,0,0,0,0,3,0,1,0,1,2,1,0,1,0,1,0,2,0,1,0,0,0,0,0,0,0,0,0,0,1,1,0,0,0,0,0,0,32,0,19,0,5,0,0,0,9,0,2,1,1,1,1,0,0,0,10,0,1,0,1,0,0,0,0,1,1,0,0,0,0,0,0,0,0,0,1,0,0,2,0
1131,134,1181,64,572,151,293,22,252,24,1,0,21,5,0,418,0,0,596,12,0,0,0,0,0,0,0,0,0,0,0,0,98,1,0,0,1718,235,13,10,6,2,3,0,1,0,0,1,1,2,1,0,15,0,39,0,1,0,0,0,94,13,220,3,22,0,24,5,31,0,670,10,619,3,173,34,648,10,60,4,0,0,2,0,14,2,2,0,22,1,0,0,1,0,2,1,2,0,23,4,2,0,3,0,2,0,2,1,8,2,2,2,8,2,0,0,0,0,1,3,3,0,10,0,28,0,378,13,95,11,62,1,0,0,204,10,49,2,0,0,1,0,7,1,135,5,32,0,12,0,0,0,2,0,211,41,0,0,3,0,4,0,0,0,3,3,2,3,4,9
190,894,115,2222,106,514,47,170,32,187,2,1,2,28,418,0,3,0,72,300,3,1,1,0,0,0,0,0,0,0,0,0,17,6,0,0,147,3443,1,103,4,68,0,3,0,0,0,6,0,3,0,3,1,1,11,5,0,0,0,1,24,89,10,41,2,4,2,36,6,12,33,548,110,144,18,211,67,249,11,58,0,0,0,1,0,13,1,1,5,7,0,1,0,0,9,5,4,2,11,15,2,0,2,0,2,1,4,2,1,7,2,3,20,2,1,0,0,0,0,5,0,0,0,4,1,13,39,344,10,136,13,42,0,0,26,83,5,36,0,0,1,3,0,1,21,184,11,28,0,23,2,0,7,3,191,110,1,0,0,0,3,0,1,3,1,2,0,6,15,8
0,0,23,68,2,25,0,0,0,0,5,2,0,0,0,3,0,3,66,71,330,50,515,21,68,6,0,1,61,0,0,0,158,0,0,0,36,2,7,0,41,1,2,0,52,0,0,0,0,0,0,0,0,0,0,0,0,0,1,0,0,0,0,0,0,0,0,0,0,0,2,0,0,0,70,20,48,5,1,0,0,0,0,0,0,0,18,2,0,0,14,0,2,0,0,0,0,0,0,0,0,0,0,0,0,0,0,0,0,0,0,0,0,0,0,0,0,0,0,0,0,0,0,0,1,0,0,0,0,0,0,0,0,0,0,0,0,0,0,0,0,0,0,0,0,0,0,0,0,0,136,2,117,19,24,11,250,4,0,0,0,0,0,0,0,0,0,0,0,0
0,0,4,50,2,16,0,0,0,1,0,6,0,0,0,0,3,0,12,90,13,524,235,948,1,97,0,17,0,66,0,1,1,50,0,0,0,23,0,0,0,73,0,0,0,71,0,0,0,0,0,0,0,0,0,0,0,0,0,0,0,0,0,0,0,0,0,0,0,0,0,0,0,0,17,79,2,66,0,1,0,0,0,0,0,0,2,88,0,0,0,7,0,0,0,0,0,0,0,0,0,0,0,0,0,0,0,0,0,0,0,0,0,0,0,0,0,0,0,0,0,0,0,0,0,0,0,0,0,0,0,0,0,0,0,0,0,0,0,0,0,0,0,0,0,0,0,0,0,0,9,141,11,57,2,362,4,457,0,0,0,0,0,0,0,0,0,0,0,0
2,2,1719,291,514,241,32,13,180,39,85,11,7,0,596,72,66,12,0,284,310,48,128,22,27,0,5,0,121,1,7,0,322,0,0,0,226,99,5,1,9,2,1,0,1,0,0,0,0,1,0,0,0,0,6,0,0,0,0,1,5,0,10,0,5,0,3,6,4,2,36,2,1,0,242,229,539,47,33,7,0,0,1,0,3,1,39,0,6,0,13,0,0,0,1,1,0,0,11,1,0,1,0,0,0,0,0,0,1,0,0,0,1,2,0,0,0,0,0,0,1,1,1,0,27,5,41,3,6,0,4,0,0,0,53,26,14,2,0,0,1,0,0,0,10,11,0,1,0,1,23,16,440,82,428,148,15,10,5,1,2,0,0,0,2,1,0,0,3,0
0,5,101,1343,64,297,3,10,13,123,8,12,0,1,12,300,71,90,284,0,37,579,70,146,9,3,1,1,20,3,1,1,32,6,0,0,40,966,1,19,2,20,0,0,0,1,0,0,0,0,0,0,0,0,0,0,0,0,0,0,0,1,1,0,1,0,1,1,1,1,1,10,0,0,76,293,115,302,4,35,0,0,0,0,1,2,8,7,0,5,1,3,0,2,0,0,0,0,0,0,0,0,0,0,0,0,0,0,0,0,0,0,1,0,0,0,0,0,0,1,0,4,0,0,3,15,3,7,0,1,1,3,0,0,4,57,5,4,0,0,0,0,0,0,2,17,0,1,0,1,64,139,204,753,144,675,32,21,0,0,0,0,0,0,0,2,0,0,1,1
0,0,234,41,23,11,1,0,0,0,45,1,0,0,0,3,330,13,310,37,0,32,1111,17,235,0,48,0,280,0,4,0,58,1,0,0,11,3,3,1,0,0,1,0,0,0,0,0,0,0,0,0,0,0,0,0,0,0,1,0,0,0,0,0,0,0,0,0,0,0,0,0,0,0,208,58,41,3,1,1,0,0,0,0,0,0,47,0,1,0,15,0,3,0,0,0,0,0,0,0,0,0,0,0,0,0,0,0,0,0,0,0,0,0,0,0,0,0,0,0,0,0,0,0,0,0,0,0,0,0,0,0,0,0,0,0,0,0,0,0,0,0,0,0,0,0,0,0,0,0,251,2,337,8,14,8,85,11,0,0,0,0,0,0,0,0,0,0,0,0
0,0,22,138,4,8,0,0,0,1,4,3,0,0,0,1,50,524,48,579,32,0,190,1272,1,119,0,15,7,73,0,0,5,1,0,0,0,13,0,0,1,0,0,0,0,1,0,0,0,0,0,0,0,0,0,0,0,0,1,0,0,0,0,0,0,0,0,0,0,0,1,0,0,0,78,87,9,52,1,1,0,0,0,0,0,0,2,5,0,0,3,1,0,1,0,0,0,0,0,0,0,0,0,0,0,0,0,0,0,0,0,0,0,0,0,0,0,0,0,0,0,0,0,0,0,0,0,0,0,0,0,0,0,0,0,0,0,0,0,0,0,0,0,0,0,0,0,0,0,0,70,403,16,185,3,96,9,84,0,0,0,0,0,0,0,0,0,0,0,0
0,0,93,27,27,12,0,0,2,0,39,0,0,0,0,1,515,235,128,70,1111,190,0,747,612,7,93,2,408,2,2,0,145,0,0,0,20,5,5,0,60,21,7,0,16,0,0,0,0,0,0,0,0,0,0,0,0,0,1,0,0,0,0,0,0,0,0,0,0,0,0,0,0,0,97,36,42,10,1,0,0,0,0,0,0,0,48,0,0,0,17,0,4,0,0,0,0,0,0,0,0,0,0,0,0,0,0,0,0,0,0,0,0,0,0,0,0,0,0,0,0,0,0,0,0,0,0,0,0,0,0,0,0,0,0,1,0,0,0,1,0,0,0,0,0,1,0,0,0,0,126,13,155,27,21,27,106,57,0,0,0,0,0,0,0,0,0,0,0,0
0,0,10,161,3,37,0,0,0,0,3,37,0,0,0,0,21,948,22,146,17,1272,747,0,0,465,0,51,2,135,0,4,1,14,0,0,1,5,0,0,0,27,0,1,0,23,0,0,0,0,0,0,0,0,0,0,0,0,0,1,0,0,0,0,0,0,0,0,0,0,0,0,0,0,74,80,6,118,0,1,0,0,0,0,0,1,0,61,0,0,2,17,0,4,0,0,0,0,0,0,0,0,0,0,0,0,0,0,0,0,0,0,0,0,0,0,0,0,0,0,0,0,0,0,0,0,0,0,0,0,0,0,0,0,0,0,0,0,0,1,0,0,0,0,0,0,0,0,0,0,30,38,12,31,1,64,7,227,0,0,0,0,0,0,0,0,0,0,0,0
0,0,117,6,68,5,0,0,1,0,117,1,0,0,0,0,68,1,27,9,235,1,612,0,0,0,493,0,482,0,21,0,78,0,0,0,1,1,1,0,1,0,0,0,2,0,0,0,0,0,0,0,0,0,0,0,0,0,0,0,0,0,0,0,0,0,0,0,0,0,1,0,0,0,7,2,7,3,0,0,0,0,0,0,0,0,11,0,0,0,4,0,0,0,0,0,0,0,0,0,0,0,0,0,0,0,0,0,0,0,0,0,0,0,0,0,0,0,0,0,0,0,0,0,0,0,0,0,0,0,0,0,0,0,0,0,0,0,0,0,0,0,0,0,0,0,0,0,0,0,2,0,12,3,6,1,15,0,0,0,0,0,0,0,0,0,0,0,0,0
0,0,1,201,1,232,0,1,0,7,1,171,0,0,0,0,6,97,0,3,0,119,7,465,0,0,0,478,0,313,0,30,0,12,0,0,0,1,0,0,0,2,0,0,0,10,0,0,0,0,0,0,0,0,0,0,0,0,0,0,0,0,0,0,0,0,0,0,0,0,0,0,0,0,23,17,1,61,0,0,0,0,0,0,0,0,0,41,0,4,0,5,0,2,0,0,0,0,0,0,0,0,0,0,0,0,0,0,0,0,0,0,0,0,0,0,0,0,0,0,0,0,0,0,0,0,0,0,0,0,0,0,0,0,0,0,0,0,0,0,0,0,0,0,0,0,0,0,0,0,2,1,2,0,0,3,1,21,0,0,0,0,0,0,0,0,0,0,0,0
0,0,341,0,153,0,0,0,0,0,147,0,0,0,0,0,0,0,5,1,48,0,93,0,493,0,0,0,125,0,20,0,13,0,0,0,0,0,0,0,0,0,1,0,0,0,0,0,0,0,0,0,0,0,0,0,0,0,0,0,0,0,0,0,0,0,0,0,0,0,0,0,0,0,3,0,7,0,0,0,0,0,0,0,0,0,9,0,0,0,2,0,0,0,0,0,0,0,0,0,0,0,0,0,0,0,0,0,0,0,0,0,0,0,0,0,0,0,0,0,0,0,0,0,0,0,0,0,0,0,0,0,0,0,0,0,0,0,0,0,0,0,0,0,0,0,0,0,0,0,0,0,2,0,0,0,0,0,0,0,0,0,0,0,0,0,0,0,0,0
0,0,1,289,1,559,0,0,0,2,0,309,0,0,0,0,1,17,0,1,0,15,2,51,0,478,0,0,0,194,0,41,0,6,0,0,0,0,0,0,0,2,0,2,0,9,0,0,0,0,0,0,0,0,0,0,0,0,0,0,0,0,0,0,0,0,0,0,0,0,0,0,0,0,2,27,0,49,0,0,0,0,0,0,0,0,0,35,0,0,0,4,0,3,0,0,0,0,0,0,0,0,0,0,0,0,0,0,0,0,0,0,0,0,0,0,0,0,0,0,0,0,0,0,0,0,0,0,0,0,0,0,0,0,0,0,0,0,0,0,0,0,0,0,0,0,0,0,0,0,1,0,1,0,0,2,1,6,0,0,0,0,0,0,0,0,0,0,0,0
0,0,243,22,150,10,0,0,39,0,810,1,1,0,0,0,61,0,121,20,280,7,408,2,482,0,125,0,0,0,55,0,448,0,0,0,8,1,3,0,0,0,1,0,1,0,0,0,0,0,0,0,0,0,0,0,0,0,1,0,0,0,0,0,0,0,0,0,0,0,0,0,0,0,51,10,123,5,4,0,0,0,0,0,0,0,180,0,0,0,12,0,1,0,0,0,0,0,0,0,0,0,0,0,0,0,0,0,0,0,0,0,0,0,0,0,0,0,0,0,0,0,0,0,1,0,1,0,0,0,0,0,0,0,0,0,0,0,0,0,0,0,0,0,0,0,0,0,0,0,8,0,34,4,4,7,48,0,0,0,0,0,0,0,0,0,0,0,0,0
0,0,1,121,0,122,0,6,0,32,0,932,0,2,0,0,0,66,1,3,0,73,2,135,0,313,0,194,0,0,0,80,0,53,0,0,0,0,0,0,0,7,0,1,0,22,0,0,0,0,0,0,0,0,0,0,0,0,0,1,0,0,0,0,0,0,0,1,0,0,0,0,0,0,5,103,1,166,0,1,0,0,0,0,0,0,0,56,0,6,0,13,0,4,0,0,0,0,0,0,0,0,0,0,0,0,0,0,0,0,0,0,0,0,0,0,0,0,0,0,0,0,0,0,0,0,0,0,0,0,0,0,0,0,0,0,0,1,0,1,0,0,0,0,0,1,0,0,0,0,0,0,0,0,0,4,0,29,0,0,0,0,0,0,0,0,0,0,0,0
0,0,54,0,267,0,0,0,13,0,270,0,0,0,0,0,0,0,7,1,4,0,2,0,21,0,20,0,55,0,0,0,40,0,0,0,0,0,0,0,0,0,0,0,0,0,0,0,0,0,0,0,0,0,0,0,0,0,0,0,0,0,0,0,0,0,0,0,0,0,0,0,0,0,15,5,33,0,1,0,0,0,0,0,0,0,17,0,0,0,1,0,1,0,0,0,0,0,0,0,0,0,0,0,0,0,0,0,0,0,0,0,0,0,0,0,0,0,0,0,0,0,0,0,1,0,0,0,0,0,0,0,0,0,0,0,0,0,0,0,0,0,0,0,0,0,0,0,0,0,0,0,1,0,0,0,0,0,0,0,0,0,0,0,0,0,0,0,0,0
0,0,0,12,0,158,0,0,0,23,0,311,0,0,0,0,0,1,0,1,0,0,0,4,0,30,0,41,0,80,0,0,0,6,0,0,0,0,0,0,0,0,0,0,0,0,0,0,0,0,0,0,0,0,0,0,0,0,0,0,0,0,0,0,0,0,0,0,0,0,0,0,0,0,0,17,0,48,0,0,0,0,0,0,0,0,0,7,0,1,0,4,0,1,0,0,0,0,0,0,0,0,0,0,0,0,0,0,0,0,0,0,0,0,0,0,0,0,0,0,0,0,0,0,0,0,0,0,0,0,0,0,0,0,0,1,0,0,0,0,0,0,0,0,0,0,0,0,0,0,1,0,0,0,0,2,0,1,0,0,0,0,0,0,0,0,0,0,0,0
114,3,392,45,350,34,723,3,1347,7,833,1,553,0,98,17,158,1,322,32,58,5,145,1,78,0,13,0,448,0,40,0,0,3,0,0,15,14,24,15,19,0,22,0,38,0,10,1,4,2,16,0,19,3,121,3,33,0,12,0,314,0,56,2,30,1,183,3,13,1,26,18,23,0,149,22,1371,9,21,1,0,0,141,0,337,3,252,0,92,5,79,0,20,1,1,0,1,0,6,0,0,0,0,0,0,1,0,1,1,0,0,0,0,1,0,1,0,0,0,0,0,0,1,0,11,1,16,1,41,2,6,0,0,0,23,4,6,0,7,0,15,1,10,0,48,2,11,0,10,0,8,3,11,13,40,28,27,0,0,0,0,0,0,0,0,0,0,0,0,0
1,72,1,46,0,74,0,645,0,829,0,321,1,634,1,6,0,50,0,6,1,1,0,14,0,12,0,6,0,53,0,6,3,0,0,0,1,25,2,9,4,190,0,8,0,24,2,25,1,28,2,57,1,26,6,18,0,5,0,32,1,405,5,77,8,16,5,413,0,12,2,89,1,9,2,74,8,2916,0,45,0,0,0,128,4,455,0,679,0,253,0,43,0,39,3,1,1,3,0,1,0,0,3,0,0,0,1,1,2,5,0,1,2,2,0,0,0,0,0,1,0,0,0,0,0,4,0,5,3,118,0,6,0,0,1,13,0,0,2,25,0,7,0,5,3,29,1,8,2,3,0,0,0,0,0,4,0,4,1,0,0,3,0,5,0,0,0,1,4,1
0,0,0,0,0,0,0,0,0,0,0,0,0,0,0,0,0,0,0,0,0,0,0,0,0,0,0,0,0,0,0,0,0,0,0,0,0,0,0,0,0,0,0,0,0,0,0,0,0,0,0,0,0,0,0,0,0,0,0,0,0,0,0,0,0,0,0,0,0,0,0,0,0,0,0,0,0,0,0,0,0,0,0,0,0,0,0,0,0,0,0,0,0,0,0,0,0,0,0,0,0,0,0,0,0,0,0,0,0,0,0,0,0,0,0,0,0,0,0,0,0,0,0,0,0,0,0,0,0,0,0,0,0,0,0,0,0,0,0,0,0,0,0,0,0,0,0,0,0,0,0,0,0,0,0,0,0,0,0,0,0,0,0,0,0,0,0,0,0,0
0,0,0,0,0,0,0,0,0,0,0,0,0,0,0,0,0,0,0,0,0,0,0,0,0,0,0,0,0,0,0,0,0,0,0,0,0,0,0,0,0,0,0,0,0,0,0,0,0,0,0,0,0,0,0,0,0,0,0,0,0,0,0,0,0,0,0,0,0,0,0,0,0,0,0,0,0,0,0,0,0,0,0,0,0,0,0,0,0,0,0,0,0,0,0,0,0,0,0,0,0,0,0,0,0,0,0,0,0,0,0,0,0,0,0,0,0,0,0,0,0,0,0,0,0,0,0,0,0,0,0,0,0,0,0,0,0,0,0,0,0,0,0,0,0,0,0,0,0,0,0,0,0,0,0,0,0,0,0,0,0,0,0,0,0,0,0,0,0,0
262,37,172,46,52,90,24,28,26,31,1,0,5,2,1718,147,36,0,226,40,11,0,20,1,1,0,0,0,8,0,0,0,15,1,0,0,0,139,1266,6,40,1,4,0,0,0,11,0,9,1,10,0,53,0,19,0,1,0,1,0,130,7,204,1,30,0,17,3,18,1,3848,12,1211,8,93,23,96,12,14,1,0,0,2,0,13,1,3,0,9,0,5,0,0,0,0,0,1,0,6,3,1,0,0,0,1,0,0,0,1,0,0,0,1,0,0,0,0,0,0,0,1,0,3,0,9,2,63,3,65,8,21,0,0,0,22,1,4,0,0,0,0,0,1,0,40,4,7,1,9,0,58,0,88,0,781,46,27,0,0,0,3,0,1,0,1,0,0,0,2,1
136,299,80,448,61,222,29,40,18,109,3,2,6,5,235,3443,2,23,99,966,3,13,5,5,1,1,0,0,1,0,0,0,14,25,0,0,139,0,3,738,0,53,1,0,0,0,1,1,0,28,0,1,0,15,1,5,0,0,0,1,37,244,9,136,2,19,6,99,1,8,48,2525,146,446,33,186,80,122,10,30,0,0,0,10,6,35,0,0,1,7,1,0,0,1,1,2,3,1,3,11,1,0,1,0,0,1,0,2,2,1,1,0,9,3,0,0,0,0,0,3,0,0,2,2,3,6,39,77,13,195,1,12,0,0,20,39,6,10,0,0,1,3,1,0,10,91,3,20,2,13,0,8,23,256,141,902,2,10,0,0,0,0,2,4,0,0,0,4,3,1
29,0,9,1,13,2,8,0,13,0,0,0,7,2,13,1,7,0,5,1,3,0,5,0,1,0,0,0,3,0,0,0,24,2,0,0,1266,3,0,123,119,11,18,0,0,0,513,44,201,27,96,4,422,14,464,3,66,1,8,2,26,3,309,5,195,5,114,8,87,1,3552,93,0,0,32,2,34,9,5,0,0,0,18,1,181,23,7,0,248,20,0,0,23,6,3,0,2,1,7,1,1,0,2,0,1,0,1,0,3,0,2,0,0,0,1,0,0,0,0,0,2,0,10,0,4,0,3,0,39,7,0,0,0,0,10,1,1,0,17,2,23,3,5,1,60,1,6,0,11,1,20,0,10,0,146,0,4,0,0,0,1,0,1,0,0,0,0,0,0,1
9,4,5,18,12,12,7,7,3,11,0,0,1,0,10,103,0,0,1,19,1,0,0,0,0,0,0,0,0,0,0,0,15,9,0,0,6,738,123,0,42,186,1,10,1,0,94,121,38,115,28,27,52,76,94,21,27,2,1,5,9,5,78,15,46,10,25,24,18,14,167,3374,1,1,7,5,17,8,5,0,0,0,12,13,51,59,0,2,96,31,0,0,6,8,0,0,1,1,1,1,1,0,0,0,0,0,1,0,1,0,0,2,2,0,0,0,0,0,0,0,0,0,2,0,4,0,4,2,12,28,1,0,0,0,5,1,1,0,7,4,9,0,2,3,25,6,3,3,4,2,0,0,3,1,7,6,0,0,0,0,0,0,1,2,0,0,0,0,0,0
24,0,10,1,3,1,2,0,5,0,0,0,2,1,6,4,41,0,9,2,0,1,60,0,1,0,0,0,0,0,0,0,19,4,0,0,40,0,119,42,0,111,2056,3,808,0,83,256,33,91,484,30,39,22,183,17,136,4,550,1,55,1,35,1,19,1,14,2,9,0,395,194,16,0,28,1,627,8,211,6,0,0,16,1,42,23,193,2,152,24,186,0,363,8,5,5,11,1,25,1,3,0,3,1,5,0,16,8,12,2,21,9,1,3,2,1,1,0,0,2,3,0,7,0,24,0,12,1,25,5,3,0,1,0,21,4,2,0,688,1,32,1,71,0,472,3,5,0,4,0,4,0,6,0,47,1,26,1,0,0,1,1,124,2,3,0,0,1,1,1
0,26,6,37,2,35,0,12,0,45,0,38,0,2,2,68,1,73,2,20,0,0,21,27,0,2,0,2,0,7,0,0,0,190,0,0,1,53,11,186,111,0,1,1613,1,50,10,207,6,40,10,374,2,3,5,5,6,7,0,419,1,47,2,10,3,4,1,13,0,0,13,792,1,4,0,85,6,666,2,367,0,0,1,4,5,168,0,417,3,822,0,346,3,818,1,0,3,6,1,8,0,3,0,0,2,1,6,8,6,3,5,3,1,0,0,1,1,0,0,0,0,0,0,3,0,9,1,15,2,56,0,0,0,0,0,7,0,2,2,244,0,13,0,56,2,251,0,2,0,3,0,0,0,0,2,4,2,32,0,0,0,0,1,124,0,4,1,2,1,0
1,0,2,1,0,0,0,0,0,0,0,0,3,0,3,0,2,0,1,0,1,0,7,0,0,0,1,0,1,0,0,0,22,0,0,0,4,1,18,1,2056,1,0,3,1092,0,7,10,6,2,487,1,5,0,43,1,38,0,986,0,8,1,8,0,1,0,3,0,1,0,97,6,2,0,1,1,36,4,4,7,0,0,2,0,10,1,98,0,9,1,2,0,24,0,19,5,16,7,28,23,7,2,2,0,8,1,18,9,12,5,13,6,0,0,1,1,0,0,0,1,0,0,0,0,0,0,2,0,3,0,1,0,0,0,0,0,0,0,3,0,10,0,0,0,2,0,1,0,1,0,1,0,0,0,1,0,3,0,0,1,4,0,5,4,2,0,1,0,0,2
0,3,0,2,0,0,0,0,1,1,0,1,0,0,0,3,0,0,0,0,0,0,0,1,0,0,0,2,0,1,0,0,0,8,0,0,0,0,0,10,3,1613,3,0,0,680,1,113,2,12,0,501,0,2,0,5,0,13,0,1765,0,2,1,0,0,0,0,0,0,0,0,139,0,0,1,0,4,21,7,10,0,0,0,1,0,7,0,217,1,69,0,168,0,144,36,51,32,45,5,59,11,31,6,11,6,20,28,106,13,53,25,45,2,0,12,7,2,0,1,0,0,0,0,0,1,0,3,0,0,4,0,0,0,0,1,0,0,0,1,13,0,1,0,0,1,10,0,0,0,0,0,0,0,0,0,0,1,0,4,1,0,2,12,6,0,0,0,4,0,2
0,0,0,1,0,1,0,0,0,0,1,0,0,0,1,0,52,0,1,0,0,0,16,0,2,0,0,0,1,0,0,0,38,0,0,0,0,0,0,1,808,1,1092,0,0,0,0,0,0,0,1,0,1,0,1,0,1,0,123,0,0,0,0,0,0,0,0,0,0,0,0,0,0,0,3,0,215,0,37,0,0,0,0,0,1,0,699,0,20,1,217,0,95,0,0,0,0,0,0,0,0,0,0,0,0,0,0,0,0,0,0,0,0,0,0,0,0,0,0,0,0,0,0,0,4,0,2,0,1,0,0,0,1,0,1,1,0,0,3,0,0,0,0,0,1,0,0,0,0,0,1,0,0,0,0,1,12,0,0,0,0,0,15,0,0,0,0,0,0,0
0,0,0,14,0,6,0,0,0,3,0,24,0,0,0,0,0,71,0,1,0,1,0,23,0,10,0,9,0,22,0,0,0,24,0,0,0,0,0,0,0,50,0,680,0,0,0,1,0,0,0,1,0,0,0,0,0,1,0,117,0,1,0,0,0,0,0,0,0,0,0,2,0,0,0,9,2,346,0,65,0,0,0,0,0,0,0,711,0,12,0,587,0,107,0,0,0,0,2,0,0,0,0,0,0,0,0,0,0,0,0,0,0,0,0,0,0,0,0,0,0,0,0,0,0,10,0,0,0,0,0,0,0,0,0,1,0,1,0,13,0,1,0,0,0,2,0,0,0,0,0,0,0,0,0,0,3,49,0,0,0,0,0,1,0,0,0,0,0,0
1,1,0,0,0,0,0,0,2,0,0,0,1,0,0,0,0,0,0,0,0,0,0,0,0,0,0,0,0,0,0,0,10,2,0,0,11,1,513,94,83,10,7,1,0,0,0,658,3893,384,3397,117,1733,47,1673,47,727,12,100,12,1,0,13,2,6,1,3,0,2,2,1460,270,0,0,2,0,14,6,1,1,0,0,2,1,30,19,6,4,55,37,1,0,23,12,1,0,2,0,1,0,0,0,0,0,0,0,1,0,1,0,0,0,0,0,0,0,0,0,0,0,0,0,0,0,2,0,4,0,8,3,1,0,0,0,3,1,1,0,12,4,9,1,7,0,13,0,0,0,2,1,0,0,1,0,0,0,0,0,0,0,0,0,0,0,0,0,0,0,0,0
0,4,0,1,1,5,0,0,1,0,0,0,0,1,1,6,0,0,0,0,0,0,0,0,0,0,0,0,0,0,0,0,1,25,0,0,0,1,44,121,256,207,10,113,0,1,658,0,435,2822,181,3272,26,431,44,1078,22,527,5,207,0,1,6,0,1,0,2,2,2,15,111,1503,0,0,0,0,3,44,1,5,0,0,1,4,1,286,0,25,16,661,0,1,3,176,0,0,0,2,0,2,0,2,0,0,0,1,0,2,0,3,0,1,0,0,0,0,0,0,0,0,0,0,0,0,0,0,0,2,0,24,0,0,0,0,0,0,0,0,2,23,1,5,0,6,1,11,0,2,1,2,0,0,0,0,0,0,0,1,0,0,0,0,0,5,0,0,0,0,0,0
0,0,1,0,0,1,0,0,0,0,0,0,0,0,1,0,0,0,0,0,0,0,0,0,0,0,0,0,0,0,0,0,4,1,0,0,9,0,201,38,33,6,6,2,0,0,3893,435,0,259,66,32,2705,19,543,34,65,14,9,5,1,0,62,0,13,0,4,3,0,0,719,123,0,0,3,1,14,3,0,1,0,0,1,1,18,11,1,0,28,16,0,0,3,4,1,0,0,0,0,0,0,0,0,0,1,0,0,0,0,0,0,0,0,0,0,0,0,0,0,0,0,0,0,0,1,0,0,0,5,0,0,0,0,0,1,1,2,0,3,0,5,0,3,0,12,1,1,0,3,0,0,0,0,0,0,0,0,0,0,0,0,0,0,0,0,0,0,0,0,0
1,18,0,2,0,14,0,0,0,0,0,0,2,2,2,3,0,0,1,0,0,0,0,0,0,0,0,0,0,0,0,0,2,28,0,0,1,28,27,115,91,40,2,12,0,0,384,2822,259,0,23,251,27,2526,55,1255,20,260,2,49,1,16,10,102,7,7,3,19,0,55,155,1872,0,0,0,2,9,51,2,4,0,0,2,15,13,178,1,11,32,403,2,1,4,55,1,0,1,1,0,2,0,2,0,1,2,0,1,1,0,2,0,0,1,0,0,0,0,0,0,0,0,0,0,0,0,0,0,2,5,25,0,2,0,0,1,0,1,0,8,7,0,4,0,1,8,16,2,1,0,3,0,0,0,0,0,0,0,0,0,0,0,0,1,2,0,1,0,0,0,1
1,0,0,0,0,0,0,0,0,0,0,0,0,0,1,0,0,0,0,0,0,0,0,0,0,0,0,0,0,0,0,0,16,2,0,0,10,0,96,28,484,10,487,0,1,0,3397,181,66,23,0,66,176,5,857,2,1613,2,1375,1,1,0,1,0,2,0,1,0,0,0,909,54,0,0,2,0,50,3,3,1,0,0,5,0,31,6,6,0,102,11,3,0,84,1,2,0,0,0,28,0,112,0,7,0,0,1,0,0,0,0,1,0,0,16,0,0,0,0,0,0,1,0,1,0,1,0,1,0,23,0,1,0,0,0,4,0,0,0,16,0,13,0,15,1,94,0,4,0,2,0,0,0,0,0,5,0,0,0,1,0,0,0,1,0,0,0,0,0,0,0
0,2,0,2,0,2,0,0,0,3,0,1,0,3,0,3,0,0,0,0,0,0,0,0,0,0,0,0,0,0,0,0,0,57,0,0,0,1,4,27,30,374,1,501,0,1,117,3272,32,251,66,0,2,52,6,202,1,560,0,2016,0,7,0,3,0,0,0,5,0,4,6,417,0,0,1,2,3,80,0,8,0,0,0,4,2,431,0,68,7,653,0,11,1,342,0,206,1,2,0,177,1,37,0,28,0,0,1,5,0,17,1,0,6,82,9,36,2,1,0,11,0,0,0,0,0,1,0,3,1,49,0,3,0,0,0,2,0,1,2,26,0,30,0,62,4,75,0,9,0,2,0,0,0,0,0,0,0,0,0,0,0,5,0,3,0,1,0,4,6,0
9,0,6,0,1,1,0,0,0,1,0,0,3,0,15,1,0,0,0,0,0,0,0,0,0,0,0,0,0,0,0,0,19,1,0,0,53,0,422,52,39,2,5,0,1,0,1733,26,2705,27,176,2,0,14,2155,4,103,0,16,0,2,0,599,1,118,1,12,0,25,4,637,84,9,0,5,0,33,4,4,0,0,0,9,2,87,9,2,1,119,5,0,0,13,2,0,0,0,2,6,1,0,1,0,0,1,0,1,1,1,0,1,0,0,0,0,0,0,0,0,0,1,0,2,0,0,0,3,0,28,1,0,0,0,0,4,0,0,0,16,0,27,0,4,0,20,0,3,0,7,1,0,0,0,0,2,1,0,0,0,0,0,0,1,1,0,0,1,0,0,0
1,53,0,6,2,23,0,0,1,1,0,0,1,0,0,1,0,0,0,0,0,0,0,0,0,0,0,0,0,0,0,0,3,26,0,0,0,15,14,76,22,3,0,2,0,0,47,431,19,2526,5,52,14,0,25,2906,9,221,1,34,1,65,4,648,6,71,6,76,3,648,20,972,0,0,1,1,8,36,0,3,0,0,2,20,11,112,1,6,21,385,0,0,5,46,1,1,1,0,0,1,0,0,0,0,0,0,0,0,0,1,1,0,1,0,1,0,0,0,0,0,0,0,0,0,0,0,0,3,4,22,0,0,0,0,1,0,0,0,8,4,0,2,0,2,8,18,0,2,0,5,0,0,0,0,0,0,0,0,0,0,0,0,0,4,0,0,0,0,0,0
81,5,36,1,46,1,10,1,16,0,0,0,18,1,39,11,0,0,6,0,0,0,0,0,0,0,0,0,0,0,0,0,121,6,0,0,19,1,464,94,183,5,43,0,1,0,1673,44,543,55,857,6,2155,25,0,5,2233,0,296,1,45,4,629,11,934,3,73,3,1119,2,292,166,12,0,28,0,260,7,38,2,0,0,41,3,515,12,36,0,2202,15,11,0,278,6,10,0,7,0,11,1,0,0,2,0,3,0,3,6,7,2,9,1,0,0,0,1,0,0,0,1,2,0,5,0,13,0,18,1,103,10,5,0,1,0,21,2,6,0,89,0,89,1,47,0,180,4,11,0,37,0,0,0,0,0,3,0,0,0,1,0,4,0,0,0,1,0,0,0,3,2
0,218,0,8,0,108,0,1,0,2,0,0,0,3,0,5,0,0,0,0,0,0,0,0,0,0,0,0,0,0,0,0,3,18,0,0,0,5,3,21,17,5,1,5,0,0,47,1078,34,1255,2,202,4,2906,5,0,3,1630,0,210,0,74,7,233,7,139,4,124,0,2541,12,177,1,0,3,3,3,53,0,9,0,0,2,13,9,205,0,12,8,3240,0,0,1,270,1,0,0,2,1,0,0,0,0,0,0,0,0,0,0,0,1,1,0,0,0,0,0,0,0,0,0,0,0,1,0,1,0,9,1,18,0,1,0,0,1,1,0,0,3,4,2,1,0,2,3,7,1,0,2,2,0,0,0,0,0,1,0,0,0,0,0,0,0,1,0,0,0,0,1,0
0,0,0,0,0,0,1,0,0,0,0,0,1,0,1,0,0,0,0,0,0,0,0,0,0,0,0,0,0,0,0,0,33,0,0,0,1,0,66,27,136,6,38,0,1,0,727,22,65,20,1613,1,103,9,2233,3,0,0,985,0,1,0,5,0,3,0,1,0,5,0,79,57,0,0,6,0,80,1,11,0,0,0,13,1,65,6,20,3,239,4,8,0,550,2,4,0,1,0,2,1,0,0,0,0,1,1,2,1,0,0,2,2,0,0,0,0,0,0,0,0,1,0,0,0,3,0,4,0,11,1,0,0,0,0,0,1,1,0,48,0,27,0,7,1,43,0,0,0,2,0,0,0,0,0,0,0,0,0,0,0,0,0,2,0,1,0,0,0,0,0
0,1,0,0,0,0,0,0,0,0,0,1,0,0,0,0,0,0,0,0,0,0,0,0,0,0,0,0,0,0,0,0,0,5,0,0,0,0,1,2,4,7,0,13,0,1,12,527,14,260,2,560,0,221,0,1630,0,0,0,1031,0,0,1,0,0,0,0,0,0,2,0,11,0,0,0,0,0,17,0,2,0,0,0,0,0,53,0,11,0,605,0,4,0,1162,0,0,0,0,0,0,0,0,0,0,0,0,0,0,0,0,0,0,0,0,0,0,0,0,0,0,0,0,0,0,0,0,0,0,0,1,0,0,0,0,0,1,0,0,0,1,0,0,0,0,0,0,0,0,0,0,0,0,0,0,0,0,0,0,0,0,0,0,0,0,0,0,0,0,0,0
1,0,2,0,0,0,0,0,0,0,0,0,1,0,0,0,1,0,0,0,1,1,1,0,0,0,0,0,1,0,0,0,12,0,0,0,1,0,8,1,550,0,986,0,123,0,100,5,9,2,1375,0,16,1,296,0,985,0,0,0,0,0,1,0,0,0,1,0,0,0,27,2,0,0,1,0,48,0,6,0,0,0,1,0,3,0,111,0,148,0,520,0,3460,0,5,0,5,0,1,0,4,0,151,0,0,0,1,0,4,0,0,0,0,0,0,0,0,0,0,0,0,0,0,0,1,0,0,0,1,0,0,0,0,0,0,0,0,0,10,0,0,0,1,0,2,0,0,0,1,0,0,0,0,0,0,0,1,0,0,0,0,0,0,0,0,0,1,0,0,0
0,0,0,4,0,3,0,3,0,2,0,5,0,2,0,1,0,0,1,0,0,0,0,1,0,0,0,0,0,1,0,0,0,32,0,0,0,1,2,5,1,419,0,1765,0,117,12,207,5,49,1,2016,0,34,1,210,0,1031,0,0,0,1,1,1,0,1,0,0,0,2,1,41,0,0,0,0,1,48,1,4,0,0,0,0,1,77,0,58,1,600,1,538,0,3518,1,441,0,9,0,10,0,24,1,379,0,0,0,3,0,3,0,2,0,0,1,0,0,0,0,0,0,0,0,0,0,0,0,1,0,2,0,0,0,0,0,0,0,0,0,4,0,0,0,0,0,4,0,0,0,1,0,0,0,0,1,0,0,2,0,0,0,0,0,0,0,0,0,0,0,0
3846,42,65,6,79,5,314,0,80,1,0,0,711,0,94,24,0,0,5,0,0,0,0,0,0,0,0,0,0,0,0,0,314,1,0,0,130,37,26,9,55,1,8,0,0,0,1,0,1,1,1,0,2,1,45,0,1,0,0,0,0,68,927,17,1239,3,761,18,245,2,393,32,670,12,341,6,1211,5,79,2,0,0,9,4,144,19,1,0,111,2,1,0,2,0,13,3,12,1,61,3,7,4,3,1,7,1,17,6,15,9,14,5,3,1,0,1,0,1,0,1,2,0,17,0,20,0,230,1,918,11,188,2,2,0,141,8,16,0,2,0,12,0,7,0,294,2,153,1,44,0,0,0,0,0,4,0,0,0,3,0,9,0,8,2,4,0,1,1,7,9
26,3817,0,68,5,127,5,96,3,52,0,2,4,617,13,89,0,0,0,1,0,0,0,0,0,0,0,0,0,0,0,0,0,405,0,0,7,244,3,5,1,47,1,2,0,1,0,1,0,16,0,7,0,65,4,74,0,0,0,1,68,0,12,1806,21,815,23,2033,1,267,34,479,59,216,12,150,15,725,3,182,0,0,3,19,16,69,0,0,1,24,0,0,0,0,17,4,20,7,8,44,3,1,4,0,6,4,2,5,9,16,9,4,22,10,1,1,1,0,2,6,0,0,0,3,1,1,1,220,13,714,0,89,0,0,5,43,0,12,0,5,1,9,0,4,11,243,1,93,4,40,0,0,0,0,1,0,0,0,1,1,0,2,1,34,2,1,0,10,15,6
307,6,186,1,36,1,9,0,19,2,0,0,26,0,220,10,0,0,10,1,0,0,0,0,0,0,0,0,0,0,0,0,56,5,0,0,204,9,309,78,35,2,8,1,0,0,13,6,62,10,1,0,599,4,629,7,5,1,1,1,927,12,0,17,2444,6,118,30,447,7,2575,44,274,4,71,1,109,12,15,4,0,0,20,4,143,40,0,1,135,16,0,0,9,3,4,0,7,0,16,2,1,1,3,0,5,1,6,1,3,2,4,0,0,1,0,0,0,0,0,0,4,0,9,0,11,0,17,1,174,15,16,0,0,0,16,1,2,0,6,1,23,0,14,1,125,9,46,4,22,1,0,0,1,0,9,1,0,0,0,0,1,0,6,0,0,1,1,0,0,0
7,391,2,69,1,58,2,2,0,7,0,0,1,4,3,41,0,0,0,0,0,0,0,0,0,0,0,0,0,0,0,0,2,77,0,0,1,136,5,15,1,10,0,0,0,0,2,0,0,102,0,3,1,648,11,233,0,0,0,1,17,1806,17,0,28,1255,18,573,2,957,13,1591,4,8,7,16,9,84,1,10,0,0,1,33,16,52,0,1,5,32,0,0,0,1,3,1,3,0,2,7,0,1,0,1,0,0,2,3,0,1,2,0,6,1,1,0,0,0,0,0,0,0,0,0,0,1,0,16,5,152,0,11,0,0,2,1,0,1,0,3,2,7,0,1,9,44,2,10,4,10,0,0,0,0,0,0,0,0,0,0,0,0,0,4,0,0,0,2,2,1
286,9,59,0,126,2,20,0,24,2,0,0,18,3,22,2,0,0,5,1,0,0,0,0,0,0,0,0,0,0,0,0,30,8,0,0,30,2,195,46,19,3,1,0,0,0,6,1,13,7,2,0,118,6,934,7,3,0,0,0,1239,21,2444,28,0,13,1495,25,2266,5,104,70,23,0,45,2,95,11,17,4,0,0,18,13,236,43,3,1,190,10,0,0,4,1,0,0,5,0,11,1,0,0,1,0,1,1,3,1,2,2,3,0,0,0,1,0,0,0,0,3,1,0,7,0,3,0,14,1,96,21,9,0,0,0,12,2,0,0,1,4,11,4,9,1,84,8,22,1,18,3,0,0,0,0,5,0,0,0,1,0,0,1,1,3,0,0,0,0,0,2
2,213,0,9,0,58,0,8,1,6,0,0,2,2,0,4,0,0,0,0,0,0,0,0,0,0,0,0,0,0,0,0,1,16,0,0,0,19,5,10,1,4,0,0,0,0,1,0,0,7,0,0,1,71,3,139,0,0,0,1,3,815,6,1255,13,0,8,1606,1,1193,7,64,2,0,4,2,3,19,0,6,0,0,0,3,8,40,0,0,1,28,0,0,0,1,0,0,1,0,0,1,0,0,0,0,0,0,1,0,0,0,0,0,0,0,0,0,0,0,0,0,0,0,0,0,0,0,1,4,3,13,0,0,0,0,0,1,0,0,1,0,2,0,0,0,5,2,0,1,0,0,0,0,0,0,0,0,0,0,0,0,0,0,0,3,0,1,0,0,0,0
415,3,34,1,223,3,291,1,252,1,0,0,154,0,24,2,0,0,3,1,0,0,0,0,0,0,0,0,0,0,0,0,183,5,0,0,17,6,114,25,14,1,3,0,0,0,3,2,4,3,1,0,12,6,73,4,1,0,1,0,761,23,118,18,1495,8,0,29,241,3,55,30,10,0,52,1,189,13,13,2,0,0,43,1,1310,33,0,1,214,7,0,0,0,1,3,0,4,2,15,4,1,1,2,0,0,0,8,1,2,1,2,2,2,0,1,0,0,0,0,3,0,0,4,0,8,0,17,0,166,11,14,0,0,0,13,2,4,0,2,0,23,1,4,1,85,8,40,7,27,2,0,0,1,0,3,1,0,0,0,0,3,0,0,0,1,0,0,0,0,0
12,327,3,41,9,281,1,336,2,360,0,2,3,842,5,36,0,0,6,1,0,0,0,0,0,0,0,0,0,1,0,0,3,413,0,0,3,99,8,24,2,13,0,0,0,0,0,2,3,19,0,5,0,76,3,124,0,0,0,0,18,2033,30,573,25,1606,29,0,2,910,21,176,3,2,14,22,10,234,1,29,0,0,0,114,19,1570,0,4,2,346,0,0,0,2,3,2,1,1,2,2,2,0,1,0,2,0,1,0,2,0,0,0,1,1,1,0,0,0,1,0,0,0,0,0,0,0,0,16,9,105,1,5,0,0,3,4,1,2,1,1,1,6,1,1,11,30,2,12,5,8,0,0,0,0,2,1,0,0,0,0,0,0,0,4,0,0,0,0,0,0
280,7,61,0,110,3,12,1,8,0,0,0,7,0,31,6,0,0,4,1,0,0,0,0,0,0,0,0,0,0,0,0,13,0,0,0,18,1,87,18,9,0,1,0,0,0,2,2,0,0,0,0,25,3,1119,0,5,0,0,0,245,1,447,2,2266,1,241,2,0,1,58,17,7,0,13,0,67,2,9,0,0,0,3,2,159,5,3,0,1045,2,1,0,12,0,2,0,0,0,4,0,1,0,1,0,1,0,3,0,1,1,0,1,0,0,0,0,0,0,0,0,0,0,1,0,2,0,10,0,18,1,5,0,0,0,9,1,2,0,3,0,6,0,3,0,12,3,7,1,6,0,0,0,0,0,2,1,0,0,0,0,2,1,0,1,0,0,0,0,0,0
3,423,1,23,0,253,0,30,2,49,0,0,1,2,0,12,0,0,2,1,0,0,0,0,0,0,0,0,0,0,0,0,1,12,0,0,1,8,1,14,0,0,0,0,0,0,2,15,0,55,0,4,4,648,2,2541,0,2,0,2,2,267,7,957,5,1193,3,910,1,0,3,152,2,0,1,4,3,22,1,6,0,0,1,4,13,883,0,2,3,1305,0,0,1,10,0,1,1,1,0,2,0,0,0,0,0,0,1,0,1,1,1,0,2,0,0,0,0,0,0,0,0,0,1,0,0,0,1,7,2,12,1,1,0,0,0,2,0,1,1,0,2,1,3,0,5,4,0,5,3,2,0,0,0,0,4,2,0,0,0,0,0,1,1,0,0,0,0,0,1,2
162,22,202,7,42,5,22,2,34,3,0,1,6,1,670,33,2,0,36,1,0,1,0,0,1,0,0,0,0,0,0,0,26,2,0,0,3848,48,3552,167,395,13,97,0,0,0,1460,111,719,155,909,6,637,20,292,12,79,0,27,1,393,34,2575,13,104,7,55,21,58,3,0,346,1191,6,115,5,111,11,12,0,0,0,5,5,75,21,1,5,78,9,0,0,11,4,3,0,5,0,11,2,1,0,0,0,1,0,6,3,5,2,2,0,0,0,0,0,0,0,0,2,5,0,7,0,7,0,33,0,209,10,34,0,0,0,24,3,5,0,8,0,13,3,5,0,98,8,41,0,22,0,5,0,19,0,99,5,1,0,1,0,1,0,1,0,1,0,0,1,2,1
26,540,5,350,11,206,5,7,3,11,0,0,5,3,10,548,0,0,2,10,0,0,0,0,0,0,0,0,0,0,0,0,18,89,0,0,12,2525,93,3374,194,792,6,139,0,2,270,1503,123,1872,54,417,84,972,166,177,57,11,2,41,32,479,44,1591,70,64,30,176,17,152,346,0,21,245,8,53,28,119,6,16,0,0,11,61,78,205,0,13,69,145,3,7,12,35,6,4,6,1,8,12,2,1,2,1,5,2,4,5,2,5,4,3,4,5,0,0,0,0,0,3,0,0,1,0,0,2,1,30,22,231,0,15,0,0,4,5,1,0,16,10,21,7,9,5,28,117,6,21,8,25,0,0,0,1,7,11,0,0,3,0,0,0,1,10,0,0,0,1,1,0
960,191,75,17,65,7,28,1,13,4,0,0,9,0,619,110,0,0,1,0,0,0,0,0,0,0,0,0,0,0,0,0,23,1,0,0,1211,146,0,1,16,1,2,0,0,0,0,0,0,0,0,0,9,0,12,1,0,0,0,0,670,59,274,4,23,2,10,3,7,2,1191,21,0,19,213,12,248,7,43,4,0,0,1,0,2,0,0,0,9,0,0,0,0,0,9,2,2,1,26,4,4,0,2,0,2,1,6,2,7,5,3,3,5,1,0,1,0,0,0,1,0,0,4,0,8,1,162,10,327,11,94,2,0,0,84,4,16,1,0,0,2,0,1,0,127,10,63,2,19,0,0,0,0,0,1,1,0,0,0,0,16,0,9,1,1,1,0,2,5,4
3,184,2,77,0,17,0,0,0,1,0,0,0,0,3,144,0,0,0,0,0,0,0,0,0,0,0,0,0,0,0,0,0,9,0,0,8,446,0,1,0,4,0,0,0,0,0,0,0,0,0,0,0,0,0,0,0,0,0,0,12,216,4,8,0,0,0,2,0,0,6,245,19,0,1,15,2,17,1,8,0,0,0,0,0,0,0,0,1,1,0,0,0,0,2,0,1,1,0,2,0,0,0,0,0,0,2,1,0,0,0,0,4,0,0,0,0,0,0,2,0,0,0,1,0,0,0,19,1,69,1,9,0,0,0,6,0,0,0,0,1,1,0,0,2,22,0,6,0,2,0,0,0,0,0,0,0,0,0,0,0,0,0,2,0,0,0,0,1,0
355,13,276,116,741,65,181,9,557,9,124,4,20,0,173,18,70,17,242,76,208,78,97,74,7,23,3,2,51,5,15,0,149,2,0,0,93,33,32,7,28,0,1,1,3,0,2,0,3,0,2,1,5,1,28,3,6,0,1,0,341,12,71,7,45,4,52,14,13,1,115,8,213,1,0,665,1841,19,215,2,0,0,9,3,20,6,26,3,13,1,9,0,4,2,6,1,5,2,38,2,2,0,1,0,3,2,4,2,9,3,3,4,6,0,0,2,0,0,0,2,34,2,63,1,285,0,770,0,493,9,211,0,7,0,769,105,111,0,13,1,11,1,16,1,748,1,157,1,53,1,55,4,76,24,155,53,97,69,3,0,10,0,5,2,7,1,2,1,11,4
7,278,97,676,116,889,6,114,13,724,22,326,0,10,34,211,20,79,229,293,58,87,36,80,2,17,0,27,10,103,5,17,22,74,0,0,23,186,2,5,1,85,1,0,0,9,0,0,1,2,0,2,0,1,0,3,0,0,0,0,6,150,1,16,2,2,1,22,0,4,5,53,12,15,665,0,92,1127,13,299,0,0,0,1,3,7,3,13,0,7,1,4,0,2,8,0,5,2,10,11,0,0,1,1,3,2,3,5,5,5,1,1,43,8,1,0,0,0,2,9,0,15,0,46,7,254,14,856,3,409,1,124,1,0,0,790,1,191,0,7,0,2,0,7,2,982,1,115,0,80,15,10,94,27,76,163,16,129,1,1,1,0,0,11,1,18,1,4,23,11
991,21,789,126,641,112,448,8,873,15,478,4,258,1,648,67,48,2,539,115,41,9,42,6,7,1,7,0,123,1,33,0,1371,8,0,0,96,80,34,17,627,6,36,4,215,2,14,3,14,9,50,3,33,8,260,3,80,0,48,1,1211,15,109,9,95,3,189,10,67,3,111,28,248,2,1841,92,0,32,1894,19,0,0,32,2,267,14,582,0,399,8,396,3,233,3,25,5,15,5,84,24,15,4,8,2,3,4,27,13,23,14,24,12,18,7,2,2,2,0,0,8,6,1,10,2,292,2,326,2,242,4,106,2,20,0,325,38,62,0,145,1,45,0,39,1,198,3,33,2,18,0,12,0,25,39,159,78,436,3,11,0,19,3,43,5,17,3,3,6,17,12
13,774,14,1039,25,577,4,593,4,662,2,597,0,497,10,249,5,66,47,302,3,52,10,118,3,61,0,49,5,166,0,48,9,2916,0,0,12,122,9,8,8,666,4,21,0,346,6,44,3,51,3,80,4,36,7,53,1,17,0,48,5,725,12,84,11,19,13,234,2,22,11,119,7,17,19,1127,32,0,12,1681,0,0,3,40,15,306,2,799,15,224,0,197,1,134,34,9,22,10,38,40,9,6,4,2,8,2,14,17,20,26,18,10,103,16,6,0,0,0,4,21,0,0,0,2,7,175,6,303,6,155,1,41,0,0,4,231,0,54,0,133,1,21,0,34,9,145,0,18,1,8,3,8,27,12,21,109,24,533,3,8,0,3,10,66,0,62,2,19,69,27
96,3,63,4,36,8,25,1,36,1,22,0,6,0,60,11,1,0,33,4,1,1,1,0,0,0,0,0,4,0,1,0,21,0,0,0,14,10,5,5,211,2,4,7,37,0,1,1,0,2,3,0,4,0,38,0,11,0,6,1,79,3,15,1,17,0,13,1,9,1,12,6,43,1,215,13,1894,12,0,16,0,0,8,1,29,5,11,0,15,0,17,0,15,4,41,21,30,17,137,42,24,11,12,4,6,7,22,22,35,25,35,37,13,9,6,3,1,1,0,7,2,2,3,0,304,0,33,0,55,1,44,0,61,0,150,42,8,0,44,1,35,1,7,0,31,2,3,0,0,0,0,0,1,1,18,1,33,0,18,2,34,0,310,7,80,4,1,7,12,34
3,209,5,106,2,67,0,22,1,45,0,19,1,44,4,58,0,1,7,35,1,1,0,1,0,0,0,0,0,1,0,0,1,45,0,0,1,30,0,0,6,367,7,10,0,65,1,5,1,4,1,8,0,3,2,9,0,2,0,4,2,182,4,10,4,6,2,29,0,6,0,16,4,8,2,299,19,1681,16,0,0,0,0,6,1,24,0,28,2,12,0,12,0,8,80,12,48,17,51,58,15,6,15,4,21,2,47,24,31,30,54,13,86,18,3,6,1,1,4,11,0,5,0,0,0,283,4,46,3,83,1,22,1,0,2,255,0,23,4,177,1,24,0,16,0,39,1,4,0,1,0,0,4,1,2,12,7,123,8,19,4,19,9,249,7,135,10,30,39,41
0,0,0,0,0,0,0,0,0,0,0,0,0,0,0,0,0,0,0,0,0,0,0,0,0,0,0,0,0,0,0,0,0,0,0,0,0,0,0,0,0,0,0,0,0,0,0,0,0,0,0,0,0,0,0,0,0,0,0,0,0,0,0,0,0,0,0,0,0,0,0,0,0,0,0,0,0,0,0,0,0,0,0,0,0,0,0,0,0,0,0,0,0,0,0,0,0,0,0,0,0,0,0,0,0,0,0,0,0,0,0,0,0,0,0,0,0,0,0,0,0,0,0,0,0,0,0,0,0,0,0,0,0,0,0,0,0,0,0,0,0,0,0,0,0,0,0,0,0,0,0,0,0,0,0,0,0,0,0,0,0,0,0,0,0,0,0,0,0,0
0,0,0,0,0,0,0,0,0,0,0,0,0,0,0,0,0,0,0,0,0,0,0,0,0,0,0,0,0,0,0,0,0,0,0,0,0,0,0,0,0,0,0,0,0,0,0,0,0,0,0,0,0,0,0,0,0,0,0,0,0,0,0,0,0,0,0,0,0,0,0,0,0,0,0,0,0,0,0,0,0,0,0,0,0,0,0,0,0,0,0,0,0,0,0,0,0,0,0,0,0,0,0,0,0,0,0,0,0,0,0,0,0,0,0,0,0,0,0,0,0,0,0,0,0,0,0,0,0,0,0,0,0,0,0,0,0,0,0,0,0,0,0,0,0,0,0,0,0,0,0,0,0,0,0,0,0,0,0,0,0,0,0,0,0,0,0,0,0,0
11,0,0,0,4,0,5,0,10,0,0,0,266,0,2,0,0,0,1,0,0,0,0,0,0,0,0,0,0,0,0,0,141,0,0,0,2,0,18,12,16,1,2,0,0,0,2,1,1,2,5,0,9,2,41,2,13,0,1,0,9,3,20,1,18,0,43,0,3,1,5,11,1,0,9,0,32,3,8,0,0,0,0,1,272,5,0,0,29,1,1,0,0,0,1,0,1,0,2,1,0,1,1,0,0,0,0,0,1,1,1,0,0,0,0,0,0,0,0,0,3,0,2,0,7,0,2,0,20,1,1,0,0,0,10,0,3,1,42,0,7,0,14,0,80,0,0,0,3,1,0,0,0,0,1,0,0,0,0,0,0,0,1,0,0,0,0,0,0,0
1,4,0,0,0,7,0,3,1,1,0,0,1,66,0,1,0,0,0,0,0,0,0,0,0,0,0,0,0,0,0,0,0,128,0,0,0,10,1,13,1,4,0,1,0,0,1,4,1,15,0,4,2,20,3,13,1,0,0,0,4,19,4,33,13,3,1,114,2,4,5,61,0,0,3,1,2,40,1,6,0,0,1,0,8,473,0,26,3,6,0,0,0,0,0,1,2,0,0,2,0,0,0,0,0,0,0,3,0,0,0,0,0,0,0,0,0,0,0,0,0,0,1,1,0,0,0,2,6,27,1,0,0,0,0,0,0,0,1,11,2,4,1,4,1,20,0,6,0,3,0,0,0,0,0,0,0,0,0,0,0,1,0,4,0,0,0,0,0,0
224,3,34,0,188,2,96,0,235,2,1,0,196,1,14,0,0,0,3,1,0,0,0,0,0,0,0,0,0,0,0,0,337,4,0,0,13,6,181,51,42,5,10,0,1,0,30,1,18,13,31,2,87,11,515,9,65,0,3,1,144,16,143,16,236,8,1310,19,159,13,75,78,2,0,20,3,267,15,29,1,0,0,272,8,0,30,883,2,3161,22,14,0,56,3,3,1,2,2,8,1,3,0,0,0,1,0,5,0,1,2,0,0,0,1,0,0,0,0,1,0,2,0,2,0,5,0,11,0,55,13,2,1,0,0,12,2,2,0,38,2,31,1,24,0,79,11,6,0,17,1,0,0,0,0,1,1,0,0,0,0,1,0,2,2,0,0,0,1,1,0
14,69,1,12,3,124,1,91,1,138,0,1,5,209,2,13,0,0,1,2,0,0,0,1,0,0,0,0,0,0,0,0,3,455,0,0,1,35,23,59,23,168,1,7,0,0,19,286,11,178,6,431,9,112,12,205,6,53,0,77,19,69,40,52,43,40,33,1570,5,883,21,205,0,0,6,7,14,306,5,24,0,0,5,473,30,0,1,1886,18,3299,1,17,3,76,1,1,0,2,1,3,1,2,1,1,0,1,0,2,0,3,2,0,0,1,0,0,0,0,0,0,1,0,0,0,1,1,1,8,13,62,0,0,0,0,2,4,1,1,5,25,4,16,3,9,28,34,2,2,2,13,0,0,0,0,0,5,0,0,0,0,0,0,0,8,0,0,0,0,1,0
4,0,85,9,41,6,9,0,12,1,128,1,5,0,2,1,18,2,39,8,47,2,48,0,11,0,9,0,180,0,17,0,252,0,0,0,3,0,7,0,193,0,98,0,699,0,6,0,1,1,6,0,2,1,36,0,20,0,111,0,1,0,0,0,3,0,0,0,3,0,1,0,0,0,26,3,582,2,11,0,0,0,0,0,883,1,0,0,683,0,837,0,289,0,0,0,0,0,1,0,2,0,0,0,0,0,0,0,0,0,0,0,0,0,0,0,0,0,0,0,0,0,0,0,2,0,0,0,2,0,0,0,0,0,2,0,0,0,12,0,1,0,2,0,2,1,0,0,0,0,6,0,2,3,0,2,23,0,0,0,1,0,0,0,0,0,0,0,0,0
1,0,0,37,0,31,0,1,0,30,0,97,0,29,0,1,2,88,0,7,0,5,0,61,0,41,0,35,0,56,0,7,0,679,0,0,0,0,0,2,2,417,0,217,0,711,4,25,0,11,0,68,1,6,0,12,3,11,0,58,0,0,1,1,1,0,1,4,0,2,5,13,0,0,3,13,0,799,0,28,0,0,0,26,2,1886,0,0,1,253,0,1188,1,164,0,0,0,1,0,0,0,0,0,0,0,0,0,0,0,1,0,0,0,0,0,0,0,0,0,0,0,0,0,0,0,0,0,0,1,8,0,0,0,0,0,2,0,0,0,27,1,2,0,8,2,11,0,0,0,1,1,0,1,0,0,3,3,14,0,0,0,0,0,1,0,1,0,0,0,0
259,5,69,2,209,0,22,0,29,2,2,0,3,1,22,5,0,0,6,0,1,0,0,0,0,0,0,0,0,0,0,0,92,0,0,0,9,1,248,96,152,3,9,1,20,0,55,16,28,32,102,7,119,21,2202,8,239,0,148,1,111,1,135,5,190,1,214,2,1045,3,78,69,9,1,13,0,399,15,15,2,0,0,29,3,3161,18,683,1,0,18,287,0,4684,11,1,0,0,0,4,1,1,0,1,0,1,0,1,1,0,0,1,0,0,0,1,0,0,0,0,0,0,0,1,0,2,0,10,0,24,4,7,1,0,0,4,0,1,0,24,0,22,0,10,0,47,2,3,0,3,0,0,0,0,0,3,2,2,0,0,0,2,0,1,0,0,0,0,0,0,0
2,78,1,22,2,89,0,29,0,72,0,25,0,3,1,7,0,0,0,5,0,0,0,0,0,4,0,0,0,6,0,1,5,253,0,0,0,7,20,31,24,822,1,69,1,12,37,661,16,403,11,653,5,385,15,3240,4,605,0,600,2,24,16,32,10,28,7,346,2,1305,9,145,0,1,1,7,8,224,0,12,0,0,1,6,22,3299,0,253,18,0,1,728,0,4516,1,0,0,0,0,0,0,0,0,0,0,0,0,1,1,0,0,0,1,0,0,0,0,0,0,0,0,0,0,0,0,2,1,6,6,10,0,0,0,0,2,2,1,0,5,16,3,4,0,7,8,10,1,0,1,1,0,0,1,0,0,1,1,3,0,1,0,0,0,0,0,0,0,1,0,0
1,0,12,1,6,2,0,0,3,0,7,0,0,0,0,0,14,0,13,1,15,3,17,2,4,0,2,0,12,0,1,0,79,0,0,0,5,1,0,0,186,0,2,0,217,0,1,0,0,2,3,0,0,0,11,0,8,0,520,1,1,0,0,0,0,0,0,0,1,0,0,3,0,0,9,1,396,0,17,0,0,0,1,0,14,1,837,0,287,1,0,0,2178,0,0,0,0,0,1,0,0,0,0,0,0,0,0,0,0,1,0,0,0,0,0,0,0,0,0,0,0,0,0,0,4,0,0,0,1,0,0,0,0,0,2,0,0,0,4,0,2,0,1,0,4,0,0,0,0,0,1,0,4,1,1,1,20,0,0,0,0,0,1,0,0,0,0,0,0,0
0,0,0,11,0,8,0,0,0,5,0,20,0,0,0,1,0,7,0,3,0,1,0,17,0,5,0,4,0,13,0,4,0,43,0,0,0,0,0,0,0,346,0,168,0,587,0,1,0,1,0,11,0,0,0,0,0,4,0,538,0,0,0,0,0,0,0,0,0,0,0,7,0,0,0,4,3,197,0,12,0,0,0,0,0,17,0,1188,0,728,0,0,0,2125,0,0,0,0,0,1,0,0,0,0,0,0,0,0,0,0,0,0,0,0,0,0,0,0,0,0,0,0,0,0,0,1,0,0,0,0,0,0,0,0,0,1,0,0,0,3,0,0,0,0,0,3,0,0,0,0,0,0,0,0,0,1,4,18,0,0,0,0,0,0,0,0,0,0,0,0
6,0,4,0,6,0,1,0,3,0,0,0,0,0,1,0,2,0,0,0,3,0,4,0,0,0,0,0,1,0,1,0,20,0,0,0,0,0,23,6,363,3,24,0,95,0,23,3,3,4,84,1,13,5,278,1,550,0,3460,0,2,0,9,0,4,0,0,0,12,1,11,12,0,0,4,0,233,1,15,0,0,0,0,0,56,3,289,1,4684,0,2178,0,0,0,16,0,1,0,2,0,1,1,3,0,0,0,0,0,0,1,1,0,1,0,0,0,0,0,0,0,0,0,0,0,5,0,1,0,3,0,0,0,0,0,0,0,0,0,10,1,4,0,3,0,7,0,0,0,0,0,0,0,0,1,0,0,9,0,0,0,0,0,0,0,0,0,0,0,1,0
0,1,0,7,0,5,0,2,0,8,0,18,0,0,0,0,0,0,0,2,0,1,0,4,0,2,0,3,0,4,0,1,1,39,0,0,0,1,6,8,8,818,0,144,0,107,12,176,4,55,1,342,2,46,6,270,2,1162,0,3518,0,0,3,1,1,1,1,2,0,10,4,35,0,0,2,2,3,134,4,8,0,0,0,0,3,76,0,164,11,4516,0,2125,0,0,1,243,0,2,0,7,0,9,0,80,1,0,0,0,0,0,0,0,0,0,0,0,1,0,0,0,0,0,0,0,0,1,0,1,1,0,0,0,0,0,0,0,0,0,1,3,0,0,0,0,0,4,1,0,0,0,0,0,0,0,0,0,0,10,0,0,0,0,0,0,0,0,0,0,0,0
10,18,0,3,0,3,1,1,4,0,0,0,0,3,2,9,0,0,1,0,0,0,0,0,0,0,0,0,0,0,0,0,1,3,0,0,0,1,3,0,5,1,19,36,0,0,1,0,1,1,2,0,0,1,10,1,4,0,5,1,13,17,4,3,0,0,3,3,2,0,3,6,9,2,6,8,25,34,41,80,0,0,1,0,3,1,0,0,1,1,0,0,16,1,0,157,2566,184,450,115,1189,59,2736,58,159,27,482,193,464,105,67,45,14,21,72,93,177,23,9,16,0,0,0,0,0,0,5,1,10,4,1,0,0,0,2,0,1,0,1,2,3,3,1,0,3,1,0,0,1,0,0,0,0,0,2,0,0,0,21,1,15,0,26,26,1,0,7,7,2,14
1,5,1,0,0,0,0,0,0,0,0,0,0,0,1,5,0,0,1,0,0,0,0,0,0,0,0,0,0,0,0,0,0,1,0,0,0,2,0,0,5,0,5,51,0,0,0,0,0,0,0,206,0,1,0,0,0,0,0,441,3,4,0,1,0,0,0,2,0,1,0,4,2,0,1,0,5,9,21,12,0,0,0,1,1,1,0,0,0,0,0,0,0,243,157,0,110,7728,20,729,57,1357,41,5105,54,344,85,860,52,344,42,111,24,17,115,54,122,16,38,6,0,0,0,0,0,0,2,0,1,2,0,0,0,0,0,0,0,0,0,5,0,1,0,0,0,0,0,0,0,0,0,0,0,0,0,0,0,0,3,4,0,1,11,13,2,0,1,1,0,1
6,9,4,1,1,1,2,2,1,0,0,0,0,1,2,4,0,0,0,0,0,0,0,0,0,0,0,0,0,0,0,0,1,1,0,0,1,3,2,1,11,3,16,32,0,0,2,0,0,1,0,1,0,1,7,0,1,0,5,0,12,20,7,3,5,1,4,1,0,1,5,6,2,1,5,5,15,22,30,48,0,0,1,2,2,0,0,0,0,0,0,0,1,0,2566,110,0,149,439,92,832,73,742,46,3384,36,1298,183,663,94,74,73,13,24,89,77,278,169,21,19,0,0,0,0,7,0,10,2,19,2,5,0,1,0,5,0,0,0,2,0,4,2,1,0,2,0,0,0,0,0,0,0,0,0,0,0,0,0,14,0,9,0,22,22,8,6,7,4,4,10
1,5,1,2,0,0,0,0,0,0,0,0,0,0,0,2,0,0,0,0,0,0,0,0,0,0,0,0,0,0,0,0,0,3,0,0,0,1,1,1,1,6,7,45,0,0,0,2,0,1,0,2,2,0,0,2,0,0,0,9,1,7,0,0,0,0,2,1,0,1,0,1,1,1,2,2,5,10,17,17,0,0,0,0,2,2,0,1,0,0,0,0,0,2,184,7728,149,0,27,526,106,684,58,699,40,1907,117,1511,65,427,46,64,62,42,234,130,360,103,62,11,0,0,0,0,0,0,0,1,1,6,0,1,0,0,0,0,0,0,0,1,0,2,0,0,1,1,0,0,1,0,0,0,0,0,0,0,0,0,6,5,0,2,9,16,0,1,2,0,1,3
41,15,17,7,6,2,2,1,8,3,0,0,1,1,23,11,0,0,11,0,0,0,0,0,0,0,0,0,0,0,0,0,6,0,0,0,6,3,7,1,25,1,28,5,0,2,1,0,0,0,28,0,6,0,11,1,2,0,1,0,61,8,16,2,11,0,15,2,4,0,11,8,26,0,38,10,84,38,137,51,0,0,2,0,8,1,1,0,4,0,1,0,2,0,450,20,439,27,0,51,625,40,429,21,118,6,256,37,898,68,50,25,95,225,85,34,25,34,18,125,0,0,2,0,68,2,159,22,206,24,71,3,15,0,128,9,21,0,5,2,12,3,7,0,50,1,25,0,16,1,0,0,0,0,1,1,0,0,43,0,35,1,36,9,59,49,8,14,136,30
5,28,1,12,0,2,1,2,0,0,0,0,0,2,4,15,0,0,1,0,0,0,0,0,0,0,0,0,0,0,0,0,0,1,0,0,3,11,1,1,1,8,23,59,0,0,0,2,0,2,0,177,1,1,1,0,1,0,0,10,3,44,2,7,1,1,4,2,0,2,2,12,4,2,2,11,24,40,42,58,0,0,1,2,1,3,0,0,1,0,0,1,0,7,115,729,92,526,51,0,78,686,41,276,25,114,79,547,67,912,61,53,30,90,171,28,13,12,129,43,0,0,0,0,1,1,2,13,4,46,2,3,1,0,0,9,0,0,4,6,3,40,0,5,0,7,0,6,0,2,0,0,0,0,1,0,0,0,23,50,5,38,35,31,26,44,5,12,28,18
3,5,0,2,3,0,2,0,2,0,0,0,0,1,2,2,0,0,0,0,0,0,0,0,0,0,0,0,0,0,0,0,0,0,0,0,1,1,1,1,3,0,7,11,0,0,0,0,0,0,112,1,0,0,0,0,0,0,4,0,7,3,1,0,0,0,1,2,1,0,1,2,4,0,2,0,15,9,24,15,0,0,0,0,3,1,2,0,1,0,0,0,1,0,1189,57,832,106,625,78,0,396,2079,84,159,15,402,111,637,101,58,31,5,200,1316,178,95,93,4,10,0,0,0,0,3,0,3,1,29,0,5,0,0,0,17,0,2,0,1,1,1,2,6,0,54,0,4,0,4,0,0,0,0,0,0,0,0,0,1,0,2,0,5,6,1,1,4,6,2,6
2,3,1,0,0,0,0,0,1,1,0,0,0,0,0,0,0,0,1,0,0,0,0,0,0,0,0,0,0,0,0,0,0,0,0,0,0,0,0,0,0,3,2,31,0,0,0,2,0,2,0,37,1,0,0,0,0,0,0,24,4,1,1,1,0,0,1,0,0,0,0,1,0,0,0,0,4,6,11,6,0,0,1,0,0,2,0,0,0,0,0,0,1,9,59,1357,73,684,40,686,396,0,29,2323,26,103,51,433,59,320,25,48,6,120,1668,205,93,35,29,2,0,0,0,0,0,1,0,0,1,3,0,0,0,0,0,0,0,0,0,2,0,2,0,0,0,1,0,0,0,0,0,0,0,0,0,0,0,0,0,1,0,2,1,7,0,1,0,0,0,0
