0,278,2647,57,1697,65,1341,31,498,14,1,0,132,10,1532,216,0,0,28,1,2,0,0,0,1,0,0,0,1,0,0,0,252,7,0,0,225,93,15,2,14,2,15,2,1,0,0,1,11,1,2,4,9,2,267,6,7,0,2,0,5007,38,247,10,857,11,527,16,449,4,144,35,1053,36,1499,101,838,34,342,12,0,0,17,0,218,4,7,0,721,5,2,0,22,3,3,5,4,1,30,14,4,0,2,1,0,0,0,5,3,4,3,4,5,1,1,2,2,1,0,2,0,0,3,1,15,1,601,34,182,11,153,5,1,1,136,27,15,0,0,1,9,0,10,1,140,34,23,5,15,6,0,0,0,0,30,4,0,0,3,5,26,2,1,0,28,2,1,2,6,3
278,0,57,3357,22,1609,35,1481,16,232,0,9,4,528,416,1040,0,0,6,8,0,0,0,0,0,1,0,0,0,0,0,2,8,68,0,0,275,308,4,12,2,18,2,6,0,2,5,19,3,50,2,23,4,145,17,348,1,11,1,11,49,4425,15,419,15,460,12,298,11,737,45,385,197,486,81,694,37,644,16,394,0,0,3,13,7,102,0,15,13,555,0,10,0,154,6,0,12,6,24,41,3,2,7,0,5,0,9,4,9,10,9,1,70,23,1,0,1,1,0,6,0,1,0,17,3,3,35,444,12,317,10,213,0,3,9,273,2,13,0,0,0,4,1,15,20,351,1,103,1,28,0,0,0,0,34,22,0,1,3,10,0,14,0,3,3,3,0,10,10,14
2647,57,0,275,6830,244,173,35,1024,76,440,10,21,6,2549,119,11,5,2521,181,129,15,44,4,147,0,390,3,253,0,115,1,637,8,0,0,85,89,12,11,27,2,7,0,1,1,5,2,13,2,11,1,38,3,262,2,16,2,8,1,156,6,90,1,95,2,64,0,109,4,149,18,170,7,1093,310,1217,51,140,10,0,0,3,2,96,4,51,2,298,2,12,0,56,2,2,2,2,1,11,5,0,1,0,1,0,0,1,3,3,3,1,0,5,3,2,0,0,0,1,0,0,0,0,3,76,5,164,8,36,6,31,2,2,0,47,15,11,2,1,0,1,0,1,0,61,27,5,4,1,0,5,4,20,26,94,139,20,2,1,2,3,0,1,0,14,1,2,2,0,3
57,3357,275,0,128,7931,18,537,56,807,6,193,2,81,237,1954,14,75,759,1769,77,226,32,144,3,103,4,209,12,87,3,34,60,151,0,0,78,463,4,73,2,43,1,12,0,28,7,20,4,78,1,26,1,92,4,150,0,6,1,21,8,159,4,135,5,35,3,113,3,98,40,852,16,94,156,1474,149,1134,34,157,0,0,2,7,1,176,4,75,13,165,0,13,1,86,5,3,2,2,20,14,3,2,2,1,2,0,3,2,7,5,2,0,32,6,0,0,0,0,0,2,1,3,0,17,17,60,26,192,3,59,6,59,0,8,8,225,2,31,0,2,0,2,0,2,15,335,0,40,1,15,21,40,152,161,156,435,8,68,1,5,0,5,0,15,3,7,3,3,7,6
1697,22,6830,128,0,159,606,37,2538,102,248,3,45,3,863,90,4,0,595,75,5,2,7,1,38,0,47,0,184,0,173,0,302,8,0,0,33,74,15,8,18,4,6,0,1,0,5,6,7,4,5,2,18,1,206,2,5,0,6,0,59,5,39,2,193,7,260,8,198,4,73,14,19,4,1329,252,539,40,124,7,0,0,4,1,346,3,31,0,743,7,6,0,68,4,0,0,2,3,16,4,0,0,2,0,2,1,0,4,1,2,1,2,4,0,0,0,0,0,0,1,0,1,0,2,103,5,148,19,27,6,18,3,0,0,70,21,16,0,0,0,9,1,7,1,72,30,9,4,7,0,1,0,3,4,32,115,5,1,1,1,1,1,0,0,9,2,0,0,3,1
65,1609,244,7931,159,0,21,1338,109,2588,6,504,0,125,359,601,1,46,627,381,19,21,5,42,0,118,0,589,5,151,2,60,59,291,0,0,96,189,9,41,0,40,0,8,0,16,5,11,0,31,1,15,3,50,16,131,0,6,0,17,7,138,5,56,6,76,4,337,4,245,46,173,12,18,116,1892,155,762,45,64,0,0,2,14,6,420,0,80,12,712,0,34,1,257,0,1,3,0,5,9,0,2,0,0,1,0,1,2,1,0,1,1,14,5,0,0,0,0,0,1,0,1,0,8,29,48,30,88,5,39,7,27,0,8,14,131,5,25,0,0,1,1,1,5,14,174,1,21,1,7,6,16,60,22,153,484,2,27,1,2,0,4,0,6,5,2,0,0,5,3
1341,35,173,18,606,21,0,19,1152,10,7,0,809,5,545,66,0,0,43,2,0,0,0,0,0,0,0,0,2,0,1,0,1727,4,0,0,44,29,3,1,2,1,1,0,1,0,0,2,1,0,0,0,2,0,21,0,0,0,0,0,450,4,18,0,89,3,510,4,15,2,48,7,60,6,616,47,522,11,118,1,0,0,14,0,135,3,7,0,38,6,0,0,4,0,1,0,1,0,5,0,1,0,0,1,1,1,1,2,1,2,1,3,2,1,0,0,0,0,0,2,1,0,0,0,8,0,132,1,40,5,20,1,0,0,37,5,10,1,0,0,4,0,3,0,57,2,3,0,5,2,0,0,0,0,18,5,0,0,1,0,0,0,0,0,4,0,0,0,0,2
31,1481,35,537,37,1338,19,0,28,1665,0,20,1,882,181,437,0,0,34,46,0,0,0,1,1,1,0,1,0,0,0,0,6,770,0,0,31,90,1,16,1,4,0,3,0,0,1,4,4,7,0,1,2,5,7,21,0,1,0,0,6,129,9,31,5,125,2,566,0,106,17,75,10,18,25,634,32,692,7,134,0,0,3,9,6,293,0,5,3,157,0,1,0,33,0,3,1,0,10,4,5,0,1,0,1,0,2,4,3,1,1,1,13,2,0,0,0,0,0,1,0,0,0,10,1,14,17,119,6,65,3,29,0,6,4,103,1,9,0,0,0,1,0,3,6,122,0,25,1,8,0,0,0,0,31,70,0,0,1,2,0,3,0,3,0,2,0,5,2,4
498,16,1024,56,2538,109,1152,28,0,43,894,1,258,4,593,60,0,0,352,28,4,1,0,1,0,0,2,0,34,0,17,0,3251,6,0,0,37,50,9,4,10,1,5,0,0,0,1,0,4,0,1,1,14,1,52,0,4,0,2,0,122,3,23,4,48,3,258,9,17,4,75,9,24,4,1295,105,998,17,157,3,0,0,22,0,396,3,7,0,110,3,0,0,11,3,2,1,2,1,8,4,1,0,0,0,0,0,4,2,2,6,1,0,2,3,0,1,0,0,0,2,0,0,2,5,109,0,100,7,32,3,22,1,1,0,85,12,20,3,0,0,2,0,2,0,72,17,4,1,2,0,1,0,0,0,32,47,0,0,3,4,3,0,0,0,16,0,0,1,2,1
14,232,76,807,102,2588,10,1665,43,0,0,860,0,205,123,330,0,1,171,162,0,1,1,3,0,5,0,31,0,12,1,83,23,1152,0,0,35,85,2,23,0,10,0,3,0,2,0,3,1,0,1,13,0,6,3,14,0,1,0,5,5,65,6,16,6,47,4,369,0,32,22,59,7,16,32,1357,49,1182,11,113,0,0,3,8,3,199,0,16,4,48,0,1,2,18,0,0,3,1,4,8,2,0,0,0,0,1,4,1,2,2,0,1,20,3,1,1,0,0,0,2,0,1,0,14,20,68,4,96,0,28,1,23,0,16,6,121,0,28,0,0,1,1,1,1,8,223,2,21,1,9,0,0,5,1,37,133,0,1,0,5,0,2,0,8,0,6,1,2,2,1
1,0,440,6,248,6,7,0,894,0,0,1,0,0,6,0,0,0,81,7,81,0,24,0,46,0,171,0,844,0,402,2,563,0,0,0,0,0,0,0,10,0,0,0,0,0,0,0,0,1,5,0,1,0,10,0,3,0,4,0,1,0,0,0,2,0,1,0,1,0,2,0,0,0,234,9,623,0,46,0,0,0,0,0,1,1,32,0,15,0,11,0,13,0,0,1,0,1,4,0,0,0,0,0,0,0,0,0,0,0,0,0,0,0,0,0,0,0,0,0,0,0,0,0,5,0,1,0,0,0,2,0,0,0,4,0,1,0,0,0,0,0,0,0,2,0,0,0,0,0,2,0,2,1,3,2,11,0,0,0,0,0,0,0,3,0,0,0,0,0
0,9,10,193,3,504,0,20,1,860,1,0,0,11,1,3,0,26,16,14,1,5,0,28,0,150,0,344,0,797,0,331,2,536,0,0,1,2,0,1,0,47,0,10,0,18,0,1,0,0,0,30,0,0,0,3,0,7,0,21,0,12,0,0,0,0,0,2,0,0,0,5,0,4,3,289,5,682,0,23,0,0,0,0,0,8,0,89,0,13,0,21,0,39,1,0,0,0,1,0,0,0,0,0,0,0,0,0,0,0,0,0,0,0,1,2,0,0,0,0,0,2,0,3,0,16,0,9,0,2,0,2,0,0,0,30,0,5,0,0,0,0,0,0,0,33,0,1,0,0,0,3,5,3,1,24,0,4,0,0,0,0,0,1,0,0,0,0,1,0
132,4,21,2,45,0,809,1,258,0,0,0,0,1,21,2,1,0,4,0,0,0,0,0,0,0,0,0,1,0,0,0,1355,6,0,0,2,1,26,1,8,3,4,0,0,0,1,5,5,8,2,0,20,2,44,6,0,0,1,0,1417,7,32,5,42,6,528,13,11,3,48,17,4,1,28,1,146,8,16,1,0,0,357,1,645,15,14,0,22,1,0,0,2,0,0,0,1,0,2,1,1,0,0,0,0,0,0,0,0,1,0,1,0,0,0,0,1,0,0,0,1,0,1,0,0,0,4,2,15,1,1,1,0,0,1,0,1,0,0,0,7,0,4,2,12,6,1,0,3,1,0,0,0,0,4,0,0,0,0,0,1,0,0,1,0,0,0,1,1,0
10,528,6,81,3,125,5,882,4,205,0,11,1,0,23,61,0,1,1,10,1,1,0,2,0,0,0,0,0,0,0,1,1,1164,0,0,17,51,1,6,1,5,0,10,0,0,0,1,0,9,0,11,3,6,2,12,0,3,0,1,12,914,7,18,6,39,1,501,4,13,26,37,24,38,5,115,4,946,3,195,0,0,2,279,3,442,0,8,0,11,0,0,0,4,0,2,4,2,4,13,0,0,0,0,0,0,2,0,1,2,1,0,18,3,0,0,0,0,0,0,0,0,0,1,0,2,6,68,1,105,0,30,0,0,1,32,0,2,0,1,0,5,2,15,2,49,0,15,0,8,0,0,0,0,4,5,0,0,1,4,0,5,0,4,0,1,0,5,1,0
1532,416,2549,237,863,359,545,181,593,123,6,1,21,23,0,856,0,0,812,25,3,0,0,0,0,0,0,0,0,0,1,0,149,21,0,0,986,418,11,2,7,1,4,2,1,0,6,1,21,6,3,4,62,6,309,8,6,1,2,0,164,22,208,6,131,7,46,13,75,24,728,50,1056,23,495,196,656,83,253,35,0,0,5,1,37,15,5,0,83,44,0,0,10,4,1,5,2,5,34,6,4,2,1,1,3,1,6,4,7,8,2,8,17,4,0,1,0,0,0,2,0,0,5,10,75,4,451,67,46,27,71,17,1,0,149,75,20,4,0,0,5,2,5,2,117,87,16,6,6,12,0,0,0,2,252,26,0,0,4,5,7,2,1,3,20,3,1,3,2,7
216,1040,119,1954,90,601,66,437,60,330,0,3,2,61,856,0,0,1,165,624,0,0,1,0,0,0,0,1,0,0,0,0,19,62,0,0,392,3764,5,121,2,17,0,5,0,1,1,5,2,26,0,32,4,14,6,17,0,1,1,0,24,129,11,41,10,12,4,27,8,22,69,1006,195,1072,94,770,68,416,26,179,0,0,0,2,7,16,0,1,14,28,0,0,1,8,4,1,8,2,24,16,0,1,4,2,2,0,4,2,5,4,2,1,22,12,4,0,0,1,0,5,0,2,0,32,13,40,72,399,8,123,13,129,0,3,27,312,2,21,0,0,0,1,2,10,14,462,3,84,2,36,0,0,2,4,272,537,1,0,0,13,0,5,0,10,3,5,0,7,19,4
0,0,11,14,4,1,0,0,0,0,0,0,1,0,0,0,0,10,34,30,259,6,357,4,49,0,8,1,44,0,0,0,23,0,0,0,10,1,2,1,31,7,4,3,117,20,0,1,0,0,5,3,0,0,4,0,2,0,23,3,0,0,0,0,0,0,0,0,0,0,3,0,0,0,22,11,137,43,0,3,0,0,0,0,0,0,97,8,11,0,77,4,32,2,0,0,0,0,0,0,0,0,0,0,0,0,0,0,0,1,0,0,1,0,0,0,0,0,0,0,1,78,0,1,0,2,1,1,0,0,0,0,0,1,2,48,0,0,0,1,0,0,0,0,25,6,0,0,0,0,326,0,97,3,190,4,552,94,0,0,0,0,0,0,0,0,0,0,0,0
0,0,5,75,0,46,0,0,0,1,0,26,0,1,0,1,10,0,39,254,77,660,39,411,5,212,0,85,5,89,0,1,5,203,0,0,2,39,2,2,1,4,0,20,0,182,0,1,0,0,0,2,0,0,0,0,0,0,0,5,0,0,0,0,1,0,0,0,0,0,1,0,0,0,12,80,4,121,0,1,0,0,0,0,0,1,4,69,1,2,0,4,0,1,0,0,0,0,0,0,0,0,0,0,0,0,0,0,0,0,0,0,0,0,0,0,0,0,0,0,0,0,0,0,0,2,0,0,0,0,0,0,0,0,0,1,0,0,0,0,0,0,0,0,0,0,0,0,0,1,5,122,42,84,12,638,9,456,0,0,0,0,0,0,0,0,0,0,0,0
28,6,2521,759,595,627,43,34,352,171,81,16,4,1,812,165,34,39,0,754,345,73,117,21,16,3,8,7,52,6,8,4,353,13,0,0,187,225,102,33,9,4,19,0,2,0,20,1,27,0,18,2,13,1,38,1,2,1,1,0,12,5,25,0,15,0,10,3,16,0,338,23,9,1,705,568,505,152,91,14,0,0,2,1,17,7,11,0,30,4,0,1,2,1,1,0,0,0,9,4,10,0,0,1,1,0,0,0,0,0,0,1,4,2,2,0,0,0,0,1,0,1,0,3,61,12,30,21,10,0,7,7,5,2,47,36,8,4,0,0,1,0,1,0,23,47,0,3,4,0,117,11,445,112,397,259,30,14,1,1,0,1,0,1,4,1,0,0,1,0
1,8,181,1769,75,381,2,46,28,162,7,14,0,10,25,624,30,254,754,0,146,1044,79,194,8,11,1,1,19,3,0,7,58,16,0,0,21,860,7,155,1,9,3,3,0,3,2,0,0,1,2,11,1,0,1,0,0,0,1,1,4,6,2,4,1,3,1,6,0,1,27,159,0,3,121,722,113,256,8,26,0,0,0,0,0,10,1,11,3,0,0,2,0,2,0,0,0,0,2,2,2,0,1,0,0,0,1,0,0,0,0,0,6,2,0,0,0,0,0,0,0,0,0,6,12,30,7,30,0,4,1,7,0,3,4,55,1,6,0,0,0,0,0,2,2,70,0,3,0,3,41,211,181,939,187,879,13,100,1,2,1,1,0,1,2,2,0,0,1,3
2,0,129,77,5,19,0,0,4,0,81,1,0,1,3,0,259,77,345,146,0,153,1123,29,165,2,22,3,133,0,2,0,76,0,0,0,8,16,15,0,12,0,5,1,4,1,4,0,2,0,7,0,1,0,2,0,3,0,1,1,0,0,0,0,0,0,0,0,0,0,10,1,0,0,320,147,132,5,1,2,0,0,0,0,1,0,42,3,5,0,9,1,21,2,0,0,0,0,1,0,1,0,0,0,0,0,0,0,0,0,0,0,0,0,0,0,0,0,0,0,0,0,0,0,1,0,1,0,0,0,0,0,0,0,0,0,0,0,0,0,0,0,0,0,1,1,0,0,0,0,167,6,200,27,26,30,109,40,1,0,0,0,0,0,0,0,0,0,0,0
0,0,15,226,2,21,0,0,1,1,0,5,0,1,0,0,6,660,73,1044,153,0,74,850,2,71,0,11,4,19,0,2,4,10,0,0,1,51,1,0,1,5,0,9,0,16,0,0,0,0,0,0,0,0,0,0,0,0,0,1,0,0,0,0,0,0,0,0,0,0,1,1,0,1,44,211,7,42,0,0,0,0,0,0,0,0,2,34,0,0,0,2,1,2,0,0,0,0,0,0,0,0,0,0,0,0,0,0,0,0,0,0,0,0,0,1,0,0,0,0,0,0,0,0,0,1,0,1,0,0,0,1,0,0,0,0,0,0,0,0,0,0,0,0,0,0,0,0,0,0,6,146,38,121,8,125,9,253,0,0,0,0,0,0,0,0,0,0,0,0
0,0,44,32,7,5,0,0,0,1,24,0,0,0,0,1,357,39,117,79,1123,74,0,63,910,2,73,1,330,0,1,0,117,0,0,0,26,5,18,1,24,0,5,0,20,0,3,0,1,0,9,0,3,0,8,0,3,0,9,0,1,0,0,0,0,0,0,0,0,0,9,1,0,0,122,53,120,2,1,1,0,0,0,0,1,0,111,2,23,0,33,1,28,0,0,0,0,0,1,0,0,0,0,0,0,0,0,0,0,0,0,0,0,0,0,0,0,0,0,0,1,0,0,0,0,0,0,0,0,0,0,0,0,0,1,0,0,0,0,0,0,0,0,0,3,0,0,0,0,0,258,0,249,5,71,12,166,15,0,0,1,0,0,0,0,0,0,0,0,0
0,0,4,144,1,42,0,1,1,3,0,28,0,2,0,0,4,411,21,194,29,850,63,0,4,566,0,114,2,43,0,3,0,31,0,0,0,18,0,1,0,5,0,19,0,25,0,0,0,0,0,0,0,0,0,0,0,0,0,3,0,0,0,0,0,0,0,1,0,0,0,0,0,0,20,105,3,79,0,1,0,0,0,0,0,1,0,79,0,1,0,4,0,2,0,0,0,0,0,0,0,0,0,0,0,0,0,0,0,0,0,0,0,0,0,0,0,0,0,0,0,0,0,0,0,0,0,3,0,0,0,0,0,1,0,1,0,1,0,0,0,0,0,1,0,0,0,0,0,0,2,13,12,9,4,75,1,313,0,0,0,0,0,0,0,0,0,0,0,0
1,0,147,3,38,0,0,1,0,0,46,0,0,0,0,0,49,5,16,8,165,2,910,4,0,0,298,0,228,0,1,0,65,0,0,0,1,0,0,0,7,0,0,0,2,0,0,0,0,0,2,0,1,0,2,0,0,0,4,0,0,0,1,0,0,0,1,0,0,0,0,0,0,0,21,3,73,1,2,0,0,0,0,0,1,0,44,0,8,0,8,1,12,0,0,0,0,0,0,0,0,0,0,0,0,0,0,0,0,0,0,0,0,0,0,0,0,0,0,0,0,0,0,0,0,0,0,0,0,0,0,0,0,0,1,0,0,0,0,0,0,0,0,0,1,0,0,0,0,0,16,0,18,2,4,1,50,1,1,0,0,0,0,0,1,0,0,0,0,0
0,1,0,103,0,118,0,1,0,5,0,150,0,0,0,0,0,212,3,11,2,71,2,566,0,0,0,521,0,235,0,3,0,93,0,0,0,0,0,0,0,2,0,14,0,25,0,0,0,0,0,0,0,1,0,0,0,0,0,4,0,0,0,0,0,0,0,1,0,0,0,2,0,0,1,24,0,71,0,3,0,0,0,0,0,0,0,98,0,1,0,5,0,6,0,0,0,0,0,1,0,0,0,0,0,0,0,0,0,0,0,0,0,0,0,0,0,0,0,0,0,0,0,1,0,7,0,1,0,0,0,0,0,1,0,9,0,2,0,0,0,0,0,0,0,5,0,0,0,0,0,1,1,1,0,3,0,18,0,0,0,0,0,0,0,0,0,0,0,0
0,0,390,4,47,0,0,0,2,0,171,0,0,0,0,0,8,0,8,1,22,0,73,0,298,0,0,0,267,0,19,0,48,0,0,0,1,0,2,0,3,0,1,0,0,0,0,0,0,0,1,0,0,0,2,0,4,0,1,0,0,0,0,0,0,0,0,0,0,0,0,0,0,0,10,1,47,0,0,0,0,0,0,0,0,0,24,0,3,0,2,0,3,0,0,0,0,0,0,0,0,0,0,0,0,0,0,0,0,0,0,0,0,0,0,0,0,0,0,0,0,0,0,0,0,0,0,0,0,0,0,0,0,0,0,0,0,0,0,0,0,0,0,0,2,0,0,0,0,0,1,0,1,0,0,1,6,0,0,0,0,0,0,0,0,0,0,0,0,0
0,0,3,209,0,589,0,1,0,31,0,344,0,0,0,1,1,85,7,1,3,11,1,114,0,521,0,0,0,625,0,17,0,85,0,0,0,1,0,0,1,14,0,24,0,20,1,0,0,0,0,9,0,0,0,0,0,3,0,16,0,0,0,0,0,0,0,0,0,1,0,2,0,0,1,109,0,207,0,3,0,0,0,0,0,2,0,157,0,13,0,27,0,16,0,0,0,0,0,0,0,0,0,0,0,0,0,0,0,0,0,0,0,0,0,0,0,0,0,0,0,0,0,0,0,2,0,0,0,0,0,0,0,0,0,3,0,0,0,0,0,0,0,0,0,1,0,0,0,0,0,4,0,4,0,1,0,26,0,0,0,0,0,1,0,0,0,0,0,0
1,0,253,12,184,5,2,0,34,0,844,0,1,0,0,0,44,5,52,19,133,4,330,2,228,0,267,0,0,0,47,0,659,0,0,0,0,0,0,0,5,0,0,0,6,1,3,0,0,0,3,0,1,0,5,0,1,0,4,0,0,0,0,0,0,0,0,0,0,0,2,1,0,0,132,10,184,1,6,0,0,0,1,0,0,0,77,1,10,0,17,0,7,0,0,0,0,0,1,0,0,0,0,0,0,0,0,0,0,0,0,0,0,0,0,0,0,0,0,0,0,0,0,0,1,0,0,0,0,0,0,0,1,0,2,0,0,0,0,0,0,0,0,0,3,0,0,0,0,0,19,0,18,1,8,3,59,3,0,0,1,0,0,0,0,0,0,0,0,0
0,0,0,87,0,151,0,0,0,12,0,797,0,0,0,0,0,89,6,3,0,19,0,43,0,235,0,625,0,0,0,73,1,458,0,0,0,0,1,0,0,24,0,15,0,15,0,3,0,0,1,6,0,1,0,2,0,4,0,18,0,0,0,0,0,0,0,0,0,0,0,0,0,0,2,69,0,218,0,5,0,0,0,0,0,10,0,131,0,10,0,19,0,25,0,0,0,0,0,0,0,1,0,0,0,0,0,0,0,0,0,0,0,0,0,0,0,0,0,0,0,0,0,0,0,2,0,1,0,0,0,0,0,0,0,3,0,0,0,0,0,0,0,0,1,1,0,1,0,0,0,0,1,0,2,2,0,8,0,0,0,0,0,0,0,0,0,0,0,0
0,0,115,3,173,2,1,0,17,1,402,0,0,0,1,0,0,0,8,0,2,0,1,0,1,0,19,0,47,0,0,0,16,0,0,0,0,0,0,0,0,0,0,0,0,0,0,0,0,0,0,0,0,0,2,0,0,0,0,0,0,0,0,0,0,0,0,0,0,0,0,1,0,0,31,0,75,0,1,0,0,0,0,0,0,0,1,0,3,0,0,0,6,0,0,0,0,0,0,0,0,0,0,0,0,0,0,0,0,0,0,0,0,0,0,0,0,0,0,0,0,0,0,0,0,0,0,0,0,0,0,0,0,0,0,0,0,0,0,0,0,0,0,0,0,0,0,0,0,0,0,0,1,0,0,0,1,0,0,0,0,0,0,0,0,0,0,0,0,0
0,2,1,34,0,60,0,0,0,83,2,331,0,1,0,0,0,1,4,7,0,2,0,3,0,3,0,17,0,73,0,0,2,18,0,0,0,0,0,0,0,5,0,1,0,0,0,0,0,0,0,1,0,0,0,0,0,0,0,2,0,1,0,0,0,0,0,1,0,0,0,0,0,0,2,65,1,76,0,5,0,0,0,0,0,2,0,5,0,0,0,1,1,6,0,0,0,0,0,0,0,0,0,0,0,0,0,0,0,0,0,0,0,0,0,0,0,0,0,0,0,0,0,0,0,6,0,0,0,0,0,0,0,0,0,4,0,3,0,0,0,0,0,0,0,6,0,0,0,0,0,0,1,0,0,3,0,3,0,0,0,0,0,0,0,0,0,0,0,0
252,8,637,60,302,59,1727,6,3251,23,563,2,1355,1,149,19,23,5,353,58,76,4,117,0,65,0,48,0,659,1,16,2,0,6,0,0,14,21,24,4,73,2,15,1,11,0,9,1,9,9,39,1,25,3,128,7,29,0,14,0,548,5,39,0,63,5,233,9,12,5,52,18,34,1,281,52,960,16,47,2,0,0,107,2,291,6,137,0,74,4,29,0,28,1,0,1,0,1,7,1,1,0,1,0,0,0,0,1,0,1,0,0,2,0,0,0,0,0,0,0,1,0,1,1,23,2,25,4,18,2,12,0,1,0,20,6,3,0,2,0,8,0,3,0,36,9,2,2,2,3,4,0,6,3,23,29,24,1,1,0,1,0,0,1,7,1,0,0,0,0
7,68,8,151,8,291,4,770,6,1152,0,536,6,1164,21,62,0,203,13,16,0,10,0,31,0,93,0,85,0,458,0,18,6,0,0,0,10,30,15,29,10,132,4,35,0,24,10,88,16,85,3,248,9,94,9,176,1,96,1,102,17,145,21,37,26,16,9,167,9,18,53,125,12,29,13,216,21,2128,1,64,0,0,9,712,12,1227,0,509,5,112,0,32,1,91,1,1,1,0,2,10,1,2,0,0,0,0,1,1,1,1,4,0,3,2,2,1,0,0,0,0,0,0,1,4,1,8,1,18,6,60,0,4,0,3,0,17,0,3,1,10,2,10,1,12,3,58,0,4,3,3,0,0,0,0,5,16,3,10,0,2,0,0,0,3,0,0,0,1,0,0
0,0,0,0,0,0,0,0,0,0,0,0,0,0,0,0,0,0,0,0,0,0,0,0,0,0,0,0,0,0,0,0,0,0,0,0,0,0,0,0,0,0,0,0,0,0,0,0,0,0,0,0,0,0,0,0,0,0,0,0,0,0,0,0,0,0,0,0,0,0,0,0,0,0,0,0,0,0,0,0,0,0,0,0,0,0,0,0,0,0,0,0,0,0,0,0,0,0,0,0,0,0,0,0,0,0,0,0,0,0,0,0,0,0,0,0,0,0,0,0,0,0,0,0,0,0,0,0,0,0,0,0,0,0,0,0,0,0,0,0,0,0,0,0,0,0,0,0,0,0,0,0,0,0,0,0,0,0,0,0,0,0,0,0,0,0,0,0,0,0
0,0,0,0,0,0,0,0,0,0,0,0,0,0,0,0,0,0,0,0,0,0,0,0,0,0,0,0,0,0,0,0,0,0,0,0,0,0,0,0,0,0,0,0,0,0,0,0,0,0,0,0,0,0,0,0,0,0,0,0,0,0,0,0,0,0,0,0,0,0,0,0,0,0,0,0,0,0,0,0,0,0,0,0,0,0,0,0,0,0,0,0,0,0,0,0,0,0,0,0,0,0,0,0,0,0,0,0,0,0,0,0,0,0,0,0,0,0,0,0,0,0,0,0,0,0,0,0,0,0,0,0,0,0,0,0,0,0,0,0,0,0,0,0,0,0,0,0,0,0,0,0,0,0,0,0,0,0,0,0,0,0,0,0,0,0,0,0,0,0
225,275,85,78,33,96,44,31,37,35,0,1,2,17,986,392,10,2,187,21,8,1,26,0,1,0,1,0,0,0,0,0,14,10,0,0,0,571,964,8,1,3,7,0,1,0,18,2,155,6,6,1,39,3,57,11,1,0,0,0,62,99,109,11,27,13,6,24,11,7,3063,48,590,140,525,96,68,41,24,18,0,0,0,2,6,1,0,0,8,8,0,0,2,2,2,1,1,1,6,4,5,0,0,0,0,0,0,0,1,3,0,2,5,2,2,0,0,0,0,0,0,0,1,2,4,0,67,31,49,23,15,14,1,0,12,20,0,3,0,0,1,1,1,1,31,39,2,6,2,2,9,0,23,0,683,14,4,0,0,3,0,1,0,0,2,0,0,0,1,1
93,308,89,463,74,189,29,90,50,85,0,2,1,51,418,3764,1,39,225,860,16,51,5,18,0,0,0,1,0,0,0,0,21,30,0,0,571,0,65,705,0,5,0,4,0,0,1,6,0,33,0,17,2,8,9,4,0,0,0,0,28,170,13,66,12,28,5,72,5,11,252,3202,178,1072,77,600,47,152,23,59,0,0,0,14,3,28,0,1,8,7,0,0,2,6,4,2,2,0,6,11,1,0,1,0,0,0,0,1,1,2,3,0,12,5,3,0,0,0,0,1,0,2,0,6,9,12,34,75,4,119,7,51,0,1,13,56,2,8,0,0,1,1,0,16,12,151,2,27,0,13,1,48,15,334,203,1270,4,9,0,2,0,2,0,0,2,0,0,2,0,0
15,4,12,4,15,9,3,1,9,2,0,0,26,1,11,5,2,2,102,7,15,1,18,0,0,0,2,0,0,1,0,0,24,15,0,0,964,65,0,72,40,6,19,15,0,0,366,265,511,86,38,34,161,51,124,55,8,16,4,10,15,6,128,12,163,12,78,11,60,20,1897,225,4,0,12,8,24,14,8,4,0,0,23,2,78,32,2,3,55,10,0,0,5,5,5,1,2,0,10,7,11,0,0,0,1,1,0,0,0,2,0,3,2,1,5,0,0,0,0,0,1,0,1,0,0,0,2,0,31,14,4,0,0,0,3,0,1,0,1,0,11,5,3,6,38,17,0,0,6,2,6,0,75,1,194,2,0,0,0,0,1,0,0,0,0,0,0,2,0,0
2,12,11,73,8,41,1,16,4,23,0,1,1,6,2,121,1,2,33,155,0,0,1,1,0,0,0,0,0,0,0,0,4,29,0,0,8,705,72,0,14,14,14,26,0,0,223,156,79,111,25,64,58,55,84,33,9,3,7,10,3,7,11,38,8,55,6,55,5,46,295,2207,4,2,7,53,7,49,3,8,0,0,1,10,14,56,1,2,14,11,0,0,3,4,0,0,0,0,1,5,2,1,0,0,1,1,0,1,1,0,0,2,3,1,3,0,0,0,1,0,0,0,0,2,0,2,1,3,3,34,1,2,0,0,1,3,1,0,0,2,0,10,0,10,6,57,1,3,3,0,0,2,3,31,6,69,0,0,0,1,0,0,0,0,0,0,0,2,0,1
14,2,27,2,18,0,2,1,10,0,10,0,8,1,7,2,31,1,9,1,12,1,24,0,7,0,3,1,5,0,0,0,73,10,0,0,1,0,40,14,0,25,940,53,259,3,68,155,29,46,787,109,47,25,321,18,119,5,846,25,12,1,16,4,22,3,10,8,9,6,73,160,9,0,30,0,482,14,186,10,0,0,7,2,145,9,381,8,232,7,362,4,635,4,8,10,6,2,77,24,57,1,2,1,3,3,2,14,6,7,3,4,16,4,4,2,1,0,0,3,11,2,3,0,23,0,24,1,259,4,16,0,20,0,39,9,1,0,83,1,74,1,71,1,912,7,3,0,18,1,1,0,0,0,2,0,26,0,5,3,9,0,41,1,9,0,0,0,5,4
2,18,2,43,4,40,1,4,1,10,0,47,3,5,1,17,7,4,4,9,0,5,0,5,0,2,0,14,0,24,0,5,2,132,0,0,3,5,6,14,25,0,4,1117,0,165,11,81,5,27,7,382,2,21,6,30,1,46,0,397,5,20,10,8,9,3,3,15,3,9,36,150,2,2,5,58,74,446,19,324,0,0,2,2,12,33,0,420,1,114,0,415,0,515,15,3,13,9,16,76,6,7,7,3,9,1,20,17,9,22,18,10,16,7,4,1,0,0,1,5,1,63,0,42,0,101,3,58,5,63,1,4,0,18,0,25,0,4,0,135,3,78,1,154,7,1294,0,32,0,29,0,0,0,0,2,3,14,32,1,26,0,32,0,317,0,1,1,23,3,4
15,2,7,1,6,0,1,0,5,0,0,0,4,0,4,0,4,0,19,3,5,0,5,0,0,0,1,0,0,0,0,0,15,4,0,0,7,0,19,14,940,4,0,9,295,0,149,59,41,14,513,40,25,5,92,3,37,1,1319,10,42,2,23,1,25,5,15,4,4,4,172,47,12,1,18,1,34,4,32,4,0,0,2,2,27,5,32,6,25,1,14,0,16,1,6,13,5,8,12,44,287,6,0,4,6,6,8,14,5,11,5,0,2,0,7,1,0,0,3,4,0,0,0,0,3,0,8,1,111,2,0,0,1,0,1,0,0,0,0,0,8,1,0,0,16,3,1,0,3,0,2,0,9,0,10,0,2,0,1,0,1,1,3,0,1,0,0,2,1,0
2,6,0,12,0,8,0,3,0,3,0,10,0,10,2,5,3,20,0,3,1,9,0,19,0,14,0,24,0,15,0,1,1,35,0,0,0,4,15,26,53,1117,9,0,0,435,8,98,3,16,23,930,3,10,1,22,2,20,3,1322,1,11,4,7,3,4,0,13,2,3,39,326,2,3,2,9,7,100,2,64,0,0,1,0,5,6,0,122,0,12,0,189,1,106,6,10,7,16,6,159,4,202,2,4,4,0,14,18,19,14,19,8,1,0,7,2,0,1,1,5,0,0,0,0,0,2,1,8,4,9,0,0,0,1,0,1,0,0,0,6,0,7,0,4,6,38,0,1,1,0,0,0,0,0,0,1,1,9,1,5,0,2,0,2,0,1,0,26,0,1
1,0,1,0,1,0,1,0,0,0,0,0,0,0,1,0,117,0,2,0,4,0,20,0,2,0,0,0,6,0,0,0,11,0,0,0,1,0,0,0,259,0,295,0,0,0,1,2,2,0,22,0,1,0,17,1,8,0,299,0,0,1,0,0,1,0,0,0,1,0,0,1,1,0,2,2,39,1,6,0,0,0,0,0,3,0,265,0,55,0,308,0,188,0,0,0,1,0,10,0,13,0,0,0,0,0,2,1,2,0,0,1,4,1,0,0,0,0,0,1,1,0,0,0,6,0,6,0,0,0,0,0,11,0,4,1,1,0,0,0,1,0,0,0,11,0,0,0,1,0,2,0,1,0,2,0,22,0,2,0,1,0,5,0,6,1,1,1,3,2
0,2,1,28,0,16,0,0,0,2,0,18,0,0,0,1,20,182,0,3,1,16,0,25,0,25,0,20,1,15,0,0,0,24,0,0,0,0,0,0,3,165,0,435,0,0,0,1,0,0,0,17,0,0,0,2,1,2,0,131,0,1,0,0,0,0,0,0,0,2,0,7,0,1,2,20,31,81,9,121,0,0,0,0,0,2,0,507,1,14,0,198,2,81,0,0,0,0,4,7,0,2,0,0,0,0,0,0,0,0,0,0,12,1,0,0,0,0,0,1,0,1,0,4,0,58,0,3,0,2,0,1,0,22,0,21,0,3,0,2,0,0,0,1,0,22,0,1,0,0,0,0,0,0,0,3,14,84,0,8,0,5,0,61,0,2,0,1,3,0
0,5,5,7,5,5,0,1,1,0,0,0,1,0,6,1,0,0,20,2,4,0,3,0,0,0,0,1,3,0,0,0,9,10,0,0,18,1,366,223,68,11,149,8,1,0,0,1505,4670,774,4235,299,2217,276,1078,50,426,14,208,29,0,2,11,0,5,0,5,4,0,1,1253,218,0,0,3,0,31,13,3,1,0,0,5,2,17,28,8,6,29,17,0,2,10,7,0,0,0,0,0,0,183,1,0,0,0,0,0,0,0,1,0,0,0,0,42,0,0,0,0,1,1,0,0,0,2,0,0,2,1,3,0,0,0,0,1,0,0,0,2,0,1,0,1,1,10,4,0,0,1,1,1,0,15,0,10,0,3,0,0,0,0,0,0,0,0,0,0,0,0,0
1,19,2,20,6,11,2,4,0,3,0,1,5,1,1,5,1,1,1,0,0,0,0,0,0,0,0,0,0,3,0,0,1,88,0,0,2,6,265,156,155,81,59,98,2,1,1505,0,820,4077,165,3755,157,1727,255,1021,39,571,44,253,5,6,25,16,25,8,4,13,13,5,487,1451,0,2,2,1,19,80,3,10,0,0,5,14,20,116,3,38,38,92,0,8,18,70,0,0,2,0,3,3,0,34,2,0,0,0,2,0,1,0,0,1,0,0,72,12,0,0,0,1,1,2,0,2,2,1,3,2,1,8,1,0,0,0,0,1,0,0,2,6,2,10,2,6,7,56,0,0,0,1,0,0,2,0,4,1,0,0,0,0,0,0,1,0,0,0,0,3,1,0
11,3,13,4,7,0,1,4,4,1,0,0,5,0,21,2,0,0,27,0,2,0,1,0,0,0,0,0,0,0,0,0,9,16,0,0,155,0,511,79,29,5,41,3,2,0,4670,820,0,620,374,49,2712,121,857,33,51,9,30,4,3,4,80,5,16,3,21,3,7,1,1982,238,3,0,4,2,39,15,10,0,0,0,5,4,24,15,3,0,66,6,1,0,11,4,0,0,0,0,3,2,28,2,1,0,0,0,1,0,0,0,0,0,0,0,10,0,0,1,0,0,1,0,0,1,1,0,1,1,7,3,1,0,0,0,0,0,0,0,0,0,6,1,0,0,19,8,0,0,2,0,0,0,14,0,35,0,0,0,0,1,0,0,0,0,0,0,0,1,0,0
1,50,2,78,4,31,0,7,0,0,1,0,8,9,6,26,0,0,0,1,0,0,0,0,0,0,0,0,0,0,0,0,9,85,0,0,6,33,86,111,46,27,14,16,0,0,774,4077,620,0,29,351,88,4810,186,1190,18,112,7,50,9,20,47,126,22,26,15,20,27,28,217,1799,0,3,1,3,15,76,8,10,0,0,4,21,37,126,1,14,45,77,0,2,15,42,1,0,2,0,2,8,0,4,1,0,1,0,0,2,0,1,3,1,0,1,27,0,0,0,0,0,0,0,0,1,1,0,0,6,7,20,0,1,0,0,1,1,0,0,0,2,2,9,1,11,17,31,0,0,1,1,0,0,0,0,2,0,0,0,0,0,0,1,0,0,0,0,0,0,0,0
2,2,11,1,5,1,0,0,1,1,5,0,2,0,3,0,5,0,18,2,7,0,9,0,2,0,1,0,3,1,0,0,39,3,0,0,6,0,38,25,787,7,513,23,22,0,4235,165,374,29,0,110,128,4,638,5,965,3,1916,4,3,0,8,2,5,1,2,2,2,0,942,77,0,0,4,1,207,2,22,1,0,0,1,0,71,6,64,2,61,3,8,1,63,0,1,0,0,0,41,2,307,1,1,0,0,0,0,0,0,1,0,0,1,9,20,0,0,0,0,0,1,0,1,0,3,0,1,0,18,0,2,0,4,0,6,0,0,0,7,0,13,0,29,1,129,2,2,0,2,0,4,0,14,0,10,0,6,0,0,0,0,0,4,0,1,1,0,0,3,0
4,23,1,26,2,15,0,1,1,13,0,30,0,11,4,32,3,2,2,11,0,0,0,0,0,0,0,9,0,6,0,1,1,248,0,0,1,17,34,64,109,382,40,930,0,17,299,3755,49,351,110,0,13,198,18,164,4,946,18,1603,3,13,6,6,2,4,3,8,3,11,138,1319,0,2,0,21,17,241,3,47,0,0,1,3,5,160,0,113,8,138,0,43,3,140,0,0,0,0,3,47,5,545,0,1,1,1,0,0,1,2,3,2,7,156,218,42,0,0,1,0,0,0,0,0,0,4,3,18,1,70,0,7,0,1,0,14,0,1,0,32,1,42,0,52,3,108,0,3,0,3,0,0,3,0,2,2,2,1,0,1,0,4,0,5,0,3,0,6,0,2
9,4,38,1,18,3,2,2,14,0,1,0,20,3,62,4,0,0,13,1,1,0,3,0,1,0,0,0,1,0,0,0,25,9,0,0,39,2,161,58,47,2,25,3,1,0,2217,157,2712,88,128,13,0,40,4823,15,137,2,41,3,4,9,512,6,80,3,29,7,25,2,781,133,1,0,7,2,93,4,7,2,0,0,14,3,85,14,10,2,144,3,2,1,40,0,1,0,2,0,3,3,6,0,0,0,0,0,0,3,0,0,0,0,0,0,4,0,0,0,0,0,2,0,1,0,1,1,0,0,19,1,1,0,0,0,1,0,0,0,2,0,6,0,10,2,20,3,4,0,4,0,0,0,3,0,17,0,0,0,0,0,1,0,0,0,0,0,0,0,0,0
2,145,3,92,1,50,0,5,1,6,0,0,2,6,6,14,0,0,1,0,0,0,0,0,0,1,0,0,0,1,0,0,3,94,0,0,3,8,51,55,25,21,5,10,0,0,276,1727,121,4810,4,198,40,0,57,4467,7,415,1,132,4,97,15,1042,9,189,6,79,4,607,82,846,1,5,2,5,11,111,1,16,0,0,1,35,20,185,1,17,19,165,0,6,5,78,0,0,1,0,0,6,2,3,1,0,0,0,1,1,0,0,1,0,0,0,6,0,0,0,0,1,0,0,1,0,0,0,0,1,7,10,0,1,0,0,3,1,0,2,0,0,1,6,1,10,11,25,0,5,1,0,0,0,0,0,0,2,0,0,0,0,0,0,1,1,0,0,0,0,0,0
267,17,262,4,206,16,21,7,52,3,10,0,44,2,309,6,4,0,38,1,2,0,8,0,2,0,2,0,5,0,2,0,128,9,0,0,57,9,124,84,321,6,92,1,17,0,1078,255,857,186,638,18,4823,57,0,23,3021,7,557,11,115,7,1075,14,720,7,109,11,925,4,594,221,54,1,45,12,479,21,68,6,0,0,27,1,464,15,103,0,2477,6,23,2,444,3,3,4,2,3,16,6,16,0,1,1,1,1,2,3,2,6,0,2,2,0,5,0,1,0,1,1,7,0,5,0,5,1,16,2,42,4,5,3,0,0,13,1,1,0,11,1,30,2,25,4,137,11,5,1,5,1,0,0,0,0,4,2,2,0,1,0,1,0,1,0,1,0,2,0,0,0
6,348,2,150,2,131,0,21,0,14,0,3,6,12,8,17,0,0,1,0,0,0,0,0,0,0,0,0,0,2,0,0,7,176,0,0,11,4,55,33,18,30,3,22,1,2,50,1021,33,1190,5,164,15,4467,23,0,6,1907,3,351,6,121,14,598,15,210,8,66,7,1676,44,408,1,4,3,7,23,155,5,21,0,0,5,29,16,305,0,50,11,3290,1,13,1,771,1,0,0,0,1,3,0,1,0,0,0,1,1,0,1,1,0,2,0,0,1,1,0,0,0,0,1,0,2,0,0,0,1,7,6,12,0,0,0,0,2,2,0,0,0,6,1,4,3,9,7,16,0,1,0,0,0,0,0,0,1,1,0,1,0,2,0,0,0,0,0,0,0,0,0,0
7,1,16,0,5,0,0,0,4,0,3,0,0,0,6,0,2,0,2,0,3,0,3,0,0,0,4,0,1,0,0,0,29,1,0,0,1,0,8,9,119,1,37,2,8,1,426,39,51,18,965,4,137,7,3021,6,0,1,1472,1,2,0,5,0,3,0,4,0,2,0,97,20,0,0,0,1,104,0,9,0,0,0,2,0,53,2,51,0,208,1,11,0,292,0,1,0,2,0,0,0,11,0,0,0,0,0,0,0,1,0,0,0,0,0,2,0,0,0,0,1,0,0,0,0,1,0,1,0,5,0,1,0,0,0,2,0,0,0,2,0,3,0,10,0,40,1,1,0,0,0,0,0,0,0,0,1,0,0,0,1,1,0,0,0,0,0,0,0,0,0
0,11,2,6,0,6,0,1,0,1,0,7,0,3,1,1,0,0,1,0,0,0,0,0,0,0,0,3,0,4,0,0,0,96,0,0,0,0,16,3,5,46,1,20,0,2,14,571,9,112,3,946,2,415,7,1907,1,0,0,1356,0,0,4,11,3,3,0,2,1,7,13,64,0,0,0,0,5,99,1,4,0,0,1,3,0,94,1,50,3,186,0,19,2,822,0,0,0,0,0,1,0,9,1,0,1,0,0,2,0,0,0,0,0,0,3,1,0,0,0,0,0,0,0,0,0,0,0,2,0,2,0,0,0,0,0,0,0,0,0,3,1,4,0,3,2,10,0,1,0,0,0,0,0,0,0,0,0,0,0,0,0,0,0,0,0,0,0,0,0,0
2,1,8,1,6,0,0,0,2,0,4,0,1,0,2,1,23,0,1,1,1,0,9,0,4,0,1,0,4,0,0,0,14,1,0,0,0,0,4,7,846,0,1319,3,299,0,208,44,30,7,1916,18,41,1,557,3,1472,0,0,3,2,0,2,0,0,0,3,0,1,0,131,15,2,0,2,0,115,1,12,0,0,0,1,0,24,0,123,1,248,1,284,0,1630,0,0,0,0,0,4,2,132,0,0,0,1,0,0,0,0,0,0,2,3,0,5,0,0,0,0,0,1,0,0,0,1,0,0,0,3,0,1,0,4,0,2,2,0,0,2,0,1,0,1,0,18,0,0,0,0,0,0,0,2,0,2,0,8,0,0,0,1,0,3,0,2,0,0,0,0,1
0,11,1,21,0,17,0,0,0,5,0,21,0,1,0,0,3,5,0,1,1,1,0,3,0,4,0,16,0,18,0,2,0,102,0,0,0,0,10,10,25,397,10,1322,0,131,29,253,4,50,4,1603,3,132,11,351,1,1356,3,0,0,2,1,4,4,2,0,2,1,3,15,200,0,2,1,5,30,127,2,24,0,0,0,6,0,52,0,211,1,259,0,573,2,2464,0,0,0,1,1,17,0,97,0,1,0,0,0,0,0,0,0,0,1,1,8,6,0,0,0,1,0,2,0,0,0,5,0,1,0,1,0,0,0,0,0,0,0,1,1,4,0,3,1,4,0,39,0,0,0,0,0,0,0,0,0,0,7,8,0,1,0,0,0,1,0,0,0,2,0,0
5007,49,156,8,59,7,450,6,122,5,1,0,1417,12,164,24,0,0,12,4,0,0,1,0,0,0,0,0,0,0,0,0,548,17,0,0,62,28,15,3,12,5,42,1,0,0,0,5,3,9,3,3,4,4,115,6,2,0,2,0,0,56,1119,15,1798,29,1429,49,139,4,325,31,863,48,813,17,1085,23,383,12,0,0,39,7,353,26,6,0,119,1,0,0,3,0,3,1,6,2,40,24,3,0,2,0,2,4,6,8,3,19,2,25,1,0,1,1,0,1,0,8,1,0,5,0,15,1,296,6,821,17,250,4,0,0,64,1,6,0,0,1,34,2,29,9,178,18,31,3,19,3,0,0,0,0,3,0,0,0,2,0,23,1,6,0,20,0,0,6,2,3
38,4425,6,159,5,138,4,129,3,65,0,12,7,914,22,129,0,0,5,6,0,0,0,0,0,0,0,0,0,0,0,1,5,145,0,0,99,170,6,7,1,20,2,11,1,1,2,6,4,20,0,13,9,97,7,121,0,0,0,2,56,0,22,1547,11,1157,11,1210,3,280,93,308,151,946,35,325,10,572,12,321,0,0,3,12,6,108,0,3,1,34,1,2,0,9,4,4,9,7,17,37,3,1,8,1,2,2,8,3,9,12,1,2,38,18,2,0,0,0,2,4,0,0,2,6,0,3,5,210,14,351,5,148,0,1,1,100,0,1,0,3,2,3,1,15,12,145,0,69,2,19,0,0,0,0,3,7,0,2,5,9,0,10,0,2,0,2,1,13,7,12
247,15,90,4,39,5,18,9,23,6,0,0,32,7,208,11,0,0,25,2,0,0,0,0,1,0,0,0,0,0,0,0,39,21,0,0,109,13,128,11,16,10,23,4,0,0,11,25,80,47,8,6,512,15,1075,14,5,4,2,1,1119,22,0,14,3518,17,86,24,651,9,2010,105,179,7,41,5,156,39,41,6,0,0,23,9,75,27,3,3,56,8,1,0,5,0,1,1,1,1,5,14,8,0,1,1,1,0,2,2,2,2,0,4,0,1,3,0,0,0,1,1,1,0,3,1,5,0,23,6,137,17,10,1,0,0,4,2,1,0,1,2,22,3,16,6,51,20,11,3,9,2,0,0,1,0,12,0,0,0,1,0,0,0,0,0,0,0,0,0,1,0
10,419,1,135,2,56,0,31,4,16,0,0,5,18,6,41,0,0,0,4,0,0,0,0,0,0,0,0,0,0,0,0,0,37,0,0,11,66,12,38,4,8,1,7,0,0,0,16,5,126,2,6,6,1042,14,598,0,11,0,4,15,1547,14,0,11,2031,18,529,3,1725,64,2130,16,55,5,15,17,92,3,33,0,0,5,9,22,49,0,2,5,82,0,1,0,9,2,0,1,0,3,11,0,0,1,0,0,0,2,0,2,0,2,0,1,2,1,0,0,0,1,0,0,0,1,0,0,0,2,11,15,78,0,11,0,0,0,2,0,0,0,1,4,3,1,6,16,31,0,1,1,5,0,0,0,0,2,1,0,0,3,1,0,1,0,0,0,0,0,2,0,0
857,15,95,5,193,6,89,5,48,6,2,0,42,6,131,10,0,1,15,1,0,0,0,0,0,0,0,0,0,0,0,0,63,26,0,0,27,12,163,8,22,9,25,3,1,0,5,25,16,22,5,2,80,9,720,15,3,3,0,4,1798,11,3518,11,0,20,1673,31,2108,11,384,118,69,1,85,11,190,33,59,8,0,0,30,8,336,24,8,2,301,9,2,0,11,2,2,2,0,1,9,3,2,1,0,0,2,0,2,0,0,4,1,2,2,0,2,0,0,0,0,0,2,0,3,0,5,0,35,2,154,16,15,0,0,0,13,1,2,0,2,2,22,2,18,8,81,18,8,0,18,1,0,0,1,0,3,0,0,0,2,0,1,0,0,0,2,0,0,1,0,0
11,460,2,35,7,76,3,125,3,47,0,0,6,39,7,12,0,0,0,3,0,0,0,0,0,0,0,0,0,0,0,0,5,16,0,0,13,28,12,55,3,3,5,4,0,0,0,8,3,26,1,4,3,189,7,210,0,3,0,2,29,1157,17,2031,20,0,11,1992,3,2546,56,310,9,8,5,17,15,32,12,19,0,0,3,9,27,123,0,1,2,108,0,1,0,15,0,0,1,1,1,5,0,0,0,0,0,0,0,0,2,0,0,0,0,0,0,0,0,0,0,0,0,0,0,0,0,0,3,9,12,29,3,4,0,0,0,6,0,1,0,1,6,2,1,1,15,15,0,3,3,3,0,0,0,0,1,1,0,0,0,0,0,1,0,0,0,0,0,0,0,0
527,12,64,3,260,4,510,2,258,4,1,0,528,1,46,4,0,0,10,1,0,0,0,0,1,0,0,0,0,0,0,0,233,9,0,0,6,5,78,6,10,3,15,0,0,0,5,4,21,15,2,3,29,6,109,8,4,0,3,0,1429,11,86,18,1673,11,0,26,432,3,108,51,16,4,69,4,209,17,45,4,0,0,55,4,1657,20,36,0,479,4,4,0,15,3,2,0,3,0,9,4,1,0,0,3,2,1,1,1,0,2,0,1,1,0,0,0,0,0,0,0,1,0,5,0,7,0,25,0,114,8,15,1,0,0,8,0,0,0,0,2,31,0,16,4,51,10,3,0,17,2,0,0,0,0,1,1,0,0,0,1,1,0,0,0,1,0,0,0,0,1
16,298,0,113,8,337,4,566,9,369,0,2,13,501,13,27,0,0,3,6,0,0,0,1,0,1,0,0,0,0,0,1,9,167,0,0,24,72,11,55,8,15,4,13,0,0,4,13,3,20,2,8,7,79,11,66,0,2,0,2,49,1210,24,529,31,1992,26,0,2,872,102,181,35,34,21,81,14,313,4,89,0,0,6,62,28,1999,0,4,5,276,0,2,0,31,3,0,1,2,8,24,3,0,4,0,1,1,3,2,5,3,7,1,8,7,0,0,0,0,0,0,2,1,0,2,0,0,3,19,19,218,1,21,0,1,3,4,0,1,0,1,2,12,3,36,16,85,0,18,1,18,0,0,0,0,3,6,0,0,1,2,0,1,0,0,0,0,0,10,1,0
449,11,109,3,198,4,15,0,17,0,1,0,11,4,75,8,0,0,16,0,0,0,0,0,0,0,0,0,0,0,0,0,12,9,0,0,11,5,60,5,9,3,4,2,1,0,0,13,7,27,2,3,25,4,925,7,2,1,1,1,139,3,651,3,2108,3,432,2,0,1,97,47,21,2,37,4,68,13,14,2,0,0,9,3,213,11,11,0,2316,3,1,0,30,0,0,0,1,0,0,0,0,0,0,0,1,0,0,0,0,0,0,0,0,0,0,0,0,0,0,0,0,1,0,1,0,0,12,3,15,1,7,0,0,0,3,0,0,0,1,0,3,0,6,1,18,5,0,0,4,0,0,0,0,0,5,2,0,0,0,0,0,0,0,0,0,0,0,0,1,0
4,737,4,98,4,245,2,106,4,32,0,0,3,13,24,22,0,0,0,1,0,0,0,0,0,0,0,1,0,0,0,0,5,18,0,0,7,11,20,46,6,9,4,3,0,2,1,5,1,28,0,11,2,607,4,1676,0,7,0,3,4,280,9,1725,11,2546,3,872,1,0,30,193,1,2,7,22,15,39,2,15,0,0,6,10,14,620,1,2,5,2266,0,3,0,100,0,0,0,0,2,2,0,0,0,0,0,0,1,0,0,1,0,1,2,0,1,0,1,0,0,1,1,0,2,2,0,0,3,9,6,6,0,1,0,0,1,5,0,0,0,0,1,2,3,2,10,26,1,3,0,1,0,0,0,0,2,2,0,0,0,0,0,0,0,0,0,0,0,0,0,0
144,45,149,40,73,46,48,17,75,22,2,0,48,26,728,69,3,1,338,27,10,1,9,0,0,0,0,0,2,0,0,0,52,53,0,0,3063,252,1897,295,73,36,172,39,0,0,1253,487,1982,217,942,138,781,82,594,44,97,13,131,15,325,93,2010,64,384,56,108,102,97,30,0,1039,579,60,188,38,199,75,85,19,0,0,33,24,124,84,3,6,81,22,1,1,18,4,4,3,2,3,29,16,70,3,3,1,1,0,0,3,4,6,1,7,2,4,39,0,1,0,1,2,4,0,6,3,9,1,65,12,285,49,43,5,0,0,19,3,1,1,2,2,25,5,27,20,102,70,12,7,22,3,9,0,90,2,408,14,2,0,1,0,4,1,0,0,1,0,1,6,2,0
35,385,18,852,14,173,7,75,9,59,0,5,17,37,50,1006,0,0,23,159,1,1,1,0,0,2,0,2,1,0,1,0,18,125,0,0,48,3202,225,2207,160,150,47,326,1,7,218,1451,238,1799,77,1319,133,846,221,408,20,64,15,200,31,308,105,2130,118,310,51,181,47,193,1039,0,25,349,20,109,87,240,15,80,0,0,22,32,106,178,4,16,64,82,0,9,19,38,2,1,4,1,13,25,1,32,3,0,3,0,4,7,4,7,4,2,9,8,102,2,0,0,0,1,2,0,2,6,3,3,8,45,40,148,3,19,0,0,3,21,0,2,1,6,5,15,8,48,74,197,1,23,7,26,0,0,3,3,10,38,0,1,0,3,1,2,0,1,1,0,1,4,3,1
1053,197,170,16,19,12,60,10,24,7,0,0,4,24,1056,195,0,0,9,0,0,0,0,0,0,0,0,0,0,0,0,0,34,12,0,0,590,178,4,4,9,2,12,2,1,0,0,0,3,0,0,0,1,1,54,1,0,0,2,0,863,151,179,16,69,9,16,35,21,1,579,25,0,285,683,62,294,24,207,25,0,0,0,0,3,6,0,0,16,2,0,0,1,0,1,0,3,2,17,13,2,0,2,1,1,0,0,3,3,11,1,9,4,1,0,0,0,1,0,1,0,0,2,0,12,0,275,17,307,33,154,10,1,0,50,14,5,0,0,0,10,0,5,3,104,20,27,13,0,1,0,0,0,0,1,0,0,0,2,1,15,0,3,0,14,0,1,1,3,0
36,486,7,94,4,18,6,18,4,16,0,4,1,38,23,1072,0,0,1,3,0,1,0,0,0,0,0,0,0,0,0,0,1,29,0,0,140,1072,0,2,0,2,1,3,0,1,0,2,0,3,0,2,0,5,1,4,0,0,0,2,48,946,7,55,1,8,4,34,2,2,60,349,285,0,29,231,11,142,5,100,0,0,0,4,0,3,0,0,1,2,0,0,0,0,4,0,3,3,13,21,2,0,2,0,1,0,4,1,1,2,1,1,21,9,0,0,0,0,0,3,0,0,1,2,0,1,9,119,5,245,1,77,0,1,3,42,0,0,0,1,0,5,0,12,2,82,0,45,0,22,0,0,0,0,5,0,0,0,0,1,0,2,0,1,0,1,0,5,4,2
1499,81,1093,156,1329,116,616,25,1295,32,234,3,28,5,495,94,22,12,705,121,320,44,122,20,21,1,10,1,132,2,31,2,281,13,0,0,525,77,12,7,30,5,18,2,2,2,3,2,4,1,4,0,7,2,45,3,0,0,2,1,813,35,41,5,85,5,69,21,37,7,188,20,683,29,0,454,2057,42,708,19,0,0,6,2,48,3,10,4,72,2,1,1,17,3,10,5,5,12,93,25,12,1,3,3,6,2,7,18,14,33,3,22,39,11,0,2,1,0,1,3,22,0,79,1,607,0,1422,11,740,11,479,11,72,0,821,8,114,2,1,0,22,0,27,0,1093,13,95,7,46,2,14,2,133,24,407,49,82,50,12,8,18,1,8,1,157,1,4,5,15,11
101,694,310,1474,252,1892,47,634,105,1357,9,289,1,115,196,770,11,80,568,722,147,211,53,105,3,24,1,109,10,69,0,65,52,216,0,0,96,600,8,53,0,58,1,9,2,20,0,1,2,3,1,21,2,5,12,7,1,0,0,5,17,325,5,15,11,17,4,81,4,22,38,109,62,231,454,0,116,2039,40,854,0,0,1,4,9,31,4,23,17,21,1,16,6,15,4,3,5,3,31,34,4,0,7,1,5,0,4,5,4,11,6,2,63,19,1,1,1,0,0,4,0,8,1,50,29,179,39,515,5,568,4,299,0,35,12,586,4,57,0,2,0,9,1,74,16,795,1,149,1,74,9,22,143,79,93,325,17,164,2,15,0,9,0,28,3,7,0,11,17,16
838,37,1217,149,539,155,522,32,998,49,623,5,146,4,656,68,137,4,505,113,132,7,120,3,73,0,47,0,184,0,75,1,960,21,0,0,68,47,24,7,482,74,34,7,39,31,31,19,39,15,207,17,93,11,479,23,104,5,115,30,1085,10,156,17,190,15,209,14,68,15,199,87,294,11,2057,116,0,110,1595,15,0,0,30,6,342,26,125,81,260,12,34,48,221,60,4,4,4,2,52,23,5,2,3,2,6,1,2,3,7,15,3,6,20,3,1,0,0,0,0,7,8,1,8,1,86,2,120,13,113,16,45,4,37,0,101,27,16,2,2,3,23,1,11,3,185,18,4,1,6,2,14,3,9,17,29,66,438,9,5,3,13,0,16,0,17,0,0,3,4,1
34,644,51,1134,40,762,11,692,17,1182,0,682,8,946,83,416,43,121,152,256,5,42,2,79,1,71,0,207,1,218,0,76,16,2128,0,0,41,152,14,49,14,446,4,100,1,81,13,80,15,76,2,241,4,111,21,155,0,99,1,127,23,572,39,92,33,32,17,313,13,39,75,240,24,142,42,2039,110,0,21,1837,0,0,5,67,31,264,0,333,13,118,0,88,2,158,14,8,23,7,40,80,16,4,8,1,8,3,20,8,10,16,14,5,56,22,4,2,0,0,0,13,1,4,0,10,4,128,10,157,18,162,2,78,0,41,0,175,0,19,1,31,4,27,2,54,19,215,1,25,2,10,0,1,16,15,39,132,55,493,1,29,0,23,0,68,1,13,0,17,18,19
342,16,140,34,124,45,118,7,157,11,46,0,16,3,253,26,0,0,91,8,1,0,1,0,2,0,0,0,6,0,1,0,47,1,0,0,24,23,8,3,186,19,32,2,6,9,3,3,10,8,22,3,7,1,68,5,9,1,12,2,383,12,41,3,59,12,45,4,14,2,85,15,207,5,708,40,1595,21,0,34,0,0,8,0,56,4,14,11,34,1,0,10,25,9,21,32,27,25,153,92,13,11,16,10,21,9,28,35,24,39,13,39,63,15,6,1,2,1,0,14,7,2,4,0,126,2,124,6,50,5,32,2,96,0,131,17,11,0,0,0,3,0,3,2,109,9,6,0,8,0,0,0,2,1,7,13,6,2,25,8,28,2,30,0,59,1,2,13,11,21
12,394,10,157,7,64,1,134,3,113,0,23,1,195,35,179,3,1,14,26,2,0,1,1,0,3,0,3,0,5,0,5,2,64,0,0,18,59,4,8,10,324,4,64,0,121,1,10,0,10,1,47,2,16,6,21,0,4,0,24,12,321,6,33,8,19,4,89,2,15,19,80,25,100,19,854,15,1837,34,0,0,0,2,3,5,45,2,87,1,23,0,66,2,43,104,40,108,31,157,189,48,9,60,11,52,16,91,69,59,51,26,25,190,80,1,1,3,3,6,30,0,1,0,2,5,256,19,98,12,87,4,54,1,91,1,209,1,15,0,11,1,11,0,11,5,54,1,11,1,3,0,0,1,0,10,20,0,16,10,137,0,106,1,349,3,33,3,49,35,51
0,0,0,0,0,0,0,0,0,0,0,0,0,0,0,0,0,0,0,0,0,0,0,0,0,0,0,0,0,0,0,0,0,0,0,0,0,0,0,0,0,0,0,0,0,0,0,0,0,0,0,0,0,0,0,0,0,0,0,0,0,0,0,0,0,0,0,0,0,0,0,0,0,0,0,0,0,0,0,0,0,0,0,0,0,0,0,0,0,0,0,0,0,0,0,0,0,0,0,0,0,0,0,0,0,0,0,0,0,0,0,0,0,0,0,0,0,0,0,0,0,0,0,0,0,0,0,0,0,0,0,0,0,0,0,0,0,0,0,0,0,0,0,0,0,0,0,0,0,0,0,0,0,0,0,0,0,0,0,0,0,0,0,0,0,0,0,0,0,0
0,0,0,0,0,0,0,0,0,0,0,0,0,0,0,0,0,0,0,0,0,0,0,0,0,0,0,0,0,0,0,0,0,0,0,0,0,0,0,0,0,0,0,0,0,0,0,0,0,0,0,0,0,0,0,0,0,0,0,0,0,0,0,0,0,0,0,0,0,0,0,0,0,0,0,0,0,0,0,0,0,0,0,0,0,0,0,0,0,0,0,0,0,0,0,0,0,0,0,0,0,0,0,0,0,0,0,0,0,0,0,0,0,0,0,0,0,0,0,0,0,0,0,0,0,0,0,0,0,0,0,0,0,0,0,0,0,0,0,0,0,0,0,0,0,0,0,0,0,0,0,0,0,0,0,0,0,0,0,0,0,0,0,0,0,0,0,0,0,0
17,3,3,2,4,2,14,3,22,3,0,0,357,2,5,0,0,0,2,0,0,0,0,0,0,0,0,0,1,0,0,0,107,9,0,0,0,0,23,1,7,2,2,1,0,0,5,5,5,4,1,1,14,1,27,5,2,1,1,0,39,3,23,5,30,3,55,6,9,6,33,22,0,0,6,1,30,5,8,2,0,0,0,3,515,4,9,1,15,0,0,0,1,0,0,0,0,0,1,1,1,0,0,0,0,0,1,0,0,1,0,0,0,0,0,0,0,0,0,0,1,0,0,0,0,0,0,0,3,4,0,0,0,0,0,0,0,0,0,0,0,1,0,3,8,2,0,1,1,0,0,0,1,0,1,0,0,0,0,0,0,0,0,0,0,1,0,1,0,0
0,13,2,7,1,14,0,9,0,8,0,0,1,279,1,2,0,0,1,0,0,0,0,0,0,0,0,0,0,0,0,0,2,712,0,0,2,14,2,10,2,2,2,0,0,0,2,14,4,21,0,3,3,35,1,29,0,3,0,6,7,12,9,9,8,9,4,62,3,10,24,32,0,4,2,4,6,67,0,3,0,0,3,0,9,695,0,30,1,12,0,0,0,4,0,0,0,0,1,1,0,0,0,0,0,0,0,1,0,0,0,0,0,0,0,0,0,0,0,0,0,0,0,0,0,0,1,0,3,4,0,0,0,0,0,0,0,0,0,0,1,1,1,0,6,4,0,0,1,2,0,0,0,0,0,0,0,0,0,0,0,0,0,0,0,0,0,0,0,0
218,7,96,1,346,6,135,6,396,3,1,0,645,3,37,7,0,0,17,0,1,0,1,0,1,0,0,0,0,0,0,0,291,12,0,0,6,3,78,14,145,12,27,5,3,0,17,20,24,37,71,5,85,20,464,16,53,0,24,0,353,6,75,22,336,27,1657,28,213,14,124,106,3,0,48,9,342,31,56,5,0,0,515,9,0,42,783,0,3379,12,16,0,68,0,2,1,4,1,11,5,4,0,1,0,0,0,1,2,0,4,0,0,0,0,0,0,0,0,0,1,4,0,2,2,3,0,10,2,42,11,3,1,0,0,6,2,0,0,9,4,15,1,17,3,77,19,4,2,5,1,0,0,1,0,4,5,0,0,1,2,1,0,0,0,0,0,0,0,0,0
4,102,4,176,3,420,3,293,3,199,1,8,15,442,15,16,0,1,7,10,0,0,0,1,0,0,0,2,0,10,0,2,6,1227,0,0,1,28,32,56,9,33,5,6,0,2,28,116,15,126,6,160,14,185,15,305,2,94,0,52,26,108,27,49,24,123,20,1999,11,620,84,178,6,3,3,31,26,264,4,45,0,0,4,695,42,0,0,1052,8,3706,0,80,3,128,2,0,1,0,3,5,3,0,0,0,1,0,1,1,0,3,2,1,1,0,3,1,0,0,0,1,1,0,2,0,2,0,3,4,14,35,2,4,0,0,0,3,0,0,0,6,6,5,2,9,11,24,3,1,3,2,0,0,0,0,4,4,0,1,0,0,0,0,0,0,0,0,0,2,1,0
7,0,51,4,31,0,7,0,7,0,32,0,14,0,5,0,97,4,11,1,42,2,111,0,44,0,24,0,77,0,1,0,137,0,0,0,0,0,2,1,381,0,32,0,265,0,8,3,3,1,64,0,10,1,103,0,51,1,123,0,6,0,3,0,8,0,36,0,11,1,3,4,0,0,10,4,125,0,14,2,0,0,9,0,783,0,0,0,976,1,217,0,415,1,1,0,0,0,11,4,2,0,1,1,1,0,1,0,3,0,0,0,0,2,0,0,1,0,0,2,1,0,1,0,5,0,8,0,0,0,1,0,4,0,4,0,1,0,2,0,0,0,2,0,18,0,0,0,0,0,17,0,7,2,5,1,36,0,0,0,3,0,8,0,4,0,0,0,2,2
0,15,2,75,0,80,0,5,0,16,0,89,0,8,0,1,8,69,0,11,3,34,2,79,0,98,0,157,1,131,0,5,0,509,0,0,0,1,3,2,8,420,6,122,0,507,6,38,0,14,2,113,2,17,0,50,0,50,1,211,0,3,3,2,2,1,0,4,0,2,6,16,0,0,4,23,81,333,11,87,0,0,1,30,0,1052,0,0,0,319,0,368,0,272,0,0,0,0,1,2,0,1,0,0,0,0,0,0,0,0,0,0,2,0,0,1,0,0,0,0,0,0,0,1,0,15,0,1,0,5,0,5,0,5,0,10,0,0,0,5,0,2,1,4,0,23,0,1,0,1,0,1,1,1,1,0,4,24,0,3,0,1,0,8,0,4,0,1,0,0
721,13,298,13,743,12,38,3,110,4,15,0,22,0,83,14,11,1,30,3,5,0,23,0,8,0,3,0,10,0,3,0,74,5,0,0,8,8,55,14,232,1,25,0,55,1,29,38,66,45,61,8,144,19,2477,11,208,3,248,1,119,1,56,5,301,2,479,5,2316,5,81,64,16,1,72,17,260,13,34,1,0,0,15,1,3379,8,976,0,0,1,865,0,3265,0,0,2,0,1,8,2,4,0,0,0,1,0,1,0,3,1,0,1,0,0,0,0,0,0,0,0,1,0,0,0,4,0,23,1,13,0,5,0,6,0,8,2,1,0,4,0,0,2,8,3,34,4,1,0,1,0,1,0,0,0,1,3,9,0,2,0,1,0,2,0,2,0,0,0,0,1
5,555,2,165,7,712,6,157,3,48,0,13,1,11,44,28,0,2,4,0,0,0,0,1,0,1,0,13,0,10,0,0,4,112,0,0,8,7,10,11,7,114,1,12,0,14,17,92,6,77,3,138,3,165,6,3290,1,186,1,259,1,34,8,82,9,108,4,276,3,2266,22,82,2,2,2,21,12,118,1,23,0,0,0,12,12,3706,1,319,1,0,0,1249,0,4879,0,1,0,0,2,1,0,3,0,0,0,0,0,0,0,1,0,0,1,1,0,3,0,0,0,1,0,0,0,1,1,0,0,9,2,8,1,1,0,0,2,6,0,0,0,5,0,2,1,8,6,35,0,1,0,2,0,0,0,0,7,6,1,2,0,0,0,0,0,1,0,0,0,2,0,0
2,0,12,0,6,0,0,0,0,0,11,0,0,0,0,0,77,0,0,0,9,0,33,0,8,0,2,0,17,0,0,0,29,0,0,0,0,0,0,0,362,0,14,0,308,0,0,0,1,0,8,0,2,0,23,1,11,0,284,0,0,1,1,0,2,0,4,0,1,0,1,0,0,0,1,1,34,0,0,0,0,0,0,0,16,0,217,0,865,0,0,1,1535,0,0,0,0,0,4,0,0,0,0,0,0,0,0,0,0,0,0,0,0,0,0,0,0,0,0,0,0,0,0,0,2,0,2,0,0,0,1,0,3,0,0,0,0,0,2,0,0,0,0,0,3,0,1,0,0,0,3,0,2,0,0,0,19,0,1,0,2,0,3,0,2,0,0,0,0,1
0,10,0,13,0,34,0,1,0,1,0,21,0,0,0,0,4,4,1,2,1,2,1,4,1,5,0,27,0,19,0,1,0,32,0,0,0,0,0,0,4,415,0,189,0,198,2,8,0,2,1,43,1,6,2,13,0,19,0,573,0,2,0,1,0,1,0,2,0,3,1,9,0,0,1,16,48,88,10,66,0,0,0,0,0,80,0,368,0,1249,1,0,1,1946,0,0,0,0,0,2,1,1,0,0,0,0,0,1,0,1,0,0,1,1,0,0,0,0,0,0,0,0,0,2,0,16,0,0,0,0,0,1,0,1,0,10,0,1,0,5,0,1,0,2,0,18,0,1,0,0,0,0,1,0,0,0,11,16,0,0,0,1,0,14,0,2,0,0,0,0
22,0,56,1,68,1,4,0,11,2,13,0,2,0,10,1,32,0,2,0,21,1,28,0,12,0,3,0,7,0,6,1,28,1,0,0,2,2,5,3,635,0,16,1,188,2,10,18,11,15,63,3,40,5,444,1,292,2,1630,2,3,0,5,0,11,0,15,0,30,0,18,19,1,0,17,6,221,2,25,2,0,0,1,0,68,3,415,0,3265,0,1535,1,0,1,1,0,1,0,11,1,4,0,0,0,0,0,2,1,1,2,1,0,1,1,0,0,0,0,0,0,0,0,0,0,2,0,6,1,3,1,4,0,9,0,12,2,0,0,2,0,0,0,2,0,24,2,0,0,0,0,1,0,0,1,0,0,24,0,1,1,7,0,2,0,6,0,0,0,0,0
3,154,2,86,4,257,0,33,3,18,0,39,0,4,4,8,2,1,1,2,2,2,0,2,0,6,0,16,0,25,0,6,1,91,0,0,2,6,5,4,4,515,1,106,0,81,7,70,4,42,0,140,0,78,3,771,0,822,0,2464,0,9,0,9,2,15,3,31,0,100,4,38,0,0,3,15,60,158,9,43,0,0,0,4,0,128,1,272,0,4879,0,1946,1,0,0,0,0,0,2,1,0,4,1,0,0,0,0,0,2,0,0,0,2,0,0,0,0,0,0,0,0,0,0,0,0,4,0,3,1,2,1,0,0,1,0,3,0,0,0,5,0,1,0,6,2,15,0,0,0,0,0,0,0,0,1,1,7,12,0,2,0,0,0,2,0,0,0,0,0,0
3,6,2,5,0,0,1,0,2,0,0,1,0,0,1,4,0,0,1,0,0,0,0,0,0,0,0,0,0,0,0,0,0,1,0,0,2,4,5,0,8,15,6,6,0,0,0,0,0,1,1,0,1,0,3,1,1,0,0,0,3,4,1,2,2,0,2,3,0,0,4,2,1,4,10,4,4,14,21,104,0,0,0,0,2,2,1,0,0,0,0,0,1,0,0,137,1777,161,404,117,849,34,2149,56,309,42,382,248,531,104,53,82,123,22,76,71,233,55,12,42,0,0,0,0,3,0,18,16,13,4,3,0,0,1,1,0,0,0,0,1,0,1,0,1,0,3,0,1,0,0,0,0,0,0,2,0,0,0,7,5,2,1,0,2,5,4,0,18,3,1
5,0,2,3,0,1,0,3,1,0,1,0,0,2,5,1,0,0,0,0,0,0,0,0,0,0,0,0,0,0,0,0,1,1,0,0,1,2,1,0,10,3,13,10,0,0,0,0,0,0,0,0,0,0,4,0,0,0,0,0,1,4,1,0,2,0,0,0,0,0,3,1,0,0,5,3,4,8,32,40,0,0,0,0,1,0,0,0,2,1,0,0,0,0,137,0,130,2764,48,547,82,1024,72,1274,77,288,149,983,54,267,23,231,198,29,106,36,81,35,12,60,0,0,0,0,4,0,4,7,8,2,0,1,0,0,0,0,0,0,0,0,0,0,1,0,0,0,0,0,0,0,0,0,0,0,0,0,0,0,1,1,0,2,0,0,0,0,0,4,0,2
4,12,2,2,2,3,1,1,2,3,0,0,1,4,2,8,0,0,0,0,0,0,0,0,0,0,0,0,0,0,0,0,0,1,0,0,1,2,2,0,6,13,5,7,1,0,0,2,0,2,0,0,2,1,2,0,2,0,0,0,6,9,1,1,0,1,3,1,1,0,2,4,3,3,5,5,4,23,27,108,0,0,0,0,4,1,0,0,0,0,0,0,1,0,1777,130,0,151,466,124,536,29,639,50,756,46,738,188,657,85,50,121,111,28,60,60,391,82,16,40,0,0,0,0,2,0,17,15,23,2,7,1,1,0,1,0,0,0,0,0,0,0,0,1,0,1,1,0,0,0,0,0,0,0,0,2,0,0,6,1,0,2,2,2,14,2,0,9,4,6
1,6,1,2,3,0,0,0,1,1,1,0,0,2,5,2,0,0,0,0,0,0,0,0,0,0,0,0,0,0,0,0,1,0,0,0,1,0,0,0,2,9,8,16,0,0,0,0,0,0,0,0,0,0,3,0,0,0,0,1,2,7,1,0,1,1,0,2,0,0,3,1,2,3,12,3,2,7,25,31,0,0,0,0,1,0,0,0,1,0,0,0,0,0,161,2764,151,0,71,390,52,349,66,396,89,1175,184,791,52,425,34,136,242,43,145,57,416,55,14,76,0,0,0,0,2,0,3,2,10,7,0,2,0,0,1,1,0,0,0,0,0,1,0,1,1,2,0,0,0,0,0,0,0,0,0,1,0,0,2,2,0,0,1,0,0,1,1,1,0,2
30,24,11,20,16,5,5,10,8,4,4,1,2,4,34,24,0,0,9,2,1,0,1,0,0,0,0,0,1,0,0,0,7,2,0,0,6,6,10,1,77,16,12,6,10,4,0,3,3,2,41,3,3,0,16,1,0,0,4,1,40,17,5,3,9,1,9,8,0,2,29,13,17,13,93,31,52,40,153,157,0,0,1,1,11,3,11,1,8,2,4,0,11,2,404,48,466,71,0,391,586,22,621,18,151,8,277,62,424,173,59,41,305,499,106,54,23,54,5,43,0,0,1,1,108,3,267,30,458,38,183,15,3,1,62,6,10,0,0,0,22,0,26,5,40,6,21,1,20,0,0,0,0,0,3,2,1,0,59,93,3,11,8,8,212,30,3,101,175,123
