0,291,1760,43,1294,53,1331,15,393,9,2,0,630,15,1308,150,0,0,15,6,1,0,0,0,0,0,0,0,0,0,0,0,729,14,0,0,161,316,30,1,7,6,3,0,0,0,23,7,44,8,4,1,13,0,100,2,5,2,2,0,5019,51,368,16,324,17,877,22,61,3,439,27,1639,70,98,34,392,70,117,14,0,0,24,0,319,11,0,2,560,13,0,0,6,1,1,3,2,0,9,3,1,0,0,1,1,1,0,3,2,0,4,2,0,1,0,0,0,0,0,0,0,0,0,0,6,1,136,26,110,20,19,2,0,0,25,13,5,3,1,0,0,0,1,1,78,34,12,3,20,9,0,0,0,0,65,22,0,0,3,0,17,4,21,3,8,3,4,0,3,2
291,0,17,1766,24,1566,59,1117,39,393,0,1,1,278,493,961,0,0,7,14,0,0,0,0,0,0,0,0,0,0,0,0,52,67,0,0,281,211,9,17,3,16,1,0,0,0,2,3,13,52,0,6,0,11,0,52,0,2,0,0,157,3344,4,394,8,61,11,811,0,206,45,401,268,686,27,281,81,815,22,171,0,0,2,5,4,115,0,0,12,515,0,0,0,28,3,0,3,0,14,13,2,0,0,1,1,1,9,5,3,2,2,4,12,3,1,0,0,1,0,5,0,0,0,0,1,6,50,314,17,251,10,55,0,2,7,128,0,21,2,5,0,3,0,9,34,330,5,39,7,31,0,0,0,0,11,12,0,0,3,0,2,12,4,33,16,15,0,0,18,13
1760,17,0,76,4730,89,239,41,859,47,154,6,21,5,2706,54,13,4,2768,92,57,36,55,15,154,1,172,0,158,1,41,1,432,25,0,0,383,43,24,1,0,4,0,0,0,0,12,0,18,1,3,0,6,0,24,1,2,0,0,0,39,8,7,0,41,5,53,6,15,3,254,4,520,3,371,49,171,55,29,4,0,0,10,0,58,5,26,1,96,3,1,0,1,1,0,1,0,1,3,1,0,0,0,0,0,0,0,1,0,0,0,0,0,0,0,0,0,0,0,0,0,0,0,0,3,1,21,11,6,0,4,0,0,0,16,3,4,3,1,0,0,0,0,0,16,15,2,2,8,2,16,15,8,50,128,55,1,1,0,0,2,0,3,0,3,0,0,0,0,0
43,1766,76,0,83,5331,57,366,93,821,10,284,2,89,236,2129,7,8,126,1483,20,210,13,29,2,70,1,229,5,124,0,23,72,490,0,0,105,191,4,10,0,8,0,2,0,4,1,1,5,25,0,1,0,3,0,12,0,2,0,2,10,116,3,52,2,17,1,140,2,41,13,86,11,43,91,506,61,738,6,55,0,0,0,9,0,91,3,37,2,135,0,1,0,11,0,1,1,0,4,5,0,0,0,0,0,0,1,1,0,1,0,1,2,0,0,0,0,0,0,0,0,1,0,0,5,4,8,66,0,30,1,18,0,1,3,48,0,21,0,0,0,0,0,2,6,88,0,7,5,3,5,8,60,145,91,141,0,2,1,0,1,1,0,1,1,1,1,0,6,1
1294,24,4730,83,0,117,668,40,1972,47,259,1,41,4,497,88,8,10,572,82,33,47,31,11,170,1,213,2,283,0,509,1,338,20,0,0,161,52,14,1,1,2,0,0,0,0,3,0,15,1,0,0,6,0,8,0,2,0,0,0,59,8,6,3,43,2,99,1,15,0,53,9,81,3,698,84,138,84,17,4,0,0,9,0,103,4,11,0,121,1,0,0,2,0,0,0,0,0,4,0,0,1,0,0,0,0,0,1,0,0,0,0,0,0,0,0,0,0,0,0,0,0,0,0,8,0,36,3,6,5,5,2,0,0,13,8,5,4,0,0,0,0,1,0,27,14,4,2,4,2,15,8,9,26,102,66,1,0,0,0,0,0,3,0,3,1,0,1,1,1
53,1566,89,5331,117,0,84,1073,124,2929,11,487,3,151,266,313,4,4,117,236,12,65,9,45,2,57,0,518,3,173,0,73,74,613,0,0,128,89,9,3,1,12,0,1,0,3,2,2,1,3,0,1,0,1,0,3,0,2,0,0,5,143,1,7,0,6,4,225,0,37,8,14,5,11,126,932,64,724,14,36,0,0,0,11,2,195,3,36,0,158,0,0,0,7,0,0,1,0,3,6,0,0,0,0,0,0,1,0,1,0,0,0,0,0,0,0,0,0,0,1,0,0,0,2,2,14,10,47,1,13,0,10,0,2,5,34,1,15,0,0,0,1,1,4,5,80,0,10,1,3,5,9,34,14,87,190,0,3,3,1,1,2,2,4,0,2,1,1,6,1
1331,59,239,57,668,84,0,33,940,15,60,1,631,4,981,118,0,0,44,8,0,2,0,0,1,0,0,0,0,0,0,0,724,5,0,0,119,53,16,1,1,1,0,0,0,0,4,0,2,1,0,0,0,0,1,0,0,0,0,0,240,8,31,6,9,3,113,10,1,2,70,13,51,4,369,36,73,42,8,2,0,0,9,0,71,7,4,0,3,0,0,0,0,0,0,2,0,0,0,0,0,0,0,0,0,0,0,0,0,0,0,0,0,1,0,0,0,0,0,0,0,1,0,0,0,2,17,3,3,7,2,4,0,0,6,9,0,3,0,0,0,0,0,0,5,18,0,0,2,1,0,0,0,2,34,24,0,0,0,0,2,0,0,0,0,0,0,0,2,0
15,1117,41,366,40,1073,33,0,41,1157,1,17,2,549,113,374,0,0,36,52,0,0,0,3,0,3,0,0,0,0,0,0,23,410,0,0,61,101,5,7,1,1,0,0,0,0,0,0,0,2,0,0,0,0,0,1,0,0,0,0,0,99,1,13,1,2,0,468,0,12,1,15,5,13,44,365,23,257,1,8,0,0,0,1,3,48,0,0,1,9,0,0,0,0,1,0,1,0,0,0,0,1,1,0,0,0,0,0,0,0,1,0,1,0,0,0,0,0,0,0,0,0,0,0,0,4,5,20,2,11,0,3,0,0,0,8,1,5,0,0,0,1,0,1,2,20,0,2,3,2,0,0,0,0,37,57,0,0,0,0,0,0,1,0,1,1,0,0,0,1
393,39,859,93,1972,124,940,41,0,64,1347,7,286,7,593,90,0,1,625,104,2,7,2,5,2,1,6,1,14,1,55,0,1357,20,0,0,266,79,20,3,1,0,0,0,0,0,0,0,2,0,1,0,0,0,0,0,0,0,0,0,114,3,29,2,3,3,74,7,0,2,82,5,58,8,873,82,187,97,27,5,0,0,3,2,24,6,10,1,8,0,0,0,0,0,0,0,0,0,1,1,0,0,0,0,0,0,0,1,1,1,0,0,0,0,1,0,0,0,0,0,0,0,0,1,10,7,36,15,9,5,5,3,0,0,9,12,6,3,0,0,0,0,0,0,33,21,4,2,10,1,1,0,8,34,132,66,0,0,2,0,1,1,3,0,0,0,0,0,3,0
9,393,47,821,47,2929,15,1157,64,0,1,893,2,346,66,362,1,1,77,216,1,13,0,0,0,18,0,20,0,10,0,33,46,685,0,0,47,112,4,7,0,2,1,0,0,0,0,0,2,1,0,2,0,0,0,1,0,0,0,1,2,67,0,8,3,1,1,347,0,6,4,12,1,7,43,557,25,448,1,18,0,0,0,1,0,62,1,2,1,4,0,0,0,0,0,0,0,0,0,3,0,0,0,0,0,0,0,0,0,0,0,0,0,0,0,0,0,0,0,0,0,0,0,1,3,4,1,24,2,9,0,3,0,0,5,16,0,0,0,1,0,0,0,1,2,34,0,3,0,4,0,0,6,13,57,110,0,0,0,0,0,0,1,2,1,1,0,0,1,1
2,0,154,10,259,11,60,1,1347,1,0,1,9,0,1,0,6,5,116,42,20,31,8,5,44,2,315,0,737,3,571,0,608,4,0,0,7,3,0,0,0,0,1,0,0,0,0,0,0,0,0,0,0,0,0,0,0,0,0,0,0,0,0,0,0,0,0,0,0,0,0,0,0,0,141,8,49,4,7,0,0,0,0,0,1,0,19,0,3,0,1,0,0,0,0,0,0,0,0,0,0,0,0,0,0,0,0,0,0,0,0,0,0,0,0,0,0,0,0,0,0,0,0,0,1,1,1,0,0,0,0,0,0,0,1,0,0,0,0,0,0,0,0,0,0,0,0,0,0,0,7,6,6,14,10,8,0,0,0,0,0,0,0,0,0,0,0,0,0,0
0,1,6,284,1,487,1,17,7,893,1,0,0,6,1,5,1,1,7,87,0,25,1,17,0,105,0,317,0,926,1,398,9,533,0,0,0,6,0,0,0,1,0,0,0,3,0,0,0,0,0,0,0,0,0,0,0,0,0,1,0,0,0,0,0,0,0,0,0,0,0,1,0,0,10,266,1,157,2,0,0,0,0,0,0,0,1,24,0,6,0,2,0,3,0,0,0,0,0,1,0,0,0,0,0,0,0,0,0,0,0,0,0,0,0,0,0,0,0,0,0,0,0,0,0,0,0,3,0,1,0,2,0,0,0,2,0,1,0,0,0,0,0,1,0,1,0,1,0,0,0,3,9,16,5,17,0,1,0,0,0,0,0,0,0,0,0,0,0,0
630,1,21,2,41,3,631,2,286,2,9,0,0,0,33,3,0,0,6,0,0,0,0,0,0,0,0,0,0,0,0,0,504,4,0,0,15,5,12,2,0,2,0,0,0,0,1,2,5,1,0,0,2,1,0,1,0,1,0,0,1026,0,44,2,24,3,341,0,7,2,40,4,14,1,31,2,15,2,1,0,0,0,50,1,284,10,0,0,46,2,0,0,0,0,0,0,0,0,1,1,0,0,0,0,0,0,0,0,0,0,0,0,0,0,0,0,0,0,1,0,0,0,0,0,0,0,0,0,2,2,0,1,0,0,0,0,0,0,1,1,0,0,0,1,1,2,0,0,4,0,0,0,0,0,4,5,0,0,0,0,0,0,0,0,0,0,0,0,0,0
15,278,5,89,4,151,4,549,7,346,0,6,0,0,30,97,0,0,6,7,0,2,0,1,0,0,0,1,0,0,0,0,12,642,0,0,13,55,2,4,1,6,1,1,0,0,0,2,0,2,0,1,0,1,0,3,0,0,0,0,7,401,5,34,6,8,5,410,3,5,7,30,13,40,2,64,5,473,1,65,0,0,0,103,2,117,0,0,0,2,0,0,0,0,0,1,1,0,1,4,0,0,0,0,2,0,1,2,1,0,0,0,1,0,0,0,0,1,0,2,0,0,0,0,0,0,0,24,7,33,0,8,0,0,0,18,0,2,0,0,0,2,0,4,1,26,0,7,3,4,0,0,2,1,3,3,0,0,0,0,0,4,0,4,1,1,0,2,3,1
1308,493,2706,236,497,266,981,113,593,66,1,1,33,30,0,796,0,0,386,31,0,2,0,0,1,0,0,0,0,0,1,0,225,33,0,0,1319,216,13,4,1,8,3,0,1,0,12,0,20,4,1,1,3,0,5,1,1,1,0,0,259,84,17,26,22,1,62,26,4,12,424,63,1490,191,98,100,369,187,70,22,0,0,10,2,54,12,0,0,52,6,0,0,0,1,5,4,1,5,13,8,1,0,0,0,1,2,2,5,1,5,0,0,2,3,0,0,0,0,0,1,0,0,0,0,7,4,170,58,44,46,29,12,0,0,33,41,11,8,1,0,0,0,3,4,77,92,10,5,22,5,0,0,0,0,62,55,0,0,1,0,18,7,22,5,14,1,4,4,7,3
150,961,54,2129,88,313,118,374,90,362,0,5,3,97,796,0,0,1,71,750,0,2,1,1,0,0,0,0,0,0,0,1,52,88,0,0,583,2798,9,70,0,8,1,1,0,0,1,7,14,34,0,9,0,3,0,4,0,0,0,0,36,98,2,221,2,5,3,64,0,10,25,803,110,1226,59,195,64,551,12,82,0,0,0,0,7,22,1,0,6,11,0,0,0,2,0,2,1,1,2,4,1,0,0,0,2,0,0,6,2,0,0,0,2,1,0,1,0,0,0,1,0,0,0,1,1,16,22,124,5,58,2,23,0,6,6,80,1,25,0,0,0,1,0,5,17,169,0,26,2,15,0,0,1,6,62,117,0,0,5,0,0,11,4,8,0,8,0,2,5,1
0,0,13,7,8,4,0,0,0,1,6,1,0,0,0,0,0,136,17,32,354,21,512,4,75,1,18,1,57,1,3,0,61,2,0,0,0,1,0,0,9,0,2,0,150,0,0,0,0,0,0,0,0,0,0,0,0,0,0,0,0,0,0,0,0,0,0,0,0,0,0,0,0,0,96,2,111,1,2,0,0,0,0,0,5,0,27,0,15,0,4,0,0,0,0,0,0,0,0,0,0,0,0,0,0,0,0,0,0,0,0,0,0,0,0,0,0,0,0,0,0,0,0,0,0,0,0,0,0,0,0,0,0,0,0,0,0,0,0,0,0,0,0,0,0,0,0,0,0,0,210,8,65,9,29,0,239,0,0,0,0,0,0,0,0,0,0,0,0,0
0,0,4,8,10,4,0,0,1,1,5,1,0,0,0,1,136,0,12,21,31,283,11,616,1,22,2,1,6,3,2,1,5,92,0,0,1,1,0,0,0,123,0,0,0,18,0,0,0,0,0,0,0,0,0,0,0,0,0,0,0,0,0,0,0,0,0,0,0,0,0,0,0,0,321,80,1,133,0,2,0,0,0,0,0,0,0,15,0,0,0,0,0,0,0,0,0,0,0,1,0,0,0,0,0,0,0,0,0,1,0,0,1,0,0,0,1,0,0,0,0,0,0,0,0,6,0,1,0,0,0,2,0,3,1,0,0,1,0,0,0,0,0,0,0,0,0,0,0,0,9,181,22,16,0,50,2,130,0,0,0,0,0,0,0,1,0,0,0,1
15,7,2768,126,572,117,44,36,625,77,116,7,6,6,386,71,17,12,0,229,208,105,55,18,10,6,7,5,45,8,15,2,443,32,0,0,695,87,20,2,0,1,0,0,1,0,5,0,1,0,0,1,0,0,0,0,0,0,0,0,2,1,8,1,2,0,2,2,0,0,38,0,4,0,415,107,165,113,32,6,0,0,0,0,4,4,15,0,8,0,0,0,0,1,0,0,0,0,1,1,0,0,0,1,0,0,0,1,0,0,0,0,0,0,0,0,0,0,0,0,0,1,0,0,9,3,15,13,1,2,2,2,0,0,11,10,1,1,0,0,0,0,2,0,8,14,1,2,3,1,12,12,313,101,675,105,0,0,1,1,2,0,0,1,0,2,0,0,0,0
6,14,92,1483,82,236,8,52,104,216,42,87,0,7,31,750,32,21,229,0,58,500,78,100,12,48,0,15,14,62,8,12,131,221,0,0,32,715,5,29,0,1,0,0,0,3,0,0,0,0,0,2,0,0,0,0,0,0,0,0,0,6,0,3,0,0,0,3,0,0,3,20,2,3,132,318,53,343,1,20,0,0,0,1,3,4,4,42,3,7,0,0,0,3,0,0,0,0,1,3,0,0,0,0,0,0,1,0,0,0,0,0,0,0,0,0,0,0,0,0,0,0,0,0,1,8,3,16,0,7,1,5,0,0,1,23,0,3,0,0,0,0,0,0,0,23,0,4,1,2,46,64,168,937,111,438,3,3,0,0,0,0,0,1,0,1,0,0,0,0
1,0,57,20,33,12,0,0,2,1,20,0,0,0,0,0,354,31,208,58,0,95,1106,32,104,2,21,3,177,1,6,1,57,10,0,0,9,3,0,0,0,0,0,0,0,0,0,0,0,0,0,0,0,0,0,0,0,0,0,0,0,0,0,0,0,0,0,0,0,0,0,0,0,0,106,14,10,9,0,0,0,0,0,0,2,0,8,0,2,0,1,0,0,0,0,0,0,0,0,0,0,0,0,0,0,0,0,0,0,0,0,0,0,0,0,0,0,0,0,0,0,0,0,0,0,0,0,1,0,0,0,0,0,0,0,0,0,0,0,0,0,0,0,0,0,0,0,0,0,0,400,21,474,38,162,9,13,1,0,0,0,0,0,0,0,0,0,0,0,0
0,0,36,210,47,65,2,0,7,13,31,25,0,2,2,2,21,283,105,500,95,0,46,1249,7,318,5,116,22,131,6,5,52,139,0,0,3,14,0,0,0,0,0,0,1,0,0,0,0,0,0,0,0,0,0,0,0,0,0,0,1,0,0,0,0,0,0,0,0,0,0,1,0,0,140,90,23,44,0,0,0,0,0,0,1,0,7,30,1,1,1,1,0,0,0,0,0,0,0,0,0,0,0,0,0,0,0,0,0,0,0,0,0,0,0,0,0,0,0,0,0,0,0,0,0,0,0,0,0,0,0,0,0,0,0,0,0,0,0,0,0,0,0,0,1,0,0,0,0,0,46,477,122,418,17,111,0,28,0,0,0,0,0,0,0,0,0,0,0,0
0,0,55,13,31,9,0,0,2,0,8,1,0,0,0,1,512,11,55,78,1106,46,0,76,638,1,57,1,332,4,8,0,70,3,0,0,2,3,0,0,0,0,0,0,2,0,0,0,0,0,0,0,0,0,0,0,0,0,0,0,0,0,0,0,0,0,0,0,0,0,0,0,0,0,74,6,52,4,0,0,0,0,0,0,2,0,17,2,12,1,0,0,0,0,0,0,0,0,0,0,0,0,0,0,0,0,0,0,0,0,0,0,0,0,0,0,0,0,0,0,0,0,0,0,0,0,0,0,0,0,0,0,0,0,0,0,0,0,0,0,0,0,0,0,0,0,0,0,0,0,235,13,132,23,114,8,62,0,0,0,0,0,0,0,0,0,0,0,0,0
0,0,15,29,11,45,0,3,5,0,5,17,0,1,0,1,4,616,18,100,32,1249,76,0,0,609,0,99,4,74,3,9,7,101,0,0,0,4,0,0,0,1,0,0,0,1,0,0,0,0,0,0,0,0,0,0,0,0,0,0,0,0,0,0,0,0,0,0,0,0,0,0,0,0,41,111,7,63,0,0,0,0,0,0,1,0,1,7,0,1,0,0,0,0,0,0,0,0,0,0,0,0,0,0,0,0,0,0,0,0,0,0,0,0,0,0,0,0,0,0,0,0,0,0,0,0,0,0,0,0,0,0,0,0,0,0,0,0,0,0,0,0,0,0,0,0,0,0,0,0,12,125,27,40,6,31,0,366,0,0,0,0,0,0,0,0,0,0,0,0
0,0,154,2,170,2,1,0,2,0,44,0,0,0,1,0,75,1,10,12,104,7,638,0,0,0,231,0,315,0,28,0,50,0,0,0,1,0,0,0,0,0,0,0,1,0,0,0,0,0,0,0,0,0,0,0,0,0,0,0,0,0,0,0,0,0,0,0,0,0,0,0,0,0,18,1,10,0,0,0,0,0,0,0,1,0,4,0,1,0,0,0,0,0,0,0,0,0,0,0,0,0,0,0,0,0,0,0,0,0,0,0,0,0,0,0,0,0,0,0,0,0,0,0,0,0,0,0,0,0,0,0,0,0,0,0,0,0,0,0,0,0,0,0,0,0,0,0,0,0,7,1,4,1,3,2,17,0,0,0,0,0,0,0,0,0,0,0,0,0
0,0,1,70,1,57,0,3,1,18,2,105,0,0,0,0,1,22,6,48,2,318,1,609,0,0,0,534,2,178,0,7,1,155,0,0,0,0,0,0,0,1,0,0,0,1,0,0,0,0,0,0,0,0,0,0,0,0,0,0,0,0,0,0,0,0,0,0,0,0,0,0,0,0,6,27,1,24,0,0,0,0,0,0,0,0,0,6,0,0,0,0,0,0,0,0,0,0,0,0,0,0,0,0,0,0,0,0,0,0,0,0,0,0,0,0,0,0,0,0,0,0,0,0,0,0,0,0,0,0,0,0,0,0,0,0,0,0,0,0,0,0,0,0,0,0,0,0,0,0,2,8,2,3,1,2,0,9,0,0,0,0,0,0,0,0,0,0,0,0
0,0,172,1,213,0,0,0,6,0,315,0,0,0,0,0,18,2,7,0,21,5,57,0,231,0,0,0,288,0,87,0,40,0,0,0,0,0,0,0,0,0,0,0,0,0,0,0,0,0,0,0,0,0,0,0,0,0,0,0,0,0,0,0,0,0,0,0,0,0,0,0,0,0,32,0,9,0,0,0,0,0,0,0,0,0,3,0,2,0,0,0,0,0,0,0,0,0,0,0,0,0,0,0,0,0,0,0,0,0,0,0,0,0,0,0,0,0,0,0,0,0,0,0,0,0,0,0,0,0,0,0,0,0,0,0,0,0,0,0,0,0,0,0,0,0,0,0,0,0,1,1,1,0,0,0,2,0,0,0,0,0,0,0,0,0,0,0,0,0
0,0,0,229,2,518,0,0,1,20,0,317,0,1,0,0,1,1,5,15,3,116,1,99,0,534,0,0,0,320,0,81,2,106,0,0,0,1,0,0,0,0,0,1,0,0,0,0,0,0,0,0,0,0,0,0,0,0,0,1,0,0,0,0,0,0,0,0,0,0,0,0,0,0,7,62,0,22,0,0,0,0,0,0,0,0,0,12,0,1,0,0,0,1,0,0,0,0,0,0,0,0,0,0,0,0,0,0,0,0,0,0,0,0,0,0,0,0,0,0,0,0,0,0,0,0,0,0,0,0,0,0,0,0,0,0,0,0,0,0,0,0,0,0,0,0,0,0,0,0,0,0,1,0,0,0,0,2,0,0,0,0,0,0,0,0,0,0,0,0
0,0,158,5,283,3,0,0,14,0,737,0,0,0,0,0,57,6,45,14,177,22,332,4,315,2,288,0,0,2,134,0,379,1,0,0,2,0,0,0,1,0,2,0,0,0,0,0,0,0,0,0,0,0,0,0,0,0,0,0,0,0,0,0,0,0,0,0,0,0,0,0,0,0,96,4,50,1,0,0,0,0,1,0,4,0,32,0,11,0,1,0,0,0,0,0,0,0,0,0,0,0,0,0,0,0,0,0,0,0,0,0,0,0,0,0,0,0,0,0,0,0,0,0,0,0,0,0,0,0,0,0,0,0,0,0,0,0,0,0,0,0,0,0,0,0,0,0,0,0,17,2,12,4,10,0,28,0,0,0,0,0,0,0,0,0,0,0,0,0
0,0,1,124,0,173,0,0,1,10,3,926,0,0,0,0,1,3,8,62,1,131,4,74,0,178,0,320,2,0,0,98,4,426,0,0,0,2,0,0,0,3,0,0,0,2,0,0,0,0,0,1,0,0,0,0,0,0,0,1,0,0,0,0,0,0,0,0,0,0,0,0,0,0,8,72,3,29,0,1,0,0,0,0,0,0,1,17,0,2,0,9,0,1,0,0,0,0,0,0,0,0,0,0,0,0,0,0,0,0,0,0,0,0,0,0,0,0,0,0,0,0,0,0,0,0,0,0,0,0,0,0,0,0,0,0,0,0,0,0,0,0,0,0,0,0,0,0,0,0,2,2,3,5,2,0,0,3,0,0,0,0,0,0,0,0,0,0,0,0
0,0,41,0,509,0,0,0,55,0,571,1,0,0,1,0,3,2,15,8,6,6,8,3,28,0,87,0,134,0,0,0,144,0,0,0,0,0,0,0,0,0,0,0,0,0,0,0,0,0,0,0,0,0,0,0,0,0,0,0,0,0,0,0,0,0,0,0,0,0,0,0,0,0,55,1,25,0,0,0,0,0,0,0,0,0,9,0,3,0,0,0,0,0,0,0,0,0,0,0,0,0,0,0,0,0,0,0,0,0,0,0,0,0,0,0,0,0,0,0,0,0,0,0,0,0,0,0,0,0,0,0,0,0,0,0,0,0,0,0,0,0,0,0,0,0,0,0,0,0,3,1,3,1,2,1,0,0,0,0,0,0,0,0,0,0,0,0,0,0
0,0,1,23,1,73,0,0,0,33,0,398,0,0,0,1,0,1,2,12,1,5,0,9,0,7,0,81,0,98,0,0,2,66,0,0,0,1,0,0,0,0,0,0,0,0,0,0,0,0,0,0,0,0,0,0,0,0,0,0,0,0,0,0,0,0,0,0,0,0,0,0,0,0,1,46,0,26,0,0,0,0,0,0,0,0,0,7,0,2,0,0,0,0,0,0,0,0,0,0,0,0,0,0,0,0,0,0,0,0,0,0,0,0,0,0,0,0,0,0,0,0,0,0,0,0,0,0,0,0,0,0,0,0,0,0,0,1,0,0,0,0,0,0,0,0,0,0,0,0,1,0,0,2,0,2,0,0,0,0,0,0,0,0,0,0,0,0,0,0
729,52,432,72,338,74,724,23,1357,46,608,9,504,12,225,52,61,5,443,131,57,52,70,7,50,1,40,2,379,4,144,2,0,24,0,0,181,92,43,4,139,10,18,0,78,0,21,11,28,7,3,3,7,2,28,4,1,3,0,0,1202,32,266,25,81,15,415,26,17,6,242,40,412,20,1345,63,1436,62,271,9,0,0,98,3,607,28,332,2,232,13,3,0,1,9,0,0,0,1,11,2,3,2,0,1,1,0,0,1,0,2,2,0,0,1,0,0,0,0,1,0,0,1,1,0,29,0,83,16,56,14,8,1,0,0,50,1,13,4,49,0,1,0,13,2,100,33,12,2,19,7,8,4,16,58,89,73,26,0,0,0,7,0,15,1,8,0,4,0,4,0
14,67,25,490,20,613,5,410,20,685,4,533,4,642,33,88,2,92,32,221,10,139,3,101,0,155,0,106,1,426,0,66,24,0,0,0,25,58,14,27,3,42,0,5,0,5,11,16,3,39,1,51,0,18,0,37,0,69,0,64,8,131,9,61,21,19,12,124,15,10,25,72,7,10,24,434,19,2582,4,92,0,0,8,95,10,384,1,257,4,278,0,4,0,74,2,1,4,0,1,8,0,0,0,2,1,0,5,1,0,2,0,3,2,0,0,0,0,0,0,2,0,0,0,3,1,4,3,19,6,56,1,6,0,0,1,13,0,3,2,24,0,3,0,17,3,37,1,7,2,2,0,5,17,26,25,54,0,2,0,0,1,3,0,16,0,5,0,1,3,1
0,0,0,0,0,0,0,0,0,0,0,0,0,0,0,0,0,0,0,0,0,0,0,0,0,0,0,0,0,0,0,0,0,0,0,0,0,0,0,0,0,0,0,0,0,0,0,0,0,0,0,0,0,0,0,0,0,0,0,0,0,0,0,0,0,0,0,0,0,0,0,0,0,0,0,0,0,0,0,0,0,0,0,0,0,0,0,0,0,0,0,0,0,0,0,0,0,0,0,0,0,0,0,0,0,0,0,0,0,0,0,0,0,0,0,0,0,0,0,0,0,0,0,0,0,0,0,0,0,0,0,0,0,0,0,0,0,0,0,0,0,0,0,0,0,0,0,0,0,0,0,0,0,0,0,0,0,0,0,0,0,0,0,0,0,0,0,0,0,0
0,0,0,0,0,0,0,0,0,0,0,0,0,0,0,0,0,0,0,0,0,0,0,0,0,0,0,0,0,0,0,0,0,0,0,0,0,0,0,0,0,0,0,0,0,0,0,0,0,0,0,0,0,0,0,0,0,0,0,0,0,0,0,0,0,0,0,0,0,0,0,0,0,0,0,0,0,0,0,0,0,0,0,0,0,0,0,0,0,0,0,0,0,0,0,0,0,0,0,0,0,0,0,0,0,0,0,0,0,0,0,0,0,0,0,0,0,0,0,0,0,0,0,0,0,0,0,0,0,0,0,0,0,0,0,0,0,0,0,0,0,0,0,0,0,0,0,0,0,0,0,0,0,0,0,0,0,0,0,0,0,0,0,0,0,0,0,0,0,0
161,281,383,105,161,128,119,61,266,47,7,0,15,13,1319,583,0,1,695,32,9,3,2,0,1,0,0,0,2,0,0,0,181,25,0,0,0,205,1350,6,32,8,8,0,0,0,145,2,89,4,47,0,2,0,2,2,0,0,2,0,184,162,52,89,85,24,68,72,11,5,2307,177,224,252,217,86,186,91,53,19,0,0,18,4,32,19,0,0,5,8,0,0,0,1,0,1,3,0,8,1,2,1,0,0,2,1,1,3,3,0,5,2,0,1,0,0,0,0,0,1,0,0,0,0,2,3,86,22,154,48,10,7,0,1,12,13,3,6,1,1,0,0,0,4,52,81,6,10,21,8,2,0,22,3,575,36,0,0,1,0,5,1,26,8,5,1,1,0,4,2
316,211,43,191,52,89,53,101,79,112,3,6,5,55,216,2798,1,1,87,715,3,14,3,4,0,0,0,1,0,2,0,1,92,58,0,0,205,0,8,966,10,9,1,20,0,0,5,58,41,137,1,117,0,1,1,3,0,0,0,1,231,142,9,280,20,78,16,153,3,9,72,2983,142,777,69,200,90,209,31,40,0,0,1,25,5,65,1,1,11,16,0,0,0,4,2,1,2,1,11,7,0,0,0,1,7,1,5,5,0,1,2,1,1,3,0,0,0,1,0,1,0,0,0,0,5,11,65,58,42,125,11,15,0,1,15,34,5,6,0,0,0,2,2,5,57,134,5,12,8,24,0,14,2,178,166,1139,0,0,1,0,5,10,10,7,3,6,1,0,6,2
30,9,24,4,14,9,16,5,20,4,0,0,12,2,13,9,0,0,20,5,0,0,0,0,0,0,0,0,0,0,0,0,43,14,0,0,1350,8,0,73,63,34,6,1,0,0,255,105,109,49,182,83,10,3,28,10,2,7,22,14,79,7,32,12,149,26,122,23,101,43,1127,253,11,2,12,3,27,21,2,6,0,0,77,16,183,81,0,1,44,32,0,0,2,8,0,0,1,0,10,3,2,0,0,1,2,0,3,0,1,0,1,0,1,0,1,0,0,0,0,1,0,1,0,1,2,2,9,6,61,31,0,1,0,0,5,3,0,0,10,4,0,2,4,7,22,24,4,2,21,1,0,0,0,0,4,2,0,0,0,0,0,1,6,4,3,1,1,0,1,0
1,17,1,10,1,3,1,7,3,7,0,0,2,4,4,70,0,0,2,29,0,0,0,0,0,0,0,0,0,0,0,0,4,27,0,0,6,966,73,0,16,145,1,3,0,0,84,198,57,217,21,161,3,15,7,34,3,31,0,9,8,9,5,11,7,33,6,44,7,159,110,1286,2,5,1,10,2,40,1,6,0,0,7,24,6,229,0,1,1,114,0,0,1,43,2,0,2,0,0,8,0,0,1,0,1,0,3,1,2,5,0,0,2,1,8,0,0,0,0,1,0,4,0,3,0,1,0,4,5,60,0,3,0,0,0,7,0,0,0,11,0,6,0,21,3,52,0,7,4,4,0,0,0,4,3,32,0,0,0,0,0,6,0,10,0,2,0,2,4,0
7,3,0,0,1,1,1,1,1,0,0,0,0,1,1,0,9,0,0,0,0,0,0,0,0,0,0,0,1,0,0,0,139,3,0,0,32,10,63,16,0,11,978,0,326,1,9,54,14,8,39,9,1,2,10,0,0,1,203,4,42,10,45,15,9,11,15,14,5,2,134,52,31,2,78,0,369,7,106,4,0,0,9,2,388,15,229,0,118,2,315,0,9,5,7,6,6,7,68,3,19,3,2,10,9,0,12,14,6,5,7,5,0,1,0,0,0,1,0,7,3,1,2,0,26,0,22,1,94,1,7,0,1,0,16,1,8,0,547,0,5,0,75,0,386,2,8,0,24,0,0,0,1,0,1,0,28,0,4,1,4,0,26,0,10,0,6,1,2,2
6,16,4,8,2,12,1,1,0,2,0,1,2,6,8,8,0,123,1,1,0,0,0,1,0,1,0,0,0,3,0,0,10,42,0,0,8,9,34,145,11,0,0,1505,0,180,18,16,18,41,1,186,1,10,3,40,2,87,0,995,5,51,6,36,21,11,17,23,12,11,48,157,3,6,2,92,29,586,8,538,0,0,16,4,45,66,0,472,14,179,0,245,0,500,3,4,7,3,2,32,3,1,3,2,3,0,10,9,12,6,1,7,3,5,1,0,1,4,0,7,0,22,0,9,0,49,2,69,9,55,0,5,0,4,1,16,0,6,1,694,0,9,1,91,1,389,3,15,10,10,0,0,0,1,2,1,7,51,5,0,2,8,1,214,5,10,1,3,7,3
3,1,0,0,0,0,0,0,0,1,1,0,0,1,3,1,2,0,0,0,0,0,0,0,0,0,0,0,2,0,0,0,18,0,0,0,8,1,6,1,978,0,0,1,355,0,81,0,3,2,808,0,0,0,2,0,1,0,1045,0,7,2,0,2,2,1,3,4,3,0,35,2,6,0,11,0,36,6,40,8,0,0,3,0,14,1,101,0,8,0,86,0,24,0,94,105,64,54,107,15,61,17,30,41,52,11,116,77,62,18,17,26,4,0,7,4,2,5,1,1,0,0,0,0,0,0,4,2,11,2,0,0,0,0,0,0,0,0,14,0,4,1,3,0,6,0,0,0,4,0,0,0,0,0,1,0,1,0,22,0,5,1,19,5,5,0,6,3,1,1
0,0,0,2,0,1,0,0,0,0,0,0,0,1,0,1,0,0,0,0,0,0,0,0,0,0,0,1,0,0,0,0,0,5,0,0,0,20,1,3,0,1505,1,0,0,650,3,64,0,10,8,677,0,3,0,2,0,19,1,1179,0,1,0,0,0,0,0,2,0,0,6,99,0,0,0,1,4,53,1,4,0,0,0,0,1,5,0,89,0,8,0,230,0,63,2,3,0,1,0,14,4,1,1,2,1,1,2,8,3,11,1,1,0,0,0,1,0,0,0,0,0,1,0,0,0,1,0,0,0,1,0,1,0,0,0,2,0,0,0,13,0,1,0,1,0,0,0,0,0,0,0,0,0,0,0,0,2,6,1,0,0,0,2,5,0,0,0,0,1,3
0,0,0,0,0,0,0,0,0,0,0,0,0,0,1,0,150,0,1,0,0,1,2,0,1,0,0,0,0,0,0,0,78,0,0,0,0,0,0,0,326,0,355,0,0,0,0,0,0,0,0,0,0,0,0,0,0,0,0,0,1,0,0,0,0,0,0,0,0,0,0,0,0,0,5,0,130,0,98,0,0,0,0,0,43,0,625,0,118,0,159,0,4,0,0,0,0,0,4,1,0,0,0,0,0,0,0,0,0,0,0,0,0,0,0,0,0,0,0,2,0,0,0,0,19,0,1,0,1,0,1,0,1,0,4,0,2,0,1,0,0,0,0,0,0,0,0,0,0,0,0,0,0,0,0,0,117,0,0,0,2,0,3,0,9,1,0,0,1,1
0,0,0,4,0,3,0,0,0,0,0,3,0,0,0,0,0,18,0,3,0,0,0,1,0,1,0,0,0,2,0,0,0,5,0,0,0,0,0,0,1,180,0,650,0,0,0,0,0,0,0,1,0,0,0,0,0,1,0,60,0,3,0,1,0,0,0,0,0,0,0,1,0,0,0,15,29,295,2,91,0,0,0,0,0,2,0,908,1,27,0,146,0,79,0,0,0,0,3,2,0,0,0,0,2,0,1,1,0,0,0,0,0,1,0,0,0,0,0,0,0,4,0,0,0,33,0,3,0,2,0,4,0,1,0,10,0,0,0,3,0,0,0,0,0,2,0,0,1,0,0,0,1,1,0,1,9,199,0,0,0,3,0,3,1,8,0,1,1,0
23,2,12,1,3,2,4,0,0,0,0,0,1,0,12,1,0,0,5,0,0,0,0,0,0,0,0,0,0,0,0,0,21,11,0,0,145,5,255,84,9,18,81,3,0,0,0,2381,2960,1225,2796,975,1575,210,1137,68,335,110,126,71,32,2,23,1,30,0,55,1,85,6,1110,312,8,1,2,1,6,19,2,2,0,0,16,1,205,33,0,4,362,72,0,0,53,39,89,11,0,0,0,0,0,1,12,11,0,0,1,0,2,0,1,0,2,0,24,0,0,0,0,0,0,0,0,0,2,0,1,0,4,3,0,0,0,0,0,0,0,0,7,4,2,0,6,7,1,8,0,0,1,2,0,0,0,0,0,0,0,0,0,0,1,0,1,1,0,1,0,0,0,0
7,3,0,1,0,2,0,0,0,0,0,0,2,2,0,7,0,0,0,0,0,0,0,0,0,0,0,0,0,0,0,0,11,16,0,0,2,58,105,198,54,16,0,64,0,0,2381,0,1051,2786,199,2412,53,1458,204,980,68,674,11,102,4,7,1,6,0,9,3,4,7,17,475,1253,0,0,0,0,3,33,0,3,0,0,3,4,65,56,0,4,133,108,0,1,35,60,4,6,1,0,2,2,2,0,1,9,1,0,1,0,0,1,1,1,0,0,10,0,0,0,0,3,0,0,0,2,0,0,0,1,1,3,0,0,0,0,0,2,0,0,5,4,1,2,7,6,2,13,0,0,1,1,0,0,0,0,0,0,0,0,0,0,1,2,0,2,1,0,0,0,1,0
44,13,18,5,15,1,2,0,2,2,0,0,5,0,20,14,0,0,1,0,0,0,0,0,0,0,0,0,0,0,0,0,28,3,0,0,89,41,109,57,14,18,3,0,0,0,2960,1051,0,486,273,153,2387,166,1437,48,91,12,9,10,45,2,133,11,81,7,91,8,161,14,1342,384,6,3,2,2,9,12,1,3,0,0,37,6,257,37,0,0,367,22,0,0,34,9,5,0,1,1,3,0,2,0,2,1,0,0,1,0,0,0,0,0,0,0,4,0,0,0,0,0,0,0,0,0,1,0,1,1,12,8,0,2,0,0,2,1,0,0,11,2,2,0,4,0,15,8,0,0,5,1,0,0,0,0,0,0,0,0,0,0,0,0,4,1,1,0,1,0,0,0
8,52,1,25,1,3,1,2,0,1,0,0,1,2,4,34,0,0,0,0,0,0,0,0,0,0,0,0,0,0,0,0,7,39,0,0,4,137,49,217,8,41,2,10,0,0,1225,2786,486,0,6,346,3,2761,12,666,6,179,0,23,8,27,6,187,13,29,13,28,12,188,165,3567,2,13,0,1,5,61,2,5,0,0,10,20,33,208,0,3,29,190,0,0,0,60,0,1,1,0,4,5,2,0,0,0,0,0,1,0,0,2,3,0,1,0,1,0,0,0,0,6,0,0,0,1,0,2,1,3,7,33,0,0,0,0,1,3,0,0,2,12,0,3,0,16,1,30,0,3,1,5,0,0,0,0,0,0,0,0,0,0,1,1,0,7,1,2,1,0,4,0
4,0,3,0,0,0,0,0,1,0,0,0,0,0,1,0,0,0,0,0,0,0,0,0,0,0,0,0,0,0,0,0,3,1,0,0,47,1,182,21,39,1,808,8,0,0,2796,199,273,6,0,152,231,5,592,3,816,11,1680,24,4,0,3,1,4,0,4,0,8,0,479,83,0,0,0,0,2,3,0,0,0,0,3,0,53,1,0,0,290,4,0,0,87,5,344,0,1,0,111,1,218,5,101,0,0,0,1,2,4,1,0,0,1,50,21,3,1,4,0,0,0,0,0,0,0,0,3,1,26,1,0,0,0,0,2,0,2,0,9,0,0,0,21,0,56,1,2,0,6,0,0,0,0,0,0,0,0,1,0,0,0,0,1,0,1,0,0,0,2,0
1,6,0,1,0,1,0,0,0,2,0,0,0,1,1,9,0,0,1,2,0,0,0,0,0,0,0,0,0,1,0,0,3,51,0,0,0,117,83,161,9,186,0,677,0,1,975,2412,153,346,152,0,13,183,62,290,34,1971,18,1984,2,5,1,8,2,2,2,1,3,10,222,718,1,0,0,6,3,158,2,14,0,0,3,9,15,174,0,22,89,341,0,3,16,315,6,230,0,0,5,46,3,1,0,77,2,0,3,5,3,11,1,0,15,183,8,59,1,0,1,16,0,4,0,2,0,4,0,6,2,11,0,1,0,0,0,4,1,1,3,53,0,11,3,27,4,53,0,0,1,2,0,0,0,0,0,0,0,0,1,0,0,1,0,24,0,4,0,7,22,2
13,0,6,0,6,0,0,0,0,0,0,0,2,0,3,0,0,0,0,0,0,0,0,0,0,0,0,0,0,0,0,0,7,0,0,0,2,0,10,3,1,1,0,0,0,0,1575,53,2387,3,231,13,0,1,2825,1,79,3,5,2,14,0,490,0,28,0,12,0,76,0,922,7,5,0,0,0,2,0,0,0,0,0,6,0,47,2,0,0,160,3,0,0,12,1,20,0,1,0,0,0,0,0,7,1,0,0,0,0,0,0,0,0,0,0,0,0,0,0,0,0,0,0,0,0,0,0,1,0,2,0,0,0,0,0,0,0,0,0,0,0,1,0,0,0,0,0,0,0,1,0,0,0,0,0,0,0,0,0,0,0,0,0,0,0,0,0,0,0,1,0
0,11,0,3,0,1,0,0,0,0,0,0,1,1,0,3,0,0,0,0,0,0,0,0,0,0,0,0,0,0,0,0,2,18,0,0,0,1,3,15,2,10,0,3,0,0,210,1458,166,2761,5,183,1,0,3,2415,1,436,0,74,0,26,2,114,0,28,0,5,1,388,16,1067,0,1,0,1,0,13,0,1,0,0,0,5,4,54,0,1,9,109,0,0,1,65,1,2,0,0,1,0,1,0,0,0,0,0,1,0,0,0,1,0,0,1,1,0,0,0,0,0,0,1,0,0,0,0,0,1,0,5,0,0,0,0,0,2,0,0,0,2,0,0,0,4,0,3,0,0,0,1,0,0,0,0,0,0,0,0,0,0,0,1,0,4,0,0,0,1,0,2
100,0,24,0,8,0,1,0,0,0,0,0,0,0,5,0,0,0,0,0,0,0,0,0,0,0,0,0,0,0,0,0,28,0,0,0,2,1,28,7,10,3,2,0,0,0,1137,204,1437,12,592,62,2825,3,0,12,2584,19,239,6,97,0,442,0,1127,1,38,2,1384,0,657,21,11,0,0,0,9,1,0,0,0,0,22,0,255,1,0,0,3573,9,0,0,265,9,68,4,0,0,1,1,1,0,10,0,0,0,1,1,1,0,0,0,0,0,1,0,0,0,0,0,0,0,0,0,0,0,0,0,9,2,2,0,0,0,1,0,0,0,15,0,1,0,4,1,5,1,0,0,0,0,0,0,0,0,0,0,0,0,0,0,0,0,3,0,1,0,0,0,0,0
2,52,1,12,0,3,0,1,0,1,0,0,1,3,1,4,0,0,0,0,0,0,0,0,0,0,0,0,0,0,0,0,4,37,0,0,2,3,10,34,0,40,0,2,0,0,68,980,48,666,3,290,1,2415,12,0,2,1887,0,102,0,75,0,81,0,97,2,20,2,1226,31,584,0,1,0,1,1,87,0,2,0,0,2,4,14,94,0,4,36,2769,0,1,3,679,1,1,0,1,1,4,0,0,0,0,1,0,2,0,1,1,0,0,3,0,0,0,0,0,0,0,0,1,0,1,0,0,0,2,0,11,0,2,0,0,0,1,0,1,0,11,0,2,1,14,2,18,0,3,0,2,0,0,0,0,0,0,0,0,0,0,0,1,0,7,1,0,0,0,1,0
5,0,2,0,2,0,0,0,0,0,0,0,0,0,1,0,0,0,0,0,0,0,0,0,0,0,0,0,0,0,0,0,1,0,0,0,0,0,2,3,0,2,1,0,0,0,335,68,91,6,816,34,79,1,2584,2,0,8,1227,3,3,0,4,0,1,0,5,0,3,0,56,5,1,0,0,0,1,0,0,0,0,0,1,0,37,0,0,0,510,1,0,0,573,5,123,0,0,0,0,0,0,0,11,0,0,0,0,0,0,0,0,0,0,0,0,0,0,0,0,0,0,0,0,0,0,0,0,0,0,0,0,0,0,0,0,0,0,0,1,0,1,0,0,0,0,0,0,0,0,0,0,0,0,0,0,0,0,0,0,0,0,0,0,0,0,0,0,0,0,0
2,2,0,2,0,2,0,0,0,0,0,0,1,0,1,0,0,0,0,0,0,0,0,0,0,0,0,0,0,0,0,0,3,69,0,0,0,0,7,31,1,87,0,19,0,1,110,674,12,179,11,1971,3,436,19,1887,8,0,3,1551,0,1,0,1,0,4,1,0,1,8,53,111,0,0,0,2,2,189,0,13,0,0,2,2,11,94,0,13,57,306,0,3,4,1054,0,13,0,0,0,3,0,0,0,4,0,0,3,0,0,1,0,0,1,1,0,0,0,0,0,0,0,0,0,1,0,0,1,1,0,8,0,1,0,0,0,1,0,0,1,23,0,4,0,17,0,33,0,1,0,0,0,0,0,0,1,0,0,0,1,0,0,0,0,4,0,2,0,0,0,0
2,0,0,0,0,0,0,0,0,0,0,0,0,0,0,0,0,0,0,0,0,0,0,0,0,0,0,0,0,0,0,0,0,0,0,0,2,0,22,0,203,0,1045,1,0,0,126,11,9,0,1680,18,5,0,239,0,1227,3,0,2,1,0,1,0,0,0,1,0,1,0,36,9,0,0,0,0,0,0,0,0,0,0,0,0,7,0,23,0,148,1,391,0,1867,1,193,0,7,0,0,0,215,0,206,0,2,0,1,0,0,0,0,0,0,0,2,0,0,0,0,0,0,0,0,0,0,0,0,0,0,0,0,0,0,0,0,0,0,0,0,0,0,0,0,0,0,0,0,0,0,0,0,0,0,0,0,0,0,0,0,0,0,0,0,0,0,0,0,0,0,0
0,0,0,2,0,0,0,0,0,1,0,1,0,0,0,0,0,0,0,0,0,0,0,0,0,0,0,1,0,1,0,0,0,64,0,0,0,1,14,9,4,995,0,1179,0,60,71,102,10,23,24,1984,2,74,6,102,3,1551,2,0,0,0,0,0,0,0,0,1,0,0,31,54,0,0,0,4,8,293,1,18,0,0,0,3,3,60,0,211,14,204,0,503,3,2527,2,217,1,15,2,7,2,4,0,180,0,0,1,3,3,0,2,1,1,1,0,2,0,0,0,2,0,3,0,0,0,5,0,3,0,3,0,2,0,1,0,2,0,1,0,49,0,2,0,15,0,28,0,0,0,0,0,0,0,0,0,0,1,10,0,0,0,0,0,8,2,0,0,0,2,2
5019,157,39,10,59,5,240,0,114,2,0,0,1026,7,259,36,0,0,2,0,0,1,0,0,0,0,0,0,0,0,0,0,1202,8,0,0,184,231,79,8,42,5,7,0,1,0,32,4,45,8,4,2,14,0,97,0,3,0,1,0,0,79,1500,25,1899,17,1548,30,169,4,525,62,1618,95,107,30,551,45,244,14,0,0,48,2,646,29,0,0,551,13,0,0,0,1,4,0,1,0,13,2,0,0,0,0,2,0,3,4,3,1,2,2,3,1,0,0,0,0,0,1,0,1,0,0,7,0,119,12,243,30,22,3,1,0,24,5,4,0,1,1,0,2,3,2,89,34,13,8,36,9,0,0,0,0,6,3,0,0,0,0,8,3,53,2,7,0,1,1,5,1
51,3344,8,116,8,143,8,99,3,67,0,0,0,401,84,98,0,0,1,6,0,0,0,0,0,0,0,0,0,0,0,0,32,131,0,0,162,142,7,9,10,51,2,1,0,3,2,7,2,27,0,5,0,26,0,75,0,1,0,0,79,0,6,1130,22,499,12,1904,1,294,72,461,137,582,24,248,32,1087,20,468,0,0,1,4,0,42,0,1,0,229,0,0,0,8,7,0,3,2,25,39,1,2,0,0,6,0,11,9,9,10,7,4,16,6,0,0,0,2,0,6,0,2,0,4,1,8,20,377,38,602,4,96,0,1,5,116,0,19,0,5,0,0,2,29,13,507,2,72,4,57,0,0,0,1,3,4,0,0,6,0,3,63,10,33,21,34,2,6,33,15
368,4,7,3,6,1,31,1,29,0,0,0,44,5,17,2,0,0,8,0,0,0,0,0,0,0,0,0,0,0,0,0,266,9,0,0,52,9,32,5,45,6,0,0,0,0,23,1,133,6,3,1,490,2,442,0,4,0,1,0,1500,6,0,13,2559,24,189,20,411,3,2199,22,227,0,8,4,143,9,32,2,0,0,71,7,39,25,0,0,46,6,0,0,0,0,1,0,0,0,10,0,2,0,0,0,1,1,3,1,4,1,1,0,0,0,0,0,0,0,0,0,0,0,0,0,3,0,16,0,148,26,5,1,0,0,9,3,0,0,0,2,0,1,2,3,13,11,6,2,27,3,0,0,0,0,0,0,0,0,0,0,1,0,18,4,3,0,0,3,1,1
16,394,0,52,3,7,6,13,2,8,0,0,2,34,26,221,0,0,1,3,0,0,0,0,0,0,0,0,0,0,0,0,25,61,0,0,89,280,12,11,15,36,2,0,0,1,1,6,11,187,1,8,0,114,0,81,0,1,0,0,25,1130,13,0,29,741,14,797,4,423,91,1517,18,194,7,57,16,173,11,65,0,0,6,14,3,65,0,0,0,19,0,0,0,2,5,1,6,1,5,17,4,0,1,0,6,1,3,3,3,1,2,2,5,2,1,0,0,0,0,5,0,0,0,2,1,2,9,49,37,283,1,30,0,0,2,29,0,4,1,4,0,6,0,9,4,174,1,53,9,30,0,0,0,0,0,0,0,0,2,0,5,42,6,32,7,10,1,3,11,3
324,8,41,2,43,0,9,1,3,3,0,0,24,6,22,2,0,0,2,0,0,0,0,0,0,0,0,0,0,0,0,0,81,21,0,0,85,20,149,7,9,21,2,0,0,0,30,0,81,13,4,2,28,0,1127,0,1,0,0,0,1899,22,2559,29,0,39,1094,39,1397,7,378,50,89,4,6,5,49,19,26,3,0,0,46,10,145,80,0,0,313,14,0,0,0,0,0,1,1,0,2,2,1,0,0,0,1,0,2,1,0,0,1,2,1,0,0,0,0,0,0,0,0,2,0,1,2,0,7,4,36,26,0,0,1,1,4,3,0,0,1,1,0,1,1,1,18,31,3,4,11,1,0,0,0,0,1,0,0,0,0,0,2,3,4,7,0,1,0,0,1,0
17,61,5,17,2,6,3,2,3,1,0,0,3,8,1,5,0,0,0,0,0,0,0,0,0,0,0,0,0,0,0,0,15,19,0,0,24,78,26,33,11,11,1,0,0,0,0,9,7,29,0,2,0,28,1,97,0,4,0,0,17,499,24,741,39,0,16,1568,7,1209,65,95,12,5,3,13,18,41,7,21,0,0,12,18,6,58,0,0,0,116,0,0,0,8,1,0,1,0,3,4,0,0,0,0,1,0,3,1,2,0,1,1,2,0,0,0,0,0,0,1,0,1,0,0,0,0,0,7,30,71,3,5,0,1,1,8,0,1,0,2,0,1,0,5,5,35,4,5,7,13,0,0,0,0,0,0,0,0,0,0,0,14,4,8,2,3,0,1,0,1
877,11,53,1,99,4,113,0,74,1,0,0,341,5,62,3,0,0,2,0,0,0,0,0,0,0,0,0,0,0,0,0,415,12,0,0,68,16,122,6,15,17,3,0,0,0,55,3,91,13,4,2,12,0,38,2,5,1,1,0,1548,12,189,14,1094,16,0,21,320,14,266,40,82,2,12,3,43,9,20,2,0,0,76,2,1156,45,0,0,209,11,0,0,2,4,0,0,0,0,3,0,1,0,0,1,2,1,2,1,1,0,1,0,0,0,0,0,0,0,0,0,0,0,0,1,1,0,5,5,22,20,3,1,0,0,0,0,0,0,1,1,0,3,0,5,5,24,3,5,4,1,0,0,0,0,5,1,0,0,0,0,2,1,8,0,0,0,0,0,0,0
22,811,6,140,1,225,10,468,7,347,0,0,0,410,26,64,0,0,2,3,0,0,0,0,0,0,0,0,0,0,0,0,26,124,0,0,72,153,23,44,14,23,4,2,0,0,1,4,8,28,0,1,0,5,2,20,0,0,0,1,30,1904,20,797,39,1568,21,0,0,549,84,187,28,58,13,51,25,320,13,86,0,0,8,85,4,943,1,0,0,177,0,0,0,1,0,0,0,1,3,8,2,0,0,0,1,0,2,3,4,1,2,0,0,0,0,0,0,0,0,2,0,2,0,0,2,0,7,26,31,108,7,12,0,0,3,9,0,0,0,2,0,3,0,2,7,46,0,16,9,6,0,0,0,0,1,5,0,0,1,0,0,12,4,15,2,3,1,2,4,2
61,0,15,2,15,0,1,0,0,0,0,0,7,3,4,0,0,0,0,0,0,0,0,0,0,0,0,0,0,0,0,0,17,15,0,0,11,3,101,7,5,12,3,0,0,0,85,7,161,12,8,3,76,1,1384,2,3,1,1,0,169,1,411,4,1397,7,320,0,0,7,166,24,11,0,2,0,12,9,0,0,0,0,24,0,157,26,0,0,1129,10,0,0,3,1,0,0,0,0,0,1,0,0,0,0,0,0,0,0,0,1,0,0,0,0,0,0,0,0,0,0,0,0,0,0,1,0,1,0,10,9,0,0,0,0,1,0,0,0,2,1,0,1,0,2,0,5,0,0,4,1,0,0,0,0,0,0,0,0,0,0,1,0,1,2,0,0,0,0,0,0
3,206,3,41,0,37,2,12,2,6,0,0,2,5,12,10,0,0,0,0,0,0,0,0,0,0,0,0,0,0,0,0,6,10,0,0,5,9,43,159,2,11,0,0,0,0,6,17,14,188,0,10,0,388,0,1226,0,8,0,0,4,294,3,423,7,1209,14,549,7,0,24,310,8,2,1,11,7,27,1,6,0,0,5,4,11,341,0,2,1,1537,0,0,0,42,0,0,0,0,0,2,0,0,0,0,0,0,0,0,0,0,0,0,0,0,0,0,0,0,0,0,0,1,0,1,0,1,1,6,6,13,1,2,0,0,0,2,0,0,0,0,0,1,1,3,2,13,1,1,0,1,0,0,0,0,0,0,0,0,0,0,0,1,1,1,0,0,1,0,0,0
439,45,254,13,53,8,70,1,82,4,0,0,40,7,424,25,0,0,38,3,0,0,0,0,0,0,0,0,0,0,0,0,242,25,0,0,2307,72,1127,110,134,48,35,6,0,0,1110,475,1342,165,479,222,922,16,657,31,56,53,36,31,525,72,2199,91,378,65,266,84,166,24,0,806,1038,21,71,20,214,64,96,9,0,0,103,12,227,132,0,3,210,45,0,0,27,28,6,2,3,0,23,15,4,0,0,0,1,1,8,2,4,0,5,0,4,0,28,0,0,3,0,0,0,1,0,1,8,1,72,17,290,62,14,7,0,0,19,6,4,1,8,9,1,0,15,7,56,45,26,7,48,7,0,0,0,0,3,1,0,0,0,0,9,2,61,8,11,1,3,1,7,1
27,401,4,86,9,14,13,15,5,12,0,1,4,30,63,803,0,0,0,20,0,1,0,0,0,0,0,0,0,0,0,0,40,72,0,0,177,2983,253,1286,52,157,2,99,0,1,312,1253,384,3567,83,718,7,1067,21,584,5,111,9,54,62,461,22,1517,50,95,40,187,24,310,806,0,86,918,10,112,33,188,23,56,0,0,26,37,88,353,0,3,73,282,0,0,4,139,3,1,4,0,6,9,1,0,1,0,3,1,7,3,4,2,3,1,9,3,10,0,0,0,0,4,0,4,1,2,0,1,8,71,35,239,2,21,0,1,2,26,0,5,4,24,0,3,3,34,10,201,2,30,7,19,0,0,0,0,2,5,0,0,2,0,5,13,7,25,3,7,0,2,10,5
1639,268,520,11,81,5,51,5,58,1,0,0,14,13,1490,110,0,0,4,2,0,0,0,0,0,0,0,0,0,0,0,0,412,7,0,0,224,142,11,2,31,3,6,0,0,0,8,0,6,2,0,1,5,0,11,0,1,0,0,0,1618,137,227,18,89,12,82,28,11,8,1038,86,0,224,136,33,457,54,242,11,0,0,8,2,19,3,0,0,28,7,0,0,0,1,6,2,0,1,21,1,5,0,2,2,3,0,7,9,3,2,1,0,3,0,0,0,0,0,0,2,0,0,0,1,10,0,222,19,205,38,36,2,1,1,39,11,5,2,0,0,0,0,2,2,163,52,20,3,40,7,0,0,0,0,8,1,0,0,1,0,22,3,60,3,16,1,4,3,10,2
70,686,3,43,3,11,4,13,8,7,0,0,1,40,191,1226,0,0,0,3,0,0,0,0,0,0,0,0,0,0,0,0,20,10,0,0,252,777,2,5,2,6,0,0,0,0,1,0,3,13,0,0,0,1,0,1,0,0,0,0,95,582,0,194,4,5,2,58,0,2,21,918,224,0,16,181,29,165,12,72,0,0,0,0,1,3,0,0,2,11,0,0,0,1,1,0,0,0,1,8,0,0,0,0,1,0,3,1,1,1,0,0,4,3,0,0,0,0,0,2,0,1,0,2,0,2,23,131,6,152,5,16,0,1,2,34,2,5,0,1,0,0,1,8,16,160,3,16,4,30,0,0,0,0,1,0,0,0,1,1,3,7,1,0,6,8,1,1,9,5
98,27,371,91,698,126,369,44,873,43,141,10,31,2,98,59,96,321,415,132,106,140,74,41,18,6,32,7,96,8,55,1,1345,24,0,0,217,69,12,1,78,2,11,0,5,0,2,0,2,0,0,0,0,0,0,0,0,0,0,0,107,24,8,7,6,3,12,13,2,1,71,10,136,16,0,154,2503,77,350,8,0,0,2,2,6,6,20,3,8,1,0,0,0,0,6,4,0,2,40,5,5,1,1,3,4,3,6,9,5,3,6,2,8,2,0,0,0,0,0,2,42,66,4,1,163,2,886,15,1148,14,135,1,1,0,473,71,64,3,2,0,0,1,24,0,1101,29,109,1,272,1,17,85,54,25,586,132,28,5,4,0,21,2,127,0,28,1,15,1,15,1
34,281,49,506,84,932,36,365,82,557,8,266,2,64,100,195,2,80,107,318,14,90,6,111,1,27,0,62,4,72,1,46,63,434,0,0,86,200,3,10,0,92,0,1,0,15,1,0,2,1,0,6,0,1,0,1,0,2,0,4,30,248,4,57,5,13,3,51,0,11,20,112,33,181,154,0,75,4302,16,607,0,0,3,1,1,20,1,60,2,21,0,1,0,12,7,3,4,1,11,40,3,1,0,0,6,0,11,6,11,2,4,2,16,4,0,0,0,0,1,3,0,31,0,12,0,199,9,556,6,625,3,118,0,7,4,461,2,93,0,1,0,4,1,32,6,1148,0,125,3,109,2,22,26,43,88,161,7,105,7,2,2,29,2,22,12,31,0,4,18,12
392,81,171,61,138,64,73,23,187,25,49,1,15,5,369,64,111,1,165,53,10,23,52,7,10,1,9,0,50,3,25,0,1436,19,0,0,186,90,27,2,369,29,36,4,130,29,6,3,9,5,2,3,2,0,9,1,1,2,0,8,551,32,143,16,49,18,43,25,12,7,214,33,457,29,2503,75,0,93,1974,23,0,0,3,3,221,15,240,25,238,9,13,4,3,16,9,20,9,21,93,22,9,0,3,5,9,7,7,44,9,3,7,7,14,6,0,1,0,1,1,8,2,8,0,0,260,3,293,10,130,17,65,3,6,2,255,9,54,6,103,1,1,1,9,4,379,19,24,5,71,2,6,4,5,10,40,38,604,14,17,0,79,3,125,0,126,5,15,10,44,18
70,815,55,738,84,724,42,257,97,448,4,157,2,473,187,551,1,133,113,343,9,44,4,63,0,24,0,22,1,29,0,26,62,2582,0,0,91,209,21,40,7,586,6,53,0,295,19,33,12,61,3,158,0,13,1,87,0,189,0,293,45,1087,9,173,19,41,9,320,9,27,64,188,54,165,77,4302,93,0,32,2383,0,0,4,43,21,346,1,730,13,529,0,71,0,636,16,9,16,4,29,84,1,1,3,5,14,1,22,24,21,8,15,4,15,5,1,2,0,6,0,16,0,12,0,4,1,134,26,244,19,178,1,77,0,25,5,206,1,47,2,58,0,6,2,40,13,198,0,34,6,15,1,6,16,32,65,172,30,462,19,6,7,66,4,194,13,60,1,9,32,23
117,22,29,6,17,14,8,1,27,1,7,2,1,1,70,12,2,0,32,1,0,0,0,0,0,0,0,0,0,0,0,0,271,4,0,0,53,31,2,1,106,8,40,1,98,2,2,0,1,2,0,2,0,0,0,0,0,0,0,1,244,20,32,11,26,7,20,13,0,1,96,23,242,12,350,16,1974,32,0,18,0,0,3,0,8,3,10,3,11,4,0,1,0,6,20,40,21,21,124,18,12,12,5,21,8,19,26,73,16,19,11,17,25,7,0,4,0,2,3,9,5,22,1,0,347,0,158,10,117,10,60,3,22,0,131,2,21,0,4,3,0,0,12,0,63,6,6,2,19,0,0,0,0,1,10,9,67,12,48,4,134,1,294,2,197,11,34,11,49,20
14,171,4,55,4,36,2,8,5,18,0,0,0,65,22,82,0,2,6,20,0,0,0,0,0,0,0,0,0,1,0,0,9,92,0,0,19,40,6,6,4,538,8,4,0,91,2,3,3,5,0,14,0,1,0,2,0,13,0,18,14,468,2,65,3,21,2,86,0,6,9,56,11,72,8,607,23,2383,18,0,0,0,1,8,9,26,0,14,1,24,0,4,0,27,31,12,25,6,50,166,11,4,5,6,24,9,35,48,20,17,15,12,25,11,0,0,0,0,1,16,0,8,0,0,0,202,5,93,6,58,1,40,0,39,1,76,0,15,2,82,0,4,0,9,1,45,0,4,2,0,0,0,0,1,8,14,2,95,58,19,19,136,2,639,35,173,2,15,46,43
0,0,0,0,0,0,0,0,0,0,0,0,0,0,0,0,0,0,0,0,0,0,0,0,0,0,0,0,0,0,0,0,0,0,0,0,0,0,0,0,0,0,0,0,0,0,0,0,0,0,0,0,0,0,0,0,0,0,0,0,0,0,0,0,0,0,0,0,0,0,0,0,0,0,0,0,0,0,0,0,0,0,0,0,0,0,0,0,0,0,0,0,0,0,0,0,0,0,0,0,0,0,0,0,0,0,0,0,0,0,0,0,0,0,0,0,0,0,0,0,0,0,0,0,0,0,0,0,0,0,0,0,0,0,0,0,0,0,0,0,0,0,0,0,0,0,0,0,0,0,0,0,0,0,0,0,0,0,0,0,0,0,0,0,0,0,0,0,0,0
0,0,0,0,0,0,0,0,0,0,0,0,0,0,0,0,0,0,0,0,0,0,0,0,0,0,0,0,0,0,0,0,0,0,0,0,0,0,0,0,0,0,0,0,0,0,0,0,0,0,0,0,0,0,0,0,0,0,0,0,0,0,0,0,0,0,0,0,0,0,0,0,0,0,0,0,0,0,0,0,0,0,0,0,0,0,0,0,0,0,0,0,0,0,0,0,0,0,0,0,0,0,0,0,0,0,0,0,0,0,0,0,0,0,0,0,0,0,0,0,0,0,0,0,0,0,0,0,0,0,0,0,0,0,0,0,0,0,0,0,0,0,0,0,0,0,0,0,0,0,0,0,0,0,0,0,0,0,0,0,0,0,0,0,0,0,0,0,0,0
24,2,10,0,9,0,9,0,3,0,0,0,50,0,10,0,0,0,0,0,0,0,0,0,0,0,0,0,1,0,0,0,98,8,0,0,18,1,77,7,9,16,3,0,0,0,16,3,37,10,3,3,6,0,22,2,1,2,0,0,48,1,71,6,46,12,76,8,24,5,103,26,8,0,2,3,3,4,3,1,0,0,0,3,385,28,6,0,31,6,0,0,2,2,0,0,0,0,2,1,1,0,0,0,0,0,2,0,1,0,0,1,0,0,0,0,0,0,0,0,0,0,0,1,2,0,2,1,20,2,1,0,0,0,1,0,1,0,7,1,0,0,3,5,5,13,2,0,5,1,0,0,0,0,0,0,0,0,0,0,0,1,0,1,0,1,0,0,1,0
0,5,0,9,0,11,0,1,2,1,0,0,1,103,2,0,0,0,0,1,0,0,0,0,0,0,0,0,0,0,0,0,3,95,0,0,4,25,16,24,2,4,0,0,0,0,1,4,6,20,0,9,0,5,0,4,0,2,0,3,2,4,7,14,10,18,2,85,0,4,12,37,2,0,2,1,3,43,0,8,0,0,3,0,2,930,0,7,0,11,0,0,0,2,1,0,0,0,0,2,0,0,0,0,0,0,2,0,1,0,0,0,1,0,0,0,0,0,0,2,0,0,0,0,0,0,0,3,2,9,0,1,0,0,0,0,0,0,0,1,0,0,0,5,0,5,2,2,1,1,0,0,0,0,1,0,0,0,0,0,0,3,1,0,0,0,0,0,0,0
319,4,58,0,103,2,71,3,24,0,1,0,284,2,54,7,5,0,4,3,2,1,2,1,1,0,0,0,4,0,0,0,607,10,0,0,32,5,183,6,388,45,14,1,43,0,205,65,257,33,53,15,47,4,255,14,37,11,7,3,646,0,39,3,145,6,1156,4,157,11,227,88,19,1,6,1,221,21,8,9,0,0,385,2,0,51,863,2,2997,43,20,0,22,26,6,0,1,1,13,3,5,0,0,0,0,0,2,1,5,1,0,0,1,1,1,0,0,0,0,0,0,0,0,2,3,0,0,0,18,10,0,0,0,0,6,2,1,0,112,6,6,0,21,8,61,13,2,0,4,1,0,0,0,0,2,1,10,0,0,0,1,0,7,6,4,1,2,0,1,1
11,115,5,91,4,195,7,48,6,62,0,0,10,117,12,22,0,0,4,4,0,0,0,0,0,0,0,0,0,0,0,0,28,384,0,0,19,65,81,229,15,66,1,5,0,2,33,56,37,208,1,174,2,54,1,94,0,94,0,60,29,42,25,65,80,58,45,943,26,341,132,353,3,3,6,20,15,346,3,26,0,0,28,930,51,0,0,1280,11,2625,0,3,0,88,0,3,0,0,8,12,0,0,0,1,0,0,3,2,5,1,2,0,6,3,0,0,0,0,0,1,0,1,0,0,2,2,1,14,36,57,2,1,0,0,2,10,0,1,2,19,0,3,0,18,5,54,2,4,12,6,0,0,0,0,1,3,1,0,1,0,0,7,2,9,1,0,0,1,4,2
0,0,26,3,11,3,4,0,10,1,19,1,0,0,0,1,27,0,15,4,8,7,17,1,4,0,3,0,32,1,9,0,332,1,0,0,0,1,0,0,229,0,101,0,625,0,0,0,0,0,0,0,0,0,0,0,0,0,23,0,0,0,0,0,0,0,0,1,0,0,0,0,0,0,20,1,240,1,10,0,0,0,6,0,863,0,0,0,1318,0,371,0,114,0,0,0,0,0,0,0,0,0,0,0,0,0,1,0,0,0,0,0,0,0,0,0,0,0,0,0,0,0,0,0,0,0,0,0,0,0,0,0,0,0,1,0,0,0,7,0,0,0,1,0,1,0,0,0,0,0,1,1,1,2,5,1,16,0,0,0,0,0,0,0,0,0,0,0,0,0
2,0,1,37,0,36,0,0,1,2,0,24,0,0,0,0,0,15,0,42,0,30,2,7,0,6,0,12,0,17,0,7,2,257,0,0,0,1,1,1,0,472,0,89,0,908,4,4,0,3,0,22,0,1,0,4,0,13,0,211,0,1,0,0,0,0,0,0,0,2,3,3,0,0,3,60,25,730,3,14,0,0,0,7,2,1280,0,0,2,569,0,1665,0,581,0,0,0,0,1,3,0,0,0,0,0,0,0,0,0,0,0,0,0,0,0,0,0,0,0,1,0,5,0,0,0,13,0,2,0,1,0,1,0,1,0,3,0,0,0,4,0,0,0,0,0,5,0,0,0,0,1,2,0,5,0,3,4,63,1,0,0,2,0,1,0,2,0,0,1,1
560,12,96,2,121,0,3,1,8,1,3,0,46,0,52,6,15,0,8,3,2,1,12,0,1,0,2,0,11,0,3,0,232,4,0,0,5,11,44,1,118,14,8,0,118,1,362,133,367,29,290,89,160,9,3573,36,510,57,148,14,551,0,46,0,313,0,209,0,1129,1,210,73,28,2,8,2,238,13,11,1,0,0,31,0,2997,11,1318,2,0,47,328,0,1920,42,33,0,0,0,1,3,1,0,9,1,0,0,0,0,0,0,0,0,0,2,0,0,0,0,0,0,0,0,0,0,0,0,1,1,6,2,0,0,0,0,2,1,0,0,21,2,1,0,4,3,8,5,0,0,1,0,0,0,0,0,3,0,11,0,0,0,0,0,0,1,2,0,0,0,1,0
13,515,3,135,1,158,0,9,0,4,0,6,2,2,6,11,0,0,0,7,0,1,1,1,0,0,0,1,0,2,0,2,13,278,0,0,8,16,32,114,2,179,0,8,0,27,72,108,22,190,4,341,3,109,9,2769,1,306,1,204,13,229,6,19,14,116,11,177,10,1537,45,282,7,11,1,21,9,529,4,24,0,0,6,11,43,2625,0,569,47,0,0,837,3,3193,1,5,0,1,1,3,1,0,2,3,0,0,0,1,1,2,0,2,1,0,0,0,0,0,0,1,0,0,0,0,0,4,3,22,8,22,0,3,0,1,0,6,0,4,1,26,0,2,0,8,3,25,1,5,2,3,0,0,1,2,0,1,0,7,0,0,0,5,0,6,1,4,0,0,3,0
0,0,1,0,0,0,0,0,0,0,1,0,0,0,0,0,4,0,0,0,1,1,0,0,0,0,0,0,1,0,0,0,3,0,0,0,0,0,0,0,315,0,86,0,159,0,0,0,0,0,0,0,0,0,0,0,0,0,391,0,0,0,0,0,0,0,0,0,0,0,0,0,0,0,0,0,13,0,0,0,0,0,0,0,20,0,371,0,328,0,0,0,1475,0,0,0,0,0,0,0,0,0,0,0,0,0,0,0,0,0,0,0,0,0,0,0,0,0,0,0,0,0,0,0,0,0,0,0,0,0,0,0,0,0,0,0,0,0,0,0,0,0,0,0,0,0,0,0,0,0,0,0,1,0,0,0,2,0,0,0,0,0,0,0,0,0,0,0,0,0
0,0,0,1,0,0,0,0,0,0,0,2,0,0,0,0,0,0,0,0,0,1,0,0,0,0,0,0,0,9,0,0,0,4,0,0,0,0,0,0,0,245,0,230,0,146,0,1,0,0,0,3,0,0,0,1,0,3,0,503,0,0,0,0,0,0,0,0,0,0,0,0,0,0,0,1,4,71,1,4,0,0,0,0,0,3,0,1665,0,837,0,0,0,1431,0,0,0,0,0,0,0,0,0,0,0,0,0,0,0,0,0,0,0,0,0,0,0,0,0,0,0,0,0,0,0,4,0,0,0,1,0,0,0,1,0,1,0,0,0,1,0,0,0,0,0,1,0,0,0,0,0,0,1,0,0,0,1,4,0,0,0,0,0,0,0,1,0,0,0,0
6,0,1,0,2,0,0,0,0,0,0,0,0,0,0,0,0,0,0,0,0,0,0,0,0,0,0,0,0,0,0,0,1,0,0,0,0,0,2,1,9,0,24,0,4,0,53,35,34,0,87,16,12,1,265,3,573,4,1867,3,0,0,0,0,0,0,2,0,3,0,27,4,0,0,0,0,3,0,0,0,0,0,2,0,22,0,114,0,1920,3,1475,0,0,4,285,0,3,0,0,0,2,0,12,0,1,0,0,0,0,0,0,0,0,0,0,0,0,0,0,0,0,0,0,0,0,0,0,0,0,0,0,0,0,0,0,0,0,0,0,0,0,0,0,0,0,0,0,0,0,0,0,0,0,0,0,0,2,0,0,0,0,0,0,0,0,0,0,0,0,0
1,28,1,11,0,7,0,0,0,0,0,3,0,0,1,2,0,0,1,3,0,0,0,0,0,0,0,1,0,1,0,0,9,74,0,0,1,4,8,43,5,500,0,63,0,79,39,60,9,60,5,315,1,65,9,679,5,1054,1,2527,1,8,0,2,0,8,4,1,1,42,28,139,1,1,0,12,16,636,6,27,0,0,2,2,26,88,0,581,42,3193,0,1431,4,0,0,151,0,7,1,5,0,1,1,12,0,1,3,1,2,0,1,0,0,1,0,0,0,0,0,0,0,1,0,1,0,1,1,2,2,4,0,0,0,0,0,5,0,0,2,24,0,1,0,6,1,15,0,2,0,1,0,0,0,1,1,1,6,20,1,2,0,1,1,7,0,2,0,0,1,0
1,3,0,0,0,0,0,1,0,0,0,0,0,0,5,0,0,0,0,0,0,0,0,0,0,0,0,0,0,0,0,0,0,2,0,0,0,2,0,2,7,3,94,2,0,0,89,4,5,0,344,6,20,1,68,1,123,0,193,2,4,7,1,5,0,1,0,0,0,0,6,3,6,1,6,7,9,16,20,31,0,0,0,1,6,0,0,0,33,1,0,0,285,0,0,199,8145,135,183,42,815,32,3572,233,426,56,616,230,208,43,34,31,6,4,42,156,441,82,15,9,0,0,0,0,1,0,1,1,5,2,0,0,0,0,0,0,0,0,1,6,0,0,0,1,0,1,0,0,3,0,0,0,0,0,0,0,0,0,6,0,0,0,1,1,1,0,7,34,0,0
3,0,1,1,0,0,2,0,0,0,0,0,0,1,4,2,0,0,0,0,0,0,0,0,0,0,0,0,0,0,0,0,0,1,0,0,1,1,0,0,6,4,105,3,0,0,11,6,0,1,0,230,0,2,4,1,0,13,0,217,0,0,0,1,1,0,0,0,0,0,2,1,2,0,4,3,20,9,40,12,0,0,0,0,0,3,0,0,0,5,0,0,0,151,199,0,193,5858,73,381,78,486,103,7466,72,467,127,1267,46,114,22,9,16,34,100,110,331,30,23,21,0,0,0,0,0,0,2,1,4,1,0,0,0,0,0,0,0,0,0,3,0,0,0,0,1,2,0,0,0,0,0,0,0,0,0,0,0,0,11,1,2,0,30,4,1,0,5,22,1,1
2,3,0,1,0,1,0,1,0,0,0,0,0,1,1,1,0,0,0,0,0,0,0,0,0,0,0,0,0,0,0,0,0,4,0,0,3,2,1,2,6,7,64,0,0,0,0,1,1,1,1,0,1,0,0,0,0,0,7,1,1,3,0,6,1,1,0,0,0,0,3,4,0,0,0,4,9,16,21,25,0,0,0,0,1,0,0,0,0,0,0,0,3,0,8145,193,0,541,197,62,609,57,853,115,3600,232,1086,286,262,47,42,33,10,11,66,64,353,214,23,4,0,0,0,0,0,0,2,1,7,3,0,0,0,0,0,0,0,0,0,3,0,0,0,0,0,0,0,0,1,0,0,0,0,0,0,0,0,0,4,1,0,4,1,0,1,3,3,35,1,1
0,0,1,0,0,0,0,0,0,0,0,0,0,0,5,1,0,0,0,0,0,0,0,0,0,0,0,0,0,0,0,0,1,0,0,0,0,1,0,0,7,3,54,1,0,0,0,0,1,0,0,0,0,0,0,1,0,0,0,15,0,2,0,1,0,0,0,1,0,0,0,0,1,0,2,1,21,4,21,6,0,0,0,0,1,0,0,0,0,1,0,0,0,7,135,5858,541,0,65,329,121,439,112,1301,57,2369,104,1069,47,149,23,33,36,53,145,182,178,90,50,22,0,0,0,0,0,0,1,1,2,2,0,0,0,0,0,0,0,0,2,3,0,0,0,0,0,1,0,0,1,0,0,0,0,0,0,0,0,0,8,1,4,0,18,3,0,0,3,20,2,1
9,14,3,4,4,3,0,0,1,0,0,0,1,1,13,2,0,0,1,1,0,0,0,0,0,0,0,0,0,0,0,0,11,1,0,0,8,11,10,0,68,2,107,0,4,3,0,2,3,4,111,5,0,1,1,1,0,0,0,2,13,25,10,5,2,3,3,3,0,0,23,6,21,1,40,11,93,29,124,50,0,0,2,0,13,8,0,1,1,1,0,0,0,1,183,73,197,65,0,253,1056,53,216,32,141,34,390,282,1758,76,142,43,320,228,49,26,10,60,24,318,0,0,0,0,14,2,94,28,329,52,41,16,1,3,75,39,6,1,48,5,5,4,116,4,77,8,31,6,99,6,0,0,0,0,1,0,2,0,34,6,184,1,10,4,196,27,129,174,402,223
3,13,1,5,0,6,0,0,1,3,0,1,1,4,8,4,0,1,1,3,0,0,0,0,0,0,0,0,0,0,0,0,2,8,0,0,1,7,3,8,3,32,15,14,1,2,0,2,0,5,1,46,0,0,1,4,0,3,0,7,2,39,0,17,2,4,0,8,1,2,15,9,1,8,5,40,22,84,18,166,0,0,1,2,3,12,0,3,3,3,0,0,0,5,42,381,62,329,253,0,205,1031,48,230,27,127,73,854,48,370,32,35,138,222,377,63,17,32,63,57,0,0,0,0,0,2,8,25,15,44,5,10,0,2,3,38,0,0,0,13,0,7,1,14,1,17,1,3,3,5,0,0,0,0,1,1,0,0,49,11,11,4,7,14,44,67,27,181,172,68
1,2,0,0,0,0,0,0,0,0,0,0,0,0,1,1,0,0,0,0,0,0,0,0,0,0,0,0,0,0,0,0,3,0,0,0,2,0,2,0,19,3,61,4,0,0,0,2,2,2,218,3,0,1,1,0,0,0,215,2,0,1,2,4,1,0,1,2,0,0,4,1,5,0,5,3,9,1,12,11,0,0,1,0,5,0,0,0,1,1,0,0,2,0,815,78,609,121,1056,205,0,582,2568,99,234,41,663,194,857,91,194,55,51,155,1491,349,64,367,48,78,0,0,0,0,1,0,17,2,58,2,6,0,0,0,14,0,2,0,27,2,7,0,49,0,88,2,4,0,27,0,0,0,0,0,0,0,0,0,13,0,3,1,2,1,7,2,7,59,9,1
