0,130,2012,66,3012,58,1079,62,213,15,4,2,1024,15,805,318,0,0,13,8,0,0,0,0,0,0,0,0,1,0,0,0,378,6,0,0,140,45,10,0,53,1,4,0,0,0,5,0,9,3,6,0,11,2,75,6,28,1,5,0,5892,23,477,21,274,4,231,8,156,6,1074,8,1312,25,216,19,134,20,231,31,0,0,42,1,847,10,9,0,290,6,0,0,70,1,0,0,1,0,7,1,0,1,0,1,0,0,0,0,0,1,0,1,1,1,0,0,0,0,0,0,0,0,2,0,44,12,313,57,45,0,7,1,3,0,45,5,12,1,0,0,0,0,0,1,44,5,8,1,12,5,0,0,0,2,58,43,0,0,5,0,0,0,11,1,12,1,0,1,2,2
130,0,17,2809,20,2512,30,1721,12,258,0,1,18,874,121,1507,0,0,9,8,0,1,0,0,0,0,0,0,0,2,0,0,30,215,0,0,186,196,4,16,4,54,1,3,0,2,4,2,3,33,0,4,3,113,1,139,0,15,0,9,208,4062,14,598,5,222,9,622,2,375,83,200,281,723,46,578,19,307,33,408,0,0,2,27,11,562,2,2,5,942,0,1,2,53,2,1,1,2,2,4,1,0,0,0,0,0,2,1,1,1,2,2,10,3,0,0,0,0,0,2,0,0,0,0,4,34,67,1015,6,135,1,19,0,0,3,37,0,14,0,0,0,0,0,6,9,69,2,47,2,27,0,0,0,0,15,23,0,0,4,2,1,5,3,8,2,9,1,5,6,2
2012,17,0,170,4911,78,301,19,621,30,196,1,58,4,2704,103,17,3,3060,218,4,23,26,19,218,0,102,0,120,1,72,0,593,18,0,0,248,43,25,0,43,1,3,0,27,3,3,0,9,1,2,0,0,2,8,0,3,0,19,2,294,3,43,2,18,1,12,4,17,1,400,3,232,2,372,100,381,65,292,37,0,0,6,1,34,3,64,4,32,4,13,2,65,1,0,0,0,0,1,0,0,0,0,0,0,0,0,1,0,0,1,1,0,0,0,0,0,0,0,0,0,0,0,0,49,13,46,13,4,1,6,2,2,0,47,4,12,0,0,0,0,0,0,0,15,3,2,2,2,0,3,3,7,99,233,107,3,1,0,0,0,0,4,0,3,0,0,0,0,0
66,2809,170,0,210,6670,41,583,69,713,13,231,11,90,197,1901,16,24,383,2776,18,113,16,25,2,20,0,65,9,54,1,10,38,575,0,0,44,190,5,7,4,13,0,0,3,39,1,1,1,31,0,1,0,28,2,32,0,7,1,29,52,113,7,136,2,65,4,147,1,60,21,64,27,35,80,417,69,657,61,351,0,0,0,13,2,131,3,78,4,158,0,6,3,29,0,1,0,0,1,2,1,0,0,0,0,0,0,1,1,1,0,1,3,0,0,0,0,0,0,0,0,0,0,0,22,120,27,113,0,15,1,3,1,1,9,21,3,12,0,0,0,0,0,1,7,12,1,8,1,6,9,1,67,132,86,466,2,5,0,0,0,3,0,5,2,5,0,1,1,0
3012,20,4911,210,0,123,1044,34,2423,48,427,8,149,5,513,135,15,1,500,239,5,11,21,5,142,1,103,0,200,1,355,1,739,29,0,0,46,66,6,4,49,3,3,0,48,4,3,0,1,2,3,1,3,2,7,1,2,0,18,2,248,5,39,6,38,0,33,4,6,0,87,6,94,0,779,88,569,51,473,40,0,0,17,1,136,0,67,7,55,2,17,0,54,3,1,0,0,0,7,0,0,0,0,0,0,0,2,1,1,0,0,0,1,0,1,0,0,0,0,0,6,0,2,0,109,27,109,16,13,0,9,1,5,0,174,4,24,3,0,0,0,0,1,1,37,0,4,1,10,0,1,2,7,62,161,188,4,0,0,0,1,0,7,3,4,0,1,1,4,0
58,2512,78,6670,123,0,51,1733,38,2230,4,665,9,303,163,420,1,42,160,424,2,39,1,21,1,95,0,454,1,72,1,123,27,953,0,0,47,208,5,2,6,33,1,0,0,77,1,0,1,3,0,2,1,11,2,13,0,9,0,19,34,193,3,48,1,38,0,166,1,48,18,20,51,21,43,673,31,723,42,476,0,0,2,45,3,357,1,85,3,200,1,10,2,40,1,1,1,1,5,3,0,0,0,1,0,0,0,0,0,1,1,1,4,2,0,0,0,0,0,1,0,1,0,0,19,259,28,164,0,22,1,3,0,0,19,36,1,23,0,0,0,1,0,1,5,19,4,23,1,4,1,0,17,18,45,358,0,6,0,1,0,2,2,2,1,3,0,1,3,1
1079,30,301,41,1044,51,0,35,1384,8,2,1,1927,8,760,123,0,0,35,6,0,0,0,0,0,0,0,0,0,0,0,0,539,6,0,0,66,23,11,0,9,1,1,0,0,0,3,0,3,3,0,0,2,0,8,0,0,0,1,0,379,1,24,6,18,3,34,1,1,0,81,1,107,5,237,14,41,14,63,6,0,0,98,0,261,1,214,0,13,2,0,0,5,0,0,0,1,0,2,0,1,0,0,0,0,0,0,1,0,0,1,0,0,0,0,0,0,0,0,0,0,0,0,0,14,8,85,11,11,0,3,0,0,0,49,1,7,2,0,0,0,0,1,0,30,1,1,0,5,1,0,0,0,0,40,29,0,0,0,1,0,1,5,2,0,0,2,0,0,0
62,1721,19,583,34,1733,35,0,9,1754,0,9,7,1842,109,744,0,0,14,34,0,0,0,0,0,0,0,1,0,1,0,1,20,1174,0,0,21,125,0,6,1,13,0,0,0,0,2,0,0,2,0,1,0,7,0,5,0,1,0,6,24,152,2,37,2,7,2,325,0,18,9,15,33,42,14,395,13,203,13,99,0,0,0,48,4,314,2,6,3,29,0,1,1,3,0,0,0,0,2,3,0,0,0,0,0,0,0,0,0,0,0,0,2,0,0,0,0,0,0,1,0,0,0,0,5,44,17,112,1,9,0,0,0,0,6,21,0,10,0,0,0,0,0,0,2,15,0,6,0,1,0,0,0,0,17,72,0,0,2,1,0,0,0,4,0,2,0,0,0,0
213,12,621,69,2423,38,1384,9,0,12,1069,1,419,1,408,55,0,1,306,49,0,0,0,2,0,0,1,0,12,0,21,0,1815,13,0,0,58,18,6,0,28,0,2,0,6,0,0,0,2,3,1,0,0,0,6,1,1,0,5,0,83,2,29,4,21,1,19,2,7,0,64,1,22,3,509,8,225,22,241,18,0,0,26,0,66,2,52,2,16,0,5,0,26,0,1,1,0,0,4,0,1,0,0,0,0,0,0,0,0,0,0,1,1,2,0,0,0,0,0,1,0,0,0,0,49,2,69,2,17,0,7,0,1,0,89,0,11,0,0,0,0,0,0,1,40,0,5,0,4,1,0,0,1,7,57,64,0,0,0,0,1,0,5,1,4,1,1,0,0,1
15,258,30,713,48,2230,8,1754,12,0,1,817,1,316,63,252,0,0,46,255,0,1,0,0,0,0,0,4,0,7,0,6,7,2276,0,0,14,112,1,0,2,6,0,0,0,4,0,0,0,4,0,0,0,1,0,3,0,0,1,4,5,24,0,11,0,4,0,18,0,1,1,7,8,1,15,264,10,333,14,191,0,0,0,8,3,60,0,13,0,2,0,3,1,5,0,0,0,0,0,1,0,0,0,0,0,0,0,0,0,1,0,0,3,2,0,0,0,0,0,1,0,0,0,0,5,109,5,59,0,7,1,0,0,0,5,22,1,9,0,0,0,0,0,0,0,14,0,3,0,2,0,0,4,2,22,112,1,0,0,0,0,0,0,2,2,2,0,0,0,0
4,0,196,13,427,4,2,0,1069,1,0,0,3,0,7,1,14,0,76,23,1,3,10,2,80,0,187,0,1224,1,493,0,856,4,0,0,1,1,1,0,27,0,0,0,33,0,0,0,0,0,2,0,0,0,0,0,1,0,9,0,4,0,1,0,1,0,2,0,0,0,2,0,2,0,114,13,311,6,127,3,0,0,0,0,1,0,97,0,10,0,21,1,31,0,0,0,0,0,0,0,0,0,0,0,0,0,0,0,0,0,0,0,0,0,0,0,0,0,0,0,0,0,0,0,7,0,2,0,0,0,0,0,0,0,3,0,0,0,0,0,0,0,0,0,1,1,0,0,0,1,1,0,1,11,7,10,1,0,0,0,0,0,0,0,0,0,0,0,0,0
2,1,1,231,8,665,1,9,1,817,0,0,0,7,3,14,0,33,15,103,2,89,2,44,0,104,0,461,0,769,0,356,1,1337,0,0,1,2,0,0,0,4,0,0,0,58,0,0,0,0,0,0,0,0,0,1,0,0,0,9,1,2,0,0,0,1,1,1,0,0,0,0,0,0,1,31,5,297,0,80,0,0,0,0,0,0,1,89,0,0,0,8,0,16,0,0,0,0,0,0,0,0,0,0,0,0,0,0,0,0,0,0,0,0,0,0,0,0,0,0,0,0,0,0,0,8,0,0,0,0,0,0,0,0,0,1,0,0,0,0,0,0,0,0,0,2,0,0,0,1,0,0,2,4,1,19,0,3,0,0,0,0,0,0,0,0,0,0,0,0
1024,18,58,11,149,9,1927,7,419,1,3,0,0,2,157,31,0,0,9,2,0,0,0,0,0,0,0,0,0,0,0,0,591,1,0,0,19,9,3,3,18,1,1,0,0,0,1,0,3,5,0,0,4,0,9,4,2,0,0,0,828,4,18,9,25,0,158,2,1,1,62,3,78,2,69,3,35,0,29,3,0,0,244,0,1285,0,507,0,24,3,0,0,1,0,0,0,0,0,5,1,0,0,0,0,0,0,1,0,0,0,0,0,0,1,0,0,0,0,0,0,0,0,0,0,3,2,49,6,6,2,1,0,0,0,7,0,2,0,0,0,0,0,1,1,4,1,3,0,7,0,0,0,0,0,10,5,0,0,0,0,0,0,2,0,3,0,1,0,1,1
15,874,4,90,5,303,8,1842,1,316,0,7,2,0,26,129,0,0,2,22,0,0,0,0,0,0,0,0,0,1,0,0,4,797,0,0,13,34,1,2,3,36,0,1,0,1,0,0,0,3,0,1,0,8,1,10,0,1,0,1,22,953,4,27,2,19,1,624,0,13,12,10,29,54,1,112,0,176,6,75,0,0,0,252,2,1232,2,110,0,12,0,0,0,5,1,0,0,0,1,7,1,0,0,0,1,0,6,1,1,0,2,0,10,4,0,0,0,0,0,1,0,0,0,0,1,7,9,137,0,7,0,1,0,0,1,7,0,3,0,0,0,0,0,0,1,10,0,1,1,2,0,0,0,0,7,12,0,0,1,1,0,1,0,5,1,2,0,3,1,1
805,121,2704,197,513,163,760,109,408,63,7,3,157,26,0,726,0,0,723,93,0,0,0,0,0,0,0,0,0,0,0,0,350,29,0,0,1634,123,67,0,32,4,1,0,2,0,7,1,10,8,4,1,2,3,10,0,4,0,13,3,281,17,20,18,28,1,17,9,6,1,409,14,1221,28,220,25,233,57,428,77,0,0,9,0,49,11,24,1,25,11,1,0,29,1,1,0,0,0,6,0,0,0,0,0,0,0,1,0,3,0,2,1,1,2,0,0,0,0,0,0,0,0,0,0,155,47,259,61,13,7,7,0,0,0,98,6,25,4,0,0,0,0,0,0,30,9,10,4,7,1,0,0,1,7,474,120,0,0,1,0,2,0,10,3,4,1,2,0,3,1
318,1507,103,1901,135,420,123,744,55,252,1,14,31,129,726,0,0,0,81,677,0,4,0,1,0,0,0,1,0,1,0,0,88,154,0,0,435,2843,8,34,10,12,0,0,0,3,4,3,2,80,1,1,0,26,1,24,0,1,2,9,233,309,10,322,13,10,9,46,5,26,96,331,332,1229,54,187,42,261,101,334,0,0,1,2,10,53,14,3,4,28,0,1,6,15,0,0,0,0,2,0,0,0,0,0,0,0,0,0,1,0,1,0,2,2,0,1,0,0,0,2,0,0,0,0,25,110,87,336,15,25,6,7,2,0,31,29,2,16,0,0,0,1,0,1,17,22,2,10,5,9,0,0,3,2,141,521,0,0,1,0,0,1,2,7,1,2,1,2,0,2
0,0,17,16,15,1,0,0,0,0,14,0,0,0,0,0,0,3,66,29,358,26,312,6,44,0,6,0,16,0,1,0,72,2,0,0,0,0,0,0,10,0,0,0,30,1,0,0,0,0,0,0,0,0,0,0,0,0,2,0,0,0,0,0,0,0,0,0,0,0,0,0,0,0,11,10,215,8,2,1,0,0,1,0,0,0,0,0,0,0,0,0,1,0,0,0,0,0,0,0,0,0,0,0,0,0,1,0,0,0,0,0,0,0,0,0,0,0,0,0,0,37,0,0,0,0,0,0,0,0,0,0,0,0,0,2,0,0,0,0,0,0,0,0,0,0,0,0,0,0,454,8,78,30,21,14,300,23,0,0,0,0,0,0,0,0,0,0,0,0
0,0,3,24,1,42,0,0,1,0,0,33,0,0,0,0,3,0,10,68,10,732,10,458,2,40,0,3,0,13,0,3,0,67,0,0,0,1,0,0,0,1,0,0,0,101,0,0,0,0,0,0,0,0,0,0,0,0,0,0,0,0,0,1,0,0,0,0,0,0,0,0,0,0,5,47,0,173,0,1,0,0,0,0,0,0,0,25,0,0,0,0,0,0,0,0,0,0,0,0,0,0,0,0,0,0,0,0,0,0,0,0,0,0,0,0,0,0,0,0,0,0,0,0,0,0,0,0,0,0,0,0,0,0,0,0,0,0,0,0,0,0,0,0,0,0,0,0,0,0,0,182,6,39,3,21,2,419,0,0,0,0,0,0,0,0,0,0,0,0
13,9,3060,383,500,160,35,14,306,46,76,15,9,2,723,81,66,10,0,671,208,122,141,46,56,4,4,2,55,3,6,1,360,54,0,0,616,87,8,1,23,0,0,0,34,2,0,0,0,0,1,0,1,0,1,2,0,1,9,2,8,5,7,5,2,1,1,2,1,0,6,2,6,0,525,163,264,105,236,69,0,0,0,0,6,2,34,11,13,5,9,0,49,3,0,0,1,0,2,3,1,0,0,0,0,0,0,0,1,0,0,0,1,1,0,0,0,0,0,0,1,0,0,0,25,22,18,11,5,1,4,2,3,0,42,3,4,1,0,0,0,0,0,0,11,3,0,0,1,0,59,23,315,230,1030,210,18,5,0,1,0,0,3,2,2,1,0,0,0,0
8,8,218,2776,239,424,6,34,49,255,23,103,2,22,93,677,29,68,671,0,54,534,48,146,10,25,0,32,8,51,3,4,24,370,0,0,38,147,0,13,4,15,0,0,5,39,0,1,0,3,0,2,0,1,1,3,0,0,3,19,1,12,0,13,0,3,0,5,0,1,3,11,2,1,111,374,75,378,39,156,0,0,0,1,0,1,7,28,1,11,7,2,7,17,0,0,0,0,1,0,0,0,0,0,0,0,1,0,0,0,0,0,0,0,0,0,0,0,0,0,0,0,0,0,7,63,7,18,1,2,0,2,0,0,11,16,0,4,0,0,0,0,0,0,3,3,1,2,1,2,8,16,143,414,95,511,2,16,0,0,0,0,0,2,1,0,0,0,1,1
0,0,4,18,5,2,0,0,0,0,1,2,0,0,0,0,358,10,208,54,0,105,907,22,79,1,0,1,14,0,0,0,41,1,0,0,0,1,0,0,0,0,0,0,4,0,0,0,0,0,0,0,0,0,0,0,0,0,0,0,0,0,0,0,0,0,0,0,0,0,0,0,0,0,93,44,4,1,0,0,0,0,0,0,0,0,0,0,0,0,2,0,0,0,0,0,0,0,0,0,0,0,0,0,0,0,0,0,0,0,0,0,0,0,0,0,0,0,0,0,0,0,0,0,0,0,0,0,0,0,0,0,0,0,0,0,0,0,0,0,0,0,0,0,0,0,0,0,0,0,154,7,417,23,77,21,68,11,0,0,0,0,0,0,0,0,0,0,0,0
0,1,23,113,11,39,0,0,0,1,3,89,0,0,0,4,26,732,122,534,105,0,69,1291,7,145,1,47,1,170,0,3,7,140,0,0,0,1,0,0,0,1,0,0,3,13,0,0,0,0,0,0,0,0,0,0,0,0,0,0,0,0,0,1,0,0,0,0,0,0,0,0,0,0,46,354,11,50,1,8,0,0,0,0,0,0,0,7,0,0,1,0,0,0,0,0,0,0,0,0,0,0,0,0,0,0,0,0,0,0,0,0,0,0,0,0,0,0,0,0,0,0,0,0,0,1,0,0,0,0,0,0,0,0,0,0,0,0,0,0,0,0,0,0,0,0,0,0,0,0,7,204,64,235,13,57,11,179,0,0,0,0,0,0,0,0,0,0,0,0
0,0,26,16,21,1,0,0,0,0,10,2,0,0,0,0,312,10,141,48,907,69,0,7,785,0,27,0,50,0,4,0,131,1,0,0,0,0,0,0,0,0,0,0,8,0,0,0,0,0,0,0,0,0,0,0,0,0,0,0,0,0,0,0,0,0,0,0,0,0,0,0,0,0,88,39,4,5,0,1,0,0,0,0,0,0,2,1,0,0,1,0,0,0,0,0,0,0,0,0,0,0,0,0,0,0,0,0,0,0,0,0,0,0,0,0,0,0,0,0,0,0,0,0,0,0,0,0,0,0,0,0,0,0,0,0,0,0,0,0,0,0,0,0,0,0,0,0,0,0,120,1,171,36,38,15,104,29,0,0,0,0,0,0,0,0,0,0,0,0
0,0,19,25,5,21,0,0,2,0,2,44,0,0,0,1,6,458,46,146,22,1291,7,0,1,498,1,103,0,171,1,1,3,112,0,0,0,1,0,0,0,0,0,0,1,7,0,0,0,0,0,0,0,0,0,0,0,0,0,0,0,0,0,0,0,0,0,0,0,0,0,0,0,0,15,147,2,18,1,2,0,0,0,0,0,0,1,2,0,0,0,0,0,0,0,0,0,0,0,0,0,0,0,0,0,0,0,0,0,0,0,0,0,0,0,0,0,0,0,0,0,0,0,0,0,0,0,0,0,0,0,0,0,0,0,0,0,0,0,0,0,0,0,0,0,0,0,0,0,0,1,110,20,151,4,32,2,360,0,0,0,0,0,0,0,0,0,0,0,0
0,0,218,2,142,1,0,0,0,0,80,0,0,0,0,0,44,2,56,10,79,7,785,1,0,0,246,0,154,1,15,0,107,0,0,0,0,0,0,0,1,0,0,0,4,0,0,0,0,0,0,0,0,0,0,0,0,0,0,0,0,0,0,0,0,0,0,0,0,0,0,0,0,0,20,16,7,0,0,0,0,0,0,0,0,0,1,0,0,0,1,0,0,0,0,0,0,0,0,0,0,0,0,0,0,0,0,0,0,0,0,0,0,0,0,0,0,0,0,0,0,0,0,0,0,0,0,0,0,0,0,0,0,0,0,0,0,0,0,0,0,0,0,0,0,0,0,0,0,0,29,0,13,4,3,2,45,11,0,0,0,0,0,0,0,0,0,0,0,0
0,0,0,20,1,95,0,0,0,0,0,104,0,0,0,0,0,40,4,25,1,145,0,498,0,0,0,559,0,205,0,9,1,40,0,0,0,0,0,0,0,0,0,0,0,4,0,0,0,0,0,0,0,0,0,0,0,0,0,0,0,0,0,0,0,0,0,0,0,0,0,0,0,0,1,4,0,3,0,0,0,0,0,0,0,0,0,1,0,0,0,0,0,2,0,0,0,0,0,0,0,0,0,0,0,0,0,0,0,0,0,0,0,0,0,0,0,0,0,0,0,0,0,0,0,0,0,0,0,0,0,0,0,0,0,0,0,0,0,0,0,0,0,0,0,0,0,0,0,0,1,0,0,2,0,0,0,7,0,0,0,0,0,0,0,0,0,0,0,0
0,0,102,0,103,0,0,0,1,0,187,0,0,0,0,0,6,0,4,0,0,1,27,1,246,0,0,0,72,0,4,0,29,0,0,0,0,0,0,0,0,0,0,0,2,0,0,0,0,0,0,0,0,0,0,0,0,0,0,0,0,0,0,0,0,0,0,0,0,0,0,0,0,0,12,0,5,0,0,0,0,0,0,0,0,0,0,0,0,0,0,0,0,0,0,0,0,0,0,0,0,0,0,0,0,0,0,0,0,0,0,0,0,0,0,0,0,0,0,0,0,0,0,0,0,0,0,0,0,0,0,0,0,0,0,0,0,0,0,0,0,0,0,0,0,0,0,0,0,0,0,0,0,0,1,0,0,1,0,0,0,0,0,0,0,0,0,0,0,0
0,0,0,65,0,454,0,1,0,4,0,461,0,0,0,1,0,3,2,32,1,47,0,103,0,559,0,0,0,143,0,52,0,90,0,0,0,0,0,0,0,0,0,0,0,9,0,0,0,0,0,0,0,0,0,0,0,0,0,0,0,0,0,0,0,0,0,0,0,0,0,0,0,0,0,3,0,17,0,3,0,0,0,0,0,0,0,5,0,0,0,1,0,0,0,0,0,0,0,0,0,0,0,0,0,0,0,0,0,0,0,0,0,0,0,0,0,0,0,0,0,0,0,0,0,1,0,0,0,0,0,0,0,0,0,1,0,0,0,0,0,0,0,0,0,0,0,0,0,0,0,0,0,0,1,1,0,2,0,0,0,0,0,0,0,0,0,0,0,0
1,0,120,9,200,1,0,0,12,0,1224,0,0,0,0,0,16,0,55,8,14,1,50,0,154,0,72,0,0,0,81,0,375,0,0,0,0,0,0,0,12,0,0,0,16,0,0,0,0,0,0,0,0,0,0,0,0,0,1,0,0,0,0,0,0,0,0,0,0,0,0,0,1,0,42,6,115,0,38,0,0,0,0,0,0,0,46,0,6,0,11,0,14,0,0,0,0,0,0,0,0,0,0,0,0,0,0,0,0,0,0,0,0,0,0,0,0,0,0,0,0,0,0,0,0,0,0,0,0,0,0,0,1,0,2,0,0,0,0,0,0,0,0,0,0,0,0,0,0,0,2,0,2,4,1,0,11,1,0,0,0,0,0,0,0,0,0,0,0,0
0,2,1,54,1,72,0,1,0,7,1,769,0,1,0,1,0,13,3,51,0,170,0,171,1,205,0,143,0,0,0,12,0,940,0,0,0,0,0,0,0,2,0,0,0,5,0,0,0,0,0,0,0,0,0,0,0,0,0,4,0,0,0,0,0,0,0,0,0,0,0,0,0,0,4,17,3,48,0,6,0,0,0,0,0,1,0,11,0,0,0,0,0,5,0,0,0,0,0,0,0,0,0,0,0,0,0,0,0,0,0,0,0,0,0,0,0,0,0,0,0,0,0,0,0,1,1,0,0,0,0,0,0,0,1,0,0,0,0,0,0,0,0,0,0,0,0,0,0,0,0,0,0,5,0,1,0,23,0,0,0,0,0,0,0,0,0,0,0,0
0,0,72,1,355,1,0,0,21,0,493,0,0,0,0,0,1,0,6,3,0,0,4,1,15,0,4,0,81,0,0,0,42,0,0,0,0,0,0,0,6,0,0,0,10,0,0,0,0,0,0,0,0,0,0,0,0,0,0,0,0,0,0,0,0,0,0,0,0,0,0,0,0,0,17,3,38,0,17,0,0,0,0,0,0,0,26,0,2,0,3,0,7,0,0,0,0,0,0,0,0,0,0,0,0,0,0,0,0,0,0,0,0,0,0,0,0,0,0,0,0,0,0,0,0,0,0,0,0,0,0,0,0,0,1,0,0,0,0,0,0,0,0,0,0,0,0,0,0,0,0,0,1,3,0,0,0,0,0,0,0,0,0,0,0,0,0,0,0,0
0,0,0,10,1,123,0,1,0,6,0,356,0,0,0,0,0,3,1,4,0,3,0,1,0,9,0,52,0,12,0,0,0,28,0,0,0,0,0,0,0,0,0,0,0,6,0,0,0,0,0,0,0,0,0,0,0,0,0,0,0,0,0,0,0,0,0,0,0,0,0,0,0,0,0,2,0,18,0,3,0,0,0,0,0,0,0,9,0,1,0,0,0,1,0,0,0,0,0,0,0,0,0,0,0,0,0,0,0,0,0,0,0,0,0,0,0,0,0,0,0,0,0,0,0,0,0,0,0,0,0,0,0,0,0,0,0,0,0,0,0,0,0,0,0,0,0,0,0,0,0,0,0,0,0,0,0,1,0,0,0,0,0,0,0,0,0,0,0,0
378,30,593,38,739,27,539,20,1815,7,856,1,591,4,350,88,72,0,360,24,41,7,131,3,107,1,29,0,375,0,42,0,0,8,0,0,71,22,26,2,506,7,72,0,31,0,23,2,36,9,176,2,26,19,88,12,30,1,133,2,475,6,80,16,91,4,72,5,32,15,195,25,134,11,309,9,337,12,107,13,0,0,188,0,636,8,413,0,166,4,25,0,159,1,5,0,0,1,16,0,0,1,7,0,1,0,2,2,4,1,4,2,6,7,0,0,0,0,0,1,0,0,3,0,26,7,133,11,31,1,4,0,4,0,37,2,14,1,0,0,0,0,9,2,97,8,11,0,15,0,19,0,7,15,43,25,37,5,3,0,1,0,5,0,7,0,0,1,9,1
6,215,18,575,29,953,6,1174,13,2276,4,1337,1,797,29,154,2,67,54,370,1,140,1,112,0,40,0,90,0,940,0,28,8,0,0,0,6,42,4,11,2,191,1,8,1,44,13,12,10,34,1,52,4,64,9,174,0,98,0,138,7,165,3,40,0,22,3,78,0,77,22,30,5,13,10,159,9,1389,8,86,0,0,1,64,6,332,1,74,11,205,0,10,2,166,0,2,0,0,1,8,0,0,0,7,0,1,1,2,0,2,3,0,8,1,1,3,0,0,0,3,0,1,0,0,3,28,5,41,0,7,0,1,0,0,2,6,0,2,0,0,0,2,0,12,1,46,0,8,1,4,2,0,10,7,11,51,1,17,1,0,1,5,0,2,1,5,1,2,8,2
0,0,0,0,0,0,0,0,0,0,0,0,0,0,0,0,0,0,0,0,0,0,0,0,0,0,0,0,0,0,0,0,0,0,0,0,0,0,0,0,0,0,0,0,0,0,0,0,0,0,0,0,0,0,0,0,0,0,0,0,0,0,0,0,0,0,0,0,0,0,0,0,0,0,0,0,0,0,0,0,0,0,0,0,0,0,0,0,0,0,0,0,0,0,0,0,0,0,0,0,0,0,0,0,0,0,0,0,0,0,0,0,0,0,0,0,0,0,0,0,0,0,0,0,0,0,0,0,0,0,0,0,0,0,0,0,0,0,0,0,0,0,0,0,0,0,0,0,0,0,0,0,0,0,0,0,0,0,0,0,0,0,0,0,0,0,0,0,0,0
0,0,0,0,0,0,0,0,0,0,0,0,0,0,0,0,0,0,0,0,0,0,0,0,0,0,0,0,0,0,0,0,0,0,0,0,0,0,0,0,0,0,0,0,0,0,0,0,0,0,0,0,0,0,0,0,0,0,0,0,0,0,0,0,0,0,0,0,0,0,0,0,0,0,0,0,0,0,0,0,0,0,0,0,0,0,0,0,0,0,0,0,0,0,0,0,0,0,0,0,0,0,0,0,0,0,0,0,0,0,0,0,0,0,0,0,0,0,0,0,0,0,0,0,0,0,0,0,0,0,0,0,0,0,0,0,0,0,0,0,0,0,0,0,0,0,0,0,0,0,0,0,0,0,0,0,0,0,0,0,0,0,0,0,0,0,0,0,0,0
140,186,248,44,46,47,66,21,58,14,1,1,19,13,1634,435,0,0,616,38,0,0,0,0,0,0,0,0,0,0,0,0,71,6,0,0,0,334,1594,4,27,4,5,0,0,0,345,1,72,6,30,0,3,4,5,6,2,0,0,1,189,74,35,63,15,2,17,19,4,9,2407,64,732,164,86,20,41,18,69,21,0,0,2,1,20,8,5,0,13,3,0,0,7,2,0,0,0,0,5,0,0,0,0,0,0,0,1,0,0,0,0,0,3,0,0,0,0,0,0,0,0,0,0,0,20,6,69,55,28,8,2,1,3,0,14,3,5,3,0,0,0,0,0,1,19,12,4,2,9,3,0,0,1,1,734,41,0,0,3,0,1,0,4,0,8,2,1,0,3,1
45,196,43,190,66,208,23,125,18,112,1,2,9,34,123,2843,0,1,87,147,1,1,0,1,0,0,0,0,0,0,0,0,22,42,0,0,334,0,10,958,4,12,0,2,0,0,7,202,2,495,0,76,4,53,2,21,1,3,0,1,75,190,11,423,5,13,3,48,2,6,119,3544,150,505,22,152,24,88,27,97,0,0,6,4,4,32,2,0,11,13,0,0,2,4,0,0,0,0,0,2,0,0,0,1,0,0,0,1,2,1,2,0,7,0,8,0,1,0,0,1,0,0,0,2,4,61,27,115,5,11,2,6,0,0,5,10,1,7,0,0,0,0,0,3,6,14,2,4,2,4,0,0,2,236,109,730,0,0,0,1,0,1,0,5,0,5,0,0,0,1
10,4,25,5,6,5,11,0,6,1,1,0,3,1,67,8,0,0,8,0,0,0,0,0,0,0,0,0,0,0,0,0,26,4,0,0,1594,10,0,26,59,5,1,0,0,0,533,60,247,33,52,52,58,34,117,27,30,17,10,3,12,4,19,14,8,0,22,3,22,9,1588,35,4,1,11,0,10,2,9,2,0,0,16,2,54,10,0,0,94,12,0,0,30,5,2,1,0,1,4,0,0,0,3,2,1,1,0,0,1,1,0,0,1,0,8,0,0,0,0,0,0,0,1,0,3,1,3,1,0,2,0,0,0,0,1,0,0,0,0,0,0,0,2,2,17,6,4,2,5,2,0,0,0,0,4,5,0,0,0,0,0,0,1,0,2,0,1,0,3,0
0,16,0,7,4,2,0,6,0,0,0,0,3,2,0,34,0,0,1,13,0,0,0,0,0,0,0,0,0,0,0,0,2,11,0,0,4,958,26,0,8,45,1,1,0,0,93,566,26,441,8,183,13,119,14,106,2,45,2,14,3,7,2,17,1,15,1,29,4,47,40,1210,4,1,0,8,2,16,0,5,0,0,4,8,8,70,0,1,19,57,0,0,1,23,0,2,0,0,0,3,0,1,1,1,0,0,1,2,0,0,0,0,5,0,15,1,0,0,0,1,0,0,0,1,0,5,1,5,0,3,1,0,0,0,1,0,0,0,0,0,0,0,1,4,3,40,1,0,1,2,0,0,0,20,1,15,0,0,1,0,0,0,0,0,2,2,2,0,4,0
53,4,43,4,49,6,9,1,28,2,27,0,18,3,32,10,10,0,23,4,0,0,0,0,1,0,0,0,12,0,6,0,506,2,0,0,27,4,59,8,0,5,460,0,595,2,65,7,30,9,486,7,20,9,51,13,41,4,331,2,136,9,91,16,69,2,61,5,23,8,305,17,25,6,115,6,824,3,403,2,0,0,9,3,441,6,439,1,224,7,503,0,920,1,3,3,2,3,64,2,11,0,4,2,3,0,6,2,5,4,3,2,6,15,0,0,0,1,0,2,2,0,13,0,66,1,210,3,17,2,2,0,25,0,39,0,3,0,13,0,1,0,128,0,1206,4,8,0,17,0,0,0,0,1,4,3,10,1,14,0,5,1,106,1,8,1,3,2,25,2
1,54,1,13,3,33,1,13,0,6,0,4,1,36,4,12,0,1,0,15,0,1,0,0,0,0,0,0,0,2,0,0,7,191,0,0,4,12,5,45,5,0,0,309,0,701,49,58,15,37,23,439,9,68,15,179,2,226,5,1085,4,306,1,72,1,40,0,63,1,50,41,210,0,13,1,80,2,856,3,173,0,0,3,10,5,243,0,137,13,517,0,41,3,787,2,2,2,1,2,29,2,10,2,14,1,2,9,8,4,8,6,6,18,3,2,3,0,1,0,5,0,0,0,2,1,41,2,121,0,13,1,0,0,0,1,21,0,4,0,43,0,7,0,76,1,878,0,4,0,9,0,0,0,1,1,2,1,9,6,2,1,18,1,155,2,6,2,5,7,2
4,1,3,0,3,1,1,0,2,0,0,0,1,0,1,0,0,0,0,0,0,0,0,0,0,0,0,0,0,0,0,0,72,1,0,0,5,0,1,1,460,0,0,0,211,0,53,1,3,1,1165,1,5,1,8,0,5,0,1328,0,17,3,13,4,6,0,5,2,3,1,55,4,2,0,14,1,60,2,23,1,0,0,1,0,101,3,53,0,53,1,36,0,287,0,2,1,5,1,10,1,7,1,4,1,2,0,14,4,2,5,2,4,1,3,1,1,0,0,0,0,0,0,0,0,7,0,15,5,2,1,2,0,0,0,2,0,0,0,0,0,0,0,10,0,42,1,0,0,0,0,0,0,0,0,0,0,0,0,8,1,0,0,6,0,2,0,0,0,6,0
0,3,0,0,0,0,0,0,0,0,0,0,0,1,0,0,0,0,0,0,0,0,0,0,0,0,0,0,0,0,0,0,0,8,0,0,0,2,0,1,0,309,0,0,0,200,7,3,0,0,25,762,1,8,1,14,0,23,4,1344,0,37,0,8,0,2,0,7,0,2,12,25,0,0,0,9,0,26,0,19,0,0,0,2,2,9,0,21,0,11,0,250,0,31,0,3,0,2,1,55,3,66,0,6,1,0,2,4,0,12,1,3,0,0,0,2,0,1,0,5,0,0,0,0,0,0,0,46,0,1,0,0,0,0,0,0,0,0,0,1,0,1,1,3,0,22,0,0,0,1,0,0,0,0,0,0,0,0,0,0,0,2,0,1,0,0,0,1,1,0
0,0,27,3,48,0,0,0,6,0,33,0,0,0,2,0,30,0,34,5,4,3,8,1,4,0,2,0,16,0,10,0,31,1,0,0,0,0,0,0,595,0,211,0,0,1,0,0,0,0,0,0,0,0,0,1,0,0,28,0,0,0,1,1,0,0,0,0,0,0,0,0,0,0,3,7,220,2,135,0,0,0,0,0,1,0,778,1,17,0,231,0,124,0,0,0,0,0,0,0,0,0,0,0,0,0,0,0,0,0,0,0,1,0,0,0,1,0,0,0,1,0,0,0,10,0,8,0,0,0,11,0,27,0,40,0,3,0,1,0,0,0,0,0,3,0,0,0,1,0,0,0,3,2,4,1,46,1,2,0,3,0,24,0,0,0,0,0,0,1
0,2,3,39,4,77,0,0,0,4,0,58,0,1,0,3,1,101,2,39,0,13,0,7,0,4,0,9,0,5,0,6,0,44,0,0,0,0,0,0,2,701,0,200,1,0,1,0,0,1,0,9,0,3,0,5,0,12,0,83,0,9,0,5,0,1,0,1,0,0,1,1,0,0,3,47,2,469,0,58,0,0,0,0,1,1,0,259,1,14,0,6,0,39,0,0,0,0,1,2,1,0,1,0,0,0,0,3,1,0,0,0,3,1,1,0,0,0,0,0,0,0,0,0,0,25,1,12,0,1,0,2,0,3,0,27,0,3,0,0,0,0,0,1,0,8,0,2,1,0,0,0,0,3,0,1,0,161,2,0,1,1,1,20,0,5,2,2,0,0
5,4,3,1,3,1,3,2,0,0,0,0,1,0,7,4,0,0,0,0,0,0,0,0,0,0,0,0,0,0,0,0,23,13,0,0,345,7,533,93,65,49,53,7,0,1,0,2166,3943,763,4306,1544,1081,323,601,126,466,169,97,133,10,2,9,3,3,1,3,7,10,8,2033,294,1,0,4,3,9,24,6,3,0,0,10,4,58,35,1,3,152,76,0,0,59,53,113,85,0,1,7,3,11,6,162,174,1,0,1,0,0,0,0,1,1,1,22,20,0,0,0,1,0,0,1,0,1,2,2,1,0,0,1,0,0,0,0,0,0,0,0,0,0,0,4,3,17,29,2,1,5,1,0,0,0,0,1,1,0,0,0,0,0,0,1,1,3,0,0,1,1,0
0,2,0,1,0,0,0,0,0,0,0,0,0,0,1,3,0,0,0,1,0,0,0,0,0,0,0,0,0,0,0,0,2,12,0,0,1,202,60,566,7,58,1,3,0,0,2166,0,491,3910,241,2442,56,1843,22,960,17,765,25,84,2,2,0,5,0,1,0,3,0,1,228,2208,0,0,0,0,1,27,0,1,0,0,2,4,2,26,0,1,16,72,0,0,6,36,2,12,0,1,0,0,7,4,5,47,0,0,0,0,0,1,0,0,3,0,241,3,0,0,0,0,0,0,0,0,0,0,0,2,0,1,0,0,0,0,0,1,0,0,0,0,0,0,2,1,2,26,0,0,0,1,0,0,0,0,0,0,0,0,0,0,0,2,1,2,0,0,0,0,1,0
9,3,9,1,1,1,3,0,2,0,0,0,3,0,10,2,0,0,0,0,0,0,0,0,0,0,0,0,0,0,0,0,36,10,0,0,72,2,247,26,30,15,3,0,0,0,3943,491,0,257,479,106,3673,75,952,33,166,28,46,12,16,1,59,6,16,1,17,4,22,0,829,58,2,3,7,0,12,16,3,3,0,0,28,2,74,13,0,0,181,27,0,0,56,13,5,1,0,0,2,1,0,0,6,4,0,0,1,0,2,0,0,0,0,0,1,0,0,0,0,0,0,0,2,0,1,1,2,2,2,0,0,0,0,0,2,1,0,0,0,0,0,0,3,1,11,11,0,0,0,0,0,0,0,0,0,0,0,0,0,0,0,0,2,0,2,0,0,0,6,0
3,33,1,31,2,3,3,2,3,4,0,0,5,3,8,80,0,0,0,3,0,0,0,0,0,0,0,0,0,0,0,0,9,34,0,0,6,495,33,441,9,37,1,0,0,1,763,3910,257,0,72,493,21,3604,36,610,14,167,7,38,6,9,10,137,3,10,3,21,4,35,88,2033,0,8,3,7,8,44,3,14,0,0,8,11,34,56,0,2,47,92,0,0,6,32,2,2,1,0,1,2,1,2,1,4,0,1,0,1,0,0,2,0,7,1,15,1,0,0,0,3,0,0,0,1,0,3,5,6,3,2,1,0,0,0,0,2,0,0,0,0,0,1,2,8,8,32,0,4,1,10,0,0,0,0,1,3,0,1,1,0,0,2,0,3,1,3,0,1,3,1
6,0,2,0,3,0,0,0,1,0,2,0,0,0,4,1,0,0,1,0,0,0,0,0,0,0,0,0,0,0,0,0,176,1,0,0,30,0,52,8,486,23,1165,25,0,0,4306,241,479,72,0,318,522,37,585,29,858,27,1376,94,21,1,7,7,7,1,8,0,7,0,1101,133,3,0,8,0,44,6,12,1,0,0,17,2,337,7,17,0,762,10,0,0,458,6,44,2,0,0,82,0,229,6,636,12,0,0,2,1,2,1,2,3,0,36,37,11,0,0,0,1,0,0,1,0,3,2,13,1,0,0,2,0,1,0,1,0,0,1,0,0,0,0,17,0,141,19,0,0,3,0,0,0,0,0,0,0,0,0,3,0,0,0,3,0,1,1,0,0,12,0
0,4,0,1,1,2,0,1,0,0,0,0,0,1,1,1,0,0,0,2,0,0,0,0,0,0,0,0,0,0,0,0,2,52,0,0,0,76,52,183,7,439,1,762,0,9,1544,2442,106,493,318,0,33,275,8,247,10,1363,23,2703,0,7,0,2,0,2,0,3,0,1,280,537,0,0,0,5,1,175,0,26,0,0,0,6,3,128,0,5,10,121,0,2,6,100,4,502,0,1,4,45,112,295,10,1743,0,0,3,3,2,1,0,0,18,254,229,116,0,0,0,2,0,0,0,0,0,4,0,12,0,1,0,0,0,0,0,1,0,0,0,2,0,2,0,25,1,170,0,0,0,0,0,0,0,0,0,0,0,0,0,2,0,2,0,4,0,1,0,2,50,0
11,3,0,0,3,1,2,0,0,0,0,0,4,0,2,0,0,0,1,0,0,0,0,0,0,0,0,0,0,0,0,0,26,4,0,0,3,4,58,13,20,9,5,1,0,0,1081,56,3673,21,522,33,0,14,5460,13,507,16,58,4,12,0,284,3,27,0,17,2,29,5,321,23,2,0,5,0,5,5,3,3,0,0,23,0,85,10,2,0,205,13,0,0,73,5,22,0,0,0,4,0,1,0,9,2,0,0,1,0,0,1,0,0,1,0,1,0,0,0,0,0,0,0,0,0,0,0,1,1,1,0,0,0,0,0,3,0,0,0,0,0,0,0,2,0,7,2,1,0,0,0,0,0,0,0,1,0,0,0,0,0,0,0,1,0,2,0,0,0,3,1
2,113,2,28,2,11,0,7,0,1,0,0,0,8,3,26,0,0,0,1,0,0,0,0,0,0,0,0,0,0,0,0,19,64,0,0,4,53,34,119,9,68,1,8,0,3,323,1843,75,3604,37,275,14,0,32,4633,11,554,7,110,6,65,13,463,8,97,9,54,6,468,95,538,2,4,3,28,5,88,5,21,0,0,13,27,21,133,0,1,33,275,0,1,13,81,0,0,0,1,2,12,0,2,0,17,0,0,3,2,1,6,4,1,10,4,5,1,0,0,0,6,0,0,0,2,0,12,3,32,1,23,0,2,0,0,0,5,0,0,0,0,0,2,0,15,7,65,1,7,3,12,0,0,0,0,1,0,0,0,1,1,0,4,1,4,4,8,3,7,10,4
75,1,8,2,7,2,8,0,6,0,0,0,9,1,10,1,0,0,1,1,0,0,0,0,0,0,0,0,0,0,0,0,88,9,0,0,5,2,117,14,51,15,8,1,0,0,601,22,952,36,585,8,5460,32,0,34,3483,9,412,3,86,2,494,12,403,3,55,5,1292,17,444,44,7,0,5,1,33,15,19,2,0,0,67,1,192,20,6,1,2486,18,0,0,724,1,19,1,0,0,10,3,1,0,6,1,0,0,0,1,3,1,1,0,2,3,1,0,0,0,0,1,0,0,2,0,2,1,13,1,6,1,2,0,3,0,4,0,0,0,0,0,0,1,5,3,9,8,4,0,2,0,0,0,0,0,0,0,0,0,0,0,0,1,2,0,7,0,3,0,6,1
6,139,0,32,1,13,0,5,1,3,0,1,4,10,0,24,0,0,2,3,0,0,0,0,0,0,0,0,0,0,0,0,12,174,0,0,6,21,27,106,13,179,0,14,1,5,126,960,33,610,29,247,13,4633,34,0,7,2561,5,233,3,106,8,169,1,179,4,76,8,1787,77,452,1,0,0,13,3,187,2,28,0,0,7,57,20,300,0,3,32,2581,0,1,6,496,0,3,1,2,4,10,2,1,0,23,0,0,3,2,3,3,4,1,9,4,3,0,0,0,0,3,0,0,0,2,0,5,4,22,0,14,0,1,0,0,2,3,0,0,0,0,0,5,0,39,5,88,0,2,0,4,0,0,0,0,0,0,0,0,1,1,0,4,1,4,1,2,1,5,19,0
28,0,3,0,2,0,0,0,1,0,1,0,2,0,4,0,0,0,0,0,0,0,0,0,0,0,0,0,0,0,0,0,30,0,0,0,2,1,30,2,41,2,5,0,0,0,466,17,166,14,858,10,507,11,3483,7,0,3,915,0,34,2,33,1,32,0,7,2,10,0,77,10,2,0,2,1,12,3,2,1,0,0,11,2,126,5,14,0,556,6,1,0,1034,1,23,0,0,0,3,0,3,0,9,1,0,0,0,0,2,0,0,2,0,2,0,0,0,0,0,0,0,0,0,0,1,0,1,0,1,0,0,0,0,0,1,1,0,0,0,0,0,0,2,1,22,2,0,1,1,0,0,0,0,0,0,1,0,0,0,0,0,0,1,0,1,0,0,1,3,0
1,15,0,7,0,9,0,1,0,0,0,0,0,1,0,1,0,0,1,0,0,0,0,0,0,0,0,0,0,0,0,0,1,98,0,0,0,3,17,45,4,226,0,23,0,12,169,765,28,167,27,1363,16,554,9,2561,3,0,2,1936,1,5,0,7,0,2,0,1,0,6,20,120,1,0,0,7,0,213,0,17,0,0,0,8,2,211,0,23,4,874,0,8,1,1070,0,36,0,0,1,1,1,7,0,146,0,0,0,0,1,0,0,1,3,2,11,1,0,0,0,0,0,0,1,0,0,1,0,4,0,0,0,0,0,0,0,0,0,1,0,0,0,4,0,16,0,43,0,0,0,0,0,0,0,0,1,0,0,0,0,0,0,2,0,6,0,1,0,1,2,0
5,0,19,1,18,0,1,0,5,1,9,0,0,0,13,2,2,0,9,3,0,0,0,0,0,0,0,0,1,0,0,0,133,0,0,0,0,0,10,2,331,5,1328,4,28,0,97,25,46,7,1376,23,58,7,412,5,915,2,0,9,6,0,6,0,5,0,1,0,3,0,71,12,2,2,5,0,107,1,6,0,0,0,1,0,341,5,267,0,699,1,646,0,3276,4,2,0,0,0,0,1,28,3,103,1,0,0,1,0,0,1,0,0,1,0,1,0,0,0,0,0,0,0,0,0,1,1,4,0,1,0,0,0,0,0,3,0,0,0,0,0,0,0,6,0,30,1,1,0,0,0,0,0,1,0,2,1,0,0,1,0,0,0,0,0,0,0,0,0,0,0
0,9,2,29,2,19,0,6,0,4,0,9,0,1,3,9,0,0,2,19,0,0,0,0,0,0,0,0,0,4,0,0,2,138,0,0,1,1,3,14,2,1085,0,1344,0,83,133,84,12,38,94,2703,4,110,3,233,0,1936,9,0,1,8,0,6,0,2,0,1,0,2,63,40,0,0,1,3,0,453,2,14,0,0,0,2,0,215,0,112,0,461,0,107,1,2197,0,47,0,0,0,3,11,211,1,279,0,0,0,2,1,1,0,0,0,0,6,51,0,0,0,2,0,0,0,0,0,0,0,4,0,2,0,0,0,0,0,2,0,0,0,0,0,0,0,7,1,40,0,0,0,0,0,0,0,0,0,3,0,2,0,0,0,2,0,3,0,0,0,1,2,0
5892,208,294,52,248,34,379,24,83,5,4,1,828,22,281,233,0,0,8,1,0,0,0,0,0,0,0,0,0,0,0,0,475,7,0,0,189,75,12,3,136,4,17,0,0,0,10,2,16,6,21,0,12,6,86,3,34,1,6,1,0,29,1357,15,2637,3,1824,4,314,0,919,17,1649,68,384,16,206,13,394,22,0,0,111,0,1314,6,4,0,716,4,0,0,130,0,1,0,0,1,28,9,2,0,1,0,0,1,0,4,2,1,3,1,7,3,0,0,0,0,0,0,0,0,0,0,24,2,645,46,114,5,16,0,5,0,59,3,14,4,0,0,0,0,1,0,69,2,31,4,26,0,0,0,0,0,35,7,0,0,2,1,6,0,26,1,25,2,7,2,10,8
23,4062,3,113,5,193,1,152,2,24,0,2,4,953,17,309,0,0,5,12,0,0,0,0,0,0,0,0,0,0,0,0,6,165,0,0,74,190,4,7,9,306,3,37,0,9,2,2,1,9,1,7,0,65,2,106,2,5,0,8,29,0,22,1281,19,753,5,1981,5,517,155,740,42,1488,16,526,5,334,6,296,0,0,3,4,23,424,0,0,4,443,0,0,3,39,2,2,4,3,12,30,5,1,0,1,1,0,14,7,5,8,14,5,78,18,1,1,0,0,0,7,0,0,0,5,4,70,15,897,6,390,0,25,0,1,4,55,2,3,0,0,0,0,0,17,4,128,6,83,4,35,0,0,0,0,4,5,0,0,8,2,1,14,4,37,6,45,10,18,25,13
477,14,43,7,39,3,24,2,29,0,1,0,18,4,20,10,0,0,7,0,0,0,0,0,0,0,0,0,0,0,0,0,80,3,0,0,35,11,19,2,91,1,13,0,1,0,9,0,59,10,7,0,284,13,494,8,33,0,6,0,1357,22,0,50,2622,13,93,19,536,13,1453,18,159,17,51,8,65,2,68,2,0,0,15,0,60,14,0,0,180,14,0,0,57,1,0,0,0,1,17,7,5,0,0,1,1,0,0,0,6,1,3,1,5,1,0,2,0,0,0,2,0,0,0,0,9,3,76,5,45,5,4,0,3,0,14,3,2,0,0,0,0,0,2,0,20,3,8,1,18,1,0,0,0,0,3,3,0,0,9,1,0,0,13,1,20,1,2,1,6,4
21,598,2,136,6,48,6,37,4,11,0,0,9,27,18,322,0,1,5,13,0,1,0,0,0,0,0,0,0,0,0,0,16,40,0,0,63,423,14,17,16,72,4,8,1,5,3,5,6,137,7,2,3,463,12,169,1,7,0,6,15,1281,50,0,15,526,20,180,11,1186,188,1384,8,288,14,106,6,48,6,41,0,0,9,13,33,59,0,0,28,31,0,0,1,4,1,1,0,1,6,23,5,1,0,1,1,0,6,8,4,9,4,4,34,10,0,0,0,0,0,11,0,1,1,6,0,21,6,100,6,113,1,5,1,0,4,20,0,2,0,0,0,0,1,12,4,61,1,35,11,22,0,0,0,0,0,3,0,0,2,1,1,4,0,11,11,16,2,16,9,2
274,5,18,2,38,1,18,2,21,0,1,0,25,2,28,13,0,0,2,0,0,0,0,0,0,0,0,0,0,0,0,0,91,0,0,0,15,5,8,1,69,1,6,0,0,0,3,0,16,3,7,0,27,8,403,1,32,0,5,0,2637,19,2622,15,0,1,2133,4,2706,0,214,7,21,1,41,2,50,1,54,1,0,0,13,1,167,8,1,0,693,2,0,0,165,0,1,0,0,0,15,5,0,0,0,0,0,0,0,1,0,1,2,0,3,0,0,0,0,1,0,1,0,0,0,0,6,0,44,2,22,1,0,0,1,0,6,0,3,0,0,0,0,0,1,1,9,1,6,1,11,2,0,0,0,0,0,3,0,0,1,0,1,0,12,1,17,1,0,0,2,2
4,222,1,65,0,38,3,7,1,4,0,1,0,19,1,10,0,0,1,3,0,0,0,0,0,0,0,0,0,0,0,0,4,22,0,0,2,13,0,15,2,40,0,2,0,1,1,1,1,10,1,2,0,97,3,179,0,2,0,2,3,753,13,526,1,0,3,1348,4,2215,22,10,1,2,0,19,0,39,1,28,0,0,1,5,3,28,0,1,9,235,0,0,1,18,1,0,0,1,3,7,0,0,0,1,0,0,1,1,0,3,1,0,9,3,0,0,0,0,0,0,0,0,0,2,0,6,4,26,0,29,0,3,0,0,2,8,0,0,0,0,0,0,0,2,2,12,0,5,0,8,0,0,1,1,0,1,0,0,1,0,0,3,0,5,0,6,2,1,0,3
231,9,12,4,33,0,34,2,19,0,2,1,158,1,17,9,0,0,1,0,0,0,0,0,0,0,0,0,0,0,0,0,72,3,0,0,17,3,22,1,61,0,5,0,0,0,3,0,17,3,8,0,17,9,55,4,7,0,1,0,1824,5,93,20,2133,3,0,3,376,1,151,16,11,4,45,3,47,3,36,0,0,0,50,0,974,1,0,0,526,2,0,0,35,0,0,1,0,0,9,0,1,0,0,0,0,0,0,4,2,2,0,1,1,1,0,0,0,0,1,0,0,0,1,0,6,1,33,0,22,3,1,0,0,0,8,0,2,0,0,0,0,0,0,0,11,2,7,0,10,1,0,0,0,0,4,2,0,0,0,0,0,0,8,2,11,0,2,2,4,4
8,622,4,147,4,166,1,325,2,18,0,1,2,624,9,46,0,0,2,5,0,0,0,0,0,0,0,0,0,0,0,0,5,78,0,0,19,48,3,29,5,63,2,7,0,1,7,3,4,21,0,3,2,54,5,76,2,1,0,1,4,1981,19,180,4,1348,3,0,6,643,80,34,5,6,3,69,3,100,2,37,0,0,2,39,9,531,0,0,13,410,0,0,0,17,0,1,0,0,4,10,1,0,0,0,2,1,1,6,2,4,5,0,13,0,0,1,0,1,0,4,0,0,0,1,0,9,3,55,2,27,0,0,1,0,1,2,0,0,0,0,0,0,1,6,1,27,0,6,2,6,0,0,0,0,2,2,0,0,2,1,0,3,1,5,1,7,1,4,8,1
156,2,17,1,6,1,1,0,7,0,0,0,1,0,6,5,0,0,1,0,0,0,0,0,0,0,0,0,0,0,0,0,32,0,0,0,4,2,22,4,23,1,3,0,0,0,10,0,22,4,7,0,29,6,1292,8,10,0,3,0,314,5,536,11,2706,4,376,6,0,3,97,12,10,1,14,2,15,1,12,2,0,0,14,0,131,10,0,0,1478,1,0,0,95,0,0,0,0,0,4,2,0,0,1,1,0,0,0,0,0,0,0,0,0,0,0,1,0,0,0,0,0,0,0,0,2,0,9,2,5,1,5,0,0,0,3,0,0,0,0,0,0,0,0,1,17,3,1,0,4,0,0,0,0,0,1,0,0,0,1,0,0,0,3,0,5,1,2,0,2,0
6,375,1,60,0,48,0,18,0,1,0,0,1,13,1,26,0,0,0,1,0,0,0,0,0,0,0,0,0,0,0,0,15,77,0,0,9,6,9,47,8,50,1,2,0,0,8,1,0,35,0,1,5,468,17,1787,0,6,0,2,0,517,13,1186,0,2215,1,643,3,0,50,52,4,2,1,14,6,69,5,14,0,0,8,38,13,300,0,0,26,1913,0,0,4,26,0,0,0,1,6,7,1,1,0,0,0,0,1,3,0,3,1,1,11,1,0,0,0,0,0,2,0,1,0,1,1,4,1,23,2,13,0,1,0,0,0,1,0,0,0,0,0,0,0,4,3,33,1,5,0,7,0,0,0,0,0,0,0,0,0,1,0,3,0,5,1,5,1,3,4,0
1074,83,400,21,87,18,81,9,64,1,2,0,62,12,409,96,0,0,6,3,0,0,0,0,0,0,0,0,0,0,0,0,195,22,0,0,2407,119,1588,40,305,41,55,12,0,1,2033,228,829,88,1101,280,321,95,444,77,77,20,71,63,919,155,1453,188,214,22,151,80,97,50,0,205,2049,79,169,32,138,24,138,15,0,0,58,4,226,76,0,0,230,49,0,0,46,13,3,4,2,1,50,11,36,11,26,3,1,0,8,8,8,3,7,4,19,8,9,6,0,1,0,3,0,1,2,0,48,2,226,21,114,17,17,0,9,0,58,6,6,1,0,0,0,0,5,7,86,41,34,5,42,5,0,0,0,0,11,4,0,0,9,2,0,1,34,2,44,3,9,5,26,14
8,200,3,64,6,20,1,15,1,7,0,0,3,10,14,331,0,0,2,11,0,0,0,0,0,0,0,0,0,0,0,0,25,30,0,0,64,3544,35,1210,17,210,4,25,0,1,294,2208,58,2033,133,537,23,538,44,452,10,120,12,40,17,740,18,1384,7,10,16,34,12,52,205,0,24,675,14,53,11,66,8,37,0,0,9,16,37,77,0,1,57,119,0,0,24,34,0,2,0,0,9,7,8,1,5,9,0,0,0,2,3,2,1,0,8,6,164,1,0,1,0,2,0,0,1,1,1,8,9,62,3,23,2,2,2,0,3,6,1,0,0,0,0,1,1,14,9,199,3,13,3,7,0,0,1,0,2,7,0,0,2,0,1,2,2,0,3,3,2,2,7,1
1312,281,232,27,94,51,107,33,22,8,2,0,78,29,1221,332,0,0,6,2,0,0,0,0,0,0,0,0,1,0,0,0,134,5,0,0,732,150,4,4,25,0,2,0,0,0,1,0,2,0,3,0,2,2,7,1,2,1,2,0,1649,42,159,8,21,1,11,5,10,4,2049,24,0,108,89,19,71,10,186,21,0,0,5,0,20,8,2,0,11,9,0,0,4,2,0,0,0,0,5,0,0,0,0,0,1,0,0,0,1,0,0,1,1,0,0,0,0,0,0,0,0,0,1,0,15,0,433,65,58,11,18,1,0,0,37,3,6,3,0,0,0,0,0,1,35,5,9,1,11,2,0,0,0,0,30,2,0,0,0,0,0,0,3,0,6,0,2,0,3,3
25,723,2,35,0,21,5,42,3,1,0,0,2,54,28,1229,0,0,0,1,0,0,0,0,0,0,0,0,0,0,0,0,11,13,0,0,164,505,1,1,6,13,0,0,0,0,0,0,3,8,0,0,0,4,0,0,0,0,2,0,68,1488,17,288,1,2,4,6,1,2,79,675,108,0,14,91,3,27,10,58,0,0,0,0,4,4,0,0,1,5,0,0,0,0,0,0,0,0,0,0,0,0,0,0,0,0,2,1,1,0,0,0,1,1,0,0,0,0,0,0,0,0,0,0,2,4,11,154,7,26,0,5,1,0,2,3,2,3,0,0,0,0,0,1,3,15,2,9,5,3,0,0,0,0,3,0,0,0,0,0,0,1,3,3,2,2,0,1,0,1
216,46,372,80,779,43,237,14,509,15,114,1,69,1,220,54,11,5,525,111,93,46,88,15,20,1,12,0,42,4,17,0,309,10,0,0,86,22,11,0,115,1,14,0,3,3,4,0,7,3,8,0,5,3,5,0,2,0,5,1,384,16,51,14,41,0,45,3,14,1,169,14,89,14,0,448,721,21,590,17,0,0,7,0,65,2,12,1,28,2,2,0,18,1,0,0,0,0,32,2,1,0,1,0,1,0,1,4,3,1,0,5,7,2,1,0,0,0,0,1,14,0,15,0,184,10,525,5,164,3,29,0,8,0,280,9,32,0,0,0,0,0,1,0,226,0,18,0,58,0,4,8,63,50,82,28,24,40,8,2,1,0,39,2,34,0,4,2,11,3
19,578,100,417,88,673,14,395,8,264,13,31,3,112,25,187,10,47,163,374,44,354,39,147,16,4,0,3,6,17,3,2,9,159,0,0,20,152,0,8,6,80,1,9,7,47,3,0,0,7,0,5,0,28,1,13,1,7,0,3,16,526,8,106,2,19,3,69,2,14,32,53,19,91,448,0,25,1935,20,1261,0,0,0,11,3,32,2,14,3,22,0,0,1,9,0,0,0,2,7,21,1,1,0,2,2,0,3,1,2,8,8,3,36,8,0,1,0,0,0,10,0,1,0,5,5,401,18,1008,4,240,0,36,0,18,9,334,0,128,0,0,0,0,0,6,3,248,0,120,1,71,4,3,49,113,25,113,22,144,6,1,1,5,3,54,2,36,2,10,10,6
134,19,381,69,569,31,41,13,225,10,311,5,35,0,233,42,215,0,264,75,4,11,4,2,7,0,5,0,115,3,38,0,337,9,0,0,41,24,10,2,824,2,60,0,220,2,9,1,12,8,44,1,5,5,33,3,12,0,107,0,206,5,65,6,50,0,47,3,15,6,138,11,71,3,721,25,0,19,1052,9,0,0,5,0,102,4,96,1,87,3,22,0,258,3,1,0,1,0,22,4,3,2,0,0,1,0,2,4,4,0,2,1,2,9,0,0,0,1,0,0,5,0,3,0,134,4,132,6,18,2,24,0,27,0,213,0,30,0,0,0,0,0,9,1,108,1,10,0,9,0,0,2,4,38,49,36,95,1,4,0,6,0,32,0,10,1,4,3,12,0
20,307,65,657,51,723,14,203,22,333,6,297,0,176,57,261,8,173,105,378,1,50,5,18,0,3,0,17,0,48,0,18,12,1389,0,0,18,88,2,16,3,856,2,26,2,469,24,27,16,44,6,175,5,88,15,187,3,213,1,453,13,334,2,48,1,39,3,100,1,69,24,66,10,27,21,1935,19,0,15,929,0,0,5,42,6,284,5,75,13,233,0,13,9,352,0,3,1,5,4,20,2,0,1,16,0,0,7,6,1,1,4,1,16,8,0,3,0,0,1,2,0,1,0,0,5,73,7,108,0,7,0,4,0,4,9,50,3,12,0,1,0,1,0,23,4,79,1,7,2,6,2,0,14,27,25,84,0,522,2,2,1,4,0,50,4,6,0,4,10,1
231,33,292,61,473,42,63,13,241,14,127,0,29,6,428,101,2,0,236,39,0,1,0,1,0,0,0,0,38,0,17,0,107,8,0,0,69,27,9,0,403,3,23,0,135,0,6,0,3,3,12,0,3,5,19,2,2,0,6,2,394,6,68,6,54,1,36,2,12,5,138,8,186,10,590,20,1052,15,0,21,0,0,9,0,39,3,9,1,20,4,3,0,9,0,1,0,3,2,47,3,4,1,1,0,3,0,2,2,5,3,3,6,7,7,0,0,0,0,0,1,3,0,1,1,294,6,187,16,27,1,26,1,41,0,309,2,41,0,0,0,0,0,0,0,80,1,11,0,23,0,1,0,1,22,55,45,2,0,13,2,11,0,137,1,24,1,10,1,12,10
31,408,37,351,40,476,6,99,18,191,3,80,3,75,77,334,1,1,69,156,0,8,1,2,0,0,0,3,0,6,0,3,13,86,0,0,21,97,2,5,2,173,1,19,0,58,3,1,3,14,1,26,3,21,2,28,1,17,0,14,22,296,2,41,1,28,0,37,2,14,15,37,21,58,17,1261,9,929,21,0,0,0,1,6,2,37,0,9,4,19,0,2,1,7,3,0,4,6,7,53,10,1,0,2,4,2,17,12,8,5,8,9,25,4,1,4,0,0,1,7,0,0,0,2,8,113,12,267,1,47,2,3,1,9,6,171,1,41,0,1,0,0,0,7,7,60,0,30,0,18,0,0,7,5,16,74,0,6,12,3,1,20,5,185,3,34,1,6,11,2
0,0,0,0,0,0,0,0,0,0,0,0,0,0,0,0,0,0,0,0,0,0,0,0,0,0,0,0,0,0,0,0,0,0,0,0,0,0,0,0,0,0,0,0,0,0,0,0,0,0,0,0,0,0,0,0,0,0,0,0,0,0,0,0,0,0,0,0,0,0,0,0,0,0,0,0,0,0,0,0,0,0,0,0,0,0,0,0,0,0,0,0,0,0,0,0,0,0,0,0,0,0,0,0,0,0,0,0,0,0,0,0,0,0,0,0,0,0,0,0,0,0,0,0,0,0,0,0,0,0,0,0,0,0,0,0,0,0,0,0,0,0,0,0,0,0,0,0,0,0,0,0,0,0,0,0,0,0,0,0,0,0,0,0,0,0,0,0,0,0
0,0,0,0,0,0,0,0,0,0,0,0,0,0,0,0,0,0,0,0,0,0,0,0,0,0,0,0,0,0,0,0,0,0,0,0,0,0,0,0,0,0,0,0,0,0,0,0,0,0,0,0,0,0,0,0,0,0,0,0,0,0,0,0,0,0,0,0,0,0,0,0,0,0,0,0,0,0,0,0,0,0,0,0,0,0,0,0,0,0,0,0,0,0,0,0,0,0,0,0,0,0,0,0,0,0,0,0,0,0,0,0,0,0,0,0,0,0,0,0,0,0,0,0,0,0,0,0,0,0,0,0,0,0,0,0,0,0,0,0,0,0,0,0,0,0,0,0,0,0,0,0,0,0,0,0,0,0,0,0,0,0,0,0,0,0,0,0,0,0
42,2,6,0,17,2,98,0,26,0,0,0,244,0,9,1,1,0,0,0,0,0,0,0,0,0,0,0,0,0,0,0,188,1,0,0,2,6,16,4,9,3,1,0,0,0,10,2,28,8,17,0,23,13,67,7,11,0,1,0,111,3,15,9,13,1,50,2,14,8,58,9,5,0,7,0,5,5,9,1,0,0,0,0,627,7,1,0,78,1,0,0,5,0,1,0,0,0,6,0,0,0,1,0,0,0,0,2,0,0,1,0,0,0,0,0,0,0,0,0,0,0,1,0,3,0,4,1,4,0,0,0,0,0,1,0,0,0,0,0,0,1,0,1,11,2,2,0,1,0,0,0,0,0,1,0,0,0,1,0,0,0,0,0,2,0,1,0,2,1
1,27,1,13,1,45,0,48,0,8,0,0,0,252,0,2,0,0,0,1,0,0,0,0,0,0,0,0,0,0,0,0,0,64,0,0,1,4,2,8,3,10,0,2,0,0,4,4,2,11,2,6,0,27,1,57,2,8,0,2,0,4,0,13,1,5,0,39,0,38,4,16,0,0,0,11,0,42,0,6,0,0,0,0,1,404,0,13,2,59,0,1,0,4,0,0,0,0,0,1,1,0,0,1,0,0,0,0,0,0,0,1,5,2,0,0,0,0,0,0,0,0,0,0,0,1,1,2,0,1,0,0,0,0,0,0,0,0,0,0,0,0,0,7,0,19,0,0,0,2,0,0,0,0,1,0,0,0,0,0,0,1,0,3,0,0,1,0,4,0
847,11,34,2,136,3,261,4,66,3,1,0,1285,2,49,10,0,0,6,0,0,0,0,0,0,0,0,0,0,0,0,0,636,6,0,0,20,4,54,8,441,5,101,2,1,1,58,2,74,34,337,3,85,21,192,20,126,2,341,0,1314,23,60,33,167,3,974,9,131,13,226,37,20,4,65,3,102,6,39,2,0,0,627,1,0,12,153,0,3062,11,2,0,259,1,1,0,0,0,13,4,2,0,9,1,0,0,4,0,2,1,0,1,7,3,0,0,0,0,0,3,1,0,1,0,8,2,28,1,20,3,3,0,3,0,12,0,1,0,0,0,0,0,19,1,75,6,6,0,7,1,0,0,0,0,3,1,0,0,2,2,1,0,13,3,12,0,2,0,7,4
10,562,3,131,0,357,1,314,2,60,0,0,0,1232,11,53,0,0,2,1,0,0,0,0,0,0,0,0,0,1,0,0,8,332,0,0,8,32,10,70,6,243,3,9,0,1,35,26,13,56,7,128,10,133,20,300,5,211,5,215,6,424,14,59,8,28,1,531,10,300,76,77,8,4,2,32,4,284,3,37,0,0,7,404,12,0,0,720,26,2718,0,99,3,227,0,2,1,0,1,7,0,0,1,12,1,0,2,2,1,4,2,1,10,1,0,3,0,0,0,3,0,0,0,0,1,8,11,34,2,3,0,1,1,0,0,5,0,1,0,0,0,2,0,21,6,50,2,1,2,4,0,0,0,0,1,5,0,0,3,0,0,1,0,4,2,3,1,1,6,0
9,2,64,3,67,1,214,2,52,0,97,1,507,2,24,14,0,0,34,7,0,0,2,1,1,0,0,0,46,0,26,0,413,1,0,0,5,2,0,0,439,0,53,0,778,0,1,0,0,0,17,0,2,0,6,0,14,0,267,0,4,0,0,0,1,0,0,0,0,0,0,0,2,0,12,2,96,5,9,0,0,0,1,0,153,0,0,0,855,0,133,0,417,0,0,0,0,0,0,0,0,0,1,0,0,0,0,0,0,0,0,0,0,0,0,0,0,0,0,0,0,0,0,0,0,0,2,0,0,0,0,0,0,0,0,0,0,1,1,0,0,0,0,0,1,0,0,0,0,0,0,0,0,7,3,4,2,0,0,0,1,0,0,0,0,0,0,0,0,0
0,2,4,78,7,85,0,6,2,13,0,89,0,110,1,3,0,25,11,28,0,7,1,2,0,1,0,5,0,11,0,9,0,74,0,0,0,0,0,1,1,137,0,21,1,259,3,1,0,2,0,5,0,1,1,3,0,23,0,112,0,0,0,0,0,1,0,0,0,0,0,1,0,0,1,14,1,75,1,9,0,0,0,13,0,720,0,0,0,707,0,785,0,310,0,0,0,0,0,0,0,0,0,0,0,0,0,0,0,0,0,0,0,0,0,1,0,0,0,0,0,0,0,0,1,1,0,1,0,1,0,0,0,0,0,0,0,0,0,0,0,0,0,0,0,0,0,0,0,0,0,0,1,8,0,8,0,1,0,0,0,0,0,0,0,0,0,0,0,0
290,5,32,4,55,3,13,3,16,0,10,0,24,0,25,4,0,0,13,1,0,0,0,0,0,0,0,0,6,0,2,0,166,11,0,0,13,11,94,19,224,13,53,0,17,1,152,16,181,47,762,10,205,33,2486,32,556,4,699,0,716,4,180,28,693,9,526,13,1478,26,230,57,11,1,28,3,87,13,20,4,0,0,78,2,3062,26,855,0,0,23,299,0,3281,7,17,0,0,0,14,3,0,0,24,0,0,1,1,0,2,2,1,1,1,2,1,0,0,0,0,0,0,0,5,2,3,0,12,7,8,1,4,0,1,0,11,1,1,0,0,0,0,0,12,5,29,11,4,0,7,5,0,0,0,0,0,2,0,0,2,0,0,1,5,0,5,2,1,1,12,4
6,942,4,158,2,200,2,29,0,2,0,0,3,12,11,28,0,0,5,11,0,0,0,0,0,0,0,0,0,0,0,1,4,205,0,0,3,13,12,57,7,517,1,11,0,14,76,72,27,92,10,121,13,275,18,2581,6,874,1,461,4,443,14,31,2,235,2,410,1,1913,49,119,9,5,2,22,3,233,4,19,0,0,1,59,11,2718,0,707,23,0,0,283,7,4060,1,0,0,0,3,5,0,0,1,7,1,0,0,2,0,1,0,0,8,1,0,1,0,0,0,0,0,0,0,0,0,4,2,21,0,3,1,0,0,0,0,1,0,1,0,0,0,0,1,17,1,29,0,2,1,5,0,0,0,2,0,0,0,1,0,0,0,1,1,3,1,3,1,2,5,1
0,0,13,0,17,1,0,0,5,0,21,0,0,0,1,0,0,0,9,7,2,1,1,0,1,0,0,0,11,0,3,0,25,0,0,0,0,0,0,0,503,0,36,0,231,0,0,0,0,0,0,0,0,0,0,0,1,0,646,0,0,0,0,0,0,0,0,0,0,0,0,0,0,0,2,0,22,0,3,0,0,0,0,0,2,0,133,0,299,0,0,0,1168,0,0,0,0,0,0,0,0,0,0,0,0,0,0,0,0,0,0,0,0,0,0,0,0,0,0,0,0,0,0,0,0,0,0,0,0,0,0,0,0,0,0,0,0,0,0,0,0,0,0,0,0,0,0,0,0,0,0,0,1,2,0,0,0,0,0,0,0,0,0,0,0,0,0,0,0,0
0,1,2,6,0,10,0,1,0,3,1,8,0,0,0,1,0,0,0,2,0,0,0,0,0,0,0,1,0,0,0,0,0,10,0,0,0,0,0,0,0,41,0,250,0,6,0,0,0,0,0,2,0,1,0,1,0,8,0,107,0,0,0,0,0,0,0,0,0,0,0,0,0,0,0,0,0,13,0,2,0,0,0,1,0,99,0,785,0,283,0,0,0,156,0,0,0,0,0,0,0,0,0,0,0,0,0,0,0,0,0,0,0,0,0,0,0,0,0,0,0,0,0,0,0,1,0,0,0,0,0,0,0,0,0,1,0,0,0,0,0,0,0,0,0,0,0,0,0,0,0,0,0,0,1,2,0,0,0,0,0,0,0,0,0,0,0,0,0,0
70,2,65,3,54,2,5,1,26,1,31,0,1,0,29,6,1,0,49,7,0,0,0,0,0,0,0,0,14,0,7,0,159,2,0,0,7,2,30,1,920,3,287,0,124,0,59,6,56,6,458,6,73,13,724,6,1034,1,3276,1,130,3,57,1,165,1,35,0,95,4,46,24,4,0,18,1,258,9,9,1,0,0,5,0,259,3,417,0,3281,7,1168,0,0,3,1,0,0,0,3,0,0,0,6,0,0,0,0,0,0,0,0,0,0,0,0,0,0,0,0,0,0,0,1,0,1,0,5,0,1,1,0,0,0,0,4,1,1,0,2,0,0,0,0,1,5,3,0,0,1,0,0,0,1,1,3,3,2,0,1,0,0,1,0,0,0,0,1,0,1,0
1,53,1,29,3,40,0,3,0,5,0,16,0,5,1,15,0,0,3,17,0,0,0,0,0,2,0,0,0,5,0,1,1,166,0,0,2,4,5,23,1,787,0,31,0,39,53,36,13,32,6,100,5,81,1,496,1,1070,4,2197,0,39,1,4,0,18,0,17,0,26,13,34,2,0,1,9,3,352,0,7,0,0,0,4,1,227,0,310,7,4060,0,156,3,0,0,1,0,0,0,0,0,0,2,6,0,0,0,0,0,1,0,0,7,1,0,0,0,0,0,1,0,0,0,0,0,3,0,8,0,0,0,0,0,0,1,1,0,0,0,0,0,0,0,7,0,13,0,0,0,0,0,0,2,1,1,3,0,0,0,0,0,1,0,1,1,1,0,1,1,0
0,2,0,0,1,1,0,0,1,0,0,0,0,1,1,0,0,0,0,0,0,0,0,0,0,0,0,0,0,0,0,0,5,0,0,0,0,0,2,0,3,2,2,0,0,0,113,2,5,2,44,4,22,0,19,0,23,0,2,0,1,2,0,1,1,1,0,0,0,0,3,0,0,0,0,0,1,0,1,3,0,0,1,0,1,0,0,0,17,1,0,0,1,0,0,60,4755,32,193,13,1157,8,2852,58,785,5,451,79,361,27,68,30,2,3,37,49,246,8,4,2,0,0,0,0,0,0,0,4,0,0,0,0,0,0,1,0,0,0,0,0,0,0,0,0,3,1,0,0,0,0,0,0,0,0,0,0,0,0,6,3,2,0,4,3,0,0,2,2,0,0
0,1,0,1,0,1,0,0,1,0,0,0,0,0,0,0,0,0,0,0,0,0,0,0,0,0,0,0,0,0,0,0,0,2,0,0,0,0,1,2,3,2,1,3,0,0,85,12,1,2,2,502,0,0,1,3,0,36,0,47,0,2,0,1,0,0,1,1,0,0,4,2,0,0,0,0,0,3,0,0,0,0,0,0,0,2,0,0,0,0,0,0,0,1,60,0,55,5648,5,312,36,551,39,7023,10,428,66,558,25,228,24,148,47,11,186,127,507,53,13,23,0,0,0,0,0,1,0,3,0,0,0,0,0,0,0,0,0,0,0,0,0,0,0,0,0,1,0,0,0,0,0,0,0,0,0,0,0,0,1,1,0,1,1,0,0,0,1,5,0,0
1,1,0,0,0,1,1,0,0,0,0,0,0,0,0,0,0,0,1,0,0,0,0,0,0,0,0,0,0,0,0,0,0,0,0,0,0,0,0,0,2,2,5,0,0,0,0,0,0,1,0,0,0,0,0,1,0,0,0,0,0,4,0,0,0,0,0,0,0,0,2,0,0,0,0,0,1,1,3,4,0,0,0,0,0,1,0,0,0,0,0,0,0,0,4755,55,0,44,193,17,787,13,786,32,2076,9,1240,136,393,34,101,44,3,4,48,112,238,36,11,6,0,0,0,0,0,0,3,3,0,0,1,0,0,0,2,0,0,0,0,0,0,0,2,0,1,1,0,0,0,0,0,0,0,0,0,0,0,0,7,4,2,0,4,1,3,1,1,2,1,0
0,2,0,0,0,1,0,0,0,0,0,0,0,0,0,0,0,0,0,0,0,0,0,0,0,0,0,0,0,0,0,0,1,0,0,0,0,0,1,0,3,1,1,2,0,0,1,1,0,0,0,1,0,1,0,2,0,0,0,0,1,3,1,1,0,1,0,0,0,1,1,0,0,0,0,2,0,5,2,6,0,0,0,0,0,0,0,0,0,0,0,0,0,0,32,5648,44,0,7,325,57,326,38,778,15,1180,122,1341,40,287,52,123,29,3,108,98,265,99,14,30,0,0,0,0,0,2,2,4,0,0,0,0,0,0,0,0,0,0,0,0,0,0,0,0,0,0,0,0,0,0,0,0,0,0,0,1,0,0,0,1,0,1,3,0,1,0,1,6,0,0
7,2,1,1,7,5,2,2,4,0,0,0,5,1,6,2,0,0,2,1,0,0,0,0,0,0,0,0,0,0,0,0,16,1,0,0,5,0,4,0,64,2,10,1,0,1,7,0,2,1,82,4,4,2,10,4,3,1,0,0,28,12,17,6,15,3,9,4,4,6,50,9,5,0,32,7,22,4,47,7,0,0,6,0,13,1,0,0,14,3,0,0,3,0,193,5,193,7,0,15,831,16,137,5,115,5,279,53,1095,33,102,49,38,474,130,29,9,12,7,70,0,0,7,0,16,5,44,17,17,2,3,0,2,0,20,0,0,0,0,0,0,0,12,1,77,8,7,0,10,1,0,0,0,0,2,2,0,0,54,3,11,2,44,6,81,13,12,7,188,7
1,4,0,2,0,3,0,3,0,1,0,0,1,7,0,0,0,0,3,0,0,0,0,0,0,0,0,0,0,0,0,0,0,8,0,0,0,2,0,3,2,29,1,55,0,2,3,0,1,2,0,45,0,12,3,10,0,1,1,3,9,30,7,23,5,7,0,10,2,7,11,7,0,0,2,21,4,20,3,53,0,0,0,1,4,7,0,0,3,5,0,0,0,0,13,312,17,325,15,0,103,1282,15,296,25,131,106,723,48,502,49,212,92,351,517,83,16,36,18,42,0,1,0,0,0,12,8,54,1,1,1,0,2,0,1,1,0,0,0,0,0,0,0,10,4,18,0,1,0,0,0,0,0,0,1,1,0,0,17,7,0,5,1,7,11,5,1,40,36,2
0,1,0,1,0,0,1,0,1,0,0,0,0,1,0,0,0,0,1,0,0,0,0,0,0,0,0,0,0,0,0,0,0,0,0,0,0,0,0,0,11,2,7,3,0,1,11,7,0,1,229,112,1,0,1,2,3,1,28,11,2,5,5,5,0,0,1,1,0,1,36,8,0,0,1,1,3,2,4,10,0,0,0,1,2,0,0,0,0,0,0,0,0,0,1157,36,787,57,831,103,0,153,2219,51,745,12,1435,183,724,97,372,82,43,119,1221,257,94,69,39,70,0,0,0,0,0,2,10,4,0,0,1,0,0,0,0,0,0,0,0,0,0,0,0,0,6,0,0,0,1,0,0,0,0,0,0,0,0,0,16,4,6,0,8,4,2,1,6,13,24,2
