0,140,1615,21,2186,25,557,23,138,11,0,0,2099,8,466,93,0,0,1,0,0,0,0,0,0,0,0,0,0,0,0,0,820,8,0,0,217,104,17,2,19,2,0,0,0,0,14,2,75,0,10,0,19,0,12,0,4,0,2,0,3972,32,521,2,329,1,391,4,255,0,493,41,2099,69,185,18,146,3,165,27,0,0,68,1,549,8,0,0,78,1,0,0,0,0,0,0,0,0,1,0,1,0,0,0,0,0,1,0,3,0,4,4,0,0,0,0,0,0,0,0,0,0,2,1,99,2,299,11,21,0,0,0,0,0,12,1,14,5,0,0,0,0,0,0,10,2,14,0,2,3,0,0,0,0,58,36,1,0,2,0,2,0,34,2,9,0,0,0,1,0
140,0,14,1478,17,1465,31,1315,14,160,0,5,6,1116,120,859,0,0,4,2,0,0,0,0,0,0,0,1,0,0,0,1,11,418,0,0,82,368,5,23,4,6,0,0,1,0,14,39,4,43,6,8,2,16,3,27,1,7,0,12,177,4330,26,209,13,137,10,633,2,97,58,960,127,1065,26,242,15,52,37,362,0,0,2,206,10,1256,0,0,0,118,0,0,0,7,0,1,0,0,1,1,0,1,0,0,0,0,3,2,1,1,2,1,0,2,0,1,0,0,0,1,0,0,0,2,23,99,34,288,6,31,0,2,0,7,3,27,2,36,0,1,0,0,0,1,4,17,3,20,2,8,0,0,0,0,112,52,0,1,0,4,1,1,9,12,6,7,0,0,0,0
1615,14,0,71,4981,56,181,8,449,11,193,5,48,3,3119,38,63,8,1835,53,146,4,50,1,126,1,301,1,183,4,69,1,731,11,0,0,277,70,7,0,9,1,0,0,1,0,2,0,33,0,3,0,5,0,1,0,1,0,5,0,131,2,62,0,10,0,45,1,13,0,69,3,345,0,311,68,335,11,172,20,0,0,5,3,24,1,1,3,2,0,0,0,1,0,0,0,0,0,0,0,1,0,0,0,1,0,1,0,1,0,1,0,0,0,0,0,0,0,0,0,0,0,0,0,41,2,5,1,0,0,0,0,1,0,0,0,1,1,0,0,0,0,0,0,3,0,0,0,0,0,6,3,34,46,168,75,20,5,0,0,3,1,13,0,1,0,0,0,0,0
21,1478,71,0,74,5819,9,238,16,522,2,554,0,17,51,2206,33,39,183,2022,13,123,9,36,4,165,0,621,13,156,0,65,30,503,0,0,53,843,2,7,1,17,0,0,0,7,3,9,1,11,2,1,0,2,1,3,0,0,1,3,11,334,3,24,4,8,1,23,1,11,11,118,12,238,107,470,50,350,26,398,0,0,1,60,2,42,0,48,0,4,0,0,0,0,0,0,0,0,0,2,1,0,0,0,0,0,1,1,1,0,2,0,0,0,0,0,0,0,0,0,0,0,1,1,3,76,4,40,0,14,0,3,0,4,0,23,0,9,0,0,0,0,0,0,0,11,1,2,1,0,34,25,79,218,55,307,6,11,0,3,0,2,2,5,2,4,0,0,0,0
2186,17,4981,74,0,83,461,26,1873,27,526,4,433,2,1026,70,33,4,368,43,64,1,30,0,129,2,375,0,247,4,304,3,1950,20,0,0,115,96,29,0,20,2,1,0,6,0,4,1,20,1,21,0,6,0,7,0,4,0,5,0,328,9,49,2,35,4,88,0,5,0,43,7,83,1,819,96,467,15,251,31,0,0,77,1,37,1,0,1,5,0,0,0,0,0,0,1,0,0,0,0,1,0,0,0,1,0,2,1,1,1,1,0,0,2,0,1,0,0,0,1,0,0,0,0,57,14,26,9,4,0,0,0,3,2,3,1,0,1,0,0,1,0,0,0,4,0,3,0,1,0,6,1,24,27,100,53,13,0,1,0,1,1,15,1,11,2,0,0,0,0
25,1465,56,5819,83,0,16,1211,24,1641,3,640,3,187,80,733,16,28,88,285,2,38,3,36,1,124,1,665,2,126,0,88,30,1041,0,0,36,318,1,11,1,20,0,0,0,4,1,5,3,10,0,4,1,1,0,7,0,1,0,3,9,278,8,52,0,31,2,81,1,31,9,102,10,73,133,801,46,454,34,477,0,0,2,162,0,120,0,79,0,11,0,0,0,1,0,0,0,0,0,7,2,0,0,0,0,0,6,1,1,1,2,3,0,1,0,0,0,0,0,1,0,1,0,0,20,121,9,91,2,14,0,5,0,5,1,29,0,12,0,0,0,0,0,0,0,14,0,9,0,4,6,7,22,34,50,165,0,15,2,0,2,3,1,18,2,7,0,0,2,0
557,31,181,9,461,16,0,16,1813,3,0,0,2185,3,261,35,0,0,6,0,0,0,0,0,0,0,0,0,0,0,0,0,747,1,0,0,66,25,2,0,1,0,0,0,0,0,2,0,9,0,1,0,1,0,1,0,1,0,0,0,167,3,26,0,6,0,4,1,1,0,93,1,237,9,178,13,58,0,55,11,0,0,1,2,4,1,0,0,1,0,0,0,0,0,0,0,0,0,0,0,0,0,0,0,0,0,0,0,0,0,0,1,0,0,0,0,0,0,0,0,1,0,0,0,25,3,24,3,3,1,0,0,0,1,1,0,0,0,0,0,1,0,0,0,0,1,2,1,0,1,0,0,0,0,36,33,0,0,0,0,0,0,8,0,3,0,0,0,0,0
23,1315,8,238,26,1211,16,0,12,925,0,8,3,2178,49,648,0,0,7,9,0,0,0,0,0,0,0,0,0,0,0,0,9,1273,0,0,14,138,0,1,0,3,0,0,0,1,0,5,0,3,0,0,0,2,1,1,0,0,1,0,12,222,1,32,2,15,0,24,0,6,4,108,12,154,35,449,7,61,15,256,0,0,0,11,1,14,0,1,0,1,0,0,1,0,0,0,0,0,0,1,0,0,0,0,0,0,1,0,1,0,0,0,0,0,0,0,0,0,0,0,0,0,0,0,4,72,3,55,0,9,0,3,0,6,0,7,1,8,0,0,0,0,0,0,0,2,0,3,0,4,0,0,0,0,27,44,0,1,0,5,1,1,1,5,4,4,0,0,0,0
138,14,449,16,1873,24,1813,12,0,9,1848,0,440,3,509,31,4,0,103,7,0,0,0,0,0,1,0,0,24,0,14,0,1864,6,0,0,88,36,1,1,2,1,0,0,0,0,0,0,4,0,0,0,0,0,0,0,0,0,0,0,22,3,11,0,0,0,1,1,0,0,10,1,57,2,621,27,335,7,167,12,0,0,0,1,1,1,0,1,0,0,0,0,0,0,1,0,0,0,0,0,1,0,0,0,0,1,0,0,0,0,1,0,0,0,0,0,0,0,0,0,0,0,0,0,18,1,9,0,0,1,0,0,0,0,2,0,0,0,0,0,0,0,0,0,0,0,0,0,0,0,0,0,1,6,98,26,1,0,2,0,0,2,2,1,0,0,0,0,0,0
11,160,11,522,27,1641,3,925,9,0,0,748,1,321,23,581,0,1,14,54,0,1,0,3,0,7,1,7,0,46,0,12,7,1966,0,0,13,160,2,8,2,25,1,0,0,2,1,5,3,3,0,5,0,2,0,5,0,0,0,2,7,188,8,20,1,15,2,33,0,12,1,53,4,29,29,548,13,398,13,257,0,0,0,20,0,9,0,77,0,0,0,0,0,0,0,0,0,0,0,2,0,0,0,0,0,0,1,1,0,0,1,1,0,0,0,0,0,0,0,0,0,0,0,0,1,39,1,31,0,1,0,3,0,0,0,11,0,4,0,0,0,0,0,0,1,7,0,1,0,2,0,0,1,13,8,65,1,8,0,2,0,2,0,15,0,7,0,0,0,0
0,0,193,2,526,3,0,0,1848,0,0,0,0,0,3,1,21,2,136,9,50,0,24,1,89,0,44,0,542,1,989,0,727,0,0,0,1,3,0,0,1,0,0,0,0,0,0,0,0,0,1,0,0,0,0,0,0,0,0,0,0,0,0,0,1,0,0,0,0,0,0,0,0,0,22,4,123,0,10,0,0,0,0,0,1,0,0,0,0,0,0,0,0,0,0,0,0,0,0,0,0,0,0,0,0,0,0,0,0,0,0,0,0,0,0,0,0,0,0,0,0,0,0,0,0,0,0,1,0,0,0,0,0,0,0,0,0,0,0,0,0,0,0,0,0,0,0,0,0,0,1,2,15,8,1,6,3,0,0,0,0,0,0,0,0,0,0,0,0,0
0,5,5,554,4,640,0,8,0,748,0,0,0,0,3,15,5,15,15,168,1,71,1,51,0,245,1,268,0,1058,0,996,2,1184,0,0,0,33,0,1,0,6,0,1,0,2,0,1,0,1,0,0,0,0,0,0,0,0,0,2,0,1,0,0,0,0,0,1,0,2,1,3,1,2,12,132,4,181,0,23,0,0,0,0,0,0,0,38,0,0,0,0,0,0,0,0,0,0,0,1,0,0,0,0,0,0,0,0,0,1,0,0,0,0,0,0,0,0,0,0,0,0,0,0,1,3,0,2,0,0,0,0,0,0,0,0,0,0,0,0,0,0,0,0,0,1,0,0,0,0,1,5,12,75,2,40,0,6,0,0,0,0,0,2,0,1,0,0,0,0
2099,6,48,0,433,3,2185,3,440,1,0,0,0,0,34,13,0,0,1,0,0,0,0,0,0,0,0,0,0,0,0,0,235,8,0,0,21,11,29,0,11,3,0,0,1,0,29,2,23,1,61,0,16,0,54,0,91,0,23,1,2414,0,38,0,21,0,208,3,2,0,52,8,30,5,25,0,28,5,17,2,0,0,109,3,163,8,0,0,7,0,0,0,1,0,0,0,0,0,1,0,1,0,1,0,0,0,1,0,0,1,0,1,0,0,0,0,0,0,0,0,0,0,0,0,7,0,19,1,2,1,0,0,2,0,0,0,0,0,1,0,0,0,0,0,5,1,0,0,1,0,0,0,0,0,6,5,0,0,0,0,0,0,3,4,3,0,0,0,0,0
8,1116,3,17,2,187,3,2178,3,321,0,0,0,0,1,50,0,0,0,0,0,0,0,0,0,0,0,0,0,0,0,0,1,207,0,0,3,34,1,1,3,12,1,0,0,2,1,3,1,6,0,1,0,1,0,3,0,0,0,6,4,2559,0,19,1,11,0,320,0,2,5,49,5,30,4,41,6,31,1,58,0,0,0,4,0,80,0,0,1,3,0,0,0,1,0,0,0,0,3,0,1,0,1,0,0,1,0,1,0,1,0,0,0,0,0,0,0,0,0,0,0,0,0,0,0,14,1,57,0,7,0,0,0,1,0,3,1,5,0,0,0,0,0,0,0,4,0,1,0,3,0,0,0,0,8,3,0,0,1,0,0,0,1,8,1,4,0,0,0,0
466,120,3119,51,1026,80,261,49,509,23,3,3,34,1,0,237,0,0,599,14,0,0,0,0,1,0,1,0,0,0,0,1,161,16,0,0,1366,138,2,0,12,1,0,0,1,0,7,1,30,0,4,0,9,0,4,0,1,0,1,0,65,13,64,1,4,0,6,2,5,0,118,6,1124,20,229,51,301,17,292,51,0,0,3,6,11,7,0,2,2,0,0,0,1,0,0,1,0,0,1,3,0,0,1,0,0,0,3,1,0,0,1,0,0,1,0,0,0,0,0,1,0,0,0,0,118,11,33,16,3,2,0,1,1,2,1,5,2,1,0,0,1,0,0,0,1,1,1,1,0,0,0,0,6,0,232,65,1,0,0,0,2,0,14,4,1,2,0,0,0,0
93,859,38,2206,70,733,35,648,31,581,1,15,13,50,237,0,1,0,16,693,0,0,0,0,0,0,0,0,0,1,0,0,18,243,0,0,93,1493,5,10,3,13,0,0,0,1,8,13,0,6,0,0,2,1,3,0,0,0,0,1,109,364,4,24,7,6,3,9,0,10,29,230,78,1416,56,119,38,197,66,445,0,0,1,3,8,7,0,23,1,1,0,0,0,1,2,0,0,0,0,1,2,0,0,0,0,0,2,2,1,0,3,1,0,0,0,0,0,0,0,0,0,0,0,1,39,113,23,101,4,14,0,4,1,5,1,15,1,16,0,0,0,0,0,1,0,11,2,9,0,11,0,0,1,1,62,121,0,1,1,0,0,1,8,15,5,9,0,0,1,0
0,0,63,33,33,16,0,0,4,0,21,5,0,0,0,1,0,20,201,65,154,5,342,5,18,3,8,0,98,3,0,2,8,3,0,0,1,0,1,0,10,2,0,0,228,1,0,0,0,0,0,0,0,0,0,0,0,0,0,0,0,0,0,0,0,0,0,0,0,0,0,0,0,0,114,59,181,7,10,2,0,0,0,0,0,0,0,1,0,0,0,0,0,0,0,0,0,0,0,0,0,0,0,0,0,0,0,0,0,0,0,0,0,0,0,0,0,0,0,0,0,0,0,0,1,0,0,0,0,0,0,0,1,0,0,0,0,0,0,0,0,0,0,0,0,0,0,0,0,1,178,17,244,36,2,3,390,3,0,0,0,0,2,0,1,0,0,0,0,0
0,0,8,39,4,28,0,0,0,1,2,15,0,0,0,0,20,0,20,282,1,335,11,1059,0,125,0,9,3,48,0,3,1,8,0,0,0,3,0,0,0,1,3,0,0,183,0,0,0,0,0,0,0,0,0,0,0,1,0,0,0,0,0,0,0,0,0,0,0,0,0,1,0,0,321,224,2,367,1,3,0,0,0,0,0,0,0,10,0,0,0,0,0,0,0,0,0,0,0,0,0,0,0,0,0,0,0,0,0,0,0,0,0,0,0,0,0,0,0,0,0,0,0,0,0,0,0,1,0,0,0,0,0,0,0,0,0,0,0,0,0,0,0,0,0,0,0,0,0,0,7,89,10,90,1,1,44,32,0,0,0,0,0,5,0,0,0,0,0,0
1,4,1835,183,368,88,6,7,103,14,136,15,1,0,599,16,201,20,0,246,303,7,65,12,102,5,53,1,362,11,15,3,260,28,0,0,329,93,1,0,4,1,0,0,1,0,1,0,1,0,1,0,0,0,1,0,0,0,0,0,4,3,0,0,1,0,0,0,0,0,3,1,0,0,284,114,214,32,104,16,0,0,1,0,0,0,0,9,0,0,0,0,0,0,0,0,0,0,0,0,0,0,0,0,0,0,1,0,0,0,1,0,1,0,0,0,0,0,0,0,0,0,0,0,19,0,2,0,0,0,0,0,1,0,1,0,0,1,0,0,0,0,0,0,1,0,0,1,0,0,24,18,301,208,550,116,99,2,1,0,1,0,5,0,1,2,0,0,0,0
0,2,53,2022,43,285,0,9,7,54,9,168,0,0,14,693,65,282,246,0,7,649,43,265,2,207,2,154,11,117,2,21,17,139,0,0,16,784,0,0,0,4,0,0,0,3,0,0,0,0,0,0,0,0,0,0,0,0,0,0,0,1,0,0,0,0,0,0,0,1,0,3,0,0,71,162,46,142,11,70,0,0,0,0,0,0,0,41,0,0,0,0,0,0,0,0,0,0,0,0,0,0,0,0,0,0,0,0,0,0,0,0,0,0,0,0,0,0,0,0,0,2,0,0,0,11,0,3,0,0,0,2,0,1,0,2,0,0,0,0,0,0,0,1,0,0,0,2,0,0,84,256,100,1179,40,309,7,5,0,0,0,3,0,1,0,1,0,0,0,0
0,0,146,13,64,2,0,0,0,0,50,1,0,0,0,0,154,1,303,7,0,1,1307,1,398,1,87,0,191,0,8,0,14,2,0,0,0,0,0,0,0,0,0,0,0,0,0,0,1,0,0,0,0,0,0,0,0,0,0,0,0,0,0,0,0,0,0,0,0,0,0,0,0,0,11,3,32,0,3,0,0,0,0,0,0,0,0,0,0,0,0,0,0,0,0,0,0,0,0,0,0,0,0,0,0,0,0,0,0,0,0,0,0,0,0,0,0,0,0,0,0,0,0,0,0,0,0,0,0,0,0,0,0,0,0,0,0,0,0,0,0,0,0,0,0,0,0,0,0,0,133,2,278,14,1,1,136,0,0,0,0,0,0,0,1,0,0,0,0,0
0,0,4,123,1,38,0,0,0,1,0,71,0,0,0,0,5,335,7,649,1,0,178,1905,0,440,0,112,2,49,0,8,1,29,0,0,0,0,0,0,0,1,0,0,0,0,0,0,0,0,0,0,0,0,0,0,0,0,0,0,0,0,0,0,0,0,0,0,0,0,0,0,0,0,1,29,0,22,0,10,0,0,0,0,0,0,0,9,0,0,0,0,0,0,0,0,0,0,0,0,0,0,0,0,0,0,0,0,0,0,0,0,0,0,0,0,0,0,0,0,0,0,0,0,0,2,0,0,0,0,0,0,0,0,0,0,0,0,0,0,0,0,0,0,0,0,0,0,0,0,9,285,17,321,0,11,1,1,0,0,0,0,0,0,0,0,0,0,0,0
0,0,50,9,30,3,0,0,0,0,24,1,0,0,0,0,342,11,65,43,1307,178,0,881,461,12,68,0,98,0,2,0,10,0,0,0,0,0,0,0,0,0,0,0,16,0,0,0,0,0,0,0,0,0,0,0,0,0,0,0,0,0,0,0,0,0,0,0,0,0,0,0,0,0,5,1,27,0,1,0,0,0,0,0,0,0,0,0,0,0,0,0,0,0,0,0,0,0,0,0,0,0,0,0,0,0,0,0,0,0,0,0,0,0,0,0,0,0,0,0,0,0,0,0,0,0,0,0,0,0,0,0,0,0,0,0,0,0,0,0,0,0,0,0,0,0,0,0,0,0,230,16,209,28,0,3,64,0,0,0,0,0,0,0,0,0,0,0,0,0
0,0,1,36,0,36,0,0,0,3,1,51,0,0,0,0,5,1059,12,265,1,1905,881,0,0,659,0,44,1,84,0,10,0,75,0,0,0,3,0,0,0,1,1,0,1,34,0,0,0,0,0,0,0,0,0,0,0,0,0,0,0,0,0,0,0,0,0,0,0,0,0,1,0,0,3,88,1,79,1,10,0,0,0,0,0,0,0,10,0,0,0,0,0,0,0,0,0,0,0,0,0,0,0,0,0,0,0,0,0,0,0,0,0,0,0,0,0,0,0,0,0,0,0,0,0,0,0,0,0,0,0,0,0,0,0,0,0,0,0,0,0,0,0,0,0,0,0,0,0,0,8,81,6,81,3,2,0,7,0,0,0,0,0,0,0,0,0,0,0,0
0,0,126,4,129,1,0,0,0,0,89,0,0,0,1,0,18,0,102,2,398,0,461,0,0,0,245,0,292,0,15,0,10,0,0,0,0,2,1,0,0,0,0,0,0,0,0,0,0,0,0,0,0,0,0,0,0,0,0,0,0,0,0,0,0,0,0,0,0,0,0,0,1,0,10,1,41,0,3,0,0,0,0,0,0,0,0,0,0,0,0,0,0,0,0,0,0,0,0,0,0,0,0,0,0,0,0,0,0,0,0,0,0,0,0,0,0,0,0,0,0,0,0,0,2,0,0,0,0,0,0,0,0,0,0,0,0,0,0,0,0,0,0,0,0,0,0,0,0,0,11,1,97,4,2,1,24,0,0,0,0,0,0,0,0,0,0,0,0,0
0,0,1,165,2,124,0,0,1,7,0,245,0,0,0,0,3,125,5,207,1,440,12,659,0,0,0,606,1,124,0,37,0,57,0,0,0,2,0,0,0,1,0,0,0,2,0,0,0,0,0,0,0,0,0,0,0,0,0,0,0,0,0,0,0,0,0,0,0,0,0,0,0,0,4,69,0,63,0,5,0,0,0,0,0,0,0,22,0,0,0,0,0,0,0,0,0,0,0,0,0,0,0,0,0,0,0,0,0,0,0,0,0,0,0,0,0,0,0,0,0,0,0,0,0,0,0,0,0,0,0,0,0,0,0,0,0,0,0,0,0,0,0,0,0,0,0,0,0,0,3,11,2,40,0,6,1,0,0,0,0,0,0,0,0,0,0,0,0,0
0,0,301,0,375,1,0,0,0,1,44,1,0,0,1,0,8,0,53,2,87,0,68,0,245,0,0,0,78,1,26,0,4,0,0,0,0,0,0,0,0,0,0,0,0,0,0,0,0,0,0,0,0,0,0,0,0,0,0,0,0,0,0,0,0,0,0,0,0,0,0,0,0,0,3,2,4,0,0,0,0,0,0,0,0,0,0,0,0,0,0,0,0,0,0,0,0,0,0,0,0,0,0,0,0,0,0,0,0,0,0,0,0,0,0,0,0,0,0,0,0,0,0,0,0,0,0,0,0,0,0,0,0,0,0,0,1,0,0,0,0,0,0,0,0,0,0,0,0,0,0,0,10,1,1,0,2,0,0,0,0,0,0,0,0,0,0,0,0,0
0,1,1,621,0,665,0,0,0,7,0,268,0,0,0,0,0,9,1,154,0,112,0,44,0,606,0,0,1,23,0,47,1,18,0,0,0,1,0,0,0,0,0,0,0,0,0,0,0,0,0,0,0,0,0,0,0,0,0,0,0,0,0,0,0,0,0,0,0,0,0,0,0,0,1,2,0,2,0,2,0,0,0,0,0,0,0,5,0,0,0,0,0,0,0,0,0,0,0,0,0,0,0,0,0,0,0,0,0,0,0,0,0,0,0,0,0,0,0,0,0,0,0,0,0,0,0,0,0,0,0,0,0,0,0,0,0,0,0,0,0,0,0,0,0,0,0,0,0,0,4,2,1,27,0,2,1,0,0,0,0,0,0,0,0,0,0,0,0,0
0,0,183,13,247,2,0,0,24,0,542,0,0,0,0,0,98,3,362,11,191,2,98,1,292,1,78,1,0,1,90,0,259,2,0,0,0,2,0,0,0,0,0,0,0,0,0,0,0,0,0,0,0,0,0,0,0,0,0,0,0,0,0,0,0,0,0,0,0,0,0,0,0,0,29,4,84,0,3,0,0,0,0,0,0,0,0,0,0,0,0,0,0,0,0,0,0,0,0,0,0,0,0,0,0,0,0,0,0,0,0,0,0,0,0,0,0,0,0,0,0,0,0,0,1,0,0,0,0,0,0,0,0,0,0,0,0,0,0,0,0,0,0,0,0,0,0,0,0,0,12,1,145,15,6,3,114,1,0,0,0,0,0,0,0,0,0,0,0,0
0,0,4,156,4,126,0,0,0,46,1,1058,0,0,0,1,3,48,11,117,0,49,0,84,0,124,1,23,1,0,0,104,1,441,0,0,2,9,0,0,0,2,0,0,0,0,0,0,0,0,0,0,0,0,0,0,0,0,0,0,0,0,0,0,0,0,0,0,0,0,0,0,0,0,4,96,1,31,1,6,0,0,0,0,0,0,0,25,0,0,0,0,0,0,0,0,0,0,0,0,0,0,0,0,0,0,0,0,0,0,0,0,0,0,0,0,0,0,0,0,0,0,0,0,0,0,0,0,0,0,0,0,0,0,0,0,0,0,0,0,0,0,0,0,0,0,0,0,0,0,2,1,5,64,0,17,1,1,0,0,0,0,0,0,0,0,0,0,0,0
0,0,69,0,304,0,0,0,14,0,989,0,0,0,0,0,0,0,15,2,8,0,2,0,15,0,26,0,90,0,0,0,153,0,0,0,0,1,0,0,0,0,0,0,0,0,0,0,0,0,0,0,0,0,0,0,0,0,0,0,0,0,0,0,0,0,0,0,0,0,0,0,0,0,3,1,42,0,0,0,0,0,0,0,0,0,0,0,0,0,0,0,0,0,0,0,0,0,0,0,0,0,0,0,0,0,0,0,0,0,0,0,0,0,0,0,0,0,0,0,0,0,0,0,0,0,0,0,0,0,0,0,0,0,0,0,0,0,0,0,0,0,0,0,0,0,0,0,0,0,0,0,2,1,0,0,0,0,0,0,0,0,0,0,0,0,0,0,0,0
0,1,1,65,3,88,0,0,0,12,0,996,0,0,1,0,2,3,3,21,0,8,0,10,0,37,0,47,0,104,0,0,0,131,0,0,0,4,0,0,0,2,0,0,0,1,0,0,0,0,0,0,0,0,0,0,0,0,0,0,0,1,0,0,0,0,0,0,0,0,0,0,0,0,0,26,1,34,0,2,0,0,0,0,0,0,0,9,0,0,0,0,0,0,0,0,0,0,0,0,0,0,0,0,0,0,0,0,0,0,0,0,0,0,0,0,0,0,0,0,0,0,0,0,0,0,0,1,0,0,0,0,0,0,0,0,0,0,0,0,0,0,0,0,0,0,0,0,0,0,0,0,0,18,0,1,1,1,0,0,0,0,0,0,0,0,0,0,0,0
820,11,731,30,1950,30,747,9,1864,7,727,2,235,1,161,18,8,1,260,17,14,1,10,0,10,0,4,1,259,1,153,0,0,16,0,0,90,25,111,3,441,6,53,0,3,0,24,18,42,6,160,4,41,1,57,3,88,1,255,1,430,10,103,3,118,0,107,9,10,3,68,21,34,6,162,21,659,8,42,7,0,0,125,5,233,12,16,2,115,4,0,0,310,1,0,0,0,0,0,0,1,0,2,1,1,0,4,4,3,1,8,3,1,1,0,0,0,0,0,0,0,0,1,0,16,4,37,6,5,1,1,0,1,0,4,0,1,1,1,0,1,0,0,1,14,3,7,0,2,2,4,0,19,37,68,22,30,0,3,1,1,0,17,6,5,1,0,0,1,0
8,418,11,503,20,1041,1,1273,6,1966,0,1184,8,207,16,243,3,8,28,139,2,29,0,75,0,57,0,18,2,441,0,131,16,0,0,0,12,208,26,95,14,1459,0,160,0,2,65,117,12,146,7,95,4,17,3,28,1,18,1,714,6,259,8,31,23,12,12,79,9,23,35,295,5,21,29,448,27,1112,11,194,0,0,11,118,27,173,0,81,8,102,0,1,0,166,1,0,1,0,1,20,3,1,4,0,0,0,14,13,9,15,28,10,5,13,0,2,0,0,0,4,0,0,0,0,4,30,9,60,1,10,1,0,0,2,5,14,1,6,0,8,1,0,0,11,3,104,2,2,1,6,0,1,5,41,16,68,0,6,3,8,0,3,4,79,4,12,0,0,2,0
0,0,0,0,0,0,0,0,0,0,0,0,0,0,0,0,0,0,0,0,0,0,0,0,0,0,0,0,0,0,0,0,0,0,0,0,0,0,0,0,0,0,0,0,0,0,0,0,0,0,0,0,0,0,0,0,0,0,0,0,0,0,0,0,0,0,0,0,0,0,0,0,0,0,0,0,0,0,0,0,0,0,0,0,0,0,0,0,0,0,0,0,0,0,0,0,0,0,0,0,0,0,0,0,0,0,0,0,0,0,0,0,0,0,0,0,0,0,0,0,0,0,0,0,0,0,0,0,0,0,0,0,0,0,0,0,0,0,0,0,0,0,0,0,0,0,0,0,0,0,0,0,0,0,0,0,0,0,0,0,0,0,0,0,0,0,0,0,0,0
0,0,0,0,0,0,0,0,0,0,0,0,0,0,0,0,0,0,0,0,0,0,0,0,0,0,0,0,0,0,0,0,0,0,0,0,0,0,0,0,0,0,0,0,0,0,0,0,0,0,0,0,0,0,0,0,0,0,0,0,0,0,0,0,0,0,0,0,0,0,0,0,0,0,0,0,0,0,0,0,0,0,0,0,0,0,0,0,0,0,0,0,0,0,0,0,0,0,0,0,0,0,0,0,0,0,0,0,0,0,0,0,0,0,0,0,0,0,0,0,0,0,0,0,0,0,0,0,0,0,0,0,0,0,0,0,0,0,0,0,0,0,0,0,0,0,0,0,0,0,0,0,0,0,0,0,0,0,0,0,0,0,0,0,0,0,0,0,0,0
217,82,277,53,115,36,66,14,88,13,1,0,21,3,1366,93,1,0,329,16,0,0,0,0,0,0,0,0,0,2,0,0,90,12,0,0,0,415,1721,1,43,3,1,0,2,0,104,0,281,2,7,0,35,0,4,0,3,1,7,0,253,67,325,24,148,6,118,14,15,4,1853,152,912,274,180,44,175,17,156,34,0,0,2,1,18,4,0,1,12,2,0,0,0,0,0,1,0,0,5,2,2,0,0,0,0,0,12,3,1,3,6,2,1,4,0,0,0,0,0,0,0,0,1,0,49,4,358,49,48,5,0,1,5,0,15,3,3,2,1,0,1,0,0,0,37,3,36,3,16,2,0,0,22,3,614,34,1,0,3,1,1,0,51,3,12,1,0,0,0,0
104,368,70,843,96,318,25,138,36,160,3,33,11,34,138,1493,0,3,93,784,0,0,0,3,2,2,0,1,2,9,1,4,25,208,0,0,415,0,10,1765,17,53,1,1,1,2,44,41,6,20,9,7,2,2,3,3,0,0,0,0,178,187,55,60,44,22,44,123,8,10,154,1466,76,346,88,231,87,242,75,343,0,0,1,4,13,27,0,36,7,9,0,0,0,1,1,1,2,0,0,4,1,1,2,0,1,0,12,4,4,2,11,6,2,1,0,0,0,0,0,4,0,0,2,1,21,66,69,176,12,40,0,4,3,2,4,19,6,20,0,0,0,0,0,0,13,14,10,7,2,12,2,0,27,119,165,842,1,5,1,12,0,4,18,55,4,13,0,0,0,0
17,5,7,2,29,1,2,0,1,2,0,0,29,1,2,5,1,0,1,0,0,0,0,0,1,0,0,0,0,0,0,0,111,26,0,0,1721,10,0,171,280,28,5,5,2,0,1118,343,135,26,68,275,21,5,27,3,31,0,21,6,40,6,14,2,73,2,112,12,37,3,950,367,20,1,81,2,88,8,40,5,0,0,92,9,200,37,1,0,137,9,0,0,14,1,1,1,1,1,10,3,1,1,1,1,2,0,13,3,8,1,12,5,3,10,0,1,0,0,0,1,0,0,3,0,19,1,65,4,13,1,0,0,3,2,24,3,6,0,1,0,7,0,0,0,63,4,7,3,5,3,0,0,0,0,2,0,0,0,4,1,0,0,47,6,19,0,0,0,3,0
2,23,0,7,0,11,0,1,1,8,0,1,0,1,0,10,0,0,0,0,0,0,0,0,0,0,0,0,0,0,0,0,3,95,0,0,1,1765,171,0,24,137,0,9,0,0,103,201,12,75,27,103,2,5,0,9,0,3,2,11,0,39,0,3,1,3,0,54,0,29,256,1273,0,4,2,14,3,26,1,5,0,0,3,38,9,83,0,2,4,26,0,0,0,7,0,0,0,0,1,8,1,0,0,1,1,0,3,8,4,1,8,3,0,0,0,0,0,0,0,2,0,0,0,0,0,3,1,9,1,0,0,0,0,0,0,1,0,1,0,0,0,0,0,1,2,24,0,1,0,7,0,0,0,0,0,0,0,0,2,4,0,1,1,31,2,5,0,0,4,0
19,4,9,1,20,1,1,0,2,2,1,0,11,3,12,3,10,0,4,0,0,0,0,0,0,0,0,0,0,0,0,0,441,14,0,0,43,17,280,24,0,7,854,3,472,0,38,75,66,6,466,45,27,0,19,0,47,0,706,1,37,3,68,3,50,0,45,10,5,1,68,86,18,3,98,6,1697,4,321,3,0,0,17,4,516,10,719,0,256,0,3,0,1032,0,1,1,5,3,23,6,19,0,7,2,1,0,48,11,11,15,99,23,10,35,0,1,0,0,0,15,5,0,3,0,35,1,230,5,16,1,1,1,6,1,42,1,4,0,197,0,4,0,4,0,286,6,3,1,1,1,0,0,0,0,2,1,19,0,7,2,31,0,588,2,70,5,0,0,14,0
2,6,1,17,2,20,0,3,1,25,0,6,3,12,1,13,2,1,1,4,0,1,0,1,0,1,0,0,0,2,0,2,6,1459,0,0,3,53,28,137,7,0,6,1664,0,435,16,56,8,17,5,147,1,1,1,2,0,0,1,773,0,32,11,10,8,6,3,22,0,9,21,245,1,2,3,124,9,2402,3,490,0,0,2,34,9,641,0,1408,4,338,0,34,0,286,3,2,3,4,3,36,2,4,4,4,1,0,16,18,16,12,41,13,18,23,0,0,0,0,0,17,1,0,0,0,0,10,3,80,1,7,0,0,0,2,0,9,0,0,0,293,1,1,0,51,4,293,0,2,1,11,0,0,0,0,0,0,0,9,1,9,0,9,2,544,5,9,0,0,8,0
0,0,0,0,1,0,0,0,0,1,0,0,0,1,0,0,0,3,0,0,0,0,0,1,0,0,0,0,0,0,0,0,53,0,0,0,1,1,5,0,854,6,0,1,47,0,1,5,0,1,1404,4,0,0,0,0,4,0,1569,1,1,1,2,0,1,0,0,0,1,0,31,2,0,0,1,1,31,0,11,0,0,0,0,0,25,1,8,0,37,0,0,0,50,0,3,3,5,0,4,7,74,2,7,3,6,0,46,8,21,8,100,27,6,1,2,2,0,0,0,5,0,0,0,0,0,0,8,2,0,0,0,0,0,0,1,0,1,0,0,0,0,0,0,1,6,1,0,0,0,0,0,0,0,0,0,0,0,0,1,3,0,0,4,0,2,0,0,0,2,0
0,0,0,0,0,0,0,0,0,0,0,1,0,0,0,0,0,0,0,0,0,0,0,0,0,0,0,0,0,0,0,0,0,160,0,0,0,1,5,9,3,1664,1,0,0,342,1,6,0,1,4,968,0,0,0,0,0,0,0,1173,0,0,1,0,1,0,0,0,0,0,12,33,0,0,0,1,0,85,0,8,0,0,0,0,0,64,0,289,0,20,0,77,0,17,0,5,1,9,0,23,2,5,0,21,0,0,2,66,4,16,10,53,5,0,0,2,0,2,0,2,0,0,0,0,1,0,0,0,0,0,0,0,1,0,1,0,0,0,0,5,0,0,0,1,0,6,0,0,0,0,0,0,0,0,0,0,0,0,0,0,0,0,0,6,0,2,0,0,0,0
0,1,1,0,6,0,0,0,0,0,0,0,1,0,1,0,228,0,1,0,0,0,16,1,0,0,0,0,0,0,0,0,3,0,0,0,2,1,2,0,472,0,47,0,0,0,0,0,0,0,0,0,0,0,0,0,0,0,5,0,1,1,0,0,1,0,0,0,0,0,0,0,0,0,9,0,1053,0,80,0,0,0,0,0,2,0,264,0,9,0,0,0,24,0,1,0,0,0,0,1,1,0,0,0,0,0,1,0,0,0,1,0,0,0,0,0,0,0,0,0,0,0,0,0,15,0,12,0,1,0,0,0,3,0,0,0,0,0,5,0,0,0,0,0,1,0,0,0,0,0,0,0,0,1,1,0,72,0,2,0,16,0,48,0,13,0,0,0,0,0
0,0,0,7,0,4,0,1,0,2,0,2,0,2,0,1,1,183,0,3,0,0,0,34,0,2,0,0,0,0,0,1,0,2,0,0,0,2,0,0,0,435,0,342,0,0,0,0,0,0,0,0,0,0,0,0,0,0,0,5,0,0,0,0,0,0,0,1,0,0,0,0,1,1,0,21,0,439,0,75,0,0,0,0,0,0,0,623,0,7,0,2,0,3,0,0,0,0,0,0,0,0,0,0,0,0,1,0,0,0,0,0,0,0,0,0,0,0,0,0,0,0,0,0,1,10,0,20,0,0,0,0,0,0,0,2,0,0,0,1,0,0,0,0,0,0,0,0,0,0,0,0,0,0,0,1,0,30,0,0,0,8,0,61,0,3,0,0,0,0
14,14,2,3,4,1,2,0,0,1,0,0,29,1,7,8,0,0,1,0,0,0,0,0,0,0,0,0,0,0,0,0,24,65,0,0,104,44,1118,103,38,16,1,1,0,0,0,3508,3401,741,3383,684,2211,147,1487,131,342,56,247,44,18,22,25,8,84,4,8,29,34,14,2552,358,31,4,17,3,25,13,8,11,0,0,38,41,82,99,0,0,86,110,0,0,22,44,2,3,0,0,0,4,3,0,9,5,1,0,8,3,2,2,9,2,2,2,0,3,0,0,0,2,1,0,2,0,3,1,19,7,2,2,0,0,3,0,3,0,3,0,0,0,0,0,0,0,26,7,0,1,0,1,0,0,0,0,0,0,0,0,2,0,0,1,8,7,8,1,0,0,1,0
2,39,0,9,1,5,0,5,0,5,0,1,2,3,1,13,0,0,0,0,0,0,0,0,0,0,0,0,0,0,0,0,18,117,0,0,0,41,343,201,75,56,5,6,0,0,3508,0,746,5450,477,4307,11,1152,2,1885,3,567,7,301,2,80,1,33,5,13,2,62,1,44,816,1536,1,17,2,12,6,29,4,33,0,0,9,68,13,186,0,0,13,359,0,0,2,142,1,78,0,1,0,11,0,0,1,19,1,1,10,8,3,0,9,8,4,3,0,13,0,0,0,4,0,0,0,0,0,2,4,10,0,0,0,0,0,0,0,2,0,1,0,0,0,0,0,1,1,11,0,1,0,0,0,0,0,0,0,0,0,1,2,2,0,0,1,53,1,4,0,0,0,0
75,4,33,1,20,3,9,0,4,3,0,0,23,1,30,0,0,0,1,0,1,0,0,0,0,0,0,0,0,0,0,0,42,12,0,0,281,6,135,12,66,8,0,0,0,0,3401,746,0,696,184,93,2852,17,716,1,149,1,38,1,89,4,243,5,162,0,80,12,132,4,2091,24,247,0,31,0,73,5,25,5,0,0,37,4,108,9,0,0,123,3,0,0,17,2,3,0,1,1,2,2,5,0,6,1,0,0,9,1,1,3,6,1,0,1,0,0,0,0,0,4,1,0,0,0,11,1,54,6,7,1,0,0,4,0,10,2,1,1,1,0,2,0,0,0,16,3,3,0,1,1,0,0,0,0,1,1,0,0,2,1,1,0,39,4,14,1,0,0,0,0
0,43,0,11,1,10,0,3,0,3,0,1,1,6,0,6,0,0,0,0,0,0,0,0,0,0,0,0,0,0,0,0,6,146,0,0,2,20,26,75,6,17,1,1,0,0,741,5450,696,0,55,371,0,1501,0,677,1,89,0,55,2,193,3,267,5,63,9,229,1,305,56,1454,0,30,1,18,7,29,4,36,0,0,6,52,13,153,0,1,7,210,0,0,0,48,0,9,1,0,1,3,1,0,0,5,1,0,1,0,2,0,1,1,0,0,0,8,0,0,0,0,0,0,0,0,0,4,2,21,0,3,0,0,0,1,2,2,1,1,0,0,0,0,0,0,3,9,0,1,0,2,0,0,0,0,1,1,0,0,2,3,0,1,1,17,0,3,0,0,0,0
10,6,3,2,21,0,1,0,0,0,1,0,61,0,4,0,0,0,1,0,0,0,0,0,0,0,0,0,0,0,0,0,160,7,0,0,7,9,68,27,466,5,1404,4,0,0,3383,477,184,55,0,248,449,8,1199,7,1370,0,1104,5,25,5,26,2,77,0,32,4,63,1,1000,76,4,0,33,2,69,0,28,2,0,0,164,3,449,8,1,0,304,3,0,0,81,3,83,2,3,2,65,6,44,1,11,2,3,0,30,14,9,6,32,12,12,132,0,0,1,1,0,20,1,0,2,0,7,0,35,6,3,1,0,0,1,0,34,2,5,0,1,0,2,0,0,1,66,6,6,2,2,1,0,0,0,0,1,1,0,0,2,3,0,0,60,1,48,3,0,0,26,0
0,8,0,1,0,4,0,0,0,5,0,0,0,1,0,0,0,0,0,0,0,0,0,0,0,0,0,0,0,0,0,0,4,95,0,0,0,7,275,103,45,147,4,968,0,0,684,4307,93,371,248,0,3,194,0,822,1,2056,2,2025,1,42,0,9,1,11,0,49,1,49,470,1095,0,3,0,21,1,17,1,15,0,0,2,68,6,696,0,0,9,862,0,0,1,208,1,311,0,1,6,88,10,34,0,202,0,0,5,12,2,10,10,0,27,387,0,54,0,0,0,9,0,0,0,0,0,4,1,15,0,4,0,0,0,2,1,3,0,0,0,20,0,0,0,20,0,34,0,1,0,9,0,0,0,0,0,0,0,0,2,3,0,0,0,12,2,4,0,0,1,0
19,2,5,0,6,1,1,0,0,0,0,0,16,0,9,2,0,0,0,0,0,0,0,0,0,0,0,0,0,0,0,0,41,4,0,0,35,2,21,2,27,1,0,0,0,0,2211,11,2852,0,449,3,0,0,3144,0,322,0,61,0,42,0,633,0,184,0,39,1,146,0,439,5,44,2,19,3,25,3,12,1,0,0,25,3,85,4,0,0,157,1,0,0,16,0,6,0,0,0,1,0,1,0,2,0,0,1,3,2,1,2,4,4,0,1,0,0,0,0,0,0,0,0,1,0,2,0,27,0,2,1,0,0,1,0,3,0,0,0,0,0,0,0,0,0,11,1,3,0,0,0,0,0,0,0,1,0,0,0,2,0,0,0,10,0,8,1,0,0,1,0
0,16,0,2,0,1,0,2,0,2,0,0,0,1,0,1,0,0,0,0,0,0,0,0,0,0,0,0,0,0,0,0,1,17,0,0,0,2,5,5,0,1,0,0,0,0,147,1152,17,1501,8,194,0,0,0,2686,0,142,0,61,0,91,0,900,0,29,0,65,0,535,2,649,0,4,0,2,0,11,0,7,0,0,1,7,2,33,0,0,0,232,0,0,0,93,0,10,0,0,0,0,0,0,0,11,0,0,1,0,0,0,0,0,0,0,0,6,0,0,0,0,0,0,0,0,0,1,0,10,0,0,0,0,0,0,0,1,0,1,0,0,0,0,0,0,2,2,0,1,0,1,0,0,0,0,0,0,0,0,0,0,0,1,0,2,0,0,0,0,0,0
12,3,1,1,7,0,1,1,0,0,0,0,54,0,4,3,0,0,1,0,0,0,0,0,0,0,0,0,0,0,0,0,57,3,0,0,4,3,27,0,19,1,0,0,0,0,1487,2,716,0,1199,0,3144,0,0,0,3744,0,249,0,26,0,869,0,1313,0,14,0,2291,0,248,10,11,0,4,0,24,0,7,1,0,0,99,1,613,0,1,0,2348,0,0,0,352,0,43,0,0,0,0,0,0,0,4,0,0,0,2,1,0,2,3,1,0,1,0,0,0,0,0,0,0,0,0,0,1,0,8,0,4,0,0,0,0,0,2,0,0,0,0,0,1,0,0,0,18,0,3,0,0,0,0,0,0,0,0,0,0,0,1,0,0,0,4,0,4,0,0,0,0,0
0,27,0,3,0,7,0,1,0,5,0,0,0,3,0,0,0,0,0,0,0,0,0,0,0,0,0,0,0,0,0,0,3,28,0,0,0,3,3,9,0,2,0,0,0,0,131,1885,1,677,7,822,0,2686,0,0,0,1349,1,390,0,134,1,79,0,82,1,88,2,1790,4,198,1,1,1,3,3,4,0,18,0,0,1,12,1,145,0,0,1,1915,0,0,0,409,0,70,0,0,1,0,0,0,0,33,0,0,0,0,0,0,0,0,0,0,0,38,0,0,0,0,0,0,0,0,0,0,0,14,1,3,0,0,0,1,0,2,0,1,0,0,0,0,0,0,0,1,0,0,0,0,0,0,0,0,0,0,0,0,0,0,0,0,2,2,0,0,0,0,0,0
4,1,1,0,4,0,1,0,0,0,0,0,91,0,1,0,0,0,0,0,0,0,0,0,0,0,0,0,0,0,0,0,88,1,0,0,3,0,31,0,47,0,4,0,0,0,342,3,149,1,1370,1,322,0,3744,0,0,0,1707,0,10,0,16,0,78,0,11,0,63,0,103,5,1,0,11,0,19,0,4,0,0,0,113,0,572,0,0,0,529,1,0,0,265,0,25,0,0,0,2,2,0,0,1,1,0,0,4,3,2,1,3,5,0,2,0,1,0,0,0,2,1,0,1,0,5,1,6,0,2,0,0,0,0,0,0,0,0,0,0,0,0,0,0,0,14,1,0,0,0,0,0,0,0,0,0,0,0,0,0,0,0,0,8,0,0,1,0,0,0,0
0,7,0,0,0,1,0,0,0,0,0,0,0,0,0,0,0,1,0,0,0,0,0,0,0,0,0,0,0,0,0,0,1,18,0,0,1,0,0,3,0,0,0,0,0,0,56,567,1,89,0,2056,0,142,0,1349,0,0,0,1174,0,34,0,2,0,3,0,29,0,12,0,16,0,0,0,0,0,4,0,2,0,0,1,11,1,233,0,0,0,275,0,0,0,772,0,299,0,0,1,0,0,0,0,48,0,0,0,0,0,0,1,0,0,0,0,8,0,0,0,0,0,0,0,0,0,0,0,0,0,0,0,0,0,0,0,0,0,0,0,0,0,0,0,0,0,1,0,0,0,0,0,0,0,0,0,0,0,0,0,1,0,0,0,1,0,0,0,0,0,0
2,0,5,1,5,0,0,1,0,0,0,0,23,0,1,0,0,0,0,0,0,0,0,0,0,0,0,0,0,0,0,0,255,1,0,0,7,0,21,2,706,1,1569,0,5,0,247,7,38,0,1104,2,61,0,249,1,1707,0,0,0,8,1,9,1,25,1,8,0,19,0,158,3,2,0,9,0,91,1,5,0,0,0,93,1,656,2,1000,0,759,1,200,0,1131,0,11,0,0,0,4,3,4,0,4,1,1,0,9,4,4,4,18,4,4,5,0,0,0,0,0,3,0,0,0,0,5,0,17,0,0,0,0,0,3,0,8,0,1,0,0,0,2,0,0,0,25,1,1,0,0,0,0,0,0,0,0,0,0,0,3,0,0,0,16,0,6,2,0,0,1,0
0,12,0,3,0,3,0,0,0,2,0,2,1,6,0,1,0,0,0,0,0,0,0,0,0,0,0,0,0,0,0,0,1,714,0,0,0,0,6,11,1,773,1,1173,0,5,44,301,1,55,5,2025,0,61,0,390,0,1174,0,0,0,36,0,3,0,3,0,46,0,8,11,125,0,0,0,6,1,152,0,16,0,0,1,82,2,1602,0,640,0,1349,0,330,0,2081,1,38,0,0,0,7,0,0,1,20,0,0,4,2,1,4,6,1,3,2,0,10,0,0,0,2,0,0,0,0,0,2,1,5,0,0,0,0,0,0,0,1,1,0,0,3,0,0,0,5,0,15,0,1,0,0,0,0,0,0,0,1,0,0,0,0,0,0,0,26,0,2,0,0,0,0
3972,177,131,11,328,9,167,12,22,7,0,0,2414,4,65,109,0,0,4,0,0,0,0,0,0,0,0,0,0,0,0,0,430,6,0,0,253,178,40,0,37,0,1,0,1,0,18,2,89,2,25,1,42,0,26,0,10,0,8,0,0,64,2317,5,2648,9,2463,11,198,1,495,55,342,108,102,7,289,6,206,21,0,0,35,2,1203,12,0,0,308,2,0,0,7,0,0,1,0,1,0,0,4,0,1,0,1,0,5,2,5,1,6,1,1,3,0,0,0,0,0,1,0,0,9,0,94,10,643,25,83,5,0,0,2,0,27,2,12,2,1,0,1,0,0,0,45,1,44,3,7,0,0,0,0,0,28,29,0,0,1,1,1,0,48,4,14,0,0,0,0,0
32,4330,2,334,9,278,3,222,3,188,0,1,0,2559,13,364,0,0,3,1,0,0,0,0,0,0,0,0,0,0,0,1,10,259,0,0,67,187,6,39,3,32,1,0,1,0,22,80,4,193,5,42,0,91,0,134,0,34,1,36,64,0,26,2927,26,2261,19,3482,4,373,44,1471,35,575,9,94,21,81,8,384,0,0,0,20,5,418,0,2,2,597,0,0,0,38,0,1,0,0,1,2,0,0,0,3,2,1,4,2,2,3,1,0,0,3,0,2,0,0,0,0,0,0,0,5,6,33,20,429,7,53,1,4,0,3,5,12,0,24,0,1,0,0,0,0,5,31,2,22,1,17,0,0,0,0,4,1,0,0,2,3,2,3,10,38,2,10,0,0,2,0
521,26,62,3,49,8,26,1,11,8,0,0,38,0,64,4,0,0,0,0,0,0,0,0,0,0,0,0,0,0,0,0,103,8,0,0,325,55,14,0,68,11,2,1,0,0,25,1,243,3,26,0,633,0,869,1,16,0,9,0,2317,26,0,9,2134,1,129,15,227,0,1572,28,437,27,90,3,203,6,158,13,0,0,2,0,51,2,0,1,119,0,0,0,6,0,0,1,1,0,1,4,4,0,0,1,2,0,6,5,1,3,6,3,3,0,0,1,0,0,0,3,2,0,5,0,21,0,571,31,61,1,0,1,5,0,16,1,9,1,0,0,3,0,0,0,40,3,26,1,11,2,0,0,1,0,5,1,0,0,3,1,0,0,61,6,10,1,0,0,1,0
2,209,0,24,2,52,0,32,0,20,0,0,0,19,1,24,0,0,0,0,0,0,0,0,0,0,0,0,0,0,0,0,3,31,0,0,24,60,2,3,3,10,0,0,0,0,8,33,5,267,2,9,0,900,0,79,0,2,1,3,5,2927,9,0,9,595,5,100,2,336,9,1168,5,416,5,23,7,38,5,162,0,0,0,2,0,12,0,1,0,10,0,0,0,6,0,0,0,0,0,1,0,0,0,0,0,0,3,2,0,0,1,2,0,1,0,0,0,0,0,1,0,0,0,2,0,5,16,158,0,18,0,0,0,2,0,6,0,11,0,0,0,0,0,1,1,10,0,4,0,8,0,0,0,0,1,1,0,0,0,2,0,1,1,13,1,8,0,0,0,0
329,13,10,4,35,0,6,2,0,1,1,0,21,1,4,7,0,0,1,0,0,0,0,0,0,0,0,0,0,0,0,0,118,23,0,0,148,44,73,1,50,8,1,1,1,0,84,5,162,5,77,1,184,0,1313,0,78,0,25,0,2648,26,2134,9,0,1,1038,20,1763,5,117,28,16,9,52,5,197,6,117,14,0,0,13,1,382,4,0,0,1002,1,0,0,8,0,1,0,1,0,0,1,5,0,1,1,0,0,7,5,1,3,4,1,1,2,0,0,0,0,0,2,0,0,2,0,6,4,395,10,41,4,0,0,0,2,7,1,5,0,0,0,1,0,0,1,44,5,25,1,8,2,0,0,0,0,1,0,0,0,2,4,0,0,36,7,8,1,0,0,0,0
1,137,0,8,4,31,0,15,0,15,0,0,0,11,0,6,0,0,0,0,0,0,0,0,0,0,0,0,0,0,0,0,0,12,0,0,6,22,2,3,0,6,0,0,0,0,4,13,0,63,0,11,0,29,0,82,0,3,1,3,9,2261,1,595,1,0,0,1470,0,989,10,56,2,14,1,15,1,13,0,116,0,0,0,2,0,39,0,2,0,230,0,0,0,4,0,0,0,0,0,1,0,0,0,0,0,0,0,1,1,1,0,0,0,0,0,0,0,0,0,0,0,0,0,1,0,3,3,96,2,9,0,0,0,0,0,0,0,5,0,0,0,0,0,0,1,9,1,2,0,1,0,0,0,0,0,1,0,1,0,0,0,1,2,7,0,2,0,0,1,0
391,10,45,1,88,2,4,0,1,2,0,0,208,0,6,3,0,0,0,0,0,0,0,0,0,0,0,0,0,0,0,0,107,12,0,0,118,44,112,0,45,3,0,0,0,0,8,2,80,9,32,0,39,0,14,1,11,0,8,0,2463,19,129,5,1038,0,0,21,194,1,97,24,57,3,40,12,69,7,38,12,0,0,11,2,333,5,0,0,82,3,0,0,1,0,0,0,0,0,1,2,0,0,1,0,2,0,9,3,3,1,5,1,1,1,0,0,0,0,0,0,1,0,0,0,7,3,131,5,24,2,0,0,2,0,4,2,3,0,1,0,3,0,0,0,14,0,14,1,2,3,0,0,0,0,2,1,0,0,3,1,1,0,27,10,8,0,0,0,0,0
4,633,1,23,0,81,1,24,1,33,0,1,3,320,2,9,0,0,0,0,0,0,0,0,0,0,0,0,0,0,0,0,9,79,0,0,14,123,12,54,10,22,0,0,0,1,29,62,12,229,4,49,1,65,0,88,0,29,0,46,11,3482,15,100,20,1470,21,0,4,640,12,267,0,16,10,24,17,42,9,136,0,0,8,16,18,514,0,1,2,929,0,0,0,28,0,2,0,0,2,2,0,0,0,1,0,0,3,5,2,1,3,3,0,0,0,3,0,0,0,0,0,0,1,0,3,7,13,114,5,28,0,0,0,3,0,5,0,3,0,0,0,0,0,0,6,11,2,5,2,1,0,0,0,0,1,3,0,1,1,8,0,0,2,34,1,6,0,0,0,0
255,2,13,1,5,1,1,0,0,0,0,0,2,0,5,0,0,0,0,0,0,0,0,0,0,0,0,0,0,0,0,0,10,9,0,0,15,8,37,0,5,0,1,0,0,0,34,1,132,1,63,1,146,0,2291,2,63,0,19,0,198,4,227,2,1763,0,194,4,0,0,155,12,50,1,3,1,11,1,5,2,0,0,5,2,331,5,0,0,2368,1,0,0,4,0,0,0,0,0,0,0,0,0,0,1,0,0,1,0,0,1,3,0,0,0,0,0,0,0,0,0,0,0,0,0,1,0,11,3,2,0,0,0,1,1,0,0,0,0,0,0,0,0,0,0,2,0,1,2,1,0,0,0,0,0,0,0,0,1,0,0,0,0,5,2,1,0,0,0,0,0
0,97,0,11,0,31,0,6,0,12,0,2,0,2,0,10,0,0,0,1,0,0,0,0,0,0,0,0,0,0,0,0,3,23,0,0,4,10,3,29,1,9,0,0,0,0,14,44,4,305,1,49,0,535,0,1790,0,12,0,8,1,373,0,336,5,989,1,640,0,0,9,131,0,16,3,12,4,19,1,57,0,0,3,5,2,318,0,1,3,1400,0,0,0,43,0,1,1,0,0,1,0,0,0,0,1,0,3,0,0,0,1,1,0,0,0,0,0,0,0,1,0,0,0,0,0,0,4,59,0,5,0,2,0,0,2,6,0,3,0,0,0,0,0,0,5,6,1,2,0,1,0,0,0,0,1,1,0,0,0,1,0,0,0,10,0,0,0,0,0,0
493,58,69,11,43,9,93,4,10,1,0,1,52,5,118,29,0,0,3,0,0,0,0,0,0,0,0,0,0,0,0,0,68,35,0,0,1853,154,950,256,68,21,31,12,0,0,2552,816,2091,56,1000,470,439,2,248,4,103,0,158,11,495,44,1572,9,117,10,97,12,155,9,0,543,1659,125,80,7,139,12,148,23,0,0,24,11,70,38,1,0,125,11,0,0,18,6,0,0,0,0,6,2,1,0,2,2,0,0,9,3,3,1,5,4,1,4,0,0,0,0,0,2,0,0,3,0,52,2,472,26,47,4,0,1,3,0,15,2,11,0,0,0,1,0,0,0,45,5,18,3,9,4,0,0,0,0,3,2,0,0,4,2,1,0,46,7,20,3,0,0,1,0
41,960,3,118,7,102,1,108,1,53,0,3,8,49,6,230,0,1,1,3,0,0,0,1,0,0,0,0,0,0,0,0,21,295,0,0,152,1466,367,1273,86,245,2,33,0,0,358,1536,24,1454,76,1095,5,649,10,198,5,16,3,125,55,1471,28,1168,28,56,24,267,12,131,543,0,32,1541,31,66,29,117,10,304,0,0,18,85,38,211,0,6,10,133,0,0,1,39,0,0,1,0,3,11,5,2,2,2,1,0,17,11,7,10,23,7,1,9,0,1,0,0,1,5,0,0,1,0,5,46,42,305,6,37,0,4,2,8,2,18,2,35,0,7,0,0,0,2,11,46,3,14,1,17,0,0,0,0,3,2,0,1,1,10,2,0,5,95,13,18,0,0,2,0
2099,127,345,12,83,10,237,12,57,4,0,1,30,5,1124,78,0,0,0,0,0,0,0,0,1,0,0,0,0,0,0,0,34,5,0,0,912,76,20,0,18,1,0,0,0,1,31,1,247,0,4,0,44,0,11,1,1,0,2,0,342,35,437,5,16,2,57,0,50,0,1659,32,0,91,26,2,115,4,165,9,0,0,1,2,19,6,0,2,8,1,0,0,1,0,0,0,0,0,1,0,0,0,0,0,1,0,1,0,0,0,2,0,0,0,0,0,0,0,0,3,0,0,0,0,121,5,133,19,11,2,0,1,1,0,4,1,7,2,0,0,1,0,0,0,7,2,11,1,1,2,0,0,0,0,14,10,0,0,0,0,0,1,16,1,5,1,0,0,0,0
69,1065,0,238,1,73,9,154,2,29,0,2,5,30,20,1416,0,0,0,0,0,0,0,0,0,0,0,0,0,0,0,0,6,21,0,0,274,346,1,4,3,2,0,0,0,1,4,17,0,30,0,3,2,4,0,1,0,0,0,0,108,575,27,416,9,14,3,16,1,16,125,1541,91,0,5,37,9,26,13,112,0,0,0,2,4,7,0,2,1,4,0,0,0,1,1,0,0,0,0,0,0,0,1,0,0,0,0,0,0,1,1,0,0,1,0,0,0,0,0,0,0,0,1,0,2,23,48,180,3,17,0,2,1,1,1,13,2,23,0,0,0,0,0,0,2,15,3,7,0,10,0,0,0,0,6,1,0,0,0,1,0,1,5,4,2,4,0,0,0,0
185,26,311,107,819,133,178,35,621,29,22,12,25,4,229,56,114,321,284,71,11,1,5,3,10,4,3,1,29,4,3,0,162,29,0,0,180,88,81,2,98,3,1,0,9,0,17,2,31,1,33,0,19,0,4,1,11,0,9,0,102,9,90,5,52,1,40,10,3,3,80,31,26,5,0,547,611,17,562,25,0,0,7,7,21,3,3,4,7,0,0,0,4,1,2,0,1,0,11,6,10,0,5,0,3,0,20,4,9,6,14,7,7,9,0,0,0,0,0,2,72,2,53,0,390,18,886,8,242,7,4,0,26,2,215,23,119,1,3,0,4,0,0,1,649,3,155,0,100,3,3,44,62,68,62,112,64,1,6,1,26,1,133,5,48,3,0,0,3,0
18,242,68,470,96,801,13,449,27,548,4,132,0,41,51,119,59,224,114,162,3,29,1,88,1,69,2,2,4,96,1,26,21,448,0,0,44,231,2,14,6,124,1,1,0,21,3,12,0,18,2,21,3,2,0,3,0,0,0,6,7,94,3,23,5,15,12,24,1,12,7,66,2,37,547,0,47,1564,36,1051,0,0,0,11,3,18,0,50,1,2,0,0,0,1,2,0,0,1,2,12,4,2,4,0,0,2,27,29,13,10,40,11,1,9,1,1,0,0,0,2,0,26,0,4,11,430,9,913,1,353,0,51,1,26,2,344,0,223,0,0,0,0,0,0,5,298,1,110,1,253,4,6,23,41,43,112,6,278,5,29,0,10,9,147,5,46,0,0,12,0
146,15,335,50,467,46,58,7,335,13,123,4,28,6,301,38,181,2,214,46,32,0,27,1,41,0,4,0,84,1,42,1,659,27,0,0,175,87,88,3,1697,9,31,0,1053,0,25,6,73,7,69,1,25,0,24,3,19,0,91,1,289,21,203,7,197,1,69,17,11,4,139,29,115,9,611,47,0,15,670,24,0,0,12,2,141,10,677,2,267,1,0,0,432,0,0,1,0,0,3,2,2,0,0,0,1,0,5,3,4,3,10,11,3,3,0,0,0,0,0,5,0,0,1,0,78,8,105,10,14,0,0,0,14,0,17,3,8,1,74,0,1,0,0,1,44,1,11,1,4,0,0,1,12,18,110,48,279,0,4,1,7,1,27,4,18,1,0,0,0,0
3,52,11,350,15,454,0,61,7,398,0,181,5,31,17,197,7,367,32,142,0,22,0,79,0,63,0,2,0,31,0,34,8,1112,0,0,17,242,8,26,4,2402,0,85,0,439,13,29,5,29,0,17,3,11,0,4,0,4,1,152,6,81,6,38,6,13,7,42,1,19,12,117,4,26,17,1564,15,0,8,304,0,0,8,32,7,71,0,868,3,56,0,8,0,47,1,1,0,1,2,13,3,0,0,1,0,0,6,7,6,7,23,8,1,10,0,3,0,0,0,5,0,0,0,0,0,29,2,51,0,18,0,2,0,6,0,11,1,8,0,36,0,0,0,6,0,63,3,4,0,11,1,1,7,13,13,74,1,208,0,2,0,6,3,115,1,5,0,0,0,0
165,37,172,26,251,34,55,15,167,13,10,0,17,1,292,66,10,1,104,11,3,0,1,1,3,0,0,0,3,1,0,0,42,11,0,0,156,75,40,1,321,3,11,0,80,0,8,4,25,4,28,1,12,0,7,0,4,0,5,0,206,8,158,5,117,0,38,9,5,1,148,10,165,13,562,36,670,8,0,19,0,0,1,4,14,2,11,1,9,0,0,0,3,0,1,0,0,1,1,1,5,0,2,0,1,0,6,0,1,2,5,7,0,4,0,0,0,0,0,2,13,0,0,0,72,5,130,6,12,1,3,1,9,1,84,0,19,3,56,0,1,0,1,0,34,1,13,0,5,0,0,0,8,3,88,30,77,0,4,0,49,0,102,1,38,2,0,0,4,0
27,362,20,398,31,477,11,256,12,257,0,23,2,58,51,445,2,3,16,70,0,10,0,10,0,5,0,2,0,6,0,2,7,194,0,0,34,343,5,5,3,490,0,8,0,75,11,33,5,36,2,15,1,7,1,18,0,2,0,16,21,384,13,162,14,116,12,136,2,57,23,304,9,112,25,1051,24,304,19,0,0,0,1,25,5,33,0,3,3,11,0,0,0,3,0,1,0,0,1,16,2,0,2,3,1,0,16,10,4,8,16,7,1,6,0,0,0,1,0,3,0,1,0,4,6,102,24,244,1,60,0,11,0,8,0,47,0,54,0,125,0,0,0,5,2,69,1,15,1,33,0,0,4,9,30,66,0,16,3,20,0,80,2,534,4,43,0,0,2,0
0,0,0,0,0,0,0,0,0,0,0,0,0,0,0,0,0,0,0,0,0,0,0,0,0,0,0,0,0,0,0,0,0,0,0,0,0,0,0,0,0,0,0,0,0,0,0,0,0,0,0,0,0,0,0,0,0,0,0,0,0,0,0,0,0,0,0,0,0,0,0,0,0,0,0,0,0,0,0,0,0,0,0,0,0,0,0,0,0,0,0,0,0,0,0,0,0,0,0,0,0,0,0,0,0,0,0,0,0,0,0,0,0,0,0,0,0,0,0,0,0,0,0,0,0,0,0,0,0,0,0,0,0,0,0,0,0,0,0,0,0,0,0,0,0,0,0,0,0,0,0,0,0,0,0,0,0,0,0,0,0,0,0,0,0,0,0,0,0,0
0,0,0,0,0,0,0,0,0,0,0,0,0,0,0,0,0,0,0,0,0,0,0,0,0,0,0,0,0,0,0,0,0,0,0,0,0,0,0,0,0,0,0,0,0,0,0,0,0,0,0,0,0,0,0,0,0,0,0,0,0,0,0,0,0,0,0,0,0,0,0,0,0,0,0,0,0,0,0,0,0,0,0,0,0,0,0,0,0,0,0,0,0,0,0,0,0,0,0,0,0,0,0,0,0,0,0,0,0,0,0,0,0,0,0,0,0,0,0,0,0,0,0,0,0,0,0,0,0,0,0,0,0,0,0,0,0,0,0,0,0,0,0,0,0,0,0,0,0,0,0,0,0,0,0,0,0,0,0,0,0,0,0,0,0,0,0,0,0,0
68,2,5,1,77,2,1,0,0,0,0,0,109,0,3,1,0,0,1,0,0,0,0,0,0,0,0,0,0,0,0,0,125,11,0,0,2,1,92,3,17,2,0,0,0,0,38,9,37,6,164,2,25,1,99,1,113,1,93,1,35,0,2,0,13,0,11,8,5,3,24,18,1,0,7,0,12,8,1,1,0,0,0,5,159,7,0,0,35,1,0,0,4,0,0,0,0,0,0,0,0,0,0,0,1,0,1,0,1,1,0,0,0,1,0,0,0,0,0,0,0,0,0,0,0,0,4,1,0,0,0,0,0,1,1,1,1,0,0,0,0,0,0,0,11,5,0,0,0,2,0,0,0,0,0,1,0,0,0,0,0,0,1,5,1,0,0,0,0,0
1,206,3,60,1,162,2,11,1,20,0,0,3,4,6,3,0,0,0,0,0,0,0,0,0,0,0,0,0,0,0,0,5,118,0,0,1,4,9,38,4,34,0,0,0,0,41,68,4,52,3,68,3,7,1,12,0,11,1,82,2,20,0,2,1,2,2,16,2,5,11,85,2,2,7,11,2,32,4,25,0,0,5,0,18,531,0,0,2,21,0,0,0,27,1,0,0,0,0,4,0,1,0,0,0,1,2,4,2,1,3,1,0,2,0,0,0,0,0,2,0,0,0,0,1,3,2,6,1,1,0,0,0,1,0,4,0,0,0,0,0,0,0,2,4,40,0,0,0,1,0,0,0,0,2,0,0,0,1,2,0,0,2,15,0,2,0,0,1,0
549,10,24,2,37,0,4,1,1,0,1,0,163,0,11,8,0,0,0,0,0,0,0,0,0,0,0,0,0,0,0,0,233,27,0,0,18,13,200,9,516,9,25,0,2,0,82,13,108,13,449,6,85,2,613,1,572,1,656,2,1203,5,51,0,382,0,333,18,331,2,70,38,19,4,21,3,141,7,14,5,0,0,159,18,0,25,197,0,5221,3,0,0,1401,4,0,0,0,0,1,0,1,0,0,0,0,0,7,0,1,2,6,4,1,1,0,0,0,0,0,1,0,0,0,0,3,0,16,3,2,0,0,0,0,0,7,0,1,0,2,0,1,0,0,0,21,3,5,0,1,2,0,0,0,0,1,0,0,0,0,2,0,0,9,2,3,1,0,0,1,0
8,1256,1,42,1,120,1,14,1,9,0,0,8,80,7,7,0,0,0,0,0,0,0,0,0,0,0,0,0,0,0,0,12,173,0,0,4,27,37,83,10,641,1,64,0,0,99,186,9,153,8,696,4,33,0,145,0,233,2,1602,12,418,2,12,4,39,5,514,5,318,38,211,6,7,3,18,10,71,2,33,0,0,7,531,25,0,0,1552,1,2261,0,2,1,1062,0,1,0,0,0,7,1,0,2,8,1,1,7,5,5,1,14,3,5,4,0,17,0,0,0,5,0,0,0,0,3,3,9,13,0,1,0,0,0,0,4,2,0,3,0,9,0,0,0,3,4,27,1,0,2,2,0,0,0,0,1,6,0,0,0,2,0,0,1,36,2,1,0,0,0,0
0,0,1,0,0,0,0,0,0,0,0,0,0,0,0,0,0,0,0,0,0,0,0,0,0,0,0,0,0,0,0,0,16,0,0,0,0,0,1,0,719,0,8,0,264,0,0,0,0,0,1,0,0,0,1,0,0,0,1000,0,0,0,0,0,0,0,0,0,0,0,1,0,0,0,3,0,677,0,11,0,0,0,0,0,197,0,0,0,1308,0,900,0,1885,0,0,0,0,0,0,0,0,0,0,0,0,0,0,0,0,0,1,1,0,0,0,0,0,0,0,0,0,0,1,0,2,0,5,0,0,0,0,0,0,0,0,0,0,0,1,0,0,0,0,0,1,0,0,0,0,0,0,0,0,0,1,0,5,0,0,0,0,0,1,0,1,0,0,0,0,0
0,0,3,48,1,79,0,1,1,77,0,38,0,0,2,23,1,10,9,41,0,9,0,10,0,22,0,5,0,25,0,9,2,81,0,0,1,36,0,2,0,1408,0,289,0,623,0,0,0,1,0,0,0,0,0,0,0,0,0,640,0,2,1,1,0,2,0,1,0,1,0,6,2,2,4,50,2,868,1,3,0,0,0,0,0,1552,0,0,0,436,0,2133,0,715,0,0,0,0,0,0,0,0,0,0,0,0,0,0,0,0,1,0,0,0,0,0,0,0,0,0,0,0,0,0,0,3,0,2,0,0,0,0,0,0,0,0,0,0,0,1,0,0,0,0,0,1,0,0,0,0,0,0,2,3,0,9,0,4,0,0,0,0,0,1,0,0,0,0,0,0
78,0,2,0,5,0,1,0,0,0,0,0,7,1,2,1,0,0,0,0,0,0,0,0,0,0,0,0,0,0,0,0,115,8,0,0,12,7,137,4,256,4,37,0,9,0,86,13,123,7,304,9,157,0,2348,1,529,0,759,0,308,2,119,0,1002,0,82,2,2368,3,125,10,8,1,7,1,267,3,9,3,0,0,35,2,5221,1,1308,0,0,2,177,0,5171,0,0,0,0,0,0,0,0,0,2,0,0,0,4,0,0,0,0,0,0,0,0,0,0,0,0,1,0,0,0,0,1,0,12,1,1,0,0,0,0,0,4,0,1,0,1,0,0,0,0,0,3,1,1,0,1,0,0,0,0,0,0,0,1,0,0,1,0,0,6,1,0,1,0,0,0,0
1,118,0,4,0,11,0,1,0,0,0,0,0,3,0,1,0,0,0,0,0,0,0,0,0,0,0,0,0,0,0,0,4,102,0,0,2,9,9,26,0,338,0,20,0,7,110,359,3,210,3,862,1,232,0,1915,1,275,1,1349,2,597,0,10,1,230,3,929,1,1400,11,133,1,4,0,2,1,56,0,11,0,0,1,21,3,2261,0,436,2,0,0,268,0,6001,0,2,0,0,0,1,0,0,0,28,0,0,0,1,0,0,1,0,0,0,0,42,0,0,0,0,0,0,0,0,1,0,0,11,1,0,0,0,0,0,0,0,0,0,0,0,0,0,0,1,0,2,0,0,0,0,0,0,0,0,0,0,0,0,0,0,0,0,0,2,0,1,0,0,0,0
0,0,0,0,0,0,0,0,0,0,0,0,0,0,0,0,0,0,0,0,0,0,0,0,0,0,0,0,0,0,0,0,0,0,0,0,0,0,0,0,3,0,0,0,0,0,0,0,0,0,0,0,0,0,0,0,0,0,200,0,0,0,0,0,0,0,0,0,0,0,0,0,0,0,0,0,0,0,0,0,0,0,0,0,0,0,900,0,177,0,0,0,897,0,0,0,0,0,0,0,0,0,0,0,0,0,0,0,0,0,0,0,0,0,0,0,0,0,0,0,0,0,0,0,0,0,0,0,0,0,0,0,0,0,0,0,0,0,0,0,0,0,0,0,0,0,0,0,0,0,0,0,0,0,0,0,0,0,0,0,0,0,0,0,0,0,0,0,0,0
0,0,0,0,0,0,0,0,0,0,0,0,0,0,0,0,0,0,0,0,0,0,0,0,0,0,0,0,0,0,0,0,0,1,0,0,0,0,0,0,0,34,0,77,0,2,0,0,0,0,0,0,0,0,0,0,0,0,0,330,0,0,0,0,0,0,0,0,0,0,0,0,0,0,0,0,0,8,0,0,0,0,0,0,0,2,0,2133,0,268,0,0,0,802,0,0,0,0,0,0,0,0,0,0,0,0,0,0,0,0,0,0,0,0,0,0,0,0,0,0,0,0,0,0,0,0,0,0,0,0,0,0,0,0,0,0,0,0,0,0,0,0,0,0,0,0,0,0,0,0,0,0,0,0,0,0,0,0,0,0,0,0,0,0,0,0,0,0,0,0
0,0,1,0,0,0,0,1,0,0,0,0,1,0,1,0,0,0,0,0,0,0,0,0,0,0,0,0,0,0,0,0,310,0,0,0,0,0,14,0,1032,0,50,0,24,0,22,2,17,0,81,1,16,0,352,0,265,0,1131,0,7,0,6,0,8,0,1,0,4,0,18,1,1,0,4,0,432,0,3,0,0,0,4,0,1401,1,1885,0,5171,0,897,0,0,0,0,0,0,0,0,0,0,0,0,0,0,0,1,0,0,0,2,1,0,0,0,0,0,0,0,0,0,0,0,0,2,0,0,0,0,0,0,0,0,0,0,1,0,0,0,0,0,0,0,0,0,0,0,0,0,0,0,0,0,0,0,0,0,0,0,0,0,0,1,0,1,0,0,0,0,0
0,7,0,0,0,1,0,0,0,0,0,0,0,1,0,1,0,0,0,0,0,0,0,0,0,0,0,0,0,0,0,0,1,166,0,0,0,1,1,7,0,286,0,17,0,3,44,142,2,48,3,208,0,93,0,409,0,772,0,2081,0,38,0,6,0,4,0,28,0,43,6,39,0,1,1,1,0,47,0,3,0,0,0,27,4,1062,0,715,0,6001,0,802,0,0,0,11,0,0,0,0,0,0,0,7,0,0,1,0,0,0,0,0,0,0,0,14,0,0,0,0,0,0,0,0,0,0,0,1,0,0,0,0,0,0,0,0,0,0,0,0,0,0,0,0,0,1,0,0,0,0,0,0,0,0,1,0,0,0,0,0,0,0,0,2,0,0,0,0,0,0
0,0,0,0,0,0,0,0,1,0,0,0,0,0,0,2,0,0,0,0,0,0,0,0,0,0,0,0,0,0,0,0,0,1,0,0,0,1,1,0,1,3,3,0,1,0,2,1,3,0,83,1,6,0,43,0,25,0,11,1,0,0,0,0,1,0,0,0,0,0,0,0,0,1,2,2,0,1,1,0,0,0,0,1,0,0,0,0,0,0,0,0,0,0,0,4,6743,13,148,9,790,16,3583,29,991,5,1349,34,227,24,13,15,10,8,12,56,124,12,8,3,0,0,0,0,1,1,2,5,0,1,0,0,1,0,5,4,2,0,0,0,0,0,0,0,3,4,1,2,0,2,0,0,0,0,0,0,0,0,4,3,1,0,5,2,7,2,0,0,2,0
0,1,0,0,1,0,0,0,0,0,0,0,0,0,1,0,0,0,0,0,0,0,0,0,0,0,0,0,0,0,0,0,0,0,0,0,1,1,1,0,1,2,3,5,0,0,3,78,0,9,2,311,0,10,0,70,0,299,0,38,1,1,1,0,0,0,0,2,0,1,0,0,0,0,0,0,1,1,0,1,0,0,0,0,0,1,0,0,0,2,0,0,0,11,4,0,7,4070,3,209,22,567,15,4574,0,876,21,2149,13,202,26,14,4,2,31,81,148,12,4,2,0,0,0,0,0,0,0,2,0,0,0,0,0,0,0,2,0,0,0,0,0,0,1,2,0,2,0,1,0,2,0,0,0,0,0,0,0,0,0,2,0,0,1,1,0,0,0,0,0,0
0,0,0,0,0,0,0,0,0,0,0,0,0,0,0,0,0,0,0,0,0,0,0,0,0,0,0,0,0,0,0,0,0,1,0,0,0,2,1,0,5,3,5,1,0,0,0,0,1,1,3,0,0,0,0,0,0,0,0,0,0,0,1,0,1,0,0,0,0,1,0,1,0,0,1,0,0,0,0,0,0,0,0,0,0,0,0,0,0,0,0,0,0,0,6743,7,0,28,75,4,356,8,1140,15,3374,4,1218,29,127,14,8,10,5,5,19,43,299,27,3,3,0,0,0,0,0,0,1,2,0,2,0,1,0,0,3,1,0,0,0,0,0,0,0,0,3,1,0,0,0,0,0,0,0,0,0,0,0,0,2,1,1,1,0,1,3,5,0,0,2,0
0,0,0,0,0,0,0,0,0,0,0,0,0,0,0,0,0,0,0,0,0,0,0,0,0,0,0,0,0,0,0,0,0,0,0,0,0,0,1,0,3,4,0,9,0,0,0,1,1,0,2,1,0,0,0,0,0,0,0,0,1,0,0,0,0,0,0,0,0,0,0,0,0,0,0,1,0,1,1,0,0,0,0,0,0,0,0,0,0,0,0,0,0,0,13,4070,28,0,4,210,14,479,26,1355,4,3323,54,1837,5,107,13,11,1,3,12,70,112,94,1,1,0,0,0,0,0,0,1,0,0,2,0,0,0,0,1,1,0,1,0,0,0,0,0,1,1,3,0,0,0,1,0,0,0,0,0,0,0,0,3,1,0,0,1,2,3,1,0,0,2,0
1,1,0,0,0,0,0,0,0,0,0,0,1,3,1,0,0,0,0,0,0,0,0,0,0,0,0,0,0,0,0,0,0,1,0,0,5,0,10,1,23,3,4,0,0,0,0,0,2,1,65,6,1,0,0,1,2,1,4,0,0,1,1,0,0,0,1,2,0,0,6,3,1,0,11,2,3,2,1,1,0,0,0,0,1,0,0,0,0,0,0,0,0,0,148,3,75,4,0,65,730,54,203,27,92,1,1084,30,982,54,74,18,155,207,90,59,3,15,37,291,0,0,0,0,2,1,22,5,4,2,0,0,0,0,29,5,1,1,0,0,1,0,0,0,27,4,3,0,0,3,0,0,0,0,0,0,1,0,3,1,0,0,4,1,21,14,0,0,27,0
0,1,0,2,0,7,0,1,0,2,0,1,0,0,3,1,0,0,0,0,0,0,0,0,0,0,0,0,0,0,0,0,0,20,0,0,2,4,3,8,6,36,7,23,1,0,4,11,2,3,6,88,0,0,0,0,2,0,3,7,0,2,4,1,1,1,2,2,0,1,2,11,0,0,6,12,2,13,1,16,0,0,0,4,0,7,0,0,0,1,0,0,0,0,9,209,4,210,65,0,126,689,19,516,7,97,64,1588,49,1101,131,557,91,291,203,155,12,35,55,126,1,0,1,0,0,7,7,26,0,7,0,2,1,1,7,25,0,2,0,4,0,0,0,12,7,52,0,8,2,18,0,0,0,0,0,1,0,0,6,7,0,1,8,5,21,31,0,0,19,0
1,0,1,1,1,2,0,0,1,0,0,0,1,1,0,2,0,0,0,0,0,0,0,0,0,0,0,0,0,0,0,0,1,3,0,0,2,1,1,1,19,2,74,2,1,0,3,0,5,1,44,10,1,0,0,0,0,0,4,0,4,0,4,0,5,0,0,0,0,0,1,5,0,0,10,4,2,3,5,2,0,0,0,0,1,1,0,0,0,0,0,0,0,0,790,22,356,14,730,126,0,367,2797,72,608,4,2344,86,541,46,307,51,12,177,844,283,33,60,100,54,0,0,0,0,3,0,8,7,0,2,0,0,2,0,5,7,0,0,0,0,1,0,0,1,8,3,0,2,1,5,0,0,0,0,0,0,0,0,10,5,0,0,6,2,18,5,0,0,2,0
0,1,0,0,0,0,0,0,0,0,0,0,0,0,0,0,0,0,0,0,0,0,0,0,0,0,0,0,0,0,0,0,0,1,0,0,0,1,1,0,0,4,2,5,0,0,0,0,0,0,1,34,0,0,0,0,0,0,0,0,0,0,0,0,0,0,0,0,0,0,0,2,0,0,0,2,0,0,0,0,0,0,0,1,0,0,0,0,0,0,0,0,0,0,16,567,8,479,54,689,367,0,37,2277,13,141,51,1563,26,323,30,305,2,72,725,360,32,43,57,6,0,0,0,0,0,0,1,1,0,0,0,0,0,0,0,0,0,1,0,1,0,0,0,0,1,5,0,0,0,1,0,0,0,0,0,0,0,0,3,4,0,0,6,0,2,3,0,1,2,0
