0,68,1715,103,2903,11,2141,2,616,2,27,0,488,7,1008,337,0,0,91,11,4,0,0,0,1,0,2,0,0,0,7,0,336,7,0,0,37,250,1,3,236,2,242,0,1,0,0,0,0,0,37,1,0,0,2,0,0,0,0,0,6534,19,16,2,100,3,34,5,18,1,2,20,732,51,1299,14,2044,7,483,7,0,0,2,0,6,3,38,0,5,2,0,0,3,1,24,0,12,1,211,2,81,3,34,0,2,0,5,0,62,2,20,0,6,0,1,1,1,1,0,3,0,0,36,0,5,0,305,4,950,12,163,1,0,0,26,0,1,0,8,0,41,0,59,2,627,8,57,1,47,1,0,0,1,0,1,8,0,0,0,1,1,0,9,2,3,0,3,0,3,0
68,0,88,3667,7,2172,12,1416,5,616,0,64,7,494,189,913,0,0,24,65,0,0,0,0,0,2,0,4,0,2,0,0,4,601,0,0,36,822,2,6,0,91,1,36,0,4,0,2,0,7,0,12,0,24,1,12,0,2,0,0,58,5447,11,104,5,65,2,288,4,25,14,131,99,448,32,791,16,1718,2,359,0,0,0,2,2,31,0,0,0,6,0,1,0,1,1,1,1,4,10,68,1,3,3,0,0,0,0,7,2,21,0,2,18,3,4,3,4,11,2,18,0,0,1,7,0,1,5,254,3,736,0,102,0,0,0,30,0,1,0,7,0,23,0,69,7,326,0,75,2,57,1,1,2,0,17,20,0,2,0,1,0,0,0,18,0,0,0,1,1,0
1715,88,0,160,7561,62,391,8,726,16,458,5,105,5,988,293,0,1,2233,104,108,1,69,2,71,9,72,8,168,0,88,2,890,2,0,0,32,115,0,0,15,0,14,0,0,0,0,0,0,0,7,0,0,0,6,0,1,0,0,0,209,4,26,0,77,0,8,3,43,0,4,9,77,21,1153,54,1304,17,231,6,0,0,0,0,33,0,38,0,30,0,1,0,7,1,13,0,9,0,56,1,8,0,11,0,0,0,4,0,34,1,7,0,6,1,2,2,0,0,0,2,0,0,11,4,7,1,292,16,105,9,59,6,3,0,39,4,4,0,0,1,1,0,1,0,114,11,9,2,14,2,1,4,5,22,16,30,1,1,0,2,0,0,6,0,1,0,2,0,3,0
103,3667,160,0,116,7319,16,580,39,749,18,324,2,366,226,1502,2,38,954,2337,462,425,66,81,7,120,1,235,4,16,5,42,166,319,0,0,100,894,0,14,3,32,1,15,0,0,0,1,0,1,0,3,0,14,1,13,0,0,0,0,39,261,7,59,15,12,0,37,13,15,6,216,86,325,311,1883,92,2492,13,517,0,0,0,0,3,2,1,0,2,1,0,0,1,2,3,0,6,5,12,45,4,3,3,5,0,0,1,11,12,43,3,0,75,2,11,1,7,12,0,36,0,2,3,42,2,110,24,688,14,513,2,169,0,9,7,281,0,31,0,2,0,10,1,26,7,736,0,61,2,33,220,389,404,370,236,1019,2,13,1,1,0,0,0,16,3,3,3,15,15,1
2903,7,7561,116,0,51,1035,7,2901,13,553,1,52,1,155,64,0,0,938,82,25,2,7,0,12,1,36,3,49,0,183,1,675,2,0,0,6,36,0,2,11,0,7,1,0,0,0,0,0,0,8,0,1,1,7,0,0,0,0,0,448,1,14,0,106,0,1,0,67,0,1,7,9,4,1828,29,1031,8,176,4,0,0,0,0,13,1,21,0,40,0,1,0,6,0,3,0,2,0,39,0,5,0,1,0,0,0,3,0,18,0,0,0,6,2,1,1,1,0,0,3,0,0,10,1,19,3,243,5,55,1,39,0,1,0,26,2,6,0,1,0,1,0,1,0,111,8,14,1,10,0,1,0,1,9,17,17,1,0,0,1,1,0,2,1,2,0,1,0,1,0
11,2172,62,7319,51,0,8,1069,20,2233,12,605,3,168,51,117,3,5,560,255,126,8,14,4,2,35,0,608,0,46,3,120,98,193,0,0,15,284,0,5,0,10,0,3,0,3,0,3,0,13,2,0,0,41,5,22,0,0,0,1,6,228,3,79,4,13,2,5,3,23,1,246,0,104,137,1687,57,1118,6,183,0,0,1,0,2,4,0,0,1,1,0,0,0,1,0,1,1,1,4,12,0,0,2,0,0,0,0,1,4,4,0,0,23,3,3,1,1,1,0,7,0,3,2,37,0,44,11,223,1,68,3,56,0,2,1,104,0,16,0,0,0,0,0,2,6,299,0,18,0,14,18,20,150,65,86,494,0,4,0,0,0,0,0,3,0,2,1,4,1,0
2141,12,391,16,1035,8,0,1,1560,2,31,0,274,0,224,46,0,0,129,14,1,0,1,0,0,0,0,0,1,0,7,0,223,1,0,0,8,24,0,2,13,1,10,0,1,0,0,0,0,0,2,0,0,0,2,1,0,0,0,0,1023,3,25,0,170,0,28,0,26,1,2,9,38,8,340,3,241,0,41,1,0,0,0,0,3,1,19,0,24,1,1,0,6,0,2,0,1,0,13,2,2,0,1,0,0,0,1,0,4,0,1,0,0,0,0,0,0,0,0,0,0,0,5,0,2,0,44,0,53,0,20,0,1,0,1,0,1,0,1,0,1,0,2,0,52,3,3,0,4,0,0,0,0,0,8,5,0,0,0,0,0,0,0,0,0,0,0,0,0,0
2,1416,8,580,7,1069,1,0,1,1761,1,63,0,493,9,94,0,0,80,132,1,0,2,0,0,4,0,5,0,0,0,4,8,449,0,0,3,141,1,3,0,7,0,3,0,0,0,0,0,7,0,0,0,40,1,24,0,0,0,0,3,379,0,158,0,162,0,35,1,88,0,104,3,40,26,775,6,310,2,55,0,0,0,0,1,4,0,0,1,4,0,0,0,1,0,0,0,2,1,2,0,0,0,0,0,0,0,0,1,2,0,0,7,2,0,1,0,1,0,1,0,0,0,19,0,6,3,63,0,23,0,14,0,0,0,22,0,5,0,0,0,1,0,2,3,99,0,5,0,3,0,0,10,1,23,48,0,0,0,1,0,0,0,0,0,1,0,1,0,0
616,5,726,39,2901,20,1560,1,0,2,1045,0,45,1,87,22,0,0,392,32,4,0,3,0,0,1,5,0,1,0,134,0,1438,3,0,0,6,23,4,5,18,2,1,1,1,0,0,0,0,0,5,0,0,0,3,0,0,0,0,0,615,3,29,1,213,1,23,1,49,0,1,8,11,6,809,11,457,6,59,0,0,0,0,0,3,0,2,0,40,0,2,0,5,0,0,0,1,0,17,0,1,0,1,0,0,0,0,0,8,0,0,0,1,0,0,0,0,0,0,2,0,0,7,0,11,0,105,0,31,1,9,0,0,0,20,1,4,0,1,0,0,0,0,0,87,1,1,0,7,0,0,0,4,0,9,7,0,0,0,0,1,0,2,0,1,0,2,0,0,0
2,616,16,749,13,2233,2,1761,2,0,0,571,0,111,9,33,0,0,142,104,6,1,3,1,0,3,0,13,0,1,0,7,18,748,0,0,1,86,0,2,0,2,0,2,0,0,0,0,0,5,0,0,0,63,0,47,0,1,0,0,2,185,1,185,1,119,1,22,2,90,2,106,3,36,24,1064,11,609,1,40,0,0,0,0,0,0,0,0,0,8,0,0,1,1,0,0,0,1,1,1,2,0,1,0,0,0,1,0,4,2,0,0,9,0,0,0,0,0,0,1,0,4,0,22,0,42,1,58,0,14,0,10,0,3,1,96,0,11,0,1,0,2,0,2,4,164,0,8,0,4,1,0,37,11,19,133,0,2,0,0,0,0,0,2,0,2,0,2,1,1
27,0,458,18,553,12,31,1,1045,0,0,0,0,0,3,1,1,0,117,6,54,0,36,2,67,1,41,0,888,0,227,0,1390,0,0,0,1,0,0,0,6,0,0,0,1,0,0,0,0,0,0,0,0,0,3,0,0,0,0,0,62,1,7,0,57,1,7,0,21,0,0,1,0,0,126,5,391,1,33,0,0,0,0,0,52,0,12,0,42,0,10,0,10,0,0,0,0,0,6,0,2,0,0,0,0,0,0,0,1,0,0,0,0,0,2,0,0,0,0,0,0,0,1,0,7,0,15,1,3,0,8,0,1,0,7,0,0,0,0,1,0,0,1,0,12,0,0,0,0,0,0,0,1,3,0,5,0,0,0,0,1,0,0,0,1,0,0,0,0,0
0,64,5,324,1,605,0,63,0,571,0,0,0,14,3,6,0,8,27,16,14,2,0,3,0,19,0,408,0,795,0,335,7,508,0,0,2,8,0,0,0,1,0,1,0,1,0,0,0,4,0,1,0,23,0,15,0,0,0,0,0,14,0,14,0,9,0,0,0,9,0,12,2,1,8,661,2,1324,0,10,0,0,0,0,1,0,0,0,0,1,0,0,1,1,0,0,0,0,0,0,0,0,0,0,0,0,0,0,0,0,0,0,4,0,0,1,0,0,0,0,0,7,0,19,0,51,1,16,0,1,0,2,0,4,2,86,0,4,0,0,0,0,0,0,1,57,0,10,0,1,4,3,10,6,6,62,0,2,0,0,0,0,0,0,0,2,0,0,0,0
488,7,105,2,52,3,274,0,45,0,0,0,0,0,87,10,0,0,9,1,1,0,0,0,3,0,0,0,3,0,0,0,1189,0,0,0,17,15,8,4,60,1,15,0,5,0,0,0,0,0,14,0,0,1,6,0,1,0,1,0,2174,7,26,4,360,2,619,3,47,1,13,23,97,17,90,0,696,0,70,0,0,0,207,0,698,2,43,0,94,3,2,0,31,0,0,0,1,0,11,0,6,0,2,1,0,0,0,0,2,0,1,0,0,0,0,0,0,0,0,0,0,0,8,0,3,0,25,1,65,3,6,1,0,0,3,0,0,0,5,1,5,0,8,0,72,3,3,1,5,0,0,0,0,0,1,0,1,0,1,0,0,0,2,0,0,0,0,0,0,0
7,494,5,366,1,168,0,493,1,111,0,14,0,0,12,212,0,0,7,56,0,0,0,0,0,0,0,0,0,0,0,0,2,1083,0,0,3,51,3,1,0,10,0,5,0,0,0,1,0,3,0,3,0,11,0,12,0,2,0,0,3,1138,0,109,0,481,0,886,1,128,2,44,9,32,4,190,3,687,0,104,0,0,0,309,0,646,0,29,0,35,0,0,0,7,2,0,0,1,0,7,0,0,1,0,0,0,0,1,0,3,0,0,7,0,0,0,0,1,0,2,0,1,0,1,0,1,0,53,0,87,0,18,0,0,0,10,0,0,0,1,0,3,0,10,1,47,0,5,0,11,0,0,0,0,3,5,0,1,1,1,0,0,0,2,0,0,0,3,0,0
1008,189,988,226,155,51,224,9,87,9,3,3,87,12,0,1241,0,1,550,122,1,0,0,0,0,3,0,0,0,0,0,0,146,7,0,0,1331,601,2,4,10,5,19,1,0,0,0,2,0,0,10,0,0,1,8,0,0,0,0,0,380,29,105,1,33,2,0,5,32,1,357,28,1485,64,602,43,591,41,127,20,0,0,0,0,2,1,26,0,4,0,0,0,0,0,5,0,0,1,49,2,8,0,5,0,0,0,4,0,28,2,4,0,6,0,2,0,0,0,0,3,0,0,8,1,3,1,223,29,113,29,52,10,2,0,26,0,1,0,0,1,2,0,0,1,119,29,7,1,13,3,2,0,47,0,123,22,0,1,0,0,1,0,2,1,4,0,2,3,0,0
337,913,293,1502,64,117,46,94,22,33,1,6,10,212,1241,0,0,0,303,826,1,1,0,0,0,1,0,1,0,1,0,1,30,88,0,0,369,3283,1,8,4,35,3,14,1,1,0,0,0,0,1,5,0,4,9,4,0,0,0,0,201,152,65,12,34,12,0,156,28,3,35,153,558,1297,146,437,101,640,19,223,0,0,0,5,1,29,4,0,2,6,0,0,0,0,0,1,3,4,11,40,3,1,2,1,1,0,1,7,7,29,0,0,38,6,4,2,3,7,1,20,0,0,3,18,0,5,37,400,14,444,6,112,0,0,3,76,1,8,0,1,1,10,0,38,30,357,1,51,5,41,0,0,12,7,291,129,0,0,1,2,0,0,2,18,1,1,2,8,5,0
0,0,0,2,0,3,0,0,0,0,1,0,0,0,0,0,0,148,1,0,119,2,1028,27,51,8,0,3,12,0,0,0,33,0,0,0,9,2,0,0,1,0,0,0,0,6,0,0,0,0,0,0,0,0,0,0,0,0,0,0,0,0,1,0,0,1,2,0,3,0,3,1,5,1,49,10,128,16,0,17,0,0,0,0,6,0,1,0,12,0,13,0,5,1,0,0,0,0,0,0,0,0,0,0,0,0,0,0,0,0,0,0,0,0,0,0,0,0,0,0,0,0,0,0,0,0,0,0,0,0,0,0,0,0,0,0,0,0,0,0,0,0,0,0,0,0,0,0,0,0,210,8,68,0,26,5,484,159,0,0,0,0,0,0,0,0,0,0,0,0
0,0,1,38,0,5,0,0,0,0,0,8,0,0,1,0,148,0,6,23,34,131,133,1326,14,550,0,52,7,20,0,1,8,23,0,0,10,32,0,0,0,27,0,2,0,303,0,2,0,3,0,1,0,2,0,3,0,2,0,4,0,0,1,0,0,0,0,0,1,0,2,5,4,0,14,9,35,94,0,1,0,0,0,0,1,0,1,10,2,11,3,80,1,6,0,0,0,0,0,0,0,0,0,0,0,0,0,0,0,0,0,0,0,0,0,0,0,0,0,0,0,0,0,0,0,0,0,0,1,2,0,0,0,0,0,0,0,0,0,4,0,0,0,2,0,10,0,0,0,0,5,46,13,79,12,160,67,117,0,0,0,0,0,0,0,0,0,0,0,0
91,24,2233,954,938,560,129,80,392,142,117,27,9,7,550,303,1,6,0,861,263,12,58,5,9,16,3,29,10,0,24,4,707,25,0,0,252,211,0,2,11,0,3,0,0,1,0,0,0,0,11,0,0,1,18,0,0,0,0,0,77,5,29,3,85,1,6,3,66,0,26,17,38,13,1894,228,715,80,134,16,0,0,2,0,13,2,6,0,29,0,1,0,6,0,2,0,2,0,26,0,4,0,3,0,1,0,0,0,22,1,1,0,7,0,3,0,0,1,0,3,0,1,10,6,14,15,166,19,41,20,51,5,0,2,26,31,4,2,1,0,0,0,0,0,102,46,13,1,11,3,4,16,198,146,301,166,0,2,2,0,1,0,2,2,2,0,5,0,0,0
11,65,104,2337,82,255,14,132,32,104,6,16,1,56,122,826,0,23,861,0,52,681,5,52,1,15,0,17,2,0,1,1,67,33,0,0,73,1488,0,11,0,3,0,0,0,0,0,0,0,1,0,0,0,1,0,4,1,0,0,0,5,16,3,8,6,1,0,2,8,1,2,32,4,37,187,391,73,199,10,26,0,0,0,0,1,0,0,0,1,0,0,0,0,0,0,0,1,0,5,3,1,0,1,0,0,0,0,0,6,2,0,0,11,3,0,0,2,3,0,3,0,1,0,10,1,22,20,108,2,10,4,16,0,2,4,68,0,3,0,0,0,0,0,0,12,118,2,4,0,3,26,116,135,1234,362,1217,0,0,0,0,0,0,0,1,1,2,0,1,0,0
4,0,108,462,25,126,1,1,4,6,54,14,1,0,1,1,119,34,263,52,0,26,477,122,124,152,30,165,68,7,1,7,135,2,0,0,17,13,1,0,1,0,0,0,0,0,0,0,0,0,1,0,0,0,1,0,0,0,0,0,2,0,0,0,3,0,1,0,1,0,5,1,2,0,351,127,143,11,11,0,0,0,1,0,21,0,6,0,29,0,3,0,3,1,0,0,1,0,5,0,0,0,0,0,0,0,0,0,3,0,0,0,1,0,0,0,0,0,0,1,0,0,0,1,3,0,2,0,0,0,0,0,1,0,0,1,0,0,0,0,0,0,0,0,4,0,0,1,0,0,159,61,99,43,7,35,28,9,0,0,0,0,0,0,1,0,0,0,0,0
0,0,1,425,2,8,0,0,0,1,0,2,0,0,0,1,2,131,12,681,26,0,39,813,0,84,1,46,0,0,0,0,3,0,0,0,0,14,0,0,0,0,0,0,0,0,0,0,0,0,0,0,0,0,0,0,0,0,0,0,0,0,0,0,0,0,0,0,0,0,0,0,0,0,4,7,0,3,0,0,0,0,0,0,0,0,0,0,0,0,0,0,0,0,0,0,0,0,0,0,0,0,0,0,0,0,0,0,0,0,0,0,0,0,0,0,0,0,0,0,0,0,0,0,0,0,0,0,0,0,0,0,0,0,0,0,0,0,0,0,0,0,0,0,0,2,0,0,0,0,20,215,15,97,6,59,0,0,0,0,0,0,0,0,0,0,0,0,0,0
0,0,69,66,7,14,1,2,3,3,36,0,0,0,0,0,1028,133,58,5,477,39,0,179,387,83,21,34,249,1,4,0,203,1,0,0,5,3,0,1,3,0,0,0,2,0,0,0,0,0,1,0,0,0,2,0,0,0,0,0,1,1,5,0,3,0,4,0,6,0,2,2,2,0,289,87,222,8,5,0,0,0,2,0,42,0,20,0,53,0,21,0,8,0,0,0,0,0,0,0,0,0,0,0,0,0,0,0,0,0,0,0,0,0,0,0,0,0,0,0,0,0,0,0,0,0,1,1,0,0,0,0,0,0,0,0,0,0,1,0,0,0,0,0,3,1,0,0,0,0,148,14,36,4,4,12,101,64,0,0,0,0,0,0,0,0,0,0,0,0
0,0,2,81,0,4,0,0,0,1,2,3,0,0,0,0,27,1326,5,52,122,813,179,0,18,360,0,67,4,5,0,1,4,0,0,0,15,7,0,0,0,1,0,0,0,13,0,0,0,0,0,0,0,0,1,0,0,0,0,0,2,0,0,1,0,0,0,0,0,0,5,0,13,1,26,55,5,31,0,0,0,0,0,0,1,0,1,0,1,0,2,1,0,1,0,0,0,0,0,0,0,0,0,0,0,0,0,0,0,0,0,0,0,0,0,0,0,0,0,0,0,0,0,0,0,0,0,0,0,0,0,0,0,0,0,0,0,0,0,1,0,0,0,0,0,2,0,0,0,0,45,463,31,56,10,30,10,99,0,0,0,0,0,0,0,0,0,0,0,0
1,0,71,7,12,2,0,0,0,0,67,0,3,0,0,0,51,14,9,1,124,0,387,18,0,3,454,3,657,0,0,0,287,0,0,0,2,0,0,0,2,0,0,0,0,0,0,0,0,0,1,0,0,0,1,0,0,0,0,0,2,0,3,0,3,0,2,0,4,0,0,1,3,0,160,17,236,0,4,0,0,0,0,0,41,0,25,0,56,1,27,0,13,0,0,0,0,0,0,0,0,0,0,0,0,0,0,0,1,0,0,0,0,0,0,0,0,0,0,0,0,0,0,0,2,0,2,0,0,0,1,0,0,0,1,0,0,0,0,0,0,0,1,0,3,0,0,0,1,0,10,3,24,0,2,2,75,19,0,0,0,0,0,0,0,0,0,0,0,0
0,2,9,120,1,35,0,4,1,3,1,19,0,0,3,1,8,550,16,15,152,84,83,360,3,0,0,374,1,523,0,1,2,116,0,0,27,15,0,2,0,22,0,1,0,83,0,2,1,2,0,0,0,5,2,3,0,1,0,2,3,1,1,5,2,1,0,0,1,0,9,7,24,4,21,273,5,389,0,1,0,0,0,0,0,0,0,2,0,4,0,14,0,4,0,0,0,0,0,1,0,0,0,0,0,0,0,0,0,0,0,0,2,0,0,0,0,0,0,0,0,0,0,0,0,0,0,2,0,5,0,0,0,0,0,0,0,0,0,2,0,1,0,3,0,9,0,0,0,1,26,255,29,34,22,20,1,191,0,0,0,0,0,0,0,0,0,0,0,0
2,0,72,1,36,0,0,0,5,0,41,0,0,0,0,0,0,0,3,0,30,1,21,0,454,0,0,0,74,0,7,0,59,0,0,0,0,0,0,0,0,0,0,0,0,0,0,0,0,0,0,0,0,0,0,0,0,0,0,0,0,0,1,0,1,0,2,0,2,0,0,0,0,0,23,2,67,0,4,0,0,0,0,0,3,0,1,0,7,0,2,0,0,0,0,0,0,0,0,0,0,0,0,0,0,0,0,0,0,0,0,0,0,0,0,0,0,0,0,0,0,0,0,0,2,0,0,0,0,0,1,0,1,0,2,0,0,0,0,0,0,0,0,0,3,0,0,0,0,0,0,0,0,0,0,0,0,0,0,0,0,0,0,0,0,0,0,0,0,0
0,4,8,235,3,608,0,5,0,13,0,408,0,0,0,1,3,52,29,17,165,46,34,67,3,374,0,0,0,513,0,61,4,207,0,0,15,10,1,0,0,8,0,0,0,13,0,4,0,1,0,0,0,1,1,2,0,0,0,0,0,0,0,1,0,0,1,0,0,0,3,6,13,0,22,498,6,630,0,5,0,0,0,0,0,0,0,0,0,0,0,0,0,1,1,0,0,0,0,0,0,0,0,0,0,0,0,0,0,0,0,0,0,0,0,0,0,0,0,0,0,1,0,1,1,3,0,4,0,1,0,0,0,1,2,3,0,2,0,4,0,0,0,1,0,10,0,1,0,0,25,195,44,65,16,41,0,80,0,0,0,0,0,0,0,0,0,0,0,0
0,0,168,4,49,0,1,0,1,0,888,0,3,0,0,0,12,7,10,2,68,0,249,4,657,1,74,0,0,0,45,0,645,0,0,0,1,0,0,0,1,0,0,0,0,0,0,0,0,0,1,0,0,0,0,0,0,0,0,0,1,0,0,1,0,0,3,0,1,0,0,1,0,0,38,1,93,0,4,0,0,0,0,0,33,1,17,0,20,0,10,0,2,0,0,0,0,0,0,0,0,0,0,0,0,0,0,0,0,0,0,0,0,0,0,0,0,0,0,0,0,0,0,0,1,0,1,0,0,0,0,0,0,0,0,0,0,0,0,0,0,0,0,0,0,0,0,0,0,0,6,0,11,0,0,0,30,7,0,0,0,0,0,0,0,0,0,0,0,0
0,2,0,16,0,46,0,0,0,1,0,795,0,0,0,1,0,20,0,0,7,0,1,5,0,523,0,513,0,0,0,47,0,233,0,0,1,1,1,0,0,5,0,0,0,9,0,4,0,3,0,0,0,4,0,3,0,0,0,0,0,0,0,1,0,1,0,0,0,0,0,2,0,1,0,56,0,418,0,7,0,0,0,0,0,0,0,0,0,3,0,2,0,3,0,0,0,0,0,0,0,0,0,0,0,0,0,0,0,0,0,0,0,0,0,0,0,0,0,1,0,0,0,0,0,2,0,0,0,1,0,0,0,0,1,3,0,0,0,2,0,0,0,1,0,2,0,1,0,0,0,2,1,0,0,2,0,11,0,0,0,0,0,0,0,0,0,0,0,0
7,0,88,5,183,3,7,0,134,0,227,0,0,0,0,0,0,0,24,1,1,0,4,0,0,0,7,0,45,0,0,0,114,0,0,0,0,1,0,0,0,0,1,0,0,0,0,0,0,0,0,0,0,0,0,0,0,0,1,0,7,0,0,0,7,0,1,0,6,0,0,1,1,0,34,2,52,0,10,0,0,0,0,0,0,0,1,0,1,0,0,0,0,0,0,0,0,0,0,0,0,0,0,0,0,0,0,0,0,0,0,0,0,0,0,0,0,0,0,0,0,0,0,0,1,0,4,0,1,0,0,0,0,0,3,1,0,0,0,0,0,0,0,0,3,1,0,0,0,0,0,0,0,1,0,2,0,0,0,0,0,0,0,0,0,0,1,0,0,0
0,0,2,42,1,120,0,4,0,7,0,335,0,0,0,1,0,1,4,1,7,0,0,1,0,1,0,61,0,47,0,0,1,28,0,0,0,0,0,0,0,0,0,0,0,0,0,0,0,0,0,0,0,1,0,0,0,0,0,0,0,0,0,0,0,1,0,0,0,0,0,1,0,0,2,94,2,106,1,1,0,0,0,0,0,0,0,0,0,0,0,0,0,0,0,0,0,0,0,0,0,0,0,0,0,0,0,0,0,0,0,0,1,0,0,0,0,0,0,0,0,1,0,2,0,4,0,1,0,0,0,0,0,0,0,2,0,0,0,0,0,0,0,0,0,0,0,0,0,0,0,0,2,3,0,6,0,0,0,0,0,0,0,0,0,0,0,0,0,0
336,4,890,166,675,98,223,8,1438,18,1390,7,1189,2,146,30,33,8,707,67,135,3,203,4,287,2,59,4,645,0,114,1,0,2,0,0,14,31,10,4,78,2,14,0,18,0,0,0,0,2,19,0,2,0,15,0,1,0,9,0,430,1,41,4,330,3,430,1,109,2,13,21,14,4,467,48,1204,11,49,1,0,0,196,0,615,2,651,0,634,0,611,0,239,2,2,0,0,0,8,0,2,0,2,0,0,0,0,0,5,1,0,0,1,0,0,0,0,0,0,0,0,0,5,0,10,1,37,2,15,0,5,2,1,0,6,3,1,0,8,1,2,1,4,0,57,7,0,0,6,0,7,0,15,30,10,32,32,2,0,0,0,0,2,0,1,0,0,1,0,0
7,601,2,319,2,193,1,449,3,748,0,508,0,1083,7,88,0,23,25,33,2,0,1,0,0,116,0,207,0,233,0,28,2,0,0,0,4,36,15,23,8,147,0,12,0,85,13,121,3,162,0,30,1,236,5,262,0,43,0,27,13,352,8,340,13,490,3,718,3,416,13,265,15,62,6,387,5,2596,1,45,0,0,0,501,5,1087,0,515,4,749,0,490,7,142,0,0,0,0,1,1,0,0,0,0,0,0,0,0,1,0,0,0,6,1,0,1,1,0,1,2,0,0,0,8,0,24,0,22,2,22,0,6,0,7,3,52,0,10,0,26,0,8,0,21,2,102,0,6,0,8,0,1,6,3,3,20,0,1,0,0,0,0,0,0,0,0,0,1,1,0
0,0,0,0,0,0,0,0,0,0,0,0,0,0,0,0,0,0,0,0,0,0,0,0,0,0,0,0,0,0,0,0,0,0,0,0,0,0,0,0,0,0,0,0,0,0,0,0,0,0,0,0,0,0,0,0,0,0,0,0,0,0,0,0,0,0,0,0,0,0,0,0,0,0,0,0,0,0,0,0,0,0,0,0,0,0,0,0,0,0,0,0,0,0,0,0,0,0,0,0,0,0,0,0,0,0,0,0,0,0,0,0,0,0,0,0,0,0,0,0,0,0,0,0,0,0,0,0,0,0,0,0,0,0,0,0,0,0,0,0,0,0,0,0,0,0,0,0,0,0,0,0,0,0,0,0,0,0,0,0,0,0,0,0,0,0,0,0,0,0
0,0,0,0,0,0,0,0,0,0,0,0,0,0,0,0,0,0,0,0,0,0,0,0,0,0,0,0,0,0,0,0,0,0,0,0,0,0,0,0,0,0,0,0,0,0,0,0,0,0,0,0,0,0,0,0,0,0,0,0,0,0,0,0,0,0,0,0,0,0,0,0,0,0,0,0,0,0,0,0,0,0,0,0,0,0,0,0,0,0,0,0,0,0,0,0,0,0,0,0,0,0,0,0,0,0,0,0,0,0,0,0,0,0,0,0,0,0,0,0,0,0,0,0,0,0,0,0,0,0,0,0,0,0,0,0,0,0,0,0,0,0,0,0,0,0,0,0,0,0,0,0,0,0,0,0,0,0,0,0,0,0,0,0,0,0,0,0,0,0
37,36,32,100,6,15,8,3,6,1,1,2,17,3,1331,369,9,10,252,73,17,0,5,15,2,27,0,15,1,1,0,0,14,4,0,0,0,356,287,23,52,2,4,0,1,1,130,2,29,1,15,0,35,2,55,1,1,0,0,0,411,12,514,9,90,2,15,2,39,2,4074,84,1216,73,213,64,41,10,6,3,0,0,2,0,25,4,1,1,16,1,0,0,15,0,0,0,0,0,2,1,6,0,0,0,0,0,0,0,0,0,0,0,0,0,0,0,0,0,0,0,0,0,0,0,4,0,10,3,10,6,0,2,0,0,0,3,0,0,1,0,1,0,3,0,37,7,0,3,7,1,9,2,181,1,1153,12,7,6,0,0,0,0,0,1,0,0,0,0,0,0
250,822,115,894,36,284,24,141,23,86,0,8,15,51,601,3283,2,32,211,1488,13,14,3,7,0,15,0,10,0,1,1,0,31,36,0,0,356,0,17,537,29,17,4,4,1,0,2,18,2,2,1,1,3,0,25,5,0,0,0,0,237,165,93,13,55,15,36,60,19,10,229,810,590,533,106,263,66,196,11,38,0,0,2,0,13,24,1,2,15,17,0,0,12,7,2,1,0,2,4,6,1,0,2,0,0,0,0,1,2,3,0,0,8,1,3,1,0,2,0,0,0,0,3,14,3,15,21,57,8,96,5,13,0,2,1,31,1,3,1,4,1,3,1,10,20,132,0,14,5,12,5,25,32,124,194,924,0,2,0,0,0,0,0,0,0,0,0,1,0,0
1,2,0,0,0,0,0,1,4,0,0,0,8,3,2,1,0,0,0,0,1,0,0,0,0,0,0,1,0,1,0,0,10,15,0,0,287,17,0,114,296,12,4,0,1,3,239,252,34,304,37,26,59,53,81,49,1,6,3,10,54,9,385,63,87,8,27,2,14,53,2780,568,3,3,3,0,10,11,0,0,0,0,0,1,27,16,1,2,43,48,1,5,59,27,0,0,0,0,0,0,12,2,0,0,0,0,0,0,0,0,0,0,0,1,17,0,0,0,0,0,0,0,2,0,1,0,1,0,2,2,0,0,0,0,2,0,0,0,8,5,0,3,4,1,19,3,0,0,2,1,0,0,0,0,1,0,2,0,0,0,0,0,0,0,0,0,0,0,0,0
3,6,0,14,2,5,2,3,5,2,0,0,4,1,4,8,0,0,2,11,0,0,1,0,0,2,0,0,0,0,0,0,4,23,0,0,23,537,114,0,36,23,0,18,2,2,18,450,13,215,12,33,27,103,76,112,10,16,4,19,30,20,141,159,75,13,20,3,8,102,294,1377,6,2,4,4,8,7,0,2,0,0,1,2,21,17,1,4,26,149,0,5,31,57,0,0,0,0,0,1,0,1,0,0,0,0,0,0,0,1,0,0,0,0,37,0,0,0,0,0,0,0,0,0,0,0,1,1,0,2,0,0,0,0,0,0,0,0,0,5,0,4,0,2,4,8,0,0,0,1,1,0,0,0,1,2,1,0,0,0,0,0,0,0,0,0,0,0,0,0
236,0,15,3,11,0,13,0,18,0,6,0,60,0,10,4,1,0,11,0,1,0,3,0,2,0,0,0,1,0,0,0,78,8,0,0,52,29,296,36,0,8,1544,1,218,1,41,30,9,47,495,7,105,7,1554,8,146,2,739,3,479,16,252,30,331,11,214,7,414,9,260,313,110,3,94,0,441,6,565,1,0,0,33,2,135,15,213,1,544,33,113,2,501,20,5,0,4,0,8,2,13,0,2,0,0,0,4,0,9,2,13,0,1,0,6,0,1,0,0,3,10,0,28,0,15,0,56,0,79,3,4,0,5,0,55,1,4,0,600,4,9,0,51,3,478,6,6,1,12,2,0,0,1,0,1,0,2,0,0,0,0,0,69,0,2,0,0,0,1,0
2,91,0,32,0,10,1,7,2,2,0,1,1,10,5,35,0,27,0,3,0,0,0,1,0,22,0,8,0,5,0,0,2,147,0,0,2,17,12,23,8,0,1,885,0,518,7,116,3,90,1,350,0,61,1,63,0,15,0,1326,27,82,11,67,10,57,8,45,0,49,11,312,12,27,1,28,1,294,0,668,0,0,0,1,5,28,0,25,4,295,1,613,4,778,0,0,0,1,6,26,3,6,1,2,1,0,1,0,5,6,1,0,0,1,0,1,0,1,0,11,0,0,1,1,0,5,0,70,1,127,0,3,0,0,0,8,0,1,1,365,0,98,0,187,6,1962,0,35,0,67,0,0,0,0,0,0,1,28,0,1,0,0,0,22,1,1,4,1,0,0
242,1,14,1,7,0,10,0,1,0,0,0,15,0,19,3,0,0,3,0,0,0,0,0,0,0,0,0,0,0,1,0,14,0,0,0,4,4,4,0,1544,1,0,0,252,0,57,0,35,1,499,0,41,0,65,0,41,0,788,0,173,0,18,1,44,0,11,0,29,0,222,5,97,0,37,0,77,1,138,3,0,0,4,0,4,1,30,0,22,1,0,0,24,0,41,3,39,4,63,8,72,4,48,3,9,0,19,2,65,8,64,2,2,0,2,2,1,0,0,24,0,0,1,0,2,0,11,1,10,0,0,0,0,0,1,0,0,0,0,0,0,0,0,0,6,0,1,0,1,0,0,0,0,0,0,0,0,0,6,3,2,0,7,3,1,0,6,3,1,0
0,36,0,15,1,3,0,3,1,2,0,1,0,5,1,14,0,2,0,0,0,0,0,0,0,1,0,0,0,0,0,0,0,12,0,0,0,4,0,18,1,885,0,0,0,345,6,202,0,38,0,365,0,7,0,8,0,14,0,622,4,25,0,5,0,10,0,18,0,4,4,247,3,14,0,8,0,23,0,54,0,0,1,0,0,5,0,38,0,28,0,99,0,106,4,3,2,7,3,57,1,19,3,3,0,0,0,1,1,9,1,5,0,3,7,2,1,0,0,8,0,0,0,0,0,0,0,4,0,4,0,0,0,0,0,0,0,0,0,10,0,1,0,1,1,6,0,0,0,2,0,0,0,0,0,0,0,0,3,2,0,2,0,12,0,0,0,2,0,0
1,0,0,0,0,0,1,0,1,0,1,0,5,0,0,1,0,0,0,0,0,0,2,0,0,0,0,0,0,0,0,0,18,0,0,0,1,1,1,2,218,0,252,0,0,0,2,0,0,0,6,0,2,0,37,0,2,0,14,0,4,1,7,2,12,1,10,0,25,0,2,6,0,0,5,0,148,0,23,0,0,0,1,0,65,2,260,0,203,0,191,0,90,0,0,0,1,0,5,0,1,0,0,0,0,0,0,0,4,0,0,0,3,1,0,0,0,0,0,0,1,0,2,0,3,0,3,0,1,0,0,0,0,0,3,0,0,0,2,0,0,0,0,0,12,0,0,0,0,0,0,0,0,0,0,0,7,0,0,1,0,0,22,0,1,0,0,0,1,0
0,4,0,0,0,3,0,0,0,0,0,1,0,0,0,1,6,303,1,0,0,0,0,13,0,83,0,13,0,9,0,0,0,85,0,0,1,0,3,2,1,518,0,345,0,0,1,16,0,10,1,9,0,8,0,18,0,5,0,137,2,5,2,7,3,6,0,0,2,4,2,31,1,1,0,4,1,165,0,43,0,0,0,0,1,1,0,265,1,38,0,1515,0,96,0,0,0,0,0,2,0,0,0,0,0,0,0,0,0,1,0,0,0,0,0,0,0,0,0,0,0,0,0,0,0,4,0,0,0,4,0,0,0,0,0,1,0,0,0,23,0,9,0,14,0,39,0,1,0,4,0,0,0,0,0,0,6,109,0,0,0,0,0,0,0,0,0,0,1,0
0,0,0,0,0,0,0,0,0,0,0,0,0,0,0,0,0,0,0,0,0,0,0,0,0,0,0,0,0,0,0,0,0,13,0,0,130,2,239,18,41,7,57,6,2,1,0,1325,7711,891,5070,373,3316,92,2782,24,1033,10,257,64,0,2,146,5,53,1,1,0,6,3,728,195,0,0,0,0,1,2,0,0,0,0,1,1,2,9,1,0,36,31,0,4,117,71,18,0,0,0,0,1,47,0,19,1,0,0,0,0,1,0,0,0,0,0,59,0,0,0,0,0,0,0,1,0,0,0,0,0,0,0,0,0,0,0,0,0,0,0,0,2,0,0,1,1,4,3,0,0,0,0,0,0,0,0,0,0,0,0,0,0,0,0,0,0,0,0,0,0,0,0
0,2,0,1,0,3,0,0,0,0,0,0,0,1,2,0,0,2,0,0,0,0,0,0,0,2,0,4,0,4,0,0,0,121,0,0,2,18,252,450,30,116,0,202,0,16,1325,0,327,4864,133,4875,175,1156,291,630,38,849,21,414,2,5,22,24,21,3,1,1,4,20,278,1450,4,1,0,2,1,20,0,2,0,0,0,2,0,76,0,22,13,346,0,59,13,540,0,0,0,0,0,19,0,100,0,9,0,0,0,0,0,3,0,0,0,15,251,0,0,0,0,0,0,0,0,0,0,0,0,0,0,6,0,0,0,0,0,0,0,0,0,21,0,4,1,19,1,29,0,4,0,4,0,0,0,0,0,0,0,0,0,0,0,0,0,0,0,0,0,0,0,0
0,0,0,0,0,0,0,0,0,0,0,0,0,0,0,0,0,0,0,0,0,0,0,0,0,1,0,0,0,0,0,0,0,3,0,0,29,2,34,13,9,3,35,0,0,0,7711,327,0,243,762,12,2199,23,213,3,27,1,17,0,0,0,78,0,12,0,0,1,2,0,766,77,0,0,0,0,1,1,0,0,0,0,0,0,1,3,0,0,6,5,0,1,14,3,0,0,0,0,0,0,54,0,0,0,0,0,0,0,0,0,0,0,0,0,87,0,0,0,0,0,0,0,0,0,0,0,0,0,0,0,0,0,0,0,0,0,0,0,0,0,0,0,0,1,1,1,0,0,0,0,0,0,0,0,0,0,0,0,0,0,0,0,0,0,0,0,0,0,0,0
0,7,0,1,0,13,0,7,0,5,0,4,0,3,0,0,0,3,0,1,0,0,0,0,0,2,0,1,0,3,0,0,2,162,0,0,1,2,304,215,47,90,1,38,0,10,891,4864,243,0,139,735,78,2468,147,874,11,281,5,114,3,54,35,224,24,10,1,4,14,39,311,1487,0,0,1,2,1,48,0,1,0,0,0,24,0,206,0,18,20,334,0,50,16,180,0,0,0,0,0,11,0,18,0,1,0,0,0,0,0,0,0,0,0,5,61,1,0,0,0,0,0,0,0,0,0,0,0,1,0,24,0,0,0,0,0,0,0,0,0,34,0,15,0,19,2,43,0,2,0,6,0,0,0,0,0,0,0,0,0,0,0,0,0,1,0,0,0,0,0,0
37,0,7,0,8,2,2,0,5,0,0,0,14,0,10,1,0,0,11,0,1,0,1,0,1,0,0,0,1,0,0,0,19,0,0,0,15,1,37,12,495,1,499,0,6,1,5070,133,762,139,0,18,501,7,1414,0,1457,3,1255,0,97,0,118,2,64,0,50,0,111,1,565,58,34,2,95,1,59,0,5,0,0,0,0,1,44,0,9,0,168,1,6,0,225,2,112,0,0,0,5,0,18,0,170,0,0,0,0,0,0,0,0,0,0,0,3,1,0,0,0,3,0,0,1,0,7,0,6,0,55,1,3,0,3,0,15,0,1,0,219,3,15,0,29,1,128,1,2,0,10,0,0,0,0,0,0,1,3,0,0,0,0,0,1,0,1,0,0,0,0,0
1,12,0,3,0,0,0,0,0,0,0,1,0,3,0,5,0,1,0,0,0,0,0,0,0,0,0,0,0,0,0,0,0,30,0,0,0,1,26,33,7,350,0,365,0,9,373,4875,12,735,18,0,10,184,10,122,3,740,1,2636,1,11,1,5,1,8,0,12,0,6,31,572,1,7,0,8,0,6,0,2,0,0,0,1,0,17,0,1,0,124,0,25,1,490,0,0,0,0,0,15,0,143,0,207,0,0,0,0,0,0,0,0,0,45,61,34,0,0,0,0,0,0,0,0,0,0,0,0,0,147,0,11,0,0,0,0,0,0,0,8,0,4,0,52,0,79,0,12,0,15,0,0,0,0,0,0,0,0,0,0,0,0,0,1,0,0,0,0,0,0
0,0,0,0,1,0,0,0,0,0,0,0,0,0,0,0,0,0,0,0,0,0,0,0,0,0,0,0,0,0,0,0,2,1,0,0,35,3,59,27,105,0,41,0,2,0,3316,175,2199,78,501,10,0,1,2591,1,329,0,85,1,2,0,1031,4,35,0,4,1,6,1,852,250,1,1,1,0,6,1,0,0,0,0,0,1,6,3,1,0,28,2,1,1,138,1,0,0,0,0,0,0,96,0,0,0,0,0,0,0,0,0,0,0,0,0,174,0,0,0,0,0,0,0,0,0,0,0,1,0,0,0,1,0,0,0,0,0,0,0,1,0,0,0,3,0,15,0,0,0,0,0,0,0,0,0,2,0,0,0,0,0,0,0,0,0,0,0,0,0,0,0
0,24,0,14,1,41,0,40,0,63,0,23,1,11,1,4,0,2,1,1,0,0,0,0,0,5,0,1,0,4,0,1,0,236,0,0,2,0,53,103,7,61,0,7,0,8,92,1156,23,2468,7,184,1,0,4,3874,0,868,0,87,3,94,3,641,4,44,2,18,2,188,22,878,0,1,0,14,1,129,0,14,0,0,0,44,0,249,0,15,3,493,0,27,6,191,0,0,0,0,0,6,0,2,0,0,0,0,0,0,0,3,0,0,1,0,1,0,0,0,0,0,0,0,0,0,0,0,0,0,0,25,0,1,0,0,0,1,0,0,0,24,0,13,0,14,0,36,0,0,0,7,0,0,0,0,1,1,0,0,0,0,0,0,0,0,0,0,0,0,0,0
2,1,6,1,7,5,2,1,3,0,3,0,6,0,8,9,0,0,18,0,1,0,2,1,1,2,0,1,0,0,0,0,15,5,0,0,55,25,81,76,1554,1,65,0,37,0,2782,291,213,147,1414,10,2591,4,0,1,3270,1,1100,3,24,2,1319,11,993,0,13,1,396,2,1003,526,2,11,14,1,94,2,4,0,0,0,0,1,73,9,19,0,1247,5,22,0,1616,1,1,0,0,0,5,1,39,0,0,0,0,0,0,0,0,0,0,0,0,0,211,0,0,0,0,0,3,0,17,0,5,0,18,0,15,2,2,0,2,0,21,0,1,0,78,1,3,0,30,0,274,2,6,0,9,1,0,0,3,0,7,0,0,2,1,0,0,0,4,0,1,0,0,0,0,0
0,12,0,13,0,22,1,24,0,47,0,15,0,12,0,4,0,3,0,4,0,0,0,0,0,3,0,2,0,3,0,0,0,262,0,0,1,5,49,112,8,63,0,8,0,18,24,630,3,874,0,122,1,3874,1,0,1,2301,0,281,5,30,4,372,7,20,1,18,1,523,21,698,0,0,2,14,0,144,0,10,0,0,0,57,0,407,0,14,1,3172,0,30,1,676,0,0,0,0,0,6,1,1,0,0,0,0,0,0,0,0,0,0,1,0,3,0,0,0,0,0,0,0,0,0,0,0,0,1,0,16,0,0,0,0,0,3,0,0,0,17,0,11,0,10,1,28,0,2,0,5,0,0,0,0,0,1,0,1,0,0,0,0,0,0,0,0,0,0,0,0
0,0,1,0,0,0,0,0,0,0,0,0,1,0,0,0,0,0,0,1,0,0,0,0,0,0,0,0,0,0,0,0,1,0,0,0,1,0,1,10,146,0,41,0,2,0,1033,38,27,11,1457,3,329,0,3270,1,0,0,1429,0,2,0,12,1,12,0,1,0,13,0,217,36,0,0,1,0,13,0,0,0,0,0,0,0,1,0,0,0,400,0,0,0,445,0,0,0,0,0,1,0,9,0,0,0,0,0,0,0,0,0,0,0,0,0,11,0,0,0,0,0,1,0,0,0,0,0,2,0,1,0,0,0,1,0,0,0,0,0,2,0,0,0,0,0,12,0,0,0,1,0,0,0,0,0,0,0,0,0,0,0,0,0,0,0,0,0,0,0,0,0
0,2,0,0,0,0,0,0,0,1,0,0,0,2,0,0,0,2,0,0,0,0,0,0,0,1,0,0,0,0,0,0,0,43,0,0,0,0,6,16,2,15,0,14,0,5,10,849,1,281,3,740,0,868,1,2301,0,0,0,1614,1,0,0,8,0,1,0,0,0,5,3,119,0,0,0,1,0,7,0,0,0,0,0,2,0,44,0,4,0,336,0,8,0,744,0,0,0,0,0,0,0,2,0,0,0,0,0,0,0,0,0,0,0,0,0,0,0,0,0,0,0,0,0,0,0,0,0,0,0,1,0,0,0,0,0,0,0,0,0,5,0,4,0,2,0,7,0,0,0,0,0,0,0,0,0,0,0,0,0,0,0,0,0,0,0,0,0,0,0,0
0,0,0,0,0,0,0,0,0,0,0,0,1,0,0,0,0,0,0,0,0,0,0,0,0,0,0,0,0,0,1,0,9,0,0,0,0,0,3,4,739,0,788,0,14,0,257,21,17,5,1255,1,85,0,1100,0,1429,0,0,0,1,0,19,2,14,0,6,0,14,0,132,51,0,0,1,0,14,0,1,0,0,0,0,0,6,2,83,0,294,3,81,0,1349,1,0,0,0,0,2,0,11,0,0,0,0,0,1,0,1,0,0,0,0,0,12,0,0,0,0,0,0,0,1,0,0,0,0,0,1,0,0,0,0,0,0,0,0,0,3,0,1,1,0,0,17,0,0,0,0,0,0,0,0,0,0,0,1,0,0,0,0,0,0,0,0,0,0,0,0,0
0,0,0,0,0,1,0,0,0,0,0,0,0,0,0,0,0,4,0,0,0,0,0,0,0,2,0,0,0,0,0,0,0,27,0,0,0,0,10,19,3,1326,0,622,0,137,64,414,0,114,0,2636,1,87,3,281,0,1614,0,0,2,1,2,8,3,0,0,1,1,9,10,319,0,0,0,1,0,4,0,0,0,0,0,0,0,18,0,0,2,141,0,142,2,1649,0,0,0,0,0,3,0,4,0,25,0,0,0,0,0,0,0,0,0,0,5,6,0,0,0,0,1,0,0,0,0,0,0,0,0,3,0,0,0,0,0,0,0,0,0,13,0,1,0,7,0,12,0,0,0,0,0,0,0,0,0,0,0,0,0,0,0,0,0,0,0,0,0,0,0,0
6534,58,209,39,448,6,1023,3,615,2,62,0,2174,3,380,201,0,0,77,5,2,0,1,2,2,3,0,0,1,0,7,0,430,13,0,0,411,237,54,30,479,27,173,4,4,2,0,2,0,3,97,1,2,3,24,5,2,1,1,2,0,81,752,20,2495,54,1080,41,146,21,266,296,755,227,660,8,1146,20,218,6,0,0,25,1,193,34,53,0,84,37,1,2,34,18,9,1,4,0,101,5,44,0,16,0,1,0,3,0,26,3,8,2,1,1,1,1,0,0,0,1,2,0,50,0,9,0,178,6,652,21,60,0,1,0,16,1,2,0,25,5,38,2,115,9,1088,39,27,1,152,4,1,0,3,1,14,3,1,0,0,0,0,0,23,1,0,0,2,0,3,0
19,5447,4,261,1,228,3,379,3,185,1,14,7,1138,29,152,0,0,5,16,0,0,1,0,0,1,0,0,0,0,0,0,1,352,0,0,12,165,9,20,16,82,0,25,1,5,2,5,0,54,0,11,0,94,2,30,0,0,0,1,81,0,22,887,17,773,23,1862,1,216,30,406,81,231,8,138,6,744,1,93,0,0,0,33,9,253,0,14,8,59,3,3,6,11,1,1,3,0,0,27,1,0,0,0,0,0,0,1,0,14,1,0,8,0,1,0,0,0,0,7,0,0,0,2,0,1,1,66,1,256,0,29,0,0,0,4,0,0,0,17,0,20,2,55,10,139,0,25,0,33,0,0,1,0,4,3,0,1,1,0,0,0,1,5,0,0,1,2,1,0
16,11,26,7,14,3,25,0,29,1,7,0,26,0,105,65,1,1,29,3,0,0,5,0,3,1,1,0,0,0,0,0,41,8,0,0,514,93,385,141,252,11,18,0,7,2,146,22,78,35,118,1,1031,3,1319,4,12,0,19,2,752,22,0,42,2451,15,67,5,480,21,1425,745,90,15,36,3,162,17,18,1,0,0,18,1,110,19,24,3,104,37,3,1,131,16,0,0,0,0,5,0,21,0,0,0,0,0,1,0,2,0,0,0,1,0,13,0,0,0,0,2,1,0,12,0,3,0,30,0,60,5,6,1,1,0,8,1,1,0,20,6,8,5,24,4,293,9,1,1,26,2,0,0,3,0,18,0,2,0,1,0,0,0,1,0,0,0,0,0,1,0
2,104,0,59,0,79,0,158,1,185,0,14,4,109,1,12,0,0,3,8,0,0,0,1,0,5,0,1,1,1,0,0,4,340,0,0,9,13,63,159,30,67,1,5,2,7,5,24,0,224,2,5,4,641,11,372,1,8,2,8,20,887,42,0,33,804,6,158,5,894,46,1834,3,13,3,32,3,274,0,32,0,0,0,21,8,179,0,9,8,297,0,11,10,76,0,1,0,0,0,4,1,2,0,0,0,0,0,1,1,1,0,0,0,1,8,0,0,0,0,1,0,0,1,0,0,0,3,7,2,29,0,0,0,0,0,0,0,0,0,19,0,13,0,25,3,30,0,4,0,10,0,0,0,0,0,3,0,1,0,0,0,0,1,0,0,0,0,2,0,0
100,5,77,15,106,4,170,0,213,1,57,0,360,0,33,34,0,0,85,6,3,0,3,0,3,2,1,0,0,0,7,0,330,13,0,0,90,55,87,75,331,10,44,0,12,3,53,21,12,24,64,1,35,4,993,7,12,0,14,3,2495,17,2451,33,0,9,947,6,1959,16,216,497,15,11,75,5,424,5,59,2,0,0,6,3,79,10,29,1,655,26,3,3,162,11,1,0,2,0,23,2,14,0,4,0,0,0,1,0,4,0,2,0,0,0,7,0,0,0,0,0,2,0,7,0,6,0,29,1,78,4,8,0,4,0,7,0,0,0,15,3,7,3,20,4,224,9,4,1,17,1,0,0,2,1,12,3,0,0,0,0,0,0,6,0,1,0,0,0,0,0
3,65,0,12,0,13,0,162,1,119,1,9,2,481,2,12,1,0,1,1,0,0,0,0,0,1,0,0,0,1,0,1,3,490,0,0,2,15,8,13,11,57,0,10,1,6,1,3,0,10,0,8,0,44,0,20,0,1,0,0,54,773,15,804,9,0,8,1493,1,881,15,95,21,17,5,21,1,188,0,23,0,0,0,12,6,168,0,5,4,416,0,3,0,55,1,0,0,0,0,6,0,0,0,0,0,0,0,0,0,1,0,1,0,0,0,0,1,0,0,1,0,0,0,1,0,0,0,10,0,53,0,1,0,1,1,0,0,0,0,21,0,12,0,24,7,82,0,10,1,25,0,0,0,0,0,3,0,1,0,0,0,0,0,0,0,0,0,0,0,0
34,2,8,0,1,2,28,0,23,1,7,0,619,0,0,0,2,0,6,0,1,0,4,0,2,0,2,1,3,0,1,0,430,3,0,0,15,36,27,20,214,8,11,0,10,0,1,1,0,1,50,0,4,2,13,1,1,0,6,0,1080,23,67,6,947,8,0,5,142,7,48,79,13,32,27,1,211,6,11,1,0,0,57,0,995,5,31,2,632,5,7,0,131,6,0,0,0,0,7,0,2,0,0,0,0,0,0,0,1,0,0,0,0,0,0,0,0,0,0,1,1,0,7,0,4,0,13,0,27,2,0,0,0,0,4,0,1,0,13,2,7,0,11,0,175,5,0,0,26,0,0,0,0,0,0,0,2,0,0,0,0,0,4,0,0,0,0,0,0,0
5,288,3,37,0,5,0,35,1,22,0,0,3,886,5,156,0,0,3,2,0,0,0,0,0,0,0,0,0,0,0,0,1,718,0,0,2,60,2,3,7,45,0,18,0,0,0,1,1,4,0,12,1,18,1,18,0,0,0,1,41,1862,5,158,6,1493,5,0,1,462,17,55,60,67,3,34,1,342,2,30,0,0,0,56,0,902,0,6,1,418,0,1,1,51,1,0,0,0,0,12,1,0,0,0,0,0,0,0,0,4,0,1,1,1,1,0,0,1,0,1,0,0,1,1,1,0,0,12,1,125,0,6,0,0,0,0,0,0,0,5,0,9,0,30,3,100,0,19,0,30,0,0,0,0,0,0,0,2,0,0,0,0,0,3,0,0,0,0,0,0
18,4,43,13,67,3,26,1,49,2,21,0,47,1,32,28,3,1,66,8,1,0,6,0,4,1,2,0,1,0,6,0,109,3,0,0,39,19,14,8,414,0,29,0,25,2,6,4,2,14,111,0,6,2,396,1,13,0,14,1,146,1,480,5,1959,1,142,1,0,2,78,125,6,5,51,7,336,2,51,0,0,0,1,0,96,2,20,0,1482,2,21,0,168,4,2,0,1,0,20,0,13,0,4,0,0,0,0,0,5,0,1,0,2,0,1,0,0,0,0,0,4,0,7,0,7,0,25,0,71,3,9,0,1,0,8,0,0,0,46,0,3,0,33,1,188,0,5,0,11,1,1,0,2,0,14,1,3,1,0,1,0,0,3,0,0,0,0,0,0,0
1,25,0,15,0,23,1,88,0,90,0,9,1,128,1,3,0,0,0,1,0,0,0,0,0,0,0,0,0,0,0,0,2,416,0,0,2,10,53,102,9,49,0,4,0,4,3,20,0,39,1,6,1,188,2,523,0,5,0,9,21,216,21,894,16,881,7,462,2,0,16,333,1,2,2,24,0,172,1,18,0,0,0,19,1,399,0,2,3,2753,0,13,4,165,0,0,0,0,0,3,0,0,0,0,0,0,0,0,0,2,0,0,0,0,0,0,0,0,0,0,0,0,0,0,0,0,0,1,0,23,0,0,0,0,1,1,0,0,0,19,0,7,0,13,7,49,0,2,0,4,0,0,0,0,0,1,0,0,0,0,0,0,0,0,0,1,0,0,0,0
2,14,4,6,1,1,2,0,1,2,0,0,13,2,357,35,3,2,26,2,5,0,2,5,0,9,0,3,0,0,0,0,13,13,0,0,4074,229,2780,294,260,11,222,4,2,2,728,278,766,311,565,31,852,22,1003,21,217,3,132,10,266,30,1425,46,216,15,48,17,78,16,0,1205,780,78,37,7,32,18,2,0,0,0,2,1,46,32,1,0,140,39,1,2,163,19,2,0,0,0,2,2,54,3,0,0,0,0,0,0,0,2,0,0,1,3,41,0,0,0,0,1,2,0,3,0,2,0,18,2,38,12,1,0,1,0,6,0,0,0,5,11,4,2,8,10,124,15,2,1,10,0,1,0,26,1,89,1,2,0,0,0,0,0,3,0,0,0,0,0,0,0
20,131,9,216,7,246,9,104,8,106,1,12,23,44,28,153,1,5,17,32,1,0,2,0,1,7,0,6,1,2,1,1,21,265,0,0,84,810,568,1377,313,312,5,247,6,31,195,1450,77,1487,58,572,250,878,526,698,36,119,51,319,296,406,745,1834,497,95,79,55,125,333,1205,0,143,241,13,80,48,407,7,82,0,0,3,38,90,341,9,29,214,431,3,69,330,457,1,0,1,0,1,21,3,88,2,0,0,0,0,4,0,13,0,2,2,2,527,1,0,1,0,6,1,0,3,4,2,1,6,44,5,121,1,23,3,0,2,13,1,2,13,52,3,40,7,60,67,143,0,10,5,35,0,0,3,0,6,8,3,8,0,0,0,0,1,0,0,0,0,3,0,0
732,99,77,86,9,0,38,3,11,3,0,2,97,9,1485,558,5,4,38,4,2,0,2,13,3,24,0,13,0,0,1,0,14,15,0,0,1216,590,3,6,110,12,97,3,0,1,0,4,0,0,34,1,1,0,2,0,0,0,0,0,755,81,90,3,15,21,13,60,6,1,780,143,0,292,634,50,232,15,80,7,0,0,0,0,4,26,1,0,3,10,0,0,0,2,14,1,5,1,80,3,28,1,4,1,0,0,2,1,16,1,3,0,1,1,2,1,0,0,0,0,0,0,30,0,5,0,89,2,587,32,57,0,1,0,14,1,0,0,1,1,24,1,54,6,511,30,19,6,58,6,3,0,46,0,134,0,6,1,1,0,1,0,2,1,0,1,2,0,2,0
51,448,21,325,4,104,8,40,6,36,0,1,17,32,64,1297,1,0,13,37,0,0,0,1,0,4,0,0,0,1,0,0,4,62,0,0,73,533,3,2,3,27,0,14,0,1,0,1,0,0,2,7,1,1,11,0,0,0,0,0,227,231,15,13,11,17,32,67,5,2,78,241,292,0,22,71,10,241,3,37,0,0,1,2,4,29,2,0,1,10,0,0,3,3,0,1,1,0,1,11,0,0,1,0,0,0,0,1,0,4,2,0,4,0,0,0,2,1,0,7,0,0,1,3,0,0,3,45,1,118,1,13,0,0,1,5,0,1,0,2,0,7,0,26,11,101,0,15,1,21,0,0,3,0,12,8,0,0,0,1,0,0,0,2,0,0,0,3,1,0
1299,32,1153,311,1828,137,340,26,809,24,126,8,90,4,602,146,49,14,1894,187,351,4,289,26,160,21,23,22,38,0,34,2,467,6,0,0,213,106,3,4,94,1,37,0,5,0,0,0,0,1,95,0,1,0,14,2,1,0,1,0,660,8,36,3,75,5,27,3,51,2,37,13,634,22,0,156,2744,40,746,3,0,0,9,0,18,7,17,0,34,2,1,1,5,1,20,1,18,0,205,1,36,2,22,2,1,0,7,0,110,3,8,0,32,8,10,3,5,2,2,26,28,0,113,4,365,4,1107,7,631,5,289,1,58,0,333,5,56,0,1,0,13,0,22,3,1169,11,73,0,68,1,13,2,159,33,138,61,68,0,7,4,4,2,22,0,16,0,11,3,8,0
14,791,54,1883,29,1687,3,775,11,1064,5,661,0,190,43,437,10,9,228,391,127,7,87,55,17,273,2,498,1,56,2,94,48,387,0,0,64,263,0,4,0,28,0,8,0,4,0,2,0,2,1,8,0,14,1,14,0,1,0,1,8,138,3,32,5,21,1,34,7,24,7,80,50,71,156,0,53,2711,5,1076,0,0,0,0,3,20,1,1,3,7,0,1,2,3,4,1,2,4,6,14,2,0,0,0,0,0,1,5,5,15,0,0,56,11,0,2,7,12,2,25,0,30,0,39,2,118,6,572,1,468,2,134,0,7,5,258,0,24,0,3,0,10,0,34,4,593,0,66,0,52,28,17,111,81,97,179,5,159,0,1,1,2,0,13,0,3,3,3,9,1
2044,16,1304,92,1031,57,241,6,457,11,391,2,696,3,591,101,128,35,715,73,143,0,222,5,236,5,67,6,93,0,52,2,1204,5,0,0,41,66,10,8,441,1,77,0,148,1,1,1,1,1,59,0,6,1,94,0,13,0,14,0,1146,6,162,3,424,1,211,1,336,0,32,48,232,10,2744,53,0,15,1801,23,0,0,167,0,412,1,62,0,714,5,137,0,263,1,37,1,22,0,256,0,54,2,31,1,3,0,11,1,192,5,27,1,50,4,7,4,2,2,0,53,2,0,15,0,105,1,292,6,185,1,121,2,37,0,123,1,20,0,36,0,16,1,35,2,224,8,13,0,21,1,16,1,58,15,18,19,385,12,7,5,9,1,76,0,20,0,17,5,10,0
7,1718,17,2492,8,1118,0,310,6,609,1,1324,0,687,41,640,16,94,80,199,11,3,8,31,0,389,0,630,0,418,0,106,11,2596,0,0,10,196,11,7,6,294,1,23,0,165,2,20,1,48,0,6,1,129,2,144,0,7,0,4,20,744,17,274,5,188,6,342,2,172,18,407,15,241,40,2711,15,0,2,1914,0,0,0,11,5,130,0,42,3,158,0,73,5,44,4,6,6,11,22,32,5,1,13,2,1,0,2,22,30,63,2,2,159,20,16,5,10,29,1,127,0,26,1,36,0,209,5,592,1,166,1,98,0,29,6,460,0,41,1,13,0,15,0,12,6,406,0,19,1,13,7,7,20,11,29,96,20,255,1,12,0,4,0,51,1,14,14,26,14,0
483,2,231,13,176,6,41,2,59,1,33,0,70,0,127,19,0,0,134,10,11,0,5,0,4,0,4,0,4,0,10,1,49,1,0,0,6,11,0,0,565,0,138,0,23,0,0,0,0,0,5,0,0,0,4,0,0,0,1,0,218,1,18,0,59,0,11,2,51,1,2,7,80,3,746,5,1801,2,0,8,0,0,3,0,13,0,3,0,38,0,3,0,10,0,61,2,31,0,360,4,64,2,47,3,4,1,25,2,406,10,39,4,49,7,11,4,5,7,2,85,19,0,11,0,43,0,83,4,65,0,71,2,14,0,60,0,4,1,4,0,2,0,1,0,95,1,7,0,2,1,0,0,5,2,1,9,83,1,7,5,7,2,202,1,33,0,18,5,18,0
7,359,6,517,4,183,1,55,0,40,0,10,0,104,20,223,17,1,16,26,0,0,0,0,0,1,0,5,0,7,0,1,1,45,0,0,3,38,0,2,1,668,3,54,0,43,0,2,0,1,0,2,0,14,0,10,0,0,0,0,6,93,1,32,2,23,1,30,0,18,0,82,7,37,3,1076,23,1914,8,0,0,0,0,1,0,5,0,2,2,7,0,4,0,5,28,4,31,32,52,63,31,4,29,6,2,1,10,40,106,219,5,1,432,38,39,17,36,75,9,347,0,8,0,9,2,134,1,175,0,115,1,88,0,16,4,208,0,18,0,1,0,0,0,1,2,72,0,5,0,2,0,0,5,1,2,2,51,177,19,28,0,14,0,294,4,25,20,111,48,5
0,0,0,0,0,0,0,0,0,0,0,0,0,0,0,0,0,0,0,0,0,0,0,0,0,0,0,0,0,0,0,0,0,0,0,0,0,0,0,0,0,0,0,0,0,0,0,0,0,0,0,0,0,0,0,0,0,0,0,0,0,0,0,0,0,0,0,0,0,0,0,0,0,0,0,0,0,0,0,0,0,0,0,0,0,0,0,0,0,0,0,0,0,0,0,0,0,0,0,0,0,0,0,0,0,0,0,0,0,0,0,0,0,0,0,0,0,0,0,0,0,0,0,0,0,0,0,0,0,0,0,0,0,0,0,0,0,0,0,0,0,0,0,0,0,0,0,0,0,0,0,0,0,0,0,0,0,0,0,0,0,0,0,0,0,0,0,0,0,0
0,0,0,0,0,0,0,0,0,0,0,0,0,0,0,0,0,0,0,0,0,0,0,0,0,0,0,0,0,0,0,0,0,0,0,0,0,0,0,0,0,0,0,0,0,0,0,0,0,0,0,0,0,0,0,0,0,0,0,0,0,0,0,0,0,0,0,0,0,0,0,0,0,0,0,0,0,0,0,0,0,0,0,0,0,0,0,0,0,0,0,0,0,0,0,0,0,0,0,0,0,0,0,0,0,0,0,0,0,0,0,0,0,0,0,0,0,0,0,0,0,0,0,0,0,0,0,0,0,0,0,0,0,0,0,0,0,0,0,0,0,0,0,0,0,0,0,0,0,0,0,0,0,0,0,0,0,0,0,0,0,0,0,0,0,0,0,0,0,0
2,0,0,0,0,1,0,0,0,0,0,0,207,0,0,0,0,0,2,0,1,0,2,0,0,0,0,0,0,0,0,0,196,0,0,0,2,2,0,1,33,0,4,1,1,0,1,0,0,0,0,0,0,0,0,0,0,0,0,0,25,0,18,0,6,0,57,0,1,0,2,3,0,1,9,0,167,0,3,0,0,0,0,0,271,0,0,0,5,0,0,0,1,0,1,0,0,0,0,0,0,0,0,0,0,0,0,0,0,0,0,0,0,0,0,0,0,0,0,0,0,0,0,0,0,0,0,0,5,0,0,0,0,0,0,0,0,0,4,0,1,0,1,0,9,0,0,0,3,0,0,0,1,0,0,0,1,1,0,0,0,0,1,0,0,0,0,0,0,0
0,2,0,0,0,0,0,0,0,0,0,0,0,309,0,5,0,0,0,0,0,0,0,0,0,0,0,0,0,0,0,0,0,501,0,0,0,0,1,2,2,1,0,0,0,0,1,2,0,24,1,1,1,44,1,57,0,2,0,0,1,33,1,21,3,12,0,56,0,19,1,38,0,2,0,0,0,11,0,1,0,0,0,0,0,802,0,107,2,19,0,0,1,4,0,0,0,0,0,0,0,0,0,0,0,0,0,0,0,0,0,0,0,0,0,0,0,0,0,0,0,0,0,0,0,0,0,0,0,0,0,0,0,0,0,0,0,0,0,0,0,0,0,0,0,2,0,0,0,0,0,0,0,0,0,0,0,1,0,0,0,0,0,0,0,0,0,0,0,0
6,2,33,3,13,2,3,1,3,0,52,1,698,0,2,1,6,1,13,1,21,0,42,1,41,0,3,0,33,0,0,0,615,5,0,0,25,13,27,21,135,5,4,0,65,1,2,0,1,0,44,0,6,0,73,0,1,0,6,0,193,9,110,8,79,6,995,0,96,1,46,90,4,4,18,3,412,5,13,0,0,0,271,0,0,2,950,0,3277,6,155,1,331,2,0,0,1,0,2,0,2,0,0,0,0,0,0,0,3,0,0,0,1,0,1,0,0,1,0,0,1,0,1,0,1,0,6,0,23,2,2,0,3,0,3,0,0,0,17,0,7,1,15,0,67,1,0,0,12,0,1,0,4,1,1,0,12,0,0,0,0,0,6,0,1,0,0,0,0,0
3,31,0,2,1,4,1,4,0,0,0,0,2,646,1,29,0,0,2,0,0,0,0,0,0,0,0,0,1,0,0,0,2,1087,0,0,4,24,16,17,15,28,1,5,2,1,9,76,3,206,0,17,3,249,9,407,0,44,2,18,34,253,19,179,10,168,5,902,2,399,32,341,26,29,7,20,1,130,0,5,0,0,0,802,2,0,0,1157,6,3103,0,114,14,144,0,0,0,0,0,1,0,0,0,1,0,0,0,0,0,0,0,0,0,0,0,0,0,0,0,0,0,0,0,0,0,0,1,1,2,9,0,0,0,0,0,0,0,0,0,5,0,3,0,8,2,9,0,2,0,4,0,0,0,0,0,0,0,0,0,0,0,0,0,0,0,0,0,0,0,0
38,0,38,1,21,0,19,0,2,0,12,0,43,0,26,4,1,1,6,0,6,0,20,1,25,0,1,0,17,0,1,0,651,0,0,0,1,1,1,1,213,0,30,0,260,0,1,0,0,0,9,0,1,0,19,0,0,0,83,0,53,0,24,0,29,0,31,0,20,0,1,9,1,2,17,1,62,0,3,0,0,0,0,0,950,0,0,0,443,0,449,0,62,0,0,0,0,0,1,0,0,0,0,0,0,0,0,0,0,0,0,0,0,1,0,0,0,0,0,0,0,0,1,0,0,0,0,0,6,0,1,0,0,0,1,0,0,0,1,0,0,0,2,0,14,0,2,0,2,0,0,0,1,0,1,0,7,2,0,0,0,0,1,0,0,0,0,0,0,0
0,0,0,0,0,0,0,0,0,0,0,0,0,29,0,0,0,10,0,0,0,0,0,0,0,2,0,0,0,0,0,0,0,515,0,0,1,2,2,4,1,25,0,38,0,265,0,22,0,18,0,1,0,15,0,14,0,4,0,0,0,14,3,9,1,5,2,6,0,2,0,29,0,0,0,1,0,42,0,2,0,0,0,107,0,1157,0,0,1,51,0,332,0,9,0,0,0,0,0,0,0,0,0,0,0,0,0,0,0,0,0,0,0,0,0,0,0,0,0,0,0,0,0,0,0,0,0,0,0,0,0,0,0,0,0,0,0,0,0,3,0,1,0,3,0,4,0,0,0,0,0,0,0,0,0,0,0,0,0,0,0,0,0,0,0,0,0,0,0,0
5,0,30,2,40,1,24,1,40,0,42,0,94,0,4,2,12,2,29,1,29,0,53,1,56,0,7,0,20,0,1,0,634,4,0,0,16,15,43,26,544,4,22,0,203,1,36,13,6,20,168,0,28,3,1247,1,400,0,294,2,84,8,104,8,655,4,632,1,1482,3,140,214,3,1,34,3,714,3,38,2,0,0,5,2,3277,6,443,1,0,5,377,0,5040,5,2,0,1,0,7,0,4,1,1,0,0,0,1,0,1,0,0,0,0,1,3,0,0,0,0,3,2,0,11,0,4,0,15,0,41,2,3,0,1,0,11,0,0,0,58,0,0,1,33,1,216,1,1,0,11,0,4,0,7,0,1,3,23,3,0,0,0,0,4,0,0,0,1,0,0,0
2,6,0,1,0,1,1,4,0,8,0,1,3,35,0,6,0,11,0,0,0,0,0,0,1,4,0,0,0,3,0,0,0,749,0,0,1,17,48,149,33,295,1,28,0,38,31,346,5,334,1,124,2,493,5,3172,0,336,3,141,37,59,37,297,26,416,5,418,2,2753,39,431,10,10,2,7,5,158,0,7,0,0,0,19,6,3103,0,51,5,0,0,461,14,2571,0,0,0,0,0,4,0,1,0,4,0,0,0,0,0,0,0,0,0,0,0,0,0,0,0,0,0,0,0,0,0,0,0,1,0,14,0,1,0,0,0,0,0,0,0,27,0,6,0,18,5,45,0,2,0,3,0,0,0,0,0,1,0,1,0,0,0,0,0,0,0,0,0,0,0,0
0,0,1,0,1,0,1,0,2,0,10,0,2,0,0,0,13,3,1,0,3,0,21,2,27,0,2,0,10,0,0,0,611,0,0,0,0,0,1,0,113,1,0,0,191,0,0,0,0,0,6,0,1,0,22,0,0,0,81,0,1,3,3,0,3,0,7,0,21,0,1,3,0,0,1,0,137,0,3,0,0,0,0,0,155,0,449,0,377,0,0,0,163,0,0,0,0,0,2,0,0,0,0,0,0,0,0,0,1,0,0,0,2,0,0,0,0,0,0,0,0,0,0,0,0,0,1,0,1,0,0,0,0,0,0,0,0,0,0,0,0,0,0,0,6,0,0,0,0,0,0,0,1,0,0,0,9,0,0,0,0,0,1,0,0,0,0,0,0,0
0,1,0,0,0,0,0,0,0,0,0,0,0,0,0,0,0,80,0,0,0,0,0,1,0,14,0,0,0,2,0,0,0,490,0,0,0,0,5,5,2,613,0,99,0,1515,4,59,1,50,0,25,1,27,0,30,0,8,0,142,2,3,1,11,3,3,0,1,0,13,2,69,0,0,1,1,0,73,0,4,0,0,0,0,1,114,0,332,0,461,0,0,3,427,0,0,0,0,0,3,0,0,0,0,0,0,0,0,0,0,0,0,0,0,0,0,0,1,0,0,0,0,0,0,1,0,0,0,0,7,0,0,0,0,0,0,0,0,0,16,0,6,0,19,1,29,0,2,0,3,0,0,0,0,0,0,0,3,0,0,0,0,0,0,0,0,0,0,0,0
3,0,7,1,6,0,6,0,5,1,10,1,31,0,0,0,5,1,6,0,3,0,8,0,13,0,0,0,2,0,0,0,239,7,0,0,15,12,59,31,501,4,24,0,90,0,117,13,14,16,225,1,138,6,1616,1,445,0,1349,2,34,6,131,10,162,0,131,1,168,4,163,330,0,3,5,2,263,5,10,0,0,0,1,1,331,14,62,0,5040,14,163,3,0,12,1,0,0,0,3,1,5,0,0,0,0,0,0,0,2,0,0,0,0,0,4,0,0,0,0,0,2,0,5,0,3,0,6,0,7,2,3,0,1,0,6,0,0,0,8,1,0,2,5,3,76,2,0,0,2,0,2,0,1,0,0,0,1,1,0,0,0,0,2,0,0,0,0,1,0,0
1,1,1,2,0,1,0,1,0,1,0,1,0,7,0,0,1,6,0,0,1,0,0,1,0,4,0,1,0,3,0,0,2,142,0,0,0,7,27,57,20,778,0,106,0,96,71,540,3,180,2,490,1,191,1,676,0,744,1,1649,18,11,16,76,11,55,6,51,4,165,19,457,2,3,1,3,1,44,0,5,0,0,0,4,2,144,0,9,5,2571,0,427,12,0,0,0,0,0,0,5,0,3,0,10,0,0,0,0,0,1,0,0,0,0,0,2,0,0,0,0,0,0,0,0,0,0,2,0,0,5,0,0,0,0,0,0,0,0,2,27,0,6,0,19,3,50,0,0,0,2,0,0,0,0,0,0,0,2,0,0,0,0,0,0,0,0,0,1,0,0
24,1,13,3,3,0,2,0,0,0,0,0,0,2,5,0,0,0,2,0,0,0,0,0,0,0,0,1,0,0,0,0,2,0,0,0,0,2,0,0,5,0,41,4,0,0,18,0,0,0,112,0,0,0,1,0,0,0,0,0,9,1,0,0,1,1,0,1,2,0,2,1,14,0,20,4,37,4,61,28,0,0,1,0,0,0,0,0,2,0,0,0,1,0,0,83,2243,85,86,78,540,113,3763,84,149,4,1000,55,1604,178,503,35,57,32,95,106,215,31,6,48,0,0,0,0,1,0,21,9,5,7,13,0,0,0,4,0,0,0,0,0,1,0,0,0,5,0,2,0,2,0,0,0,0,0,0,1,2,0,41,21,3,5,12,7,11,7,3,14,4,0
0,1,0,0,0,1,0,0,0,0,0,0,0,0,0,1,0,0,0,0,0,0,0,0,0,0,0,0,0,0,0,0,0,0,0,0,0,1,0,0,0,0,3,3,0,0,0,0,0,0,0,0,0,0,0,0,0,0,0,0,1,1,0,1,0,0,0,0,0,0,0,0,1,1,1,1,1,6,2,4,0,0,0,0,0,0,0,0,0,0,0,0,0,0,83,0,32,2721,14,205,62,490,86,2480,6,93,23,575,43,636,17,1897,9,20,112,74,189,21,29,8,0,0,0,0,0,0,1,3,0,4,0,0,0,0,0,0,0,0,0,0,0,0,0,0,0,1,0,0,0,0,0,0,0,0,1,0,0,0,3,1,0,0,1,0,0,1,0,4,0,0
12,1,9,6,2,1,1,0,1,0,0,0,1,0,0,3,0,0,2,1,1,0,0,0,0,0,0,0,0,0,0,0,0,0,0,0,0,0,0,0,4,0,39,2,1,0,0,0,0,0,0,0,0,0,0,0,0,0,0,0,4,3,0,0,2,0,0,0,1,0,0,1,5,1,18,2,22,6,31,31,0,0,0,0,1,0,0,0,1,0,0,0,0,0,2243,32,0,56,58,26,241,51,671,47,1899,3,1997,28,1481,89,263,24,55,24,66,57,174,31,5,51,0,0,0,0,1,0,15,11,8,1,3,0,0,0,3,1,0,0,0,0,0,0,0,0,1,0,2,0,0,1,0,0,0,0,0,0,0,0,44,22,2,1,13,2,13,5,1,19,2,0
1,4,0,5,0,1,0,2,0,1,0,0,0,1,1,4,0,0,0,0,0,0,0,0,0,0,0,0,0,0,0,0,0,0,0,0,0,2,0,0,0,1,4,7,0,0,0,0,0,0,0,0,0,0,0,0,0,0,0,0,0,0,0,0,0,0,0,0,0,0,0,0,1,0,0,4,0,11,0,32,0,0,0,0,0,0,0,0,0,0,0,0,0,0,85,2721,56,0,17,150,65,96,85,576,10,1010,29,2025,52,1187,22,941,34,32,100,102,268,40,64,22,0,0,0,0,0,0,1,10,0,18,0,4,0,0,0,2,0,0,0,0,0,0,0,0,0,1,0,0,0,0,0,0,0,0,0,0,0,0,2,3,0,0,1,5,0,0,2,5,0,0
211,10,56,12,39,4,13,1,17,1,6,0,11,0,49,11,0,0,26,5,5,0,0,0,0,0,0,0,0,0,0,0,8,1,0,0,2,4,0,0,8,6,63,3,5,0,0,0,0,0,5,0,0,0,5,0,1,0,2,0,101,0,5,0,23,0,7,0,20,0,2,1,80,1,205,6,256,22,360,52,0,0,0,0,2,0,1,0,7,0,2,0,3,0,86,14,58,17,0,76,1236,56,202,24,12,2,23,10,434,107,35,4,197,360,184,23,19,24,1,97,2,0,2,1,19,0,126,11,197,10,132,6,6,0,79,0,10,0,0,0,7,0,2,0,50,2,32,0,11,0,0,0,1,0,0,0,17,1,168,80,11,11,86,17,117,26,12,53,33,1
2,68,1,45,0,12,2,2,0,1,0,0,0,7,2,40,0,0,0,3,0,0,0,0,0,1,0,0,0,0,0,0,0,1,0,0,1,6,0,1,2,26,8,57,0,2,1,19,0,11,0,15,0,6,1,6,0,0,0,3,5,27,0,4,2,6,0,12,0,3,2,21,3,11,1,14,0,32,4,63,0,0,0,0,0,1,0,0,0,4,0,3,1,5,78,205,26,150,76,0,167,1074,134,234,11,7,31,79,122,534,22,116,60,573,207,65,51,36,14,56,0,0,0,0,0,1,0,17,0,164,1,46,0,0,1,12,1,2,0,5,0,1,0,18,0,17,0,8,0,6,0,0,0,0,0,0,0,0,9,7,0,1,3,8,0,0,4,28,4,1
