0,147,2279,75,1192,53,728,18,220,5,0,0,319,15,808,437,1,0,19,10,0,0,0,0,0,0,0,0,0,0,0,0,870,41,0,0,227,177,33,0,16,3,0,0,1,3,5,0,8,2,0,0,17,0,4,0,0,0,0,2,5891,28,98,7,94,3,248,4,69,2,193,29,761,49,139,12,104,37,11,7,0,0,80,1,236,0,24,1,46,0,0,0,3,0,0,1,1,0,0,0,1,1,0,2,0,0,1,2,0,0,0,1,2,1,0,0,0,0,0,0,0,0,28,5,15,0,5,2,56,10,6,0,0,0,101,12,20,2,0,1,0,0,0,0,61,13,24,5,16,3,0,0,0,0,23,6,0,0,16,5,13,2,49,9,82,12,0,1,9,3
147,0,38,2154,22,1338,15,338,1,16,0,0,3,663,111,1143,0,0,3,5,0,0,0,0,0,0,0,0,0,0,0,0,57,555,0,0,78,372,4,15,1,8,0,0,1,11,2,4,1,24,0,6,3,11,0,3,0,1,0,2,177,2697,19,160,8,72,2,666,1,112,41,293,157,628,20,70,10,376,2,49,0,0,0,11,2,246,6,6,1,29,0,0,0,0,0,0,0,0,3,1,1,0,0,0,1,0,3,0,0,0,3,1,2,0,0,0,0,0,0,1,0,0,8,20,3,2,0,18,14,71,0,2,1,0,15,56,2,12,0,1,0,3,0,1,6,134,3,25,0,49,0,0,0,0,21,5,0,0,3,28,4,17,6,112,20,97,0,2,23,1
2279,38,0,233,5260,189,213,20,715,23,140,1,51,1,3019,193,5,0,4652,242,920,12,237,6,212,2,177,4,51,0,0,0,563,12,0,0,403,146,2,0,4,0,3,0,6,3,0,0,0,0,0,0,0,0,0,0,1,0,0,0,325,13,9,4,3,0,12,2,2,0,14,4,114,19,232,13,142,28,29,11,0,0,6,0,33,0,28,0,6,0,0,0,1,0,0,0,0,0,0,0,1,0,0,1,0,0,1,1,0,1,0,0,1,0,0,0,0,0,0,0,5,0,6,7,54,0,34,7,19,2,5,0,1,0,117,6,42,2,0,0,0,0,0,0,10,10,13,0,2,0,7,2,447,84,471,78,0,0,5,1,4,0,14,2,34,6,0,0,2,0
75,2154,233,0,274,4885,22,356,30,479,7,81,3,72,70,1840,4,8,415,4865,142,1183,164,493,9,268,10,357,2,92,0,4,40,204,0,0,56,376,1,2,1,9,0,6,0,19,0,1,0,3,0,0,0,0,1,0,0,0,0,0,24,136,3,3,0,2,1,63,0,1,11,64,19,14,72,76,17,339,3,71,0,0,0,1,0,25,3,25,1,3,0,0,0,0,0,0,0,0,0,1,1,0,0,0,1,0,0,0,0,0,1,0,0,0,0,0,0,0,0,0,0,3,0,22,2,11,9,56,2,18,3,6,0,1,20,74,4,15,0,0,0,0,0,1,2,50,2,16,0,6,3,27,26,985,361,968,0,4,0,7,1,5,2,35,4,26,0,1,5,0
1192,22,5260,274,0,224,430,38,2760,36,361,2,24,1,561,129,9,1,949,238,22,9,112,8,191,2,555,2,142,0,370,1,529,17,0,0,128,131,0,0,0,2,4,0,4,2,0,0,0,0,0,0,0,0,0,0,0,0,0,0,60,5,6,0,0,0,3,0,0,0,5,1,6,4,297,9,92,39,16,6,0,0,3,0,4,0,23,0,4,0,1,0,2,1,0,0,0,0,0,0,0,0,0,0,0,0,0,0,0,0,0,0,0,0,0,0,0,0,0,1,3,0,1,7,31,2,21,11,6,2,5,2,0,0,36,10,14,0,0,0,0,0,0,0,4,7,2,1,0,1,1,0,42,51,580,78,0,0,0,0,1,0,7,1,8,4,0,0,3,0
53,1338,189,4885,224,0,15,803,37,1321,0,44,3,11,92,269,0,7,228,862,9,76,5,32,1,63,0,358,0,66,0,5,46,385,0,0,38,212,1,0,2,1,1,2,1,3,0,0,0,0,0,0,0,0,0,0,0,0,0,0,2,75,0,6,0,3,1,72,0,6,1,0,5,2,36,43,12,617,4,55,0,0,0,4,0,14,2,18,2,0,0,0,0,0,0,0,0,0,0,0,0,0,0,0,0,0,0,0,0,0,0,0,0,0,0,0,0,0,0,0,0,7,2,12,5,20,4,20,0,5,0,0,0,1,14,33,7,2,0,0,0,0,0,0,2,15,0,4,0,0,0,2,7,76,222,138,0,0,0,1,0,1,0,3,2,4,0,0,2,1
728,15,213,22,430,15,0,8,1534,4,3,0,149,0,257,49,0,0,47,8,0,0,0,0,0,0,0,0,0,0,0,0,601,3,0,0,67,18,1,0,1,0,0,0,1,1,0,0,1,0,0,0,0,0,0,0,0,0,0,0,61,0,2,0,3,0,3,0,0,0,2,0,28,2,8,1,20,5,1,3,0,0,10,0,7,0,6,0,1,0,0,0,1,0,0,0,0,0,0,0,0,0,0,0,0,0,0,0,0,0,0,0,0,0,0,0,0,0,0,1,1,0,1,0,3,0,1,1,0,0,0,0,0,0,20,1,3,0,1,0,0,0,0,0,1,0,2,2,0,0,0,0,0,0,8,5,0,0,1,0,0,0,1,1,1,2,0,0,1,0
18,338,20,356,38,803,8,0,8,1240,0,173,0,484,38,479,0,0,12,66,0,0,0,0,0,0,0,1,0,1,0,70,17,748,0,0,13,66,0,0,0,4,0,0,0,6,0,0,0,2,0,1,0,0,0,0,0,0,0,0,0,50,0,13,0,1,0,32,0,0,3,2,3,6,9,17,3,149,0,17,0,0,0,3,0,1,2,1,0,1,0,0,0,0,0,0,0,0,0,0,0,0,0,0,0,1,1,0,0,0,0,0,0,0,0,0,0,0,0,0,0,0,1,4,1,1,1,6,0,2,0,0,1,1,7,15,3,4,0,0,0,0,0,0,0,5,0,3,0,1,0,0,0,0,7,8,0,0,0,1,0,3,0,5,1,5,0,0,1,0
220,1,715,30,2760,37,1534,8,0,10,1085,1,20,0,229,33,14,0,276,44,2,0,3,0,4,0,7,0,49,0,686,0,2045,1,0,0,71,39,0,0,1,0,0,0,1,0,0,0,0,0,0,0,0,0,0,0,0,0,0,0,15,0,2,0,1,0,2,0,0,0,3,0,0,2,20,2,74,14,21,4,0,0,5,0,4,0,20,1,2,0,0,0,1,0,1,1,0,0,0,0,0,0,0,0,0,0,0,0,0,0,0,0,0,0,0,0,0,0,0,0,7,0,0,1,27,2,4,2,1,0,2,0,0,0,21,6,5,0,1,0,0,0,0,0,0,0,2,1,0,0,0,0,1,4,27,9,0,0,0,0,1,0,3,0,4,2,0,0,0,0
5,16,23,479,36,1321,4,1240,10,0,0,298,0,7,16,97,0,0,34,239,0,0,0,0,0,0,0,1,0,5,0,107,6,720,0,0,13,58,0,1,0,0,0,1,0,2,0,0,0,0,0,0,0,0,0,0,0,0,0,0,0,2,0,1,0,0,0,1,0,0,0,0,1,0,2,34,8,531,1,41,0,0,0,0,0,0,1,16,0,0,0,0,0,0,0,0,0,0,0,0,0,0,0,0,0,0,0,0,0,0,0,0,0,0,0,0,0,0,0,0,0,7,0,1,1,29,1,22,0,0,0,2,0,0,1,3,1,2,0,0,0,0,0,0,2,1,0,0,0,0,0,0,0,1,6,6,0,0,0,0,0,0,0,0,1,0,0,0,1,0
0,0,140,7,361,0,3,0,1085,0,0,4,0,0,0,0,44,10,6,9,45,11,439,41,478,14,495,12,1582,6,705,0,752,0,0,0,0,0,0,0,0,0,1,0,1,0,0,0,0,0,0,0,0,0,0,0,0,0,0,0,0,0,0,0,0,0,0,0,0,0,0,0,0,0,140,13,278,6,9,0,0,0,0,0,0,0,151,0,0,0,0,0,0,0,0,0,0,0,0,0,0,0,0,0,0,0,0,0,0,0,0,0,0,0,0,0,0,0,0,0,0,0,0,0,1,2,1,0,0,0,0,0,0,0,0,0,0,0,0,0,0,0,0,0,0,0,0,0,0,0,14,10,18,10,4,22,3,6,0,0,0,0,0,0,0,0,0,0,0,0
0,0,1,81,2,44,0,173,1,298,4,0,0,2,1,0,9,5,2,35,16,139,34,121,9,268,2,814,0,570,0,570,3,257,0,0,0,0,0,0,0,0,0,1,0,1,0,0,0,0,0,0,0,0,0,0,0,0,0,0,0,0,0,0,0,0,0,0,0,0,0,0,0,0,28,33,3,68,1,2,0,0,0,0,0,0,0,9,0,0,0,0,0,0,0,0,0,0,0,0,0,0,0,0,0,0,0,0,0,0,0,0,0,0,0,0,0,0,0,0,0,0,0,0,0,0,0,0,0,0,0,0,0,0,0,1,0,0,0,0,0,0,0,0,0,0,0,0,0,0,0,15,4,59,1,35,1,5,0,0,0,0,0,0,0,0,0,0,0,0
319,3,51,3,24,3,149,0,20,0,0,0,0,0,27,15,0,0,2,1,0,0,0,0,0,0,0,0,0,0,0,0,666,3,0,0,10,4,8,1,1,0,0,0,0,0,3,0,2,0,3,0,6,0,1,0,0,0,0,0,777,0,15,3,24,1,196,0,23,1,11,2,26,2,3,2,7,1,1,0,0,0,97,0,312,2,1,0,31,0,0,0,0,0,0,0,0,0,1,0,0,0,0,0,0,0,0,0,0,0,0,0,0,0,0,0,0,0,0,0,0,0,1,0,0,0,0,0,3,0,0,0,0,0,2,0,2,0,1,0,0,0,0,0,2,0,1,0,0,0,0,0,0,0,1,0,0,0,0,1,0,1,3,0,2,0,0,0,0,0
15,663,1,72,1,11,0,484,0,7,0,2,0,0,24,287,0,0,1,0,0,0,0,0,0,0,0,0,0,0,0,0,4,1373,0,0,15,72,1,4,1,2,0,0,0,0,2,2,0,3,0,2,0,1,0,1,0,0,0,0,16,1016,1,26,1,13,0,947,0,6,1,29,17,117,5,9,2,91,0,15,0,0,0,236,2,141,0,1,0,3,0,0,0,0,0,0,0,0,0,1,0,0,0,0,0,0,1,0,0,0,2,0,0,1,0,0,0,0,0,0,0,0,2,2,0,1,0,0,2,8,0,2,0,0,1,2,0,3,0,1,0,0,0,1,0,13,1,1,0,11,0,0,0,0,0,0,0,0,0,4,0,4,0,23,2,14,0,0,3,0
808,111,3019,70,561,92,257,38,229,16,0,1,27,24,0,630,0,0,723,36,0,0,0,0,0,0,0,0,0,0,0,0,461,34,0,0,2278,219,19,0,7,2,1,0,12,2,7,1,2,0,1,0,0,0,1,0,0,0,0,1,212,18,39,2,8,0,8,4,6,3,169,11,1268,44,144,19,210,84,32,5,0,0,5,0,19,3,35,1,17,0,0,0,8,2,0,0,0,0,4,2,0,0,0,0,0,1,0,0,0,0,0,0,1,1,0,0,0,0,0,1,1,1,27,6,26,0,38,11,34,5,11,1,4,1,192,26,53,6,0,0,0,1,0,1,35,15,24,12,2,3,0,0,0,0,33,7,0,0,4,2,2,1,24,4,52,16,0,1,13,1
437,1143,193,1840,129,269,49,479,33,97,0,0,15,287,630,0,0,0,94,493,0,0,0,0,0,0,0,0,0,0,0,0,153,335,0,0,306,2517,4,16,4,12,0,0,1,25,1,2,1,9,0,2,0,1,1,0,0,2,2,3,295,231,11,51,0,3,11,54,1,5,63,367,482,1434,44,127,40,631,5,136,0,0,2,1,6,13,15,21,4,2,0,0,0,2,2,0,0,0,2,1,0,0,1,0,1,0,3,2,0,0,4,1,1,0,0,0,0,0,0,2,0,0,15,66,8,3,9,52,28,94,4,7,1,1,61,184,17,43,0,1,0,1,0,1,19,171,10,60,1,35,0,0,0,0,27,19,0,0,7,47,4,26,13,100,30,129,0,2,17,1
1,0,5,4,9,0,0,0,14,0,44,9,0,0,0,0,0,682,0,5,18,10,818,627,178,100,10,35,460,14,0,0,310,4,0,0,1,0,0,0,16,0,24,16,176,0,0,0,0,0,0,0,0,0,0,0,0,0,0,0,1,0,1,0,0,0,0,0,0,0,1,0,1,0,759,461,1445,175,449,59,0,0,0,0,0,0,45,0,0,0,0,0,0,0,0,0,0,0,0,0,0,0,0,0,0,0,0,0,0,0,0,0,0,0,0,0,0,0,0,0,9,0,0,0,22,1,5,0,0,0,0,0,0,0,4,0,1,0,0,0,0,0,0,0,0,0,0,0,0,0,3,10,1,5,1,7,753,610,0,0,0,0,20,0,0,0,0,0,0,0
0,0,0,8,1,7,0,0,0,0,10,5,0,0,0,0,682,0,0,6,23,19,396,1359,49,235,3,22,3,193,0,0,3,40,0,0,0,0,0,0,0,0,0,622,0,120,0,0,0,0,0,0,0,0,0,0,0,0,0,0,0,0,0,0,0,0,0,0,0,0,0,0,0,0,205,316,24,311,10,90,0,0,0,0,0,0,0,58,0,0,0,0,0,0,0,0,0,0,0,0,0,0,0,0,0,0,0,0,0,0,0,0,0,0,0,0,0,0,0,0,0,0,0,0,0,0,0,0,0,0,0,0,0,0,0,0,0,0,0,0,0,0,0,0,0,0,0,0,0,0,1,11,1,4,0,4,97,701,0,0,0,0,0,0,0,0,0,0,0,0
19,3,4652,415,949,228,47,12,276,34,6,2,2,1,723,94,0,0,0,718,825,7,62,2,12,0,82,3,3,0,0,0,156,7,0,0,442,246,0,0,1,2,0,0,1,1,0,0,0,0,0,0,0,0,0,0,0,0,0,0,3,1,0,0,0,0,0,0,0,0,1,0,0,0,117,6,60,31,13,13,0,0,0,0,0,0,0,0,2,0,0,0,1,0,0,0,0,0,1,0,0,0,0,0,0,0,0,0,0,0,0,0,0,0,0,0,0,0,0,0,5,0,0,1,35,5,22,1,0,0,8,1,1,0,18,5,10,0,0,0,0,0,0,0,1,3,0,1,0,0,0,0,2342,665,1170,124,0,0,0,0,0,0,4,0,1,1,0,0,0,0
10,5,242,4865,238,862,8,66,44,239,9,35,1,0,36,493,5,6,718,0,613,1469,187,126,15,45,28,83,0,16,0,1,27,60,0,0,58,811,0,0,0,1,0,1,0,10,0,0,0,0,0,0,0,0,0,0,0,0,0,0,1,0,0,0,0,0,0,1,0,0,0,0,1,1,86,37,17,168,3,26,0,0,0,0,0,0,1,4,1,0,0,0,0,1,0,0,0,0,0,0,0,0,0,0,0,0,0,0,0,0,0,0,0,0,0,0,0,0,0,0,0,1,1,3,7,3,10,18,0,2,1,0,0,0,8,12,0,2,0,0,0,0,0,0,0,7,0,0,0,0,6,20,319,2130,171,312,1,3,0,0,0,0,0,1,1,2,0,0,0,0
0,0,920,142,22,9,0,0,2,0,45,16,0,0,0,0,18,23,825,613,0,568,1390,315,135,93,177,69,20,17,0,0,23,3,0,0,0,0,0,0,0,0,0,1,0,0,0,0,0,0,0,0,0,0,0,0,0,0,0,0,0,0,0,0,0,0,0,0,0,0,0,0,0,0,114,42,22,13,0,2,0,0,0,0,0,0,0,0,0,0,0,0,0,0,0,0,0,0,0,0,0,0,0,0,0,0,0,0,0,0,0,0,0,0,0,0,0,0,0,0,0,0,0,0,0,0,0,0,0,0,0,0,0,0,0,0,0,0,0,0,0,0,0,0,0,0,0,0,0,0,9,14,776,364,56,157,2,5,0,0,0,0,0,0,0,0,0,0,0,0
0,0,12,1183,9,76,0,0,0,0,11,139,0,0,0,0,10,19,7,1469,568,0,470,1447,35,355,34,535,2,161,0,0,6,25,0,0,0,0,0,0,0,0,0,11,0,3,0,0,0,0,0,0,0,0,0,0,0,0,0,0,0,0,0,0,0,0,0,0,0,0,0,0,0,0,84,40,7,29,0,6,0,0,0,0,0,0,0,10,0,0,0,0,0,0,0,0,0,0,0,0,0,0,0,0,0,0,0,0,0,0,0,0,0,0,0,0,0,0,0,0,0,0,0,0,0,0,0,0,0,0,0,0,0,0,0,0,0,0,0,0,0,0,0,0,0,0,0,0,0,0,5,54,57,489,9,146,1,10,0,0,0,0,0,0,0,0,0,0,0,0
0,0,237,164,112,5,0,0,3,0,439,34,0,0,0,0,818,396,62,187,1390,470,0,2247,1952,604,563,291,610,47,0,0,210,7,0,0,0,0,0,0,0,0,2,7,0,0,0,0,0,0,0,0,0,0,0,0,0,0,0,0,0,0,0,0,0,0,0,0,0,0,0,0,0,0,371,206,446,103,30,22,0,0,0,0,0,0,2,0,0,0,0,0,0,0,0,0,0,0,0,0,0,0,0,0,0,0,0,0,0,0,0,0,0,0,0,0,0,0,0,0,1,0,0,0,0,0,0,0,0,0,0,0,0,0,0,0,0,0,0,0,0,0,0,0,0,0,0,0,0,0,17,33,191,130,22,70,68,170,0,0,0,0,0,0,0,0,0,0,0,0
0,0,6,493,8,32,0,0,0,0,41,121,0,0,0,0,627,1359,2,126,315,1447,2247,0,138,3273,32,1121,37,304,0,0,37,63,0,0,0,0,0,0,0,0,0,28,0,2,0,0,0,0,0,0,0,0,0,0,0,0,0,0,0,0,0,0,0,0,0,0,0,0,0,0,0,0,221,522,128,345,18,25,0,0,0,0,0,0,0,1,0,0,0,0,0,0,0,0,0,0,0,0,0,0,0,0,0,0,0,0,0,0,0,0,0,0,0,0,0,0,0,0,0,0,0,0,0,0,0,0,0,0,0,0,0,0,0,0,0,0,0,0,0,0,0,0,0,0,0,0,0,0,12,55,21,91,4,72,54,383,0,0,0,0,0,0,0,0,0,0,0,0
0,0,212,9,191,1,0,0,4,0,478,9,0,0,0,0,178,49,12,15,135,35,1952,138,0,38,1465,23,2173,5,1,0,243,0,0,0,0,0,0,0,0,0,3,0,8,0,0,0,0,0,0,0,0,0,0,0,0,0,0,0,0,0,0,0,0,0,0,0,0,0,0,0,0,0,177,31,325,15,10,8,0,0,0,0,0,0,5,0,0,0,0,0,0,0,0,0,0,0,0,0,0,0,0,0,0,0,0,0,0,0,0,0,0,0,0,0,0,0,0,0,2,0,0,0,0,0,0,0,0,0,0,0,0,0,0,0,0,0,0,0,0,0,0,0,0,0,0,0,0,0,4,9,59,21,7,16,13,25,0,0,0,0,0,0,0,0,0,0,0,0
0,0,2,268,2,63,0,0,0,0,14,268,0,0,0,0,100,235,0,45,93,355,604,3273,38,0,18,2963,2,920,0,0,17,40,0,0,0,0,0,0,0,0,0,19,0,4,0,0,0,0,0,0,0,0,0,0,0,0,0,0,0,0,0,0,0,0,0,0,0,0,0,0,0,0,88,335,25,149,6,22,0,0,0,0,0,0,0,1,0,0,0,0,0,0,0,0,0,0,0,0,0,0,0,0,0,0,0,0,0,0,0,0,0,0,0,0,0,0,0,0,0,0,0,0,0,0,0,0,0,0,0,0,0,0,0,0,0,0,0,0,0,0,0,0,0,0,0,0,0,0,7,49,12,57,1,53,19,81,0,0,0,0,0,0,0,0,0,0,0,0
0,0,177,10,555,0,0,0,7,0,495,2,0,0,0,0,10,3,82,28,177,34,563,32,1465,18,0,13,947,0,170,0,78,0,0,0,0,0,0,0,0,0,1,0,0,0,0,0,0,0,0,0,0,0,0,0,0,0,0,0,0,0,0,0,0,0,0,0,0,0,0,0,0,0,114,6,52,5,2,0,0,0,0,0,0,0,14,0,0,0,0,0,0,0,0,0,0,0,0,0,0,0,0,0,0,0,0,0,0,0,0,0,0,0,0,0,0,0,0,0,1,0,0,0,0,0,0,0,0,0,0,0,0,0,0,0,0,0,0,0,0,0,0,0,0,0,0,0,0,0,7,11,275,49,37,50,0,2,0,0,0,0,0,0,0,0,0,0,0,0
0,0,4,357,2,358,0,1,0,1,12,814,0,0,0,0,35,22,3,83,69,535,291,1121,23,2963,13,0,2,573,0,24,8,145,0,0,0,0,0,0,0,0,0,3,0,1,0,0,0,0,0,0,0,0,0,0,0,0,0,0,0,0,0,0,0,0,0,0,0,0,0,0,0,0,75,164,20,36,0,6,0,0,0,0,0,0,0,3,0,0,0,0,0,0,0,0,0,0,0,0,0,0,0,0,0,0,0,0,0,0,0,0,0,0,0,0,0,0,0,0,0,0,0,0,0,0,0,0,0,0,0,0,0,0,0,0,0,0,0,0,0,0,0,0,0,0,0,0,0,0,5,61,18,164,2,102,7,26,0,0,0,0,0,0,0,0,0,0,0,0
0,0,51,2,142,0,0,0,49,0,1582,0,0,0,0,0,460,3,3,0,20,2,610,37,2173,2,947,2,0,1,266,0,2685,0,0,0,0,0,0,0,0,0,18,0,131,0,0,0,0,0,0,0,0,0,0,0,0,0,0,0,1,0,0,0,0,0,0,0,0,0,0,0,0,0,62,5,699,5,50,2,0,0,0,0,0,0,367,0,0,0,0,0,0,0,0,0,0,0,0,0,0,0,0,0,0,0,0,0,0,0,0,0,0,0,0,0,0,0,0,0,2,0,0,0,13,0,1,0,0,0,0,0,0,0,0,0,0,0,0,0,0,0,0,0,0,0,0,0,0,0,0,1,0,0,0,2,3,3,0,0,0,0,0,0,0,0,0,0,0,0
0,0,0,92,0,66,0,1,0,5,6,570,0,0,0,0,14,193,0,16,17,161,47,304,5,920,0,573,1,0,0,17,1,1536,0,0,0,0,0,0,0,0,0,226,0,77,0,0,0,0,0,0,0,0,0,0,0,0,0,1,0,0,0,0,0,0,0,0,0,0,0,0,0,0,21,89,6,147,0,73,0,0,0,0,0,0,0,111,0,0,0,9,0,2,0,0,0,0,0,0,0,0,0,0,0,0,0,0,0,0,0,0,0,0,0,0,0,0,0,0,0,0,0,0,0,0,0,0,0,0,0,0,0,0,0,0,0,0,0,0,0,0,0,0,0,0,0,0,0,0,0,20,2,12,0,12,2,16,0,0,0,0,0,0,0,0,0,0,0,0
0,0,0,0,370,0,0,0,686,0,705,0,0,0,0,0,0,0,0,0,0,0,0,0,1,0,170,0,266,0,0,0,30,0,0,0,0,0,0,0,0,0,0,0,1,0,0,0,0,0,0,0,0,0,0,0,0,0,0,0,0,0,0,0,0,0,0,0,0,0,0,0,0,0,0,0,0,0,0,0,0,0,0,0,0,0,53,0,0,0,0,0,0,0,0,0,0,0,0,0,0,0,0,0,0,0,0,0,0,0,0,0,0,0,0,0,0,0,0,0,0,0,0,0,0,0,0,0,0,0,0,0,0,0,0,0,0,0,0,0,0,0,0,0,0,0,0,0,0,0,0,0,0,0,0,0,0,0,0,0,0,0,0,0,0,0,0,0,0,0
0,0,0,4,1,5,0,70,0,107,0,570,0,0,0,0,0,0,0,1,0,0,0,0,0,0,0,24,0,17,0,0,0,68,0,0,0,0,0,0,0,0,0,0,0,0,0,0,0,0,0,0,0,0,0,0,0,0,0,0,0,0,0,0,0,0,0,0,0,0,0,0,0,0,0,1,0,3,0,0,0,0,0,0,0,0,0,0,0,0,0,0,0,0,0,0,0,0,0,0,0,0,0,0,0,0,0,0,0,0,0,0,0,0,0,0,0,0,0,0,0,0,0,0,0,0,0,0,0,0,0,0,0,0,0,0,0,0,0,0,0,0,0,0,0,0,0,0,0,0,0,0,0,0,0,0,0,0,0,0,0,0,0,0,0,0,0,0,0,0
870,57,563,40,529,46,601,17,2045,6,752,3,666,4,461,153,310,3,156,27,23,6,210,37,243,17,78,8,2685,1,30,0,0,8,0,0,192,92,20,1,247,1,100,1,216,0,3,1,6,1,14,0,9,1,14,0,15,0,76,1,1424,10,500,7,283,5,314,6,16,1,189,32,213,24,558,13,2668,24,115,16,0,0,458,1,783,11,943,0,435,0,0,0,124,0,0,3,0,1,5,1,0,1,0,4,0,0,1,7,2,0,2,3,3,0,0,0,0,0,0,5,40,0,4,0,181,7,25,1,56,3,8,1,1,0,47,15,21,2,12,0,0,0,3,0,61,16,3,1,5,1,4,5,7,2,43,18,3,1,9,1,14,3,61,2,29,5,2,0,23,1
41,555,12,204,17,385,3,748,1,720,0,257,3,1373,34,335,4,40,7,60,3,25,7,63,0,40,0,145,0,1536,0,68,8,0,0,0,30,129,14,10,4,208,0,157,1,191,18,66,2,20,0,32,3,21,0,12,0,6,0,79,18,1095,11,204,4,44,2,273,2,41,40,182,31,135,6,103,2,1602,0,52,0,0,5,82,5,339,0,273,7,138,0,1,1,28,0,0,1,0,0,1,1,0,0,1,1,1,1,4,0,1,2,0,2,2,0,0,0,0,0,0,0,7,1,4,2,20,0,4,2,12,0,4,0,0,4,12,1,3,0,12,0,1,0,2,6,39,0,9,0,5,0,0,0,2,6,4,1,9,0,4,0,9,2,21,2,20,0,1,7,0
0,0,0,0,0,0,0,0,0,0,0,0,0,0,0,0,0,0,0,0,0,0,0,0,0,0,0,0,0,0,0,0,0,0,0,0,0,0,0,0,0,0,0,0,0,0,0,0,0,0,0,0,0,0,0,0,0,0,0,0,0,0,0,0,0,0,0,0,0,0,0,0,0,0,0,0,0,0,0,0,0,0,0,0,0,0,0,0,0,0,0,0,0,0,0,0,0,0,0,0,0,0,0,0,0,0,0,0,0,0,0,0,0,0,0,0,0,0,0,0,0,0,0,0,0,0,0,0,0,0,0,0,0,0,0,0,0,0,0,0,0,0,0,0,0,0,0,0,0,0,0,0,0,0,0,0,0,0,0,0,0,0,0,0,0,0,0,0,0,0
0,0,0,0,0,0,0,0,0,0,0,0,0,0,0,0,0,0,0,0,0,0,0,0,0,0,0,0,0,0,0,0,0,0,0,0,0,0,0,0,0,0,0,0,0,0,0,0,0,0,0,0,0,0,0,0,0,0,0,0,0,0,0,0,0,0,0,0,0,0,0,0,0,0,0,0,0,0,0,0,0,0,0,0,0,0,0,0,0,0,0,0,0,0,0,0,0,0,0,0,0,0,0,0,0,0,0,0,0,0,0,0,0,0,0,0,0,0,0,0,0,0,0,0,0,0,0,0,0,0,0,0,0,0,0,0,0,0,0,0,0,0,0,0,0,0,0,0,0,0,0,0,0,0,0,0,0,0,0,0,0,0,0,0,0,0,0,0,0,0
227,78,403,56,128,38,67,13,71,13,0,0,10,15,2278,306,1,0,442,58,0,0,0,0,0,0,0,0,0,0,0,0,192,30,0,0,0,516,1007,2,21,0,0,0,4,1,26,5,1,2,1,0,13,0,2,0,0,0,0,0,205,47,235,28,126,7,90,17,7,2,2424,74,1232,131,120,13,69,40,14,7,0,0,34,1,69,4,4,1,11,0,0,0,1,0,0,1,0,2,5,4,0,0,2,1,0,0,4,4,1,1,0,0,3,5,0,0,0,0,0,8,0,1,9,3,9,0,11,1,56,6,4,0,2,0,98,5,18,0,0,0,0,0,0,0,96,24,12,1,15,7,0,0,0,0,79,10,0,0,1,3,13,3,38,8,46,6,0,1,30,2
177,372,146,376,131,212,18,66,39,58,0,0,4,72,219,2517,0,0,246,811,0,0,0,0,0,0,0,0,0,0,0,0,92,129,0,0,516,0,57,913,6,8,1,0,2,9,19,7,0,21,0,42,2,9,1,0,0,0,0,0,226,196,46,98,27,63,26,139,3,15,136,2464,168,367,46,65,29,198,8,44,0,0,5,8,15,18,0,3,4,5,0,0,0,0,0,1,0,1,6,4,1,1,0,0,0,0,3,2,2,1,2,3,2,2,2,0,0,0,0,3,1,0,9,12,12,3,7,11,13,38,1,2,0,0,39,55,6,10,0,14,0,0,0,0,27,143,12,15,3,21,0,0,0,44,176,109,0,0,8,13,1,27,15,79,21,46,0,5,62,4
33,4,2,1,0,1,1,0,0,0,0,0,8,1,19,4,0,0,0,0,0,0,0,0,0,0,0,0,0,0,0,0,20,14,0,0,1007,57,0,155,233,28,3,11,0,0,240,139,67,15,35,10,52,7,18,2,12,2,3,2,30,2,123,15,60,14,56,23,36,33,958,255,53,2,10,3,13,14,0,3,0,0,62,9,136,61,0,0,81,12,0,0,29,2,0,2,0,0,7,1,1,1,0,4,1,0,2,1,1,1,1,2,3,6,0,0,0,0,0,2,0,0,1,0,1,0,0,0,9,0,1,0,0,0,14,0,2,0,8,3,0,0,0,1,33,14,3,0,0,0,0,0,0,0,0,0,0,0,1,1,11,1,8,6,13,1,4,1,23,0
0,15,0,2,0,0,0,0,0,1,0,0,1,4,0,16,0,0,0,0,0,0,0,0,0,0,0,0,0,0,0,0,1,10,0,0,2,913,155,0,31,43,4,7,0,0,57,51,8,21,37,14,2,12,1,3,0,0,0,1,2,8,6,7,1,35,0,45,1,60,161,671,1,2,1,5,1,18,0,4,0,0,9,21,7,95,0,1,7,17,0,0,1,0,0,0,0,0,0,3,0,0,0,0,0,0,2,1,0,1,3,0,1,1,0,0,0,0,0,4,0,0,1,0,0,0,0,0,0,1,0,0,0,0,0,3,0,0,1,11,0,0,0,3,1,28,0,0,1,1,0,0,0,0,0,0,0,0,0,2,0,2,2,3,2,4,0,0,17,0
16,1,4,1,0,2,1,0,1,0,0,0,1,1,7,4,16,0,1,0,0,0,0,0,0,0,0,0,0,0,0,0,247,4,0,0,21,6,233,31,0,11,999,5,501,1,11,24,13,4,90,5,12,1,30,0,23,0,199,0,23,5,97,8,36,2,15,4,4,8,118,72,11,0,14,0,342,2,26,0,0,0,15,1,205,13,1008,1,477,3,3,0,256,1,3,4,5,1,77,2,40,0,3,3,3,0,20,7,31,5,31,7,11,20,1,2,1,0,0,11,0,0,0,0,0,0,0,0,39,0,0,0,0,0,22,0,0,0,449,2,0,0,68,0,195,3,0,0,2,1,0,0,0,0,0,1,0,0,3,1,14,2,70,3,7,1,18,1,21,7
3,8,0,9,2,1,0,4,0,0,0,0,0,2,2,12,0,0,2,1,0,0,0,0,0,0,0,0,0,0,0,0,1,208,0,0,0,8,28,43,11,0,3,1414,0,574,38,104,5,14,4,102,5,17,0,6,0,17,1,436,2,10,4,14,2,4,1,11,0,9,68,202,0,0,0,6,2,573,0,168,0,0,2,8,3,416,0,1166,6,529,0,98,0,274,2,3,0,4,6,21,4,6,3,2,7,4,14,13,1,8,1,11,12,41,0,3,0,1,0,6,0,1,0,1,0,11,0,0,2,1,0,0,0,0,0,9,0,1,1,238,0,1,1,74,1,268,0,0,0,1,0,0,0,0,0,1,0,0,4,6,0,9,0,67,1,4,0,12,23,4
0,0,3,0,4,1,0,0,0,0,1,0,0,0,1,0,24,0,0,0,0,0,2,0,3,0,1,0,18,0,0,0,100,0,0,0,0,1,3,4,999,3,0,3,398,0,98,18,9,1,622,7,0,0,2,0,1,0,1182,0,1,1,0,1,0,0,0,1,0,0,49,17,0,0,1,0,38,1,2,0,0,0,0,0,41,1,346,0,83,1,15,0,27,0,3,0,4,1,16,8,15,1,7,6,10,0,16,11,15,1,13,2,1,0,1,1,0,0,0,2,1,0,0,0,1,0,0,0,7,0,0,0,0,0,0,0,0,0,9,0,0,0,4,0,7,0,0,0,0,0,0,0,0,0,0,0,0,0,26,0,5,0,1,0,0,0,1,1,2,4
0,0,0,6,0,2,0,0,0,1,0,1,0,0,0,0,16,622,0,1,1,11,7,28,0,19,0,3,0,226,0,0,1,157,0,0,0,0,11,7,5,1414,3,0,0,731,7,90,0,5,20,592,0,0,0,0,0,12,7,701,0,0,0,0,0,0,0,0,0,0,28,46,0,1,5,12,1,64,0,33,0,0,0,0,0,26,0,212,1,59,0,240,0,60,0,0,0,2,1,3,3,0,0,2,0,1,2,9,1,7,6,5,0,1,5,1,0,0,0,1,0,0,0,0,0,0,0,0,0,0,0,0,0,0,0,0,0,1,0,5,0,0,0,1,0,1,0,1,0,0,0,0,0,0,0,0,9,22,0,10,1,7,0,0,0,0,0,3,0,2
1,1,6,0,4,1,1,0,1,0,1,0,0,0,12,1,176,0,1,0,0,0,0,0,8,0,0,0,131,0,1,0,216,1,0,0,4,2,0,0,501,0,398,0,0,0,0,0,0,0,0,0,0,0,0,0,0,0,1,0,1,0,0,0,0,0,0,0,0,0,0,0,1,0,3,0,100,0,38,0,0,0,0,0,0,0,487,0,6,0,0,0,1,0,0,0,0,0,0,0,0,0,0,0,0,0,0,0,1,0,0,0,0,0,0,0,0,0,0,0,1,1,1,0,7,2,1,0,0,0,0,0,0,0,0,1,0,0,0,0,0,0,0,0,0,0,0,0,0,0,0,0,0,0,0,0,0,0,0,0,0,0,10,0,0,0,0,0,0,0
3,11,3,19,2,3,1,6,0,2,0,1,0,0,2,25,0,120,1,10,0,3,0,2,0,4,0,1,0,77,0,0,0,191,0,0,1,9,0,0,1,574,0,731,0,0,0,1,0,0,0,0,0,0,0,0,0,0,0,13,1,10,0,1,0,2,0,0,0,0,2,0,0,4,0,13,0,93,0,69,0,0,0,0,0,8,0,602,0,22,0,27,0,11,0,0,0,0,0,0,0,0,0,0,0,0,0,1,0,0,0,0,0,0,0,0,0,0,0,0,0,0,0,2,0,11,0,0,0,0,0,0,0,0,0,11,0,0,0,1,0,0,0,0,0,0,0,0,0,0,0,0,0,0,0,1,0,5,0,0,0,0,0,16,0,2,0,0,0,0
5,2,0,0,0,0,0,0,0,0,0,0,3,2,7,1,0,0,0,0,0,0,0,0,0,0,0,0,0,0,0,0,3,18,0,0,26,19,240,57,11,38,98,7,0,0,0,2629,4419,272,3051,120,1540,80,1531,10,511,35,260,14,8,4,21,3,10,0,9,1,25,8,1612,419,3,1,1,0,2,19,1,1,0,0,42,3,160,98,1,0,377,86,0,0,96,6,1,0,0,0,4,0,1,0,9,0,1,0,0,2,4,0,3,0,2,1,49,0,0,0,0,2,0,0,1,0,0,0,1,0,0,0,1,0,0,0,0,0,0,0,4,3,1,0,0,3,16,9,0,0,0,0,0,0,0,0,0,0,0,0,0,0,9,0,1,1,5,0,0,1,10,2
0,4,0,1,0,0,0,0,0,0,0,0,0,2,1,2,0,0,0,0,0,0,0,0,0,0,0,0,0,0,0,0,1,66,0,0,5,7,139,51,24,104,18,90,0,1,2629,0,479,4819,279,2161,26,2292,25,992,7,583,51,242,2,12,3,5,1,7,0,6,2,33,664,1732,0,1,0,1,0,36,0,3,0,0,2,9,4,452,0,10,12,1023,0,0,10,241,0,3,0,0,2,3,4,0,1,4,0,1,7,0,0,3,1,4,4,7,140,1,0,1,0,4,0,0,0,0,0,0,0,0,0,0,0,0,0,0,1,1,0,0,0,12,0,0,0,11,0,18,0,1,0,0,0,0,0,0,0,0,0,0,0,3,1,0,0,2,1,1,0,1,8,0
8,1,0,0,0,0,1,0,0,0,0,0,2,0,2,1,0,0,0,0,0,0,0,0,0,0,0,0,0,0,0,0,6,2,0,0,1,0,67,8,13,5,9,0,0,0,4419,479,0,168,621,16,1749,51,712,7,118,2,41,2,9,1,140,1,22,1,7,2,47,1,907,73,5,2,1,0,3,3,0,0,0,0,21,1,89,9,1,0,223,12,0,0,108,2,0,0,0,0,3,0,2,1,1,1,0,0,1,0,0,0,0,0,1,0,0,0,0,0,0,1,0,0,0,0,1,0,0,0,0,0,1,0,0,0,1,0,0,0,4,3,0,0,1,0,4,0,0,0,0,0,0,0,0,0,0,0,0,0,0,1,1,0,3,0,0,0,0,0,1,1
2,24,0,3,0,0,0,2,0,0,0,0,0,3,0,9,0,0,0,0,0,0,0,0,0,0,0,0,0,0,0,0,1,20,0,0,2,21,15,21,4,14,1,5,0,0,272,4819,168,0,15,230,7,3722,3,514,1,107,2,35,1,27,2,68,1,26,0,24,0,93,76,1155,1,8,1,2,1,10,0,3,0,0,3,5,5,133,0,0,2,240,0,0,1,58,0,2,0,1,0,3,0,1,0,0,0,0,1,3,0,0,1,0,0,1,8,0,0,0,0,1,0,0,1,0,0,0,0,0,0,0,0,0,0,0,0,0,0,0,0,3,0,0,0,0,0,13,0,0,0,0,0,0,0,0,0,0,0,0,0,1,0,4,0,3,1,3,0,1,4,0
0,0,0,0,0,0,0,0,0,0,0,0,3,0,1,0,0,0,0,0,0,0,0,0,0,0,0,0,0,0,0,0,14,0,0,0,1,0,35,37,90,4,622,20,0,0,3051,279,621,15,0,59,314,4,819,1,1195,0,1499,11,6,0,4,0,5,0,0,0,5,0,432,110,2,0,1,1,4,0,1,0,0,0,33,0,94,4,2,0,537,2,0,0,226,1,14,0,0,0,209,0,101,0,67,0,1,0,3,5,28,0,2,0,14,87,7,0,0,0,0,9,0,0,0,0,1,0,0,0,9,0,0,0,0,0,5,0,0,0,4,0,0,0,5,0,54,1,0,0,0,0,0,0,0,0,0,0,0,0,0,0,0,0,3,0,3,0,5,1,7,0
0,6,0,0,0,0,0,1,0,0,0,0,0,2,0,2,0,0,0,0,0,0,0,0,0,0,0,0,0,0,0,0,0,32,0,0,0,42,10,14,5,102,7,592,0,0,120,2161,16,230,59,0,0,145,0,234,0,1083,16,3483,0,6,0,4,0,2,0,1,0,11,86,365,0,0,0,0,0,20,0,1,0,0,0,5,0,167,0,8,3,488,0,0,0,395,1,41,1,1,4,58,8,3,1,169,0,0,3,13,2,15,1,3,24,373,32,0,0,0,0,13,0,0,0,0,0,0,0,0,0,1,0,0,0,0,0,2,0,0,0,12,0,0,0,9,1,15,0,6,0,0,0,0,0,0,0,0,0,0,0,1,0,1,0,2,1,0,0,21,17,6
17,3,0,0,0,0,0,0,0,0,0,0,6,0,0,0,0,0,0,0,0,0,0,0,0,0,0,0,0,0,0,0,9,3,0,0,13,2,52,2,12,5,0,0,0,0,1540,26,1749,7,314,0,0,0,4344,1,227,0,84,1,66,1,534,1,99,0,22,1,147,1,440,32,28,0,0,0,6,3,0,1,0,0,29,2,71,11,3,0,350,2,0,0,119,1,2,0,0,0,1,0,0,0,3,0,0,0,0,2,2,0,1,0,0,0,0,0,0,0,0,2,0,0,1,0,0,0,0,0,4,0,1,0,0,0,6,0,1,0,1,1,0,0,1,1,6,2,0,0,1,0,0,0,0,0,0,0,0,0,0,1,2,0,3,2,5,0,0,0,6,3
0,11,0,0,0,0,0,0,0,0,0,0,0,1,0,1,0,0,0,0,0,0,0,0,0,0,0,0,0,0,0,0,1,21,0,0,0,9,7,12,1,17,0,0,0,0,80,2292,51,3722,4,145,0,0,0,2554,0,149,0,18,0,24,1,335,0,48,2,37,0,532,22,947,0,5,0,3,1,9,0,1,0,0,2,12,1,91,0,1,4,485,0,0,0,110,0,1,0,1,1,0,0,0,0,0,0,0,0,0,0,0,0,0,1,1,1,0,0,0,0,0,0,0,0,0,0,0,0,0,0,0,0,0,0,0,0,0,0,0,1,4,0,0,0,1,0,5,0,1,0,0,0,0,0,0,0,0,0,0,0,0,0,1,0,4,2,3,0,1,2,0
4,0,0,1,0,0,0,0,0,0,0,0,1,0,1,1,0,0,0,0,0,0,0,0,0,0,0,0,0,0,0,0,14,0,0,0,2,1,18,1,30,0,2,0,0,0,1531,25,712,3,819,0,4344,0,0,0,3191,0,537,0,33,0,442,0,867,0,14,0,1500,0,126,6,2,0,4,0,4,1,3,0,0,0,42,0,124,1,3,1,3317,2,0,0,670,0,22,0,0,0,1,1,1,0,1,0,0,0,2,0,0,0,2,0,4,0,0,0,0,0,0,1,0,0,0,0,0,0,0,0,6,0,0,0,0,0,1,0,0,0,12,0,0,0,3,0,12,0,0,0,0,0,0,0,0,0,0,0,0,0,0,0,2,0,6,0,0,0,2,0,2,1
0,3,0,0,0,0,0,0,0,0,0,0,0,1,0,0,0,0,0,0,0,0,0,0,0,0,0,0,0,0,0,0,0,12,0,0,0,0,2,3,0,6,0,0,0,0,10,992,7,514,1,234,1,2554,0,0,0,1411,0,56,0,20,1,51,1,23,0,19,0,962,3,463,0,0,0,0,1,5,0,1,0,0,0,7,3,95,0,0,1,3380,0,0,2,654,0,0,0,0,0,0,0,0,0,0,0,0,0,0,0,0,0,0,0,1,0,0,0,0,0,0,0,0,0,0,0,0,0,0,0,0,0,0,0,0,0,0,0,0,0,2,0,0,0,0,0,2,0,0,0,0,0,0,0,0,0,0,0,0,0,0,0,1,0,3,0,0,0,0,1,0
0,0,1,0,0,0,0,0,0,0,0,0,0,0,0,0,0,0,0,0,0,0,0,0,0,0,0,0,0,0,0,0,15,0,0,0,0,0,12,0,23,0,1,0,0,0,511,7,118,1,1195,0,227,0,3191,0,0,0,1273,0,1,0,3,0,4,0,2,0,8,0,34,1,0,0,0,0,2,0,0,0,0,0,11,0,50,1,6,0,518,1,0,0,856,0,26,0,0,0,1,0,0,0,6,0,0,0,0,0,1,0,1,0,1,0,0,0,0,0,0,1,0,0,0,0,0,0,0,0,2,0,0,0,0,0,1,0,0,0,2,0,0,0,0,0,1,0,0,0,0,0,0,0,0,0,0,0,0,0,0,0,2,0,0,0,0,0,0,0,0,0
0,1,0,0,0,0,0,0,0,0,0,0,0,0,0,2,0,0,0,0,0,0,0,0,0,0,0,0,0,0,0,0,0,6,0,0,0,0,2,0,0,17,0,12,0,0,35,583,2,107,0,1083,0,149,0,1411,0,0,0,1186,0,0,0,0,0,0,0,1,1,15,3,60,0,1,0,0,0,7,0,0,0,0,0,0,0,85,0,3,0,423,0,0,0,877,0,0,0,1,0,0,0,0,1,1,0,0,0,1,0,1,0,0,0,1,1,0,0,0,0,0,0,0,0,0,0,0,0,0,0,0,0,0,0,0,0,0,0,0,0,1,0,0,0,0,0,1,0,0,0,0,0,0,0,0,0,0,0,0,0,0,0,0,0,0,0,0,0,0,1,0
0,0,0,0,0,0,0,0,0,0,0,0,0,0,0,2,0,0,0,0,0,0,0,0,0,0,0,0,0,0,0,0,76,0,0,0,0,0,3,0,199,1,1182,7,1,0,260,51,41,2,1499,16,84,0,537,0,1273,0,0,3,2,0,1,0,4,0,0,0,2,1,66,15,1,0,0,0,27,0,1,0,0,0,17,0,129,0,563,0,759,0,110,0,2175,0,77,0,0,0,1,0,2,0,54,0,0,0,0,1,1,2,4,0,0,0,0,0,0,0,0,1,0,0,0,0,0,0,1,0,4,0,0,0,0,0,2,0,0,0,8,0,0,0,2,0,4,0,1,0,0,0,0,0,0,0,0,0,0,0,0,0,0,0,3,0,0,0,0,0,1,2
2,2,0,0,0,0,0,0,0,0,0,0,0,0,1,3,0,0,0,0,0,0,0,0,0,0,0,0,0,1,0,0,1,79,0,0,0,0,2,1,0,436,0,701,0,13,14,242,2,35,11,3483,1,18,0,56,0,1186,3,0,0,2,1,0,0,1,0,2,0,3,10,48,0,2,0,0,0,117,0,11,0,0,0,8,1,276,0,305,1,1058,0,379,0,2966,0,2,0,1,1,0,0,3,0,52,0,0,0,1,0,0,1,0,0,2,3,0,0,0,0,0,0,0,0,0,0,0,0,0,0,0,0,0,0,0,0,1,0,1,0,10,0,0,0,4,0,5,0,0,0,1,0,0,0,0,0,0,0,0,0,1,0,0,0,2,0,0,0,1,2,0
5891,177,325,24,60,2,61,0,15,0,0,0,777,16,212,295,1,0,3,1,0,0,0,0,0,0,0,0,1,0,0,0,1424,18,0,0,205,226,30,2,23,2,1,0,1,1,8,2,9,1,6,0,66,0,33,0,1,0,2,0,0,91,2219,18,1868,5,1322,7,220,4,651,54,1576,172,193,5,206,28,7,5,0,0,119,0,601,5,9,0,223,1,0,0,3,0,1,3,0,4,11,4,0,0,0,4,1,0,1,3,2,0,3,2,3,2,0,1,0,0,0,5,0,0,14,1,19,0,4,1,164,9,4,1,2,0,100,7,11,1,4,2,0,0,0,0,150,18,12,1,21,8,0,0,0,0,3,0,0,0,41,8,37,7,120,11,155,11,6,1,60,6
28,2697,13,136,5,75,0,50,0,2,0,0,0,1016,18,231,0,0,1,0,0,0,0,0,0,0,0,0,0,0,0,0,10,1095,0,0,47,196,2,8,5,10,1,0,0,10,4,12,1,27,0,6,1,24,0,20,0,0,0,2,91,0,17,1762,7,549,9,1499,1,201,56,619,61,811,7,83,1,502,0,72,0,0,3,17,4,363,0,4,0,255,0,0,0,6,1,1,1,1,2,4,0,0,0,0,1,0,9,5,0,2,13,1,2,4,0,0,0,0,0,3,0,0,1,7,1,6,0,1,7,74,0,3,0,0,0,34,0,5,0,7,0,0,0,0,6,164,0,22,2,75,0,0,0,0,0,0,0,0,5,57,0,42,2,199,7,117,0,0,59,2
98,19,9,3,6,0,2,0,2,0,0,0,15,1,39,11,1,0,0,0,0,0,0,0,0,0,0,0,0,0,0,0,500,11,0,0,235,46,123,6,97,4,0,0,0,0,21,3,140,2,4,0,534,1,442,1,3,0,1,1,2219,17,0,24,1100,11,282,25,559,8,1724,66,117,21,78,3,133,10,33,2,0,0,59,4,145,15,1,0,279,2,0,0,10,0,0,10,1,3,11,15,1,1,0,6,0,2,3,15,4,1,7,3,6,3,1,1,0,0,0,6,0,0,4,1,4,0,4,0,126,1,8,0,0,0,47,3,7,0,5,3,0,0,1,0,151,21,7,1,28,2,0,0,0,0,1,0,0,0,15,0,33,4,87,3,65,1,4,1,59,4
7,160,4,3,0,6,0,13,0,1,0,0,3,26,2,51,0,0,0,0,0,0,0,0,0,0,0,0,0,0,0,0,7,204,0,0,28,98,15,7,8,14,1,0,0,1,3,5,1,68,0,4,1,335,0,51,0,0,0,0,18,1762,24,0,21,813,6,407,3,1105,29,1345,6,300,5,13,2,175,0,48,0,0,8,12,12,86,0,0,3,47,0,0,0,0,0,2,0,0,5,5,0,0,2,1,1,0,4,3,2,0,7,2,2,4,0,0,0,0,0,4,0,0,0,2,0,0,0,3,2,5,0,0,0,0,3,3,0,1,1,19,0,0,0,0,9,82,1,6,0,14,0,0,0,0,0,0,0,0,0,20,2,42,4,84,4,42,1,2,55,3
94,8,3,0,0,0,3,0,1,0,0,0,24,1,8,0,0,0,0,0,0,0,0,0,0,0,0,0,0,0,0,0,283,4,0,0,126,27,60,1,36,2,0,0,0,0,10,1,22,1,5,0,99,0,867,1,4,0,4,0,1868,7,1100,21,0,5,1484,14,2014,0,65,42,8,7,39,1,30,2,3,1,0,0,58,1,369,5,2,1,660,0,0,0,5,0,0,0,0,0,2,2,0,0,0,0,1,0,3,1,0,0,1,5,0,0,1,0,0,0,0,1,0,0,1,0,0,0,1,0,33,0,1,0,0,0,13,0,2,0,5,2,0,0,0,0,25,9,0,0,9,3,0,0,0,0,0,0,0,0,5,1,6,0,30,0,22,1,0,0,18,1
3,72,0,2,0,3,0,1,0,0,0,0,1,13,0,3,0,0,0,0,0,0,0,0,0,0,0,0,0,0,0,0,5,44,0,0,7,63,14,35,2,4,0,0,0,2,0,7,1,26,0,2,0,48,0,23,0,0,0,1,5,549,11,813,5,0,1,1327,0,1558,14,290,0,3,1,12,2,46,1,8,0,0,6,10,5,106,0,1,5,118,0,0,0,3,0,1,0,1,1,2,2,0,0,0,0,0,3,3,0,0,1,0,0,1,0,0,0,0,0,1,0,0,0,0,0,0,0,1,1,0,0,0,0,0,0,4,0,0,1,7,0,0,0,0,4,33,0,2,0,2,0,0,0,0,0,0,0,0,0,1,1,9,2,17,3,9,0,1,19,1
248,2,12,1,3,1,3,0,2,0,0,0,196,0,8,11,0,0,0,0,0,0,0,0,0,0,0,0,0,0,0,0,314,2,0,0,90,26,56,0,15,1,0,0,0,0,9,0,7,0,0,0,22,2,14,0,2,0,0,0,1322,9,282,6,1484,1,0,5,361,2,89,27,17,5,7,1,29,4,8,0,0,0,107,1,910,3,0,0,196,0,0,0,0,0,1,0,0,0,2,2,0,0,0,0,0,1,0,1,1,0,0,1,0,0,0,0,0,0,0,0,0,0,2,0,4,0,0,0,8,0,1,0,0,0,4,0,0,0,3,0,0,0,0,0,14,9,0,0,2,0,0,0,0,0,0,0,0,0,3,0,2,2,20,1,12,0,0,0,5,1
4,666,2,63,0,72,0,32,0,1,0,0,0,947,4,54,0,0,0,1,0,0,0,0,0,0,0,0,0,0,0,0,6,273,0,0,17,139,23,45,4,11,1,0,0,0,1,6,2,24,0,1,1,37,0,19,0,1,0,2,7,1499,25,407,14,1327,5,0,0,428,31,257,5,21,2,11,3,90,0,22,0,0,2,21,4,517,0,0,1,143,0,0,0,5,0,0,0,1,0,1,1,0,0,1,0,0,3,1,0,0,3,1,3,1,0,0,0,0,0,2,0,0,0,2,0,0,0,1,2,5,0,0,0,0,4,4,0,1,0,16,0,0,0,0,5,28,0,1,0,4,0,0,0,0,0,0,0,0,2,4,1,19,0,26,1,8,0,0,15,1
69,1,2,0,0,0,0,0,0,0,0,0,23,0,6,1,0,0,0,0,0,0,0,0,0,0,0,0,0,0,0,0,16,2,0,0,7,3,36,1,4,0,0,0,0,0,25,2,47,0,5,0,147,0,1500,0,8,1,2,0,220,1,559,3,2014,0,361,0,0,2,41,7,10,0,2,0,6,1,4,0,0,0,47,0,396,8,1,0,1962,0,0,0,9,0,0,0,0,0,1,0,0,0,1,1,0,0,0,1,0,0,0,2,0,1,0,0,0,0,0,0,0,0,1,0,0,0,1,0,3,0,0,0,0,0,6,0,0,0,1,0,0,0,0,0,4,0,0,0,0,0,0,0,0,0,0,0,0,0,0,1,3,0,1,0,2,2,0,0,4,1
2,112,0,1,0,6,0,0,0,0,0,0,1,6,3,5,0,0,0,0,0,0,0,0,0,0,0,0,0,0,0,0,1,41,0,0,2,15,33,60,8,9,0,0,0,0,8,33,1,93,0,11,1,532,0,962,0,15,1,3,4,201,8,1105,0,1558,2,428,2,0,20,532,2,5,0,1,0,15,2,5,0,0,8,39,15,809,0,0,5,1279,0,0,0,6,0,0,0,0,0,3,0,0,0,0,2,0,0,1,0,1,2,0,0,1,0,0,0,0,0,0,0,0,0,1,0,0,0,0,0,0,0,0,0,0,1,1,0,0,0,8,0,1,0,1,4,14,0,1,1,0,0,0,0,0,0,0,0,0,0,3,0,4,0,10,0,2,0,0,2,1
193,41,14,11,5,1,2,3,3,0,0,0,11,1,169,63,1,0,1,0,0,0,0,0,0,0,0,0,0,0,0,0,189,40,0,0,2424,136,958,161,118,68,49,28,0,2,1612,664,907,76,432,86,440,22,126,3,34,3,66,10,651,56,1724,29,65,14,89,31,41,20,0,822,1436,110,97,5,48,35,7,9,0,0,72,17,187,130,6,1,156,35,0,0,67,5,1,2,0,1,14,8,5,1,1,1,2,1,6,13,3,0,5,1,6,4,18,1,0,0,0,5,0,0,1,0,3,0,2,0,81,4,2,0,0,0,41,2,3,0,10,8,1,4,3,2,110,31,8,1,21,5,0,0,0,0,0,0,0,0,12,1,26,4,51,14,64,6,5,3,32,5
29,293,4,64,1,0,0,2,0,0,0,0,2,29,11,367,0,0,0,0,0,0,0,0,0,0,0,0,0,0,0,0,32,182,0,0,74,2464,255,671,72,202,17,46,0,0,419,1732,73,1155,110,365,32,947,6,463,1,60,15,48,54,619,66,1345,42,290,27,257,7,532,822,0,24,734,14,31,11,137,2,38,0,0,51,66,89,733,1,5,30,543,0,0,2,27,1,2,0,3,9,9,4,1,2,0,2,1,13,11,4,2,6,4,7,13,27,0,0,0,0,6,0,0,0,1,1,0,0,1,5,9,0,2,0,0,6,11,0,3,6,47,0,4,1,10,20,132,1,13,0,20,0,0,0,0,0,0,0,0,2,18,7,39,8,75,7,33,1,5,73,7
761,157,114,19,6,5,28,3,0,1,0,0,26,17,1268,482,1,0,0,1,0,0,0,0,0,0,0,0,0,0,0,0,213,31,0,0,1232,168,53,1,11,0,0,0,1,0,3,0,5,1,2,0,28,0,2,0,0,0,1,0,1576,61,117,6,8,0,17,5,10,2,1436,24,0,206,96,4,96,31,7,9,0,0,15,1,25,2,7,0,7,1,0,0,0,0,0,0,0,0,7,0,1,0,0,0,0,0,0,2,1,1,1,0,2,1,2,1,0,0,0,3,0,0,24,0,8,1,2,0,75,9,10,0,1,0,90,8,6,0,1,1,0,0,0,0,41,14,16,3,5,6,0,0,0,0,1,0,0,0,9,11,9,0,54,11,96,10,2,0,20,3
49,628,19,14,4,2,2,6,2,0,0,0,2,117,44,1434,0,0,0,1,0,0,0,0,0,0,0,0,0,0,0,0,24,135,0,0,131,367,2,2,0,0,0,1,0,4,1,1,2,8,0,0,0,5,0,0,0,1,0,2,172,811,21,300,7,3,5,21,0,5,110,734,206,0,18,47,4,159,1,19,0,0,3,2,2,6,1,0,0,3,0,0,0,0,0,0,0,0,0,2,0,0,1,0,1,0,0,1,0,1,1,1,4,0,0,0,0,0,0,0,0,0,1,1,1,0,1,3,10,47,0,5,0,0,7,20,2,4,0,1,0,0,0,0,7,64,2,17,2,35,0,0,0,0,1,0,0,0,1,27,2,10,5,53,7,66,0,0,16,2
139,20,232,72,297,36,8,9,20,2,140,28,3,5,144,44,759,205,117,86,114,84,371,221,177,88,114,75,62,21,0,0,558,6,0,0,120,46,10,1,14,0,1,5,3,0,1,0,1,1,1,0,0,0,4,0,0,0,0,0,193,7,78,5,39,1,7,2,2,0,97,14,96,18,0,519,1728,89,182,73,0,0,0,0,9,1,4,0,1,0,0,0,0,0,0,2,1,0,10,6,0,2,0,2,0,0,3,3,0,1,0,1,6,5,0,0,0,0,0,4,82,2,54,3,209,4,122,1,215,1,15,1,0,0,253,2,32,0,2,0,2,0,0,0,476,2,69,0,89,3,34,67,117,70,246,360,318,379,15,2,20,0,58,1,82,2,1,1,43,3
12,70,13,76,9,43,1,17,2,34,13,33,2,9,19,127,461,316,6,37,42,40,206,522,31,335,6,164,5,89,0,1,13,103,0,0,13,65,3,5,0,6,0,12,0,13,0,1,0,2,1,0,0,3,0,0,0,0,0,0,5,83,3,13,1,12,1,11,0,1,5,31,4,47,519,0,46,2255,17,468,0,0,1,0,0,3,0,7,1,0,0,0,0,1,0,0,0,0,1,1,0,1,0,0,0,0,1,1,0,1,4,0,2,0,0,0,0,0,0,0,0,65,0,41,2,371,2,145,1,106,1,13,0,0,4,104,1,14,0,1,0,2,0,0,0,342,0,48,0,72,6,116,3,16,2,66,141,619,0,27,0,9,0,69,3,74,0,3,23,1
104,10,142,17,92,12,20,3,74,8,278,3,7,2,210,40,1445,24,60,17,22,7,446,128,325,25,52,20,699,6,0,0,2668,2,0,0,69,29,13,1,342,2,38,1,100,0,2,0,3,1,4,0,6,1,4,1,2,0,27,0,206,1,133,2,30,2,29,3,6,0,48,11,96,4,1728,46,0,29,899,23,0,0,165,0,67,1,225,1,103,0,0,0,60,0,1,0,0,0,6,0,3,0,0,1,0,0,4,0,2,0,1,3,0,0,0,0,1,0,0,1,76,1,0,1,246,10,40,1,6,0,10,2,0,0,41,11,24,2,7,0,0,0,11,0,10,1,1,0,0,0,5,16,4,0,7,10,78,26,1,0,8,0,11,4,7,2,0,0,1,2
37,376,28,339,39,617,5,149,14,531,6,68,1,91,84,631,175,311,31,168,13,29,103,345,15,149,5,36,5,147,0,3,24,1602,0,0,40,198,14,18,2,573,1,64,0,93,19,36,3,10,0,20,3,9,1,5,0,7,0,117,28,502,10,175,2,46,4,90,1,15,35,137,31,159,89,2255,29,0,8,507,0,0,5,4,5,208,0,396,3,186,0,3,0,59,0,4,1,1,4,3,3,2,0,2,0,0,3,9,2,1,0,3,0,1,0,0,0,0,0,2,0,100,1,6,13,273,5,32,2,11,3,12,0,0,11,58,0,5,0,39,0,2,0,14,3,35,1,2,1,9,1,14,1,19,12,9,25,78,0,8,4,18,4,38,5,14,0,2,9,0
11,2,29,3,16,4,1,0,21,1,9,1,1,0,32,5,449,10,13,3,0,0,30,18,10,6,2,0,50,0,0,0,115,0,0,0,14,8,0,0,26,0,2,0,38,0,1,0,0,0,1,0,0,0,3,0,0,0,1,0,7,0,33,0,3,1,8,0,4,2,7,2,7,1,182,17,899,8,0,8,0,0,0,1,6,0,25,0,4,0,0,0,3,0,0,0,0,0,0,0,0,0,0,0,0,0,0,0,0,0,0,0,0,0,0,0,0,0,0,0,56,0,4,0,339,11,20,0,7,0,0,0,1,0,15,1,2,0,1,0,0,0,0,0,2,0,0,0,0,0,0,0,0,0,0,0,206,10,0,0,0,0,4,1,4,0,0,0,0,0
7,49,11,71,6,55,3,17,4,41,0,2,0,15,5,136,59,90,13,26,2,6,22,25,8,22,0,6,2,73,0,0,16,52,0,0,7,44,3,4,0,168,0,33,0,69,1,3,0,3,0,1,1,1,0,1,0,0,0,11,5,72,2,48,1,8,0,22,0,5,9,38,9,19,73,468,23,507,8,0,0,0,0,1,0,15,0,96,1,26,0,3,0,17,1,1,0,0,2,0,1,0,0,1,0,0,3,1,0,3,1,0,1,0,0,0,0,0,0,1,5,108,1,9,12,118,1,42,0,3,3,3,0,0,4,48,0,11,0,3,0,0,0,0,0,9,0,1,0,5,0,0,0,0,5,1,10,96,1,3,0,4,0,10,0,19,0,0,0,0
0,0,0,0,0,0,0,0,0,0,0,0,0,0,0,0,0,0,0,0,0,0,0,0,0,0,0,0,0,0,0,0,0,0,0,0,0,0,0,0,0,0,0,0,0,0,0,0,0,0,0,0,0,0,0,0,0,0,0,0,0,0,0,0,0,0,0,0,0,0,0,0,0,0,0,0,0,0,0,0,0,0,0,0,0,0,0,0,0,0,0,0,0,0,0,0,0,0,0,0,0,0,0,0,0,0,0,0,0,0,0,0,0,0,0,0,0,0,0,0,0,0,0,0,0,0,0,0,0,0,0,0,0,0,0,0,0,0,0,0,0,0,0,0,0,0,0,0,0,0,0,0,0,0,0,0,0,0,0,0,0,0,0,0,0,0,0,0,0,0
0,0,0,0,0,0,0,0,0,0,0,0,0,0,0,0,0,0,0,0,0,0,0,0,0,0,0,0,0,0,0,0,0,0,0,0,0,0,0,0,0,0,0,0,0,0,0,0,0,0,0,0,0,0,0,0,0,0,0,0,0,0,0,0,0,0,0,0,0,0,0,0,0,0,0,0,0,0,0,0,0,0,0,0,0,0,0,0,0,0,0,0,0,0,0,0,0,0,0,0,0,0,0,0,0,0,0,0,0,0,0,0,0,0,0,0,0,0,0,0,0,0,0,0,0,0,0,0,0,0,0,0,0,0,0,0,0,0,0,0,0,0,0,0,0,0,0,0,0,0,0,0,0,0,0,0,0,0,0,0,0,0,0,0,0,0,0,0,0,0
80,0,6,0,3,0,10,0,5,0,0,0,97,0,5,2,0,0,0,0,0,0,0,0,0,0,0,0,0,0,0,0,458,5,0,0,34,5,62,9,15,2,0,0,0,0,42,2,21,3,33,0,29,2,42,0,11,0,17,0,119,3,59,8,58,6,107,2,47,8,72,51,15,3,0,1,165,5,0,0,0,0,0,5,473,24,5,0,141,3,0,0,4,0,0,0,0,0,1,1,1,0,0,0,0,0,2,0,2,0,1,0,0,2,0,1,0,0,0,3,0,0,0,0,0,1,0,0,5,0,0,0,0,0,1,0,0,0,7,2,0,0,0,1,13,5,0,0,0,0,0,0,0,0,0,0,0,0,0,0,2,2,2,1,0,0,0,0,4,1
1,11,0,1,0,4,0,3,0,0,0,0,0,236,0,1,0,0,0,0,0,0,0,0,0,0,0,0,0,0,0,0,1,82,0,0,1,8,9,21,1,8,0,0,0,0,3,9,1,5,0,5,2,12,0,7,0,0,0,8,0,17,4,12,1,10,1,21,0,39,17,66,1,2,0,0,0,4,1,1,0,0,5,0,13,551,0,0,0,3,0,0,0,0,1,0,0,0,0,0,0,0,0,0,0,0,0,0,0,1,0,0,0,0,0,0,0,0,0,1,0,0,0,0,0,0,0,0,0,0,0,0,0,0,0,0,0,0,0,1,0,0,0,0,0,2,0,0,0,0,0,0,0,0,0,0,0,0,0,0,0,0,2,0,1,1,0,1,1,0
236,2,33,0,4,0,7,0,4,0,0,0,312,2,19,6,0,0,0,0,0,0,0,0,0,0,0,0,0,0,0,0,783,5,0,0,69,15,136,7,205,3,41,0,0,0,160,4,89,5,94,0,71,1,124,3,50,0,129,1,601,4,145,12,369,5,910,4,396,15,187,89,25,2,9,0,67,5,6,0,0,0,473,13,0,39,465,0,3290,2,2,0,119,0,0,2,0,0,8,2,1,1,3,1,0,0,2,1,0,0,8,0,2,3,0,0,0,0,0,3,0,0,0,0,0,0,0,0,12,0,0,0,0,0,2,2,0,0,17,5,0,0,7,0,18,5,0,0,0,0,0,0,0,0,0,0,0,0,2,0,13,3,7,3,5,2,1,0,11,3
0,246,0,25,0,14,0,1,0,0,0,0,2,141,3,13,0,0,0,0,0,0,0,0,0,0,0,0,0,0,0,0,11,339,0,0,4,18,61,95,13,416,1,26,0,8,98,452,9,133,4,167,11,91,1,95,1,85,0,276,5,363,15,86,5,106,3,517,8,809,130,733,2,6,1,3,1,208,0,15,0,0,24,551,39,0,0,724,23,2265,0,24,1,108,0,1,0,1,0,2,1,1,2,3,0,1,7,4,0,4,2,5,3,6,0,0,0,0,0,2,0,0,0,2,0,0,0,0,5,0,0,0,0,0,1,1,0,0,2,30,0,2,1,12,8,41,0,2,0,1,0,0,0,0,0,0,0,0,0,2,0,8,4,6,0,4,1,3,15,1
24,6,28,3,23,2,6,2,20,1,151,0,1,0,35,15,45,0,0,1,0,0,2,0,5,0,14,0,367,0,53,0,943,0,0,0,4,0,0,0,1008,0,346,0,487,0,1,0,1,0,2,0,3,0,3,0,6,0,563,0,9,0,1,0,2,0,0,0,1,0,6,1,7,1,4,0,225,0,25,0,0,0,5,0,465,0,0,0,720,0,796,0,678,0,0,0,0,0,0,0,0,0,0,0,0,0,0,0,0,0,1,2,0,0,0,0,0,0,0,0,4,0,3,0,4,1,3,0,1,0,0,0,0,0,6,1,1,1,28,1,0,0,3,0,2,0,0,1,0,0,0,0,0,0,0,1,0,0,0,0,0,0,6,0,4,0,0,0,1,0
1,6,0,25,0,18,0,1,1,16,0,9,0,1,1,21,0,58,0,4,0,10,0,1,0,1,0,3,0,111,0,0,0,273,0,0,1,3,0,1,1,1166,0,212,0,602,0,10,0,0,0,8,0,1,1,0,0,3,0,305,0,4,0,0,1,1,0,0,0,0,1,5,0,0,0,7,1,396,0,96,0,0,0,0,0,724,0,0,1,611,0,831,0,564,0,0,0,0,0,1,0,0,0,0,0,1,0,1,1,0,0,1,0,0,0,0,0,0,0,0,0,1,0,0,1,1,0,0,0,1,0,1,0,0,1,14,0,4,0,13,0,0,0,1,0,1,0,0,0,1,0,0,0,13,1,0,0,0,0,0,1,2,0,6,0,4,0,0,0,0
46,1,6,1,4,2,1,0,2,0,0,0,31,0,17,4,0,0,2,1,0,0,0,0,0,0,0,0,0,0,0,0,435,7,0,0,11,4,81,7,477,6,83,1,6,0,377,12,223,2,537,3,350,4,3317,1,518,0,759,1,223,0,279,3,660,5,196,1,1962,5,156,30,7,0,1,1,103,3,4,1,0,0,141,0,3290,23,720,1,0,3,541,0,2892,0,3,0,0,0,8,1,0,1,9,1,0,0,2,2,0,0,4,1,3,0,0,0,0,0,0,2,0,0,0,0,1,0,1,0,20,0,0,0,0,0,4,0,0,0,19,1,1,0,7,0,19,2,0,1,1,0,0,0,0,0,1,1,0,0,0,0,3,0,6,0,2,1,1,1,4,0
0,29,0,3,0,0,0,1,0,0,0,0,0,3,0,2,0,0,0,0,0,0,0,0,0,0,0,0,0,0,0,0,0,138,0,0,0,5,12,17,3,529,1,59,0,22,86,1023,12,240,2,488,2,485,2,3380,1,423,0,1058,1,255,2,47,0,118,0,143,0,1279,35,543,1,3,0,0,0,186,0,26,0,0,3,3,2,2265,0,611,3,0,0,662,1,3247,0,0,0,0,0,0,1,0,0,1,0,0,1,0,0,1,0,0,0,0,0,0,0,0,0,0,0,0,0,0,0,0,0,2,0,1,0,0,0,0,0,1,0,0,0,7,0,0,0,1,0,3,0,0,0,0,0,0,0,0,0,0,0,0,0,0,0,0,0,6,0,2,0,1,1,1
0,0,0,0,1,0,0,0,0,0,0,0,0,0,0,0,0,0,0,0,0,0,0,0,0,0,0,0,0,0,0,0,0,0,0,0,0,0,0,0,3,0,15,0,0,0,0,0,0,0,0,0,0,0,0,0,0,0,110,0,0,0,0,0,0,0,0,0,0,0,0,0,0,0,0,0,0,0,0,0,0,0,0,0,2,0,796,0,541,0,0,0,761,0,0,0,0,0,0,0,0,0,0,0,0,0,0,0,0,0,0,0,0,0,0,0,0,0,0,0,0,0,0,0,0,0,0,0,0,0,0,0,0,0,0,0,0,0,0,0,0,0,0,0,0,0,0,0,0,0,0,0,0,0,0,0,0,0,0,0,0,0,0,0,0,0,0,0,0,0
0,0,0,0,0,0,0,0,0,0,0,0,0,0,0,0,0,0,0,0,0,0,0,0,0,0,0,0,0,9,0,0,0,1,0,0,0,0,0,0,0,98,0,240,0,27,0,0,0,0,0,0,0,0,0,0,0,0,0,379,0,0,0,0,0,0,0,0,0,0,0,0,0,0,0,0,0,3,0,3,0,0,0,0,0,24,0,831,0,662,0,0,0,686,0,0,0,0,0,0,0,0,0,0,0,0,0,0,0,0,0,0,0,0,0,0,0,0,0,0,0,0,0,0,0,0,0,0,0,0,0,0,0,0,0,0,0,0,0,0,0,0,0,0,0,0,0,0,0,0,0,0,0,0,0,0,0,0,0,0,0,0,0,0,0,0,0,0,0,0
3,0,1,0,2,0,1,0,1,0,0,0,0,0,8,0,0,0,1,0,0,0,0,0,0,0,0,0,0,0,0,0,124,1,0,0,1,0,29,1,256,0,27,0,1,0,96,10,108,1,226,0,119,0,670,2,856,0,2175,0,3,0,10,0,5,0,0,0,9,0,67,2,0,0,0,0,60,0,3,0,0,0,4,0,119,1,678,0,2892,1,761,0,0,0,6,0,0,0,0,0,0,0,5,0,0,0,1,0,0,0,0,0,1,1,0,0,0,0,0,0,0,0,1,0,0,0,0,0,0,0,0,0,0,0,1,0,0,0,18,0,0,0,1,0,0,0,0,0,0,0,0,0,0,0,1,0,0,0,0,0,1,0,1,0,0,0,0,0,0,0
0,0,0,0,1,0,0,0,0,0,0,0,0,0,2,2,0,0,0,1,0,0,0,0,0,0,0,0,0,2,0,0,0,28,0,0,0,0,2,0,1,274,0,60,0,11,6,241,2,58,1,395,1,110,0,654,0,877,0,2966,0,6,0,0,0,3,0,5,0,6,5,27,0,0,0,1,0,59,0,17,0,0,0,0,0,108,0,564,0,3247,0,686,0,0,0,0,0,0,0,0,0,0,0,1,0,0,0,0,0,0,0,0,0,0,3,0,0,0,0,1,0,0,0,0,0,0,0,0,0,0,0,0,0,0,0,1,0,0,0,3,0,0,0,1,0,1,0,0,0,0,0,0,0,0,0,0,0,0,0,0,0,0,0,0,0,0,0,1,0,0
0,0,0,0,0,0,0,0,1,0,0,0,0,0,0,2,0,0,0,0,0,0,0,0,0,0,0,0,0,0,0,0,0,0,0,0,0,0,0,0,3,2,3,0,0,0,1,0,0,0,14,1,2,0,22,0,26,0,77,0,1,1,0,0,0,0,1,0,0,0,1,1,0,0,0,0,1,0,0,1,0,0,0,1,0,0,0,0,3,0,0,0,6,0,0,19,7071,19,20,5,582,8,4746,49,525,7,489,58,68,20,2,13,5,1,20,57,322,21,2,7,0,0,0,0,0,0,0,0,0,0,0,0,0,0,0,0,0,0,0,0,0,0,0,0,0,0,0,0,0,0,0,0,0,0,0,0,0,0,3,3,0,0,0,0,0,0,1,9,4,13
1,0,0,0,0,0,0,0,1,0,0,0,0,0,0,0,0,0,0,0,0,0,0,0,0,0,0,0,0,0,0,0,3,0,0,0,1,1,2,0,4,3,0,0,0,0,0,3,0,2,0,41,0,1,0,0,0,0,0,2,3,1,10,2,0,1,0,0,0,0,2,2,0,0,2,0,0,4,0,1,0,0,0,0,2,1,0,0,0,0,0,0,0,0,19,0,16,3811,3,199,36,369,11,3544,9,702,89,1499,18,115,10,11,9,3,74,33,137,12,1,5,0,0,0,0,0,0,0,0,0,0,0,0,0,0,0,0,0,0,0,0,0,0,0,0,1,1,0,0,0,0,0,0,0,0,0,0,0,0,0,3,0,0,0,0,0,1,0,4,4,11
1,0,0,0,0,0,0,0,0,0,0,0,0,0,0,0,0,0,0,0,0,0,0,0,0,0,0,0,0,0,0,0,0,1,0,0,0,0,0,0,5,0,4,0,0,0,0,0,0,0,0,1,0,0,0,0,0,0,0,0,0,1,1,0,0,0,0,0,0,0,0,0,0,0,1,0,0,1,0,0,0,0,0,0,0,0,0,0,0,0,0,0,0,0,7071,16,0,61,28,8,592,14,999,41,2859,7,777,88,60,8,5,6,2,1,44,48,444,240,7,2,0,0,0,0,0,0,0,0,0,0,0,0,0,0,0,0,0,0,1,0,1,0,0,0,0,0,0,0,0,0,0,0,0,0,0,0,0,0,1,2,0,0,0,0,0,0,0,6,1,12
0,0,0,0,0,0,0,0,0,0,0,0,0,0,0,0,0,0,0,0,0,0,0,0,0,0,0,0,0,0,0,0,1,0,0,0,2,1,0,0,1,4,1,2,0,0,0,0,0,1,0,1,0,1,0,0,0,1,0,1,4,1,3,0,0,1,0,1,0,0,1,3,0,0,0,0,0,1,0,0,0,0,0,0,0,1,0,0,0,0,0,0,0,0,19,3811,61,0,7,201,40,289,10,708,16,2039,73,2040,10,95,6,5,12,4,136,103,144,25,6,4,0,0,0,0,0,0,0,0,0,0,0,0,0,0,0,0,0,0,1,3,0,0,0,0,1,1,0,0,0,0,0,0,0,0,0,0,0,0,1,4,3,3,0,0,1,0,0,1,2,14
0,3,0,0,0,0,0,0,0,0,0,0,1,0,4,2,0,0,1,0,0,0,0,0,0,0,0,0,0,0,0,0,5,0,0,0,5,6,7,0,77,6,16,1,0,0,4,2,3,0,209,4,1,1,1,0,1,0,1,1,11,2,11,5,2,1,2,0,1,0,14,9,7,0,10,1,6,4,0,2,0,0,1,0,8,0,0,0,8,0,0,0,0,0,20,3,28,7,0,64,284,9,59,7,57,4,252,57,823,33,22,17,171,220,6,7,2,3,26,81,0,0,0,0,0,0,0,0,0,1,0,0,0,0,16,5,0,0,10,1,1,0,42,2,149,21,2,1,1,0,0,0,0,0,0,0,0,0,29,2,17,2,0,2,30,3,31,30,313,299
0,1,0,1,0,0,0,0,0,0,0,0,0,1,2,1,0,0,0,0,0,0,0,0,0,0,0,0,0,0,0,0,1,1,0,0,4,4,1,3,2,21,8,3,0,0,0,3,0,3,0,58,0,0,1,0,0,0,0,0,4,4,15,5,2,2,2,1,0,3,8,9,0,2,6,1,0,3,0,0,0,0,1,0,2,2,0,1,1,0,0,0,0,0,5,199,8,201,64,0,60,443,5,277,19,103,86,1014,30,294,14,20,118,203,86,47,16,5,14,68,0,0,0,1,0,0,0,0,0,2,0,0,0,0,4,1,0,0,0,0,0,0,0,13,11,56,0,0,0,0,0,0,0,0,0,0,0,0,0,9,2,11,0,2,5,4,6,112,223,86
1,1,1,1,0,0,0,0,0,0,0,0,0,0,0,0,0,0,0,0,0,0,0,0,0,0,0,0,0,0,0,0,0,1,0,0,0,1,1,0,40,4,15,3,0,0,1,4,2,0,101,8,0,0,1,0,0,0,2,0,0,0,1,0,0,2,0,1,0,0,5,4,1,0,0,0,3,3,0,1,0,0,1,0,1,1,0,0,0,1,0,0,0,0,582,36,592,40,284,60,0,224,1866,73,658,11,2206,231,732,97,45,73,22,14,546,211,34,67,42,50,0,0,0,0,1,0,0,0,1,0,0,0,0,0,2,0,0,0,1,0,0,0,15,0,47,2,0,0,0,0,0,0,0,0,0,0,0,0,17,6,6,1,0,0,2,2,15,35,10,27
1,0,0,0,0,0,0,0,0,0,0,0,0,0,0,0,0,0,0,0,0,0,0,0,0,0,0,0,0,0,0,0,1,0,0,0,0,1,1,0,0,6,1,0,0,0,0,0,1,1,0,3,0,0,0,0,0,0,0,3,0,0,1,0,0,0,0,0,0,0,1,1,0,0,2,1,0,2,0,0,0,0,0,0,1,1,0,0,1,0,0,0,0,0,8,369,14,289,9,443,224,0,31,1364,19,145,59,988,33,361,11,13,7,19,645,129,47,31,10,16,0,0,0,0,0,0,0,0,0,0,0,0,0,0,0,0,0,0,0,1,0,0,0,0,0,2,0,0,0,0,0,0,0,0,0,0,0,0,0,1,0,1,0,0,0,0,3,13,1,5
0,0,0,0,0,0,0,0,0,0,0,0,0,0,0,1,0,0,0,0,0,0,0,0,0,0,0,0,0,0,0,0,0,0,0,0,2,0,0,0,3,3,7,0,0,0,9,1,1,0,67,1,3,0,1,0,6,1,54,0,0,0,0,2,0,0,0,0,1,0,1,2,0,1,0,0,0,0,0,0,0,0,0,0,3,2,0,0,9,0,0,0,5,0,4746,11,999,10,59,5,1866,31,0,67,469,7,568,97,315,36,15,31,5,2,95,451,50,40,1,8,0,0,0,0,0,0,0,0,0,0,0,0,0,0,0,0,0,0,0,0,0,0,0,0,2,0,0,0,0,1,0,0,0,0,0,0,0,0,1,0,0,0,0,0,0,0,4,10,4,7
