0,301,2760,32,1875,55,804,41,379,7,5,0,731,27,1116,391,0,0,16,0,0,0,0,0,0,0,0,0,0,0,0,0,561,24,0,0,123,130,27,3,43,2,0,0,4,0,0,1,18,2,4,0,90,3,273,0,4,0,3,0,6643,62,718,11,558,14,751,15,211,14,352,47,1123,78,1102,120,609,12,178,29,0,0,41,5,927,12,37,0,560,2,0,0,49,1,0,1,1,0,19,2,0,0,0,1,3,1,2,8,2,5,0,2,0,0,0,1,0,0,0,0,0,0,8,0,128,12,533,40,65,6,3,1,0,0,142,5,47,2,0,0,0,0,0,3,84,14,30,7,34,4,0,0,0,0,47,11,0,0,5,0,5,0,67,3,20,0,0,2,3,0
301,0,55,3073,87,2767,38,1279,28,160,0,3,8,424,441,2037,0,0,31,9,0,0,0,0,0,0,0,0,0,0,0,0,34,171,0,0,90,185,3,1,1,13,0,0,0,1,3,8,3,73,0,2,1,48,3,153,0,4,0,10,84,3545,27,454,6,333,3,713,3,512,51,607,248,832,194,1012,34,148,16,311,0,0,1,8,5,256,3,3,8,196,0,0,2,16,0,1,0,0,0,1,0,0,0,0,0,0,1,0,2,1,0,0,2,0,0,0,0,0,0,1,0,0,0,0,20,66,26,399,11,48,1,22,0,2,9,15,3,15,0,0,0,0,0,0,3,84,0,35,1,17,0,0,2,0,32,32,0,0,2,0,0,1,5,22,1,3,0,1,1,0
2760,55,0,83,5847,103,167,54,423,29,678,1,67,1,2106,111,2,3,3120,137,92,10,8,1,118,3,411,1,134,0,13,0,648,10,0,0,85,74,5,1,4,0,1,0,5,1,0,0,6,0,0,0,20,0,66,0,4,0,1,1,97,3,82,2,121,2,45,8,55,0,28,5,123,4,925,288,600,14,220,26,0,0,7,0,45,2,162,4,73,1,0,0,16,1,0,0,0,1,2,0,0,0,0,0,1,0,0,2,0,0,0,0,0,0,0,0,0,0,0,0,1,0,0,0,83,3,38,8,14,3,0,0,2,0,25,4,10,2,0,0,0,0,0,0,16,10,6,1,5,0,0,0,1,44,94,15,0,0,0,0,0,0,10,1,3,0,0,0,0,1
32,3073,83,0,84,6115,10,755,10,491,7,371,2,143,105,2176,5,32,440,1575,16,93,4,65,2,84,0,329,6,162,1,36,30,408,0,0,24,503,0,6,0,25,0,0,0,92,0,1,0,42,0,0,0,17,1,19,0,0,0,17,8,220,5,116,2,29,1,78,2,54,54,855,7,175,108,885,52,741,20,387,0,0,0,8,3,29,12,281,0,11,0,1,2,14,0,0,0,0,1,3,0,0,0,0,0,0,0,0,0,0,0,0,0,0,0,0,0,0,0,0,0,0,0,0,7,86,2,80,1,20,0,5,0,2,1,37,1,21,0,0,0,0,0,0,3,59,0,20,1,8,4,3,134,48,68,239,0,15,1,1,0,2,1,10,0,0,0,1,0,0
1875,87,5847,84,0,129,417,58,2305,25,974,1,219,5,954,132,0,1,545,51,23,5,2,1,52,0,141,0,67,0,2,0,878,20,0,0,22,76,5,4,6,2,0,1,7,0,0,0,0,1,2,0,6,0,10,1,1,0,0,1,239,6,34,7,126,5,95,10,50,5,7,9,51,7,1811,295,634,26,302,27,0,0,12,0,169,7,149,3,60,0,0,0,6,0,1,0,0,1,5,0,0,0,0,0,0,0,2,3,0,2,0,1,0,0,0,1,0,0,0,1,1,0,0,0,114,11,52,9,21,7,5,0,2,0,46,7,15,2,0,0,0,0,0,0,16,12,12,3,8,2,0,0,3,8,45,19,0,1,1,0,1,0,25,3,3,0,0,1,1,0
55,2767,103,6115,129,0,13,932,29,1743,4,835,5,122,202,837,0,28,352,317,1,44,0,25,0,82,0,159,2,176,0,59,28,499,0,0,61,160,1,20,0,19,0,0,0,47,0,1,0,3,0,1,1,8,1,11,1,0,0,11,14,265,4,93,3,80,0,195,1,122,8,43,5,45,117,1338,41,512,19,284,0,0,0,8,2,112,9,172,2,27,0,0,2,6,0,0,0,0,1,3,0,0,0,0,0,0,0,0,0,0,0,0,0,0,0,0,1,0,0,0,0,0,1,0,6,62,3,48,3,16,0,7,0,6,4,36,4,18,0,0,0,0,0,0,0,57,1,12,0,12,0,0,56,13,81,106,0,5,1,0,0,0,3,5,0,2,0,1,0,0
804,38,167,10,417,13,0,7,894,4,6,0,1059,1,398,56,0,0,17,0,0,0,0,0,0,0,0,0,0,0,0,0,852,3,0,0,16,16,0,1,3,2,1,0,2,0,0,0,0,0,0,0,2,0,8,0,1,0,0,0,468,4,15,2,13,0,116,1,6,0,19,3,186,5,443,30,99,7,21,3,0,0,3,0,46,1,10,0,6,1,1,0,1,0,0,0,0,0,4,1,0,0,0,0,0,0,0,0,0,0,0,0,0,0,0,0,0,0,0,0,0,0,0,0,18,2,60,1,13,0,1,0,0,0,25,0,6,1,0,0,0,0,0,0,8,4,3,0,2,0,0,0,0,0,57,11,0,0,0,0,0,0,6,0,5,0,0,0,0,0
41,1279,54,755,58,932,7,0,8,1745,0,4,4,977,139,929,0,0,69,61,0,0,0,0,0,0,0,0,0,0,0,0,23,946,0,0,40,124,0,8,0,5,0,0,0,3,0,0,0,0,0,1,0,1,0,2,0,0,0,5,3,213,0,29,1,25,0,266,0,17,8,35,5,35,45,813,15,100,8,77,0,0,0,5,2,28,3,2,1,12,0,0,0,8,0,0,0,0,0,3,0,0,0,0,0,0,0,2,0,0,0,0,0,0,0,0,0,0,0,0,0,0,0,1,7,36,4,72,2,18,0,7,0,3,2,17,0,20,0,0,0,0,0,0,1,67,0,26,0,12,0,0,6,0,44,88,0,1,0,0,0,1,3,3,0,0,0,1,0,0
379,28,423,10,2305,29,894,8,0,5,879,0,445,3,538,56,0,0,163,6,0,0,0,0,0,0,2,0,5,0,3,0,1614,2,0,0,42,28,2,1,4,0,0,0,3,0,0,0,0,0,0,0,3,1,6,0,0,0,0,0,85,3,17,0,21,0,28,3,4,0,8,4,51,0,852,47,347,1,265,6,0,0,7,0,14,0,66,1,11,1,0,0,3,0,0,0,0,0,1,1,1,0,0,0,0,0,1,1,0,0,1,1,0,0,0,0,0,0,0,0,1,0,3,0,57,1,43,3,20,1,0,0,0,0,37,0,11,1,0,0,0,0,0,0,16,1,10,1,9,0,0,0,0,1,53,13,0,0,2,0,0,0,8,0,2,0,0,1,0,0
7,160,29,491,25,1743,4,1745,5,0,1,656,1,312,28,327,0,0,105,268,0,1,0,0,0,0,1,1,1,4,0,9,4,1244,0,0,15,139,1,2,0,16,0,0,0,36,0,1,0,1,0,0,0,0,0,5,0,0,0,8,1,96,1,23,1,19,0,49,0,11,2,19,2,24,24,901,10,486,4,185,0,0,0,11,0,23,0,201,0,11,0,2,0,26,0,0,0,0,1,0,0,0,0,0,0,0,0,0,0,0,0,0,0,0,0,0,0,0,0,0,0,1,0,0,3,15,0,24,1,6,0,4,0,4,0,27,2,6,0,0,0,0,0,0,0,35,0,4,0,5,0,0,11,8,46,71,0,0,0,0,0,1,0,0,0,0,0,0,0,0
5,0,678,7,974,4,6,0,879,1,0,0,2,0,8,3,1,1,383,13,106,3,15,0,130,0,333,0,426,0,445,0,1529,1,0,0,3,3,0,0,3,0,0,0,5,0,0,0,0,0,0,0,0,0,1,0,0,0,0,0,6,0,1,0,2,0,0,0,0,0,0,1,1,0,201,20,401,1,129,0,0,0,0,0,0,0,94,1,0,0,0,0,1,0,0,0,0,0,1,0,0,0,0,0,0,0,0,0,0,0,0,0,0,0,0,0,0,0,0,0,0,0,0,0,4,0,0,0,1,0,1,0,1,0,4,0,0,0,0,0,0,0,0,0,2,0,0,0,0,0,1,0,0,4,1,0,0,0,0,0,0,0,2,0,0,0,0,0,0,0
0,3,1,371,1,835,0,4,0,656,0,0,0,1,1,4,0,19,11,75,0,44,0,44,0,56,0,278,1,640,0,378,2,739,0,0,0,4,0,1,0,3,0,0,0,79,0,0,0,0,0,0,0,0,0,0,0,0,0,4,0,2,0,5,0,2,0,6,0,1,0,2,0,5,1,139,1,321,0,49,0,0,0,0,0,2,0,397,0,10,0,2,0,10,0,0,0,0,0,0,0,0,0,0,0,0,0,0,0,0,0,0,0,0,0,0,0,0,0,0,0,0,0,0,0,5,0,0,0,0,0,0,0,0,0,1,0,0,0,0,0,0,0,0,0,1,0,2,0,0,0,0,1,5,2,6,0,4,0,0,0,0,0,0,0,0,0,0,0,0
731,8,67,2,219,5,1059,4,445,1,2,0,0,1,78,19,0,0,18,0,0,0,0,0,0,0,0,0,0,0,1,0,673,1,0,0,6,5,5,0,8,1,0,0,0,0,2,0,0,1,2,0,3,1,14,1,1,0,0,0,627,0,17,1,14,0,55,6,18,1,7,10,98,0,110,4,190,2,19,1,0,0,78,2,317,5,1,0,46,0,0,0,3,0,0,1,1,1,2,0,1,0,0,0,0,1,0,3,1,0,1,0,0,0,0,0,0,1,0,1,0,0,1,0,8,0,17,3,7,0,0,0,1,1,6,0,2,1,0,0,0,0,0,1,5,0,0,1,3,0,0,0,0,0,7,1,0,0,3,0,0,0,7,1,4,0,0,0,0,0
27,424,1,143,5,122,1,977,3,312,0,1,1,0,44,328,0,0,2,5,0,0,0,0,0,0,0,0,0,0,0,1,8,833,0,0,7,36,0,2,0,7,0,0,0,0,0,0,0,4,0,0,0,1,0,4,0,0,0,4,8,1133,2,34,2,11,1,347,0,16,2,24,16,117,24,255,5,91,1,62,0,0,0,23,0,203,0,51,3,3,0,0,0,2,0,0,0,0,0,2,0,0,0,0,0,0,0,0,0,0,0,0,0,0,0,0,0,0,0,0,0,0,0,0,0,14,1,103,0,10,0,2,0,0,0,5,0,3,0,0,0,0,0,0,2,16,1,4,0,7,0,0,0,0,9,9,0,0,0,0,0,1,1,8,0,1,0,1,1,0
1116,441,2106,105,954,202,398,139,538,28,8,1,78,44,0,887,0,0,766,18,1,0,0,0,0,0,0,0,0,0,2,0,674,50,0,0,1541,363,14,8,14,4,1,0,2,1,4,0,14,2,1,2,26,1,45,1,1,0,3,2,156,77,204,10,67,10,17,21,23,12,311,20,1973,64,470,180,656,31,246,65,0,0,2,0,32,9,122,2,46,3,3,0,25,0,0,0,0,0,10,0,0,0,0,1,0,0,2,0,2,0,0,1,0,2,0,0,0,0,0,0,0,0,2,1,251,43,148,70,47,18,2,7,1,0,87,7,19,7,0,0,0,0,0,0,26,30,24,8,12,6,0,0,0,0,892,77,0,0,4,0,2,1,32,3,4,2,0,2,1,0
391,2037,111,2176,132,837,56,929,56,327,3,4,19,328,887,0,0,0,91,656,0,0,0,0,0,0,0,0,0,0,0,0,54,494,0,0,319,2504,1,47,6,40,1,3,1,7,0,1,3,17,0,4,3,6,4,3,0,1,0,43,153,393,26,191,9,29,3,73,4,23,95,612,519,1120,179,536,64,477,28,778,0,0,2,6,8,33,13,21,13,23,0,0,8,30,0,0,0,1,8,6,0,0,0,0,1,0,6,1,4,2,1,0,1,0,0,0,0,0,0,1,0,0,0,1,21,308,52,577,9,116,0,25,0,11,19,70,13,47,0,0,0,0,0,0,16,183,4,84,3,51,0,0,5,1,116,422,0,1,0,4,0,4,6,29,3,4,0,3,1,1
0,0,2,5,0,0,0,0,0,0,1,0,0,0,0,0,0,28,52,10,441,16,616,2,32,0,1,0,5,0,0,0,6,1,0,0,0,0,0,0,1,1,0,0,23,0,0,0,0,0,0,0,0,0,0,0,0,0,0,0,0,0,0,0,0,0,0,0,0,0,0,0,0,0,20,15,249,4,0,2,0,0,0,0,0,0,13,1,1,0,0,0,0,0,0,0,0,0,0,0,0,0,0,0,0,0,0,0,0,0,0,0,0,0,0,0,0,0,0,0,0,5,0,0,0,2,0,0,0,0,0,0,0,0,0,1,0,0,0,0,0,0,0,0,0,0,0,0,0,0,158,1,89,1,66,2,249,28,0,0,0,0,0,0,0,0,0,0,0,0
0,0,3,32,1,28,0,0,0,0,1,19,0,0,0,0,28,0,29,174,48,805,5,560,3,22,0,1,2,15,0,3,5,30,0,0,0,0,0,0,0,0,0,0,1,286,0,0,0,0,0,0,0,0,0,0,0,0,0,0,0,0,0,0,0,0,0,0,0,0,0,0,0,0,82,39,1,316,1,0,0,0,0,0,0,0,0,20,0,0,0,0,0,0,0,0,0,0,0,0,0,0,0,0,0,0,0,0,0,0,0,0,0,0,0,0,0,0,0,0,0,0,0,0,0,0,0,0,0,0,0,0,0,0,0,0,0,0,0,0,0,0,0,0,0,0,0,0,0,0,7,112,19,76,0,4,5,524,0,0,0,0,0,0,0,0,0,0,0,0
16,31,3120,440,545,352,17,69,163,105,383,11,18,2,766,91,52,29,0,820,479,113,46,26,104,3,35,2,192,6,23,1,646,35,0,0,564,165,9,1,7,2,0,0,23,5,0,0,0,0,0,0,0,0,1,0,0,0,1,0,24,3,5,1,6,1,2,1,0,0,2,2,10,3,804,610,508,83,124,57,0,0,2,0,3,0,173,14,1,0,0,1,0,2,0,0,0,0,1,0,1,0,0,0,0,0,0,0,0,0,0,0,1,0,0,0,0,0,0,0,0,0,0,0,13,12,5,1,7,3,2,1,2,0,13,7,5,4,0,0,0,0,0,0,4,7,3,0,1,3,32,1,214,313,501,79,17,22,1,0,0,0,11,0,2,1,0,0,0,0
0,9,137,1575,51,317,0,61,6,268,13,75,0,5,18,656,10,174,820,0,82,423,13,196,9,52,1,20,14,70,2,4,31,198,0,0,30,780,1,1,0,12,0,0,3,37,0,0,0,0,0,1,0,0,0,0,0,0,1,11,0,10,0,10,1,4,0,1,0,0,0,2,0,4,112,653,49,470,10,283,0,0,0,1,0,4,9,131,0,4,0,0,0,12,0,0,0,0,0,0,0,0,0,0,0,0,1,0,0,0,0,0,0,0,0,0,0,0,0,0,0,0,0,0,1,22,0,11,0,6,0,2,1,2,0,20,0,13,0,0,0,0,0,0,0,13,0,3,0,3,22,114,338,597,174,596,3,33,0,0,0,0,0,1,0,0,0,0,0,0
0,0,92,16,23,1,0,0,0,0,106,0,0,0,1,0,441,48,479,82,0,111,471,29,370,6,22,1,220,4,2,0,156,3,0,0,0,0,0,0,0,0,0,0,26,1,0,0,0,0,0,0,0,0,0,0,0,0,0,0,0,0,0,0,0,0,0,0,0,0,0,0,0,0,165,32,47,2,2,0,0,0,0,0,0,0,10,0,0,0,1,0,0,0,0,0,0,0,0,0,0,0,0,0,0,0,0,0,0,0,0,0,0,0,0,0,0,0,0,0,0,0,0,0,0,0,0,0,0,0,0,0,0,0,0,0,0,0,0,0,0,0,0,0,0,0,0,0,0,0,117,2,156,14,27,0,201,35,0,0,0,0,0,0,0,0,0,0,0,0
0,0,10,93,5,44,0,0,0,1,3,44,0,0,0,0,16,805,113,423,111,0,49,1244,7,225,1,87,5,139,0,0,8,65,0,0,0,2,0,0,0,1,0,0,0,26,0,0,0,0,0,0,0,0,0,0,0,0,0,0,0,0,0,0,0,0,0,0,0,0,0,0,0,0,23,159,2,22,1,2,0,0,0,0,0,0,1,20,0,0,0,0,0,0,0,0,0,0,0,0,0,0,0,0,0,0,0,0,0,0,0,0,0,0,0,0,0,0,0,0,0,0,0,0,0,0,0,0,0,0,0,0,1,0,0,0,0,0,0,0,0,0,0,0,0,0,0,0,0,0,22,434,112,140,3,69,5,123,0,0,0,0,0,0,0,0,0,0,0,0
0,0,8,4,2,0,0,0,0,0,15,0,0,0,0,0,616,5,46,13,471,49,0,236,602,0,6,0,197,2,0,0,143,0,0,0,0,0,0,0,0,0,0,0,7,0,0,0,0,0,0,0,0,0,0,0,0,0,0,0,0,0,0,0,0,0,0,0,0,0,0,0,0,0,32,8,10,1,0,0,0,0,0,0,0,0,1,1,0,0,0,0,0,0,0,0,0,0,0,0,0,0,0,0,0,0,0,0,0,0,0,0,0,0,0,0,0,0,0,0,0,0,0,0,0,0,0,0,0,0,0,0,0,1,0,0,0,0,0,0,0,0,0,0,0,0,0,0,0,0,31,0,32,5,8,1,257,1,0,0,0,0,0,0,0,0,0,0,0,0
0,0,1,65,1,25,0,0,0,0,0,44,0,0,0,0,2,560,26,196,29,1244,236,0,0,821,0,50,1,125,0,3,6,45,0,0,0,0,0,0,0,0,0,0,0,40,0,0,0,0,0,0,0,0,0,0,0,0,0,0,0,0,0,0,0,0,0,0,0,0,0,0,0,0,10,60,0,28,0,1,0,0,0,0,0,0,0,6,0,0,0,0,0,0,0,0,0,0,0,0,0,0,0,0,0,0,0,0,0,0,0,0,0,0,0,0,0,0,0,0,0,0,0,0,0,0,0,0,0,0,0,0,0,0,0,0,0,0,0,0,0,0,0,0,0,0,0,0,0,0,1,5,19,56,0,7,2,106,0,0,0,0,0,0,0,0,0,0,0,0
0,0,118,2,52,0,0,0,0,0,130,0,0,0,0,0,32,3,104,9,370,7,602,0,0,0,109,0,419,0,1,0,158,0,0,0,0,1,0,0,0,0,0,0,5,0,0,0,0,0,0,0,0,0,0,0,0,0,0,0,0,0,0,0,0,0,0,0,0,0,0,0,0,0,36,8,14,0,1,0,0,0,0,0,0,0,17,0,0,0,0,0,0,0,0,0,0,0,0,0,0,0,0,0,0,0,0,0,0,0,0,0,0,0,0,0,0,0,0,0,0,0,0,0,0,0,0,0,0,0,0,0,0,0,0,0,0,0,0,0,0,0,0,0,0,0,0,0,0,0,4,1,22,6,3,1,17,6,0,0,0,0,0,0,0,0,0,0,0,0
0,0,3,84,0,82,0,0,0,0,0,56,0,0,0,0,0,22,3,52,6,225,0,821,0,0,0,145,0,65,0,2,1,21,0,0,0,0,0,0,0,0,0,0,0,4,0,0,0,0,0,0,0,0,0,0,0,0,0,0,0,0,0,0,0,0,0,0,0,0,0,0,0,0,3,16,0,3,0,0,0,0,0,0,0,0,0,2,0,0,0,0,0,0,0,0,0,0,0,0,0,0,0,0,0,0,0,0,0,0,0,0,0,0,0,0,0,0,0,0,0,0,0,0,0,0,0,0,0,0,0,0,0,0,0,0,0,0,0,0,0,0,0,0,0,0,0,0,0,0,0,1,7,12,0,0,0,5,0,0,0,0,0,0,0,0,0,0,0,0
0,0,411,0,141,0,0,0,2,1,333,0,0,0,0,0,1,0,35,1,22,1,6,0,109,0,0,0,141,0,5,0,62,0,0,0,0,0,0,0,0,0,0,0,3,0,0,0,0,0,0,0,0,0,0,0,0,0,0,0,0,0,0,0,0,0,0,0,0,0,0,0,0,0,8,3,10,0,0,0,0,0,0,0,0,0,2,0,0,0,0,0,0,0,0,0,0,0,0,0,0,0,0,0,0,0,0,0,0,0,0,0,0,0,0,0,0,0,0,0,0,0,0,0,0,0,0,0,0,0,0,0,0,0,0,0,0,0,0,0,0,0,0,0,0,0,0,0,0,0,0,0,0,2,0,0,0,0,0,0,0,0,0,0,0,0,0,0,0,0
0,0,1,329,0,159,0,0,0,1,0,278,0,0,0,0,0,1,2,20,1,87,0,50,0,145,0,0,0,147,0,9,0,27,0,0,0,1,0,0,0,0,0,0,0,1,0,0,0,0,0,0,0,0,0,0,0,0,0,0,0,0,0,0,0,0,0,0,0,0,0,0,0,0,0,10,0,5,0,0,0,0,0,0,0,0,0,5,0,0,0,0,0,0,0,0,0,0,0,0,0,0,0,0,0,0,0,0,0,0,0,0,0,0,0,0,0,0,0,0,0,0,0,0,0,0,0,0,0,0,0,0,0,0,0,0,0,0,0,0,0,0,0,0,0,0,0,0,0,0,1,0,1,3,0,2,0,1,0,0,0,0,0,0,0,0,0,0,0,0
0,0,134,6,67,2,0,0,5,1,426,1,0,0,0,0,5,2,192,14,220,5,197,1,419,0,141,0,0,1,66,0,635,0,0,0,1,0,0,0,0,0,0,0,4,0,0,0,0,0,0,0,0,0,0,0,0,0,0,0,0,0,0,0,0,0,0,0,0,0,0,0,0,0,36,8,12,0,2,0,0,0,0,0,0,0,14,0,0,0,0,0,0,0,0,0,0,0,0,0,0,0,0,0,0,0,0,0,0,0,0,0,0,0,0,0,0,0,0,0,0,0,0,0,0,0,0,0,0,0,0,0,0,0,0,0,0,0,0,0,0,0,0,0,0,0,0,0,0,0,3,0,12,5,1,1,4,0,0,0,0,0,0,0,0,0,0,0,0,0
0,0,0,162,0,176,0,0,0,4,0,640,0,0,0,0,0,15,6,70,4,139,2,125,0,65,0,147,1,0,0,6,1,292,0,0,0,0,0,0,0,0,0,0,0,6,0,0,0,0,0,0,0,0,0,0,0,0,0,0,0,0,0,0,0,0,0,0,0,0,0,0,0,0,1,19,0,18,0,1,0,0,0,0,0,0,0,38,0,0,0,1,0,1,0,0,0,0,0,0,0,0,0,0,0,0,0,0,0,0,0,0,0,0,0,0,0,0,0,0,0,0,0,0,0,0,0,0,0,0,0,0,0,0,0,0,0,0,0,0,0,0,0,0,0,0,0,0,0,0,1,0,7,4,0,1,0,4,0,0,0,0,0,0,0,0,0,0,0,0
0,0,13,1,2,0,0,0,3,0,445,0,1,0,2,0,0,0,23,2,2,0,0,0,1,0,5,0,66,0,0,0,111,1,0,0,0,1,0,0,0,0,0,0,0,0,0,0,0,0,0,0,0,0,0,0,0,0,0,0,0,0,0,0,0,0,0,0,0,0,0,0,0,0,11,1,11,0,0,0,0,0,0,0,0,0,3,0,0,0,0,0,0,0,0,0,0,0,0,0,0,0,0,0,0,0,0,0,0,0,0,0,0,0,0,0,0,0,0,0,0,0,0,0,0,0,0,0,0,0,0,0,0,0,0,0,0,0,0,0,0,0,0,0,0,0,0,0,0,0,0,0,0,1,1,0,0,0,0,0,0,0,0,0,0,0,0,0,0,0
0,0,0,36,0,59,0,0,0,9,0,378,0,1,0,0,0,3,1,4,0,0,0,3,0,2,0,9,0,6,0,0,0,58,0,0,0,0,0,0,0,1,0,0,0,8,0,0,0,0,0,0,0,0,0,0,0,0,0,1,0,2,0,0,0,0,0,0,0,0,0,0,0,0,0,24,0,55,0,9,0,0,0,0,0,1,0,45,0,1,0,0,0,1,0,0,0,0,0,0,0,0,0,0,0,0,0,0,0,0,0,0,0,0,0,0,0,0,0,0,0,0,0,0,0,0,0,0,0,0,0,0,0,0,0,0,0,0,0,0,0,0,0,0,0,0,0,0,0,0,0,0,0,1,0,0,0,0,0,0,0,0,0,0,0,0,0,0,0,0
561,34,648,30,878,28,852,23,1614,4,1529,2,673,8,674,54,6,5,646,31,156,8,143,6,158,1,62,0,635,1,111,0,0,6,0,0,65,37,10,3,160,2,8,0,0,0,40,15,30,8,140,0,97,0,271,0,105,0,65,2,804,9,111,2,133,3,133,5,27,4,63,17,161,5,361,64,399,10,67,6,0,0,105,0,294,3,123,0,182,0,0,0,173,0,2,0,0,0,6,0,0,0,0,0,0,1,2,4,0,1,1,1,0,0,0,1,0,0,1,0,0,0,2,0,24,5,53,6,24,1,1,0,0,0,18,1,8,2,0,0,1,0,0,1,38,1,2,0,6,0,3,2,23,7,86,11,13,2,6,3,2,0,9,0,4,0,0,3,1,0
24,171,10,408,20,499,3,946,2,1244,1,739,1,833,50,494,1,30,35,198,3,65,0,45,0,21,0,27,0,292,1,58,6,0,0,0,20,144,16,34,8,513,1,44,0,16,80,139,14,221,3,410,9,91,10,114,0,40,0,355,7,489,30,173,10,100,9,359,9,43,29,297,13,111,17,334,12,613,3,113,0,0,2,139,15,236,0,266,4,202,0,7,1,371,1,1,1,0,1,6,3,0,0,2,0,1,4,3,0,2,0,2,0,3,0,0,0,0,0,1,0,0,0,0,2,40,3,65,2,14,0,5,0,1,1,14,1,7,0,1,0,2,0,4,2,46,0,14,4,8,0,0,7,5,13,42,0,4,0,1,0,2,0,10,1,1,0,1,1,1
0,0,0,0,0,0,0,0,0,0,0,0,0,0,0,0,0,0,0,0,0,0,0,0,0,0,0,0,0,0,0,0,0,0,0,0,0,0,0,0,0,0,0,0,0,0,0,0,0,0,0,0,0,0,0,0,0,0,0,0,0,0,0,0,0,0,0,0,0,0,0,0,0,0,0,0,0,0,0,0,0,0,0,0,0,0,0,0,0,0,0,0,0,0,0,0,0,0,0,0,0,0,0,0,0,0,0,0,0,0,0,0,0,0,0,0,0,0,0,0,0,0,0,0,0,0,0,0,0,0,0,0,0,0,0,0,0,0,0,0,0,0,0,0,0,0,0,0,0,0,0,0,0,0,0,0,0,0,0,0,0,0,0,0,0,0,0,0,0,0
0,0,0,0,0,0,0,0,0,0,0,0,0,0,0,0,0,0,0,0,0,0,0,0,0,0,0,0,0,0,0,0,0,0,0,0,0,0,0,0,0,0,0,0,0,0,0,0,0,0,0,0,0,0,0,0,0,0,0,0,0,0,0,0,0,0,0,0,0,0,0,0,0,0,0,0,0,0,0,0,0,0,0,0,0,0,0,0,0,0,0,0,0,0,0,0,0,0,0,0,0,0,0,0,0,0,0,0,0,0,0,0,0,0,0,0,0,0,0,0,0,0,0,0,0,0,0,0,0,0,0,0,0,0,0,0,0,0,0,0,0,0,0,0,0,0,0,0,0,0,0,0,0,0,0,0,0,0,0,0,0,0,0,0,0,0,0,0,0,0
123,90,85,24,22,61,16,40,42,15,3,0,6,7,1541,319,0,0,564,30,0,0,0,0,0,0,0,0,1,0,0,0,65,20,0,0,0,490,1631,15,9,4,0,0,0,0,6,34,127,17,0,1,107,0,18,1,0,0,0,1,42,52,332,27,17,10,5,12,10,8,3295,176,643,209,165,95,104,21,39,18,0,0,2,1,12,4,10,0,4,1,0,0,0,1,0,0,0,0,4,5,1,0,0,0,0,0,1,0,0,2,0,1,0,0,0,0,0,0,0,0,0,0,4,0,13,6,34,13,21,7,3,5,0,0,13,2,6,0,0,0,0,0,0,0,9,11,6,5,5,1,0,0,0,2,1406,31,0,0,1,0,0,0,11,3,6,0,0,2,0,0
130,185,74,503,76,160,16,124,28,139,3,4,5,36,363,2504,0,0,165,780,0,2,0,0,1,0,0,1,0,0,1,0,37,144,0,0,490,0,10,1015,2,23,0,0,0,4,1,2,2,19,0,38,5,4,4,3,0,0,0,3,75,98,54,67,17,20,8,34,2,24,359,2553,450,371,110,381,60,191,21,186,0,0,2,12,6,14,7,30,6,5,0,0,3,7,0,0,0,0,1,3,1,0,0,0,1,0,3,1,1,1,1,0,0,1,0,0,0,0,0,0,0,0,0,0,5,46,25,127,6,46,0,9,0,4,12,30,7,16,0,0,0,0,0,0,8,41,6,14,0,6,0,0,36,30,168,1315,0,2,0,1,1,1,8,16,0,3,0,0,0,0
27,3,5,0,5,1,0,0,2,1,0,0,5,0,14,1,0,0,9,1,0,0,0,0,0,0,0,0,0,0,0,0,10,16,0,0,1631,10,0,76,226,9,29,3,0,0,212,171,855,68,65,8,358,6,145,4,22,3,10,2,13,2,152,4,31,2,37,7,145,19,2499,176,6,0,13,5,25,11,18,5,0,0,30,8,79,19,1,0,97,3,0,0,3,0,1,1,0,0,8,2,2,1,0,0,0,1,2,4,0,2,2,0,0,1,0,0,0,0,0,1,0,0,6,0,1,0,6,2,14,1,1,0,0,0,0,0,0,0,0,0,0,0,0,0,27,1,5,0,19,0,0,0,0,0,14,2,0,0,0,2,0,1,11,4,4,1,0,0,5,0
3,1,1,6,4,20,1,8,1,2,0,1,0,2,8,47,0,0,1,1,0,0,0,0,0,0,0,0,0,0,0,0,3,34,0,0,15,1015,76,0,119,193,5,37,0,1,96,508,26,138,24,199,25,14,20,12,6,1,5,8,0,1,9,3,4,2,1,11,4,58,323,1752,1,1,1,13,2,37,0,11,0,0,0,20,4,56,0,1,5,6,0,1,1,3,0,0,2,0,0,3,0,0,0,0,0,0,4,2,0,1,0,0,0,1,0,0,0,0,0,0,0,0,0,0,1,2,0,5,1,2,0,1,0,0,0,4,0,0,0,1,0,0,0,2,2,5,0,0,2,2,0,0,0,0,1,6,0,0,0,2,0,0,0,11,1,0,0,2,0,0
43,1,4,0,6,0,3,0,4,0,3,0,8,0,14,6,1,0,7,0,0,0,0,0,0,0,0,0,0,0,0,0,160,8,0,0,9,2,226,119,0,68,535,24,216,0,45,544,44,41,438,116,81,7,211,0,119,0,275,4,128,0,196,5,243,0,142,4,36,6,109,447,14,1,160,1,840,6,133,3,0,0,12,4,281,13,515,0,350,0,376,0,997,1,2,7,2,4,101,7,28,1,6,2,4,4,9,29,16,15,6,6,3,11,0,0,2,1,1,2,1,0,7,0,14,0,89,3,9,2,0,0,2,0,15,0,2,0,68,0,23,0,16,0,795,6,5,0,3,0,0,0,0,0,3,0,12,0,15,4,9,0,97,2,12,4,0,6,42,3
2,13,0,25,2,19,2,5,0,16,0,3,1,7,4,40,1,0,2,12,0,1,0,0,0,0,0,0,0,0,0,1,2,513,0,0,4,23,9,193,68,0,1,981,0,734,29,48,4,61,2,185,4,27,6,18,0,6,0,525,5,47,33,170,21,55,9,83,4,17,38,317,0,23,7,174,3,1717,1,469,0,0,3,13,6,301,0,1171,2,232,0,589,0,518,6,3,9,1,15,53,22,5,4,3,8,1,34,16,23,9,11,3,6,13,0,0,0,0,0,6,0,6,0,2,0,45,2,202,2,17,0,5,0,7,2,8,0,9,0,291,0,28,0,105,6,507,1,8,3,21,0,0,0,0,1,10,0,55,1,10,0,6,1,120,6,4,0,23,34,3
0,0,1,0,0,0,1,0,0,0,0,0,0,0,1,1,0,0,0,0,0,0,0,0,0,0,0,0,0,0,0,0,8,1,0,0,0,0,29,5,535,1,0,2,94,0,0,8,1,3,948,5,1,0,13,0,13,0,1081,0,8,0,5,3,6,1,3,1,2,0,133,7,1,1,9,5,27,0,11,2,0,0,1,0,14,0,1,0,10,0,0,0,28,0,4,6,1,3,31,3,159,3,0,3,4,3,11,26,5,8,4,3,0,1,4,2,1,0,0,1,0,0,0,0,0,0,2,6,0,0,0,0,0,0,0,0,0,0,0,0,1,0,1,0,45,0,1,0,0,1,0,0,0,0,0,0,0,0,16,2,1,0,1,1,0,0,0,3,2,0
0,0,0,0,1,0,0,0,0,0,0,0,0,0,0,3,0,0,0,0,0,0,0,0,0,0,0,0,0,0,0,0,0,44,0,0,0,0,3,37,24,981,2,0,0,563,2,22,1,10,1,936,0,0,0,1,2,0,1,868,2,8,3,16,1,9,2,6,1,1,12,102,0,2,2,8,1,80,1,27,0,0,0,1,0,34,0,43,0,21,0,371,0,79,0,8,0,2,2,64,0,126,0,1,2,4,3,25,7,16,2,1,0,0,1,0,1,0,1,6,0,0,0,0,0,1,0,17,0,0,0,0,0,0,0,1,0,0,0,14,0,2,0,3,0,16,0,0,0,4,0,0,0,0,0,0,0,0,0,2,0,0,1,3,1,1,0,5,3,0
4,0,5,0,7,0,2,0,3,0,5,0,0,0,2,1,23,1,23,3,26,0,7,0,5,0,3,0,4,0,0,0,0,0,0,0,0,0,0,0,216,0,94,0,0,0,0,0,1,0,0,0,1,0,1,0,2,0,25,0,7,0,2,0,9,0,2,0,1,0,1,0,3,0,25,4,422,3,47,0,0,0,0,0,3,0,294,0,14,0,30,0,125,0,0,1,0,0,1,0,0,0,0,0,1,0,2,2,1,0,0,0,0,0,0,0,0,0,0,0,1,0,0,0,2,1,7,0,0,0,0,0,1,0,22,0,6,0,1,0,0,0,0,0,1,0,3,0,0,0,0,0,4,1,2,0,90,1,2,0,3,0,10,0,1,0,0,0,0,0
0,1,1,92,0,47,0,3,0,36,0,79,0,0,1,7,0,286,5,37,1,26,0,40,0,4,0,1,0,6,0,8,0,16,0,0,0,4,0,1,0,734,0,563,0,0,0,0,0,0,0,0,0,0,0,0,0,1,0,80,0,0,0,1,0,1,0,0,0,0,0,3,0,1,1,65,2,813,0,36,0,0,0,0,0,0,0,1046,0,16,0,249,0,82,0,0,0,0,0,0,0,0,0,0,0,0,0,0,0,0,0,0,0,0,0,0,0,0,0,0,0,0,0,0,0,17,0,6,0,4,0,2,0,3,0,7,0,3,0,1,0,0,0,0,0,6,0,0,0,0,0,0,3,2,2,6,0,166,0,0,0,0,0,4,0,0,0,0,0,0
0,3,0,0,0,0,0,0,0,0,0,0,2,0,4,0,0,0,0,0,0,0,0,0,0,0,0,0,0,0,0,0,40,80,0,0,6,1,212,96,45,29,0,2,0,0,0,3843,4771,1346,3655,1020,1962,346,1337,220,295,313,78,82,1,2,6,5,3,2,1,3,2,14,1113,204,1,0,1,3,37,18,12,10,0,0,18,30,78,241,2,1,46,197,0,0,13,23,0,9,0,0,4,0,78,0,0,1,0,0,1,5,0,1,0,1,0,0,0,0,0,0,0,0,0,0,0,0,0,0,0,0,0,1,0,0,0,0,1,0,0,0,0,0,0,0,0,0,8,2,0,0,1,0,0,0,0,0,0,0,0,0,0,0,1,0,1,1,1,0,0,0,0,0
1,8,0,1,0,1,0,0,0,1,0,0,0,0,0,1,0,0,0,0,0,0,0,0,0,0,0,0,0,0,0,0,15,139,0,0,34,2,171,508,544,48,8,22,0,0,3843,0,2089,4084,236,3516,212,1277,218,726,52,1197,4,354,4,9,5,5,3,4,0,5,6,19,787,1073,0,0,1,7,17,78,12,36,0,0,6,55,29,256,2,9,17,161,0,0,10,36,1,4,1,1,1,4,0,0,0,0,1,0,1,2,1,4,1,1,2,0,2,0,0,0,0,0,0,0,1,0,0,0,0,2,1,1,0,1,0,0,1,0,0,0,0,0,0,0,0,0,11,11,0,0,0,1,0,0,0,0,0,0,0,0,0,0,1,0,2,4,1,1,0,2,1,1
18,3,6,0,0,0,0,0,0,0,0,0,0,0,14,3,0,0,0,0,0,0,0,0,0,0,0,0,0,0,0,0,30,14,0,0,127,2,855,26,44,4,1,1,1,0,4771,2089,0,2183,174,122,2230,265,538,23,47,4,4,5,7,3,60,1,10,3,5,4,28,15,1231,491,7,0,6,1,44,6,20,7,0,0,36,17,106,40,3,0,75,7,0,0,13,1,0,0,0,0,2,3,1,0,0,0,0,0,0,4,1,2,1,1,0,0,0,0,0,0,0,0,0,0,0,0,0,0,4,1,2,1,0,0,0,0,1,0,0,0,0,0,0,0,0,0,12,0,2,0,1,0,0,0,0,0,2,0,0,0,1,1,1,0,4,3,0,0,0,0,5,0
2,73,0,42,1,3,0,0,0,1,0,0,1,4,2,17,0,0,0,0,0,0,0,0,0,0,0,0,0,0,0,0,8,221,0,0,17,19,68,138,41,61,3,10,0,0,1346,4084,2183,0,18,211,127,2519,102,469,18,194,1,130,7,74,80,124,35,48,16,67,27,199,164,1295,0,4,10,13,17,89,9,60,0,0,18,169,45,439,0,4,34,93,0,0,2,16,0,1,2,0,5,9,1,0,0,0,2,0,5,4,0,1,0,0,0,3,1,0,0,0,0,2,0,0,4,0,0,3,0,30,3,8,0,0,0,1,0,3,0,0,0,1,0,0,0,1,19,8,1,2,4,5,0,0,0,0,0,0,0,0,1,4,0,0,4,50,0,1,0,4,1,4
4,0,0,0,2,0,0,0,0,0,0,0,2,0,1,0,0,0,0,0,0,0,0,0,0,0,0,0,0,0,0,0,140,3,0,0,0,0,65,24,438,2,948,1,0,0,3655,236,174,18,0,54,425,3,903,1,735,0,1093,0,2,0,3,0,2,0,1,0,4,0,1663,33,2,0,4,0,160,2,43,0,0,0,13,1,154,15,18,0,129,9,0,0,155,1,0,2,1,1,76,1,308,0,3,1,0,1,5,8,3,8,4,3,1,28,0,1,0,0,0,4,0,0,0,0,1,0,1,0,0,0,0,0,0,0,0,0,0,0,0,0,2,0,1,1,82,1,0,0,0,0,0,0,0,0,0,0,0,0,6,2,0,0,2,1,1,1,0,1,7,0
0,2,0,0,0,1,0,1,0,0,0,0,0,0,2,4,0,0,0,1,0,0,0,0,0,0,0,0,0,0,0,0,0,410,0,0,1,38,8,199,116,185,5,936,0,0,1020,3516,122,211,54,0,14,113,9,278,5,2163,3,1202,1,9,4,12,1,3,0,9,0,10,45,1645,1,1,1,11,0,168,0,42,0,0,0,56,2,823,0,38,1,589,0,0,2,164,1,501,2,0,2,203,2,177,2,166,1,1,8,7,5,41,4,0,91,173,16,0,1,0,0,32,0,0,0,0,0,1,1,14,0,1,0,0,0,0,0,0,0,0,0,1,0,8,0,10,0,37,0,0,0,5,0,0,0,0,0,0,0,0,0,1,1,2,0,15,2,1,0,36,11,1
90,1,20,0,6,1,2,0,3,0,0,0,3,0,26,3,0,0,0,0,0,0,0,0,0,0,0,0,0,0,0,0,97,9,0,0,107,5,358,25,81,4,1,0,1,0,1962,212,2230,127,425,14,0,19,5833,5,317,1,28,1,25,0,637,6,42,3,16,6,109,11,387,223,32,2,19,2,123,7,50,7,0,0,112,8,340,26,8,0,345,8,0,0,88,1,0,3,3,3,6,7,1,0,0,0,1,1,1,14,1,5,1,3,0,0,0,1,0,0,0,1,0,0,4,0,4,1,6,2,8,1,3,0,1,0,1,1,0,0,0,0,0,0,0,2,23,3,4,0,7,0,0,0,0,0,0,0,0,0,6,1,0,0,14,3,4,1,0,3,6,0
3,48,0,17,0,8,0,1,1,0,0,0,1,1,1,6,0,0,0,0,0,0,0,0,0,0,0,0,0,0,0,0,0,91,0,0,0,4,6,14,7,27,0,0,0,0,346,1277,265,2519,3,113,19,0,11,3116,4,237,1,94,1,69,11,987,3,54,2,51,2,581,11,377,0,3,5,7,3,29,1,19,0,0,3,61,10,234,0,3,3,124,0,0,0,47,0,3,0,0,1,1,1,0,0,0,0,0,1,3,0,0,0,0,0,0,0,0,0,0,0,0,0,0,0,0,0,1,1,4,1,2,0,0,0,0,0,1,0,0,0,0,0,0,0,0,0,6,0,1,0,0,0,0,0,0,1,0,0,0,0,0,0,0,1,8,1,2,0,0,0,0
273,3,66,1,10,1,8,0,6,0,1,0,14,0,45,4,0,0,1,0,0,0,0,0,0,0,0,0,0,0,0,0,271,10,0,0,18,4,145,20,211,6,13,0,1,0,1337,218,538,102,903,9,5833,11,0,2,3233,1,325,2,109,3,1138,7,1271,0,20,2,1781,4,211,159,33,1,21,3,320,3,108,2,0,0,237,10,1111,17,28,0,3052,2,0,0,553,0,0,2,4,0,19,6,6,0,2,7,4,1,6,11,5,14,5,6,0,0,0,1,0,2,0,2,0,0,4,0,4,0,22,3,20,2,3,0,0,0,3,0,2,0,0,0,0,0,1,1,52,3,5,0,10,3,0,0,0,0,0,0,0,0,7,2,1,0,28,1,7,2,0,4,10,1
0,153,0,19,1,11,0,2,0,5,0,0,1,4,1,3,0,0,0,0,0,0,0,0,0,0,0,0,0,0,0,0,0,114,0,0,1,3,4,12,0,18,0,1,0,0,220,726,23,469,1,278,5,3116,2,0,0,965,0,392,1,164,12,120,4,140,1,126,2,2076,5,177,3,0,3,8,1,27,0,9,0,0,2,24,8,509,0,19,1,2964,0,0,0,697,1,4,0,0,0,3,0,0,0,0,0,0,0,0,0,0,0,0,0,0,0,0,0,0,0,0,0,0,1,0,0,0,0,8,0,2,1,0,0,0,0,1,0,0,0,0,0,0,0,1,1,2,0,0,0,2,0,0,0,0,0,0,0,0,0,0,0,0,0,6,0,1,0,1,0,0
4,0,4,0,1,1,1,0,0,0,0,0,1,0,1,0,0,0,0,0,0,0,0,0,0,0,0,0,0,0,0,0,105,0,0,0,0,0,22,6,119,0,13,2,2,0,295,52,47,18,735,5,317,4,3233,0,0,0,935,0,2,0,4,0,4,1,2,0,3,1,117,28,0,0,4,0,134,0,30,0,0,0,26,0,244,4,31,0,262,0,0,0,494,0,0,3,1,2,4,1,2,0,0,0,0,1,2,2,1,4,2,0,0,0,1,0,0,1,0,1,0,0,0,0,0,0,0,1,0,0,0,0,0,0,0,0,0,0,0,0,0,0,0,0,16,1,0,0,0,0,0,0,0,0,0,0,0,0,3,0,2,0,5,0,1,1,0,1,1,0
0,4,0,0,0,0,0,0,0,0,0,0,0,0,0,1,0,0,0,0,0,0,0,0,0,0,0,0,0,0,0,0,0,40,0,0,0,0,3,1,0,6,0,0,0,1,313,1197,4,194,0,2163,1,237,1,965,0,0,0,1448,0,5,0,0,0,1,0,1,0,11,0,7,0,0,0,2,0,17,0,0,0,0,0,14,0,164,0,12,0,332,0,0,0,276,0,43,0,0,0,0,0,0,0,4,0,0,0,1,0,0,0,0,0,0,0,0,0,0,0,0,0,0,0,0,0,0,0,0,0,0,0,0,0,0,0,0,0,0,0,0,0,0,0,0,1,0,0,0,0,0,0,0,0,0,0,0,0,0,0,0,0,0,0,0,0,0,0,0,0,0
3,0,1,0,0,0,0,0,0,0,0,0,0,0,3,0,0,0,1,1,0,0,0,0,0,0,0,0,0,0,0,0,65,0,0,0,0,0,10,5,275,0,1081,1,25,0,78,4,4,1,1093,3,28,1,325,0,935,0,0,0,2,0,1,0,1,0,0,0,1,0,53,10,0,0,6,0,176,0,10,0,0,0,5,0,122,0,300,0,110,0,689,0,2415,0,0,0,0,0,1,0,9,0,8,0,0,0,0,0,0,1,0,0,0,0,0,0,0,0,0,0,0,0,1,0,0,0,1,0,0,0,0,0,0,0,0,0,1,0,1,0,1,0,0,0,6,0,0,0,0,0,0,0,0,0,0,0,2,0,0,0,0,0,1,0,0,0,0,0,2,0
0,10,1,17,1,11,0,5,0,8,0,4,0,4,2,43,0,0,0,11,0,0,0,0,0,0,0,0,0,0,0,1,2,355,0,0,1,3,2,8,4,525,0,868,0,80,82,354,5,130,0,1202,1,94,2,392,0,1448,0,0,0,10,0,2,0,1,0,5,0,6,2,64,0,4,1,34,0,290,0,8,0,0,0,17,1,453,0,389,1,570,0,718,0,1802,1,9,0,0,1,27,1,17,0,6,0,0,2,0,0,0,0,0,0,0,0,0,0,0,0,0,0,1,0,0,0,3,0,4,0,0,0,2,0,0,0,0,0,0,0,0,0,0,0,1,0,8,0,2,0,2,0,0,0,0,0,1,0,1,0,0,0,0,0,0,1,0,0,0,1,0
6643,84,97,8,239,14,468,3,85,1,6,0,627,8,156,153,0,0,24,0,0,0,0,0,0,0,0,0,0,0,0,0,804,7,0,0,42,75,13,0,128,5,8,2,7,0,1,4,7,7,2,1,25,1,109,1,2,0,2,0,0,24,2029,27,2810,7,1288,5,176,5,228,51,1093,73,1094,41,1423,5,337,7,0,0,15,1,587,6,14,0,335,0,0,0,24,0,2,4,1,0,30,4,2,4,1,1,3,3,4,21,9,7,2,2,2,1,0,0,0,0,0,1,0,0,12,0,49,0,789,14,212,0,29,1,5,0,136,1,54,1,0,1,0,0,0,1,111,5,47,1,42,0,0,0,0,0,19,2,0,0,29,1,5,1,115,3,63,2,0,3,9,1
62,3545,3,220,6,265,4,213,3,96,0,2,0,1133,77,393,0,0,3,10,0,0,0,0,0,0,0,0,0,0,0,2,9,489,0,0,52,98,2,1,0,47,0,8,0,0,2,9,3,74,0,9,0,69,3,164,0,5,0,10,24,0,16,1763,12,1416,1,2736,0,581,36,362,87,1705,51,719,10,355,1,619,0,0,0,7,5,203,1,1,2,393,0,0,2,26,2,0,0,1,2,14,1,0,0,0,1,0,4,3,2,3,1,2,3,0,0,0,0,0,0,2,0,0,0,0,0,32,7,1005,0,201,0,48,0,3,1,32,1,8,0,0,0,0,0,0,5,113,0,53,1,42,0,0,1,0,6,12,0,0,0,7,0,2,1,72,1,12,0,4,5,2
718,27,82,5,34,4,15,0,17,1,1,0,17,2,204,26,0,0,5,0,0,0,0,0,0,0,0,0,0,0,0,0,111,30,0,0,332,54,152,9,196,33,5,3,2,0,6,5,60,80,3,4,637,11,1138,12,4,0,1,0,2029,16,0,59,2012,23,153,58,330,59,1603,280,359,33,219,13,352,21,112,10,0,0,20,27,68,71,6,0,66,7,0,0,3,0,0,8,6,2,46,26,7,1,3,6,5,8,11,46,14,15,10,4,3,1,1,2,1,3,0,6,0,0,15,0,29,3,197,15,195,5,13,0,4,0,25,2,8,1,0,0,0,0,1,2,60,10,36,1,28,3,0,0,0,0,12,0,0,0,35,4,9,0,140,13,75,6,0,13,26,2
11,454,2,116,7,93,2,29,0,23,0,5,1,34,10,191,0,0,1,10,0,0,0,0,0,0,0,0,0,0,0,0,2,173,0,0,27,67,4,3,5,170,3,16,0,1,5,5,1,124,0,12,6,987,7,120,0,0,0,2,27,1763,59,0,43,488,25,238,2,1152,76,1004,5,180,20,146,5,162,0,274,0,0,0,9,3,22,0,0,0,19,0,0,0,8,2,1,1,1,10,16,1,0,1,0,5,1,11,10,3,2,4,2,4,6,0,0,0,0,0,3,0,0,0,1,1,12,4,301,2,96,0,9,0,2,2,27,0,0,0,0,0,0,0,0,2,49,0,11,3,20,0,0,0,0,1,4,0,0,3,9,0,0,1,145,4,20,1,2,6,3
558,6,121,2,126,3,13,1,21,1,2,0,14,2,67,9,0,0,6,1,0,0,0,0,0,0,0,0,0,0,0,0,133,10,0,0,17,17,31,4,243,21,6,1,9,0,3,3,10,35,2,1,42,3,1271,4,4,0,1,0,2810,12,2012,43,0,19,1760,31,1522,19,44,115,34,13,291,7,434,10,94,6,0,0,13,7,89,34,4,0,297,2,0,0,5,0,0,8,2,4,46,24,1,0,2,5,4,4,18,41,8,21,9,8,3,1,3,1,0,3,1,2,0,0,19,0,16,3,170,5,154,5,4,0,2,0,25,3,6,0,0,1,0,0,0,0,45,8,26,2,25,0,0,0,0,0,6,1,0,0,34,1,5,1,143,8,52,6,0,12,25,3
14,333,2,29,5,80,0,25,0,19,0,2,0,11,10,29,0,0,1,4,0,0,0,0,0,0,0,0,0,0,0,0,3,100,0,0,10,20,2,2,0,55,1,9,0,1,2,4,3,48,0,3,3,54,0,140,1,1,0,1,7,1416,23,488,19,0,3,2289,2,1959,16,80,4,19,12,72,0,114,2,96,0,0,2,4,4,19,0,0,0,126,0,0,0,20,0,0,0,0,2,6,2,0,0,0,1,2,2,0,2,0,1,1,1,0,0,0,0,0,0,1,0,0,0,0,1,9,3,90,3,34,0,2,0,6,0,6,0,0,0,0,0,0,1,0,2,10,0,6,0,10,0,0,0,0,0,1,0,0,0,3,0,3,0,48,2,12,0,1,3,0
751,3,45,1,95,0,116,0,28,0,0,0,55,1,17,3,0,0,2,0,0,0,0,0,0,0,0,0,0,0,0,0,133,9,0,0,5,8,37,1,142,9,3,2,2,0,1,0,5,16,1,0,16,2,20,1,2,0,0,0,1288,1,153,25,1760,3,0,5,330,13,39,61,17,4,208,8,267,5,44,3,0,0,17,2,811,11,3,0,78,1,0,0,3,0,1,3,4,3,16,8,3,3,0,1,3,0,5,18,5,12,2,3,0,0,0,1,0,0,0,0,0,0,8,0,12,0,79,3,79,2,3,0,0,0,10,1,3,0,0,0,0,0,1,1,23,0,19,0,10,3,0,0,0,0,1,0,0,0,14,1,1,0,63,7,33,4,0,3,13,0
15,713,8,78,10,195,1,266,3,49,0,6,6,347,21,73,0,0,1,1,0,0,0,0,0,0,0,0,0,0,0,0,5,359,0,0,12,34,7,11,4,83,1,6,0,0,3,5,4,67,0,9,6,51,2,126,0,1,0,5,5,2736,58,238,31,2289,5,0,0,812,35,189,3,75,16,168,3,190,1,169,0,0,2,66,4,772,1,0,1,274,0,0,1,24,1,0,0,0,2,11,4,0,0,0,2,1,3,3,2,1,0,1,1,0,0,0,0,0,0,2,1,0,0,0,0,7,3,152,6,55,0,4,0,3,0,14,0,1,0,0,0,0,0,0,2,19,1,10,0,12,0,0,0,0,3,0,0,0,3,3,0,4,2,72,2,12,0,3,1,3
211,3,55,2,50,1,6,0,4,0,0,0,18,0,23,4,0,0,0,0,0,0,0,0,0,0,0,0,0,0,0,0,27,9,0,0,10,2,145,4,36,4,2,1,1,0,2,6,28,27,4,0,109,2,1781,2,3,0,1,0,176,0,330,2,1522,2,330,0,0,11,37,87,7,3,35,3,63,6,19,2,0,0,29,10,383,20,3,0,1315,1,0,0,5,0,0,1,2,0,11,6,2,0,0,1,0,0,2,12,0,2,3,6,0,0,0,1,0,0,0,1,0,0,10,0,2,0,15,0,18,3,0,0,0,0,4,0,1,0,0,0,0,0,1,0,28,3,5,0,24,1,0,0,0,0,2,0,0,0,3,1,0,1,13,3,3,0,0,3,4,0
14,512,0,54,5,122,0,17,0,11,0,1,1,16,12,23,0,0,0,0,0,0,0,0,0,0,0,0,0,0,0,0,4,43,0,0,8,24,19,58,6,17,0,1,0,0,14,19,15,199,0,10,11,581,4,2076,1,11,0,6,5,581,59,1152,19,1959,13,812,11,0,23,222,8,18,19,37,8,40,2,38,0,0,3,16,16,621,0,0,1,1502,0,0,0,48,0,0,1,0,1,2,0,0,0,0,0,0,2,3,0,0,0,0,0,0,0,0,0,0,0,0,0,0,0,0,0,3,3,27,3,5,0,0,0,2,1,1,0,0,0,0,0,0,0,0,5,9,0,3,1,3,0,0,0,0,0,3,0,0,1,2,0,1,1,20,1,2,0,1,2,0
352,51,28,54,7,8,19,8,8,2,0,0,7,2,311,95,0,0,2,0,0,0,0,0,0,0,0,0,0,0,0,0,63,29,0,0,3295,359,2499,323,109,38,133,12,1,0,1113,787,1231,164,1663,45,387,11,211,5,117,0,53,2,228,36,1603,76,44,16,39,35,37,23,0,772,929,200,324,17,174,19,79,21,0,0,13,10,55,30,2,0,22,4,0,0,10,0,3,6,1,2,12,8,59,1,0,1,0,0,5,15,4,2,0,1,0,0,0,0,0,1,0,1,0,0,3,0,8,2,146,19,94,11,11,1,0,1,37,2,9,0,0,0,0,0,0,0,52,5,11,1,10,4,0,0,0,0,24,3,0,0,5,4,0,2,47,13,24,2,0,10,7,0
47,607,5,855,9,43,3,35,4,19,1,2,10,24,20,612,0,0,2,2,0,0,0,0,0,0,0,0,0,0,0,0,17,297,0,0,176,2553,176,1752,447,317,7,102,0,3,204,1073,491,1295,33,1645,223,377,159,177,28,7,10,64,51,362,280,1004,115,80,61,189,87,222,772,0,31,324,56,166,46,255,26,248,0,0,43,116,112,255,0,1,46,59,0,0,9,10,5,6,2,1,15,31,4,2,0,0,0,1,18,16,10,12,4,4,3,7,7,0,0,0,0,4,0,0,8,2,1,25,11,277,18,132,1,10,0,6,6,19,0,6,0,0,0,0,0,1,34,80,5,17,7,22,0,0,0,0,7,1,0,1,5,17,0,7,9,146,9,13,0,10,13,4
1123,248,123,7,51,5,186,5,51,2,1,0,98,16,1973,519,0,0,10,0,0,0,0,0,0,0,0,0,0,0,0,0,161,13,0,0,643,450,6,1,14,0,1,0,3,0,1,0,7,0,2,1,32,0,33,3,0,0,0,0,1093,87,359,5,34,4,17,3,7,8,929,31,0,284,405,67,289,11,121,20,0,0,5,0,27,1,19,0,20,0,1,0,11,0,0,1,0,0,16,2,0,0,0,0,1,0,2,0,3,0,1,0,0,0,0,0,0,0,0,0,0,0,9,0,72,3,428,53,53,11,5,3,0,0,120,3,35,2,0,0,0,0,0,0,52,11,23,5,18,3,0,0,0,0,23,4,0,0,4,0,2,0,44,2,25,0,0,4,6,0
78,832,4,175,7,45,5,35,0,24,0,5,0,117,64,1120,0,0,3,4,0,0,0,0,0,0,0,0,0,0,0,0,5,111,0,0,209,371,0,1,1,23,1,2,0,1,0,0,0,4,0,1,2,3,1,0,0,0,0,4,73,1705,33,180,13,19,4,75,3,18,200,324,284,0,76,334,13,122,1,259,0,0,0,1,2,10,1,1,3,6,0,0,0,4,1,1,0,0,2,5,0,0,0,0,0,0,5,3,0,1,2,0,0,0,0,0,0,0,0,0,0,0,1,1,1,19,19,599,8,134,1,23,0,5,2,26,0,6,0,0,0,1,0,0,5,94,0,38,0,38,0,0,0,0,2,4,0,0,1,4,0,1,6,33,1,8,0,1,1,1
1102,194,925,108,1811,117,443,45,852,24,201,1,110,24,470,179,20,82,804,112,165,23,32,10,36,3,8,0,36,1,11,0,361,17,0,0,165,110,13,1,160,7,9,2,25,1,1,1,6,10,4,1,19,5,21,3,4,0,6,1,1094,51,219,20,291,12,208,16,35,19,324,56,405,76,0,795,1922,30,454,29,0,0,8,6,81,16,82,4,51,2,2,0,38,1,0,5,1,2,37,9,9,3,1,3,2,0,7,16,5,12,6,1,2,0,2,0,0,0,1,3,31,0,33,0,192,10,530,18,273,9,25,0,30,0,516,5,91,1,0,0,0,0,0,4,216,14,87,8,67,4,4,1,85,31,61,17,22,39,23,3,10,0,109,5,66,3,0,11,19,3
120,1012,288,885,295,1338,30,813,47,901,20,139,4,255,180,536,15,39,610,653,32,159,8,60,8,16,3,10,8,19,1,24,64,334,0,0,95,381,5,13,1,174,5,8,4,65,3,7,1,13,0,11,2,7,3,8,0,2,0,34,41,719,13,146,7,72,8,168,3,37,17,166,67,334,795,0,102,2125,33,837,0,0,0,3,6,35,21,64,2,25,0,1,0,23,1,1,0,1,6,10,5,0,0,1,1,0,8,5,4,1,3,2,3,3,0,1,1,0,0,2,0,9,0,0,8,230,8,752,1,224,0,36,0,19,8,139,3,55,0,0,0,0,0,1,2,318,2,76,1,83,0,3,87,140,92,217,5,181,0,8,1,4,5,115,1,22,0,6,5,2
609,34,600,52,634,41,99,15,347,10,401,1,190,5,656,64,249,1,508,49,47,2,10,0,14,0,10,0,12,0,11,0,399,12,0,0,104,60,25,2,840,3,27,1,422,2,37,17,44,17,160,0,123,3,320,1,134,0,176,0,1423,10,352,5,434,0,267,3,63,8,174,46,289,13,1922,102,0,16,1477,11,0,0,34,6,244,5,1194,1,252,2,59,0,789,0,0,1,1,0,16,4,1,1,0,0,0,0,3,6,1,5,3,0,2,0,1,0,0,0,0,1,1,0,2,0,135,2,105,1,43,1,2,1,14,0,71,2,15,0,2,0,3,0,2,0,72,4,10,3,11,0,0,0,5,15,83,13,111,2,5,0,5,0,29,1,14,1,0,1,7,0
12,148,14,741,26,512,7,100,1,486,1,321,2,91,31,477,4,316,83,470,2,22,1,28,0,3,0,5,0,18,0,55,10,613,0,0,21,191,11,37,6,1717,0,80,3,813,18,78,6,89,2,168,7,29,3,27,0,17,0,290,5,355,21,162,10,114,5,190,6,40,19,255,11,122,30,2125,16,0,4,831,0,0,0,19,13,107,3,250,1,99,0,11,0,264,0,0,0,0,0,11,0,0,0,0,0,0,3,1,0,1,0,0,1,3,0,0,0,0,0,2,0,0,0,0,1,50,2,82,1,26,0,10,0,3,2,14,0,12,0,30,0,6,0,22,5,160,1,7,0,10,0,0,14,20,23,85,0,267,1,1,0,3,0,21,0,0,0,2,4,0
178,16,220,20,302,19,21,8,265,4,129,0,19,1,246,28,0,1,124,10,2,1,0,0,1,0,0,0,2,0,0,0,67,3,0,0,39,21,18,0,133,1,11,1,47,0,12,12,20,9,43,0,50,1,108,0,30,0,10,0,337,1,112,0,94,2,44,1,19,2,79,26,121,1,454,33,1477,4,0,2,0,0,16,0,46,5,13,1,28,1,2,0,13,0,0,3,1,0,24,4,2,0,0,2,2,0,4,11,4,4,2,2,2,2,0,0,2,0,0,0,21,0,2,0,76,1,87,0,47,0,17,0,24,0,239,0,31,0,0,0,1,0,2,2,60,4,28,2,26,1,0,0,1,3,47,8,62,0,11,0,15,0,158,0,10,2,0,3,10,2
29,311,26,387,27,284,3,77,6,185,0,49,1,62,65,778,2,0,57,283,0,2,0,1,0,0,0,0,0,1,0,9,6,113,0,0,18,186,5,11,3,469,2,27,0,36,10,36,7,60,0,42,7,19,2,9,0,0,0,8,7,619,10,274,6,96,3,169,2,38,21,248,20,259,29,837,11,831,2,0,0,0,1,17,3,40,1,8,2,8,0,0,0,1,0,1,0,0,6,20,6,1,0,0,2,0,12,4,10,6,3,0,5,7,0,0,0,0,0,3,0,0,0,1,2,181,3,228,2,95,1,31,0,45,1,167,0,86,0,23,0,7,0,11,2,154,1,53,1,38,0,0,6,4,31,101,0,27,2,10,0,28,2,303,2,13,0,9,13,5
0,0,0,0,0,0,0,0,0,0,0,0,0,0,0,0,0,0,0,0,0,0,0,0,0,0,0,0,0,0,0,0,0,0,0,0,0,0,0,0,0,0,0,0,0,0,0,0,0,0,0,0,0,0,0,0,0,0,0,0,0,0,0,0,0,0,0,0,0,0,0,0,0,0,0,0,0,0,0,0,0,0,0,0,0,0,0,0,0,0,0,0,0,0,0,0,0,0,0,0,0,0,0,0,0,0,0,0,0,0,0,0,0,0,0,0,0,0,0,0,0,0,0,0,0,0,0,0,0,0,0,0,0,0,0,0,0,0,0,0,0,0,0,0,0,0,0,0,0,0,0,0,0,0,0,0,0,0,0,0,0,0,0,0,0,0,0,0,0,0
0,0,0,0,0,0,0,0,0,0,0,0,0,0,0,0,0,0,0,0,0,0,0,0,0,0,0,0,0,0,0,0,0,0,0,0,0,0,0,0,0,0,0,0,0,0,0,0,0,0,0,0,0,0,0,0,0,0,0,0,0,0,0,0,0,0,0,0,0,0,0,0,0,0,0,0,0,0,0,0,0,0,0,0,0,0,0,0,0,0,0,0,0,0,0,0,0,0,0,0,0,0,0,0,0,0,0,0,0,0,0,0,0,0,0,0,0,0,0,0,0,0,0,0,0,0,0,0,0,0,0,0,0,0,0,0,0,0,0,0,0,0,0,0,0,0,0,0,0,0,0,0,0,0,0,0,0,0,0,0,0,0,0,0,0,0,0,0,0,0
41,1,7,0,12,0,3,0,7,0,0,0,78,0,2,2,0,0,2,0,0,0,0,0,0,0,0,0,0,0,0,0,105,2,0,0,2,2,30,0,12,3,1,0,0,0,18,6,36,18,13,0,112,3,237,2,26,0,5,0,15,0,20,0,13,2,17,2,29,3,13,43,5,0,8,0,34,0,16,1,0,0,0,2,213,15,0,0,44,1,0,0,4,0,0,0,1,0,2,1,1,0,0,0,0,0,1,2,0,0,0,0,0,0,0,0,0,0,0,0,0,0,1,0,0,0,4,0,2,0,0,0,1,0,1,0,0,0,0,0,0,0,0,0,10,0,1,1,0,0,0,0,0,0,0,0,0,0,3,1,0,0,2,3,0,0,0,0,1,0
5,8,0,8,0,8,0,5,0,11,0,0,2,23,0,6,0,0,0,1,0,0,0,0,0,0,0,0,0,0,0,0,0,139,0,0,1,12,8,20,4,13,0,1,0,0,30,55,17,169,1,56,8,61,10,24,0,14,0,17,1,7,27,9,7,4,2,66,10,16,10,116,0,1,6,3,6,19,0,17,0,0,2,0,8,166,0,1,7,43,0,0,0,2,0,0,0,0,1,0,0,0,0,0,1,0,0,1,0,0,0,0,0,0,0,0,1,0,0,0,0,0,0,0,0,1,1,2,2,3,0,0,0,0,0,2,0,0,0,0,0,0,0,1,5,3,0,0,2,0,0,0,0,0,0,0,0,0,1,0,0,0,0,5,0,1,0,0,0,0
927,5,45,3,169,2,46,2,14,0,0,0,317,0,32,8,0,0,3,0,0,0,0,0,0,0,0,0,0,0,0,0,294,15,0,0,12,6,79,4,281,6,14,0,3,0,78,29,106,45,154,2,340,10,1111,8,244,0,122,1,587,5,68,3,89,4,811,4,383,16,55,112,27,2,81,6,244,13,46,3,0,0,213,8,0,20,459,0,3990,2,0,0,392,1,0,1,0,2,12,4,0,1,1,0,1,0,1,6,2,5,3,0,0,1,0,0,0,0,0,0,0,0,2,0,6,1,30,2,9,0,1,0,1,0,14,0,1,0,0,1,2,0,1,1,48,0,6,0,5,1,0,0,0,0,3,2,0,0,1,2,0,1,12,1,3,1,0,4,8,1
12,256,2,29,7,112,1,28,0,23,0,2,5,203,9,33,0,0,0,4,0,0,0,0,0,0,0,0,0,0,0,1,3,236,0,0,4,14,19,56,13,301,0,34,0,0,241,256,40,439,15,823,26,234,17,509,4,164,0,453,6,203,71,22,34,19,11,772,20,621,30,255,1,10,16,35,5,107,5,40,0,0,15,166,20,0,0,675,7,3463,0,9,0,481,0,2,0,0,2,3,0,0,0,0,0,0,1,0,0,0,0,0,1,0,0,0,0,0,0,0,0,1,1,0,2,1,7,18,1,5,0,1,0,0,1,1,0,0,0,1,0,0,0,1,7,10,0,1,1,3,0,0,0,0,3,2,0,0,0,2,0,1,1,14,1,1,0,0,1,0
37,3,162,12,149,9,10,3,66,0,94,0,1,0,122,13,13,0,173,9,10,1,1,0,17,0,2,0,14,0,3,0,123,0,0,0,10,7,1,0,515,0,1,0,294,0,2,2,3,0,18,0,8,0,28,0,31,0,300,0,14,1,6,0,4,0,3,1,3,0,2,0,19,1,82,21,1194,3,13,1,0,0,0,0,459,0,0,0,1248,0,347,0,936,0,0,0,0,0,3,0,0,0,0,0,0,0,0,0,0,0,0,0,0,0,0,0,0,0,0,0,0,0,0,0,4,1,1,2,2,0,0,0,1,0,5,0,1,0,3,0,0,0,0,0,3,1,1,0,0,0,0,0,3,2,20,4,10,0,1,0,0,0,2,0,0,0,0,1,0,0
0,3,4,281,3,172,0,2,1,201,1,397,0,51,2,21,1,20,14,131,0,20,1,6,0,2,0,5,0,38,0,45,0,266,0,0,0,30,0,1,0,1171,0,43,0,1046,1,9,0,4,0,38,0,3,0,19,0,12,0,389,0,1,0,0,0,0,0,0,0,0,0,1,0,1,4,64,1,250,1,8,0,0,0,1,0,675,0,0,0,540,0,392,0,682,0,0,0,0,0,0,0,1,0,0,0,0,0,0,0,0,0,0,0,0,0,0,0,0,0,0,0,0,0,0,0,3,0,0,0,0,0,0,0,0,0,0,0,1,0,0,0,0,0,0,0,2,0,0,0,0,0,0,9,13,4,18,0,5,0,0,0,0,1,0,0,0,0,0,0,0
560,8,73,0,60,2,6,1,11,0,0,0,46,3,46,13,1,0,1,0,0,0,0,0,0,0,0,0,0,0,0,0,182,4,0,0,4,6,97,5,350,2,10,0,14,0,46,17,75,34,129,1,345,3,3052,1,262,0,110,1,335,2,66,0,297,0,78,1,1315,1,22,46,20,3,51,2,252,1,28,2,0,0,44,7,3990,7,1248,0,0,0,58,0,2994,0,0,1,1,1,1,0,0,0,0,0,0,0,0,1,0,4,0,0,0,1,0,0,0,0,0,0,1,0,0,0,7,0,27,3,10,0,0,0,1,0,6,0,2,0,1,0,0,0,0,0,19,1,1,0,4,1,0,0,0,1,6,0,2,0,3,0,0,0,11,0,4,0,0,1,2,0
2,196,1,11,0,27,1,12,1,11,0,10,0,3,3,23,0,0,0,4,0,0,0,0,0,0,0,0,0,0,0,1,0,202,0,0,1,5,3,6,0,232,0,21,0,16,197,161,7,93,9,589,8,124,2,2964,0,332,0,570,0,393,7,19,2,126,1,274,1,1502,4,59,0,6,2,25,2,99,1,8,0,0,1,43,2,3463,0,540,0,0,0,485,0,4076,0,1,0,0,1,0,0,0,0,0,0,0,0,1,0,0,0,0,0,0,0,0,0,0,0,0,0,0,0,0,0,1,1,9,0,1,0,0,0,0,0,0,0,0,0,1,0,0,0,0,0,3,0,0,0,1,0,0,0,0,1,0,0,0,0,0,0,0,0,1,0,0,0,0,0,0
0,0,0,0,0,0,1,0,0,0,0,0,0,0,3,0,0,0,0,0,1,0,0,0,0,0,0,0,0,0,0,0,0,0,0,0,0,0,0,0,376,0,0,0,30,0,0,0,0,0,0,0,0,0,0,0,0,0,689,0,0,0,0,0,0,0,0,0,0,0,0,0,1,0,2,0,59,0,2,0,0,0,0,0,0,0,347,0,58,0,0,0,1006,0,0,0,0,0,0,0,0,0,0,0,0,0,0,0,0,0,0,0,0,0,0,0,0,0,0,0,0,0,0,0,0,0,0,0,0,0,0,0,0,0,0,0,1,0,0,0,0,0,0,0,0,0,0,0,0,0,0,0,0,0,0,0,2,0,1,0,0,0,1,0,0,0,0,0,0,0
0,0,0,1,0,0,0,0,0,2,0,2,0,0,0,0,0,0,1,0,0,0,0,0,0,0,0,0,0,1,0,0,0,7,0,0,0,0,0,1,0,589,0,371,0,249,0,0,0,0,0,0,0,0,0,0,0,0,0,718,0,0,0,0,0,0,0,0,0,0,0,0,0,0,0,1,0,11,0,0,0,0,0,0,0,9,0,392,0,485,0,0,0,1262,0,0,0,0,0,0,0,0,0,0,0,0,0,0,0,0,0,0,0,0,0,0,0,0,0,0,0,0,0,0,0,0,0,0,0,0,0,0,0,0,0,0,0,0,0,0,0,0,0,0,0,0,0,0,0,0,0,0,0,0,0,0,0,0,0,0,0,0,0,0,0,0,0,0,0,0
49,2,16,2,6,2,1,0,3,0,1,0,3,0,25,8,0,0,0,0,0,0,0,0,0,0,0,0,0,0,0,0,173,1,0,0,0,3,3,1,997,0,28,0,125,0,13,10,13,2,155,2,88,0,553,0,494,0,2415,0,24,2,3,0,5,0,3,1,5,0,10,9,11,0,38,0,789,0,13,0,0,0,4,0,392,0,936,0,2994,0,1006,0,0,0,0,0,0,0,2,0,0,0,0,0,0,0,0,2,1,0,0,0,1,0,0,0,0,0,0,0,0,0,0,0,1,0,3,0,0,0,0,0,0,0,2,0,0,0,3,0,0,0,0,0,10,0,1,0,1,0,0,0,0,0,4,1,10,0,1,0,0,0,3,0,0,0,0,0,1,0
1,16,1,14,0,6,0,8,0,26,0,10,0,2,0,30,0,0,2,12,0,0,0,0,0,0,0,0,0,1,0,1,0,371,0,0,1,7,0,3,1,518,0,79,0,82,23,36,1,16,1,164,1,47,0,697,0,276,0,1802,0,26,0,8,0,20,0,24,0,48,0,10,0,4,1,23,0,264,0,1,0,0,0,2,1,481,0,682,0,4076,0,1262,0,0,0,0,0,0,0,0,0,0,0,0,0,0,0,0,0,0,0,0,0,0,0,0,0,0,0,0,0,0,0,0,0,1,0,2,0,0,0,0,0,0,0,0,0,0,0,0,0,0,0,0,0,1,0,0,0,1,0,0,0,0,4,3,0,2,0,0,0,0,0,0,0,0,0,0,0,0
0,0,0,0,1,0,0,0,0,0,0,0,0,0,0,0,0,0,0,0,0,0,0,0,0,0,0,0,0,0,0,0,2,1,0,0,0,0,1,0,2,6,4,0,0,0,0,1,0,0,0,1,0,0,0,1,0,0,0,1,2,2,0,2,0,0,1,1,0,0,3,5,0,1,0,1,0,0,0,0,0,0,0,0,0,0,0,0,0,0,0,0,0,0,0,21,2583,8,298,17,1542,17,3878,18,498,4,513,84,260,41,53,26,9,15,35,33,200,31,5,3,0,0,0,0,0,1,1,3,0,1,0,0,0,0,2,0,0,0,0,0,0,0,1,5,6,5,0,0,0,2,0,0,0,0,0,0,0,0,10,2,0,0,2,4,3,2,0,5,1,0
1,1,0,0,0,0,0,0,0,0,0,0,1,0,0,0,0,0,0,0,0,0,0,0,0,0,0,0,0,0,0,0,0,1,0,0,0,0,1,0,7,3,6,8,1,0,9,4,0,1,2,501,3,3,2,4,3,43,0,9,4,0,8,1,8,0,3,0,1,0,6,6,1,1,5,1,1,0,3,1,0,0,0,0,1,2,0,0,1,1,0,0,0,0,21,0,37,3996,22,743,51,1362,30,4611,33,198,121,888,78,331,83,84,48,36,131,60,190,52,16,8,0,0,1,0,0,0,0,3,2,0,0,0,0,0,0,0,0,0,0,0,0,0,0,3,5,8,0,0,2,2,0,0,0,0,0,0,0,0,3,3,0,5,0,1,1,0,1,3,4,0
1,0,0,0,0,0,0,0,0,0,0,0,1,0,0,0,0,0,0,0,0,0,0,0,0,0,0,0,0,0,0,0,0,1,0,0,0,0,0,2,2,9,1,0,0,0,0,1,0,2,1,2,3,0,4,0,1,0,0,0,1,0,6,1,2,0,4,0,2,1,1,2,0,0,1,0,1,0,1,0,0,0,1,0,0,0,0,0,1,0,0,0,0,0,2583,37,0,12,292,39,1176,44,793,26,1299,14,1556,124,398,67,79,37,12,16,52,77,141,56,9,12,0,0,0,0,1,1,2,3,3,1,0,0,0,0,2,1,0,0,0,0,0,3,0,2,9,7,1,1,0,1,0,0,0,0,0,0,0,0,9,6,0,0,2,2,3,0,0,10,7,0
0,0,1,0,1,0,0,0,0,0,0,0,1,0,0,1,0,0,0,0,0,0,0,0,0,0,0,0,0,0,0,0,0,0,0,0,0,0,0,0,4,1,3,2,0,0,0,1,0,0,1,0,3,0,0,0,2,0,0,0,0,1,2,1,4,0,3,0,0,0,2,1,0,0,2,1,0,0,0,0,0,0,0,0,2,0,0,0,1,0,0,0,0,0,8,3996,12,0,8,237,51,392,32,1042,12,878,67,644,32,131,32,31,10,23,119,97,201,103,10,1,0,0,0,0,1,0,1,0,0,0,0,0,0,0,1,0,0,0,0,0,0,0,1,0,5,1,0,1,0,0,0,0,0,0,0,0,0,0,1,0,0,0,0,1,1,0,0,2,0,0
19,0,2,1,5,1,4,0,1,1,1,0,2,0,10,8,0,0,1,0,0,0,0,0,0,0,0,0,0,0,0,0,6,1,0,0,4,1,8,0,101,15,31,2,1,0,4,1,2,5,76,2,6,1,19,0,4,0,1,1,30,2,46,10,46,2,16,2,11,1,12,15,16,2,37,6,16,0,24,6,0,0,2,1,12,2,3,0,1,1,0,0,2,0,298,22,292,8,0,244,853,127,427,27,177,6,438,82,1487,46,76,30,159,283,213,67,39,49,54,188,1,0,1,0,10,4,27,9,10,5,0,0,1,1,40,9,0,0,0,0,1,0,5,12,134,27,6,2,14,8,0,0,0,0,2,1,0,0,46,26,2,4,11,14,45,42,4,29,229,10
2,1,0,3,0,3,1,3,1,0,0,0,0,2,0,6,0,0,0,0,0,0,0,0,0,0,0,0,0,0,0,0,0,6,0,0,5,3,2,3,7,53,3,64,0,0,0,4,3,9,1,203,7,1,6,3,1,0,0,27,4,14,26,16,24,6,8,11,6,2,8,31,2,5,9,10,4,11,4,20,0,0,1,0,4,3,0,0,0,0,0,0,0,0,17,743,39,237,244,0,250,922,22,428,19,217,83,1276,91,771,65,42,130,534,349,55,32,29,39,64,0,0,0,0,2,8,6,62,3,8,0,1,0,0,1,8,0,0,0,6,0,37,2,63,16,71,2,5,8,12,0,0,0,0,0,0,0,0,10,29,0,5,4,34,13,17,1,48,87,2
0,0,0,0,0,0,0,0,1,0,0,0,1,0,0,0,0,0,1,0,0,0,0,0,0,0,0,0,0,0,0,0,0,3,0,0,1,1,2,0,28,22,159,0,0,0,78,0,1,1,308,2,1,1,6,0,2,0,9,1,2,1,7,1,1,2,3,4,2,0,59,4,0,0,9,5,1,0,2,6,0,0,1,0,0,0,0,0,0,0,0,0,0,0,1542,51,1176,51,853,250,0,789,1717,70,743,17,1148,181,778,83,250,41,28,165,1229,236,155,138,50,22,0,0,0,0,1,0,1,2,0,2,0,0,0,0,2,0,0,0,0,0,0,0,1,1,10,10,0,1,2,1,0,0,0,0,0,0,0,0,18,8,0,0,2,4,4,2,0,14,4,0
