0,111,1874,36,1288,44,775,12,545,2,4,0,591,1,634,454,0,0,39,1,1,0,0,0,0,0,0,0,0,0,0,0,499,25,0,0,367,408,17,4,141,2,12,1,3,0,0,0,4,1,2,3,12,1,64,2,39,0,2,0,3671,17,430,4,651,0,462,0,250,2,112,24,813,12,212,13,926,188,54,1,0,0,1,0,337,3,31,0,235,2,1,0,73,1,4,3,9,5,65,3,9,2,0,1,5,3,24,13,25,15,8,1,60,24,1,0,0,2,2,16,2,0,6,0,2,0,141,10,88,16,13,0,3,0,61,0,17,0,5,0,23,0,3,0,127,0,28,1,1,0,0,0,0,0,54,16,7,0,15,2,11,0,32,1,48,4,5,5,48,13
111,0,55,1710,45,1574,7,905,3,214,0,2,8,217,60,1584,0,0,6,9,0,0,0,0,0,0,0,0,0,0,0,0,11,392,0,0,22,348,1,4,1,40,0,0,0,2,6,0,0,28,0,1,1,24,7,145,2,1,0,1,14,3896,5,177,0,240,1,225,7,492,4,402,22,402,27,59,40,1176,0,24,0,0,0,2,4,114,1,3,1,423,0,0,0,29,0,0,1,0,1,0,0,0,1,0,0,0,2,2,0,2,1,0,3,2,0,0,0,0,0,2,0,0,0,0,0,1,13,3,0,15,0,0,0,0,3,0,0,0,0,0,1,0,0,0,5,1,1,0,1,1,0,0,0,0,129,78,0,1,3,0,1,0,1,1,1,2,0,1,1,0
1874,55,0,75,5287,98,62,21,642,14,200,1,50,8,1855,114,6,0,1311,52,181,6,54,1,127,1,380,0,71,0,36,1,699,11,0,0,114,103,9,2,49,2,12,0,13,1,0,1,6,0,2,0,8,0,43,0,17,0,6,0,188,7,195,0,78,0,56,1,164,3,80,9,54,2,106,12,774,65,12,0,0,0,3,0,99,3,56,0,75,4,14,1,29,0,2,2,4,1,38,2,1,0,0,2,3,0,3,0,9,6,2,0,39,11,0,0,1,0,0,10,2,0,0,0,8,0,159,5,15,5,4,0,7,0,30,0,6,0,2,0,10,0,1,0,43,5,12,1,1,1,18,61,5,14,153,217,4,1,5,1,5,0,18,4,32,4,4,10,21,7
36,1710,75,0,74,5238,1,209,9,471,12,300,2,32,31,1228,3,28,210,1698,95,107,13,21,1,48,1,52,3,21,6,45,29,218,0,0,7,542,2,82,4,54,1,7,0,16,7,15,3,1,0,15,3,8,3,12,1,1,1,13,5,87,5,25,7,11,2,16,3,23,8,435,7,78,5,25,56,961,0,3,0,0,0,2,0,15,5,15,2,14,3,6,9,2,1,0,2,1,1,4,0,0,0,1,1,0,2,0,1,4,0,0,9,2,8,0,0,0,0,1,0,0,0,0,1,3,10,17,1,15,0,7,0,1,0,6,0,0,1,2,1,0,0,0,3,7,0,2,0,0,39,165,112,279,100,378,0,4,2,3,0,9,0,17,1,9,0,4,5,2
1288,45,5287,74,0,96,223,27,1647,19,246,2,33,3,142,91,2,1,524,30,88,4,10,0,86,1,356,0,26,0,264,0,454,14,0,0,47,79,3,4,35,3,7,2,8,0,2,0,0,0,2,1,3,0,29,0,36,0,12,0,75,0,20,1,73,1,143,0,83,0,7,9,11,1,159,16,422,63,1,0,0,0,10,0,257,3,46,0,206,1,13,0,77,0,0,0,1,1,6,2,0,0,1,0,1,0,2,2,2,2,2,0,10,3,0,0,0,0,0,3,0,0,0,0,0,0,13,5,2,3,1,1,4,0,3,1,0,0,1,0,1,0,0,0,13,0,2,0,0,1,8,22,4,4,185,252,0,0,4,0,0,0,4,1,9,0,0,1,6,1
44,1574,98,5238,96,0,1,748,26,1513,6,400,0,24,49,807,1,10,158,589,51,18,6,26,0,105,0,587,0,19,1,108,40,279,0,0,18,341,6,50,2,32,1,5,0,14,10,22,3,19,1,32,3,20,3,70,2,0,1,4,7,106,2,25,1,75,0,74,0,231,4,243,3,69,40,62,46,698,0,2,0,0,0,10,5,78,5,11,2,167,1,2,4,29,0,2,0,0,2,7,0,0,0,0,2,0,3,0,1,0,2,0,17,0,2,0,0,0,0,0,0,0,0,0,0,0,6,9,0,6,0,5,0,0,3,4,1,5,1,0,0,0,0,1,2,2,1,3,0,1,18,62,31,33,140,450,1,5,1,4,0,6,1,19,3,11,0,0,8,2
775,7,62,1,223,1,0,0,2031,0,16,0,2138,0,14,11,0,0,6,0,0,0,0,0,0,0,0,0,0,0,0,0,237,0,0,0,9,6,4,2,4,0,0,0,0,0,0,0,0,0,0,0,0,0,3,0,0,0,0,0,207,0,26,0,7,0,70,0,10,1,2,2,3,0,21,0,73,2,3,0,0,0,5,1,178,1,95,0,35,0,0,0,2,0,0,0,2,0,3,0,0,0,0,0,0,0,0,0,0,0,0,0,0,2,0,0,0,0,0,1,0,0,0,0,0,0,1,0,0,0,2,0,0,0,1,0,0,0,1,0,1,0,0,0,1,0,0,0,0,0,0,0,0,0,8,5,0,0,1,0,0,0,1,0,0,0,0,0,0,0
12,905,21,209,27,748,0,0,11,1065,0,12,0,782,15,398,0,0,24,63,1,0,0,0,0,0,0,0,0,0,0,0,6,762,0,0,8,80,2,15,0,14,0,1,0,0,4,12,0,7,0,5,1,7,3,24,1,1,0,1,4,47,3,5,0,36,0,290,0,115,0,51,1,32,9,46,13,119,0,1,0,0,0,8,0,233,0,67,2,371,0,0,0,11,0,0,0,0,1,1,0,0,1,0,0,0,2,0,0,2,0,0,3,0,1,0,0,0,0,1,0,0,0,0,0,0,3,3,1,1,1,1,0,0,1,0,0,0,0,0,1,0,0,0,2,2,1,0,0,0,0,0,1,0,25,78,0,0,1,2,0,0,1,2,2,1,0,0,1,1
545,3,642,9,1647,26,2031,11,0,5,1284,1,274,0,109,15,0,0,185,6,8,0,1,0,0,0,1,0,11,0,90,0,1972,7,0,0,17,13,5,1,9,2,1,1,1,0,0,0,2,0,0,1,1,0,7,0,4,0,2,0,39,0,22,0,10,0,46,1,17,1,5,6,3,0,52,9,347,18,5,0,0,0,20,0,260,3,134,0,55,0,0,0,6,0,1,0,0,0,1,0,0,0,0,0,1,0,2,0,3,2,0,0,4,4,0,0,0,0,0,0,0,0,0,0,0,0,5,1,2,0,1,0,2,0,6,0,0,0,0,0,1,0,0,0,10,0,2,0,0,1,1,2,1,0,113,126,0,0,2,1,0,1,1,1,3,1,0,0,2,1
2,214,14,471,19,1513,0,1065,5,0,1,787,0,70,7,241,0,0,63,211,5,2,0,0,0,0,0,1,0,0,0,1,9,970,0,0,1,91,1,16,0,29,0,2,0,1,0,5,0,3,0,8,2,3,0,3,0,0,0,2,0,32,1,1,2,8,0,156,2,23,0,37,0,14,3,15,14,516,0,2,0,0,0,23,0,160,0,4,1,174,0,0,0,11,1,0,1,0,0,2,1,0,0,0,0,0,1,0,2,2,1,0,4,3,2,0,0,0,0,1,0,0,0,0,0,1,1,5,0,1,0,4,0,0,1,0,0,2,0,1,0,0,0,1,1,5,0,1,0,1,0,0,17,10,24,134,0,0,1,2,1,3,0,7,1,4,1,2,1,5
4,0,200,12,246,6,16,0,1284,1,0,0,20,0,2,0,2,1,37,8,70,2,23,0,25,1,59,0,707,0,904,1,1157,0,0,0,2,2,1,0,19,1,8,0,9,0,0,1,0,0,1,0,0,0,10,0,13,0,9,0,6,0,0,0,1,0,0,0,1,0,0,0,0,0,2,1,237,3,1,0,0,0,0,0,26,1,235,0,30,0,22,0,45,0,0,0,0,0,3,0,0,0,0,0,0,0,0,0,0,0,0,0,2,0,0,0,0,0,0,0,0,0,0,0,0,0,0,0,0,0,0,0,0,0,0,0,0,0,0,0,1,0,0,0,1,0,1,0,0,0,4,13,1,1,1,13,1,0,1,0,0,1,1,0,1,0,0,0,0,0
0,2,1,300,2,400,0,12,1,787,0,0,0,1,0,0,0,20,4,22,12,16,1,24,0,114,0,372,0,550,0,1046,0,694,0,0,0,3,1,0,0,113,0,3,0,61,0,0,0,1,0,4,0,0,0,0,0,2,0,22,0,1,0,0,0,0,0,0,0,1,0,0,0,0,0,3,0,780,0,0,0,0,0,0,0,1,0,62,0,11,0,16,0,12,0,0,0,0,0,0,0,0,0,0,1,0,0,0,0,0,0,0,1,0,0,0,0,0,0,2,0,0,0,0,0,1,0,1,0,0,0,3,0,0,0,0,0,2,0,1,0,0,0,0,0,4,0,0,0,0,6,29,3,7,1,3,0,1,0,2,0,4,0,2,0,3,0,0,0,2
591,8,50,2,33,0,2138,0,274,0,20,0,0,0,25,15,0,0,7,0,0,0,0,0,0,0,0,0,0,0,0,0,1293,1,0,0,9,14,6,2,23,0,3,0,0,0,0,0,5,0,2,0,0,0,2,1,1,0,1,0,513,2,31,1,11,0,235,1,9,1,8,7,7,0,5,0,321,10,6,0,0,0,297,1,1128,1,70,1,24,0,0,0,0,0,0,0,1,0,6,0,2,0,0,0,0,0,3,0,1,3,2,0,2,3,0,0,0,0,0,0,0,0,0,0,0,0,4,1,1,1,0,0,0,0,1,0,1,0,1,0,0,0,0,0,8,0,0,0,0,0,0,0,0,0,6,3,0,0,2,0,0,0,1,0,2,0,0,0,3,0
1,217,8,32,3,24,0,782,0,70,0,1,0,0,4,141,0,0,5,7,0,0,0,0,0,0,0,0,0,0,0,0,1,817,0,0,0,18,3,3,0,10,0,0,0,0,1,1,2,1,0,0,0,1,1,1,0,0,0,0,1,478,4,3,0,2,1,525,1,6,3,29,0,1,5,47,6,94,0,1,0,0,0,121,3,143,0,109,1,24,0,0,1,0,0,0,0,0,0,1,0,0,0,0,0,0,0,0,0,1,0,0,4,0,0,0,0,0,0,0,0,0,0,0,0,0,2,0,0,0,0,0,1,0,1,0,1,0,0,0,0,0,0,0,1,1,0,1,0,1,0,0,0,0,4,25,0,0,0,1,1,2,0,0,0,0,0,1,3,0
634,60,1855,31,142,49,14,15,109,7,2,0,25,4,0,269,0,0,789,3,0,0,0,0,0,0,0,0,0,0,0,0,81,15,0,0,2615,247,11,2,22,6,4,0,0,0,4,0,24,0,0,0,34,0,83,0,7,0,3,0,75,12,286,1,22,0,18,1,93,2,403,21,734,10,102,12,227,131,5,1,0,0,3,0,26,0,3,0,11,0,0,0,7,0,0,1,4,1,21,4,1,0,1,0,1,1,5,4,1,1,3,0,13,6,0,1,0,1,0,1,0,0,2,0,2,0,81,9,15,5,1,0,7,0,14,0,5,0,1,0,8,0,0,0,26,1,6,3,0,0,0,0,15,1,271,74,1,0,3,0,0,1,3,3,13,2,0,1,10,3
454,1584,114,1228,91,807,11,398,15,241,0,0,15,141,269,0,0,0,10,344,0,0,0,0,0,0,0,0,0,0,0,0,22,281,0,0,49,2125,4,19,17,71,3,5,1,0,3,10,3,3,0,10,2,1,6,3,3,0,0,0,84,222,11,74,12,8,7,23,10,10,14,577,152,441,38,58,76,1510,1,15,0,0,0,1,10,13,2,8,12,7,0,0,0,2,1,0,5,0,8,6,1,0,3,0,4,0,7,4,2,8,3,0,24,4,3,1,0,1,1,6,0,0,4,0,0,1,38,38,9,71,4,7,2,1,7,0,2,0,0,0,5,1,0,0,11,12,7,12,0,4,0,0,0,0,124,147,2,1,3,3,0,7,3,26,10,8,3,5,18,5
0,0,6,3,2,1,0,0,0,0,2,0,0,0,0,0,0,75,5,0,335,0,782,48,21,3,1,0,68,0,0,0,43,0,0,0,20,0,22,0,6,0,5,0,114,0,4,0,0,0,0,0,0,0,0,0,0,0,1,0,0,0,0,0,0,0,0,0,0,0,6,0,0,0,53,25,161,1,1,0,0,0,0,0,1,0,80,0,0,0,1,0,0,0,0,0,0,0,0,0,0,0,0,0,0,0,0,0,0,0,0,0,0,0,0,0,0,0,0,0,0,0,0,0,0,0,0,0,0,0,0,0,0,0,1,0,0,0,0,0,1,0,0,0,0,0,0,0,0,0,254,34,104,0,9,0,725,0,0,0,0,0,1,0,1,0,0,0,0,0
0,0,0,28,1,10,0,0,0,0,1,20,0,0,0,0,75,0,0,29,45,419,42,869,4,435,2,35,0,58,0,3,3,85,0,0,0,17,2,0,8,12,0,8,1,384,0,0,0,0,0,0,0,0,0,0,0,0,0,3,0,0,0,0,0,0,0,0,0,0,1,0,0,0,17,148,6,159,0,2,0,0,0,0,0,0,3,73,0,1,0,19,0,5,0,0,0,0,0,0,0,0,0,0,0,0,0,0,0,0,0,0,0,0,0,0,0,0,0,0,0,17,0,0,0,2,0,0,0,0,0,0,0,0,5,7,0,2,0,0,0,0,0,0,0,0,0,0,0,0,41,178,15,14,0,69,21,311,0,0,0,0,0,0,0,0,0,0,0,0
39,6,1311,210,524,158,6,24,185,63,37,4,7,5,789,10,5,0,0,226,341,16,15,2,1,1,1,0,12,0,13,0,211,27,0,0,730,39,10,1,9,1,1,0,2,0,5,0,19,0,2,0,2,0,16,0,8,0,2,0,6,0,13,0,4,1,7,3,25,0,49,1,7,0,9,7,197,73,3,1,0,0,1,0,14,2,12,0,12,1,3,0,12,0,2,0,1,0,4,1,1,0,0,0,1,0,0,1,3,3,0,0,5,1,0,0,0,1,0,1,0,0,0,0,0,0,12,2,0,1,0,0,2,0,4,0,0,1,0,0,0,0,0,0,7,0,1,1,0,0,13,26,401,99,682,434,1,1,4,0,0,1,1,3,2,3,1,0,4,1
1,9,52,1698,30,589,0,63,6,211,8,22,0,7,3,344,0,29,226,0,48,599,2,50,1,10,1,1,0,0,2,4,23,62,0,0,0,625,3,71,2,13,0,2,1,6,2,11,0,1,0,25,0,0,1,0,2,0,3,0,0,2,0,0,1,1,0,3,0,0,1,72,0,1,0,8,14,243,0,3,0,0,0,0,0,9,1,3,3,6,1,1,1,1,0,0,0,0,0,0,0,0,1,0,2,0,1,0,0,0,0,0,4,0,2,0,0,0,1,0,0,0,0,0,0,1,1,7,0,0,0,2,0,0,0,0,0,0,0,0,0,0,0,0,2,4,0,0,0,0,26,123,81,961,84,679,0,6,0,1,0,2,1,9,0,9,0,2,1,1
1,0,181,95,88,51,0,1,8,5,70,12,0,0,0,0,335,45,341,48,0,54,1189,22,20,18,11,4,63,0,16,1,66,3,0,0,4,2,0,0,10,0,8,0,11,3,1,0,0,0,0,0,0,0,2,0,2,0,3,0,0,0,1,0,0,0,0,0,0,0,4,0,0,0,41,52,59,21,3,0,0,0,0,0,0,0,47,1,5,0,10,0,7,0,0,0,0,0,1,0,0,0,0,0,0,0,0,0,0,0,0,0,0,0,0,0,0,0,0,0,0,0,0,0,0,0,0,0,0,0,0,0,0,0,0,0,0,0,0,0,0,0,0,0,0,0,0,0,0,0,355,172,266,2,2,16,61,3,0,0,0,0,0,1,0,0,0,1,1,0
0,0,6,107,4,18,0,0,0,2,2,16,0,0,0,0,0,419,16,599,54,0,17,364,1,90,0,25,1,3,0,4,4,4,0,0,0,16,0,0,0,4,1,0,0,31,0,0,0,0,0,0,0,0,0,0,0,0,0,1,0,0,0,0,0,0,0,0,0,0,0,0,0,0,1,7,2,72,0,0,0,0,0,0,0,0,0,1,1,0,0,2,0,0,0,0,0,0,0,0,0,0,0,0,0,0,0,0,0,0,0,0,0,0,0,0,0,0,0,0,0,0,0,0,0,0,0,0,0,0,0,0,0,0,0,0,0,0,0,0,0,0,0,0,0,0,0,0,0,0,21,659,27,141,2,42,0,17,0,0,0,0,0,0,0,0,0,0,0,0
0,0,54,13,10,6,0,0,1,0,23,1,0,0,0,0,782,42,15,2,1189,17,0,556,837,5,34,1,384,0,5,0,81,0,0,0,0,0,2,0,5,0,33,0,23,0,0,0,0,0,0,0,0,0,1,0,0,0,0,0,0,0,0,0,0,0,0,0,0,0,1,0,0,0,47,36,41,3,0,0,0,0,0,0,0,0,91,0,5,0,6,0,12,0,0,0,0,0,0,0,0,0,0,0,0,0,0,0,0,0,0,0,0,0,0,0,0,0,0,0,0,0,0,0,0,0,0,0,0,0,0,0,0,0,0,0,0,0,0,0,0,0,0,0,0,0,0,0,0,0,171,38,72,1,0,1,255,2,0,0,0,0,0,0,0,0,0,0,0,0
0,0,1,21,0,26,0,0,0,0,0,24,0,0,0,0,48,869,2,50,22,364,556,0,1,786,0,50,0,9,0,0,2,9,0,0,0,3,0,0,0,3,0,3,0,180,0,0,0,0,0,0,0,0,0,0,0,0,0,3,0,0,0,0,0,0,0,0,0,0,0,0,0,0,3,5,0,78,0,0,0,0,0,0,0,0,1,25,0,1,0,13,0,1,0,0,0,0,0,0,0,0,0,0,0,0,0,0,0,0,0,0,0,0,0,0,0,0,0,0,0,0,0,0,0,0,0,0,0,0,0,0,0,0,0,0,0,0,0,0,0,0,0,0,0,0,0,0,0,0,10,132,6,10,1,2,38,73,0,0,0,0,0,0,0,0,0,0,0,0
0,0,127,1,86,0,0,0,0,0,25,0,0,0,0,0,21,4,1,1,20,1,837,1,0,1,304,0,687,0,2,0,48,0,0,0,1,0,0,0,1,0,11,0,4,0,0,0,0,0,0,0,0,0,0,0,0,0,0,0,0,0,0,0,0,0,0,0,0,0,0,0,0,0,1,4,10,0,0,0,0,0,0,0,0,0,30,0,0,0,3,0,2,0,0,0,0,0,0,0,0,0,0,0,0,0,0,0,0,0,0,0,0,0,0,0,0,0,0,0,0,0,0,0,0,0,0,0,0,0,0,0,0,0,0,0,0,0,0,0,0,0,0,0,0,0,0,0,0,0,1,1,0,0,0,0,6,0,0,0,0,0,0,0,0,0,0,0,0,0
0,0,1,48,1,105,0,0,0,0,1,114,0,0,0,0,3,435,1,10,18,90,5,786,1,0,0,530,0,349,0,12,0,40,0,0,0,0,0,0,1,27,0,3,1,177,0,0,0,0,0,1,0,0,0,0,0,0,0,19,0,0,0,0,0,0,0,0,0,0,0,0,0,0,0,6,0,122,0,0,0,0,0,0,0,0,0,81,0,5,0,26,1,3,0,0,0,0,0,0,0,0,0,0,0,0,0,0,0,0,0,0,0,0,0,0,0,0,0,0,0,0,0,0,0,0,0,0,0,0,0,0,0,0,0,0,0,0,0,1,0,0,0,1,0,0,0,0,0,0,6,92,8,3,0,3,1,38,0,0,0,0,0,0,0,0,0,0,0,0
0,0,380,1,356,0,0,0,1,0,59,0,0,0,0,0,1,2,1,1,11,0,34,0,304,0,0,0,99,0,13,0,17,0,0,0,0,0,0,0,0,0,0,0,1,0,0,0,0,0,0,0,0,0,1,0,0,0,0,0,0,0,0,0,0,0,0,0,0,0,0,0,0,0,0,1,6,0,0,0,0,0,0,0,0,0,9,0,0,0,0,0,3,0,0,0,0,0,0,0,0,0,0,0,0,0,0,0,0,0,0,0,0,0,0,0,0,0,0,0,0,0,0,0,0,0,0,0,0,0,0,0,0,0,0,0,0,0,0,0,0,0,0,0,0,0,0,0,0,0,0,6,1,0,0,0,0,0,0,0,0,0,0,0,0,0,0,0,0,0
0,0,0,52,0,587,0,0,0,1,0,372,0,0,0,0,0,35,0,1,4,25,1,50,0,530,0,0,0,210,0,50,0,28,0,0,0,0,0,0,0,24,0,2,0,36,0,0,0,0,0,0,0,0,0,0,0,0,0,6,0,0,0,0,0,0,0,0,0,0,0,0,0,0,0,3,0,44,0,0,0,0,0,0,0,0,0,38,0,4,0,11,0,4,0,0,0,0,0,0,0,0,0,0,0,0,0,0,0,0,0,0,0,0,0,0,0,0,0,0,0,0,0,0,0,0,0,0,0,0,0,0,0,0,0,0,0,0,0,0,0,0,0,0,0,0,0,0,0,0,1,29,1,1,0,0,0,14,0,0,0,0,0,0,0,1,0,0,0,0
0,0,71,3,26,0,0,0,11,0,707,0,0,0,0,0,68,0,12,0,63,1,384,0,687,0,99,0,0,0,39,0,761,0,0,0,1,0,3,0,10,0,89,0,9,0,0,0,0,0,0,0,0,0,4,0,2,0,5,0,0,0,0,0,0,0,2,0,1,0,1,0,0,0,4,0,44,0,0,0,0,0,0,0,6,0,282,0,15,0,14,0,29,0,0,0,0,0,0,0,0,0,0,0,0,0,0,0,0,0,0,0,0,0,0,0,0,0,0,0,0,0,0,0,0,0,0,0,0,0,0,0,0,0,0,0,0,0,0,0,0,0,0,0,0,0,0,0,0,0,3,11,3,0,0,2,20,0,0,0,0,0,0,0,0,0,0,0,0,0
0,0,0,21,0,19,0,0,0,0,0,550,0,0,0,0,0,58,0,0,0,3,0,9,0,349,0,210,0,0,0,108,0,281,0,0,0,0,0,0,0,29,0,3,0,16,0,0,0,0,0,0,0,0,0,0,0,0,0,14,0,0,0,0,0,0,0,0,0,0,0,0,0,0,1,0,0,16,0,0,0,0,0,0,0,1,0,55,0,8,0,9,0,10,0,0,0,0,0,0,0,0,0,0,0,0,0,0,0,0,0,0,0,0,0,0,0,0,0,0,0,0,0,0,0,0,0,0,0,0,0,0,0,0,0,0,0,0,0,0,0,0,0,0,0,0,0,0,0,0,0,12,1,0,0,0,0,3,0,0,0,0,0,0,0,0,0,0,0,0
0,0,36,6,264,1,0,0,90,0,904,0,0,0,0,0,0,0,13,2,16,0,5,0,2,0,13,0,39,0,0,0,253,0,0,0,0,0,0,0,6,0,1,0,2,0,1,0,0,0,0,0,0,0,4,0,2,0,7,0,2,0,0,0,0,0,0,0,1,0,0,1,0,0,1,0,117,1,0,0,0,0,0,0,4,0,43,0,15,0,7,0,23,0,1,0,0,0,1,0,0,0,0,0,0,0,1,0,0,0,0,0,0,0,0,0,0,0,0,0,0,0,0,0,0,0,1,0,0,0,0,0,0,0,0,0,0,0,0,0,0,0,0,0,0,0,0,0,0,0,4,8,0,0,0,3,0,0,0,0,0,0,0,0,2,0,0,0,0,0
0,0,1,45,0,108,0,0,0,1,1,1046,0,0,0,0,0,3,0,4,1,4,0,0,0,12,0,50,0,108,0,0,0,12,0,0,0,0,0,0,0,9,0,0,1,9,0,0,0,0,0,0,0,0,0,0,0,0,0,5,0,0,0,0,0,0,0,0,0,0,0,0,0,0,0,1,0,56,0,0,0,0,0,0,0,0,0,8,0,1,0,0,0,1,0,0,0,0,0,0,0,0,0,0,0,0,0,0,0,1,0,0,0,0,0,0,0,0,0,0,0,0,0,0,0,0,0,0,0,0,0,0,0,0,0,0,0,0,0,0,0,0,0,0,0,0,0,0,0,0,1,13,0,1,0,1,0,0,0,0,0,0,0,0,0,1,0,0,0,0
499,11,699,29,454,40,237,6,1972,9,1157,0,1293,1,81,22,43,3,211,23,66,4,81,2,48,0,17,0,761,0,253,0,0,7,0,0,23,29,14,1,129,1,30,0,125,0,0,0,7,1,7,1,6,1,92,0,35,0,19,0,266,0,45,1,63,0,71,1,20,1,15,10,19,2,76,2,3848,20,20,2,0,0,79,0,882,6,812,0,138,1,26,0,84,0,4,1,5,2,38,4,5,0,0,0,3,2,7,2,10,11,2,0,30,14,0,0,0,2,1,8,0,0,0,0,1,0,57,1,6,2,4,0,3,0,44,1,11,0,4,0,7,1,6,0,48,0,1,0,0,0,10,15,11,7,47,128,49,0,12,0,7,0,6,1,27,3,2,2,16,6
25,392,11,218,14,279,0,762,7,970,0,694,1,817,15,281,0,85,27,62,3,4,0,9,0,40,0,28,0,281,0,12,7,0,0,0,6,206,10,29,3,545,0,81,0,97,8,143,5,20,2,289,1,21,3,44,0,22,0,161,14,1040,33,234,22,28,3,630,6,40,27,580,20,262,9,91,14,2035,0,103,0,0,0,131,9,367,2,712,2,211,0,49,0,97,4,2,3,3,2,30,3,2,4,2,3,1,16,15,6,23,6,1,55,22,1,1,0,0,1,9,0,0,0,0,0,8,4,61,1,51,1,20,0,1,2,35,0,21,0,52,0,12,0,11,13,50,1,18,1,18,1,4,5,9,14,50,2,7,3,8,1,23,1,69,3,22,1,15,33,7
0,0,0,0,0,0,0,0,0,0,0,0,0,0,0,0,0,0,0,0,0,0,0,0,0,0,0,0,0,0,0,0,0,0,0,0,0,0,0,0,0,0,0,0,0,0,0,0,0,0,0,0,0,0,0,0,0,0,0,0,0,0,0,0,0,0,0,0,0,0,0,0,0,0,0,0,0,0,0,0,0,0,0,0,0,0,0,0,0,0,0,0,0,0,0,0,0,0,0,0,0,0,0,0,0,0,0,0,0,0,0,0,0,0,0,0,0,0,0,0,0,0,0,0,0,0,0,0,0,0,0,0,0,0,0,0,0,0,0,0,0,0,0,0,0,0,0,0,0,0,0,0,0,0,0,0,0,0,0,0,0,0,0,0,0,0,0,0,0,0
0,0,0,0,0,0,0,0,0,0,0,0,0,0,0,0,0,0,0,0,0,0,0,0,0,0,0,0,0,0,0,0,0,0,0,0,0,0,0,0,0,0,0,0,0,0,0,0,0,0,0,0,0,0,0,0,0,0,0,0,0,0,0,0,0,0,0,0,0,0,0,0,0,0,0,0,0,0,0,0,0,0,0,0,0,0,0,0,0,0,0,0,0,0,0,0,0,0,0,0,0,0,0,0,0,0,0,0,0,0,0,0,0,0,0,0,0,0,0,0,0,0,0,0,0,0,0,0,0,0,0,0,0,0,0,0,0,0,0,0,0,0,0,0,0,0,0,0,0,0,0,0,0,0,0,0,0,0,0,0,0,0,0,0,0,0,0,0,0,0
367,22,114,7,47,18,9,8,17,1,2,0,9,0,2615,49,20,0,730,0,4,0,0,0,1,0,0,0,1,0,0,0,23,6,0,0,0,124,642,7,24,1,1,0,2,1,130,1,301,1,8,0,69,0,46,0,0,0,2,0,161,9,308,3,42,0,16,2,32,0,2967,13,1430,12,57,6,80,35,2,0,0,0,5,1,21,0,0,0,9,0,0,0,0,0,0,1,0,1,6,2,0,0,1,0,0,0,2,1,3,2,0,0,9,5,0,0,0,0,0,2,0,0,6,0,0,0,38,0,17,5,1,0,2,0,22,0,4,0,1,0,6,0,0,0,36,0,10,0,0,0,17,0,89,0,1020,24,31,0,0,0,1,0,5,1,8,1,0,1,4,1
408,348,103,542,79,341,6,80,13,91,2,3,14,18,247,2125,0,17,39,625,2,16,0,3,0,0,0,0,0,0,0,0,29,206,0,0,124,0,58,848,9,23,1,2,0,1,17,65,2,0,0,68,8,2,23,5,3,0,1,0,147,123,69,19,44,6,20,32,15,5,95,1211,324,288,32,52,75,544,0,10,0,0,0,15,16,26,0,0,9,7,0,0,1,0,1,1,0,0,7,5,1,1,0,0,1,0,0,1,2,8,0,0,11,6,22,0,0,1,0,5,1,0,1,0,0,1,20,21,13,45,3,1,1,0,8,1,1,0,0,2,4,1,0,0,22,3,7,4,0,2,0,10,4,175,98,796,0,1,1,3,0,1,0,6,3,2,1,3,13,1
17,1,9,2,3,6,4,2,5,1,1,1,6,3,11,4,22,2,10,3,0,0,2,0,0,0,0,0,3,0,0,0,14,10,0,0,642,58,0,153,110,2,36,3,4,0,308,111,304,63,78,14,213,28,180,6,18,3,8,3,12,0,475,0,68,1,31,4,78,5,1248,217,9,0,20,3,42,7,1,1,0,0,3,0,57,20,1,4,35,19,0,0,10,3,0,0,2,0,7,2,4,0,0,0,0,0,2,1,4,3,2,0,1,5,0,0,0,0,0,2,2,0,1,0,1,0,6,0,9,0,0,0,0,0,6,0,1,0,0,0,0,2,1,0,78,1,6,1,1,1,5,0,40,0,82,0,12,0,0,0,0,0,1,0,0,0,0,0,2,0
4,4,2,82,4,50,2,15,1,16,0,0,2,3,2,19,0,0,1,71,0,0,0,0,0,0,0,0,0,0,0,0,1,29,0,0,7,848,153,0,40,29,30,38,0,0,154,381,62,141,61,234,92,64,61,22,10,9,3,30,1,2,79,1,14,0,12,11,26,11,139,1317,2,0,3,2,9,30,0,0,0,0,0,5,11,71,1,4,4,63,0,0,2,18,1,0,0,0,1,0,0,2,0,0,0,0,0,0,3,1,0,0,1,2,32,1,0,0,0,1,0,0,0,0,0,0,4,0,1,2,0,0,0,0,2,0,0,0,1,2,0,0,1,1,21,0,0,0,0,1,0,0,2,2,4,21,0,0,0,0,0,0,0,1,0,0,0,0,3,0
141,1,49,4,35,2,4,0,9,0,19,0,23,0,22,17,6,8,9,2,10,0,5,0,1,1,0,0,10,0,6,0,129,3,0,0,24,9,110,40,0,0,1079,1,1564,0,28,4,6,9,179,2,39,3,472,1,143,0,282,0,107,3,72,1,78,0,29,5,31,0,37,37,27,0,61,3,449,8,131,2,0,0,3,1,84,10,669,1,201,3,213,0,263,0,11,3,21,4,35,4,9,0,10,1,17,1,70,10,18,9,33,2,13,19,0,2,0,1,1,9,0,0,2,0,3,0,42,0,19,0,2,0,2,0,48,0,7,0,383,0,3,0,13,0,800,0,12,0,2,0,1,3,1,0,5,7,101,0,9,1,1,0,241,2,19,4,2,5,6,4
2,40,2,54,3,32,0,14,2,29,1,113,0,10,6,71,0,12,1,13,0,4,0,3,0,27,0,24,0,29,0,9,1,545,0,0,1,23,2,29,0,0,0,1944,0,721,2,59,0,4,0,307,0,3,1,15,0,11,0,690,2,14,1,2,1,2,1,2,0,6,0,138,2,8,1,78,1,953,0,231,0,0,0,3,0,82,0,548,0,376,0,876,0,538,0,5,2,3,3,14,0,7,0,2,3,2,3,8,0,9,3,0,10,5,1,0,0,0,2,1,0,0,0,0,0,1,1,42,0,122,0,2,0,0,1,3,0,1,0,343,0,37,0,110,0,595,0,29,0,37,0,2,0,1,5,15,1,83,3,3,0,6,0,191,0,4,0,3,6,1
12,0,12,1,7,1,0,0,1,0,8,0,3,0,4,3,5,0,1,0,8,1,33,0,11,0,0,0,89,0,1,0,30,0,0,0,1,1,36,30,1079,0,0,0,224,0,131,10,4,11,728,1,19,4,145,0,72,0,2927,0,10,0,11,0,11,0,1,1,5,0,120,13,2,0,15,1,98,8,8,1,0,0,1,0,5,0,65,0,11,0,3,0,294,0,21,3,52,4,44,18,40,0,16,3,62,2,153,15,40,12,86,1,10,2,0,2,1,2,0,5,0,0,0,0,0,0,0,0,2,0,0,0,0,0,0,0,0,0,6,0,0,0,0,0,22,0,2,0,0,1,0,0,0,0,1,1,9,1,18,1,4,1,16,23,23,7,10,13,7,2
1,0,0,7,2,5,0,1,1,2,0,3,0,0,0,5,0,8,0,2,0,0,0,3,0,3,0,2,0,3,0,0,0,81,0,0,0,2,3,38,1,1944,0,0,0,756,1,45,0,0,0,873,0,1,0,2,0,1,0,1983,1,0,0,0,0,0,0,0,0,0,0,237,0,0,0,5,0,80,0,4,0,0,0,0,0,4,0,81,0,53,0,271,0,165,1,5,2,2,1,75,0,177,0,7,1,3,2,15,1,5,1,0,1,0,0,0,2,0,0,0,0,0,0,0,0,0,0,0,0,3,0,0,0,0,0,0,0,0,0,2,0,0,0,3,0,5,0,2,0,0,0,0,0,0,0,2,0,0,0,22,1,16,0,29,1,17,0,2,1,1
3,0,13,0,8,0,0,0,1,0,9,0,0,0,0,1,114,1,2,1,11,0,23,0,4,1,1,0,9,0,2,1,125,0,0,0,2,0,4,0,1564,0,224,0,0,0,0,0,1,0,0,0,0,0,9,0,3,0,42,0,10,0,1,0,1,0,0,0,1,0,1,0,0,0,14,1,202,4,49,0,0,0,0,0,1,0,458,0,14,0,49,0,45,0,1,0,2,0,6,1,0,0,1,0,0,0,0,0,3,0,0,0,1,2,0,0,0,0,0,0,0,0,0,0,1,0,2,0,0,0,1,0,2,0,14,0,2,0,2,0,0,0,0,0,4,0,0,0,0,0,4,2,9,0,2,0,206,0,0,0,0,0,7,0,7,1,0,0,5,3
0,2,1,16,0,14,0,0,0,1,0,61,0,0,0,0,0,384,0,6,3,31,0,180,0,177,0,36,0,16,0,9,0,97,0,0,1,1,0,0,0,721,0,756,0,0,0,0,0,0,0,2,0,0,0,0,0,0,0,51,0,0,0,0,0,0,0,0,1,0,0,0,0,0,1,7,0,379,0,19,0,0,0,0,0,0,0,675,0,9,0,440,0,31,0,0,0,0,0,0,0,0,0,0,0,0,0,0,0,0,0,0,5,0,0,0,0,0,0,0,0,0,0,0,0,4,0,0,0,0,0,3,0,0,0,0,0,2,0,4,0,1,0,0,0,10,0,0,0,0,1,11,0,1,0,12,0,564,0,2,0,0,0,4,0,6,0,0,1,0
0,6,0,7,2,10,0,4,0,0,0,0,0,1,4,3,4,0,5,2,1,0,0,0,0,0,0,0,0,0,1,0,0,8,0,0,130,17,308,154,28,2,131,1,0,0,0,371,4247,493,2975,66,1527,217,876,92,456,20,100,11,0,0,14,2,1,1,3,5,1,5,1388,638,0,0,1,0,12,7,1,0,0,0,0,0,4,39,1,4,8,42,0,0,12,22,0,0,0,0,1,0,11,0,59,0,0,0,0,1,0,1,0,0,0,2,0,18,0,0,0,0,0,0,0,0,0,0,2,0,1,0,0,0,0,0,1,0,0,0,1,0,0,0,0,0,4,0,1,0,0,0,3,0,35,0,70,0,2,0,0,0,0,0,0,0,1,0,0,0,0,1
0,0,1,15,0,22,0,12,0,5,1,0,0,1,0,10,0,0,0,11,0,0,0,0,0,0,0,0,0,0,0,0,0,143,0,0,1,65,111,381,4,59,10,45,0,0,371,0,31,2371,51,3168,42,949,25,748,2,520,1,92,0,0,2,2,1,0,0,5,1,14,117,1799,0,0,0,1,1,70,0,5,0,0,0,1,0,278,0,48,2,685,0,1,2,210,0,0,0,1,1,1,0,24,0,10,0,0,0,2,0,0,0,0,3,4,27,3,0,0,0,0,0,0,0,0,0,0,1,0,0,4,0,0,0,0,0,0,0,0,0,30,0,17,0,3,1,5,0,1,0,3,0,0,0,0,1,1,0,0,0,0,0,0,0,1,0,1,0,1,3,0
4,0,6,3,0,3,0,0,2,0,0,0,5,2,24,3,0,0,19,0,0,0,0,0,0,0,0,0,0,0,0,0,7,5,0,0,301,2,304,62,6,0,4,0,1,0,4247,31,0,102,136,1,2257,46,344,17,9,1,11,0,5,0,213,1,3,0,11,2,15,1,853,133,4,0,6,0,23,1,2,0,0,0,4,2,33,10,0,0,20,3,0,0,3,0,0,0,0,0,2,0,5,0,1,0,2,0,4,1,2,1,1,0,1,2,0,6,0,0,0,1,0,0,0,0,1,0,2,0,0,0,0,0,0,0,3,0,0,0,1,0,1,0,0,0,31,0,0,0,0,0,0,0,16,0,39,0,0,0,0,0,0,0,0,0,0,0,0,0,2,0
1,28,0,1,0,19,0,7,0,3,0,1,0,1,0,3,0,0,0,1,0,0,0,0,0,0,0,0,0,0,0,0,1,20,0,0,1,0,63,141,9,4,11,0,0,0,493,2371,102,0,43,81,103,2345,35,1040,6,42,3,34,0,15,2,57,0,8,1,20,0,77,113,1070,0,0,0,0,3,5,0,2,0,0,0,2,2,121,0,5,0,160,0,0,0,51,0,0,0,0,0,0,0,0,1,0,0,0,0,1,0,0,0,0,0,0,0,0,0,0,0,0,0,0,0,0,0,0,0,0,0,1,0,0,0,0,0,0,0,0,0,0,0,2,0,0,1,1,0,0,0,1,0,0,1,0,2,0,0,0,0,1,0,0,0,0,0,0,0,0,0,0
2,0,2,0,2,1,0,0,0,0,1,0,2,0,0,0,0,0,2,0,0,0,0,0,0,0,0,0,0,0,0,0,7,2,0,0,8,0,78,61,179,0,728,0,0,0,2975,51,136,43,0,15,174,7,711,0,654,1,1385,0,3,0,9,0,2,0,0,0,3,1,480,53,2,0,4,0,31,1,3,0,0,0,0,0,10,4,5,0,4,0,4,0,89,0,0,0,1,0,17,0,408,0,898,0,0,0,0,0,0,0,0,0,0,101,1,79,1,0,0,1,0,0,0,0,0,0,2,0,1,0,0,0,0,0,2,0,0,0,10,0,0,0,1,0,54,0,1,0,0,0,0,0,1,0,5,1,1,0,0,0,0,0,1,0,0,0,0,0,4,1
3,1,0,15,1,32,0,5,1,8,0,4,0,0,0,10,0,0,0,25,0,0,0,0,0,1,0,0,0,0,0,0,1,289,0,0,0,68,14,234,2,307,1,873,0,2,66,3168,1,81,15,0,2,48,2,65,0,216,0,982,2,1,1,1,0,0,0,1,0,2,8,738,0,1,2,2,0,105,1,7,0,0,0,0,1,217,0,103,1,663,0,8,0,307,0,0,0,0,4,50,1,240,0,32,2,0,1,2,1,10,0,0,13,390,20,18,0,0,1,3,0,0,0,0,0,0,0,3,0,8,0,1,1,0,0,0,0,0,0,46,0,6,0,20,1,21,0,2,0,3,0,0,0,0,0,4,0,2,1,2,1,8,0,0,1,11,0,0,104,0
12,1,8,3,3,3,0,1,1,2,0,0,0,0,34,2,0,0,2,0,0,0,0,0,0,0,0,0,0,0,0,0,6,1,0,0,69,8,213,92,39,0,19,0,0,0,1527,42,2257,103,174,2,0,32,2660,8,88,4,34,5,3,0,305,0,11,1,12,3,16,0,425,204,21,0,5,0,40,3,4,0,0,0,12,3,26,7,2,0,12,3,0,0,6,1,0,0,1,0,2,0,1,0,3,0,0,0,2,1,2,0,0,0,0,0,1,3,0,0,0,0,0,0,0,0,1,0,2,0,1,0,0,0,0,0,6,0,0,0,4,0,0,1,1,0,36,0,1,0,0,0,0,0,2,0,10,3,0,0,2,0,0,0,1,0,0,0,0,1,1,1
1,24,0,8,0,20,0,7,0,3,0,0,0,1,0,1,0,0,0,0,0,0,0,0,0,0,0,0,0,0,0,0,1,21,0,0,0,2,28,64,3,3,4,1,0,0,217,949,46,2345,7,48,32,0,18,3926,4,177,1,73,0,27,3,854,0,7,1,20,1,172,57,648,0,0,0,0,4,8,0,1,0,0,0,0,1,100,0,6,1,186,0,0,0,68,0,0,0,0,0,0,0,1,0,0,0,0,0,0,0,0,0,0,0,0,0,0,0,0,0,0,0,0,0,0,0,0,0,0,0,0,0,0,0,0,0,0,0,0,0,1,0,0,0,0,0,0,0,0,0,0,0,0,0,0,0,1,0,0,0,0,0,1,0,0,0,0,0,0,0,0
64,7,43,3,29,3,3,3,7,0,10,0,2,1,83,6,0,0,16,1,2,0,1,0,0,0,1,0,4,0,4,0,92,3,0,0,46,23,180,61,472,1,145,0,9,0,876,25,344,35,711,2,2660,18,0,9,1881,2,322,1,35,2,625,1,288,1,16,6,663,6,154,143,24,0,31,0,374,5,21,0,0,0,33,1,202,18,54,1,963,7,4,0,136,2,3,0,6,2,11,0,8,0,5,0,2,0,17,0,10,3,2,0,1,11,0,0,1,0,0,2,1,0,3,0,3,0,26,0,13,0,1,0,0,0,8,0,2,0,33,0,2,0,5,0,215,0,7,0,5,0,0,0,2,0,11,5,2,0,1,0,2,0,3,0,3,0,1,0,10,0
2,145,0,12,0,70,0,24,0,3,0,0,1,1,0,3,0,0,0,0,0,0,0,0,0,0,0,0,0,0,0,0,0,44,0,0,0,5,6,22,1,15,0,2,0,0,92,748,17,1040,0,65,8,3926,9,0,2,922,1,266,0,86,4,208,0,23,0,43,0,940,19,684,0,0,0,1,1,22,0,1,0,0,0,1,2,156,0,14,1,2401,0,2,0,384,0,0,0,0,0,0,0,0,0,0,1,0,0,1,0,0,0,0,0,0,0,0,0,0,0,0,0,0,0,0,0,0,0,0,0,0,0,0,0,0,0,0,0,0,0,0,0,0,0,0,7,4,0,0,0,0,0,0,0,0,0,1,0,0,0,0,0,1,0,0,0,0,0,0,0,0
39,2,17,1,36,2,0,1,4,0,13,0,1,0,7,3,0,0,8,2,2,0,0,0,0,0,0,0,2,0,2,0,35,0,0,0,0,3,18,10,143,0,72,0,3,0,456,2,9,6,654,0,88,4,1881,2,0,0,986,0,14,0,8,0,13,0,1,1,68,0,22,14,2,0,2,0,151,0,5,0,0,0,3,1,33,5,35,0,310,2,9,0,515,1,0,0,0,0,3,0,12,0,19,0,0,0,1,0,0,1,0,0,0,0,0,0,1,0,0,0,0,0,1,0,0,0,4,0,0,0,0,0,0,0,1,0,1,0,7,0,0,0,1,0,39,0,0,0,0,0,1,1,0,0,6,5,0,0,0,0,0,0,2,0,0,0,0,0,0,0
0,1,0,1,0,0,0,1,0,0,0,2,0,0,0,0,0,0,0,0,0,0,0,0,0,0,0,0,0,0,0,0,0,22,0,0,0,0,3,9,0,11,0,1,0,0,20,520,1,42,1,216,4,177,2,922,0,0,0,1264,0,1,0,0,0,0,0,0,0,3,2,30,0,1,0,0,0,1,0,0,0,0,0,0,1,52,0,4,0,354,0,0,0,1057,0,0,0,0,0,0,0,2,0,0,0,0,0,0,0,0,0,0,0,0,0,0,0,0,0,0,0,0,0,0,0,0,0,0,0,0,0,0,0,0,0,0,0,0,0,1,0,0,0,0,0,1,0,0,0,0,0,0,0,0,0,1,0,0,0,0,0,0,0,0,0,0,0,0,0,0
2,0,6,1,12,1,0,0,2,0,9,0,1,0,3,0,1,0,2,3,3,0,0,0,0,0,0,0,5,0,7,0,19,0,0,0,2,1,8,3,282,0,2927,0,42,0,100,1,11,3,1385,0,34,1,322,1,986,0,0,0,2,0,0,0,0,0,0,1,1,0,8,10,0,0,3,0,50,1,3,0,0,0,3,0,8,0,248,0,54,1,442,0,2708,0,151,0,0,0,1,0,130,0,775,0,0,0,1,0,0,0,0,0,0,1,0,0,0,0,0,1,0,0,0,0,0,0,0,0,2,0,0,0,0,0,1,0,0,0,3,0,0,0,1,0,11,0,0,0,0,0,0,2,2,0,0,1,1,0,0,0,0,0,0,0,0,0,0,0,1,0
0,1,0,13,0,4,0,1,0,2,0,22,0,0,0,0,0,3,0,0,0,1,0,3,0,19,0,6,0,14,0,5,0,161,0,0,0,0,3,30,0,690,0,1983,0,51,11,92,0,34,0,982,5,73,1,266,0,1264,0,0,0,2,0,1,0,0,0,1,0,0,6,69,0,1,0,2,0,22,0,0,0,0,0,0,0,75,0,219,0,698,0,721,0,4352,0,58,0,1,0,8,0,230,0,171,0,1,0,1,1,0,0,0,0,0,1,1,0,0,0,0,0,0,0,0,0,0,0,0,0,0,0,0,0,0,0,0,0,0,0,7,0,0,0,1,0,8,0,0,0,0,1,1,0,0,0,2,0,2,0,0,0,0,0,0,0,0,0,0,0,0
3671,14,188,5,75,7,207,4,39,0,6,0,513,1,75,84,0,0,6,0,0,0,0,0,0,0,0,0,0,0,2,0,266,14,0,0,161,147,12,1,107,2,10,1,10,0,0,0,5,0,3,2,3,0,35,0,14,0,2,0,0,4,418,1,1962,0,1059,1,79,0,163,35,376,16,241,7,886,32,88,2,0,0,16,1,291,3,14,0,144,2,2,0,39,0,3,5,12,1,93,3,5,0,4,0,14,7,24,12,33,22,10,0,70,30,1,0,1,3,0,20,2,0,15,0,7,0,96,0,86,5,10,0,4,0,69,0,6,0,1,1,49,0,11,0,187,0,27,0,6,0,0,0,0,0,8,4,8,0,14,0,12,2,22,2,43,11,5,3,70,9
17,3896,7,87,0,106,0,47,0,32,0,1,2,478,12,222,0,0,0,2,0,0,0,0,0,0,0,0,0,0,0,0,0,1040,0,0,9,123,0,2,3,14,0,0,0,0,0,0,0,15,0,1,0,27,2,86,0,1,0,2,4,0,3,1057,3,977,0,1094,3,492,2,381,6,397,3,14,6,972,0,27,0,0,0,5,0,57,0,0,1,159,0,0,1,6,1,0,0,0,0,0,0,0,0,0,0,0,1,0,0,1,0,0,2,0,0,0,0,0,0,0,0,0,0,0,0,0,2,0,1,14,0,0,0,0,0,0,1,0,0,0,0,0,0,0,1,0,0,0,0,2,0,0,0,0,3,3,0,5,0,0,0,0,0,1,1,1,0,1,2,0
430,5,195,5,20,2,26,3,22,1,0,0,31,4,286,11,0,0,13,0,1,0,0,0,0,0,0,0,0,0,0,0,45,33,0,0,308,69,475,79,72,1,11,0,1,0,14,2,213,2,9,1,305,3,625,4,8,0,0,0,418,3,0,6,794,2,147,28,636,3,553,198,410,7,114,0,176,12,7,2,0,0,27,8,117,20,4,0,48,5,0,0,7,1,4,1,2,0,45,1,7,0,2,0,4,0,13,1,13,8,3,0,27,42,0,0,0,0,0,10,0,0,11,0,2,0,60,0,23,1,2,0,4,0,53,1,2,0,3,0,15,0,8,0,246,0,17,0,5,0,0,0,5,0,14,5,2,0,6,0,4,0,1,1,15,0,2,3,38,4
4,177,0,25,1,25,0,5,0,1,0,0,1,3,1,74,0,0,0,0,0,0,0,0,0,0,0,0,0,0,0,0,1,234,0,0,3,19,0,1,1,2,0,0,0,0,2,2,1,57,0,1,0,854,1,208,0,0,0,1,1,1057,6,0,1,199,2,148,0,639,6,982,2,122,3,2,2,110,0,2,0,0,0,5,2,9,0,0,0,5,0,0,0,0,0,0,0,0,1,1,0,0,0,0,0,0,0,0,0,1,0,0,1,1,0,0,0,0,0,0,0,0,0,0,0,0,0,0,0,1,0,0,0,0,0,0,0,0,0,0,1,0,0,0,5,1,0,0,0,0,0,0,0,0,0,0,0,0,0,1,0,0,0,0,0,0,0,0,0,0
651,0,78,7,73,1,7,0,10,2,1,0,11,0,22,12,0,0,4,1,0,0,0,0,0,0,0,0,0,0,0,0,63,22,0,0,42,44,68,14,78,1,11,0,1,0,1,1,3,0,2,0,11,0,288,0,13,0,0,0,1962,3,794,1,0,0,1306,7,2116,0,59,71,34,8,103,1,364,14,20,0,0,0,5,7,50,7,2,0,39,3,0,0,10,0,2,2,1,3,44,4,5,0,2,1,4,1,10,2,12,13,7,0,32,36,2,1,0,0,0,9,3,0,2,0,1,0,26,0,17,1,2,0,1,0,38,0,4,0,3,0,21,0,6,0,154,0,6,1,3,1,0,0,0,0,7,3,2,0,5,0,6,1,5,0,25,3,5,2,30,7
0,240,0,11,1,75,0,36,0,8,0,0,0,2,0,8,0,0,1,1,0,0,0,0,0,0,0,0,0,0,0,0,0,28,0,0,0,6,1,0,0,2,0,0,0,0,1,0,0,8,0,0,1,7,1,23,0,0,0,0,0,977,2,199,0,0,0,890,2,901,0,174,0,1,2,1,2,10,0,0,0,0,0,1,0,21,0,0,0,39,0,0,0,0,0,0,0,0,0,0,0,0,0,0,0,0,0,0,0,0,0,0,0,0,0,0,0,0,0,0,0,0,0,0,0,0,0,0,0,0,0,0,0,0,0,0,0,0,0,0,0,0,0,0,2,0,0,0,0,0,0,0,0,0,0,3,0,0,0,0,0,0,0,0,0,0,0,0,0,0
462,1,56,2,143,0,70,0,46,0,0,0,235,1,18,7,0,0,7,0,0,0,0,0,0,0,0,0,2,0,0,0,71,3,0,0,16,20,31,12,29,1,1,0,0,0,3,0,11,1,0,0,12,1,16,0,1,0,0,0,1059,0,147,2,1306,0,0,7,269,1,47,35,4,0,24,1,181,6,3,0,0,0,3,2,986,7,3,0,265,2,0,0,9,0,0,0,0,1,13,0,1,0,0,0,0,1,3,0,12,4,1,0,9,11,0,1,0,0,0,2,0,0,1,0,0,1,2,0,5,0,1,0,0,0,11,0,0,0,3,0,10,0,3,0,35,0,3,0,1,0,0,0,1,0,2,3,2,0,1,0,2,0,2,0,4,1,1,1,15,0
0,225,1,16,0,74,0,290,1,156,0,0,1,525,1,23,0,0,3,3,0,0,0,0,0,0,0,0,0,0,0,0,1,630,0,0,2,32,4,11,5,2,1,0,0,0,5,5,2,20,0,1,3,20,6,43,1,0,1,1,1,1094,28,148,7,890,7,0,3,383,13,398,3,30,6,4,2,86,1,2,0,0,0,32,9,995,0,1,6,140,0,0,1,0,0,0,0,0,0,1,0,0,0,0,0,0,0,0,0,1,0,0,0,0,0,0,0,0,0,1,0,0,1,0,0,0,1,0,1,2,0,0,0,0,0,0,0,0,0,0,0,0,0,1,10,1,1,0,0,0,0,0,0,0,0,3,0,0,0,0,0,0,0,0,0,0,0,0,0,0
250,7,164,3,83,0,10,0,17,2,1,0,9,1,93,10,0,0,25,0,0,0,0,0,0,0,0,0,1,0,1,0,20,6,0,0,32,15,78,26,31,0,5,0,1,1,1,1,15,0,3,0,16,1,663,0,68,0,1,0,79,3,636,0,2116,2,269,3,0,1,22,60,44,0,13,0,87,7,3,0,0,0,20,1,347,11,10,0,1134,5,0,0,57,0,2,1,2,0,4,0,1,0,0,0,2,0,4,0,5,3,0,0,5,5,0,0,0,0,0,3,0,0,0,0,1,0,10,0,6,0,1,0,1,0,9,0,0,0,2,0,3,0,4,0,42,0,0,0,0,0,0,1,3,0,18,1,1,0,0,0,2,1,2,0,3,3,0,1,5,0
2,492,3,23,0,231,1,115,1,23,0,1,1,6,2,10,0,0,0,0,0,0,0,0,0,0,0,0,0,0,0,0,1,40,0,0,0,5,5,11,0,6,0,0,0,0,5,14,1,77,1,2,0,172,6,940,0,3,0,0,0,492,3,639,0,901,1,383,1,0,4,490,1,2,0,0,2,52,0,3,0,0,0,4,2,1026,0,1,0,1352,0,0,0,42,0,0,0,0,0,3,0,0,0,0,0,0,0,0,0,0,0,0,0,1,0,0,0,0,0,0,0,0,0,0,0,0,1,0,0,0,0,0,0,0,0,0,0,0,0,0,0,0,1,0,2,0,0,0,0,0,0,0,0,0,1,2,0,0,0,0,0,0,0,1,0,0,0,0,1,1
112,4,80,8,7,4,2,0,5,0,0,0,8,3,403,14,6,1,49,1,4,0,1,0,0,0,0,0,1,0,0,0,15,27,0,0,2967,95,1248,139,37,0,120,0,1,0,1388,117,853,113,480,8,425,57,154,19,22,2,8,6,163,2,553,6,59,0,47,13,22,4,0,262,885,12,80,1,34,11,3,1,0,0,1,2,18,15,3,1,11,10,0,0,5,4,0,1,1,0,14,0,4,0,5,1,1,0,2,0,2,4,0,0,15,12,0,0,0,0,0,1,0,0,4,0,2,0,18,0,20,1,1,0,1,0,27,0,2,0,6,0,7,0,3,0,67,0,6,0,3,1,2,0,60,0,175,5,5,0,2,0,1,0,1,2,9,5,0,0,12,0
24,402,9,435,9,243,2,51,6,37,0,0,7,29,21,577,0,0,1,72,0,0,0,0,0,0,0,0,0,0,1,0,10,580,0,0,13,1211,217,1317,37,138,13,237,0,0,638,1799,133,1070,53,738,204,648,143,684,14,30,10,69,35,381,198,982,71,174,35,398,60,490,262,0,12,222,24,2,22,299,2,5,0,0,4,100,28,323,3,18,34,215,0,0,9,95,0,0,1,0,4,4,2,3,1,1,1,1,0,1,2,1,1,0,9,5,128,0,0,0,0,0,2,0,0,0,0,1,6,4,2,15,0,0,0,0,2,0,0,0,4,1,2,1,1,1,56,3,2,1,0,3,0,0,4,1,11,24,0,1,0,1,1,1,1,3,2,1,1,4,9,1
813,22,54,7,11,3,3,1,3,0,0,0,7,0,734,152,0,0,7,0,0,0,0,0,0,0,0,0,0,0,0,0,19,20,0,0,1430,324,9,2,27,2,2,0,0,0,0,0,4,0,2,0,21,0,24,0,2,0,0,0,376,6,410,2,34,0,4,3,44,1,885,12,0,12,147,5,106,64,14,1,0,0,0,1,6,0,0,0,2,1,0,0,0,0,0,1,1,1,18,2,4,1,2,2,1,0,2,2,8,8,0,1,31,16,0,0,0,2,0,8,1,0,6,0,1,0,46,0,43,7,6,0,2,0,20,0,3,0,1,0,11,0,0,0,48,0,17,1,0,0,0,0,1,0,4,0,2,0,1,0,1,0,6,0,14,1,0,0,14,2
12,402,2,78,1,69,0,32,0,14,0,0,0,1,10,441,0,0,0,1,0,0,0,0,0,0,0,0,0,0,0,0,2,262,0,0,12,288,0,0,0,8,0,0,0,0,0,0,0,0,0,1,0,0,0,0,0,1,0,1,16,397,7,122,8,1,0,30,0,2,12,222,12,0,6,18,0,644,0,17,0,0,0,1,1,1,0,0,0,0,0,0,0,0,0,0,0,1,0,1,0,0,0,0,0,0,0,1,0,0,0,0,3,4,0,0,0,0,0,0,0,0,0,0,0,0,2,2,2,22,0,0,0,0,0,0,0,0,0,0,0,0,0,0,3,0,0,1,0,1,0,0,0,0,2,1,0,0,0,0,0,0,1,0,0,3,0,0,0,1
212,27,106,5,159,40,21,9,52,3,2,0,5,5,102,38,53,17,9,0,41,1,47,3,1,0,0,0,4,1,1,0,76,9,0,0,57,32,20,3,61,1,15,0,14,1,1,0,6,0,4,2,5,0,31,0,2,0,3,0,241,3,114,3,103,2,24,6,13,0,80,24,147,6,0,12,1152,15,83,0,0,0,0,0,20,2,26,0,11,0,6,0,9,0,3,2,4,1,48,3,3,0,1,0,3,1,4,3,15,4,1,0,41,22,0,0,1,0,0,6,5,0,54,0,164,0,613,1,148,1,25,1,22,0,327,0,69,0,2,0,9,0,3,0,470,0,97,0,7,1,5,14,11,0,55,18,35,0,16,1,10,1,14,0,54,4,1,6,32,5
13,59,12,25,16,62,0,46,9,15,1,3,0,47,12,58,25,148,7,8,52,7,36,5,4,6,1,3,0,0,0,1,2,91,0,0,6,52,3,2,3,78,1,5,1,7,0,1,0,0,0,2,0,0,0,1,0,0,0,2,7,14,0,2,1,1,1,4,0,0,1,2,5,18,12,0,15,2156,3,286,0,0,0,3,1,2,1,2,0,1,0,0,0,0,1,0,4,0,8,24,2,1,2,1,3,1,10,4,4,14,0,0,50,16,1,0,0,0,0,8,0,0,0,11,0,62,2,733,1,625,0,58,0,5,1,47,0,73,0,3,0,2,0,5,2,220,0,126,0,117,43,16,10,3,7,101,1,86,2,18,0,26,1,45,5,35,3,17,53,20
926,40,774,56,422,46,73,13,347,14,237,0,321,6,227,76,161,6,197,14,59,2,41,0,10,0,6,0,44,0,117,0,3848,14,0,0,80,75,42,9,449,1,98,0,202,0,12,1,23,3,31,0,40,4,374,1,151,0,50,0,886,6,176,2,364,2,181,2,87,2,34,22,106,0,1152,15,0,39,756,1,0,0,68,0,237,4,183,0,184,0,40,0,118,0,8,2,19,4,123,9,8,2,4,1,14,4,23,9,60,24,24,1,110,32,2,0,1,0,0,34,0,0,4,0,50,0,282,3,39,1,14,1,24,0,365,0,91,0,19,0,22,0,9,0,192,0,31,1,0,0,20,23,19,6,80,127,1027,0,50,2,41,0,101,4,113,7,7,11,65,24
188,1176,65,961,63,698,2,119,18,516,3,780,10,94,131,1510,1,159,73,243,21,72,3,78,0,122,0,44,0,16,1,56,20,2035,0,0,35,544,7,30,8,953,8,80,4,379,7,70,1,5,1,105,3,8,5,22,0,1,1,22,32,972,12,110,14,10,6,86,7,52,11,299,64,644,15,2156,39,0,0,748,0,0,0,11,2,99,1,81,3,60,0,13,3,13,13,7,33,6,50,126,12,1,23,3,23,6,89,37,50,104,42,3,334,72,1,5,2,8,4,47,0,0,0,3,1,97,14,617,6,345,0,135,0,10,0,203,4,216,0,58,6,25,0,24,6,204,3,135,0,62,18,67,39,78,79,161,10,1286,23,97,3,184,4,454,29,196,11,88,210,77
54,0,12,0,1,0,3,0,5,0,1,0,6,0,5,1,1,0,3,0,3,0,0,0,0,0,0,0,0,0,0,0,20,0,0,0,2,0,1,0,131,0,8,0,49,0,1,0,2,0,3,1,4,0,21,0,5,0,3,0,88,0,7,0,20,0,3,1,3,0,3,2,14,0,83,3,756,0,0,0,0,0,1,1,10,0,6,0,8,0,1,0,2,0,1,0,1,1,15,1,1,0,0,0,1,1,2,2,9,0,0,0,11,5,0,1,0,1,0,3,0,1,0,0,5,0,27,0,5,0,2,0,9,0,133,0,13,0,4,0,1,0,0,0,36,0,3,0,0,0,0,0,0,0,2,1,76,0,6,0,0,0,28,0,21,0,1,2,5,1
1,24,0,3,0,2,0,1,0,2,0,0,0,1,1,15,0,2,1,3,0,0,0,0,0,0,0,0,0,0,0,0,2,103,0,0,0,10,1,0,2,231,1,4,0,19,0,5,0,2,0,7,0,1,0,1,0,0,0,0,2,27,2,2,0,0,0,2,0,3,1,5,1,17,0,286,1,748,0,0,0,0,0,0,0,7,0,3,0,2,0,0,0,1,1,0,1,1,3,2,3,0,1,1,1,1,3,1,0,5,0,0,9,0,0,0,0,0,1,1,0,1,0,5,0,28,1,52,0,19,0,14,0,2,0,11,0,26,0,4,0,3,0,6,0,13,0,4,0,4,0,0,0,0,0,3,4,153,2,1,0,11,0,40,1,17,0,4,6,4
0,0,0,0,0,0,0,0,0,0,0,0,0,0,0,0,0,0,0,0,0,0,0,0,0,0,0,0,0,0,0,0,0,0,0,0,0,0,0,0,0,0,0,0,0,0,0,0,0,0,0,0,0,0,0,0,0,0,0,0,0,0,0,0,0,0,0,0,0,0,0,0,0,0,0,0,0,0,0,0,0,0,0,0,0,0,0,0,0,0,0,0,0,0,0,0,0,0,0,0,0,0,0,0,0,0,0,0,0,0,0,0,0,0,0,0,0,0,0,0,0,0,0,0,0,0,0,0,0,0,0,0,0,0,0,0,0,0,0,0,0,0,0,0,0,0,0,0,0,0,0,0,0,0,0,0,0,0,0,0,0,0,0,0,0,0,0,0,0,0
0,0,0,0,0,0,0,0,0,0,0,0,0,0,0,0,0,0,0,0,0,0,0,0,0,0,0,0,0,0,0,0,0,0,0,0,0,0,0,0,0,0,0,0,0,0,0,0,0,0,0,0,0,0,0,0,0,0,0,0,0,0,0,0,0,0,0,0,0,0,0,0,0,0,0,0,0,0,0,0,0,0,0,0,0,0,0,0,0,0,0,0,0,0,0,0,0,0,0,0,0,0,0,0,0,0,0,0,0,0,0,0,0,0,0,0,0,0,0,0,0,0,0,0,0,0,0,0,0,0,0,0,0,0,0,0,0,0,0,0,0,0,0,0,0,0,0,0,0,0,0,0,0,0,0,0,0,0,0,0,0,0,0,0,0,0,0,0,0,0
1,0,3,0,10,0,5,0,20,0,0,0,297,0,3,0,0,0,1,0,0,0,0,0,0,0,0,0,0,0,0,0,79,0,0,0,5,0,3,0,3,0,1,0,0,0,0,0,4,0,0,0,12,0,33,0,3,0,3,0,16,0,27,0,5,0,3,0,20,0,1,4,0,0,0,0,68,0,1,0,0,0,0,0,326,0,2,0,21,0,0,0,1,0,0,0,1,0,2,0,1,0,0,0,0,0,0,0,0,1,0,0,0,0,0,0,0,0,0,0,0,0,0,0,0,0,0,0,0,0,0,0,1,0,0,0,0,0,0,0,1,0,0,0,6,0,0,0,0,0,0,0,0,0,0,2,0,0,0,0,0,0,0,0,0,0,0,0,0,0
0,2,0,2,0,10,1,8,0,23,0,0,1,121,0,1,0,0,0,0,0,0,0,0,0,0,0,0,0,0,0,0,0,131,0,0,1,15,0,5,1,3,0,0,0,0,0,1,2,2,0,0,3,0,1,1,1,0,0,0,1,5,8,5,7,1,2,32,1,4,2,100,1,1,0,3,0,11,1,0,0,0,0,0,4,305,0,33,3,2,0,0,0,0,0,0,0,0,0,0,0,0,0,0,0,0,0,0,0,0,0,0,0,0,0,0,0,0,0,0,0,0,0,0,0,0,0,1,0,2,0,1,0,0,0,0,1,0,0,0,0,0,0,0,4,0,1,0,0,1,0,0,0,0,1,2,0,0,0,0,0,0,0,0,0,0,0,0,1,0
337,4,99,0,257,5,178,0,260,0,26,0,1128,3,26,10,1,0,14,0,0,0,0,0,0,0,0,0,6,0,4,0,882,9,0,0,21,16,57,11,84,0,5,0,1,0,4,0,33,2,10,1,26,1,202,2,33,1,8,0,291,0,117,2,50,0,986,9,347,2,18,28,6,1,20,1,237,2,10,0,0,0,326,4,0,2,930,0,2437,4,1,0,49,1,0,0,0,0,5,0,2,0,0,0,1,0,2,1,1,3,1,0,4,9,0,0,0,0,0,3,0,0,1,0,0,0,7,0,2,0,0,0,0,0,3,0,0,0,4,0,4,0,2,0,32,0,2,0,1,0,1,0,2,1,12,4,1,0,1,0,1,0,0,0,1,0,1,0,7,2
3,114,3,15,3,78,1,233,3,160,1,1,1,143,0,13,0,0,2,9,0,0,0,0,0,0,0,0,0,1,0,0,6,367,0,0,0,26,20,71,10,82,0,4,0,0,39,278,10,121,4,217,7,100,18,156,5,52,0,75,3,57,20,9,7,21,7,995,11,1026,15,323,0,1,2,2,4,99,0,7,0,0,0,305,2,0,1,1614,7,2707,0,76,2,60,0,1,1,0,0,4,0,2,0,1,0,0,1,1,1,5,0,0,2,2,0,0,0,0,1,0,0,0,0,0,0,0,1,1,2,15,1,0,0,0,1,1,0,0,0,26,1,9,0,6,13,11,1,3,0,6,0,0,0,0,2,7,0,0,0,0,0,0,0,2,1,2,0,0,3,0
31,1,56,5,46,5,95,0,134,0,235,0,70,0,3,2,80,3,12,1,47,0,91,1,30,0,9,0,282,0,43,0,812,2,0,0,0,0,1,1,669,0,65,0,458,0,1,0,0,0,5,0,2,0,54,0,35,0,248,0,14,0,4,0,2,0,3,0,10,0,3,3,0,0,26,1,183,1,6,0,0,0,2,0,930,1,0,0,864,0,31,0,242,0,8,0,0,0,1,0,1,0,1,0,0,0,0,0,0,0,0,0,1,0,0,0,0,0,0,0,0,0,0,0,0,0,0,0,0,0,0,0,0,0,1,0,1,0,0,0,0,0,0,0,18,0,0,0,0,0,7,12,7,0,0,3,47,0,0,0,0,0,1,0,0,0,0,0,0,0
0,3,0,15,0,11,0,67,0,4,0,62,1,109,0,8,0,73,0,3,1,1,0,25,0,81,0,38,0,55,0,8,0,712,0,0,0,0,4,4,1,548,0,81,0,675,4,48,0,5,0,103,0,6,1,14,0,4,0,219,0,0,0,0,0,0,0,1,0,1,1,18,0,0,0,2,0,81,0,3,0,0,0,33,0,1614,0,0,1,448,0,393,0,170,0,0,0,0,0,0,0,0,0,1,0,0,0,0,0,0,0,0,0,0,1,0,0,0,0,0,0,0,0,0,0,0,0,0,0,2,0,1,0,0,0,0,0,0,0,13,0,2,0,1,0,6,0,0,0,0,0,2,0,0,0,0,0,1,0,0,0,0,0,3,0,0,0,0,0,0
235,1,75,2,206,2,35,2,55,1,30,0,24,1,11,12,0,0,12,3,5,1,5,0,0,0,0,0,15,0,15,0,138,2,0,0,9,9,35,4,201,0,11,0,14,0,8,2,20,0,4,1,12,1,963,1,310,0,54,0,144,1,48,0,39,0,265,6,1134,0,11,34,2,0,11,0,184,3,8,0,0,0,21,3,2437,7,864,1,0,3,219,0,2557,1,5,0,1,0,2,0,0,0,1,0,3,0,4,1,3,4,1,0,3,0,0,1,1,0,0,1,0,0,0,0,0,0,7,0,2,0,0,0,0,0,1,0,0,0,6,0,1,0,0,0,40,0,2,0,0,0,1,2,1,0,7,6,0,0,1,0,1,0,4,0,1,0,0,0,0,0
2,423,4,14,1,167,0,371,0,174,0,11,0,24,0,7,0,1,1,6,0,0,0,1,0,5,0,4,0,8,0,1,1,211,0,0,0,7,19,63,3,376,0,53,0,9,42,685,3,160,0,663,3,186,7,2401,2,354,1,698,2,159,5,5,3,39,2,140,5,1352,10,215,1,0,0,1,0,60,0,2,0,0,0,2,4,2707,0,448,3,0,0,358,1,3045,0,0,0,0,1,0,0,1,0,4,0,0,1,1,1,0,0,0,2,0,0,0,0,0,0,0,0,0,0,0,0,0,0,1,1,2,0,0,0,0,0,0,0,0,0,17,0,0,0,7,8,12,0,0,1,2,0,0,0,0,0,2,0,0,0,0,0,0,0,0,1,0,0,1,0,0
1,0,14,3,13,1,0,0,0,0,22,0,0,0,0,0,1,0,3,1,10,0,6,0,3,0,0,0,14,0,7,0,26,0,0,0,0,0,0,0,213,0,3,0,49,0,0,0,0,0,4,0,0,0,4,0,9,0,442,0,2,0,0,0,0,0,0,0,0,0,0,0,0,0,6,0,40,0,1,0,0,0,0,0,1,0,31,0,219,0,0,0,830,0,3,0,0,0,0,0,0,0,4,0,0,0,0,0,0,0,0,0,0,0,0,0,0,0,0,0,0,0,0,0,0,0,0,0,0,0,0,0,0,0,0,0,0,0,0,0,0,0,0,0,2,0,1,0,0,0,2,1,2,0,0,1,4,0,0,0,0,0,0,0,0,0,0,0,0,0
0,0,1,6,0,2,0,0,0,0,0,16,0,0,0,0,0,19,0,1,0,2,0,13,0,26,0,11,0,9,0,0,0,49,0,0,0,0,0,0,0,876,0,271,0,440,0,1,0,0,0,8,0,0,0,2,0,0,0,721,0,0,0,0,0,0,0,0,0,0,0,0,0,0,0,0,0,13,0,0,0,0,0,0,0,76,0,393,0,358,0,0,0,1207,0,0,0,0,0,1,0,3,0,0,0,0,0,0,0,0,0,0,0,0,0,0,0,0,0,0,0,0,0,0,0,0,0,1,0,0,0,0,0,0,0,0,0,0,0,0,0,0,0,0,0,0,0,0,0,0,0,0,0,0,0,0,0,1,0,0,0,0,0,0,0,0,0,0,0,0
73,0,29,9,77,4,2,0,6,0,45,0,0,1,7,0,0,0,12,1,7,0,12,0,2,1,3,0,29,0,23,0,84,0,0,0,0,1,10,2,263,0,294,0,45,0,12,2,3,0,89,0,6,0,136,0,515,0,2708,0,39,1,7,0,10,0,9,1,57,0,5,9,0,0,9,0,118,3,2,0,0,0,1,0,49,2,242,0,2557,1,830,0,0,0,444,0,0,1,0,0,8,0,145,0,0,0,0,0,1,0,0,0,1,1,0,0,0,0,0,0,0,0,0,0,0,0,1,0,0,0,0,0,0,0,0,0,0,0,1,0,0,0,0,0,19,0,0,0,0,0,1,4,1,2,2,1,6,0,0,0,0,0,0,0,0,0,0,0,0,0
1,29,0,2,0,29,0,11,0,11,0,12,0,0,0,2,0,5,0,1,0,0,0,1,0,3,0,4,0,10,0,1,0,97,0,0,0,0,3,18,0,538,0,165,0,31,22,210,0,51,0,307,1,68,2,384,1,1057,0,4352,0,6,1,0,0,0,0,0,0,42,4,95,0,0,0,0,0,13,0,1,0,0,0,0,1,60,0,170,1,3045,0,1207,0,0,0,3,0,0,1,0,0,6,0,2,0,0,0,0,0,0,0,0,0,0,0,2,0,0,0,0,0,0,0,0,0,0,0,0,0,0,0,0,0,0,0,0,0,0,0,2,0,0,0,1,4,10,0,0,0,0,0,0,0,1,0,0,0,0,0,0,0,0,0,0,0,0,0,0,0,0
4,0,2,1,0,0,0,0,1,1,0,0,0,0,0,1,0,0,2,0,0,0,0,0,0,0,0,0,0,0,1,0,4,4,0,0,0,1,0,1,11,0,21,1,1,0,0,0,0,0,0,0,0,0,3,0,0,0,151,0,3,1,4,0,2,0,0,0,2,0,0,0,0,0,3,1,8,13,1,1,0,0,0,0,0,0,8,0,5,0,3,0,444,0,0,23,6184,33,175,17,615,4,5151,15,705,13,912,50,297,25,23,0,10,3,21,31,161,78,5,1,0,0,0,0,0,0,0,0,0,0,0,0,0,0,0,0,0,0,0,0,0,0,0,0,3,0,0,0,0,0,0,0,0,0,0,0,0,0,17,0,3,0,4,7,0,3,0,15,0,0
3,0,2,0,0,2,0,0,0,0,0,0,0,0,1,0,0,0,0,0,0,0,0,0,0,0,0,0,0,0,0,0,1,2,0,0,1,1,0,0,3,5,3,5,0,0,0,0,0,0,0,0,0,0,0,0,0,0,0,58,5,0,1,0,2,0,0,0,1,0,1,0,1,0,2,0,2,7,0,0,0,0,0,0,0,1,0,0,0,0,0,0,0,3,23,0,46,6916,10,524,20,386,17,5756,28,863,117,1361,32,332,40,91,25,4,35,15,42,81,43,5,0,0,0,0,0,0,0,0,0,1,0,0,0,0,0,0,0,0,0,1,0,0,0,0,0,0,0,0,0,0,0,0,0,0,1,0,0,0,13,8,0,0,0,8,3,0,1,7,1,1
9,1,4,2,1,0,2,0,0,1,0,0,1,0,4,5,0,0,1,0,0,0,0,0,0,0,0,0,0,0,0,0,5,3,0,0,0,0,2,0,21,2,52,2,2,0,0,0,0,0,1,0,1,0,6,0,0,0,0,0,12,0,2,0,1,0,0,0,2,0,1,1,1,0,4,4,19,33,1,1,0,0,1,0,0,1,0,0,1,0,0,0,0,0,6184,46,0,124,269,50,633,14,1057,31,3637,104,2442,128,483,82,66,2,42,13,58,41,240,278,21,15,0,0,0,0,0,0,0,0,1,0,0,0,0,0,0,0,0,0,1,0,1,0,0,0,2,0,0,0,0,0,0,0,0,0,2,0,0,0,16,7,1,2,4,12,3,2,3,27,7,4
5,0,1,1,1,0,0,0,0,0,0,0,0,0,1,0,0,0,0,0,0,0,0,0,0,0,0,0,0,0,0,0,2,3,0,0,1,0,0,0,4,3,4,2,0,0,0,1,0,0,0,0,0,0,2,0,0,0,0,1,1,0,0,0,3,0,1,0,0,0,0,0,1,1,1,0,4,6,1,1,0,0,0,0,0,0,0,0,0,0,0,0,1,0,33,6916,124,0,12,195,30,119,18,939,65,4184,123,2868,26,310,33,116,21,6,61,63,72,162,58,3,0,0,0,0,0,0,0,0,0,0,0,0,0,0,0,0,0,0,0,0,0,0,0,0,0,0,0,0,0,0,0,0,0,0,0,1,0,0,4,4,0,1,0,13,0,0,1,3,0,2
65,1,38,1,6,2,3,1,1,0,3,0,6,0,21,8,0,0,4,0,1,0,0,0,0,0,0,0,0,0,1,0,38,2,0,0,6,7,7,1,35,3,44,1,6,0,1,1,2,0,17,4,2,0,11,0,3,0,1,0,93,0,45,1,44,0,13,0,4,0,14,4,18,0,48,8,123,50,15,3,0,0,2,0,5,0,1,0,2,1,0,0,0,1,175,10,269,12,0,41,1065,25,276,14,151,13,484,56,610,49,53,3,112,363,184,73,11,98,25,96,0,0,0,0,0,1,3,1,1,5,0,1,3,0,9,0,2,0,3,0,15,0,1,0,11,0,0,0,0,0,1,0,0,0,4,5,6,1,91,13,17,1,21,5,94,46,44,30,194,49
3,0,2,4,2,7,0,1,0,2,0,0,0,1,4,6,0,0,1,0,0,0,0,0,0,0,0,0,0,0,0,0,4,30,0,0,2,5,2,0,4,14,18,75,1,0,0,1,0,0,0,50,0,0,0,0,0,0,0,8,3,0,1,1,4,0,0,1,0,3,0,4,2,1,3,24,9,126,1,2,0,0,0,0,0,4,0,0,0,0,0,1,0,0,17,524,50,195,41,0,90,593,30,597,34,128,91,560,65,800,37,13,36,316,226,58,15,92,97,19,0,0,0,0,0,0,0,2,0,11,0,0,0,0,0,2,0,0,1,3,3,4,0,4,2,1,0,0,0,4,0,0,0,1,3,1,0,1,24,163,2,18,4,21,17,77,3,61,60,15
9,0,1,0,0,0,0,0,0,1,0,0,2,0,1,1,0,0,1,0,0,0,0,0,0,0,0,0,0,0,0,0,5,3,0,0,0,1,4,0,9,0,40,0,0,0,11,0,5,0,408,1,1,0,8,0,12,0,130,0,5,0,7,0,5,0,1,0,1,0,4,2,4,0,3,2,8,12,1,3,0,0,1,0,2,0,1,0,0,0,0,0,8,0,615,20,633,30,1065,90,0,101,3613,35,330,18,727,83,376,59,123,2,31,392,937,305,52,195,30,37,1,0,0,0,0,0,0,0,0,0,0,0,0,0,1,0,0,0,3,0,0,0,0,1,12,0,0,0,0,0,0,0,0,0,1,0,0,0,23,5,0,1,5,5,3,2,10,19,8,4
2,0,0,0,0,0,0,0,0,0,0,0,0,0,0,0,0,0,0,0,0,0,0,0,0,0,0,0,0,0,0,0,0,2,0,0,0,1,0,2,0,7,0,177,0,0,0,24,0,0,0,240,0,1,0,0,0,2,0,230,0,0,0,0,0,0,0,0,0,0,0,3,1,0,0,1,2,1,0,0,0,0,0,0,0,2,0,0,0,1,0,3,0,6,4,386,14,119,25,593,101,0,9,2502,10,38,34,125,24,184,12,4,5,24,1015,188,34,116,10,3,0,0,0,0,0,0,0,0,0,0,0,0,0,0,0,0,0,0,0,0,0,0,0,0,0,0,0,0,0,0,0,0,0,0,0,0,0,0,1,2,0,1,0,0,0,0,0,2,0,0
0,1,0,0,1,0,0,1,0,0,0,0,0,0,1,3,0,0,0,1,0,0,0,0,0,0,0,0,0,0,0,0,0,4,0,0,1,0,0,0,10,0,16,0,1,0,59,0,1,1,898,0,3,0,5,0,19,0,775,0,4,0,2,0,2,0,0,0,0,0,5,1,2,0,1,2,4,23,0,1,0,0,0,0,0,0,1,0,1,0,4,0,145,0,5151,17,1057,18,276,30,3613,9,0,43,460,6,566,47,244,18,28,1,7,5,54,267,496,74,2,5,0,0,0,0,0,0,0,0,0,0,0,0,0,0,0,0,0,0,0,0,0,0,0,0,1,0,0,0,0,0,0,0,0,0,0,0,0,0,11,5,1,0,0,2,3,1,0,16,0,2
