0,115,2512,25,1974,4,765,2,480,1,0,0,1021,6,1527,35,0,0,6,0,0,0,0,0,0,0,0,0,0,0,0,0,1285,1,0,0,59,58,15,6,100,1,7,1,0,0,3,19,4,22,1,4,12,5,90,3,3,0,1,0,7613,73,761,6,267,3,661,5,28,1,422,26,1897,87,687,10,201,3,229,1,0,0,42,0,989,5,0,0,330,4,0,0,9,1,0,0,1,1,15,1,3,0,1,0,1,0,5,5,9,5,2,0,0,2,0,0,0,0,0,1,0,0,25,0,47,0,858,3,97,1,20,0,11,0,18,1,27,0,2,0,6,1,0,1,27,0,33,0,6,1,0,0,0,0,21,3,0,0,0,0,1,0,38,0,9,0,5,1,15,5
115,0,72,2309,47,1665,30,989,39,119,0,4,0,788,667,1287,0,0,38,4,0,0,0,0,0,0,0,0,0,0,0,1,34,249,0,0,225,237,7,18,0,7,1,0,0,0,26,52,39,301,1,24,2,176,2,155,0,10,0,11,18,3238,4,392,4,277,1,223,2,322,74,745,108,490,20,360,19,266,21,135,0,0,1,15,6,345,0,0,8,433,0,0,1,70,0,0,0,1,1,8,1,0,1,1,0,0,2,1,0,3,0,1,2,0,0,0,1,0,0,0,0,0,0,7,9,42,17,770,2,209,0,21,0,0,2,13,3,5,0,3,0,7,0,3,1,113,1,6,1,52,0,0,0,0,93,20,0,0,0,2,0,1,0,17,1,0,0,4,10,3
2512,72,0,199,4864,158,148,34,671,43,148,8,38,7,2852,105,46,81,2458,64,45,89,16,47,146,5,177,3,66,1,142,3,637,13,0,0,134,27,9,4,29,2,0,0,0,1,1,11,10,16,0,0,42,5,134,2,3,0,2,2,154,22,166,7,75,0,45,3,30,4,307,15,404,7,1151,296,496,26,244,5,0,0,10,0,94,3,36,4,187,3,0,0,9,0,0,0,0,0,9,0,2,0,0,0,0,1,1,1,2,1,0,0,0,0,0,0,0,0,0,1,0,0,4,0,79,10,68,12,14,2,1,0,6,0,13,4,5,1,0,0,3,0,1,0,4,4,6,3,3,1,57,72,17,27,80,108,13,3,2,0,0,0,7,0,4,0,2,1,2,0
25,2309,199,0,158,5169,11,441,68,819,18,451,0,318,378,2437,67,13,566,1292,91,158,40,57,41,35,13,101,15,137,8,153,86,607,0,0,152,708,2,103,0,84,0,0,0,45,6,14,66,119,0,7,1,26,2,26,0,0,0,14,6,327,2,214,1,80,0,175,0,101,96,1177,20,296,75,986,73,1656,42,434,0,0,1,7,0,75,6,415,1,48,0,2,0,18,0,0,0,0,1,11,4,0,0,0,0,0,1,1,0,0,0,1,1,1,0,0,0,0,0,0,0,1,0,0,12,334,8,1056,1,80,0,44,0,1,1,82,0,83,0,1,0,0,0,3,1,163,1,55,0,27,62,52,234,150,610,682,31,7,1,1,0,0,2,7,0,0,1,1,10,3
1974,47,4864,158,0,113,448,27,2088,25,228,3,555,16,1478,72,26,60,705,29,15,38,6,16,61,1,480,1,83,0,251,0,1168,6,0,0,127,21,9,1,32,0,0,0,0,0,1,9,9,2,0,1,17,2,49,1,1,0,1,0,353,16,153,2,77,1,185,2,22,3,91,6,120,4,2292,230,643,14,430,0,0,0,87,0,781,4,35,1,152,0,0,0,5,1,2,0,0,0,18,1,2,0,0,1,0,0,0,2,2,4,0,0,1,0,0,0,0,0,0,1,0,0,6,0,190,0,79,9,25,0,9,0,7,0,31,1,19,2,0,0,3,0,0,0,10,4,24,1,1,0,24,33,14,1,135,133,8,1,2,0,0,0,8,0,4,0,1,0,11,4
4,1665,158,5169,113,0,0,826,44,2301,8,534,2,199,134,294,20,10,608,179,49,29,6,18,8,62,3,270,3,142,4,204,57,703,0,0,64,179,1,22,2,26,0,0,0,14,2,4,4,20,0,5,0,21,0,21,0,1,0,7,2,415,1,45,0,75,0,155,0,171,6,26,1,9,49,1351,51,827,13,225,0,0,1,33,0,225,5,156,0,154,0,2,0,9,0,0,0,1,3,3,0,0,0,0,0,0,2,0,0,0,0,0,1,0,0,0,0,0,0,0,0,1,0,2,4,187,1,367,0,29,0,17,0,1,0,64,0,43,0,1,0,1,0,1,0,75,0,33,0,13,11,29,205,35,693,437,8,2,0,0,0,2,0,1,0,1,1,0,2,0
765,30,148,11,448,0,0,0,699,0,0,0,1744,1,333,11,0,1,5,0,0,0,0,0,0,0,0,0,0,0,0,0,1218,0,0,0,16,7,2,0,5,0,0,0,0,0,1,0,0,0,0,0,1,0,4,0,0,0,0,0,400,5,6,1,2,1,23,0,2,0,20,2,113,2,189,1,43,0,49,0,0,0,14,0,12,2,0,0,4,1,0,0,0,0,0,0,0,0,4,1,0,0,0,0,0,0,1,0,0,1,0,0,0,0,0,0,0,0,0,0,0,0,1,0,38,0,208,1,7,1,3,1,2,0,5,0,15,0,0,0,0,0,0,0,7,0,12,0,0,0,0,0,0,0,7,1,0,0,0,0,0,0,2,0,1,0,0,0,0,2
2,989,34,441,27,826,0,0,16,1189,0,2,0,1919,59,264,0,0,68,18,1,0,0,0,0,0,0,0,0,0,0,0,14,1558,0,0,28,36,1,5,0,8,0,0,0,0,1,2,0,6,0,1,0,13,0,13,0,0,0,2,1,277,1,20,0,32,0,211,0,69,5,11,1,6,5,328,10,171,7,26,0,0,0,15,1,195,0,0,0,79,0,0,0,15,0,0,0,1,1,2,1,0,0,0,0,0,0,0,0,1,0,1,1,0,0,0,0,0,0,0,0,0,0,0,3,29,0,64,0,11,0,2,0,1,0,7,2,19,0,0,0,2,0,1,0,26,0,8,0,2,0,0,8,0,72,41,0,0,0,0,0,0,0,2,0,0,0,0,1,0
480,39,671,68,2088,44,699,16,0,4,884,0,274,2,740,39,3,7,299,5,3,7,0,2,2,0,6,0,9,1,46,0,3160,2,0,0,60,9,1,1,5,0,0,0,0,0,0,2,4,5,0,0,1,2,10,1,0,0,0,0,164,9,43,4,35,0,22,2,1,4,28,4,20,2,1260,63,683,6,366,0,0,0,6,0,9,1,14,0,7,1,0,0,0,0,0,0,1,0,3,3,2,0,0,0,0,1,1,1,0,0,4,0,0,2,0,0,0,0,0,0,0,0,3,0,199,1,134,4,19,0,7,0,5,0,37,0,45,1,0,0,3,0,0,0,6,3,17,0,0,1,1,7,1,4,43,27,0,0,2,0,0,0,8,0,5,0,1,0,4,1
1,119,43,819,25,2301,0,1189,4,0,1,761,0,205,26,153,1,1,144,95,8,0,1,0,1,0,0,0,0,1,0,26,12,888,0,0,21,92,0,14,0,37,0,0,0,4,0,3,0,9,0,0,0,3,0,7,0,0,0,11,0,126,0,9,1,29,0,62,0,10,1,10,1,2,12,789,7,546,4,91,0,0,0,8,1,35,0,71,0,23,0,0,0,9,0,0,0,0,1,0,0,0,0,1,0,0,0,0,0,0,0,0,0,0,0,0,0,0,0,0,0,0,0,0,2,63,1,32,0,3,0,1,0,0,0,32,0,18,0,0,0,1,0,0,0,21,0,14,0,1,1,3,49,2,146,70,1,0,0,0,0,1,0,2,0,0,0,0,1,1
0,0,148,18,228,8,0,0,884,1,0,4,0,0,0,0,6,8,49,11,8,12,3,5,48,0,105,1,507,2,601,0,871,1,0,0,1,1,0,0,0,0,0,0,0,0,0,0,0,0,0,0,0,0,0,0,0,0,0,0,0,0,0,0,0,0,0,0,0,0,0,0,0,0,114,5,303,3,28,0,0,0,0,0,0,0,59,0,1,0,0,0,0,0,0,0,0,0,0,0,0,0,0,0,0,0,0,0,0,0,0,0,0,0,0,0,0,0,0,0,0,0,0,0,0,0,0,0,1,0,0,0,0,0,0,0,0,0,1,0,0,0,0,0,0,0,0,0,0,0,8,11,7,4,3,2,1,1,0,0,0,0,0,0,0,0,0,0,0,0
0,4,8,451,3,534,0,2,0,761,4,0,0,4,0,3,2,6,15,22,5,26,2,27,2,166,0,184,2,506,0,624,0,767,0,0,0,5,0,1,0,22,0,0,0,15,0,0,0,0,0,0,0,0,0,0,0,0,0,4,0,2,0,0,0,2,0,2,0,0,0,0,0,0,1,64,1,348,0,38,0,0,0,0,0,1,2,203,0,3,0,2,0,3,0,0,0,0,0,0,0,0,0,0,0,0,0,0,0,0,0,0,0,0,0,0,0,0,0,0,0,0,0,0,0,12,0,2,0,0,0,2,0,0,0,4,0,4,0,0,0,0,0,0,0,1,0,0,0,0,0,4,6,7,9,14,0,6,0,0,0,0,0,0,0,0,0,0,0,0
1021,0,38,0,555,2,1744,0,274,0,0,0,0,0,19,0,0,0,2,0,0,0,0,0,0,0,0,0,0,0,0,0,409,1,0,0,9,0,0,2,10,0,0,0,0,0,2,14,5,5,1,4,11,0,68,1,4,0,0,0,1307,0,10,3,22,0,247,0,9,0,12,3,9,3,33,1,5,1,11,0,0,0,108,0,127,3,40,0,62,0,0,0,3,0,0,0,0,0,0,1,0,0,0,0,0,0,0,1,0,1,0,0,0,2,0,0,0,0,0,0,0,0,0,0,0,0,33,0,0,0,1,1,0,0,1,0,3,1,1,0,1,0,1,0,2,0,1,0,0,0,0,0,0,0,1,0,0,0,0,0,0,0,2,0,1,0,0,0,1,0
6,788,7,318,16,199,1,1919,2,205,0,4,0,0,63,155,0,0,8,1,1,0,0,0,0,0,0,0,0,0,0,0,5,689,0,0,10,26,0,0,1,12,1,0,0,0,3,5,3,7,0,8,2,6,0,5,0,1,0,1,1,891,0,30,0,24,0,705,0,41,3,14,1,24,2,64,4,289,3,22,0,0,0,21,0,253,0,0,0,45,0,0,0,3,0,0,0,0,0,3,1,0,0,0,0,0,2,2,0,1,0,2,0,1,0,0,0,0,0,0,0,0,0,1,0,10,3,77,1,39,1,9,0,1,0,3,1,0,0,2,0,0,0,0,0,11,0,4,0,7,0,0,0,0,17,3,0,0,0,1,0,2,0,18,0,0,0,0,3,1
1527,667,2852,378,1478,134,333,59,740,26,0,0,19,63,0,637,0,0,1045,3,0,0,0,0,0,0,0,0,0,0,0,0,642,28,0,0,1360,148,17,3,19,1,0,0,0,0,5,21,23,13,0,7,72,11,140,7,2,0,0,1,112,266,187,12,57,15,20,19,27,18,958,37,1419,363,412,155,364,33,308,14,0,0,4,1,32,22,0,0,58,15,0,0,7,3,1,0,0,0,6,0,0,0,1,0,0,0,0,0,1,2,2,0,0,0,0,0,0,0,0,0,0,0,10,0,202,12,269,51,20,9,3,2,6,0,19,3,21,1,0,1,0,0,0,0,18,11,15,3,4,6,0,0,1,0,112,97,0,0,1,0,0,0,9,0,4,0,2,0,8,1
35,1287,105,2437,72,294,11,264,39,153,0,3,0,155,637,0,0,0,130,770,2,0,0,0,0,0,0,0,0,0,0,0,66,108,0,0,278,4095,1,70,0,6,0,0,0,0,7,12,17,38,0,1,2,4,0,4,1,1,0,2,4,167,1,40,1,11,1,16,1,10,42,698,65,982,26,399,32,270,17,101,0,0,0,1,3,15,0,2,1,16,0,1,0,2,0,0,0,0,0,0,0,0,0,0,0,0,0,0,0,0,0,0,1,1,0,0,0,0,0,0,0,0,0,1,6,111,8,448,0,51,0,11,0,0,1,30,1,29,0,2,0,0,0,1,2,83,0,17,0,13,0,0,11,2,567,819,1,0,0,0,0,0,1,2,0,0,0,0,3,0
0,0,46,67,26,20,0,0,3,1,6,2,0,0,0,0,0,104,56,32,364,89,311,57,69,6,14,1,52,0,16,0,18,2,0,0,0,2,0,0,11,0,0,0,0,0,0,0,0,0,0,0,0,0,0,0,0,0,0,0,2,0,0,0,0,0,0,0,0,0,0,0,0,0,77,28,78,4,1,2,0,0,0,0,0,0,6,2,0,0,0,0,0,0,0,0,0,0,0,0,0,0,0,0,0,0,0,0,0,0,0,0,0,0,0,0,0,0,0,0,0,0,0,0,0,0,0,0,0,0,0,0,0,0,0,1,0,0,0,0,0,0,0,0,0,0,0,0,0,0,258,59,52,5,9,13,26,4,0,0,0,0,0,0,0,0,0,0,0,0
0,0,81,13,60,10,1,0,7,1,8,6,0,0,0,0,104,0,90,31,38,316,2,581,6,64,4,15,4,5,1,0,12,11,0,0,0,0,0,0,0,3,0,0,0,0,0,0,0,0,0,0,0,0,0,0,0,0,0,0,0,0,0,0,0,0,0,0,0,0,0,0,0,0,33,42,26,55,7,0,0,0,0,0,0,0,2,1,0,0,0,0,0,0,0,0,0,0,0,0,0,0,0,0,0,0,0,0,0,0,0,0,0,0,0,0,0,0,0,0,0,0,0,0,0,0,0,0,0,0,0,0,0,0,0,0,0,0,0,0,0,0,0,0,0,0,0,0,0,0,17,129,28,30,2,3,1,72,0,0,0,0,0,12,0,0,0,0,0,0
6,38,2458,566,705,608,5,68,299,144,49,15,2,8,1045,130,56,90,0,240,226,150,27,42,60,8,15,5,31,3,27,2,479,32,0,0,262,67,7,0,0,1,0,0,0,1,0,0,1,4,0,0,5,0,8,0,0,0,0,2,23,10,7,0,4,0,0,1,0,3,22,5,4,1,370,458,332,63,126,16,0,0,1,0,5,2,12,15,7,0,0,0,0,0,0,0,0,0,1,0,0,0,0,0,0,0,0,0,0,0,1,0,0,0,0,0,0,0,0,0,1,0,0,0,25,11,6,25,1,1,0,2,3,1,2,8,2,6,0,0,1,0,0,0,1,8,0,1,0,0,83,67,480,60,228,145,5,20,0,0,0,0,0,0,2,0,0,0,1,1
0,4,64,1292,29,179,0,18,5,95,11,22,0,1,3,770,32,31,240,0,54,608,19,135,16,19,3,3,7,21,11,6,16,59,0,0,3,850,0,11,0,6,0,0,1,5,0,0,0,0,0,2,0,1,0,0,0,0,0,0,0,4,0,2,0,0,0,1,0,0,1,9,0,0,18,205,19,200,2,60,0,0,0,0,0,1,3,47,0,1,0,0,0,0,0,0,0,0,0,0,0,0,0,0,0,0,0,0,0,0,0,0,0,0,0,0,0,0,0,0,0,0,0,0,0,29,0,13,0,1,0,0,0,0,0,16,0,14,0,0,0,1,0,0,0,10,0,4,0,2,26,76,127,748,353,831,9,9,0,0,0,0,0,0,0,1,0,0,0,0
0,0,45,91,15,49,0,1,3,8,8,5,0,1,0,2,364,38,226,54,0,99,560,53,308,2,22,0,115,0,16,1,58,2,0,0,0,5,0,0,0,0,0,0,0,2,0,0,0,0,0,0,0,0,0,0,0,0,0,0,0,0,0,0,0,0,0,0,0,0,0,0,0,0,140,22,35,17,1,1,0,0,0,0,0,0,12,7,0,0,0,0,0,0,0,0,0,0,0,0,0,0,0,0,0,0,0,0,0,0,0,0,0,0,0,0,0,0,0,0,0,0,0,0,0,1,0,1,0,0,0,0,0,0,0,1,0,1,0,0,0,0,0,0,0,0,0,0,0,0,467,27,191,17,65,31,93,9,0,0,0,0,0,0,0,0,0,0,0,0
0,0,89,158,38,29,0,0,7,0,12,26,0,0,0,0,89,316,150,608,99,0,29,850,28,71,13,27,18,48,23,8,11,81,0,0,0,9,0,0,0,0,0,0,0,2,0,0,0,0,0,0,0,0,0,0,0,0,0,0,0,0,0,0,0,0,0,0,0,0,0,0,0,0,59,50,21,69,3,0,0,0,0,0,0,0,10,11,0,0,0,0,0,0,0,0,0,0,0,0,0,0,0,0,0,0,0,0,0,0,0,0,0,0,0,0,0,0,0,0,0,1,0,0,0,1,0,0,0,0,0,0,0,0,0,0,0,0,0,0,0,0,0,0,0,0,0,0,0,0,114,435,65,307,105,251,16,81,0,0,0,0,0,0,0,0,0,0,0,0
0,0,16,40,6,6,0,0,0,1,3,2,0,0,0,0,311,2,27,19,560,29,0,12,841,2,22,1,169,1,6,0,110,0,0,0,0,2,0,0,35,0,0,0,4,0,0,0,0,0,0,0,0,0,1,0,0,0,0,0,1,0,0,0,0,0,0,0,0,0,0,0,0,0,76,3,49,10,7,1,0,0,0,0,0,0,7,0,0,0,0,0,0,0,0,0,0,0,0,0,0,0,0,0,0,0,0,0,0,0,0,0,0,0,0,0,0,0,0,0,0,0,0,0,0,0,0,0,0,0,0,0,0,0,0,1,0,0,1,0,0,0,0,0,0,0,0,0,0,0,255,5,72,4,25,12,196,1,0,0,0,0,1,0,0,0,0,0,0,0
0,0,47,57,16,18,0,0,2,0,5,27,0,0,0,0,57,581,42,135,53,850,12,0,4,525,5,59,10,34,8,3,6,82,0,0,0,4,0,0,0,0,0,0,0,1,0,0,0,0,0,0,0,0,0,0,0,0,0,0,0,0,0,0,0,0,0,0,0,0,0,0,0,0,28,39,8,44,0,0,0,0,0,0,0,0,6,17,0,0,0,0,0,0,0,0,0,0,0,0,0,0,0,0,0,0,0,0,0,0,0,0,0,0,0,0,0,0,0,0,0,0,0,0,0,0,0,0,0,0,0,0,0,0,0,0,0,0,0,0,0,0,0,0,0,0,0,0,0,0,29,69,16,38,12,19,7,111,0,0,0,0,0,0,0,0,0,0,0,0
0,0,146,41,61,8,0,0,2,1,48,2,0,0,0,0,69,6,60,16,308,28,841,4,0,0,278,1,297,0,104,3,100,2,0,0,0,1,0,0,0,0,0,0,0,0,0,0,0,0,0,0,0,0,0,0,0,0,0,0,0,0,0,0,0,0,0,0,0,0,0,0,0,0,44,11,64,3,0,1,0,0,0,0,0,0,20,1,0,0,0,0,0,0,0,0,0,0,0,0,0,0,0,0,0,0,0,0,0,0,0,0,0,0,0,0,0,0,0,0,0,0,0,0,0,0,0,0,0,0,0,0,0,0,0,0,0,0,0,0,0,0,0,0,0,0,0,0,0,0,40,6,26,4,4,6,38,1,0,0,0,0,0,0,0,0,0,0,0,0
0,0,5,35,1,62,0,0,0,0,0,166,0,0,0,0,6,64,8,19,2,71,2,525,0,0,0,517,0,344,0,26,1,168,0,0,0,0,0,0,0,0,0,0,0,0,0,0,0,0,0,0,0,0,0,0,0,0,0,0,0,0,0,0,0,0,0,0,0,0,0,0,0,0,0,6,2,16,0,2,0,0,0,0,0,0,2,33,0,0,0,0,0,0,0,0,0,0,0,0,0,0,0,0,0,0,0,0,0,0,0,0,0,0,0,0,0,0,0,0,0,0,0,0,0,1,0,0,0,0,0,0,0,0,0,0,0,0,0,0,0,0,0,0,0,0,0,0,0,0,0,3,2,10,3,6,0,20,0,0,0,0,0,0,0,0,0,0,0,0
0,0,177,13,480,3,0,0,6,0,105,0,0,0,0,0,14,4,15,3,22,13,22,5,278,0,0,0,358,0,278,0,105,0,0,0,0,0,0,0,0,0,0,0,0,0,0,0,0,0,0,0,0,0,0,0,0,0,0,0,0,0,0,0,0,0,0,0,0,0,0,0,0,0,22,1,57,1,0,0,0,0,0,0,0,0,34,1,2,0,0,0,1,0,0,0,0,0,0,0,0,0,0,0,0,0,0,0,0,0,0,0,0,0,0,0,0,0,0,0,0,0,0,0,0,0,0,0,0,0,0,0,0,0,0,0,0,0,0,0,0,0,0,0,0,0,0,0,0,0,23,4,6,0,2,2,15,0,0,0,0,0,0,0,0,0,0,0,0,0
0,0,3,101,1,270,0,0,0,0,1,184,0,0,0,0,1,15,5,3,0,27,1,59,1,517,0,0,3,161,1,167,1,78,0,0,0,1,0,0,0,0,0,0,0,1,0,0,0,0,0,0,0,0,0,0,0,0,0,0,0,0,0,0,0,0,0,0,0,0,0,0,0,0,3,5,2,57,0,0,0,0,0,0,0,0,0,19,0,0,0,0,0,0,0,0,0,0,0,0,0,0,0,0,0,0,0,0,0,0,0,0,0,0,0,0,0,0,0,0,0,0,0,0,0,0,0,0,0,0,0,0,0,0,0,0,0,0,0,0,0,0,0,0,0,0,0,0,0,0,3,4,1,0,0,0,0,11,0,0,0,0,0,0,0,0,0,0,0,0
0,0,66,15,83,3,0,0,9,0,507,2,0,0,0,0,52,4,31,7,115,18,169,10,297,0,358,3,0,0,239,0,234,0,0,0,0,0,0,0,0,0,0,0,0,0,0,0,0,0,0,0,0,0,0,0,0,0,0,0,0,0,0,0,0,0,0,0,0,0,0,0,0,0,25,2,52,2,0,1,0,0,0,0,0,0,45,0,1,0,0,0,1,0,0,0,0,0,0,0,0,0,0,0,0,0,0,0,0,0,0,0,0,0,0,0,0,0,0,0,0,0,0,0,0,0,0,0,0,0,0,0,0,0,0,0,0,0,0,0,0,0,0,0,0,0,0,0,0,0,31,4,7,0,2,5,14,1,0,0,0,0,0,0,0,0,0,0,0,0
0,0,1,137,0,142,0,0,1,1,2,506,0,0,0,0,0,5,3,21,0,48,1,34,0,344,0,161,0,0,0,80,0,442,0,0,0,3,0,0,0,2,0,0,0,0,0,0,0,0,0,0,0,0,0,0,0,0,0,0,0,0,0,0,0,0,0,0,0,0,0,0,0,0,1,5,0,31,0,2,0,0,0,0,0,0,1,54,0,1,0,0,0,1,0,0,0,0,0,0,0,0,0,0,0,0,0,0,0,0,0,0,0,0,0,0,0,0,0,0,0,0,0,0,0,0,0,0,0,0,0,0,0,0,0,0,0,0,0,0,0,0,0,0,0,0,0,0,0,0,0,5,2,1,0,2,1,2,0,0,0,0,0,0,0,0,0,0,0,0
0,0,142,8,251,4,0,0,46,0,601,0,0,0,0,0,16,1,27,11,16,23,6,8,104,0,278,1,239,0,0,0,182,1,0,0,0,0,0,0,0,1,0,0,0,0,0,0,0,0,0,0,0,0,0,0,0,0,0,0,0,0,0,0,0,0,0,0,0,0,0,0,0,0,43,5,125,0,1,0,0,0,0,0,0,0,67,1,0,0,0,0,0,0,0,0,0,0,0,0,0,0,0,0,0,0,0,0,0,0,0,0,0,0,0,0,0,0,0,0,0,0,0,0,0,0,0,0,0,0,0,0,0,0,0,0,0,0,0,0,0,0,0,0,0,0,0,0,0,0,17,9,7,1,0,2,1,0,0,0,0,0,0,0,0,0,0,0,0,0
0,1,3,153,0,204,0,0,0,26,0,624,0,0,0,0,0,0,2,6,1,8,0,3,3,26,0,167,0,80,0,0,1,77,0,0,0,1,0,0,0,1,0,0,0,5,0,0,0,0,0,0,0,0,0,0,0,0,0,0,0,0,0,0,0,0,0,1,0,0,0,0,0,0,1,15,1,120,0,5,0,0,0,0,0,0,0,75,0,1,0,0,0,1,0,0,0,0,0,0,0,0,0,0,0,0,0,0,0,0,0,0,0,0,0,0,0,0,0,0,0,0,0,0,0,4,0,0,0,0,0,0,0,0,0,0,0,0,0,0,0,0,0,0,0,0,0,0,0,0,0,2,5,1,1,3,0,0,0,0,0,0,0,0,0,0,0,0,0,0
1285,34,637,86,1168,57,1218,14,3160,12,871,0,409,5,642,66,18,12,479,16,58,11,110,6,100,1,105,1,234,0,182,1,0,5,0,0,72,9,47,12,403,1,15,1,23,0,13,76,41,42,72,9,95,8,358,0,73,0,91,0,1405,10,194,4,129,2,166,0,56,2,126,22,176,5,474,77,1204,11,107,1,0,0,46,0,269,0,53,2,175,5,0,0,96,0,0,0,1,1,10,1,2,0,4,1,0,0,1,0,1,0,2,0,0,1,0,0,0,0,0,0,0,0,3,0,67,1,123,7,21,2,4,1,3,0,12,0,13,1,29,0,27,1,23,1,80,4,20,1,3,1,10,13,5,6,38,33,13,0,1,0,0,0,11,0,5,0,1,0,4,2
1,249,13,607,6,703,0,1558,2,888,1,767,1,689,28,108,2,11,32,59,2,81,0,82,2,168,0,78,0,442,1,77,5,0,0,0,10,33,13,39,1,857,4,77,0,1,47,46,13,69,6,233,4,52,2,88,0,32,0,555,2,125,6,33,3,24,3,140,1,21,25,31,1,3,7,178,3,1546,3,26,0,0,0,107,4,292,1,378,1,224,0,11,0,179,0,20,1,1,3,7,2,1,0,51,0,1,1,0,0,3,1,2,1,3,0,0,0,0,0,0,0,0,0,0,0,15,3,22,0,18,0,6,0,0,0,3,0,4,0,27,0,20,0,13,2,24,0,3,1,2,2,7,12,6,38,27,2,11,1,1,0,2,0,7,0,0,1,5,5,7
0,0,0,0,0,0,0,0,0,0,0,0,0,0,0,0,0,0,0,0,0,0,0,0,0,0,0,0,0,0,0,0,0,0,0,0,0,0,0,0,0,0,0,0,0,0,0,0,0,0,0,0,0,0,0,0,0,0,0,0,0,0,0,0,0,0,0,0,0,0,0,0,0,0,0,0,0,0,0,0,0,0,0,0,0,0,0,0,0,0,0,0,0,0,0,0,0,0,0,0,0,0,0,0,0,0,0,0,0,0,0,0,0,0,0,0,0,0,0,0,0,0,0,0,0,0,0,0,0,0,0,0,0,0,0,0,0,0,0,0,0,0,0,0,0,0,0,0,0,0,0,0,0,0,0,0,0,0,0,0,0,0,0,0,0,0,0,0,0,0
0,0,0,0,0,0,0,0,0,0,0,0,0,0,0,0,0,0,0,0,0,0,0,0,0,0,0,0,0,0,0,0,0,0,0,0,0,0,0,0,0,0,0,0,0,0,0,0,0,0,0,0,0,0,0,0,0,0,0,0,0,0,0,0,0,0,0,0,0,0,0,0,0,0,0,0,0,0,0,0,0,0,0,0,0,0,0,0,0,0,0,0,0,0,0,0,0,0,0,0,0,0,0,0,0,0,0,0,0,0,0,0,0,0,0,0,0,0,0,0,0,0,0,0,0,0,0,0,0,0,0,0,0,0,0,0,0,0,0,0,0,0,0,0,0,0,0,0,0,0,0,0,0,0,0,0,0,0,0,0,0,0,0,0,0,0,0,0,0,0
59,225,134,152,127,64,16,28,60,21,1,0,9,10,1360,278,0,0,262,3,0,0,0,0,0,0,0,0,0,0,0,0,72,10,0,0,0,279,1912,5,47,2,1,0,0,0,9,34,159,33,0,2,95,10,28,4,0,0,0,3,19,153,38,42,35,7,15,27,7,15,3053,103,491,240,78,75,42,10,39,6,0,0,16,4,32,23,0,0,5,16,0,0,0,4,0,0,0,0,4,1,1,0,0,0,0,1,1,0,1,1,1,0,0,0,0,0,0,0,0,0,0,0,1,1,7,2,27,23,9,4,5,2,2,0,4,2,2,3,0,0,3,3,0,0,8,9,8,0,2,4,0,0,2,0,827,33,0,0,2,0,0,0,7,1,1,0,0,0,3,3
58,237,27,708,21,179,7,36,9,92,1,5,0,26,148,4095,2,0,67,850,5,9,2,4,1,0,0,1,0,3,0,1,9,33,0,0,279,0,4,707,1,3,0,0,0,0,17,72,71,190,0,39,13,14,2,11,1,0,0,3,12,163,14,167,1,26,2,25,0,28,175,2745,120,788,12,124,5,108,5,32,0,0,2,18,1,84,1,10,3,37,0,0,0,5,1,0,1,0,1,2,1,1,0,0,0,0,2,0,0,1,2,1,2,2,2,0,0,0,0,1,0,0,1,0,3,27,9,55,4,42,0,7,0,3,1,12,1,13,0,1,0,5,0,0,0,35,2,10,0,19,2,5,23,152,133,1010,0,0,0,0,0,0,2,2,0,1,0,0,9,1
15,7,9,2,9,1,2,1,1,0,0,0,0,0,17,1,0,0,7,0,0,0,0,0,0,0,0,0,0,0,0,0,47,13,0,0,1912,4,0,210,318,1,6,3,0,0,699,129,426,113,303,32,278,24,356,2,107,3,59,1,11,3,16,4,27,2,26,0,44,0,2081,102,1,1,11,6,11,13,14,3,0,0,15,4,131,16,0,0,159,17,0,0,24,4,0,0,2,0,5,1,0,0,8,2,0,0,0,1,0,0,0,1,1,0,0,0,0,0,0,0,0,0,1,0,0,0,5,0,10,6,1,0,0,1,3,0,0,0,7,1,11,2,7,1,33,6,9,0,3,1,0,0,0,0,13,1,0,0,0,0,0,0,4,1,0,0,1,1,2,0
6,18,4,103,1,22,0,5,1,14,0,1,2,0,3,70,0,0,0,11,0,0,0,0,0,0,0,0,0,0,0,0,12,39,0,0,5,707,210,0,199,47,4,9,0,0,257,543,133,497,81,178,49,57,107,17,26,4,17,35,11,11,12,29,16,2,8,0,4,3,295,1456,1,3,4,12,2,46,2,9,0,0,4,8,29,45,0,0,28,50,0,0,9,21,0,3,0,0,1,3,0,0,2,8,0,0,1,3,1,0,2,2,3,0,2,0,0,0,0,0,0,0,0,0,0,8,0,12,3,16,2,3,0,0,0,8,0,3,2,7,0,5,1,3,9,25,3,3,0,3,0,0,0,0,7,9,0,0,0,0,0,1,3,0,2,1,0,2,8,1
100,0,29,0,32,2,5,0,5,0,0,0,10,1,19,0,11,0,0,0,0,0,35,0,0,0,0,0,0,0,0,0,403,1,0,0,47,1,318,199,0,5,3459,21,35,0,304,346,73,25,1335,357,68,7,283,1,133,0,1091,22,404,2,231,8,120,0,56,0,16,2,1067,382,44,0,65,0,850,3,176,1,0,0,12,1,525,5,1340,0,529,3,80,0,618,2,1,0,0,2,24,24,8,1,37,2,3,2,4,9,5,10,2,3,1,1,1,0,0,0,0,3,0,0,9,0,32,0,79,0,10,0,4,0,22,0,18,1,0,0,330,1,115,0,125,1,393,1,7,0,0,0,0,0,0,0,1,0,43,0,17,1,2,1,156,0,2,0,6,1,8,10
1,7,2,84,0,26,0,8,0,37,0,22,0,12,1,6,0,3,1,6,0,0,0,0,0,0,0,0,0,2,1,1,1,857,0,0,2,3,1,47,5,0,6,2558,0,123,4,25,5,28,0,469,1,20,2,5,0,6,1,703,2,50,0,38,5,10,1,23,0,6,10,192,3,6,1,33,1,1347,6,253,0,0,0,1,0,167,0,1071,0,223,0,282,0,198,4,7,2,5,10,76,5,4,0,25,1,10,14,17,9,27,18,3,7,6,1,0,0,1,0,7,0,0,0,3,1,25,0,25,1,34,0,15,0,1,2,27,0,6,1,374,0,81,1,105,0,634,0,5,2,6,0,0,0,0,4,3,0,31,4,9,1,10,2,105,3,4,9,15,30,23
7,1,0,0,0,0,0,0,0,0,0,0,0,1,0,0,0,0,0,0,0,0,0,0,0,0,0,0,0,0,0,0,15,4,0,0,1,0,6,4,3459,6,0,2,200,0,8,11,3,7,114,3,9,4,55,1,30,0,250,1,16,5,3,4,3,3,5,7,1,0,19,4,6,0,9,0,9,4,28,1,0,0,4,0,21,1,44,0,14,0,27,0,28,0,8,4,12,10,50,36,96,11,6,2,11,6,63,103,16,112,24,6,0,2,3,1,1,1,1,5,0,0,0,0,18,0,23,1,2,0,3,0,0,0,1,0,1,0,30,1,113,1,8,0,27,3,1,0,0,0,0,0,0,0,0,0,0,0,33,1,9,2,12,0,0,0,1,2,3,23
1,0,0,0,0,0,0,0,0,0,0,0,0,0,0,0,0,0,0,0,0,0,0,0,0,0,0,0,0,0,0,0,1,77,0,0,0,0,3,9,21,2558,2,0,0,382,1,85,0,1,3,693,0,1,3,0,0,0,2,562,0,0,0,3,0,1,0,2,0,0,5,29,1,1,4,1,0,22,0,2,0,0,1,0,1,24,0,480,0,18,0,84,0,6,3,10,7,32,7,49,7,16,3,13,4,24,26,346,10,198,3,101,1,2,0,1,0,1,2,2,0,0,0,0,0,1,0,2,0,2,0,0,0,0,2,0,0,0,1,5,0,5,0,2,2,3,0,1,0,0,0,0,0,0,0,0,0,0,0,16,0,9,0,19,0,0,1,14,2,6
0,0,0,0,0,0,0,0,0,0,0,0,0,0,0,0,0,0,0,1,0,0,4,0,0,0,0,0,0,0,0,0,23,0,0,0,0,0,0,0,35,0,200,0,0,0,0,0,0,0,0,0,0,0,0,0,0,0,5,0,0,0,0,0,0,0,0,0,0,0,0,0,0,0,0,0,132,0,19,0,0,0,0,0,1,0,738,0,10,0,10,0,4,0,0,0,0,0,0,0,0,0,0,0,0,0,0,0,0,0,0,0,0,0,0,0,0,0,0,0,0,0,0,0,0,0,0,0,0,0,0,0,0,0,1,0,0,0,4,0,0,0,0,0,0,0,0,0,0,0,0,0,0,0,0,0,9,0,0,0,0,0,2,0,0,0,0,0,0,0
0,0,1,45,0,14,0,0,0,4,0,15,0,0,0,0,0,0,1,5,2,2,0,1,0,0,0,1,0,0,0,5,0,1,0,0,0,0,0,0,0,123,0,382,0,0,0,0,0,0,0,0,0,0,0,0,0,0,0,4,0,0,0,1,0,0,0,0,0,0,0,0,0,0,0,25,0,290,0,88,0,0,0,0,0,0,0,1425,0,0,0,1,0,0,0,0,0,0,0,0,0,0,0,0,0,0,1,0,0,0,0,0,0,0,0,0,0,0,0,0,0,0,0,0,0,5,0,0,0,0,0,1,0,0,0,2,0,0,0,7,0,0,0,0,0,0,0,0,0,0,0,0,0,0,2,5,0,111,0,0,0,0,0,0,0,0,0,0,0,0
3,26,1,6,1,2,1,1,0,0,0,0,2,3,5,7,0,0,0,0,0,0,0,0,0,0,0,0,0,0,0,0,13,47,0,0,9,17,699,257,304,4,8,1,0,0,0,2888,3755,1091,3789,1836,2037,455,1505,177,363,59,123,72,4,52,10,10,10,13,6,3,1,15,1775,189,0,0,2,6,3,45,8,6,0,0,10,29,39,257,0,1,34,48,0,0,10,8,0,14,0,1,3,5,0,0,43,50,0,0,3,1,0,2,7,0,1,0,0,0,0,0,0,1,0,0,0,0,0,0,0,7,2,8,2,1,0,2,0,2,0,0,3,2,2,2,2,1,8,12,3,0,1,0,0,0,0,0,1,0,0,0,1,0,0,0,2,3,0,0,1,0,3,2
19,52,11,14,9,4,0,2,2,3,0,0,14,5,21,12,0,0,0,0,0,0,0,0,0,0,0,0,0,0,0,0,76,46,0,0,34,72,129,543,346,25,11,85,0,0,2888,0,1409,3135,165,2715,272,1457,557,969,181,552,44,204,24,59,92,53,65,24,36,20,38,37,457,1561,8,0,23,8,28,52,18,9,0,0,46,41,230,182,0,0,233,75,0,0,56,76,1,70,12,13,4,13,3,0,5,76,0,0,2,3,3,4,7,3,1,1,10,0,0,0,1,0,0,0,4,0,2,4,7,7,8,28,4,3,0,1,2,9,0,0,7,7,29,9,17,5,63,17,12,0,5,2,0,0,0,0,1,0,0,0,0,2,0,2,10,9,2,0,1,1,5,4
4,39,10,66,9,4,0,0,4,0,0,0,5,3,23,17,0,0,1,0,0,0,0,0,0,0,0,0,0,0,0,0,41,13,0,0,159,71,426,133,73,5,3,0,0,0,3755,1409,0,1535,34,70,3093,413,788,21,40,8,15,2,7,38,26,35,18,9,6,7,24,7,1324,393,0,3,4,0,13,19,7,5,0,0,19,10,100,36,0,0,136,13,0,0,35,1,0,1,0,0,2,3,0,0,2,4,0,0,0,0,0,1,0,0,2,1,0,0,0,0,0,0,0,0,1,0,1,2,0,4,4,8,1,1,0,0,0,4,0,0,5,4,13,1,6,2,18,3,3,0,1,2,0,0,0,0,1,1,0,0,0,1,0,0,3,1,0,0,1,1,3,1
22,301,16,119,2,20,0,6,5,9,0,0,5,7,13,38,0,0,4,0,0,0,0,0,0,0,0,0,0,0,0,0,42,69,0,0,33,190,113,497,25,28,7,1,0,0,1091,3135,1535,0,13,294,119,3404,78,686,20,70,2,61,18,124,46,673,41,28,18,20,22,40,258,1474,7,6,13,28,6,79,13,25,0,0,30,42,115,162,0,0,60,103,0,0,11,32,1,20,2,0,4,17,9,0,0,15,0,0,7,2,3,5,8,2,3,2,8,0,0,0,0,2,1,0,3,1,2,5,4,33,8,91,3,7,0,5,1,11,0,1,5,13,8,10,7,7,25,40,7,3,1,15,0,0,0,0,4,1,0,0,1,1,0,0,6,23,2,0,3,5,20,10
1,1,0,0,0,0,0,0,0,0,0,0,1,0,0,0,0,0,0,0,0,0,0,0,0,0,0,0,0,0,0,0,72,6,0,0,0,0,303,81,1335,0,114,3,0,0,3789,165,34,13,0,439,545,8,967,8,1625,20,941,5,0,0,0,0,0,0,0,0,1,1,1424,66,0,0,0,1,47,6,1,0,0,0,1,0,97,18,2,0,128,9,0,0,69,1,0,25,0,0,89,0,100,0,104,15,0,0,1,0,1,0,1,0,0,17,1,0,0,0,0,0,0,0,0,0,0,0,0,0,1,0,0,0,0,0,0,0,0,0,20,0,14,0,10,0,36,0,0,0,0,0,0,0,0,0,0,0,0,0,0,0,0,0,2,1,0,0,0,1,0,0
4,24,0,7,1,5,0,1,0,0,0,0,4,8,7,1,0,0,0,2,0,0,0,0,0,0,0,0,0,0,0,0,9,233,0,0,2,39,32,178,357,469,3,693,0,0,1836,2715,70,294,439,0,18,225,51,455,21,2316,16,1127,5,60,10,29,7,14,7,16,8,16,165,709,4,3,1,23,4,131,3,40,0,0,10,36,12,687,0,9,13,238,0,0,3,86,4,720,49,96,9,181,4,20,3,629,2,2,22,11,5,10,7,5,20,223,20,61,0,0,0,5,0,0,2,0,4,11,2,42,4,29,1,3,1,1,3,4,0,0,3,45,3,37,4,28,10,79,1,1,1,6,0,0,0,0,0,0,0,0,4,3,0,9,3,18,2,5,5,24,15,19
12,2,42,1,17,0,1,0,1,0,0,0,11,2,72,2,0,0,5,0,0,0,0,0,0,0,0,0,0,0,0,0,95,4,0,0,95,13,278,49,68,1,9,0,0,0,2037,272,3093,119,545,18,0,32,4697,10,140,1,27,2,21,8,550,15,89,0,32,3,62,0,583,74,10,2,10,1,22,1,19,2,0,0,78,1,181,9,0,0,249,7,0,0,52,0,0,0,1,0,3,1,1,0,16,0,0,1,3,0,2,1,3,0,0,0,0,0,0,0,0,0,0,0,7,0,3,0,6,1,11,2,2,0,0,0,1,1,0,0,7,0,15,0,11,0,33,1,9,0,0,0,0,0,0,0,0,2,0,0,0,1,0,0,10,0,0,0,1,0,5,0
5,176,5,26,2,21,0,13,2,3,0,0,0,6,11,4,0,0,0,1,0,0,0,0,0,0,0,0,0,0,0,0,8,52,0,0,10,14,24,57,7,20,4,1,0,0,455,1457,413,3404,8,225,32,0,21,3744,5,147,0,117,3,140,24,532,15,132,3,64,7,309,68,423,1,6,8,26,1,95,3,28,0,0,10,55,29,286,0,2,15,113,0,0,2,22,0,37,1,0,4,12,3,0,1,48,1,0,6,2,1,1,7,3,4,1,0,0,1,0,0,0,0,0,1,0,0,4,3,34,0,72,1,13,0,4,0,13,0,1,0,8,3,11,0,1,7,18,1,2,1,10,0,0,0,0,4,0,0,0,2,3,0,2,3,12,1,2,2,2,29,9
90,2,134,2,49,0,4,0,10,0,0,0,68,0,140,0,0,0,8,0,0,0,1,0,0,0,0,0,0,0,0,0,358,2,0,0,28,2,356,107,283,2,55,3,0,0,1505,557,788,78,967,51,4697,21,0,3,2514,0,478,2,162,1,1597,16,862,4,52,4,824,2,480,118,31,2,32,1,79,10,42,0,0,0,302,0,1246,3,0,0,3224,6,0,0,378,1,2,0,3,1,15,4,2,0,25,1,0,1,5,3,4,3,13,1,0,2,0,0,0,0,1,1,0,0,10,0,4,0,19,2,28,1,4,0,0,0,7,1,0,0,21,0,70,1,41,1,169,4,27,0,4,2,0,0,0,0,1,0,0,0,0,0,1,0,38,0,8,0,2,0,4,2
3,155,2,26,1,21,0,13,1,7,0,0,1,5,7,4,0,0,0,0,0,0,0,0,0,0,0,0,0,0,0,0,0,88,0,0,4,11,2,17,1,5,1,0,0,0,177,969,21,686,8,455,10,3744,3,0,0,2144,0,858,3,302,5,189,2,289,2,130,1,1565,20,73,3,3,0,13,0,85,0,13,0,0,0,41,2,516,0,9,1,1697,0,0,0,763,0,77,5,6,0,5,4,0,0,100,0,0,4,0,1,2,3,1,0,0,0,0,0,0,0,0,0,0,0,0,0,3,1,18,0,31,0,2,0,0,0,7,0,1,0,2,0,2,0,2,1,8,0,2,0,6,0,0,0,0,2,0,0,0,1,1,0,1,0,15,0,0,0,3,8,5
3,0,3,0,1,0,0,0,0,0,0,0,4,0,2,1,0,0,0,0,0,0,0,0,0,0,0,0,0,0,0,0,73,0,0,0,0,1,107,26,133,0,30,0,0,0,363,181,40,20,1625,21,140,5,2514,0,0,0,1253,0,3,0,2,0,1,0,1,0,3,0,180,38,1,0,1,0,32,0,4,0,0,0,9,0,207,2,2,0,489,0,0,0,414,0,0,0,0,0,0,0,1,0,8,0,0,0,0,2,0,0,3,1,0,0,0,0,0,0,0,0,0,0,0,0,0,0,0,0,1,0,0,0,1,0,2,0,0,0,17,0,16,0,19,0,59,0,3,0,0,0,0,0,0,0,0,0,0,0,0,0,0,0,3,0,0,0,1,1,0,1
0,10,0,0,0,1,0,0,0,0,0,0,0,1,0,1,0,0,0,0,0,0,0,0,0,0,0,0,0,0,0,0,0,32,0,0,0,0,3,4,0,6,0,0,0,0,59,552,8,70,20,2316,1,147,0,2144,0,0,0,1414,0,28,1,1,0,15,0,10,1,20,3,7,0,0,0,1,0,6,0,1,0,0,1,6,0,191,0,7,0,904,0,0,0,677,0,384,38,32,0,0,0,0,0,161,0,0,0,0,0,0,0,0,0,1,0,0,0,0,0,0,0,0,0,0,0,0,0,0,0,2,0,0,0,0,0,0,0,0,0,0,0,2,0,0,0,0,0,0,0,1,0,0,0,0,0,1,0,0,0,1,0,0,0,0,0,0,0,0,0,0
1,0,2,0,1,0,0,0,0,0,0,0,0,0,0,0,0,0,0,0,0,0,0,0,0,0,0,0,0,0,0,0,91,0,0,0,0,0,59,17,1091,1,250,2,5,0,123,44,15,2,941,16,27,0,478,0,1253,0,0,1,0,0,0,0,0,0,0,0,1,0,150,16,1,0,1,0,78,0,7,0,0,0,1,0,245,0,342,0,482,0,416,0,1572,0,0,0,0,0,0,0,0,1,51,0,0,0,0,0,0,0,0,0,0,0,0,0,0,0,0,0,0,0,0,0,0,0,0,0,1,0,0,0,0,0,1,0,0,0,16,0,15,0,17,0,22,0,1,0,0,0,0,0,0,0,0,0,0,0,0,0,0,0,3,0,0,0,0,0,1,1
0,11,2,14,0,7,0,2,0,11,0,4,0,1,1,2,0,0,2,0,0,0,0,0,0,0,0,0,0,0,0,0,0,555,0,0,3,3,1,35,22,703,1,562,0,4,72,204,2,61,5,1127,2,117,2,858,0,1414,1,0,1,24,4,2,3,11,1,10,2,19,11,46,0,0,0,4,0,155,0,8,0,0,2,2,0,481,0,541,1,775,0,532,0,1853,0,239,0,7,0,9,0,3,0,987,0,1,6,1,2,4,1,1,1,0,0,0,1,1,1,1,0,0,0,0,0,0,0,1,0,4,1,1,0,0,0,1,0,0,0,30,0,11,1,7,0,9,2,0,0,0,0,0,0,0,3,1,0,0,0,1,0,0,0,6,0,1,3,0,1,4
7613,18,154,6,353,2,400,1,164,0,0,0,1307,1,112,4,2,0,23,0,0,0,1,0,0,0,0,0,0,0,0,0,1405,2,0,0,19,12,11,11,404,2,16,0,0,0,4,24,7,18,0,5,21,3,162,3,3,0,0,1,0,28,1405,34,1960,8,1446,9,122,6,239,45,1868,17,366,4,282,6,274,1,0,0,43,2,608,8,1,0,299,8,0,0,8,0,2,0,4,0,66,17,6,1,1,0,4,3,15,20,14,19,28,10,1,9,0,0,0,0,0,2,0,0,34,0,40,1,573,3,293,6,48,0,31,1,59,1,22,0,0,1,16,1,2,0,25,4,34,0,16,2,0,0,0,0,2,4,0,0,11,0,2,1,159,2,56,0,14,2,46,13
73,3238,22,327,16,415,5,277,9,126,0,2,0,891,266,167,0,0,10,4,0,0,0,0,0,0,0,0,0,0,0,0,10,125,0,0,153,163,3,11,2,50,5,0,0,0,52,59,38,124,0,60,8,140,1,302,0,28,0,24,28,0,11,2043,2,1671,1,2157,1,274,85,666,195,1536,12,486,5,416,8,132,0,0,0,11,4,228,0,3,4,414,0,0,0,96,2,1,3,2,10,69,9,1,0,0,1,2,10,2,1,5,0,4,6,5,0,0,0,0,0,3,0,0,0,12,7,53,10,579,1,949,0,109,0,27,3,70,1,11,0,32,1,35,0,8,1,142,1,22,0,161,0,0,2,1,42,8,0,0,2,32,0,2,1,145,1,9,4,17,76,34
761,4,166,2,153,1,6,1,43,0,0,0,10,0,187,1,0,0,7,0,0,0,0,0,0,0,0,0,0,0,0,0,194,6,0,0,38,14,16,12,231,0,3,0,0,0,10,92,26,46,0,10,550,24,1597,5,2,1,0,4,1405,11,0,39,2200,2,51,15,682,8,1361,56,345,6,144,7,84,9,116,1,0,0,22,4,60,19,0,0,79,16,0,0,2,2,3,1,4,0,57,10,3,2,1,1,2,2,6,8,4,14,12,4,2,6,0,0,0,1,0,1,0,0,27,0,28,3,110,3,189,6,31,2,17,0,24,2,3,0,1,0,8,3,3,2,9,10,21,0,14,0,0,0,0,0,1,0,0,0,4,0,5,0,109,1,23,1,7,3,31,8
6,392,7,214,2,45,1,20,4,9,0,0,3,30,12,40,0,0,0,2,0,0,0,0,0,0,0,0,0,0,0,0,4,33,0,0,42,167,4,29,8,38,4,3,0,1,10,53,35,673,0,29,15,532,16,189,0,1,0,2,34,2043,39,0,19,831,7,125,2,1882,211,1649,34,29,9,125,1,95,4,62,0,0,4,15,7,91,0,0,4,53,0,0,0,10,0,1,1,1,6,34,18,1,0,3,1,1,13,8,3,12,12,4,8,6,0,0,0,0,0,0,0,0,0,1,0,28,4,121,3,329,2,74,1,19,1,66,0,3,1,14,0,37,0,9,1,90,0,11,2,86,0,0,0,0,6,3,0,0,2,11,0,5,2,76,2,3,3,6,57,12
267,4,75,1,77,0,2,0,35,1,0,0,22,0,57,1,0,0,4,0,0,0,0,0,0,0,0,0,0,0,0,0,129,3,0,0,35,1,27,16,120,5,3,0,0,0,10,65,18,41,0,7,89,15,862,2,1,0,0,3,1960,2,2200,19,0,1,982,0,1943,3,122,61,26,1,114,1,25,2,31,1,0,0,43,1,295,14,0,0,444,14,0,0,9,1,2,0,0,3,36,4,5,0,1,2,2,0,14,3,8,3,7,1,3,5,0,0,0,0,0,2,0,0,8,0,8,0,49,0,69,1,22,0,8,0,15,0,1,0,4,1,9,0,1,1,12,5,15,0,8,2,0,0,0,0,1,1,0,0,5,0,3,1,67,1,12,0,5,2,15,4
3,277,0,80,1,75,1,32,0,29,0,2,0,24,15,11,0,0,0,0,0,0,0,0,0,0,0,0,0,0,0,0,2,24,0,0,7,26,2,2,0,10,3,1,0,0,13,24,9,28,0,14,0,132,4,289,0,15,0,11,8,1671,2,831,1,0,0,1786,0,1790,17,8,7,6,1,49,1,98,1,28,0,0,0,5,1,46,0,0,1,133,0,0,0,43,0,0,0,1,3,13,4,0,0,0,0,2,3,0,0,2,3,1,2,2,0,0,0,0,0,0,0,0,0,2,0,17,0,99,0,135,0,19,0,2,1,15,0,1,0,4,0,6,0,6,1,20,0,3,0,22,0,0,0,0,4,1,0,0,1,3,0,0,0,29,0,1,0,1,24,11
661,1,45,0,185,0,23,0,22,0,0,0,247,0,20,1,0,0,0,0,0,0,0,0,0,0,0,0,0,0,0,0,166,3,0,0,15,2,26,8,56,1,5,0,0,0,6,36,6,18,0,7,32,3,52,2,1,0,0,1,1446,1,51,7,982,0,0,1,216,0,61,18,8,0,42,2,20,3,19,2,0,0,34,2,671,2,0,0,148,5,0,0,1,0,1,1,1,0,12,4,1,0,2,2,0,0,4,1,0,1,7,0,1,0,0,0,0,0,0,0,0,0,1,0,3,0,11,0,26,2,11,1,1,0,8,0,0,0,1,0,7,0,1,0,5,2,13,0,3,0,0,0,0,0,2,2,0,0,3,0,0,0,16,0,4,1,1,2,9,2
5,223,3,175,2,155,0,211,2,62,0,2,0,705,19,16,0,0,1,1,0,0,0,0,0,0,0,0,0,0,0,1,0,140,0,0,27,25,0,0,0,23,7,2,0,0,3,20,7,20,0,16,3,64,4,130,0,10,0,10,9,2157,15,125,0,1786,1,0,0,557,29,22,20,31,1,90,0,175,0,31,0,0,0,8,0,360,0,2,0,189,0,0,0,34,1,0,0,1,4,15,2,2,0,1,0,2,6,6,0,3,3,1,7,0,0,0,0,0,0,0,0,0,0,1,0,17,1,66,1,127,0,19,0,6,0,18,0,1,0,4,0,5,0,4,1,30,0,5,0,17,0,0,1,0,6,3,0,0,2,8,0,1,1,47,0,0,0,0,15,8
28,2,30,0,22,0,2,0,1,0,0,0,9,0,27,1,0,0,0,0,0,0,0,0,0,0,0,0,0,0,0,0,56,1,0,0,7,0,44,4,16,0,1,0,0,0,1,38,24,22,1,8,62,7,824,1,3,1,1,2,122,1,682,2,1943,0,216,0,0,0,46,10,5,0,12,1,9,1,14,0,0,0,47,3,425,2,0,0,1606,3,0,0,9,0,0,0,1,0,4,3,0,0,0,0,0,0,1,0,0,0,3,0,1,0,0,0,0,0,0,0,0,0,3,0,0,0,2,0,5,1,7,0,0,0,1,1,0,0,0,1,9,0,2,0,5,1,1,0,0,0,0,0,0,0,0,0,0,0,0,0,0,1,9,1,1,0,1,0,3,2
1,322,4,101,3,171,0,69,4,10,0,0,0,41,18,10,0,0,3,0,0,0,0,0,0,0,0,0,0,0,0,0,2,21,0,0,15,28,0,3,2,6,0,0,0,0,15,37,7,40,1,16,0,309,2,1565,0,20,0,19,6,274,8,1882,3,1790,0,557,0,0,36,23,3,2,1,30,1,51,0,22,0,0,0,21,1,387,0,0,2,1545,0,0,0,116,0,1,1,0,0,4,2,0,0,1,0,1,2,2,0,1,1,1,2,0,0,0,0,1,0,0,0,0,0,0,0,4,1,49,0,43,1,7,0,2,0,7,0,1,0,5,0,4,0,0,0,9,0,0,0,6,0,0,0,0,7,2,0,0,0,1,0,0,0,15,0,0,0,1,2,1
422,74,307,96,91,6,20,5,28,1,0,0,12,3,958,42,0,0,22,1,0,0,0,0,0,0,0,0,0,0,0,0,126,25,0,0,3053,175,2081,295,1067,10,19,5,0,0,1775,457,1324,258,1424,165,583,68,480,20,180,3,150,11,239,85,1361,211,122,17,61,29,46,36,0,826,596,25,125,19,48,31,66,9,0,0,42,11,128,86,0,0,128,57,0,0,35,11,1,1,0,3,29,6,4,1,24,4,0,1,5,5,4,13,6,4,3,5,0,0,0,1,0,0,0,0,16,0,17,3,146,16,147,20,24,3,10,1,19,4,0,0,6,5,20,3,8,3,36,25,24,1,11,8,0,0,0,0,3,2,0,0,3,2,3,0,47,2,13,0,5,1,24,9
26,745,15,1177,6,26,2,11,4,10,0,0,3,14,37,698,0,0,5,9,0,0,0,0,0,0,0,0,0,0,0,0,22,31,0,0,103,2745,102,1456,382,192,4,29,0,0,189,1561,393,1474,66,709,74,423,118,73,38,7,16,46,45,666,56,1649,61,8,18,22,10,23,826,0,113,670,17,60,11,72,13,24,0,0,18,23,55,68,0,1,58,43,0,0,12,10,1,0,1,0,9,13,12,1,0,4,1,2,8,2,4,1,9,2,2,1,8,0,0,0,0,1,0,0,4,0,0,14,7,48,9,116,1,21,1,4,2,19,0,4,4,27,5,13,10,8,24,58,4,4,5,32,0,0,0,0,20,26,0,0,0,1,0,1,7,15,3,1,0,6,23,6
1897,108,404,20,120,1,113,1,20,1,0,0,9,1,1419,65,0,0,4,0,0,0,0,0,0,0,0,0,0,0,0,0,176,1,0,0,491,120,1,1,44,3,6,1,0,0,0,8,0,7,0,4,10,1,31,3,1,0,1,0,1868,195,345,34,26,7,8,20,5,3,596,113,0,348,242,3,105,3,128,0,0,0,3,1,13,6,0,0,10,1,0,0,1,0,1,0,0,1,23,1,2,0,0,1,1,0,3,1,3,2,4,1,0,0,0,0,0,1,0,0,0,0,17,0,8,0,663,1,87,0,7,0,6,0,16,1,22,0,0,1,4,0,1,0,21,3,15,0,0,0,0,0,0,0,1,1,0,0,2,0,2,0,14,0,14,0,3,0,14,4
87,490,7,296,4,9,2,6,2,2,0,0,3,24,363,982,0,0,1,0,0,0,0,0,0,0,0,0,0,0,0,0,5,3,0,0,240,788,1,3,0,6,0,1,0,0,0,0,3,6,0,3,2,6,2,3,0,0,0,0,17,1536,6,29,1,6,0,31,0,2,25,670,348,0,4,124,2,23,1,11,0,0,0,2,1,7,0,0,1,1,0,0,0,0,0,0,0,0,1,4,0,0,0,1,0,0,0,0,0,0,1,0,0,0,0,0,0,0,0,0,0,0,0,0,0,3,11,61,2,87,0,8,0,0,0,6,0,1,0,1,0,2,0,1,1,25,1,4,0,24,0,0,1,0,6,0,0,0,1,3,0,0,0,8,0,0,0,2,3,3
687,20,1151,75,2292,49,189,5,1260,12,114,1,33,2,412,26,77,33,370,18,140,59,76,28,44,0,22,3,25,1,43,1,474,7,0,0,78,12,11,4,65,1,9,4,0,0,2,23,4,13,0,1,10,8,32,0,1,0,1,0,366,12,144,9,114,1,42,1,12,1,125,17,242,4,0,54,1142,13,1052,2,0,0,12,1,44,2,13,4,15,4,0,0,3,1,2,0,0,2,99,11,5,0,0,0,1,1,11,6,3,9,7,6,4,11,0,0,0,0,0,1,79,26,145,0,833,1,871,4,278,1,48,0,83,0,850,4,157,0,2,0,15,1,3,1,246,2,181,0,40,0,32,24,18,7,29,22,33,8,8,1,5,0,49,0,41,0,18,6,89,20
10,360,296,986,230,1351,1,328,63,789,5,64,1,64,155,399,28,42,458,205,22,50,3,39,11,6,1,5,2,5,5,15,77,178,0,0,75,124,6,12,0,33,0,1,0,25,6,8,0,28,1,23,1,26,1,13,0,1,0,4,4,486,7,125,1,49,2,90,1,30,19,60,3,124,54,0,106,1657,55,501,0,0,2,3,3,32,2,18,1,29,0,0,0,1,0,0,0,0,6,11,2,0,0,2,0,0,0,2,1,3,3,2,4,2,0,0,0,0,0,0,0,5,0,11,24,243,4,569,2,240,0,90,1,3,2,369,0,172,0,7,0,6,0,5,1,324,0,80,0,119,8,20,140,18,186,86,2,63,1,1,0,3,0,9,1,1,3,5,34,10
201,19,496,73,643,51,43,10,683,7,303,1,5,4,364,32,78,26,332,19,35,21,49,8,64,2,57,2,52,0,125,1,1204,3,0,0,42,5,11,2,850,1,9,0,132,0,3,28,13,6,47,4,22,1,79,0,32,0,78,0,282,5,84,1,25,1,20,0,9,1,48,11,105,2,1142,106,0,8,613,2,0,0,4,0,309,1,778,3,310,1,0,0,205,0,0,0,1,0,6,2,2,1,1,0,0,0,1,3,1,3,2,1,0,1,0,0,0,0,0,1,4,0,2,0,127,2,56,8,9,0,5,0,28,0,40,1,7,0,69,0,17,0,24,0,54,1,14,0,0,0,27,22,11,5,14,23,547,0,3,0,1,0,21,1,0,0,2,3,8,4
3,266,26,1656,14,827,0,171,6,546,3,348,1,289,33,270,4,55,63,200,17,69,10,44,3,16,1,57,2,31,0,120,11,1546,0,0,10,108,13,46,3,1347,4,22,0,290,45,52,19,79,6,131,1,95,10,85,0,6,0,155,6,416,9,95,2,98,3,175,1,51,31,72,3,23,13,1657,8,0,3,678,0,0,5,45,1,215,0,312,2,65,0,13,0,55,0,4,1,4,3,19,5,1,0,19,2,3,15,17,7,15,16,2,3,0,1,0,0,0,1,1,0,0,0,0,2,103,2,46,1,31,0,13,0,1,0,18,0,11,0,176,0,17,1,19,1,74,0,2,1,5,4,7,32,14,91,104,1,635,3,4,0,8,1,23,3,7,3,2,8,4
229,21,244,42,430,13,49,7,366,4,28,0,11,3,308,17,1,7,126,2,1,3,7,0,0,0,0,0,0,0,1,0,107,3,0,0,39,5,14,2,176,6,28,0,19,0,8,18,7,13,1,3,19,3,42,0,4,0,7,0,274,8,116,4,31,1,19,0,14,0,66,13,128,1,1052,55,613,3,0,1,0,0,7,0,25,2,30,0,29,0,0,0,12,0,3,1,3,4,49,11,6,4,3,3,0,1,9,18,10,10,12,2,3,2,0,0,0,0,0,1,5,0,5,0,77,1,82,2,12,2,11,0,57,0,156,2,10,1,49,0,13,0,15,0,26,1,9,0,0,0,0,4,1,0,20,21,58,0,17,2,5,0,101,0,7,0,9,3,24,26
1,135,5,434,0,225,0,26,0,91,0,38,0,22,14,101,2,0,16,60,1,0,1,0,1,2,0,0,1,2,0,5,1,26,0,0,6,32,3,9,1,253,1,2,0,88,6,9,5,25,0,40,2,28,0,13,0,1,0,8,1,132,1,62,1,28,2,31,0,22,9,24,0,11,2,501,2,678,1,0,0,0,0,0,3,17,0,84,0,12,0,2,0,1,2,0,1,2,7,51,1,0,1,2,1,1,8,8,0,8,3,1,11,6,0,0,0,1,0,1,0,0,0,0,1,61,3,73,0,21,0,61,0,0,1,46,0,12,0,159,0,15,0,13,0,24,2,7,0,4,3,0,8,0,25,36,0,184,1,28,0,43,0,78,1,30,4,11,45,20
0,0,0,0,0,0,0,0,0,0,0,0,0,0,0,0,0,0,0,0,0,0,0,0,0,0,0,0,0,0,0,0,0,0,0,0,0,0,0,0,0,0,0,0,0,0,0,0,0,0,0,0,0,0,0,0,0,0,0,0,0,0,0,0,0,0,0,0,0,0,0,0,0,0,0,0,0,0,0,0,0,0,0,0,0,0,0,0,0,0,0,0,0,0,0,0,0,0,0,0,0,0,0,0,0,0,0,0,0,0,0,0,0,0,0,0,0,0,0,0,0,0,0,0,0,0,0,0,0,0,0,0,0,0,0,0,0,0,0,0,0,0,0,0,0,0,0,0,0,0,0,0,0,0,0,0,0,0,0,0,0,0,0,0,0,0,0,0,0,0
0,0,0,0,0,0,0,0,0,0,0,0,0,0,0,0,0,0,0,0,0,0,0,0,0,0,0,0,0,0,0,0,0,0,0,0,0,0,0,0,0,0,0,0,0,0,0,0,0,0,0,0,0,0,0,0,0,0,0,0,0,0,0,0,0,0,0,0,0,0,0,0,0,0,0,0,0,0,0,0,0,0,0,0,0,0,0,0,0,0,0,0,0,0,0,0,0,0,0,0,0,0,0,0,0,0,0,0,0,0,0,0,0,0,0,0,0,0,0,0,0,0,0,0,0,0,0,0,0,0,0,0,0,0,0,0,0,0,0,0,0,0,0,0,0,0,0,0,0,0,0,0,0,0,0,0,0,0,0,0,0,0,0,0,0,0,0,0,0,0
42,1,10,1,87,1,14,0,6,0,0,0,108,0,4,0,0,0,1,0,0,0,0,0,0,0,0,0,0,0,0,0,46,0,0,0,16,2,15,4,12,0,4,1,0,0,10,46,19,30,1,10,78,10,302,0,9,1,1,2,43,0,22,4,43,0,34,0,47,0,42,18,3,0,12,2,4,5,7,0,0,0,0,0,84,2,0,1,85,1,0,0,5,2,0,0,1,0,1,0,0,0,0,0,0,0,0,0,1,0,2,0,0,0,0,0,0,0,0,0,0,0,1,0,1,0,1,1,4,1,1,0,0,0,4,1,0,0,0,0,3,0,5,0,19,0,5,0,1,0,0,0,0,0,0,0,0,0,0,0,0,0,4,0,0,0,0,0,1,0
0,15,0,7,0,33,0,15,0,8,0,0,0,21,1,1,0,0,0,0,0,0,0,0,0,0,0,0,0,0,0,0,0,107,0,0,4,18,4,8,1,1,0,0,0,0,29,41,10,42,0,36,1,55,0,41,0,6,0,2,2,11,4,15,1,5,2,8,3,21,11,23,1,2,1,3,0,45,0,0,0,0,0,0,1,193,0,1,0,10,0,0,0,4,0,0,0,0,0,2,0,0,0,6,0,0,1,0,1,0,1,1,0,0,0,0,0,0,0,0,0,0,0,0,0,1,0,2,0,1,0,1,0,0,0,2,0,0,0,2,1,1,0,1,0,4,0,0,0,1,0,0,0,0,0,0,0,0,0,0,0,0,0,3,0,0,0,0,0,0
989,6,94,0,781,0,12,1,9,1,0,0,127,0,32,3,0,0,5,0,0,0,0,0,0,0,0,0,0,0,0,0,269,4,0,0,32,1,131,29,525,0,21,1,1,0,39,230,100,115,97,12,181,29,1246,2,207,0,245,0,608,4,60,7,295,1,671,0,425,1,128,55,13,1,44,3,309,1,25,3,0,0,84,1,0,3,358,0,5284,10,2,0,477,0,1,0,1,0,6,1,0,0,7,0,0,0,1,0,1,2,2,1,0,0,0,1,0,0,0,0,0,0,3,0,5,0,13,3,13,3,1,0,1,0,4,0,1,0,37,1,42,0,37,0,113,0,13,0,1,0,0,0,0,0,1,3,0,0,0,0,0,0,13,0,0,0,2,1,4,4
5,345,3,75,4,225,2,195,1,35,0,1,3,253,22,15,0,0,2,1,0,0,0,0,0,0,0,0,0,0,0,0,0,292,0,0,23,84,16,45,5,167,1,24,0,0,257,182,36,162,18,687,9,286,3,516,2,191,0,481,8,228,19,91,14,46,2,360,2,387,86,68,6,7,2,32,1,215,2,17,0,0,2,193,3,0,0,867,0,2953,0,6,0,330,0,56,3,6,4,12,2,0,0,141,0,1,2,2,3,7,2,3,1,0,0,0,0,0,0,0,0,0,0,0,0,15,3,53,1,44,0,10,0,0,0,7,0,1,0,18,0,4,0,10,3,26,1,3,0,4,0,0,0,0,7,4,0,0,2,1,0,1,2,12,0,0,1,3,14,7
0,0,36,6,35,5,0,0,14,0,59,2,40,0,0,0,6,2,12,3,12,10,7,6,20,2,34,0,45,1,67,0,53,1,0,0,0,1,0,0,1340,0,44,0,738,0,0,0,0,0,2,0,0,0,0,0,2,0,342,0,1,0,0,0,0,0,0,0,0,0,0,0,0,0,13,2,778,0,30,0,0,0,0,0,358,0,0,0,1397,0,27,0,421,0,0,0,0,0,1,0,0,0,0,0,0,0,0,1,0,0,0,0,0,0,0,0,0,0,0,0,1,0,0,0,0,0,0,0,0,0,0,0,3,0,4,0,0,0,23,0,0,0,0,0,0,0,0,0,0,0,7,4,0,3,1,0,38,2,0,0,0,0,0,0,1,0,0,0,0,0
0,0,4,415,1,156,0,0,0,71,0,203,0,0,0,2,2,1,15,47,7,11,0,17,1,33,1,19,0,54,1,75,2,378,0,0,0,10,0,0,0,1071,0,480,0,1425,1,0,0,0,0,9,0,2,0,9,0,7,0,541,0,3,0,0,0,0,0,2,0,0,0,1,0,0,4,18,3,312,0,84,0,0,1,1,0,867,0,0,0,567,0,424,0,370,0,3,0,0,0,2,0,0,0,5,0,0,0,0,0,0,0,0,0,0,0,0,0,0,0,0,0,0,0,0,0,3,0,0,0,0,0,1,0,0,0,6,0,1,0,4,0,0,0,0,0,0,0,0,0,0,2,4,7,11,15,20,0,32,0,0,0,0,0,0,0,0,0,0,1,0
330,8,187,1,152,0,4,0,7,0,1,0,62,0,58,1,0,0,7,0,0,0,0,0,0,0,2,0,1,0,0,0,175,1,0,0,5,3,159,28,529,0,14,0,10,0,34,233,136,60,128,13,249,15,3224,1,489,0,482,1,299,4,79,4,444,1,148,0,1606,2,128,58,10,1,15,1,310,2,29,0,0,0,85,0,5284,0,1397,0,0,1,397,0,4132,0,0,0,1,0,1,0,0,1,18,1,0,0,2,2,1,1,0,0,0,0,0,0,0,0,0,0,0,0,1,0,3,0,11,0,8,1,0,0,0,0,5,0,0,0,14,0,19,0,18,0,40,0,5,0,2,0,0,0,0,0,1,2,7,0,0,0,0,0,12,0,1,0,0,0,3,0
4,433,3,48,0,154,1,79,1,23,0,3,0,45,15,16,0,0,0,1,0,0,0,0,0,0,0,0,0,1,0,1,5,224,0,0,16,37,17,50,3,223,0,18,0,0,48,75,13,103,9,238,7,113,6,1697,0,904,0,775,8,414,16,53,14,133,5,189,3,1545,57,43,1,1,4,29,1,65,0,12,0,0,1,10,10,2953,0,567,1,0,0,743,0,4207,0,27,4,3,0,1,0,0,0,52,0,0,1,0,0,0,1,0,0,1,0,0,0,0,0,0,0,0,1,0,1,2,0,32,3,11,0,2,1,1,1,0,0,1,0,4,0,1,0,3,1,13,0,3,0,3,0,0,0,0,4,0,0,0,0,0,0,1,2,4,0,0,0,1,4,0
0,0,0,0,0,0,0,0,0,0,0,0,0,0,0,0,0,0,0,0,0,0,0,0,0,0,0,0,0,0,0,0,0,0,0,0,0,0,0,0,80,0,27,0,10,0,0,0,0,0,0,0,0,0,0,0,0,0,416,0,0,0,0,0,0,0,0,0,0,0,0,0,0,0,0,0,0,0,0,0,0,0,0,0,2,0,27,0,397,0,0,0,439,0,0,0,0,0,0,0,0,0,0,0,0,0,0,0,0,0,0,0,0,0,0,0,0,0,0,0,0,0,0,0,0,0,0,0,0,0,0,0,0,0,0,0,0,0,0,0,0,0,0,0,0,0,0,0,0,0,0,0,0,0,0,0,0,0,0,0,0,0,0,0,0,0,0,0,0,0
0,0,0,2,0,2,0,0,0,0,0,2,0,0,0,1,0,0,0,0,0,0,0,0,0,0,0,0,0,0,0,0,0,11,0,0,0,0,0,0,0,282,0,84,0,1,0,0,0,0,0,0,0,0,0,0,0,0,0,532,0,0,0,0,0,0,0,0,0,0,0,0,0,0,0,0,0,13,0,2,0,0,0,0,0,6,0,424,0,743,0,0,0,1016,0,0,0,0,0,0,0,0,0,1,0,0,0,0,0,0,0,0,0,0,0,0,0,0,0,0,0,0,0,0,0,0,0,0,0,0,0,0,0,0,0,0,0,0,0,2,0,0,0,0,0,0,0,0,0,0,0,0,0,0,0,1,0,0,0,0,0,0,0,0,0,0,0,0,0,0
9,1,9,0,5,0,0,0,0,0,0,0,3,0,7,0,0,0,0,0,0,0,0,0,0,0,1,0,1,0,0,0,96,0,0,0,0,0,24,9,618,0,28,0,4,0,10,56,35,11,69,3,52,2,378,0,414,0,1572,0,8,0,2,0,9,0,1,0,9,0,35,12,1,0,3,0,205,0,12,0,0,0,5,0,477,0,421,0,4132,0,439,0,0,0,0,0,0,0,0,0,0,0,6,0,0,0,0,0,0,0,1,0,0,0,0,0,0,0,0,0,0,0,0,0,2,0,0,0,0,0,0,0,0,0,1,0,0,0,10,0,6,0,4,0,10,0,0,0,0,0,0,0,0,0,0,1,3,0,1,0,0,0,0,0,1,0,0,0,1,0
1,70,0,18,1,9,0,15,0,9,0,3,0,3,3,2,0,0,0,0,0,0,0,0,0,0,0,0,0,1,0,1,0,179,0,0,4,5,4,21,2,198,0,6,0,0,8,76,1,32,1,86,0,22,1,763,0,677,0,1853,0,96,2,10,1,43,0,34,0,116,11,10,0,0,1,1,0,55,0,1,0,0,2,4,0,330,0,370,0,4207,0,1016,0,0,0,367,0,16,0,2,0,2,0,51,0,1,0,1,0,1,2,0,0,1,0,0,0,0,0,0,0,0,0,0,0,0,0,4,1,4,0,0,0,0,0,0,0,0,0,1,0,0,0,1,0,2,1,0,0,0,0,0,0,0,0,1,0,0,0,0,0,0,1,2,0,0,0,0,1,0
0,0,0,0,2,0,0,0,0,0,0,0,0,0,1,0,0,0,0,0,0,0,0,0,0,0,0,0,0,0,0,0,0,0,0,0,0,1,0,0,1,4,8,3,0,0,0,1,0,1,0,4,0,0,2,0,0,0,0,0,2,2,3,0,2,0,1,1,0,0,1,1,1,0,2,0,0,0,3,2,0,0,0,0,1,0,0,0,0,0,0,0,0,0,0,5,3796,56,246,47,1211,27,3179,30,412,16,285,92,104,53,22,2,5,7,69,109,359,19,2,1,0,0,0,0,0,0,4,0,0,1,0,0,0,0,0,0,0,0,0,0,4,0,0,1,3,0,0,0,0,0,0,0,0,0,0,0,0,0,1,3,1,1,1,0,0,0,1,8,1,23
0,0,0,0,0,0,0,0,0,0,0,0,0,0,0,0,0,0,0,0,0,0,0,0,0,0,0,0,0,0,0,0,0,20,0,0,0,0,0,3,0,7,4,10,0,0,14,70,1,20,25,720,0,37,0,77,0,384,0,239,0,1,1,1,0,0,1,0,0,1,1,0,0,0,0,0,0,4,1,0,0,0,0,0,0,56,0,3,0,27,0,0,0,367,5,0,58,5156,14,281,21,561,7,4397,9,262,52,429,20,146,21,19,28,13,32,36,84,20,3,0,0,0,0,0,1,0,3,0,0,0,0,0,0,0,1,0,0,0,0,1,0,2,0,0,2,1,0,0,0,0,0,0,0,0,0,0,0,0,2,6,0,0,0,0,0,0,3,7,0,1
1,0,0,0,0,0,0,0,1,0,0,0,0,0,0,0,0,0,0,0,0,0,0,0,0,0,0,0,0,0,0,0,1,1,0,0,0,1,2,0,0,2,12,7,0,0,0,12,0,2,0,49,1,1,3,5,0,38,0,0,4,3,4,1,0,0,1,0,1,1,0,1,0,0,0,0,1,1,3,1,0,0,1,0,1,3,0,0,1,4,0,0,0,0,3796,58,0,66,343,68,901,33,838,20,2748,26,1277,98,201,65,32,14,11,44,120,39,303,477,3,9,0,0,0,0,1,0,2,1,0,1,1,0,0,0,0,0,0,0,0,0,2,0,0,2,1,1,0,0,0,0,0,0,0,0,0,0,0,0,7,1,0,1,2,0,0,0,1,22,3,26
1,1,0,0,0,1,0,1,0,0,0,0,0,0,0,0,0,0,0,0,0,0,0,0,0,0,0,0,0,0,0,0,1,1,0,0,0,0,0,0,2,5,10,32,0,0,1,13,0,0,0,96,0,0,1,6,0,32,0,7,0,2,0,1,3,1,0,1,0,0,3,0,1,0,2,0,0,4,4,2,0,0,0,0,0,6,0,0,0,3,0,0,0,16,56,5156,66,0,30,670,56,1132,24,2180,23,3237,202,2269,48,446,58,81,45,20,80,74,154,56,17,1,0,0,0,0,2,0,3,0,0,0,0,0,0,0,0,0,0,0,0,4,0,1,0,1,0,0,0,0,0,0,0,0,0,0,0,0,0,0,10,31,1,0,1,5,1,0,7,7,6,17
15,1,9,1,18,3,4,1,3,1,0,0,0,0,6,0,0,0,1,0,0,0,0,0,0,0,0,0,0,0,0,0,10,3,0,0,4,1,5,1,24,10,50,7,0,0,3,4,2,4,89,9,3,4,15,0,0,0,0,0,66,10,57,6,36,3,12,4,4,0,29,9,23,1,99,6,6,3,49,7,0,0,1,0,6,4,1,0,1,0,0,0,0,0,246,14,343,30,0,283,635,36,159,13,166,21,923,115,1598,65,84,10,228,641,144,85,44,52,15,103,0,0,2,0,39,1,62,4,20,3,31,2,14,1,176,17,3,0,2,3,30,6,39,7,241,22,14,1,1,3,0,0,1,0,1,2,0,0,55,6,8,5,18,0,65,20,35,139,1051,321
1,8,0,11,1,3,1,2,3,0,0,0,1,3,0,0,0,0,0,0,0,0,0,0,0,0,0,0,0,0,0,0,1,7,0,0,1,2,1,3,24,76,36,49,0,0,5,13,3,17,0,181,1,12,4,5,0,0,0,9,17,69,10,34,4,13,4,15,3,4,6,13,1,4,11,11,2,19,11,51,0,0,0,2,1,12,0,2,0,1,0,0,0,2,47,281,68,670,283,0,226,1020,32,326,31,389,293,2069,79,1188,66,69,296,99,295,48,38,50,64,87,0,0,0,0,16,23,15,42,0,12,4,10,2,6,14,49,0,0,2,45,7,74,4,73,7,107,1,4,0,4,0,0,0,0,0,2,0,0,36,185,4,48,6,15,19,31,33,273,292,251
3,1,2,4,2,0,0,1,2,0,0,0,0,1,0,0,0,0,0,0,0,0,0,0,0,0,0,0,0,0,0,0,2,2,0,0,1,1,0,0,8,5,96,7,0,0,0,3,0,9,100,4,1,3,2,4,1,0,0,0,6,9,3,18,5,4,1,2,0,2,4,12,2,0,5,2,2,5,6,1,0,0,0,0,0,2,0,0,0,0,0,0,0,0,1211,21,901,56,635,226,0,345,2906,36,569,34,1089,162,284,122,204,26,65,280,2161,461,145,126,4,23,0,0,2,0,5,1,8,3,2,4,4,0,1,0,0,0,0,0,1,4,9,5,11,0,29,1,1,0,1,0,0,0,0,0,0,0,0,0,29,5,3,0,8,0,2,0,3,19,2,27
