0,78,1760,26,1311,30,600,24,267,17,0,2,815,4,1327,214,0,0,10,4,0,0,0,0,1,0,0,0,0,0,0,0,617,8,0,0,364,104,33,5,7,1,2,1,1,0,18,0,13,2,6,0,13,0,80,0,10,0,3,0,5850,3,275,2,95,0,455,3,212,1,484,8,1494,23,118,8,576,47,189,26,0,0,57,5,507,3,0,0,565,0,0,0,40,0,0,0,0,6,2,2,2,0,0,0,2,1,4,0,2,4,0,0,0,0,0,0,0,0,0,0,1,0,7,0,25,3,226,13,105,9,24,1,1,0,65,11,29,1,0,1,0,0,5,1,83,9,14,6,16,1,0,0,0,0,22,16,2,0,8,0,1,0,11,2,2,0,0,2,0,2
78,0,20,2449,15,1033,22,972,7,107,0,2,2,1121,214,1397,0,0,1,6,0,0,0,0,0,0,0,0,0,0,0,0,19,199,0,0,175,527,6,17,2,7,3,1,0,0,0,3,2,13,0,1,1,9,0,23,0,2,0,1,209,4544,7,115,6,26,5,1084,1,214,14,135,202,1411,26,90,74,687,13,360,0,0,3,24,13,646,0,1,6,134,0,1,1,1,1,0,0,1,0,6,0,0,0,0,1,0,6,0,1,0,2,2,0,0,0,0,0,0,0,0,0,0,1,2,5,6,37,205,13,96,4,25,0,1,14,26,3,11,0,0,0,0,0,2,15,114,1,32,6,30,0,0,0,0,87,18,0,1,0,2,0,0,2,26,1,6,0,2,1,1
1760,20,0,96,4966,62,267,14,321,18,370,11,61,3,2346,92,8,4,2140,83,167,29,16,3,80,1,128,2,102,3,112,0,241,14,0,0,207,36,33,1,4,0,1,1,0,2,1,0,7,0,0,0,2,0,5,0,0,0,0,0,327,1,49,0,6,0,39,0,5,0,288,2,146,2,39,21,291,47,50,10,0,0,21,2,91,1,33,4,59,0,2,0,12,0,0,0,0,0,1,1,0,0,0,0,0,1,1,0,0,0,0,0,0,0,0,0,0,0,0,0,0,0,0,1,19,4,44,2,29,1,2,0,0,0,27,4,4,2,1,0,0,0,2,2,23,6,4,1,2,1,19,7,63,89,176,106,2,0,0,0,0,0,3,3,2,0,0,0,0,0
26,2449,96,0,77,5000,15,240,26,305,18,329,1,67,87,2611,15,4,97,2916,17,122,12,25,6,41,0,298,17,117,4,32,31,210,0,0,21,252,3,13,6,6,1,0,0,2,1,1,1,13,0,3,0,6,0,20,0,1,0,5,11,113,0,37,2,7,3,164,0,52,2,93,37,242,40,78,43,419,7,165,0,0,0,12,0,84,4,44,0,57,0,1,0,3,0,1,0,0,0,1,1,0,0,0,0,0,6,0,1,0,3,1,1,0,0,0,0,0,0,0,0,0,0,1,1,12,6,42,4,34,1,6,0,0,5,15,1,8,0,0,0,0,1,1,2,12,0,9,0,11,19,28,48,171,88,267,7,5,0,0,0,1,0,15,0,3,0,0,0,0
1311,15,4966,77,0,102,289,8,1197,26,445,15,102,0,423,77,2,1,573,119,34,7,9,2,25,0,88,2,71,1,344,1,415,20,0,0,80,43,8,6,6,1,1,0,0,0,1,0,0,0,0,0,0,0,1,0,0,0,0,0,158,1,5,0,5,0,67,0,9,0,12,2,15,4,44,3,542,63,67,18,0,0,14,0,79,1,33,3,32,0,3,0,3,0,0,1,1,0,0,0,0,0,0,0,0,1,0,1,2,0,0,0,1,0,0,0,0,0,0,1,0,0,0,0,9,1,23,4,15,2,6,2,0,0,23,3,8,0,0,0,0,0,0,0,28,2,3,1,7,1,3,3,51,87,236,139,0,0,1,0,0,0,2,3,1,1,2,0,1,0
30,1033,62,5000,102,0,9,1009,28,1842,13,937,3,105,103,639,5,5,86,620,7,54,7,12,3,37,0,531,17,135,4,76,21,436,0,0,17,258,3,14,2,10,0,1,0,12,0,0,0,1,0,0,0,0,0,2,0,0,0,4,17,68,1,6,3,1,1,89,0,6,1,9,12,42,65,109,65,756,4,161,0,0,0,14,4,46,6,40,0,15,0,1,0,0,0,0,0,0,1,1,0,0,0,0,0,0,0,0,0,0,1,0,1,0,0,0,0,0,0,0,0,0,1,0,3,23,2,31,0,13,0,9,0,0,7,28,0,9,0,1,0,0,0,1,6,33,0,4,0,7,10,4,30,93,164,274,1,6,0,1,0,0,0,9,0,7,0,0,0,0
600,22,267,15,289,9,0,14,1465,10,0,0,1324,1,434,69,0,0,3,3,0,0,0,0,0,0,0,0,0,0,0,0,947,1,0,0,104,31,1,2,0,0,1,0,0,0,0,0,0,1,0,0,0,0,1,0,0,0,0,0,214,3,13,0,6,0,6,1,1,0,7,3,63,1,45,2,86,27,11,7,0,0,4,0,29,0,0,0,2,0,0,0,1,0,0,0,0,1,0,0,0,0,0,0,0,0,0,0,0,0,1,0,0,0,0,0,0,0,0,0,0,0,1,0,4,0,21,6,8,3,3,0,0,0,10,2,5,1,0,0,0,0,0,0,13,4,3,0,0,0,0,0,0,1,13,13,0,0,0,0,2,0,1,0,1,0,0,0,0,0
24,972,14,240,8,1009,14,0,3,780,0,10,4,1164,92,674,0,0,2,20,0,0,0,0,0,0,0,0,0,0,0,0,10,1413,0,0,15,134,0,3,1,0,1,0,0,0,0,1,0,0,0,0,0,0,0,0,0,0,0,0,15,101,2,3,0,1,1,167,0,3,2,7,31,85,7,118,21,324,3,69,0,0,0,2,2,10,0,0,1,0,0,0,0,0,0,0,0,0,0,0,0,0,0,0,0,0,0,0,0,0,1,0,0,0,0,0,0,0,0,0,0,0,0,0,1,4,5,40,2,18,0,5,0,0,5,20,1,6,0,0,0,1,0,2,2,26,1,8,0,6,0,0,0,2,38,39,0,0,1,1,0,0,0,4,0,5,0,0,0,1
267,7,321,26,1197,28,1465,3,0,14,562,3,106,0,263,25,0,0,198,32,0,3,0,1,0,0,0,0,8,0,2,0,1368,6,0,0,58,30,2,0,6,0,1,0,0,0,0,0,0,0,0,0,0,0,0,0,0,0,0,0,26,1,8,0,1,0,0,1,0,0,6,0,14,0,52,1,402,30,43,3,0,0,1,0,10,0,20,1,4,0,1,0,5,0,0,0,0,1,1,1,0,0,0,0,0,0,1,0,0,0,0,0,0,0,0,0,0,0,0,0,0,0,0,0,9,0,9,0,4,0,2,0,0,0,14,2,4,0,0,0,0,0,0,0,13,0,0,0,0,0,0,0,18,27,119,50,0,0,0,0,0,0,1,0,0,2,0,0,0,0
17,107,18,305,26,1842,10,780,14,0,0,418,4,230,47,448,0,0,15,161,0,1,2,0,0,5,0,3,2,18,0,1,15,1295,0,0,15,144,0,11,1,8,0,0,0,4,0,1,0,0,0,1,0,1,0,0,0,0,0,1,1,62,0,5,0,0,0,38,0,3,0,4,4,27,17,140,34,524,2,66,0,0,0,1,1,5,0,8,0,1,0,2,0,0,0,0,0,0,0,1,0,0,0,0,0,0,2,0,0,0,0,0,0,0,0,0,0,0,0,0,0,0,0,0,1,5,2,19,1,3,0,0,0,0,2,10,0,2,0,0,0,0,0,0,3,17,0,6,0,3,1,0,3,12,29,78,0,0,0,1,0,0,0,3,0,2,0,0,0,0
0,0,370,18,445,13,0,0,562,0,0,1,0,0,1,0,1,0,199,16,105,6,22,0,61,1,93,0,559,4,875,0,730,2,0,0,0,0,0,0,8,0,0,0,0,0,0,0,0,0,0,0,0,0,0,0,0,0,0,0,0,0,0,0,0,0,0,0,0,0,0,0,0,0,7,0,297,1,25,1,0,0,0,0,1,0,184,0,7,0,7,0,13,0,0,0,0,0,0,0,0,0,0,0,0,0,0,0,0,0,0,0,0,0,0,0,0,0,0,0,0,0,0,0,2,0,0,0,0,0,2,0,0,0,3,0,0,0,0,0,0,0,0,0,1,0,0,0,0,0,4,4,26,23,16,20,2,0,1,0,0,0,0,0,1,0,0,0,0,0
2,2,11,329,15,937,0,10,3,418,1,0,0,0,2,8,3,3,12,222,1,105,2,39,0,82,0,471,3,836,0,280,4,753,0,0,0,9,0,1,0,16,0,0,0,13,0,0,0,0,0,0,0,0,0,0,0,0,0,1,0,0,0,0,0,0,0,1,0,0,0,0,0,1,1,24,2,323,0,21,0,0,0,0,0,1,0,45,0,7,0,2,0,2,0,0,0,0,0,0,0,0,0,0,0,0,0,0,0,0,0,0,0,0,0,0,0,0,0,0,0,0,0,0,0,2,0,0,0,1,0,0,0,1,0,0,0,0,0,0,0,0,0,0,0,2,0,0,0,0,1,3,9,56,3,28,3,3,0,0,0,0,0,0,0,0,0,0,0,0
815,2,61,1,102,3,1324,4,106,4,0,0,0,4,109,30,0,0,1,1,0,0,0,0,0,0,0,0,0,0,0,0,716,1,0,0,43,12,11,0,2,0,0,1,0,0,1,0,6,0,0,0,2,0,6,0,0,0,1,0,800,1,13,3,7,0,111,5,4,1,21,6,50,3,14,2,157,5,42,2,0,0,57,0,447,1,0,0,14,1,0,0,2,0,0,0,0,0,0,0,0,0,0,0,0,1,1,1,0,0,1,1,0,0,0,0,0,0,0,0,0,0,1,0,1,0,8,8,10,3,3,0,0,0,9,0,3,0,0,0,0,0,0,0,6,2,0,1,0,0,0,0,0,0,5,3,0,0,0,0,0,0,0,1,0,0,0,0,0,0
4,1121,3,67,0,105,1,1164,0,230,0,0,4,0,9,110,0,0,2,3,0,0,0,0,0,0,0,0,0,0,0,0,5,928,0,0,4,30,0,1,1,1,0,0,0,0,0,0,0,1,0,0,1,1,0,1,0,0,0,0,8,581,1,2,1,0,2,638,1,2,1,14,10,44,2,11,5,291,4,66,0,0,1,5,0,12,0,0,1,0,0,0,0,0,0,0,1,0,0,0,0,0,0,0,0,0,1,0,0,0,1,0,1,0,0,0,0,0,0,0,0,0,0,0,0,1,0,20,2,10,0,4,0,0,1,4,0,4,0,0,0,0,0,0,0,8,0,3,1,4,0,0,0,0,5,3,0,0,0,0,0,0,0,3,0,1,0,0,0,0
1327,214,2346,87,423,103,434,92,263,47,1,2,109,9,0,571,0,0,731,28,0,0,0,0,0,0,0,0,0,0,0,0,264,28,0,0,2401,240,80,11,3,0,1,0,0,0,0,0,9,3,0,1,1,1,1,6,0,0,1,0,300,9,33,2,9,0,22,5,2,5,477,47,1240,106,86,10,466,103,61,47,0,0,11,0,39,5,6,0,26,4,0,0,2,0,0,1,0,2,4,2,1,0,0,0,1,0,5,2,0,0,3,1,2,0,0,0,0,0,0,0,1,0,2,0,27,6,90,22,37,13,8,2,0,3,45,11,10,2,0,0,0,0,6,1,77,22,4,4,7,4,0,0,0,5,285,115,0,0,4,0,0,1,6,8,1,2,0,1,1,1
214,1397,92,2611,77,639,69,674,25,448,0,8,30,110,571,0,0,0,15,937,0,1,0,0,0,0,0,0,0,0,0,0,70,170,0,0,184,2326,3,102,5,5,0,2,0,0,2,20,0,30,1,2,0,4,1,26,0,2,0,0,292,160,3,50,7,5,7,82,0,50,14,591,336,848,50,98,130,689,20,330,0,0,2,12,16,40,0,0,9,52,0,0,1,1,0,0,1,1,1,5,0,0,0,0,2,1,7,4,2,0,3,1,1,0,0,0,0,0,0,1,0,0,3,0,13,32,41,180,12,88,4,21,0,5,19,44,5,16,0,1,0,1,3,8,22,106,8,29,2,25,0,0,2,2,144,80,0,1,1,2,0,1,2,43,0,5,0,1,2,4
0,0,8,15,2,5,0,0,0,0,1,3,0,0,0,0,0,87,18,7,230,12,229,0,19,1,1,0,43,0,0,0,135,4,0,0,0,0,0,0,10,1,39,0,76,0,0,0,0,0,0,0,0,0,0,0,0,0,0,0,0,0,0,0,0,0,0,0,0,0,0,0,0,0,26,15,157,1,8,1,0,0,0,0,0,0,0,0,0,0,0,0,0,0,0,0,0,0,0,0,0,0,0,0,0,0,0,0,0,0,0,0,0,0,0,0,0,0,0,0,0,0,0,0,0,0,0,0,0,0,0,0,0,0,0,0,0,0,0,0,0,0,0,0,0,0,0,0,0,0,162,0,69,17,8,5,376,0,0,0,0,0,0,0,0,0,0,0,0,0
0,0,4,4,1,5,0,0,0,0,0,3,0,0,0,0,87,0,5,30,42,644,93,278,2,44,0,0,5,168,0,0,2,69,0,0,0,0,0,0,0,33,11,0,0,81,0,0,0,0,0,0,0,0,0,0,0,0,0,0,0,0,0,0,0,0,0,0,0,0,0,0,0,0,45,168,1,97,0,1,0,0,0,0,0,0,1,38,0,0,0,0,0,0,0,0,0,0,0,0,0,0,0,0,0,0,0,0,0,0,0,0,0,0,0,0,0,0,0,0,0,0,0,0,0,0,0,0,0,0,0,0,0,0,0,0,0,0,0,0,0,0,0,0,0,0,0,0,0,0,2,247,4,79,3,20,0,425,0,0,0,0,0,2,0,0,0,0,0,0
10,1,2140,97,573,86,3,2,198,15,199,12,1,2,731,15,18,5,0,160,350,45,64,3,51,1,30,0,125,5,24,0,95,20,0,0,207,10,3,0,3,0,0,0,0,1,0,0,0,0,0,0,0,0,0,0,0,0,0,0,2,2,0,0,0,0,1,0,0,0,2,0,4,0,19,27,203,58,13,10,0,0,0,0,5,0,22,4,2,0,2,0,2,0,0,0,0,0,0,1,0,0,0,0,0,0,0,0,0,0,0,0,0,0,0,0,0,0,0,0,0,0,0,0,4,2,2,0,1,0,1,0,0,0,5,1,1,0,0,0,0,0,1,0,8,1,1,1,0,0,80,5,629,127,794,174,7,0,0,0,0,0,0,0,2,0,1,0,0,0
4,6,83,2916,119,620,3,20,32,161,16,222,1,3,28,937,7,30,160,0,33,512,6,105,4,67,1,98,32,109,5,21,35,154,0,0,13,382,1,14,1,8,0,0,0,1,0,0,0,0,0,0,0,0,0,0,0,0,0,6,3,3,0,0,0,0,0,0,0,0,1,2,0,2,32,48,55,272,3,48,0,0,0,1,0,2,4,34,2,1,1,1,1,2,0,0,0,0,0,0,0,0,0,0,0,0,0,0,0,0,0,0,0,0,0,0,0,0,0,0,0,0,0,0,0,0,0,3,0,4,0,0,0,0,0,5,1,1,0,0,0,0,0,0,2,2,0,0,0,0,29,73,56,734,68,401,8,5,0,0,0,0,0,1,0,1,0,0,0,0
0,0,167,17,34,7,0,0,0,0,105,1,0,0,0,0,230,42,350,33,0,85,786,23,370,5,117,1,227,8,5,0,41,4,0,0,0,0,0,0,0,0,0,0,0,0,0,0,0,0,0,0,0,0,0,0,0,0,0,0,0,0,0,0,0,0,0,0,0,0,0,0,0,0,12,33,2,2,0,1,0,0,0,0,0,0,2,1,0,0,0,0,0,0,0,0,0,0,0,0,0,0,0,0,0,0,0,0,0,0,0,0,0,0,0,0,0,0,0,0,0,0,0,0,0,0,0,0,0,0,0,0,0,0,0,0,0,0,0,0,0,0,0,0,0,0,0,0,0,0,254,9,384,27,37,10,56,2,0,0,0,0,0,0,0,0,0,0,0,0
0,0,29,122,7,54,0,0,3,1,6,105,0,0,0,1,12,644,45,512,85,0,169,1379,3,357,0,224,14,173,3,5,1,109,0,0,0,1,0,0,0,0,0,0,0,5,0,0,0,0,0,0,0,0,0,0,0,0,0,0,0,0,0,0,0,0,0,0,0,0,0,0,0,0,40,32,2,10,0,1,0,0,0,0,0,0,1,15,0,0,0,0,0,0,0,0,0,0,0,0,0,0,0,0,0,0,0,0,0,0,0,0,0,0,0,0,0,0,0,0,0,0,0,0,0,0,0,0,0,0,0,0,0,0,0,0,0,0,0,0,0,0,0,0,0,0,0,0,0,0,44,538,22,363,4,62,3,75,0,0,0,0,0,0,0,0,0,0,0,0
0,0,16,12,9,7,0,0,0,2,22,2,0,0,0,0,229,93,64,6,786,169,0,418,805,8,26,1,166,3,0,0,42,10,0,0,0,0,0,0,0,0,0,0,0,0,0,0,0,0,0,0,0,0,0,0,0,0,0,0,0,0,0,0,0,0,0,0,0,0,0,0,0,0,3,12,5,6,0,0,0,0,0,0,0,0,0,1,0,0,0,0,0,0,0,0,0,0,0,0,0,0,0,0,0,0,0,0,0,0,0,0,0,0,0,0,0,0,0,0,0,0,0,0,0,0,0,0,0,0,0,0,0,0,0,0,0,0,0,0,0,0,0,0,0,0,0,0,0,0,186,6,114,19,24,11,279,2,0,0,0,0,0,0,0,0,0,0,0,0
0,0,3,25,2,12,0,0,1,0,0,39,0,0,0,0,0,278,3,105,23,1379,418,0,0,917,0,33,1,143,0,1,1,59,0,0,0,0,0,0,0,0,0,0,0,6,0,0,0,0,0,0,0,0,0,0,0,0,0,0,0,0,0,0,0,0,0,0,0,0,0,0,0,0,0,10,0,15,0,0,0,0,0,0,0,0,0,12,0,0,0,0,0,0,0,0,0,0,0,0,0,0,0,0,0,0,0,0,0,0,0,0,0,0,0,0,0,0,0,0,0,0,0,0,0,0,0,0,0,0,0,0,0,0,0,0,0,0,0,0,0,0,0,0,0,0,0,0,0,0,4,66,1,111,1,25,0,52,0,0,0,0,0,0,0,0,0,0,0,0
1,0,80,6,25,3,0,0,0,0,61,0,0,0,0,0,19,2,51,4,370,3,805,0,0,0,167,0,295,0,1,0,15,1,0,0,0,0,0,0,0,0,0,0,0,0,0,0,0,0,0,0,0,0,0,0,0,0,0,0,0,0,0,0,0,0,0,0,0,0,0,0,0,0,3,6,2,0,0,0,0,0,0,0,0,0,1,0,0,0,0,0,0,0,0,0,0,0,0,0,0,0,0,0,0,0,0,0,0,0,0,0,0,0,0,0,0,0,0,0,0,0,0,0,0,0,0,0,0,0,0,0,0,0,0,0,0,0,0,0,0,0,0,0,0,0,0,0,0,0,2,0,27,7,6,3,36,0,0,0,0,0,0,0,0,0,0,0,0,0
0,0,1,41,0,37,0,0,0,5,1,82,0,0,0,0,1,44,1,67,5,357,8,917,0,0,0,168,1,248,0,3,0,68,0,0,0,1,0,0,0,0,0,0,0,0,0,0,0,0,0,0,0,0,0,0,0,0,0,0,0,0,0,0,0,0,0,0,0,0,0,0,0,0,3,4,0,5,0,1,0,0,0,0,0,0,0,3,0,0,0,0,0,0,0,0,0,0,0,0,0,0,0,0,0,0,0,0,0,0,0,0,0,0,0,0,0,0,0,0,0,0,0,0,0,0,0,0,0,0,0,0,0,0,0,0,0,0,0,0,0,0,0,0,0,0,0,0,0,0,2,6,5,21,0,3,0,5,0,0,0,0,0,0,0,0,0,0,0,0
0,0,128,0,88,0,0,0,0,0,93,0,0,0,0,0,1,0,30,1,117,0,26,0,167,0,0,0,155,0,120,0,8,0,0,0,0,0,0,0,0,0,0,0,0,0,0,0,0,0,0,0,0,0,0,0,0,0,0,0,0,0,0,0,0,0,0,0,0,0,0,0,0,0,0,0,1,0,0,0,0,0,0,0,0,0,0,0,0,0,0,0,0,0,0,0,0,0,0,0,0,0,0,0,0,0,0,0,0,0,0,0,0,0,0,0,0,0,0,0,0,0,0,0,0,0,0,0,0,0,0,0,0,0,0,0,0,0,0,0,0,0,0,0,0,0,0,0,0,0,0,0,5,1,1,2,0,0,0,0,0,0,0,0,0,0,0,0,0,0
0,0,2,298,2,531,0,0,0,3,0,471,0,0,0,0,0,0,0,98,1,224,1,33,0,168,0,0,0,209,1,109,0,38,0,0,0,0,0,0,0,0,0,0,0,1,0,0,0,0,0,0,0,0,0,0,0,0,0,0,0,0,0,0,0,0,0,0,0,0,0,0,0,0,0,3,1,9,0,2,0,0,0,0,0,0,0,2,0,0,0,0,0,0,0,0,0,0,0,0,0,0,0,0,0,0,0,0,0,0,0,0,0,0,0,0,0,0,0,0,0,0,0,0,0,0,0,0,0,0,0,0,0,0,0,0,0,0,0,0,0,0,0,0,0,0,0,0,0,0,2,1,0,17,0,4,0,0,0,0,0,0,0,0,0,0,0,0,0,0
0,0,102,17,71,17,0,0,8,2,559,3,0,0,0,0,43,5,125,32,227,14,166,1,295,1,155,0,0,1,69,0,674,3,0,0,0,0,0,0,1,1,0,0,0,0,0,0,0,0,0,0,0,0,0,0,0,0,1,0,0,0,0,0,0,0,0,0,0,0,0,0,0,0,72,13,38,3,0,0,0,0,0,0,0,0,167,0,1,0,3,0,1,0,0,0,0,0,0,0,0,0,0,0,0,0,0,0,0,0,0,0,0,0,0,0,0,0,0,0,0,0,0,0,0,0,0,0,0,0,0,0,0,0,0,0,0,0,0,0,0,0,0,0,0,0,0,0,0,0,29,2,82,27,23,11,88,1,0,0,0,0,0,0,0,0,0,0,0,0
0,0,3,117,1,135,0,0,0,18,4,836,0,0,0,0,0,168,5,109,8,173,3,143,0,248,0,209,1,0,0,59,1,454,0,0,0,0,0,0,0,3,0,0,0,3,0,0,0,0,0,0,0,0,0,0,0,0,0,0,0,0,0,0,0,0,0,0,0,0,0,0,0,0,0,26,0,57,0,3,0,0,0,0,0,0,0,13,0,1,0,0,0,0,0,0,0,0,0,0,0,0,0,0,0,0,0,0,0,0,0,0,0,0,0,0,0,0,0,0,0,0,0,0,0,0,0,0,0,0,0,0,0,0,0,0,0,0,0,0,0,0,0,0,0,0,0,0,0,0,0,16,4,22,0,6,0,7,0,0,0,0,0,0,0,0,0,0,0,0
0,0,112,4,344,4,0,0,2,0,875,0,0,0,0,0,0,0,24,5,5,3,0,0,1,0,120,1,69,0,0,0,35,0,0,0,0,2,0,0,1,0,0,0,0,0,0,0,0,0,0,0,0,0,0,0,0,0,0,0,0,0,0,0,0,0,0,0,0,0,0,0,0,0,0,1,20,0,1,0,0,0,0,0,0,0,11,0,0,0,0,0,0,0,0,0,0,0,0,0,0,0,0,0,0,0,0,0,0,0,0,0,0,0,0,0,0,0,0,0,0,0,0,0,0,0,0,0,0,0,0,0,0,0,0,0,0,0,0,0,0,0,0,0,0,0,0,0,0,0,2,0,3,4,5,2,0,0,0,0,0,0,0,0,0,0,0,0,0,0
0,0,0,32,1,76,0,0,0,1,0,280,0,0,0,0,0,0,0,21,0,5,0,1,0,3,0,109,0,59,0,0,1,18,0,0,0,1,0,0,0,0,0,0,0,0,0,0,0,0,0,0,0,0,0,0,0,0,0,0,0,0,0,0,0,0,0,0,0,0,0,0,0,0,0,0,0,11,0,2,0,0,0,0,0,0,0,3,0,0,0,0,0,0,0,0,0,0,0,0,0,0,0,0,0,0,0,0,0,0,0,0,0,0,0,0,0,0,0,0,0,0,0,0,0,0,0,0,0,0,0,0,0,0,0,0,0,0,0,0,0,0,0,0,0,0,0,0,0,0,0,0,0,3,0,1,0,0,0,0,0,0,0,0,0,0,0,0,0,0
617,19,241,31,415,21,947,10,1368,15,730,4,716,5,264,70,135,2,95,35,41,1,42,1,15,0,8,0,674,1,35,1,0,11,0,0,113,33,44,3,407,3,79,1,34,0,34,2,13,4,138,0,18,0,53,0,27,0,227,0,473,1,50,0,29,0,54,6,2,2,50,8,87,4,187,6,1942,18,148,11,0,0,102,7,290,14,332,2,140,3,37,0,150,0,3,1,0,0,2,0,1,2,0,0,2,0,5,2,0,1,1,0,0,0,0,0,0,0,0,0,1,0,0,0,12,1,43,11,28,5,9,2,0,0,24,2,8,0,12,0,3,0,12,0,42,4,4,0,2,0,6,1,23,24,69,37,98,0,2,3,0,0,2,6,3,0,1,0,1,1
8,199,14,210,20,436,1,1413,6,1295,2,753,1,928,28,170,4,69,20,154,4,109,10,59,1,68,0,38,3,454,0,18,11,0,0,0,12,103,36,51,2,210,0,2,0,9,42,20,10,32,1,63,2,25,4,36,3,44,0,97,7,215,9,29,5,3,4,149,1,9,16,127,7,13,11,78,20,1919,7,115,0,0,7,10,17,103,0,32,10,73,0,5,0,27,0,1,0,0,0,5,1,0,0,0,0,0,4,0,1,1,3,1,1,0,0,0,0,0,0,1,0,1,0,3,0,6,3,15,11,64,4,3,0,0,5,10,1,1,0,22,0,27,0,22,8,57,0,6,1,11,2,16,4,50,19,52,0,16,0,0,0,1,0,8,0,2,0,1,3,2
0,0,0,0,0,0,0,0,0,0,0,0,0,0,0,0,0,0,0,0,0,0,0,0,0,0,0,0,0,0,0,0,0,0,0,0,0,0,0,0,0,0,0,0,0,0,0,0,0,0,0,0,0,0,0,0,0,0,0,0,0,0,0,0,0,0,0,0,0,0,0,0,0,0,0,0,0,0,0,0,0,0,0,0,0,0,0,0,0,0,0,0,0,0,0,0,0,0,0,0,0,0,0,0,0,0,0,0,0,0,0,0,0,0,0,0,0,0,0,0,0,0,0,0,0,0,0,0,0,0,0,0,0,0,0,0,0,0,0,0,0,0,0,0,0,0,0,0,0,0,0,0,0,0,0,0,0,0,0,0,0,0,0,0,0,0,0,0,0,0
0,0,0,0,0,0,0,0,0,0,0,0,0,0,0,0,0,0,0,0,0,0,0,0,0,0,0,0,0,0,0,0,0,0,0,0,0,0,0,0,0,0,0,0,0,0,0,0,0,0,0,0,0,0,0,0,0,0,0,0,0,0,0,0,0,0,0,0,0,0,0,0,0,0,0,0,0,0,0,0,0,0,0,0,0,0,0,0,0,0,0,0,0,0,0,0,0,0,0,0,0,0,0,0,0,0,0,0,0,0,0,0,0,0,0,0,0,0,0,0,0,0,0,0,0,0,0,0,0,0,0,0,0,0,0,0,0,0,0,0,0,0,0,0,0,0,0,0,0,0,0,0,0,0,0,0,0,0,0,0,0,0,0,0,0,0,0,0,0,0
364,175,207,21,80,17,104,15,58,15,0,0,43,4,2401,184,0,0,207,13,0,0,0,0,0,0,0,0,0,0,0,0,113,12,0,0,0,282,1729,4,13,1,0,3,0,0,17,3,113,2,0,1,5,1,3,2,0,0,0,0,596,31,58,7,123,0,119,10,3,1,2946,21,1322,44,171,10,257,43,136,52,0,0,9,4,54,4,3,0,21,1,0,0,7,0,0,2,0,5,4,5,0,1,0,1,1,1,10,3,1,3,4,0,0,0,0,0,0,0,0,0,1,0,4,0,24,2,210,36,164,27,22,8,0,1,87,17,34,0,0,2,1,2,6,1,97,6,21,3,29,6,0,0,14,0,592,22,0,0,5,1,0,0,9,11,7,3,0,1,1,2
104,527,36,252,43,258,31,134,30,144,0,9,12,30,240,2326,0,0,10,382,0,1,0,0,0,1,0,0,0,0,2,1,33,103,0,0,282,0,39,1026,6,15,1,0,0,2,25,139,1,51,1,16,2,4,1,7,0,0,1,1,179,180,16,18,30,5,22,84,1,9,65,2628,124,502,73,71,82,440,29,228,0,0,2,23,16,14,0,1,7,3,0,0,0,2,1,0,0,1,3,5,0,0,1,0,1,1,10,3,0,1,8,4,0,0,0,0,0,0,0,1,0,0,0,0,5,16,51,184,27,185,6,26,0,0,20,41,7,9,0,0,0,0,1,4,28,80,2,25,6,21,1,0,1,142,131,690,0,1,2,0,0,3,1,25,0,9,1,0,2,4
33,6,33,3,8,3,1,0,2,0,0,0,11,0,80,3,0,0,3,1,0,0,0,0,0,0,0,0,0,0,0,0,44,36,0,0,1729,39,0,232,86,21,16,16,0,0,403,160,261,27,67,34,65,12,102,16,33,6,34,9,31,3,96,2,31,6,36,38,18,40,1035,176,11,0,40,6,80,31,36,28,0,0,60,41,180,77,3,0,201,21,0,0,68,9,2,2,0,7,5,7,1,2,0,2,3,5,4,10,4,3,3,8,1,0,1,0,0,0,0,0,2,0,4,0,3,0,17,3,160,22,12,0,0,0,30,0,4,1,0,1,0,1,3,0,50,3,13,1,32,4,0,0,0,0,7,1,0,0,5,0,0,0,1,9,4,0,1,2,0,3
5,17,1,13,6,14,2,3,0,11,0,1,0,1,11,102,0,0,0,14,0,0,0,0,0,0,0,0,0,0,0,0,3,51,0,0,4,1026,232,0,30,98,20,31,0,0,218,400,38,86,81,73,9,32,5,74,5,18,28,22,1,6,0,4,1,7,1,48,0,70,155,906,2,5,4,13,4,53,2,20,0,0,2,56,5,121,0,0,8,99,0,0,1,21,0,0,0,0,1,1,1,2,0,0,0,0,3,0,0,2,0,0,1,1,0,0,0,0,0,0,0,0,0,1,1,1,0,5,3,23,0,1,0,0,0,0,0,2,2,2,1,0,0,1,1,2,0,0,0,1,0,0,0,0,5,0,0,0,0,0,0,0,0,3,0,0,0,1,0,0
7,2,4,6,6,2,0,1,6,1,8,0,2,1,3,5,10,0,3,1,0,0,0,0,0,0,0,0,1,0,1,0,407,2,0,0,13,6,86,30,0,17,1494,28,343,0,68,14,7,1,394,13,5,2,11,0,9,1,479,3,12,2,21,0,11,0,5,1,0,1,168,54,1,1,27,5,1197,8,496,24,0,0,8,5,313,3,855,0,375,3,262,0,728,1,3,11,3,28,91,34,11,11,0,6,6,12,43,63,27,17,25,46,17,23,0,1,0,0,1,12,8,0,12,0,26,0,69,13,158,15,6,4,1,0,32,2,8,0,661,0,56,0,69,3,426,6,10,2,12,1,0,0,0,1,4,0,43,0,10,3,0,1,45,7,11,0,13,5,7,7
1,7,0,6,1,10,0,0,0,8,0,16,0,1,0,5,1,33,0,8,0,0,0,0,0,0,0,0,1,3,0,0,3,210,0,0,1,15,21,98,17,0,6,829,0,311,21,27,1,7,14,140,2,3,0,6,1,21,6,701,0,7,2,8,2,1,2,6,0,1,23,136,0,5,3,29,1,712,1,571,0,0,4,7,7,290,0,921,0,796,0,405,1,453,1,2,1,1,2,23,3,0,0,3,2,0,12,6,5,10,11,7,8,0,0,0,1,0,0,3,0,2,0,8,1,7,4,234,6,98,2,2,0,2,2,4,0,1,0,365,0,85,0,63,1,255,2,8,0,8,0,0,0,1,0,4,1,13,0,4,0,2,1,195,2,9,0,3,10,0
2,3,1,1,1,0,1,1,1,0,0,0,0,0,1,0,39,11,0,0,0,0,0,0,0,0,0,0,0,0,0,0,79,0,0,0,0,1,16,20,1494,6,0,37,564,0,56,27,3,2,486,9,2,2,7,0,9,2,1462,3,3,0,0,2,0,0,0,1,0,0,140,37,3,1,4,4,55,3,21,8,0,0,5,1,46,1,147,0,33,2,13,0,245,1,6,4,37,10,32,8,42,3,3,3,80,2,216,19,39,14,31,15,3,1,1,1,1,0,1,12,0,0,0,0,4,0,12,4,13,3,1,0,0,0,3,2,2,0,4,0,0,0,4,0,8,0,1,1,1,1,0,0,0,0,0,0,1,0,6,1,0,0,0,9,6,2,3,4,1,1
1,1,1,0,0,1,0,0,0,0,0,0,1,0,0,2,0,0,0,0,0,0,0,0,0,0,0,0,0,0,0,0,1,2,0,0,3,0,16,31,28,829,37,0,0,788,3,65,0,0,12,843,0,1,4,1,0,6,3,1708,1,2,6,0,2,0,1,1,1,0,28,134,0,0,1,6,3,47,6,11,0,0,0,1,1,13,0,329,0,35,0,265,1,53,0,6,6,31,6,20,16,7,0,9,11,11,81,24,13,9,29,37,3,1,0,0,0,0,0,2,0,0,0,0,0,0,4,1,8,2,0,1,1,0,1,1,0,0,0,14,0,0,0,1,0,3,0,0,0,0,0,0,0,0,0,0,0,0,1,12,0,1,1,7,1,8,0,1,1,0
1,0,0,0,0,0,0,0,0,0,0,0,0,0,0,0,76,0,0,0,0,0,0,0,0,0,0,0,0,0,0,0,34,0,0,0,0,0,0,0,343,0,564,0,0,0,0,0,0,0,0,0,0,0,0,0,1,0,22,0,0,0,0,0,0,0,0,0,0,0,0,0,0,0,1,0,169,1,82,0,0,0,0,0,0,0,419,0,6,0,32,0,9,0,1,0,1,1,5,1,0,0,0,0,0,0,2,0,0,0,0,0,0,0,0,0,0,0,0,0,0,4,0,0,35,0,0,0,0,2,0,0,4,0,6,0,0,0,1,0,0,0,1,0,1,1,0,0,0,0,0,0,0,0,0,0,65,0,3,0,0,0,1,2,5,0,2,0,0,1
0,0,2,2,0,12,0,0,0,4,0,13,0,0,0,0,0,81,1,1,0,5,0,6,0,0,0,1,0,3,0,0,0,9,0,0,0,2,0,0,0,311,0,788,0,0,0,0,0,0,0,0,0,0,0,0,0,0,0,19,0,0,0,0,0,0,0,0,0,0,0,0,0,0,1,16,0,271,0,70,0,0,0,0,0,0,0,850,0,33,0,56,0,31,0,0,0,0,0,1,0,0,0,0,1,0,1,0,0,0,0,0,0,0,0,0,0,0,0,0,0,1,0,0,0,6,0,0,0,1,0,2,0,0,0,2,0,0,0,7,0,0,0,1,0,2,0,0,0,0,0,4,0,6,0,3,5,142,0,1,0,0,1,7,0,2,0,0,1,0
18,0,1,1,1,0,0,0,0,0,0,0,1,0,0,2,0,0,0,0,0,0,0,0,0,0,0,0,0,0,0,0,34,42,0,0,17,25,403,218,68,21,56,3,0,0,0,2837,4070,727,2717,203,1986,325,1420,240,610,202,152,61,25,1,43,1,12,0,4,3,7,9,1120,359,0,1,3,2,55,67,17,27,0,0,95,44,271,167,0,3,493,282,0,0,47,92,5,0,1,3,3,2,2,0,8,0,0,0,7,3,2,1,4,6,0,0,0,0,0,0,0,2,1,0,0,2,0,0,1,2,26,5,1,0,0,0,2,0,0,0,1,3,0,0,0,3,4,6,4,0,8,1,0,0,0,0,0,0,0,0,0,0,0,0,1,1,0,0,0,0,0,0
0,3,0,1,0,0,0,1,0,1,0,0,0,0,0,20,0,0,0,0,0,0,0,0,0,0,0,0,0,0,0,0,2,20,0,0,3,139,160,400,14,27,27,65,0,0,2837,0,511,3221,174,1721,6,1598,7,1921,9,495,33,141,0,6,0,5,0,2,0,5,0,8,262,1301,1,3,1,0,1,21,1,16,0,0,1,20,4,137,0,1,2,610,0,0,0,63,0,0,0,0,0,0,1,3,0,0,0,0,1,1,0,1,1,0,1,0,0,0,0,0,0,0,0,0,0,0,0,0,1,2,1,6,0,0,0,0,0,0,0,0,0,4,0,4,0,2,0,3,0,0,0,1,0,0,0,0,0,0,0,0,0,0,0,0,0,7,0,0,0,0,2,0
13,2,7,1,0,0,0,0,0,0,0,0,6,0,9,0,0,0,0,0,0,0,0,0,0,0,0,0,0,0,0,0,13,10,0,0,113,1,261,38,7,1,3,0,0,0,4070,511,0,372,185,29,3179,98,1161,59,202,39,79,9,22,1,85,1,12,0,7,3,7,0,1187,48,0,0,0,0,18,10,5,2,0,0,19,3,90,23,1,0,158,43,0,0,37,12,4,1,0,0,1,1,0,0,0,0,0,0,2,1,0,1,3,1,0,0,0,0,0,0,0,0,0,0,0,0,0,0,4,0,12,2,1,0,0,0,0,0,1,0,1,0,0,1,1,0,6,1,1,1,1,0,0,0,0,0,0,0,0,0,0,0,0,0,0,1,0,0,0,0,0,0
2,13,0,13,0,1,1,0,0,0,0,0,0,1,3,30,0,0,0,0,0,0,0,0,0,0,0,0,0,0,0,0,4,32,0,0,2,51,27,86,1,7,2,0,0,0,727,3221,372,0,13,82,2,3945,4,1559,7,158,2,13,1,35,2,171,2,9,0,23,0,114,40,1363,0,11,0,1,4,36,1,23,0,0,0,48,3,130,0,0,6,216,0,0,3,32,0,1,0,0,0,0,0,0,0,0,0,0,0,1,1,0,0,1,0,0,0,0,0,0,0,0,0,0,0,0,0,0,1,0,0,3,0,0,0,0,0,1,0,0,0,2,1,0,0,0,1,0,0,2,0,1,0,0,0,0,0,0,0,0,0,0,0,0,0,1,0,0,0,0,0,0
6,0,0,0,0,0,0,0,0,0,0,0,0,0,0,1,0,0,0,0,0,0,0,0,0,0,0,0,0,0,0,0,138,1,0,0,0,1,67,81,394,14,486,12,0,0,2717,174,185,13,0,59,254,8,962,5,1134,5,1191,11,5,1,6,0,7,0,3,1,5,1,1163,126,0,0,1,0,99,3,18,3,0,0,53,1,281,7,9,0,434,11,0,0,148,0,23,0,1,3,82,2,38,1,10,2,1,0,5,6,3,0,3,1,2,29,1,0,0,0,0,0,0,0,0,0,0,0,2,0,13,0,0,0,0,0,2,0,0,0,3,0,0,1,9,0,15,0,0,0,1,0,0,0,0,0,0,0,0,0,2,0,0,0,0,1,0,0,0,0,0,2
0,1,0,3,0,0,0,0,0,1,0,0,0,0,1,2,0,0,0,0,0,0,0,0,0,0,0,0,0,0,0,0,0,63,0,0,1,16,34,73,13,140,9,843,0,0,203,1721,29,82,59,0,1,81,1,395,0,918,5,2024,1,4,1,1,0,0,0,1,0,4,44,694,0,2,0,4,2,112,0,20,0,0,0,13,0,345,0,3,1,565,0,0,0,124,1,19,4,8,3,71,2,17,45,537,1,1,5,4,2,6,4,0,11,245,1,223,7,3,0,2,0,1,0,3,0,0,2,4,0,24,0,1,0,2,0,0,0,0,2,16,0,27,1,11,1,18,0,0,0,2,0,0,0,0,0,0,0,0,0,0,0,0,0,4,1,2,0,2,33,0
13,1,2,0,0,0,0,0,0,0,0,0,2,1,1,0,0,0,0,0,0,0,0,0,0,0,0,0,0,0,0,0,18,2,0,0,5,2,65,9,5,2,2,0,0,0,1986,6,3179,2,254,1,0,2,3787,1,436,2,119,0,27,0,921,0,48,0,16,1,14,0,315,7,2,0,3,0,28,3,10,1,0,0,33,6,84,15,1,0,214,6,0,0,70,1,5,0,0,0,0,0,1,0,1,0,0,0,0,0,1,0,1,0,0,0,0,0,0,0,0,0,1,0,0,0,1,0,5,0,7,2,2,0,0,0,2,0,0,0,0,0,0,0,1,0,3,0,2,0,4,0,0,0,0,0,0,0,0,0,2,0,0,0,0,0,2,0,0,0,1,0
0,9,0,6,0,0,0,0,0,1,0,0,0,1,1,4,0,0,0,0,0,0,0,0,0,0,0,0,0,0,0,0,0,25,0,0,1,4,12,32,2,3,2,1,0,0,325,1598,98,3945,8,81,2,0,2,4696,3,186,2,17,0,32,0,394,0,28,0,17,0,517,10,641,0,4,0,1,1,13,0,13,0,0,0,34,0,116,0,0,1,624,0,0,0,63,0,0,0,0,0,0,0,0,0,0,0,0,1,0,0,0,0,0,0,0,0,0,0,0,0,0,0,0,0,0,1,0,0,5,0,3,0,0,0,0,0,0,0,0,0,0,0,0,0,0,1,1,0,0,0,0,0,0,0,0,0,0,0,0,0,0,0,0,0,1,0,0,0,0,0,0
80,0,5,0,1,0,1,0,0,0,0,0,6,0,1,1,0,0,0,0,0,0,0,0,0,0,0,0,0,0,0,0,53,4,0,0,3,1,102,5,11,0,7,4,0,0,1420,7,1161,4,962,1,3787,2,0,0,2351,1,462,0,82,0,629,0,531,0,46,1,745,2,139,21,1,0,2,0,44,7,12,4,0,0,46,4,197,7,3,0,3090,8,0,0,459,2,51,0,0,0,0,0,0,0,1,1,0,1,3,0,0,0,1,3,0,0,0,0,0,0,0,0,0,0,0,0,0,0,3,0,13,2,1,0,0,0,2,0,0,0,1,0,0,0,0,0,3,0,1,0,1,0,0,0,0,0,0,0,0,0,0,0,0,0,0,1,0,0,0,1,0,0
0,23,0,20,0,2,0,0,0,0,0,0,0,1,6,26,0,0,0,0,0,0,0,0,0,0,0,0,0,0,0,0,0,36,0,0,2,7,16,74,0,6,0,1,0,0,240,1921,59,1559,5,395,1,4696,0,0,3,2299,2,110,0,77,0,75,0,44,0,17,0,956,8,494,3,8,1,1,2,31,0,18,0,0,0,30,1,201,0,1,2,2941,0,0,0,315,0,3,0,0,0,0,0,0,0,0,0,0,1,0,0,0,0,0,0,0,0,0,0,0,0,0,0,0,0,0,0,0,0,3,1,6,0,0,0,0,0,0,0,0,0,3,0,0,0,1,0,3,1,1,0,1,0,0,0,0,0,0,0,0,0,0,0,0,0,0,0,0,0,0,0,1
10,0,0,0,0,0,0,0,0,0,0,0,0,0,0,0,0,0,0,0,0,0,0,0,0,0,0,0,0,0,0,0,27,3,0,0,0,0,33,5,9,1,9,0,1,0,610,9,202,7,1134,0,436,3,2351,3,0,0,1031,0,14,0,27,0,9,0,2,1,6,1,38,4,0,0,0,0,21,2,3,3,0,0,15,0,98,3,2,0,446,10,0,0,487,1,95,0,0,0,0,0,0,1,1,0,0,0,0,0,0,1,0,2,0,0,0,0,0,1,0,0,1,0,0,0,0,0,0,0,0,0,0,0,0,0,0,0,0,0,0,0,0,1,0,0,2,0,1,0,1,0,0,0,0,0,0,0,0,0,0,0,0,0,0,2,0,0,0,0,0,0
0,2,0,1,0,0,0,0,0,0,0,0,0,0,0,2,0,0,0,0,0,0,0,0,0,0,0,0,0,0,0,0,0,44,0,0,0,0,6,18,1,21,2,6,0,0,202,495,39,158,5,918,2,186,1,2299,0,0,2,1289,0,1,0,1,0,0,0,1,0,1,11,76,0,1,0,0,0,59,0,6,0,0,0,11,0,236,0,0,0,869,0,0,2,1187,0,70,0,0,0,0,0,0,0,0,0,0,0,0,0,0,0,0,1,0,0,0,0,0,0,1,0,0,0,0,0,0,0,0,0,1,0,0,0,0,0,0,0,0,0,10,0,3,0,1,0,2,0,0,0,1,0,0,0,0,0,0,0,0,0,0,0,0,0,2,0,0,0,0,1,0
3,0,0,0,0,0,0,0,0,0,0,0,1,0,1,0,0,0,0,0,0,0,0,0,0,0,0,0,1,0,0,0,227,0,0,0,0,1,34,28,479,6,1462,3,22,0,152,33,79,2,1191,5,119,2,462,2,1031,2,0,7,5,0,6,0,2,0,0,0,1,0,143,34,0,0,0,0,80,1,8,0,0,0,15,0,316,6,404,0,454,7,824,0,2769,1,262,0,0,0,2,0,56,0,7,1,0,1,2,0,3,0,0,0,1,2,0,0,0,0,0,0,0,0,0,0,0,0,2,0,1,0,1,0,0,0,2,0,0,0,7,0,2,0,4,0,8,0,0,0,2,0,0,0,0,0,0,0,0,0,1,0,0,0,0,0,0,0,1,0,0,0
0,1,0,5,0,4,0,0,0,1,0,1,0,0,0,0,0,0,0,6,0,0,0,0,0,0,0,0,0,0,0,0,0,97,0,0,0,1,9,22,3,701,3,1708,0,19,61,141,9,13,11,2024,0,17,0,110,0,1289,7,0,0,1,0,0,0,0,0,2,0,2,14,53,0,0,0,2,0,338,2,37,0,0,0,5,0,393,0,312,1,1277,0,943,0,3080,0,262,0,1,1,4,2,7,0,1,3,0,2,2,0,1,0,1,2,0,0,0,0,0,0,2,0,2,0,2,0,0,0,1,1,6,0,0,0,0,1,0,0,0,0,92,0,27,0,6,0,20,0,0,0,0,0,0,0,1,0,2,0,4,0,0,0,0,0,12,0,1,0,2,2,1
5850,209,327,11,158,17,214,15,26,1,0,0,800,8,300,292,0,0,2,3,0,0,0,0,0,0,0,0,0,0,0,0,473,7,0,0,596,179,31,1,12,0,3,1,0,0,25,0,22,1,5,1,27,0,82,0,14,0,5,0,0,19,1392,1,1831,0,1705,9,279,0,582,10,1282,67,253,4,1131,56,456,43,0,0,24,3,1192,4,0,0,690,2,0,0,25,0,1,0,1,2,4,9,1,2,0,1,4,2,4,6,2,1,2,2,0,1,0,0,0,0,0,0,1,0,9,0,39,1,473,36,202,12,48,3,1,1,166,20,48,0,1,0,0,0,9,1,142,8,30,2,15,1,0,0,0,0,6,2,0,0,10,1,1,0,33,8,11,2,1,1,0,1
3,4544,1,113,1,68,3,101,1,62,0,0,1,581,9,160,0,0,2,3,0,0,0,0,0,0,0,0,0,0,0,0,1,215,0,0,31,180,3,6,2,7,0,2,0,0,1,6,1,35,1,4,0,32,0,77,0,1,0,1,19,0,5,1678,15,1412,10,2316,0,591,14,417,11,1108,15,30,13,775,5,531,0,0,0,5,0,105,0,0,1,238,0,0,0,1,0,0,0,0,1,4,0,0,1,0,0,0,12,2,0,2,4,1,1,0,0,0,0,0,0,0,0,0,0,0,0,2,11,162,18,86,1,14,0,3,4,27,2,4,0,0,0,1,0,6,6,32,0,18,3,8,0,0,0,0,3,3,0,2,0,1,0,2,2,25,0,2,0,0,0,2
275,7,49,0,5,1,13,2,8,0,0,0,13,1,33,3,0,0,0,0,0,0,0,0,0,0,0,0,0,0,0,0,50,9,0,0,58,16,96,0,21,2,0,6,0,0,43,0,85,2,6,1,921,0,629,0,27,0,6,0,1392,5,0,2,964,1,207,7,295,1,1268,28,112,2,27,1,246,13,187,11,0,0,19,11,93,12,0,0,252,2,0,0,47,0,1,0,2,5,1,2,0,1,1,0,1,1,4,6,4,1,2,4,0,0,0,0,0,0,0,1,0,0,1,0,7,0,68,11,135,8,33,3,0,0,52,7,11,0,0,0,1,0,0,0,28,1,12,1,6,2,0,0,0,0,1,0,0,0,3,2,0,0,7,10,8,0,0,2,0,1
2,115,0,37,0,6,0,3,0,5,0,0,3,2,2,50,0,0,0,0,0,0,0,0,0,0,0,0,0,0,0,0,0,29,0,0,7,18,2,4,0,8,2,0,0,0,1,5,1,171,0,1,0,394,0,75,0,1,0,0,1,1678,2,0,4,375,3,265,0,916,6,1413,0,92,2,1,1,133,1,136,0,0,3,8,3,22,0,0,1,30,0,0,0,2,0,0,0,1,0,0,0,0,0,0,0,0,3,0,0,0,1,0,0,0,1,0,0,0,0,0,0,0,0,0,2,1,2,44,3,53,1,4,0,1,1,4,0,0,0,0,0,0,0,1,0,11,0,1,1,0,0,0,0,0,0,0,0,0,0,0,0,0,0,4,0,3,0,0,0,0
95,6,6,2,5,3,6,0,1,0,0,0,7,1,9,7,0,0,0,0,0,0,0,0,0,0,0,0,0,0,0,0,29,5,0,0,123,30,31,1,11,2,0,2,0,0,12,0,12,2,7,0,48,0,531,0,9,0,2,0,1831,15,964,4,0,0,1319,8,2025,0,103,24,48,5,41,7,118,7,109,7,0,0,6,4,99,4,1,0,383,1,0,0,15,0,0,0,1,0,2,5,0,0,0,0,2,0,1,1,0,1,1,3,0,0,0,0,0,0,0,0,1,0,1,0,5,0,51,17,62,16,18,1,0,1,29,1,10,0,0,0,0,0,2,0,12,1,10,1,4,1,0,0,0,0,1,0,0,0,1,0,0,0,9,7,5,0,2,1,0,2
0,26,0,7,0,1,0,1,0,0,0,0,0,0,0,5,0,0,0,0,0,0,0,0,0,0,0,0,0,0,0,0,0,3,0,0,0,5,6,7,0,1,0,0,0,0,0,2,0,9,0,0,0,28,0,44,0,0,0,0,0,1412,1,375,0,0,1,1036,0,1351,2,92,0,3,0,0,0,10,0,8,0,0,0,1,1,11,0,0,0,66,0,0,0,1,0,0,0,0,0,1,0,0,0,0,0,0,0,0,0,0,0,0,0,0,0,0,0,0,0,0,0,0,0,0,0,0,0,1,2,1,0,0,0,0,0,0,0,0,0,0,0,0,0,0,0,0,0,0,1,0,0,0,0,0,0,0,0,0,0,0,0,0,0,0,0,0,0,0,0,0
455,5,39,3,67,1,6,1,0,0,0,0,111,2,22,7,0,0,1,0,0,0,0,0,0,0,0,0,0,0,0,0,54,4,0,0,119,22,36,1,5,2,0,1,0,0,4,0,7,0,3,0,16,0,46,0,2,0,0,0,1705,10,207,3,1319,1,0,4,466,0,152,15,17,3,9,1,100,8,63,10,0,0,2,0,726,0,0,0,659,1,0,0,2,0,0,0,0,0,1,2,0,0,0,0,0,0,2,0,1,0,0,0,0,0,0,0,0,0,0,0,0,0,0,0,1,1,14,3,21,11,3,4,0,0,7,1,2,2,0,0,0,0,0,1,7,1,1,2,0,0,0,0,0,0,1,0,0,0,0,1,0,1,3,1,0,0,0,0,0,0
3,1084,0,164,0,89,1,167,1,38,0,1,5,638,5,82,0,0,0,0,0,0,0,0,0,0,0,0,0,0,0,0,6,149,0,0,10,84,38,48,1,6,1,1,0,0,3,5,3,23,1,1,1,17,1,17,1,1,0,2,9,2316,7,265,8,1036,4,0,0,651,23,272,3,29,6,5,14,135,5,96,0,0,9,26,12,824,0,0,10,94,0,0,0,0,0,0,0,3,0,0,0,0,0,0,0,0,0,0,0,0,1,0,1,0,0,0,0,0,0,0,0,0,0,0,1,1,3,23,17,21,4,2,0,0,4,2,0,2,0,0,0,0,0,0,7,5,3,1,7,1,0,0,0,0,5,1,0,0,0,1,0,0,1,4,0,0,0,0,0,0
212,1,5,0,9,0,1,0,0,0,0,0,4,1,2,0,0,0,0,0,0,0,0,0,0,0,0,0,0,0,0,0,2,1,0,0,3,1,18,0,0,0,0,1,0,0,7,0,7,0,5,0,14,0,745,0,6,0,1,0,279,0,295,0,2025,0,466,0,0,0,43,4,1,0,0,0,13,0,4,1,0,0,6,3,35,1,0,0,874,0,0,0,7,0,0,0,0,0,0,0,0,0,0,0,0,0,1,0,0,0,0,0,0,0,0,0,0,0,0,0,0,0,0,0,0,0,3,0,1,2,1,0,0,0,3,0,0,0,0,0,0,0,0,0,3,0,0,0,1,0,0,0,0,0,0,0,0,0,0,0,0,0,0,0,0,0,0,0,0,0
1,214,0,52,0,6,0,3,0,3,0,0,1,2,5,50,0,0,0,0,0,0,0,0,0,0,0,0,0,0,0,0,2,9,0,0,1,9,40,70,1,1,0,0,0,0,9,8,0,114,1,4,0,517,2,956,1,1,0,2,0,591,1,916,0,1351,0,651,0,0,6,324,2,44,2,1,1,38,1,23,0,0,1,11,8,353,0,0,8,1055,0,0,0,0,0,0,0,0,0,0,0,0,0,0,1,0,2,0,0,0,0,0,0,0,0,0,0,0,0,0,0,0,0,0,0,0,2,4,3,6,2,0,0,0,1,1,0,0,0,0,0,0,0,0,0,0,0,0,2,0,0,0,0,0,0,0,0,0,0,0,0,0,0,1,0,1,0,0,0,0
484,14,288,2,12,1,7,2,6,0,0,0,21,1,477,14,0,0,2,1,0,0,0,0,0,0,0,0,0,0,0,0,50,16,0,0,2946,65,1035,155,168,23,140,28,0,0,1120,262,1187,40,1163,44,315,10,139,8,38,11,143,14,582,14,1268,6,103,2,152,23,43,6,0,240,793,3,67,2,150,26,155,20,0,0,36,26,125,41,1,0,162,25,0,0,47,6,2,3,1,4,3,3,2,2,0,1,3,4,15,6,1,3,6,11,1,2,0,0,0,0,0,0,0,0,5,0,12,0,83,12,179,29,32,2,0,0,61,4,15,1,1,0,1,0,3,0,56,8,7,0,33,2,0,0,0,0,0,0,0,0,9,2,0,0,19,11,10,1,0,3,3,3
8,135,2,93,2,9,3,7,0,4,0,0,6,14,47,591,0,0,0,2,0,0,0,0,0,0,0,0,0,0,0,0,8,127,0,0,21,2628,176,906,54,136,37,134,0,0,359,1301,48,1363,126,694,7,641,21,494,4,76,34,53,10,417,28,1413,24,92,15,272,4,324,240,0,10,568,17,16,24,249,19,227,0,0,19,83,35,236,0,1,35,380,0,0,6,70,0,1,3,1,4,9,0,1,0,0,3,1,9,3,2,4,5,0,4,0,0,0,0,0,0,1,0,0,0,1,1,4,9,62,51,107,5,7,0,0,12,4,0,1,0,17,0,6,1,6,11,23,1,5,8,7,0,0,0,0,5,1,0,0,3,3,0,3,0,32,1,2,2,0,2,1
1494,202,146,37,15,12,63,31,14,4,0,0,50,10,1240,336,0,0,4,0,0,0,0,0,0,0,0,0,0,0,0,0,87,7,0,0,1322,124,11,2,1,0,3,0,0,0,0,1,0,0,0,0,2,0,1,3,0,0,0,0,1282,11,112,0,48,0,17,3,1,2,793,10,0,153,162,10,283,32,137,14,0,0,6,1,20,3,0,0,10,1,0,0,0,0,0,0,0,3,4,4,0,0,0,0,1,2,4,2,1,1,0,2,0,0,0,0,0,0,0,0,2,0,5,0,24,2,240,16,62,14,24,2,1,0,57,5,17,1,0,0,0,0,8,1,83,7,14,3,6,2,0,0,0,0,6,2,0,1,4,1,1,1,13,2,2,2,2,0,1,1
23,1411,2,242,4,42,1,85,0,27,0,1,3,44,106,848,0,0,0,2,0,0,0,0,0,0,0,0,0,0,0,0,4,13,0,0,44,502,0,5,1,5,1,0,0,0,1,3,0,11,0,2,0,4,0,8,0,1,0,0,67,1108,2,92,5,3,3,29,0,44,3,568,153,0,7,50,16,337,7,305,0,0,1,1,3,8,0,0,1,13,0,0,0,0,0,0,1,0,1,4,0,0,0,0,0,0,8,0,0,0,8,0,0,0,0,0,0,0,0,0,0,0,0,0,1,3,9,161,4,79,1,27,0,1,2,37,1,6,0,0,0,1,0,3,1,56,0,28,0,19,0,0,0,0,10,2,0,2,0,1,0,1,0,27,1,5,1,0,0,1
118,26,39,40,44,65,45,7,52,17,7,1,14,2,86,50,26,45,19,32,12,40,3,0,3,3,0,0,72,0,0,0,187,11,0,0,171,73,40,4,27,3,4,1,1,1,3,1,0,0,1,0,3,0,2,1,0,0,0,0,253,15,27,2,41,0,9,6,0,2,67,17,162,7,0,173,2134,33,332,21,0,0,1,2,5,1,25,0,6,0,1,0,4,0,0,0,2,1,8,8,0,1,0,0,2,1,5,5,1,2,0,2,1,0,0,0,0,0,0,1,39,66,24,0,152,1,525,14,184,16,50,1,1,1,366,59,82,0,3,0,3,0,18,0,586,5,54,4,46,3,7,2,8,17,11,37,68,2,3,1,0,0,15,7,11,1,0,2,0,1
8,90,21,78,3,109,2,118,1,140,0,24,2,11,10,98,15,168,27,48,33,32,12,10,6,4,0,3,13,26,1,0,6,78,0,0,10,71,6,13,5,29,4,6,0,16,2,0,0,1,0,4,0,1,0,1,0,0,0,2,4,30,1,1,7,0,1,5,0,1,2,16,10,50,173,0,10,1732,7,667,0,0,0,11,11,10,0,60,0,1,0,3,0,4,2,0,2,2,4,15,3,2,0,1,3,0,14,3,6,2,9,3,2,0,0,0,0,1,0,1,0,31,0,6,1,176,5,567,6,491,0,121,0,8,1,635,1,73,3,6,0,10,0,41,6,936,1,159,2,176,5,9,33,17,18,23,7,194,3,4,0,3,0,84,3,42,1,3,1,5
576,74,291,43,542,65,86,21,402,34,297,2,157,5,466,130,157,1,203,55,2,2,5,0,2,0,1,1,38,0,20,0,1942,20,0,0,257,82,80,4,1197,1,55,3,169,0,55,1,18,4,99,2,28,1,44,2,21,0,80,0,1131,13,246,1,118,0,100,14,13,1,150,24,283,16,2134,10,0,63,1870,23,0,0,35,13,192,15,250,0,161,4,33,0,235,0,1,2,3,12,18,13,3,4,2,0,4,7,25,32,13,4,4,4,3,7,0,0,0,0,0,0,12,7,8,0,247,1,234,16,134,13,37,3,2,0,201,21,42,3,114,0,20,0,40,0,246,6,15,2,11,1,2,0,28,24,145,86,412,8,16,4,2,2,44,9,20,3,6,4,3,3
47,687,47,419,63,756,27,324,30,524,1,323,5,291,103,689,1,97,58,272,2,10,6,15,0,5,0,9,3,57,0,11,18,1919,0,0,43,440,31,53,8,712,3,47,1,271,67,21,10,36,3,112,3,13,7,31,2,59,1,338,56,775,13,133,7,10,8,135,0,38,26,249,32,337,33,1732,63,0,20,1045,0,0,4,14,22,172,1,248,5,215,0,26,5,157,0,6,1,4,9,17,1,1,1,0,4,3,23,6,7,10,13,12,6,0,0,0,0,0,0,7,0,4,0,3,6,55,14,109,20,143,4,20,1,6,6,47,4,10,1,83,0,30,1,11,14,82,5,21,4,15,3,9,8,63,77,166,14,685,1,3,0,3,2,92,5,19,3,3,5,3
189,13,50,7,67,4,11,3,43,2,25,0,42,4,61,20,8,0,13,3,0,0,0,0,0,0,0,0,0,0,1,0,148,7,0,0,136,29,36,2,496,1,21,6,82,0,17,1,5,1,18,0,10,0,12,0,3,0,8,2,456,5,187,1,109,0,63,5,4,1,155,19,137,7,332,7,1870,20,0,12,0,0,9,7,48,11,11,1,13,0,8,0,6,0,3,5,10,30,53,49,10,4,3,4,13,17,67,47,11,6,8,18,12,5,1,0,2,0,0,1,7,10,0,0,342,1,121,17,143,30,82,6,63,0,195,13,28,0,91,0,11,0,16,0,123,3,17,1,7,0,0,0,3,2,16,8,24,0,61,10,8,0,170,20,116,5,15,15,7,23
26,360,10,165,18,161,7,69,3,66,1,21,2,66,47,330,1,1,10,48,1,1,0,0,0,1,0,2,0,3,0,2,11,115,0,0,52,228,28,20,24,571,8,11,0,70,27,16,2,23,3,20,1,13,4,18,3,6,0,37,43,531,11,136,7,8,10,96,1,23,20,227,14,305,21,667,23,1045,12,0,0,0,2,8,14,36,0,16,5,20,0,2,0,8,2,2,5,5,6,19,7,2,0,0,6,2,65,7,17,3,39,8,6,0,1,1,1,0,1,2,0,12,0,0,3,53,11,96,21,52,2,10,0,15,10,18,4,1,3,23,0,3,0,2,12,31,1,5,5,5,0,0,0,9,25,35,9,54,3,9,0,8,3,647,2,79,3,1,2,2
0,0,0,0,0,0,0,0,0,0,0,0,0,0,0,0,0,0,0,0,0,0,0,0,0,0,0,0,0,0,0,0,0,0,0,0,0,0,0,0,0,0,0,0,0,0,0,0,0,0,0,0,0,0,0,0,0,0,0,0,0,0,0,0,0,0,0,0,0,0,0,0,0,0,0,0,0,0,0,0,0,0,0,0,0,0,0,0,0,0,0,0,0,0,0,0,0,0,0,0,0,0,0,0,0,0,0,0,0,0,0,0,0,0,0,0,0,0,0,0,0,0,0,0,0,0,0,0,0,0,0,0,0,0,0,0,0,0,0,0,0,0,0,0,0,0,0,0,0,0,0,0,0,0,0,0,0,0,0,0,0,0,0,0,0,0,0,0,0,0
0,0,0,0,0,0,0,0,0,0,0,0,0,0,0,0,0,0,0,0,0,0,0,0,0,0,0,0,0,0,0,0,0,0,0,0,0,0,0,0,0,0,0,0,0,0,0,0,0,0,0,0,0,0,0,0,0,0,0,0,0,0,0,0,0,0,0,0,0,0,0,0,0,0,0,0,0,0,0,0,0,0,0,0,0,0,0,0,0,0,0,0,0,0,0,0,0,0,0,0,0,0,0,0,0,0,0,0,0,0,0,0,0,0,0,0,0,0,0,0,0,0,0,0,0,0,0,0,0,0,0,0,0,0,0,0,0,0,0,0,0,0,0,0,0,0,0,0,0,0,0,0,0,0,0,0,0,0,0,0,0,0,0,0,0,0,0,0,0,0
57,3,21,0,14,0,4,0,1,0,0,0,57,1,11,2,0,0,0,0,0,0,0,0,0,0,0,0,0,0,0,0,102,7,0,0,9,2,60,2,8,4,5,0,0,0,95,1,19,0,53,0,33,0,46,0,15,0,15,0,24,0,19,3,6,0,2,9,6,1,36,19,6,1,1,0,35,4,9,2,0,0,0,13,135,8,0,0,32,4,0,0,1,0,0,0,0,0,0,0,0,1,2,0,0,1,2,0,1,0,0,2,0,0,0,0,0,0,0,0,0,0,0,0,1,0,1,1,8,3,1,0,0,0,3,0,1,0,0,0,0,0,0,0,6,1,1,0,6,0,0,0,0,0,0,0,0,0,0,0,0,0,0,1,0,0,0,0,0,0
5,24,2,12,0,14,0,2,0,1,0,0,0,5,0,12,0,0,0,1,0,0,0,0,0,0,0,0,0,0,0,0,7,10,0,0,4,23,41,56,5,7,1,1,0,0,44,20,3,48,1,13,6,34,4,30,0,11,0,5,3,5,11,8,4,1,0,26,3,11,26,83,1,1,2,11,13,14,7,8,0,0,13,0,19,189,0,1,21,32,0,0,3,5,0,0,0,0,0,0,0,0,0,0,0,0,0,0,0,0,0,1,0,0,0,0,0,0,0,0,0,1,0,2,0,0,2,4,7,3,2,0,0,0,4,0,0,0,0,0,0,0,0,1,3,11,2,2,5,2,0,0,0,0,0,0,0,0,0,0,0,0,0,0,0,0,1,0,0,0
507,13,91,0,79,4,29,2,10,1,1,0,447,0,39,16,0,0,5,0,0,0,0,0,0,0,0,0,0,0,0,0,290,17,0,0,54,16,180,5,313,7,46,1,0,0,271,4,90,3,281,0,84,0,197,1,98,0,316,0,1192,0,93,3,99,1,726,12,35,8,125,35,20,3,5,11,192,22,48,14,0,0,135,19,0,22,417,0,3172,11,0,0,386,0,4,0,2,0,3,2,0,0,2,1,0,0,2,2,0,0,2,1,1,1,1,0,0,0,0,0,2,0,1,0,3,0,8,3,32,22,3,1,0,0,8,0,1,2,3,0,1,0,1,0,10,4,1,2,13,3,0,0,0,0,6,1,0,0,1,1,0,0,2,1,1,0,0,0,0,0
3,646,1,84,1,46,0,10,0,5,0,1,1,12,5,40,0,0,0,2,0,0,0,0,0,0,0,0,0,0,0,0,14,103,0,0,4,14,77,121,3,290,1,13,0,0,167,137,23,130,7,345,15,116,7,201,3,236,6,393,4,105,12,22,4,11,0,824,1,353,41,236,3,8,1,10,15,172,11,36,0,0,8,189,22,0,0,1322,16,1993,0,10,5,182,0,6,0,0,1,1,1,0,0,0,0,0,3,0,2,3,0,3,2,0,0,0,0,0,0,1,0,2,0,3,0,3,1,9,21,14,1,0,0,0,2,3,0,0,0,33,0,21,0,10,5,39,2,2,2,6,0,0,0,0,2,1,0,0,1,0,0,0,0,12,0,0,1,0,0,0
0,0,33,4,33,6,0,0,20,0,184,0,0,0,6,0,0,1,22,4,2,1,0,0,1,0,0,0,167,0,11,0,332,0,0,0,3,0,3,0,855,0,147,0,419,0,0,0,1,0,9,0,1,0,3,0,2,0,404,0,0,0,0,0,1,0,0,0,0,0,1,0,0,0,25,0,250,1,11,0,0,0,0,0,417,0,0,0,733,0,1249,0,841,0,0,0,0,0,0,0,0,0,0,0,0,0,0,0,0,0,0,0,0,0,0,0,0,0,0,0,1,0,0,0,9,0,1,0,0,0,0,0,0,0,1,0,1,0,3,0,0,0,1,0,1,0,0,0,0,0,0,0,2,5,9,11,4,0,0,0,0,0,0,1,0,0,0,0,0,0
0,1,4,44,3,40,0,0,1,8,0,45,0,0,0,0,0,38,4,34,1,15,1,12,0,3,0,2,0,13,0,3,2,32,0,0,0,1,0,0,0,921,0,329,0,850,3,1,0,0,0,3,0,0,0,1,0,0,0,312,0,0,0,0,0,0,0,0,0,0,0,1,0,0,0,60,0,248,1,16,0,0,0,1,0,1322,0,0,0,579,0,1256,0,459,0,0,0,0,0,0,0,0,0,0,0,0,0,0,0,0,0,0,0,0,0,0,0,0,0,0,0,0,0,0,0,1,0,0,0,0,0,0,0,0,0,0,0,0,0,9,0,1,0,1,0,2,0,0,0,0,1,6,3,9,0,6,1,18,0,0,0,0,0,3,0,0,0,0,0,0
565,6,59,0,32,0,2,1,4,0,7,0,14,1,26,9,0,0,2,2,0,0,0,0,0,0,0,0,1,0,0,0,140,10,0,0,21,7,201,8,375,0,33,0,6,0,493,2,158,6,434,1,214,1,3090,2,446,0,454,1,690,1,252,1,383,0,659,10,874,8,162,35,10,1,6,0,161,5,13,5,0,0,32,21,3172,16,733,0,0,8,234,0,3851,2,17,0,0,1,0,1,0,0,2,0,0,0,3,2,0,0,0,1,0,0,0,0,0,0,0,1,0,0,0,0,0,0,3,1,8,5,0,0,0,0,2,1,0,0,5,0,1,0,1,0,5,1,1,1,1,2,0,0,0,0,1,1,0,0,0,0,0,0,0,2,1,1,0,0,0,0
0,134,0,57,0,15,0,0,0,1,0,7,1,0,4,52,0,0,0,1,0,0,0,0,0,0,0,0,0,1,0,0,3,73,0,0,1,3,21,99,3,796,2,35,0,33,282,610,43,216,11,565,6,624,8,2941,10,869,7,1277,2,238,2,30,1,66,1,94,0,1055,25,380,1,13,0,1,4,215,0,20,0,0,4,32,11,1993,0,579,8,0,0,344,5,4353,1,6,0,1,0,1,0,1,0,0,1,0,0,0,1,1,1,1,0,0,0,0,0,0,0,0,0,0,0,0,0,0,0,3,1,1,0,1,0,0,0,1,0,0,0,31,0,3,0,1,2,5,0,0,0,0,0,0,1,1,0,1,0,3,0,0,0,0,1,3,0,1,0,0,2,0
0,0,2,0,3,0,0,0,1,0,7,0,0,0,0,0,0,0,2,1,0,0,0,0,0,0,0,0,3,0,0,0,37,0,0,0,0,0,0,0,262,0,13,0,32,0,0,0,0,0,0,0,0,0,0,0,0,0,824,0,0,0,0,0,0,0,0,0,0,0,0,0,0,0,1,0,33,0,8,0,0,0,0,0,0,0,1249,0,234,0,0,0,3149,0,0,0,0,0,0,0,0,0,0,0,0,0,0,0,0,0,0,1,0,0,0,0,0,0,0,0,0,0,0,0,3,0,0,0,0,0,0,0,0,0,0,0,0,0,0,0,0,0,0,0,0,0,0,0,0,0,0,0,0,0,0,1,1,0,0,0,0,0,0,0,0,0,0,0,0,0
0,1,0,1,0,1,0,0,0,2,0,2,0,0,0,0,0,0,0,1,0,0,0,0,0,0,0,0,0,0,0,0,0,5,0,0,0,0,0,0,0,405,0,265,0,56,0,0,0,0,0,0,0,0,0,0,0,0,0,943,0,0,0,0,0,0,0,0,0,0,0,0,0,0,0,3,0,26,0,2,0,0,0,0,0,10,0,1256,0,344,0,0,0,2289,0,0,0,0,0,0,0,0,0,0,0,0,0,0,0,0,0,0,0,0,0,0,0,0,0,0,0,0,0,0,0,0,0,0,0,0,0,0,0,0,0,0,0,0,0,1,0,0,0,0,0,0,0,0,0,0,0,0,0,2,0,0,0,1,0,1,0,0,0,0,0,0,0,0,0,0
40,1,12,0,3,0,1,0,5,0,13,0,2,0,2,1,0,0,2,1,0,0,0,0,0,0,0,0,1,0,0,0,150,0,0,0,7,0,68,1,728,1,245,1,9,0,47,0,37,3,148,0,70,0,459,0,487,2,2769,0,25,0,47,0,15,0,2,0,7,0,47,6,0,0,4,0,235,5,6,0,0,0,1,3,386,5,841,0,3851,5,3149,0,0,0,13,0,0,0,0,0,0,0,2,0,0,0,0,0,0,0,0,0,0,0,0,0,0,0,0,0,1,0,0,0,1,0,2,0,3,1,0,0,0,0,2,0,0,0,5,0,0,0,1,0,4,0,0,0,0,0,0,0,0,0,1,1,0,0,0,0,0,0,0,0,0,0,0,0,0,0
0,1,0,3,0,0,0,0,0,0,0,2,0,0,0,1,0,0,0,2,0,0,0,0,0,0,0,0,0,0,0,0,0,27,0,0,0,2,9,21,1,453,1,53,0,31,92,63,12,32,0,124,1,63,2,315,1,1187,1,3080,0,1,0,2,0,1,0,0,0,0,6,70,0,0,0,4,0,157,0,8,0,0,0,5,0,182,0,459,2,4353,0,2289,0,0,0,11,0,0,0,1,0,0,0,0,0,0,0,0,0,1,0,0,0,0,0,0,0,0,0,1,0,0,0,0,0,0,0,0,0,4,0,0,0,0,1,0,0,0,0,26,0,3,0,2,0,6,0,0,0,0,0,0,0,0,1,1,1,2,0,0,0,0,0,2,0,0,1,0,0,0
0,1,0,0,0,0,0,0,0,0,0,0,0,0,0,0,0,0,0,0,0,0,0,0,0,0,0,0,0,0,0,0,3,0,0,0,0,1,2,0,3,1,6,0,1,0,5,0,4,0,23,1,5,0,51,0,95,0,262,0,1,0,1,0,0,0,0,0,0,0,2,0,0,0,0,2,1,0,3,2,0,0,0,0,4,0,0,0,17,1,0,0,13,0,0,32,4593,28,120,9,459,23,3778,111,360,4,628,18,78,9,22,9,1,2,41,97,186,2,2,0,0,0,0,0,0,0,1,3,1,1,0,0,0,0,1,0,0,0,0,0,0,0,0,0,1,0,0,0,0,0,0,0,0,0,0,0,0,0,2,1,0,0,0,0,4,0,0,2,1,0
0,0,0,1,1,0,0,0,0,0,0,0,0,0,1,0,0,0,0,0,0,0,0,0,0,0,0,0,0,0,0,0,1,1,0,0,2,0,2,0,11,2,4,6,0,0,0,0,1,1,0,19,0,0,0,3,0,70,0,262,0,0,0,0,0,0,0,0,0,0,3,1,0,0,0,0,2,6,5,2,0,0,0,0,0,6,0,0,0,6,0,0,0,11,32,0,73,7182,10,412,45,591,54,7017,36,506,87,618,19,87,16,16,7,48,84,128,265,21,18,4,0,0,0,0,1,0,4,1,1,2,0,0,0,0,0,0,0,1,0,0,0,0,1,0,1,0,0,0,1,0,0,0,0,0,1,0,0,1,4,1,0,0,0,4,0,0,2,11,1,1
0,0,0,0,1,0,0,0,0,0,0,0,0,1,0,1,0,0,0,0,0,0,0,0,0,0,0,0,0,0,0,0,0,0,0,0,0,0,0,0,3,1,37,6,1,0,1,0,0,0,1,4,0,0,0,0,0,0,0,0,1,0,2,0,1,0,0,0,0,0,1,3,0,1,2,2,3,1,10,5,0,0,0,0,2,0,0,0,0,0,0,0,0,0,4593,73,0,148,223,18,727,62,1533,174,4706,23,1295,85,145,18,26,18,1,10,63,133,422,54,4,2,0,0,0,0,0,1,4,6,3,4,3,1,0,1,0,1,0,0,4,0,1,0,1,0,3,0,0,0,0,0,0,0,0,0,0,0,0,0,11,2,0,0,2,7,3,4,1,5,1,3
6,1,0,0,0,0,1,0,1,0,0,0,0,0,2,1,0,0,0,0,0,0,0,0,0,0,0,0,0,0,0,0,0,0,0,0,5,1,7,0,28,1,10,31,1,0,3,0,0,0,3,8,0,0,0,0,0,0,0,1,2,0,5,1,0,0,0,3,0,0,4,1,3,0,1,2,12,4,30,5,0,0,0,0,0,0,0,0,1,1,0,0,0,0,28,7182,148,0,22,617,69,371,22,1259,57,4502,347,2848,51,201,96,63,13,49,84,102,291,102,54,10,0,0,0,0,0,0,9,1,17,6,1,2,0,0,1,2,0,0,0,0,0,1,1,2,4,0,0,0,0,2,0,0,0,0,0,0,0,0,11,1,1,2,0,9,3,2,6,13,1,7
2,0,1,0,0,1,0,0,1,0,0,0,0,0,4,1,0,0,0,0,0,0,0,0,0,0,0,0,0,0,0,0,2,0,0,0,4,3,5,1,91,2,32,6,5,0,3,0,1,0,82,3,0,0,0,0,0,0,2,1,4,1,1,0,2,0,1,0,0,0,3,4,4,1,8,4,18,9,53,6,0,0,0,0,3,1,0,0,0,0,0,0,0,0,120,10,223,22,0,74,498,56,152,19,239,10,750,51,929,38,64,27,183,398,153,32,20,36,124,341,1,0,0,0,5,3,28,21,103,33,19,9,5,3,70,15,9,2,16,2,19,1,59,8,126,6,11,5,10,4,0,0,0,0,0,0,0,1,19,3,0,2,1,2,46,9,32,17,129,6
2,6,1,1,0,1,0,0,1,1,0,0,0,0,2,5,0,0,1,0,0,0,0,0,0,0,0,0,0,0,0,0,0,5,0,0,5,5,7,1,34,23,8,20,1,1,2,0,1,0,2,71,0,0,0,0,0,0,0,4,9,4,2,0,5,1,2,0,0,0,3,9,4,4,8,15,13,17,49,19,0,0,0,0,2,1,0,0,1,1,0,0,0,1,9,412,18,617,74,0,250,965,12,540,25,191,171,757,31,226,92,114,79,213,278,28,51,42,44,80,1,0,0,0,5,5,18,29,70,156,11,22,4,4,15,68,3,9,7,2,2,36,5,37,16,38,1,26,16,22,0,0,0,0,0,0,2,4,29,33,0,15,3,13,52,25,22,53,81,19
2,0,0,1,0,0,0,0,0,0,0,0,0,0,1,0,0,0,0,0,0,0,0,0,0,0,0,0,0,0,0,0,1,1,0,0,0,0,1,1,11,3,42,16,0,0,2,1,0,0,38,2,1,0,0,0,0,0,56,2,1,0,0,0,0,0,0,0,0,0,2,0,0,0,0,3,3,1,10,7,0,0,0,0,0,1,0,0,0,0,0,0,0,0,459,45,727,69,498,250,0,945,2661,154,602,21,1157,89,314,28,117,37,8,263,2573,181,181,98,17,14,1,0,0,0,1,1,3,6,6,4,1,0,0,0,0,0,0,0,6,1,2,1,5,1,9,1,1,1,0,0,0,0,0,0,1,1,0,1,4,1,0,0,0,3,1,2,5,8,2,2
0,0,0,0,0,0,0,0,0,0,0,0,0,0,0,0,0,0,0,0,0,0,0,0,0,0,0,0,0,0,0,0,2,0,0,0,1,0,2,2,11,0,3,7,0,0,0,3,0,0,1,17,0,0,0,0,1,0,0,7,2,0,1,0,0,0,0,0,0,0,2,1,0,0,1,2,4,1,4,2,0,0,1,0,0,0,0,0,0,1,0,0,0,0,23,591,62,371,56,965,945,0,141,2021,41,87,184,335,31,187,57,69,17,140,1790,267,168,54,33,11,0,0,0,0,0,0,3,3,0,5,0,0,0,0,0,3,0,0,5,0,0,1,0,0,0,0,0,1,0,0,0,0,0,0,0,0,0,0,3,2,0,0,0,1,3,0,5,10,3,6
0,0,0,0,0,0,0,0,0,0,0,0,0,0,0,0,0,0,0,0,0,0,0,0,0,0,0,0,0,0,0,0,0,0,0,0,0,1,0,0,0,0,3,0,0,0,8,0,0,0,10,45,1,0,1,0,1,0,7,0,0,1,1,0,0,0,0,0,0,0,0,0,0,0,0,0,2,1,3,0,0,0,2,0,2,0,0,0,2,0,0,0,2,0,3778,54,1533,22,152,12,2661,141,0,608,225,4,376,27,97,9,14,7,0,24,238,901,313,10,5,3,0,0,0,0,0,0,1,0,0,1,1,0,0,0,0,0,0,0,0,0,0,0,0,0,1,0,0,0,0,0,0,0,0,0,0,1,0,0,2,1,0,0,0,2,0,0,0,3,1,0
