0,152,1608,63,1303,76,905,6,284,2,13,0,130,6,836,321,2,0,38,4,0,0,0,0,1,0,0,0,2,0,2,0,215,7,0,0,97,142,14,5,83,20,9,3,5,0,0,0,3,7,14,6,9,4,48,0,1,1,12,0,5670,52,184,20,435,3,174,9,102,3,265,46,922,117,873,38,380,31,7,0,0,0,5,1,122,5,11,0,494,12,3,0,75,1,22,7,5,0,137,15,22,2,4,1,17,1,17,4,35,15,5,2,44,53,0,0,0,0,1,7,0,0,4,0,4,0,5,1,6,0,1,0,7,0,146,2,1,0,0,1,25,2,13,4,140,10,26,2,2,0,0,0,1,0,8,3,10,1,7,2,21,2,23,3,30,6,0,2,58,0
152,0,49,2124,64,2703,19,2597,9,390,3,19,4,804,202,1126,1,0,14,20,1,5,0,0,0,0,0,2,0,2,0,0,11,351,0,0,55,172,1,1,2,376,0,19,0,0,4,6,0,8,2,30,0,19,3,118,0,2,0,1,35,5521,10,336,5,307,6,283,1,353,44,105,117,309,26,649,17,953,0,40,0,0,1,3,1,140,3,0,9,582,0,1,0,70,5,9,5,2,18,148,8,1,3,2,7,3,11,10,15,30,9,4,101,60,1,1,0,1,0,7,0,0,1,2,0,7,0,7,0,4,0,1,0,3,6,10,0,3,0,8,1,31,2,17,10,106,6,46,0,4,0,0,1,2,13,14,1,1,5,5,1,12,3,16,4,20,0,7,50,0
1608,49,0,163,7518,196,403,28,876,32,325,8,31,4,1355,203,25,3,1964,165,73,22,164,4,311,0,218,1,308,1,116,0,516,15,0,0,78,125,16,3,36,4,11,2,27,0,5,0,1,2,12,4,9,0,29,5,6,0,7,1,193,9,142,8,71,3,19,5,16,0,265,27,242,12,803,107,667,32,7,0,0,0,4,0,43,3,137,0,102,8,53,0,62,1,14,4,5,1,68,13,13,1,1,2,8,2,4,6,16,9,3,0,39,28,2,0,0,0,0,0,0,0,2,0,0,2,1,0,0,0,0,0,1,1,210,16,1,0,2,0,8,0,5,2,56,9,8,6,0,0,24,3,37,59,72,49,18,0,5,0,7,1,10,5,19,2,0,0,33,0
63,2124,163,0,233,7738,28,509,54,778,18,358,6,82,251,1507,24,8,287,2284,7,243,8,54,2,31,0,182,4,21,4,4,27,294,0,0,147,279,4,10,8,90,3,13,1,0,4,6,2,11,3,20,2,49,1,177,0,3,1,1,14,353,9,168,3,28,3,45,1,118,41,268,21,78,56,790,64,858,0,12,0,0,1,0,4,45,13,0,11,236,9,0,6,42,7,5,0,2,7,63,4,1,3,2,4,2,18,3,12,26,7,0,53,35,0,1,1,0,1,0,0,2,0,1,0,3,1,4,0,5,0,7,0,4,16,103,1,21,0,5,2,10,1,8,9,116,0,46,1,3,22,52,119,202,126,174,10,0,3,2,0,1,3,35,3,6,0,3,27,0
1303,64,7518,233,0,268,1127,40,2912,31,886,14,24,4,427,306,15,0,606,112,14,10,11,1,56,0,217,0,189,1,288,0,485,11,0,0,93,122,20,3,38,11,10,4,19,0,4,0,1,2,21,4,9,0,93,5,6,0,27,0,290,16,114,12,347,2,92,12,89,0,141,34,124,13,1213,121,625,50,3,0,0,0,8,0,89,3,125,0,567,9,40,0,204,3,8,4,3,0,54,11,8,1,1,0,6,1,6,4,15,7,0,4,30,20,3,0,0,0,1,5,0,0,0,0,0,1,1,1,5,2,0,0,1,1,257,6,0,2,4,1,6,3,3,4,54,9,16,7,0,1,6,4,33,50,124,111,9,0,3,0,11,0,8,2,12,1,0,1,39,0
76,2703,196,7738,268,0,17,1596,60,4151,15,839,1,67,271,425,5,0,396,421,4,118,3,20,1,27,0,593,1,65,7,3,39,242,0,0,138,190,3,12,4,69,2,8,0,0,3,5,2,4,2,11,0,10,2,125,0,1,1,1,8,271,7,61,7,96,3,68,0,181,47,92,10,25,77,1903,48,992,0,3,0,0,1,0,2,113,8,0,6,821,2,1,4,271,9,5,4,2,10,70,6,1,3,1,3,4,12,2,9,8,1,1,43,28,0,1,0,0,0,4,0,0,0,0,0,6,0,13,2,2,0,3,0,8,31,143,0,26,0,6,2,11,0,9,7,130,1,57,0,8,6,6,54,63,157,129,4,1,2,3,0,1,2,44,2,16,0,0,36,1
905,19,403,28,1127,17,0,1,1310,2,19,0,1007,2,497,63,2,0,19,2,0,0,0,0,1,0,1,0,1,0,0,0,782,6,0,0,34,32,10,2,29,3,5,0,2,0,2,0,1,4,2,2,11,0,24,0,2,0,3,0,534,5,66,10,90,3,236,8,14,0,108,21,91,7,272,11,199,8,1,1,0,0,16,4,397,3,81,0,372,3,1,0,34,1,7,3,1,0,35,3,11,0,2,0,4,2,5,3,5,2,1,0,20,16,0,1,0,1,1,3,0,0,2,0,1,0,1,0,0,0,0,0,1,0,50,0,0,0,2,0,10,1,5,0,30,0,2,2,0,0,0,0,0,0,11,4,4,0,2,1,5,0,10,0,14,0,0,2,24,0
6,2597,28,509,40,1596,1,0,6,2540,1,43,0,796,77,345,0,0,36,91,0,3,0,0,0,0,0,3,0,3,0,0,8,688,0,0,26,68,3,2,4,16,0,2,0,0,0,0,0,5,0,5,0,2,2,13,0,0,0,0,1,176,0,27,1,96,1,265,0,82,12,36,5,10,12,468,2,294,0,1,0,0,0,0,0,231,2,0,1,310,2,0,1,49,2,1,0,0,3,9,0,0,0,0,0,1,2,1,1,1,1,1,10,15,0,0,0,0,0,1,0,0,0,1,0,2,0,2,1,2,0,0,0,1,5,12,0,4,0,0,0,1,0,2,1,25,0,14,0,1,0,0,2,1,25,43,0,0,1,1,0,0,1,8,2,2,0,0,4,0
284,9,876,54,2912,60,1310,6,0,5,1299,3,143,1,488,67,0,0,351,24,0,0,0,0,2,0,0,0,57,0,40,0,1292,7,0,0,70,34,17,1,32,4,6,1,5,0,2,0,1,2,13,0,10,0,19,0,7,0,16,0,116,6,27,5,35,1,83,4,16,0,155,18,78,9,528,48,375,11,5,0,0,0,20,2,329,2,104,0,285,4,28,0,45,1,4,2,4,0,30,3,3,0,1,1,2,0,5,3,6,1,1,0,13,13,1,0,0,0,0,2,0,0,0,0,2,0,0,0,3,0,0,0,2,0,138,1,0,1,1,1,8,1,5,1,36,2,4,0,0,0,1,0,2,8,46,31,2,0,0,0,7,0,9,0,6,0,0,0,20,0
2,390,32,778,31,4151,2,2540,5,0,3,951,0,96,28,194,1,1,65,154,1,6,0,1,0,2,0,10,0,66,0,0,6,855,0,0,11,62,3,1,0,5,0,1,0,0,0,0,0,0,0,7,2,2,1,10,0,0,0,0,5,48,0,9,1,20,0,85,0,22,9,25,2,5,14,584,7,350,0,1,0,0,0,0,0,105,3,0,2,129,0,0,0,28,1,0,0,0,3,7,1,1,0,0,0,1,3,0,1,2,2,0,11,6,0,0,0,0,0,0,0,0,0,1,0,1,0,3,1,1,0,4,0,2,3,66,0,9,0,0,0,2,0,3,0,43,0,11,0,0,1,3,11,26,22,55,1,0,1,2,1,0,0,21,0,1,0,2,4,0
13,3,325,18,886,15,19,1,1299,3,0,4,7,0,23,3,10,0,101,32,19,3,9,1,91,0,140,0,1580,0,557,0,788,0,0,0,8,9,1,2,28,1,7,0,22,0,0,0,2,0,5,0,1,0,1,0,1,0,9,0,11,0,4,1,3,0,1,0,1,0,19,1,3,1,128,7,339,1,1,0,0,0,3,0,3,0,149,0,39,0,61,0,49,0,2,0,0,0,8,1,0,0,0,0,0,0,0,2,3,0,1,0,8,6,0,0,0,0,0,1,0,0,0,0,0,0,0,0,1,0,0,0,1,0,48,1,0,0,0,0,4,0,0,2,5,0,0,0,0,0,2,2,15,6,18,4,4,0,0,0,3,0,0,0,1,0,0,1,6,1
0,19,8,358,14,839,0,43,3,951,4,0,0,4,3,14,3,1,19,82,1,83,0,81,0,88,0,327,1,822,1,5,2,355,0,0,1,13,0,0,0,2,0,0,0,0,0,0,0,0,0,1,0,0,0,0,0,0,0,0,0,4,0,1,0,0,0,1,0,2,0,2,0,1,3,92,0,45,0,0,0,0,0,0,0,5,0,0,0,5,0,0,0,0,0,0,0,0,0,2,0,0,0,0,0,0,0,0,1,0,0,0,10,1,0,0,0,0,0,0,0,0,0,0,0,1,0,0,0,0,0,0,0,2,2,14,0,3,0,1,0,0,0,0,0,6,0,2,0,0,3,6,16,21,6,15,0,2,0,0,0,0,0,3,0,1,0,1,1,0
130,4,31,6,24,1,1007,0,143,0,7,0,0,0,52,7,0,0,6,0,0,0,0,0,0,0,0,0,0,0,0,0,1617,7,0,0,8,12,13,5,17,3,2,0,0,0,1,0,1,5,0,3,13,1,35,1,0,0,0,0,1521,3,37,8,30,1,750,9,7,1,94,20,11,1,66,3,126,1,1,0,0,0,245,4,918,10,76,0,92,4,0,0,0,1,3,0,2,0,17,1,5,0,0,0,1,1,1,0,5,0,0,0,3,5,2,0,0,0,0,1,0,0,0,0,0,0,0,0,2,0,0,0,0,0,5,0,0,0,0,2,10,4,3,3,12,4,2,1,0,0,0,0,0,0,1,1,1,0,1,0,4,0,6,1,4,0,0,0,4,0
6,804,4,82,4,67,2,796,1,96,0,4,0,0,13,118,0,0,4,8,0,0,0,0,0,0,0,0,0,1,0,0,3,1836,0,0,6,37,1,1,3,25,0,0,0,0,1,0,1,8,0,4,2,9,0,12,0,0,0,1,4,1400,5,95,1,51,4,999,1,30,27,73,8,33,2,70,4,214,0,4,0,0,0,141,2,1117,0,3,1,64,0,0,0,4,0,1,1,0,5,8,0,0,1,0,0,0,0,0,4,2,0,0,5,1,0,0,0,0,0,1,0,0,0,0,0,0,0,0,0,0,0,0,0,0,2,2,0,1,0,1,1,0,0,1,3,6,0,4,0,0,0,0,0,0,0,3,0,0,1,2,0,1,0,2,0,0,0,0,4,0
836,202,1355,251,427,271,497,77,488,28,23,3,52,13,0,1045,1,0,643,38,0,0,1,0,6,0,0,0,5,0,1,0,374,14,0,0,1320,413,22,2,32,30,5,11,4,0,2,3,4,9,10,9,11,6,28,7,2,0,1,0,186,55,170,22,33,1,11,10,15,7,693,85,661,130,530,110,370,89,12,3,0,0,3,0,25,4,46,0,47,18,0,0,10,3,13,6,11,0,75,23,11,0,4,0,10,0,5,4,23,13,1,0,53,44,1,2,0,0,0,5,2,0,1,0,0,1,1,1,3,2,0,0,6,1,238,8,1,0,1,2,13,7,7,6,86,21,16,14,1,0,0,0,4,1,206,69,9,0,5,3,7,1,14,3,22,7,0,2,44,0
321,1126,203,1507,306,425,63,345,67,194,3,14,7,118,1045,0,0,0,126,464,0,4,2,0,0,0,0,3,1,2,0,0,55,74,0,0,331,2551,6,19,9,103,1,14,2,0,5,4,3,24,2,25,2,23,6,41,0,0,1,0,33,600,25,278,10,16,8,31,3,30,107,629,163,1128,70,460,68,486,0,17,0,0,2,0,5,28,2,0,14,66,0,2,1,10,4,3,4,1,16,67,9,0,3,0,5,1,9,4,7,17,1,2,47,28,0,0,1,1,1,5,0,0,0,3,0,2,0,10,1,4,0,3,3,3,34,28,0,4,0,4,3,14,2,13,20,112,4,40,1,5,1,1,8,7,92,238,2,2,6,0,3,3,1,27,4,18,0,1,39,0
2,1,25,24,15,5,2,0,0,1,10,3,0,0,1,0,0,49,60,54,432,31,810,14,86,2,15,1,75,1,3,0,144,0,0,0,20,6,3,0,6,0,0,0,72,0,0,0,0,0,4,0,0,0,0,0,1,0,3,0,1,0,0,0,0,0,0,0,0,0,4,0,0,0,22,285,76,1,3,0,0,0,0,0,0,0,40,0,7,0,49,0,37,0,0,1,0,0,0,0,1,0,0,0,1,0,0,0,0,0,0,0,0,0,0,0,0,0,0,0,0,5,0,0,0,0,0,0,0,0,0,0,0,0,3,6,0,0,0,0,2,0,0,0,3,0,0,0,0,0,302,12,118,20,110,9,932,5,0,0,0,0,0,0,0,0,0,0,1,0
0,0,3,8,0,0,0,0,0,1,0,1,0,0,0,0,49,0,26,59,64,138,22,67,0,2,0,0,0,0,0,0,1,0,0,0,0,13,0,0,0,0,0,0,1,0,0,0,0,0,0,0,0,0,0,0,0,0,0,0,0,0,0,0,0,0,0,0,0,0,1,1,0,0,21,66,2,0,0,0,0,0,0,0,0,0,1,0,0,0,0,0,2,0,0,0,0,0,0,0,0,0,0,0,0,0,0,0,0,0,0,0,0,0,0,0,0,0,0,0,0,0,0,0,0,0,0,0,0,0,0,0,0,0,0,0,0,0,0,0,0,0,0,0,0,0,0,0,0,0,22,29,30,24,4,57,35,19,0,0,0,0,0,0,0,0,0,0,0,0
38,14,1964,287,606,396,19,36,351,65,101,19,6,4,643,126,60,26,0,371,214,53,126,13,27,1,1,1,47,0,15,0,270,22,0,0,538,136,41,4,27,3,4,3,17,0,1,0,2,3,10,2,4,0,8,2,4,0,4,1,23,5,18,4,9,1,2,2,4,0,230,20,22,3,778,191,355,59,3,1,0,0,2,0,12,3,78,0,34,4,30,0,41,2,7,1,1,0,19,7,1,0,1,1,0,1,3,3,4,3,0,1,20,8,0,0,0,0,0,1,0,1,0,1,0,0,1,1,0,0,0,0,0,0,132,15,0,4,0,0,3,2,1,1,18,16,3,6,0,0,110,16,937,121,711,106,18,1,2,0,4,0,5,3,4,3,0,2,17,1
4,20,165,2284,112,421,2,91,24,154,32,82,0,8,38,464,54,59,371,0,36,784,17,230,5,12,0,9,8,7,5,0,22,75,0,0,40,943,6,20,5,12,0,8,1,0,0,3,1,5,2,14,0,1,2,8,1,0,1,0,1,9,2,8,1,2,1,2,0,0,26,117,1,5,64,340,63,186,0,1,0,0,1,0,2,5,12,0,7,14,10,0,3,2,0,1,3,1,6,18,1,0,1,0,1,1,1,0,4,3,0,1,14,10,2,0,0,0,1,0,0,0,0,0,0,1,0,1,0,0,0,3,0,4,16,59,0,6,0,1,1,1,1,0,4,27,0,2,0,1,46,309,227,1013,158,593,13,3,0,0,1,2,2,15,1,4,0,4,13,0
0,1,73,7,14,4,0,0,0,1,19,1,0,0,0,0,432,64,214,36,0,41,1581,18,161,1,20,0,116,0,9,0,101,0,0,0,11,7,2,1,6,0,0,0,16,0,0,0,0,0,0,0,0,0,0,0,0,0,1,0,0,0,0,0,0,0,0,0,0,0,4,0,0,0,143,40,60,0,1,0,0,0,0,0,1,0,14,0,1,0,19,0,10,0,0,0,0,0,0,0,0,0,0,0,0,0,1,0,1,0,0,0,0,0,0,0,0,0,0,0,0,0,0,0,0,0,0,0,0,0,0,0,0,0,3,0,0,0,0,0,0,0,0,0,0,0,0,0,0,0,373,15,164,10,40,12,49,2,0,0,0,0,1,0,0,0,0,0,0,0
0,5,22,243,10,118,0,3,0,6,3,83,0,0,0,4,31,138,53,784,41,0,2,1382,2,113,0,239,2,10,1,1,1,4,0,0,2,34,2,2,0,0,0,0,1,0,0,0,0,0,0,0,0,0,0,1,0,0,0,0,0,0,0,0,0,0,0,0,0,0,0,3,0,0,11,53,6,1,0,0,0,0,0,0,0,0,1,0,0,0,1,0,0,0,0,0,0,0,1,1,0,0,0,0,0,0,0,0,0,0,0,0,0,0,0,0,0,0,0,0,0,0,0,0,0,0,0,0,0,0,0,0,0,0,1,2,0,1,0,0,0,0,0,0,0,2,0,0,0,0,31,669,86,160,5,71,2,7,0,0,0,0,0,0,0,0,0,0,1,0
0,0,164,8,11,3,0,0,0,0,9,0,0,0,1,2,810,22,126,17,1581,2,0,2,717,0,44,0,140,0,2,0,100,0,0,0,10,1,8,0,1,0,1,0,18,0,0,0,0,0,0,0,0,0,1,0,0,0,1,0,0,0,0,0,1,0,0,0,0,0,2,0,0,0,84,5,38,0,0,0,0,0,1,0,0,0,18,0,1,0,7,0,5,0,0,0,0,0,0,0,0,0,0,0,0,0,0,0,0,1,0,0,0,0,0,0,0,0,0,0,0,0,0,0,0,0,0,0,0,0,0,0,0,0,3,0,0,0,0,0,0,0,0,0,0,0,0,0,0,0,268,7,120,4,62,1,214,0,0,0,0,0,0,0,1,0,0,0,0,0
0,0,4,54,1,20,0,0,0,1,1,81,0,0,0,0,14,67,13,230,18,1382,2,0,0,459,0,119,0,1,0,0,1,0,0,0,0,39,0,0,0,0,0,0,0,0,0,0,0,0,0,1,0,0,0,0,0,0,0,0,0,0,0,0,0,0,0,0,0,0,1,0,0,0,7,43,1,2,0,0,0,0,0,0,0,0,0,0,0,0,0,0,0,0,0,0,0,0,0,1,0,0,0,0,0,0,0,0,0,0,0,0,0,0,0,0,0,0,0,0,0,0,0,0,0,0,0,0,0,0,0,0,0,0,0,0,0,0,0,0,0,0,0,0,0,1,0,0,0,0,13,63,22,87,2,77,0,5,0,0,0,0,0,0,0,0,0,0,0,0
1,0,311,2,56,1,1,0,2,0,91,0,0,0,6,0,86,0,27,5,161,2,717,0,0,0,403,0,757,0,13,0,115,0,0,0,2,1,4,0,2,0,0,0,7,0,0,0,0,0,0,0,0,0,2,0,0,0,0,1,2,0,0,0,0,0,0,0,0,0,1,0,1,0,22,1,34,0,0,0,0,0,0,0,1,0,9,0,2,0,9,0,4,0,0,0,0,0,1,0,0,0,0,0,1,0,0,0,0,0,0,0,0,0,0,0,0,0,0,0,0,0,0,0,0,0,0,0,0,0,0,0,0,0,10,0,0,0,0,0,0,0,0,0,1,0,0,0,0,0,5,0,42,2,7,0,24,1,0,0,1,0,2,0,0,0,0,0,0,0
0,0,0,31,0,27,0,0,0,2,0,88,0,0,0,0,2,2,1,12,1,113,0,459,0,0,0,403,0,5,0,1,0,0,0,0,0,0,0,0,0,0,0,0,0,0,0,0,0,0,0,0,0,0,0,0,0,0,0,0,0,0,0,0,0,0,0,0,0,0,0,0,0,0,1,4,0,0,0,0,0,0,0,0,0,0,0,0,0,0,0,0,0,0,0,0,0,0,0,0,0,0,0,0,0,0,0,0,0,0,0,0,0,0,0,0,0,0,0,0,0,0,0,0,0,0,0,0,0,0,0,0,0,0,0,0,0,0,0,0,0,0,0,0,0,0,0,0,0,0,2,0,1,2,0,0,0,1,0,0,0,0,0,0,0,0,0,0,0,0
0,0,218,0,217,0,1,0,0,0,140,0,0,0,0,0,15,0,1,0,20,0,44,0,403,0,0,0,244,0,14,0,51,0,0,0,0,0,0,0,0,0,0,0,3,0,0,0,0,0,0,0,0,0,0,0,0,0,2,0,0,0,0,0,0,0,0,0,0,0,0,0,0,0,2,0,12,0,0,0,0,0,0,0,0,0,5,0,3,0,2,0,0,0,0,0,0,0,0,0,0,0,0,0,0,0,0,0,0,0,0,0,0,0,0,0,0,0,0,0,0,0,0,0,0,0,0,0,0,0,0,0,0,0,0,0,0,0,0,0,0,0,0,0,0,0,0,0,0,0,1,0,0,0,0,0,8,0,0,0,0,0,0,0,0,0,0,0,0,0
0,2,1,182,0,593,0,3,0,10,0,327,0,0,0,3,1,0,1,9,0,239,0,119,0,403,0,0,0,47,0,0,0,15,0,0,0,1,0,0,0,0,0,0,0,0,0,0,0,0,0,0,0,0,0,1,0,0,0,0,0,0,0,0,0,0,0,0,0,0,0,0,0,0,0,5,0,2,0,0,0,0,0,0,0,0,0,0,0,0,0,0,0,1,0,0,0,0,0,0,0,0,0,0,0,0,0,0,0,0,0,0,2,0,0,0,0,0,0,0,0,0,0,0,0,0,0,0,0,0,0,0,0,0,1,2,0,0,0,0,0,0,0,0,0,0,0,0,0,0,1,0,1,0,0,0,0,1,0,0,0,0,0,0,0,0,0,0,1,0
2,0,308,4,189,1,1,0,57,0,1580,1,0,0,5,1,75,0,47,8,116,2,140,0,757,0,244,0,0,0,155,0,377,0,0,0,0,0,1,0,10,0,3,0,12,0,0,0,0,0,1,0,0,0,1,0,0,0,2,0,9,0,1,0,1,0,1,0,0,0,3,0,2,0,29,1,200,1,0,0,0,0,1,0,0,0,59,0,8,0,40,0,15,0,0,0,0,0,0,0,1,0,0,0,0,0,0,1,0,0,0,0,4,0,0,0,0,0,0,0,0,0,0,0,0,0,0,0,0,0,0,0,0,0,10,0,0,0,0,0,1,0,1,0,2,0,0,0,0,0,7,0,14,1,1,2,12,0,0,0,1,0,0,0,0,0,0,0,1,0
0,2,1,21,1,65,0,3,0,66,0,822,0,1,0,2,1,0,0,7,0,10,0,1,0,5,0,47,0,0,0,1,0,81,0,0,0,0,0,0,0,0,0,0,0,0,0,0,0,0,0,0,0,0,0,0,0,0,0,0,0,1,0,0,0,0,0,1,0,0,0,0,0,0,1,15,0,13,0,0,0,0,0,0,0,0,0,0,0,1,0,0,0,0,0,0,0,0,0,0,0,0,0,0,0,0,0,0,0,0,0,0,0,1,0,0,0,0,0,0,0,0,0,0,0,0,0,0,0,0,0,0,0,0,0,4,0,1,0,0,0,0,0,0,0,0,0,0,0,0,1,0,3,0,0,0,0,0,0,0,0,0,0,1,0,0,0,0,2,0
2,0,116,4,288,7,0,0,40,0,557,1,0,0,1,0,3,0,15,5,9,1,2,0,13,0,14,0,155,0,0,0,59,0,0,0,0,1,0,0,5,0,1,0,4,0,0,0,0,0,0,0,0,0,2,0,1,0,0,0,2,0,0,0,0,0,0,0,0,0,1,0,1,0,21,2,56,1,0,0,0,0,0,0,0,0,30,0,6,0,19,0,10,0,0,0,0,0,1,2,0,0,0,0,0,0,1,0,0,0,0,0,2,0,0,0,0,0,0,0,0,0,0,0,0,0,0,0,0,0,0,0,0,0,7,0,0,0,1,0,0,0,0,0,1,0,0,0,0,0,1,2,5,2,1,1,1,0,0,0,1,0,2,0,1,0,0,0,0,0
0,0,0,4,0,3,0,0,0,0,0,5,0,0,0,0,0,0,0,0,0,1,0,0,0,1,0,0,0,1,0,0,0,0,0,0,0,0,0,0,0,0,0,0,0,0,0,0,0,0,0,0,0,0,0,0,0,0,0,0,0,0,0,0,0,0,0,0,0,0,0,0,0,0,0,0,0,0,0,0,0,0,0,0,0,1,0,0,0,0,0,0,0,0,0,0,0,0,0,0,0,0,0,0,0,0,0,0,0,0,0,0,0,0,0,0,0,0,0,0,0,0,0,0,0,0,0,0,0,0,0,0,0,0,0,0,0,0,0,0,0,0,0,0,0,1,0,0,0,0,0,0,0,0,0,0,0,0,0,0,0,0,0,0,0,0,0,0,0,0
215,11,516,27,485,39,782,8,1292,6,788,2,1617,3,374,55,144,1,270,22,101,1,100,1,115,0,51,0,377,0,59,0,0,6,0,0,44,20,27,8,57,5,25,2,76,0,19,4,19,9,31,1,68,5,219,2,26,0,18,0,439,9,165,11,82,3,79,15,56,2,188,41,68,8,246,15,628,11,3,0,0,0,214,2,397,7,757,0,237,14,58,0,41,3,7,2,2,0,17,3,3,0,0,0,2,2,3,2,3,1,1,2,6,13,0,0,0,0,0,2,0,0,2,0,0,0,0,0,2,1,0,0,0,1,47,2,0,0,5,4,35,2,16,1,50,6,6,1,1,0,7,0,11,5,38,13,33,0,0,0,4,0,9,0,2,0,0,1,11,0
7,351,15,294,11,242,6,688,7,855,0,355,7,1836,14,74,0,0,22,75,0,4,0,0,0,0,0,15,0,81,0,0,6,0,0,0,11,46,1,4,6,31,0,4,0,0,5,9,6,33,1,5,3,56,2,70,0,7,0,1,9,1161,9,645,7,107,9,470,4,60,32,159,12,29,5,132,5,157,0,10,0,0,2,109,15,458,1,3,7,104,0,1,0,8,1,3,0,1,4,8,1,1,0,0,2,0,2,2,0,3,0,0,4,3,0,0,0,0,1,0,1,0,0,0,0,0,0,2,0,1,0,0,0,0,2,13,0,0,0,3,9,3,3,0,4,11,1,3,0,1,1,1,6,15,10,18,0,0,0,0,0,0,0,6,0,3,0,0,8,0
0,0,0,0,0,0,0,0,0,0,0,0,0,0,0,0,0,0,0,0,0,0,0,0,0,0,0,0,0,0,0,0,0,0,0,0,0,0,0,0,0,0,0,0,0,0,0,0,0,0,0,0,0,0,0,0,0,0,0,0,0,0,0,0,0,0,0,0,0,0,0,0,0,0,0,0,0,0,0,0,0,0,0,0,0,0,0,0,0,0,0,0,0,0,0,0,0,0,0,0,0,0,0,0,0,0,0,0,0,0,0,0,0,0,0,0,0,0,0,0,0,0,0,0,0,0,0,0,0,0,0,0,0,0,0,0,0,0,0,0,0,0,0,0,0,0,0,0,0,0,0,0,0,0,0,0,0,0,0,0,0,0,0,0,0,0,0,0,0,0
0,0,0,0,0,0,0,0,0,0,0,0,0,0,0,0,0,0,0,0,0,0,0,0,0,0,0,0,0,0,0,0,0,0,0,0,0,0,0,0,0,0,0,0,0,0,0,0,0,0,0,0,0,0,0,0,0,0,0,0,0,0,0,0,0,0,0,0,0,0,0,0,0,0,0,0,0,0,0,0,0,0,0,0,0,0,0,0,0,0,0,0,0,0,0,0,0,0,0,0,0,0,0,0,0,0,0,0,0,0,0,0,0,0,0,0,0,0,0,0,0,0,0,0,0,0,0,0,0,0,0,0,0,0,0,0,0,0,0,0,0,0,0,0,0,0,0,0,0,0,0,0,0,0,0,0,0,0,0,0,0,0,0,0,0,0,0,0,0,0
97,55,78,147,93,138,34,26,70,11,8,1,8,6,1320,331,20,0,538,40,11,2,10,0,2,0,0,0,0,0,0,0,44,11,0,0,0,340,730,7,25,14,5,3,1,0,8,0,20,7,8,8,22,1,4,2,0,2,1,0,53,38,50,22,8,3,7,17,4,3,3233,58,730,48,182,64,30,40,1,0,0,0,1,1,8,2,3,0,10,4,2,0,3,0,3,0,2,1,23,6,3,0,0,0,2,1,0,0,7,4,0,1,9,11,1,0,0,0,0,1,0,0,0,0,0,0,2,0,5,2,0,1,0,0,31,5,0,0,1,0,14,2,3,4,21,10,3,6,1,0,6,0,103,1,1066,110,15,0,0,0,0,1,3,4,7,1,0,1,10,0
142,172,125,279,122,190,32,68,34,62,9,13,12,37,413,2551,6,13,136,943,7,34,1,39,1,0,0,1,0,0,1,0,20,46,0,0,340,0,18,402,11,73,1,16,0,0,0,26,17,56,0,25,2,13,7,3,1,1,1,0,38,166,29,67,14,21,18,78,0,4,289,2596,256,492,76,334,47,158,0,3,0,0,9,5,9,44,4,0,8,16,3,0,4,8,4,6,1,0,10,20,7,0,1,1,5,1,4,2,3,2,0,0,33,30,0,0,0,0,0,0,0,0,0,0,0,0,2,2,6,2,0,0,0,2,30,7,0,3,0,6,8,16,2,5,17,52,2,13,0,0,3,37,26,550,92,1102,3,0,2,0,1,2,2,10,2,2,0,2,20,0
14,1,16,4,20,3,10,3,17,3,1,0,13,1,22,6,3,0,41,6,2,2,8,0,4,0,0,0,1,0,0,0,27,1,0,0,730,18,0,111,77,23,9,1,1,0,604,44,526,64,80,7,299,34,131,12,22,6,26,3,16,2,46,3,40,3,37,7,21,4,2543,68,1,2,20,5,28,3,0,0,0,0,13,3,66,9,3,0,78,19,0,0,28,16,1,1,2,0,3,0,1,0,0,0,3,2,4,0,1,0,0,0,5,4,0,0,0,0,0,1,2,0,1,0,0,0,1,0,4,0,0,0,0,0,11,1,0,0,3,2,21,3,9,0,39,1,4,1,0,0,12,0,40,0,155,3,10,0,0,0,0,0,3,0,1,0,0,1,4,0
5,1,3,10,3,12,2,2,1,1,2,0,5,1,2,19,0,0,4,20,1,2,0,0,0,0,0,0,0,0,0,0,8,4,0,0,7,402,111,0,28,27,1,22,2,0,125,296,161,167,18,62,83,32,47,15,7,4,4,15,4,2,25,2,16,16,11,6,12,8,285,1267,0,0,6,8,7,9,0,0,0,0,6,0,30,29,3,0,36,18,1,1,8,9,1,1,0,0,1,1,0,1,0,0,0,0,2,0,1,0,0,0,1,1,0,0,0,0,0,0,0,0,0,0,0,0,2,0,1,0,0,0,0,0,2,1,0,0,7,5,6,1,4,1,18,4,1,2,0,0,0,1,1,11,0,21,0,0,0,0,0,0,0,2,0,0,0,0,3,0
83,2,36,8,38,4,29,4,32,0,28,0,17,3,32,9,6,0,27,5,6,0,1,0,2,0,0,0,10,0,5,0,57,6,0,0,25,11,77,28,0,114,1850,9,265,0,167,195,116,138,585,46,115,68,207,32,43,18,582,17,156,7,80,5,29,3,27,6,32,4,446,251,70,7,63,3,221,5,11,0,0,0,2,2,72,16,197,0,227,28,400,0,464,28,16,9,8,1,26,17,10,2,3,3,11,6,20,12,16,9,5,5,19,9,5,1,1,1,0,2,2,1,4,0,0,0,0,0,1,0,0,0,2,0,26,1,0,0,537,3,116,1,187,3,1039,7,8,0,0,1,0,0,2,0,5,3,30,0,1,1,9,1,119,3,2,1,0,2,22,1
20,376,4,90,11,69,3,16,4,5,1,2,3,25,30,103,0,0,3,12,0,0,0,0,0,0,0,0,0,0,0,0,5,31,0,0,14,73,23,27,114,0,0,1212,0,0,94,128,29,115,34,438,13,109,23,129,6,103,10,287,12,317,26,73,17,21,13,26,13,63,108,273,18,74,10,133,17,305,1,22,0,0,4,8,30,103,8,31,18,329,0,71,7,130,3,78,3,0,5,9,2,1,1,42,2,1,4,4,6,2,3,0,4,7,0,1,0,0,0,1,0,0,1,1,0,3,1,0,0,1,0,0,0,0,1,3,0,0,3,364,6,45,2,124,14,714,0,12,0,1,0,0,0,0,3,6,1,31,0,0,0,3,1,34,2,4,0,0,4,0
9,0,11,3,10,2,5,0,6,0,7,0,2,0,5,1,0,0,4,0,0,0,1,0,0,0,0,0,3,0,1,0,25,0,0,0,5,1,9,1,1850,0,0,9,396,0,58,4,16,1,616,0,16,1,44,1,21,0,1434,0,28,0,7,1,2,0,1,0,4,0,231,7,4,0,5,3,21,4,0,0,0,0,0,0,2,0,148,0,50,0,51,0,176,0,5,16,4,3,5,12,6,2,1,0,3,5,3,5,5,8,0,5,1,0,2,0,0,1,0,0,0,0,0,0,0,0,0,0,0,0,0,0,0,0,1,0,0,0,3,0,1,0,0,0,9,0,0,0,0,0,0,0,0,0,2,0,1,0,0,0,0,0,1,0,0,0,0,0,0,0
3,19,2,13,4,8,0,2,1,1,0,0,0,0,11,14,0,0,3,8,0,0,0,0,0,0,0,0,0,0,0,0,2,4,0,0,3,16,1,22,9,1212,9,0,0,0,12,136,5,65,9,782,1,34,5,22,0,27,3,743,1,8,0,7,1,4,2,0,0,5,14,440,3,3,2,7,2,13,0,0,0,0,0,3,1,9,0,7,0,57,0,30,0,123,11,11,3,1,4,16,12,2,5,5,3,2,5,6,5,3,5,3,0,1,1,0,1,0,0,0,0,0,0,0,0,1,0,0,0,0,0,0,0,0,0,0,0,0,0,3,0,2,0,1,2,28,0,0,0,0,0,1,1,1,0,4,0,0,1,1,0,4,5,4,0,0,0,0,1,0
5,0,27,1,19,0,2,0,5,0,22,0,0,0,4,2,72,1,17,1,16,1,18,0,7,0,3,0,12,0,4,0,76,0,0,0,1,0,1,2,265,0,396,0,0,0,2,1,1,0,15,0,1,0,6,1,3,0,77,0,2,1,0,0,1,1,1,0,0,0,2,0,3,0,13,1,87,0,32,0,0,0,1,0,0,0,820,0,18,0,358,0,104,0,1,1,0,0,3,4,0,0,0,0,1,1,2,0,2,1,0,0,3,4,0,0,0,0,0,0,0,1,0,0,0,0,0,0,0,0,0,0,0,0,11,0,0,0,12,0,5,0,5,0,20,1,1,0,0,0,0,0,2,0,1,0,166,0,0,0,0,0,9,0,0,0,0,0,4,0
0,0,0,0,0,0,0,0,0,0,0,0,0,0,0,0,0,0,0,0,0,0,0,0,0,0,0,0,0,0,0,0,0,0,0,0,0,0,0,0,0,0,0,0,0,0,0,0,0,0,0,0,0,0,0,0,0,0,0,0,0,0,0,0,0,0,0,0,0,0,0,0,0,0,0,0,0,0,0,0,0,0,0,0,0,0,0,0,0,0,0,0,0,0,0,0,0,0,0,0,0,0,0,0,0,0,0,0,0,0,0,0,0,0,0,0,0,0,0,0,0,0,0,0,0,0,0,0,0,0,0,0,0,0,0,0,0,0,0,0,0,0,0,0,0,0,0,0,0,0,0,0,0,0,0,0,0,0,0,0,0,0,0,0,0,0,0,0,0,0
0,4,5,4,4,3,2,0,2,0,0,0,1,1,2,5,0,0,1,0,0,0,0,0,0,0,0,0,0,0,0,0,19,5,0,0,8,0,604,125,167,94,58,12,2,0,0,1623,4345,1294,3347,1269,2262,495,1201,114,823,65,168,53,1,1,15,2,5,1,0,0,2,2,1948,239,0,3,0,4,28,10,0,0,0,0,0,1,37,63,14,4,85,129,7,5,43,50,0,206,1,0,0,0,0,0,9,105,0,0,1,0,0,1,0,0,0,0,0,2,0,0,0,0,0,0,1,0,0,0,0,0,0,0,0,0,0,0,2,0,0,0,7,26,12,13,5,5,28,12,0,2,0,0,0,0,0,1,3,0,1,0,0,0,0,0,0,2,0,0,0,0,1,0
0,6,0,6,0,5,0,0,0,0,0,0,0,0,3,4,0,0,0,3,0,0,0,0,0,0,0,0,0,0,0,0,4,9,0,0,0,26,44,296,195,128,4,136,1,0,1623,0,1033,3173,93,2885,97,1552,81,1449,10,1215,22,99,1,2,6,8,1,2,0,1,2,3,167,1346,0,1,0,8,2,14,0,0,0,0,0,3,3,65,1,3,17,334,0,5,11,119,0,40,0,0,0,3,0,0,0,27,1,1,0,0,0,0,0,0,1,0,0,0,0,0,0,0,0,0,0,0,0,0,0,0,0,0,0,0,0,0,0,1,0,0,1,41,2,10,0,3,6,16,1,1,0,0,1,0,0,1,0,3,0,0,0,0,1,0,1,2,0,0,0,0,0,0
3,0,1,2,1,2,1,0,1,0,2,0,1,1,4,3,0,0,2,1,0,0,0,0,0,0,0,0,0,0,0,0,19,6,0,0,20,17,526,161,116,29,16,5,1,0,4345,1033,0,1255,132,73,3429,318,456,73,47,37,29,12,4,1,49,1,12,1,5,1,5,1,1258,361,0,0,6,1,16,4,0,1,0,0,4,3,51,19,13,0,56,40,0,2,26,29,1,4,0,0,4,0,0,0,0,0,0,0,1,0,0,1,0,0,0,1,0,0,0,0,0,0,0,0,1,0,0,0,0,0,0,0,0,0,0,0,1,0,0,0,8,15,11,2,5,0,21,3,0,0,0,0,0,0,0,0,2,0,1,0,0,0,3,0,1,0,0,0,0,0,0,0
7,8,2,11,2,4,4,5,2,0,0,0,5,8,9,24,0,0,3,5,0,0,0,0,0,0,0,0,0,0,0,0,9,33,0,0,7,56,64,167,138,115,1,65,0,0,1294,3173,1255,0,27,127,191,3581,150,701,18,187,18,77,8,10,41,145,15,40,7,36,14,60,269,2058,2,1,5,8,19,25,0,0,0,0,2,14,38,126,7,4,64,218,1,4,22,146,0,7,0,0,3,7,2,0,0,7,0,1,0,1,0,2,0,0,2,0,0,0,0,0,0,2,0,0,1,0,0,0,0,0,2,0,0,0,0,0,4,1,0,0,1,28,15,29,3,5,27,10,1,3,0,0,0,0,0,0,1,2,0,0,0,0,1,0,3,0,1,0,0,0,6,0
14,2,12,3,21,2,2,0,13,0,5,0,0,0,10,2,4,0,10,2,0,0,0,0,0,0,0,0,1,0,0,0,31,1,0,0,8,0,80,18,585,34,616,9,15,0,3347,93,132,27,0,332,289,5,771,0,932,8,2525,31,5,0,8,1,3,0,2,0,3,1,907,82,8,1,17,4,75,2,0,0,0,0,1,0,64,2,53,0,244,15,15,1,235,15,2,11,1,0,21,0,47,0,132,34,0,0,0,1,1,0,1,0,1,2,1,0,0,0,0,0,0,0,0,0,0,0,0,0,1,1,0,0,0,0,4,0,0,0,19,8,11,2,13,0,56,2,2,0,0,0,1,0,0,0,1,0,1,0,0,0,0,0,1,1,0,0,0,0,3,0
6,30,4,20,4,11,2,5,0,7,0,1,3,4,9,25,0,0,2,14,0,0,0,1,0,0,0,0,0,0,0,0,1,5,0,0,8,25,7,62,46,438,0,782,0,0,1269,2885,73,127,332,0,5,137,13,388,2,1653,9,1700,1,25,7,20,1,7,4,1,0,9,25,614,5,11,6,29,1,22,0,0,0,0,2,0,3,109,0,24,2,459,0,49,0,218,0,615,0,0,5,5,2,0,0,408,1,0,0,2,1,1,1,0,2,85,0,0,0,0,0,0,0,0,0,0,0,1,0,0,1,0,0,0,0,0,1,1,0,0,0,59,2,18,0,9,5,36,4,4,0,0,0,0,1,1,3,5,0,2,0,0,0,0,1,8,1,19,0,0,73,0
9,0,9,2,9,0,11,0,10,2,1,0,13,2,11,2,0,0,4,0,0,0,0,0,0,0,0,0,0,0,0,0,68,3,0,0,22,2,299,83,115,13,16,1,1,0,2262,97,3429,191,289,5,0,88,3887,23,276,4,119,5,9,0,302,5,129,1,22,2,40,4,559,109,0,1,8,2,66,3,0,0,0,0,16,1,120,14,31,1,307,20,6,0,108,23,2,0,2,0,6,3,2,0,0,0,2,0,1,1,1,0,0,0,1,3,0,0,0,0,0,0,0,0,0,0,0,0,0,0,0,0,0,0,0,0,5,0,0,0,12,6,50,3,17,0,66,1,2,0,0,0,0,0,0,0,3,0,2,0,0,0,1,0,1,1,0,0,0,0,1,0
4,19,0,49,0,10,0,2,0,2,0,0,1,9,6,23,0,0,0,1,0,0,0,0,0,0,0,0,0,0,0,0,5,56,0,0,1,13,34,32,68,109,1,34,0,0,495,1552,318,3581,5,137,88,0,79,4188,8,501,20,154,2,25,15,1341,11,35,7,19,2,379,89,565,2,4,2,5,10,38,0,4,0,0,3,23,12,207,1,13,23,349,1,7,5,190,1,0,0,0,4,9,1,0,0,2,0,2,1,0,1,0,0,0,1,1,0,0,0,0,0,1,0,0,0,0,0,0,0,0,0,1,0,0,0,1,2,0,0,0,2,34,5,27,1,4,11,17,0,0,0,0,0,0,0,0,0,1,0,0,0,0,0,2,1,5,0,0,0,0,4,0
48,3,29,1,93,2,24,2,19,1,1,0,35,0,28,6,0,0,8,2,0,0,1,0,2,0,0,0,1,0,2,0,219,2,0,0,4,7,131,47,207,23,44,5,6,0,1201,81,456,150,771,13,3887,79,0,26,3359,7,917,5,47,0,731,6,996,1,35,2,1539,1,265,121,6,1,33,2,165,3,3,0,0,0,39,1,450,14,115,0,3144,25,20,1,656,19,7,2,2,0,11,1,2,0,6,3,4,0,1,0,2,1,0,0,4,4,1,0,0,0,0,2,1,0,0,0,0,0,0,0,5,1,0,0,0,0,9,1,0,0,40,3,97,5,41,1,124,1,6,0,1,0,1,0,0,0,1,0,1,0,1,0,5,0,8,0,2,0,0,0,4,0
0,118,5,177,5,125,0,13,0,10,0,0,1,12,7,41,0,0,2,8,0,1,0,0,0,0,0,1,0,0,0,0,2,70,0,0,2,3,12,15,32,129,1,22,1,0,114,1449,73,701,0,388,23,4188,26,0,2,2202,3,350,3,70,5,524,2,46,3,34,5,1007,41,236,0,4,2,14,6,60,0,7,0,0,3,47,11,443,2,13,9,3290,1,29,6,517,0,11,0,1,2,3,0,0,1,3,0,2,2,0,3,1,0,0,2,4,0,0,0,0,0,0,0,0,0,0,0,0,0,0,0,1,0,0,0,0,1,3,0,0,2,61,0,25,2,12,7,14,2,5,0,0,0,0,0,0,0,3,0,1,0,0,0,0,1,8,0,2,0,0,4,0
1,0,6,0,6,0,2,0,7,0,1,0,0,0,2,0,1,0,4,1,0,0,0,0,0,0,0,0,0,0,1,0,26,0,0,0,0,1,22,7,43,6,21,0,3,0,823,10,47,18,932,2,276,8,3359,2,0,0,1277,0,0,0,12,1,5,0,0,0,16,1,38,22,0,0,7,0,44,1,2,0,0,0,1,0,42,1,43,0,318,2,9,0,358,3,0,0,0,0,0,0,1,0,1,0,0,0,0,0,0,0,0,0,0,0,0,0,0,0,0,0,0,0,0,0,0,0,0,0,0,0,0,0,0,0,1,0,0,0,12,0,16,0,3,0,27,0,1,0,0,0,0,0,1,0,0,0,1,0,0,0,0,0,1,0,0,0,0,0,0,0
1,2,0,3,0,1,0,0,0,0,0,0,0,0,0,0,0,0,0,0,0,0,0,0,0,0,0,0,0,0,0,0,0,7,0,0,2,1,6,4,18,103,0,27,0,0,65,1215,37,187,8,1653,4,501,7,2202,0,0,3,1611,0,3,0,2,0,1,0,0,2,0,8,86,0,1,0,0,0,14,0,1,0,0,0,3,0,60,0,12,1,624,0,34,0,1044,0,24,0,0,0,0,0,0,0,21,0,0,0,0,0,1,0,0,0,0,0,0,0,0,0,0,0,0,0,0,0,0,0,0,0,0,0,0,0,0,0,0,0,0,0,14,0,9,0,3,0,9,0,0,0,0,0,0,0,0,0,0,0,0,0,0,1,0,0,1,0,0,0,0,0,0
12,0,7,1,27,1,3,0,16,0,9,0,0,0,1,1,3,0,4,1,1,0,1,0,0,0,2,0,2,0,0,0,18,0,0,0,1,1,26,4,582,10,1434,3,77,0,168,22,29,18,2525,9,119,20,917,3,1277,3,0,4,8,1,15,0,13,0,1,0,19,0,66,39,1,0,8,2,47,0,1,0,0,0,2,0,34,0,238,0,403,3,676,0,3217,2,1,0,0,0,2,0,0,0,9,0,0,0,0,1,0,0,1,0,0,0,0,0,0,0,0,0,1,0,0,0,0,0,0,0,0,0,0,0,0,0,5,0,0,0,6,0,15,0,4,0,24,1,1,0,0,0,0,0,1,1,0,0,2,0,0,0,0,0,1,1,0,0,0,0,2,0
0,1,1,1,0,1,0,0,0,0,0,0,0,1,0,0,0,0,1,0,0,0,0,0,1,0,0,0,0,0,0,0,0,1,0,0,0,0,3,15,17,287,0,743,0,0,53,99,12,77,31,1700,5,154,5,350,0,1611,4,0,0,0,0,3,0,1,1,0,1,0,6,118,1,0,0,0,0,2,0,0,0,0,0,0,0,37,0,12,0,364,0,353,0,2404,0,149,0,0,0,0,0,0,0,292,0,0,0,0,0,0,0,1,0,0,0,0,0,0,0,0,0,0,0,1,0,0,0,0,0,0,0,0,0,0,0,0,0,0,0,10,0,1,0,2,0,30,0,0,0,0,0,0,0,0,0,0,0,0,0,0,0,0,0,0,0,0,0,0,0,0
5670,35,193,14,290,8,534,1,116,5,11,0,1521,4,186,33,1,0,23,1,0,0,0,0,2,0,0,0,9,0,2,0,439,9,0,0,53,38,16,4,156,12,28,1,2,0,1,1,4,8,5,1,9,2,47,3,0,0,8,0,0,32,788,19,1887,5,1175,25,131,2,437,47,502,48,320,11,439,8,13,1,0,0,17,2,203,8,9,0,335,5,0,0,32,2,38,3,15,2,162,19,29,0,3,2,21,3,21,8,34,19,2,2,48,56,4,0,1,0,1,10,1,0,4,0,2,0,12,2,16,0,0,1,3,0,74,3,0,0,1,1,57,0,8,4,134,10,20,4,0,0,0,0,1,0,3,1,16,0,2,3,24,0,35,1,29,1,0,3,69,1
52,5521,9,353,16,271,5,176,6,48,0,4,3,1400,55,600,0,0,5,9,0,0,0,0,0,0,0,0,0,1,0,0,9,1161,0,0,38,166,2,2,7,317,0,8,1,0,1,2,1,10,0,25,0,25,0,70,0,3,1,0,32,0,15,1415,5,1021,5,1647,0,272,85,205,95,503,11,141,9,659,0,64,0,0,1,3,3,50,0,0,1,77,0,0,0,2,2,9,1,5,13,102,6,1,3,1,1,3,3,6,10,21,2,1,56,46,0,1,0,0,0,9,1,0,0,0,0,1,0,8,1,7,0,0,1,0,7,5,0,0,1,2,0,33,0,17,15,43,1,19,0,0,0,0,1,0,3,2,1,1,3,6,1,14,3,20,1,8,0,5,26,0
184,10,142,9,114,7,66,0,27,0,4,0,37,5,170,25,0,0,18,2,0,0,0,0,0,0,0,0,1,0,0,0,165,9,0,0,50,29,46,25,80,26,7,0,0,0,15,6,49,41,8,7,302,15,731,5,12,0,15,0,788,15,0,10,1916,1,161,7,669,7,1159,75,115,11,58,5,119,6,4,1,0,0,52,2,170,22,12,2,201,19,1,1,29,15,12,2,3,2,27,6,7,1,1,1,3,0,6,3,11,2,0,1,11,8,2,0,0,0,0,1,0,0,0,0,0,0,3,2,13,2,0,0,1,0,16,1,0,0,4,4,58,5,13,4,59,3,10,0,0,0,0,0,0,0,5,1,3,1,0,0,5,1,11,2,3,1,0,1,15,0
20,336,8,168,12,61,10,27,5,9,1,1,8,95,22,278,0,0,4,8,0,0,0,0,0,0,0,0,0,0,0,0,11,645,0,0,22,67,3,2,5,73,1,7,0,0,2,8,1,145,1,20,5,1341,6,524,1,2,0,3,19,1415,10,0,10,1252,14,500,7,867,63,1075,24,102,13,54,7,82,0,8,0,0,1,88,12,183,1,1,10,100,0,0,2,27,2,2,2,3,7,49,1,0,0,0,2,5,3,5,4,15,1,0,14,24,0,0,0,0,0,1,0,0,0,0,0,1,0,3,3,7,0,0,0,0,7,0,0,0,1,11,5,39,2,12,17,28,1,13,0,1,0,1,1,0,2,6,0,1,0,0,2,3,2,15,1,4,0,2,18,0
435,5,71,3,347,7,90,1,35,1,3,0,30,1,33,10,0,0,9,1,0,0,1,0,0,0,0,0,1,0,0,0,82,7,0,0,8,14,40,16,29,17,2,1,1,0,5,1,12,15,3,1,129,11,996,2,5,0,13,0,1887,5,1916,10,0,1,1474,5,1798,2,300,56,25,2,35,5,67,4,3,2,0,0,33,1,282,5,3,1,497,15,1,0,32,6,3,0,3,0,16,3,4,0,3,0,1,0,1,0,3,1,0,1,5,6,0,0,1,0,0,0,0,0,0,0,0,0,2,1,2,1,0,0,0,0,17,0,0,0,1,9,10,7,5,2,24,4,7,3,1,0,0,0,0,0,1,0,3,0,0,0,2,0,5,0,2,0,0,0,10,0
3,307,3,28,2,96,3,96,1,20,0,0,1,51,1,16,0,0,1,2,0,0,0,0,0,0,0,0,0,0,0,0,3,107,0,0,3,21,3,16,3,21,0,4,1,0,1,2,1,40,0,7,1,35,1,46,0,1,0,1,5,1021,1,1252,1,0,7,2367,1,1994,33,112,3,5,2,17,2,24,0,1,0,0,1,27,3,208,0,0,2,218,0,0,0,19,0,1,0,0,2,4,0,0,0,0,0,0,0,0,1,1,0,0,3,1,0,0,0,0,0,0,0,0,0,1,0,0,0,0,0,1,0,0,0,0,3,1,0,0,0,10,0,11,1,4,4,10,0,1,0,1,0,0,1,0,2,1,0,0,0,0,0,1,0,1,0,0,0,0,4,0
174,6,19,3,92,3,236,1,83,0,1,0,750,4,11,8,0,0,2,1,0,0,0,0,0,0,0,0,1,0,0,0,79,9,0,0,7,18,37,11,27,13,1,2,1,0,0,0,5,7,2,4,22,7,35,3,0,0,1,1,1175,5,161,14,1474,7,0,20,357,1,167,36,10,1,34,4,52,6,1,0,0,0,30,5,1389,5,6,0,601,9,0,0,16,5,3,3,0,0,7,2,0,0,0,0,2,0,3,0,2,0,0,0,0,2,0,0,0,0,0,0,0,0,0,0,0,0,1,0,2,0,0,0,0,0,4,0,0,0,1,6,11,8,3,3,10,6,1,2,0,1,0,0,0,0,1,0,0,0,0,0,3,0,0,0,0,0,0,0,3,0
9,283,5,45,12,68,8,265,4,85,0,1,9,999,10,31,0,0,2,2,0,0,0,0,0,0,0,0,0,1,0,0,15,470,0,0,17,78,7,6,6,26,0,0,0,0,0,1,1,36,0,1,2,19,2,34,0,0,0,0,25,1647,7,500,5,2367,20,0,1,789,76,236,31,17,12,39,5,84,0,8,0,0,7,17,6,1870,0,0,3,541,0,0,0,11,1,0,0,0,6,4,2,0,0,0,1,0,2,1,0,1,0,0,4,10,1,0,0,0,0,0,0,0,0,1,0,0,2,0,3,0,0,0,0,0,9,2,0,0,0,1,2,3,2,5,14,6,5,1,0,0,0,0,0,0,1,1,0,0,0,1,2,1,2,2,1,0,0,0,1,0
102,1,16,1,89,0,14,0,16,0,1,0,7,1,15,3,0,0,4,0,0,0,0,0,0,0,0,0,0,0,0,0,56,4,0,0,4,0,21,12,32,13,4,0,0,0,2,2,5,14,3,0,40,2,1539,5,16,2,19,1,131,0,669,7,1798,1,357,1,0,3,119,33,4,1,13,1,49,6,2,0,0,0,26,3,188,7,12,0,1758,9,3,0,70,11,4,0,2,0,3,1,2,0,0,1,0,0,1,1,2,0,0,0,2,2,4,0,0,0,0,0,0,0,0,0,1,0,0,0,0,0,0,0,0,0,7,0,0,1,5,4,21,1,5,1,21,0,5,0,0,0,0,0,0,0,1,0,0,0,0,0,1,0,1,1,0,0,0,0,2,0
3,353,0,118,0,181,0,82,0,22,0,2,1,30,7,30,0,0,0,0,0,0,0,0,0,0,0,0,0,0,0,0,2,60,0,0,3,4,4,8,4,63,0,5,0,0,2,3,1,60,1,9,4,379,1,1007,1,0,0,0,2,272,7,867,2,1994,1,789,3,0,21,144,0,7,1,19,6,26,0,3,0,0,0,36,2,541,0,1,2,1596,0,2,0,62,0,2,1,0,1,9,0,0,0,0,0,0,0,0,1,1,0,0,1,3,0,0,0,0,0,1,0,0,2,0,0,1,0,0,0,2,0,0,0,0,0,0,0,0,0,25,0,15,1,4,1,13,2,2,0,1,0,0,0,0,0,1,0,0,0,1,0,0,1,5,0,1,0,0,0,0
265,44,265,41,141,47,108,12,155,9,19,0,94,27,693,107,4,1,230,26,4,0,2,1,1,0,0,0,3,0,1,0,188,32,0,0,3233,289,2543,285,446,108,231,14,2,0,1948,167,1258,269,907,25,559,89,265,41,38,8,66,6,437,85,1159,63,300,33,167,76,119,21,0,988,880,88,241,45,200,19,3,2,0,0,48,16,212,87,28,2,218,81,5,0,42,75,28,3,4,3,91,21,21,1,3,1,10,1,11,6,18,6,4,4,26,35,3,0,1,1,0,5,1,0,6,0,2,2,17,2,23,3,0,1,3,0,66,0,0,1,6,26,84,24,28,14,176,30,22,3,1,0,3,0,20,1,205,14,8,0,3,0,3,2,18,6,17,5,0,3,58,0
46,105,27,268,34,92,21,36,18,25,1,2,20,73,85,629,0,1,20,117,0,3,0,0,0,0,0,0,0,0,0,0,41,159,0,0,58,2596,68,1267,251,273,7,440,0,0,239,1346,361,2058,82,614,109,565,121,236,22,86,39,118,47,205,75,1075,56,112,36,236,33,144,988,0,47,80,24,102,53,80,0,5,0,0,14,49,85,221,7,0,115,186,2,3,39,117,2,28,2,2,13,33,3,0,2,8,4,3,12,8,8,1,0,0,10,16,0,0,0,0,0,5,0,0,6,1,0,3,4,4,3,2,0,0,0,1,18,9,0,2,7,23,23,33,10,15,69,91,5,15,0,1,0,0,1,16,7,65,1,1,4,1,1,1,4,14,1,7,0,0,16,0
922,117,242,21,124,10,91,5,78,2,3,0,11,8,661,163,0,0,22,1,0,0,0,0,1,0,0,0,2,0,1,0,68,12,0,0,730,256,1,0,70,18,4,3,3,0,0,0,0,2,8,5,0,2,6,0,0,0,1,1,502,95,115,24,25,3,10,31,4,0,880,47,0,296,342,28,142,20,1,4,0,0,1,0,2,4,2,0,13,3,0,0,1,3,18,3,7,0,91,11,15,1,2,2,9,5,12,3,17,13,2,1,38,36,2,0,0,0,1,5,0,0,2,0,2,1,10,0,5,3,0,0,1,0,62,2,0,0,0,0,22,1,6,3,93,10,19,2,1,0,0,0,0,0,12,5,3,0,4,2,12,0,12,1,25,4,0,1,36,0
117,309,12,78,13,25,7,10,9,5,1,1,1,33,130,1128,0,0,3,5,0,0,0,0,0,0,0,0,0,0,0,0,8,29,0,0,48,492,2,0,7,74,0,3,0,0,3,1,0,1,1,11,1,4,1,4,0,1,0,0,48,503,11,102,2,5,1,17,1,7,88,80,296,0,39,66,9,82,0,9,0,0,1,0,2,3,0,0,2,7,0,0,2,1,0,3,1,1,3,19,2,0,1,0,0,0,2,5,4,14,1,0,13,20,0,0,0,0,0,3,1,0,0,0,0,2,0,2,0,0,0,1,0,0,1,1,0,0,0,1,2,7,0,7,9,23,4,10,0,0,0,0,0,0,2,1,0,0,1,1,1,2,3,4,0,4,0,0,13,0
873,26,803,56,1213,77,272,12,528,14,128,3,66,2,530,70,22,21,778,64,143,11,84,7,22,1,2,0,29,1,21,0,246,5,0,0,182,76,20,6,63,10,5,2,13,0,0,0,6,5,17,6,8,2,33,2,7,0,8,0,320,11,58,13,35,2,34,12,13,1,241,24,342,39,0,101,1833,20,14,2,0,0,41,1,80,7,44,0,59,10,11,0,21,2,19,4,6,2,122,12,19,3,1,2,9,1,18,6,34,11,2,1,61,44,2,1,1,0,0,11,5,0,24,0,9,0,31,1,35,0,0,0,8,0,579,10,2,1,1,1,40,4,19,0,217,7,54,4,3,0,33,5,146,19,180,20,39,4,9,5,18,0,21,2,46,3,0,1,94,2
38,649,107,790,121,1903,11,468,48,584,7,92,3,70,110,460,285,66,191,340,40,53,5,43,1,4,0,5,1,15,2,0,15,132,0,0,64,334,5,8,3,133,3,7,1,0,4,8,1,8,4,29,2,5,2,14,0,0,2,0,11,141,5,54,5,17,4,39,1,19,45,102,28,66,101,0,25,1104,0,35,0,0,1,3,7,24,5,0,3,74,1,1,5,22,8,8,2,0,20,99,3,0,0,1,4,3,5,8,9,18,3,1,64,75,2,0,0,1,1,7,0,1,0,20,0,30,0,45,0,35,0,18,0,14,20,182,0,56,0,7,1,25,0,20,5,200,1,79,0,20,39,7,66,137,59,231,14,196,3,4,0,2,0,71,0,15,0,6,50,0
380,17,667,64,625,48,199,2,375,7,339,0,126,4,370,68,76,2,355,63,60,6,38,1,34,0,12,0,200,0,56,0,628,5,0,0,30,47,28,7,221,17,21,2,87,0,28,2,16,19,75,1,66,10,165,6,44,0,47,0,439,9,119,7,67,2,52,5,49,6,200,53,142,9,1833,25,0,15,84,0,0,0,26,6,147,11,190,1,221,12,79,1,149,18,14,7,11,3,67,14,6,1,6,1,7,3,15,9,30,24,1,1,41,36,2,0,0,0,1,6,0,1,2,0,1,0,0,0,4,1,0,0,3,0,80,4,0,1,24,5,40,6,14,0,106,2,6,2,1,1,6,0,23,30,35,19,969,0,5,4,24,2,37,4,18,1,0,2,55,0
31,953,32,858,50,992,8,294,11,350,1,45,1,214,89,486,1,0,59,186,0,1,0,2,0,0,0,2,1,13,1,0,11,157,0,0,40,158,3,9,5,305,4,13,0,0,10,14,4,25,2,22,3,38,3,60,1,14,0,2,8,659,6,82,4,24,6,84,6,26,19,80,20,82,20,1104,15,0,1,303,0,0,2,8,8,167,2,1,7,149,0,0,1,25,22,18,12,5,14,103,14,1,6,2,18,7,17,10,21,27,2,1,55,43,2,1,0,1,1,8,0,0,0,0,0,4,0,5,0,3,0,2,0,5,6,27,0,6,2,9,1,22,2,5,3,42,0,15,0,2,1,1,9,17,29,49,0,221,5,6,0,9,5,116,1,12,0,3,75,0
7,0,7,0,3,0,1,0,5,0,1,0,1,0,12,0,3,0,3,0,1,0,0,0,0,0,0,0,0,0,0,0,3,0,0,0,1,0,0,0,11,1,0,0,32,0,0,0,0,0,0,0,0,0,3,0,2,0,1,0,13,0,4,0,3,0,1,0,2,0,3,0,1,0,14,0,84,1,0,0,0,0,0,1,2,0,4,0,3,1,0,0,1,0,1,0,0,0,0,0,0,1,0,0,1,0,3,1,1,0,0,0,0,0,0,0,0,0,0,0,0,2,0,0,0,0,0,0,0,0,0,0,0,0,25,5,0,0,1,0,1,0,1,0,8,0,1,0,1,0,0,0,0,0,0,0,48,0,0,0,0,0,0,0,0,0,0,0,0,0
0,40,0,12,0,3,1,1,0,1,0,0,0,4,3,17,0,0,1,1,0,0,0,0,0,0,0,0,0,0,0,0,0,10,0,0,0,3,0,0,0,22,0,0,0,0,0,0,1,0,0,0,0,4,0,7,0,1,0,0,1,64,1,8,2,1,0,8,0,3,2,5,4,9,2,35,0,303,0,0,0,0,0,0,0,2,0,0,0,5,0,0,0,1,0,1,0,0,0,3,0,0,0,0,0,0,0,1,0,1,0,0,0,2,0,0,0,0,0,0,0,0,0,0,0,1,0,0,0,0,0,0,0,0,0,0,0,0,0,0,0,0,0,0,0,1,1,0,0,0,0,0,0,0,0,0,0,4,0,0,0,1,1,1,0,0,0,0,1,0
0,0,0,0,0,0,0,0,0,0,0,0,0,0,0,0,0,0,0,0,0,0,0,0,0,0,0,0,0,0,0,0,0,0,0,0,0,0,0,0,0,0,0,0,0,0,0,0,0,0,0,0,0,0,0,0,0,0,0,0,0,0,0,0,0,0,0,0,0,0,0,0,0,0,0,0,0,0,0,0,0,0,0,0,0,0,0,0,0,0,0,0,0,0,0,0,0,0,0,0,0,0,0,0,0,0,0,0,0,0,0,0,0,0,0,0,0,0,0,0,0,0,0,0,0,0,0,0,0,0,0,0,0,0,0,0,0,0,0,0,0,0,0,0,0,0,0,0,0,0,0,0,0,0,0,0,0,0,0,0,0,0,0,0,0,0,0,0,0,0
0,0,0,0,0,0,0,0,0,0,0,0,0,0,0,0,0,0,0,0,0,0,0,0,0,0,0,0,0,0,0,0,0,0,0,0,0,0,0,0,0,0,0,0,0,0,0,0,0,0,0,0,0,0,0,0,0,0,0,0,0,0,0,0,0,0,0,0,0,0,0,0,0,0,0,0,0,0,0,0,0,0,0,0,0,0,0,0,0,0,0,0,0,0,0,0,0,0,0,0,0,0,0,0,0,0,0,0,0,0,0,0,0,0,0,0,0,0,0,0,0,0,0,0,0,0,0,0,0,0,0,0,0,0,0,0,0,0,0,0,0,0,0,0,0,0,0,0,0,0,0,0,0,0,0,0,0,0,0,0,0,0,0,0,0,0,0,0,0,0
5,1,4,1,8,1,16,0,20,0,3,0,245,0,3,2,0,0,2,1,0,0,1,0,0,0,0,0,1,0,0,0,214,2,0,0,1,9,13,6,2,4,0,0,1,0,0,0,4,2,1,2,16,3,39,3,1,0,2,0,17,1,52,1,33,1,30,7,26,0,48,14,1,1,41,1,26,2,0,0,0,0,0,2,464,4,9,0,44,4,1,0,1,1,0,0,0,0,3,0,1,0,0,0,0,0,0,0,0,0,0,0,0,2,0,0,0,0,0,0,0,0,1,0,0,0,0,0,0,0,0,0,0,0,0,0,0,0,0,1,1,1,0,1,0,2,1,0,0,0,0,0,0,0,0,1,0,0,0,0,1,0,0,1,0,0,0,0,0,0
1,3,0,0,0,0,4,0,2,0,0,0,4,141,0,0,0,0,0,0,0,0,0,0,0,0,0,0,0,0,0,0,2,109,0,0,1,5,3,0,2,8,0,3,0,0,1,3,3,14,0,0,1,23,1,47,0,3,0,0,2,3,2,88,1,27,5,17,3,36,16,49,0,0,1,3,6,8,1,0,0,0,2,0,4,825,0,12,3,29,0,0,1,1,0,1,0,0,0,3,0,0,0,0,0,1,0,0,0,1,0,1,0,1,0,0,0,0,0,0,0,0,0,0,0,0,0,0,3,0,0,0,0,0,0,0,0,0,0,0,1,1,0,1,7,0,0,2,0,0,0,0,0,0,0,0,0,0,0,0,0,0,1,0,0,0,0,0,0,0
122,1,43,4,89,2,397,0,329,0,3,0,918,2,25,5,0,0,12,2,1,0,0,0,1,0,0,0,0,0,0,0,397,15,0,0,8,9,66,30,72,30,2,1,0,0,37,3,51,38,64,3,120,12,450,11,42,0,34,0,203,3,170,12,282,3,1389,6,188,2,212,85,2,2,80,7,147,8,2,0,0,0,464,4,0,19,1017,0,5714,19,10,0,30,23,2,2,1,0,10,2,4,1,0,0,1,1,1,1,3,0,0,0,5,3,1,0,0,0,0,0,0,0,1,0,0,0,0,0,1,1,0,0,0,0,16,0,0,0,17,6,35,13,9,1,46,11,0,1,0,0,0,0,0,0,4,1,0,0,0,0,1,0,2,2,1,0,0,0,5,0
5,140,3,45,3,113,3,231,2,105,0,5,10,1117,4,28,0,0,3,5,0,0,0,0,0,0,0,0,0,0,0,1,7,458,0,0,2,44,9,29,16,103,0,9,0,0,63,65,19,126,2,109,14,207,14,443,1,60,0,37,8,50,22,183,5,208,5,1870,7,541,87,221,4,3,7,24,11,167,0,2,0,0,4,825,19,0,4,305,18,6415,1,60,7,65,3,21,2,0,2,5,2,0,0,13,0,0,0,1,2,4,1,0,2,3,0,0,0,0,0,0,0,0,3,0,0,0,0,0,0,1,0,0,0,0,2,1,0,1,3,19,11,23,1,5,18,8,2,4,0,1,0,0,0,0,4,0,1,0,1,0,0,3,1,7,0,2,0,0,6,0
11,3,137,13,125,8,81,2,104,3,149,0,76,0,46,2,40,1,78,12,14,1,18,0,9,0,5,0,59,0,30,0,757,1,0,0,3,4,3,3,197,8,148,0,820,0,14,1,13,7,53,0,31,1,115,2,43,0,238,0,9,0,12,1,3,0,6,0,12,0,28,7,2,0,44,5,190,2,4,0,0,0,9,0,1017,4,0,0,774,6,379,0,229,0,0,1,1,0,1,2,1,1,0,0,1,0,1,0,1,2,0,0,1,0,0,0,0,0,0,0,0,0,1,0,0,0,0,0,0,0,0,0,0,0,7,0,0,0,18,0,17,3,12,0,33,0,1,0,0,0,4,0,7,5,4,3,12,0,1,0,0,0,1,0,0,0,0,0,1,0
0,0,0,0,0,0,0,0,0,0,0,0,0,3,0,0,0,0,0,0,0,0,0,0,0,0,0,0,0,0,0,0,0,3,0,0,0,0,0,0,0,31,0,7,0,0,4,3,0,4,0,24,1,13,0,13,0,12,0,12,0,0,2,1,1,0,0,0,0,1,2,0,0,0,0,0,1,1,0,0,0,0,0,12,0,305,0,0,1,92,0,39,0,18,0,4,0,0,0,0,0,0,0,5,0,0,0,0,0,0,0,0,0,0,0,0,0,0,0,0,0,0,0,0,0,0,0,0,0,0,0,0,0,0,0,0,0,1,0,1,0,0,0,0,0,0,0,1,0,0,0,0,0,0,0,0,0,0,0,0,0,0,0,0,0,0,0,0,0,0
494,9,102,11,567,6,372,1,285,2,39,0,92,1,47,14,7,0,34,7,1,0,1,0,2,0,3,0,8,0,6,0,237,7,0,0,10,8,78,36,227,18,50,0,18,0,85,17,56,64,244,2,307,23,3144,9,318,1,403,0,335,1,201,10,497,2,601,3,1758,2,218,115,13,2,59,3,221,7,3,0,0,0,44,3,5714,18,774,1,0,25,698,0,4083,39,3,0,1,0,14,0,4,0,0,1,0,0,1,2,2,2,0,0,7,0,0,0,0,0,0,0,0,0,1,0,0,0,0,0,3,0,0,0,1,0,8,0,0,0,19,12,39,4,16,3,59,5,3,1,0,0,0,0,3,1,2,2,2,0,0,0,1,0,5,0,1,0,0,0,9,0
12,582,8,236,9,821,3,310,4,129,0,5,4,64,18,66,0,0,4,14,0,0,0,0,0,0,0,0,0,1,0,0,14,104,0,0,4,16,19,18,28,329,0,57,0,0,129,334,40,218,15,459,20,349,25,3290,2,624,3,364,5,77,19,100,15,218,9,541,9,1596,81,186,3,7,10,74,12,149,1,5,0,0,4,29,19,6415,6,92,25,0,1,2136,7,3485,3,108,0,1,2,9,2,0,0,71,0,1,2,3,1,1,1,0,2,3,0,0,0,0,2,0,0,0,1,0,0,0,1,1,1,0,0,0,0,1,3,1,0,0,1,25,9,12,2,7,26,16,2,5,0,0,0,0,0,0,1,4,0,0,0,0,0,2,0,3,0,2,0,1,5,1
3,0,53,9,40,2,1,2,28,0,61,0,0,0,0,0,49,0,30,10,19,1,7,0,9,0,2,0,40,0,19,0,58,0,0,0,2,3,0,1,400,0,51,0,358,0,7,0,0,1,15,0,6,1,20,1,9,0,676,0,0,0,1,0,1,0,0,0,3,0,5,2,0,0,11,1,79,0,0,0,0,0,1,0,10,1,379,0,698,1,0,0,1958,0,0,1,0,0,0,0,0,0,0,0,1,0,0,1,1,0,0,0,2,0,0,0,0,0,0,0,0,0,0,0,1,0,0,0,0,0,0,0,0,0,1,0,0,0,6,0,9,0,1,0,8,0,0,0,0,0,0,0,3,2,3,2,16,0,0,0,0,0,1,0,0,0,0,0,0,0
0,1,0,0,0,1,0,0,0,0,0,0,0,0,0,2,0,0,0,0,0,0,0,0,0,0,0,0,0,0,0,0,0,1,0,0,0,0,0,1,0,71,0,30,0,0,5,5,2,4,1,49,0,7,1,29,0,34,0,353,0,0,1,0,0,0,0,0,0,2,0,3,0,0,0,1,1,0,0,0,0,0,0,0,0,60,0,39,0,2136,0,0,2,990,0,5,0,0,0,0,0,0,0,7,0,0,0,0,0,0,0,0,0,0,0,0,0,0,0,0,0,0,0,0,0,0,0,0,0,0,0,0,0,0,0,0,0,0,0,3,0,0,0,0,0,0,0,0,0,0,0,0,0,0,0,0,0,0,0,0,0,0,0,0,0,0,0,0,0,0
75,0,62,6,204,4,34,1,45,0,49,0,0,0,10,1,37,2,41,3,10,0,5,0,4,0,0,0,15,0,10,0,41,0,0,0,3,4,28,8,464,7,176,0,104,0,43,11,26,22,235,0,108,5,656,6,358,0,3217,0,32,0,29,2,32,0,16,0,70,0,42,39,1,2,21,5,149,1,1,0,0,0,1,1,30,7,229,0,4083,7,1958,2,0,8,0,0,0,0,1,0,0,0,0,0,0,0,1,1,0,0,0,0,0,1,0,0,0,0,0,0,0,0,0,0,0,0,0,0,0,0,0,0,0,0,3,0,0,0,16,0,15,1,6,0,20,2,0,0,0,0,1,0,2,0,4,0,9,0,0,0,0,0,1,0,0,0,0,0,2,0
1,70,1,42,3,271,1,49,1,28,0,0,1,4,3,10,0,0,2,2,0,0,0,0,0,0,0,1,0,0,0,0,3,8,0,0,0,8,16,9,28,130,0,123,0,0,50,119,29,146,15,218,23,190,19,517,3,1044,2,2404,2,2,15,27,6,19,5,11,11,62,75,117,3,1,2,22,18,25,0,1,0,0,1,1,23,65,0,18,39,3485,0,990,8,0,1,41,0,0,1,2,0,0,0,43,0,0,0,1,2,0,0,1,0,1,0,0,0,0,0,0,0,0,0,0,0,0,0,0,0,0,0,0,0,0,0,1,0,0,1,5,7,3,5,3,13,7,1,1,0,0,0,0,1,0,1,0,0,0,0,0,1,0,2,3,0,0,0,0,3,0
22,5,14,7,8,9,7,2,4,1,2,0,3,0,13,4,0,0,7,0,0,0,0,0,0,0,0,0,0,0,0,0,7,1,0,0,3,4,1,1,16,3,5,11,1,0,0,0,1,0,2,0,2,1,7,0,0,0,1,0,38,2,12,2,3,0,3,1,4,0,28,2,18,0,19,8,14,22,1,0,0,0,0,0,2,3,0,0,3,3,0,0,0,1,0,303,3194,89,474,172,1074,52,2242,78,603,128,677,219,422,81,87,43,22,33,94,67,147,29,18,3,0,0,0,0,0,0,0,0,0,0,0,0,0,0,1,0,0,0,2,0,1,1,0,0,3,1,1,0,0,0,0,0,0,0,1,0,2,0,3,0,8,1,7,1,4,1,0,1,2,0
7,9,4,5,4,5,3,1,2,0,0,0,0,1,6,3,1,0,1,1,0,0,0,0,0,0,0,0,0,0,0,0,2,3,0,0,0,6,1,1,9,78,16,11,1,0,206,40,4,7,11,615,0,0,2,11,0,24,0,149,3,9,2,2,0,1,3,0,0,2,3,28,3,3,4,8,7,18,0,1,0,0,0,1,2,21,1,4,0,108,1,5,0,41,303,0,112,5638,44,947,117,450,66,2510,185,509,310,1700,91,517,32,122,24,24,111,24,52,27,14,11,0,0,0,0,0,0,0,0,0,0,0,0,0,0,0,0,0,0,7,22,2,9,1,3,2,2,0,0,0,0,0,0,0,0,0,1,0,0,0,2,0,3,2,11,1,2,0,0,1,0
5,5,5,0,3,4,1,0,4,0,0,0,2,1,11,4,0,0,1,3,0,0,0,0,0,0,0,0,0,0,0,0,2,0,0,0,2,1,2,0,8,3,4,3,0,0,1,0,0,0,1,0,2,0,2,0,0,0,0,0,15,1,3,2,3,0,0,0,2,1,4,2,7,1,6,2,11,12,0,0,0,0,0,0,1,2,1,0,1,0,0,0,0,0,3194,112,0,33,273,51,340,26,284,27,2184,57,542,124,290,42,47,34,22,22,72,70,135,37,11,7,0,0,0,0,0,0,0,0,0,0,0,0,0,0,0,0,0,0,3,0,1,1,0,0,2,0,0,0,0,0,0,0,0,0,0,0,0,0,1,0,5,2,2,2,2,2,0,0,8,0
0,2,1,2,0,2,0,0,0,0,0,0,0,0,0,1,0,0,0,1,0,0,0,0,0,0,0,0,0,0,0,0,0,1,0,0,1,0,0,0,1,0,3,1,0,0,0,0,0,0,0,0,0,0,0,1,0,0,0,0,2,5,2,3,0,0,0,0,0,0,3,2,0,1,2,0,3,5,0,0,0,0,0,0,0,0,0,0,0,1,0,0,0,0,89,5638,33,0,10,192,32,91,22,190,42,2637,80,1542,25,130,10,38,42,28,85,23,47,27,5,3,0,0,0,0,0,0,0,0,0,0,0,0,0,0,0,0,0,0,0,0,0,0,0,0,0,0,0,0,0,0,0,0,0,0,0,0,0,0,0,1,0,1,2,1,0,1,0,0,1,0
137,18,68,7,54,10,35,3,30,3,8,0,17,5,75,16,0,0,19,6,0,1,0,0,1,0,0,0,0,0,1,0,17,4,0,0,23,10,3,1,26,5,5,4,3,0,0,0,4,3,21,5,6,4,11,2,0,0,2,0,162,13,27,7,16,2,7,6,3,1,91,13,91,3,122,20,67,14,0,0,0,0,3,0,10,2,1,0,14,2,0,0,1,1,474,44,273,10,0,150,888,28,462,26,244,22,342,74,496,152,41,14,56,290,241,20,32,56,23,22,0,0,0,0,0,0,0,0,0,0,0,0,0,0,9,0,0,0,2,1,9,3,0,1,14,2,2,2,0,0,1,0,0,0,1,1,4,0,26,24,25,3,26,4,38,29,0,8,97,1
15,148,13,63,11,70,3,9,3,7,1,2,1,8,23,67,0,0,7,18,0,1,0,1,0,0,0,0,0,0,2,0,3,8,0,0,6,20,0,1,17,9,12,16,4,0,0,3,0,7,0,5,3,9,1,3,0,0,0,0,19,102,6,49,3,4,2,4,1,9,21,33,11,19,12,99,14,103,0,3,0,0,0,3,2,5,2,0,0,9,0,0,0,2,172,947,51,192,150,0,139,766,49,411,78,231,128,553,125,680,41,60,80,93,176,61,28,17,26,12,0,0,0,0,0,0,0,0,0,2,0,0,0,0,4,1,1,0,4,3,1,1,1,0,5,7,0,2,0,2,1,0,2,0,2,3,0,3,24,33,2,17,19,29,6,47,0,6,94,1
22,8,13,4,8,6,11,0,3,1,0,0,5,0,11,9,1,0,1,1,0,0,0,0,0,0,0,0,1,0,0,0,3,1,0,0,3,7,1,0,10,2,6,12,0,0,0,0,0,2,47,2,2,1,2,0,1,0,0,0,29,6,7,1,4,0,0,2,2,0,21,3,15,2,19,3,6,14,0,0,0,0,1,0,4,2,1,0,4,2,0,0,0,0,1074,117,340,32,888,139,0,102,3219,58,256,71,277,183,357,133,87,48,2,153,990,103,71,57,3,5,0,0,0,0,0,0,0,0,0,0,0,0,0,0,4,0,0,0,3,0,2,1,0,0,5,3,1,1,0,0,0,0,0,0,0,0,1,0,3,1,1,0,4,1,9,0,0,0,25,0
