0,32,1999,15,1593,54,1036,28,208,5,0,0,470,5,814,73,0,0,5,4,0,0,0,0,0,0,0,0,0,0,0,0,211,6,0,0,359,96,40,5,3,0,0,2,0,1,62,0,38,0,5,0,14,0,83,0,15,0,2,0,3862,5,99,1,113,0,331,3,95,0,1074,5,1222,3,65,17,166,40,71,8,0,0,22,1,309,3,0,0,388,0,0,0,14,0,0,1,0,0,0,2,0,0,0,0,0,1,1,2,2,0,1,2,1,1,0,0,0,0,0,0,0,0,0,0,9,3,88,11,25,9,14,2,1,0,30,0,3,4,0,1,2,0,2,0,14,3,1,0,10,0,0,0,0,4,36,67,0,0,3,0,0,0,2,0,5,1,0,2,1,0
32,0,7,1598,7,1736,8,832,1,173,0,0,7,650,92,1122,0,0,1,12,0,1,0,0,0,0,0,0,0,0,0,0,15,104,0,0,126,511,1,1,2,6,0,1,0,0,1,0,1,0,0,1,0,1,0,1,0,0,0,0,78,3765,0,55,1,10,3,735,0,0,15,18,33,420,12,329,36,797,17,305,0,0,2,2,0,4,0,1,2,1,0,0,0,0,1,1,1,1,5,21,2,1,2,1,2,1,7,3,3,3,2,2,1,0,0,0,0,0,0,0,0,0,0,0,4,39,27,254,9,261,5,20,0,0,13,5,2,5,0,4,2,7,0,16,5,10,1,12,1,1,0,0,0,2,20,7,1,3,1,1,1,0,1,2,2,7,1,2,4,2
1999,7,0,63,5909,86,287,26,432,38,237,16,96,6,2529,37,216,13,3757,202,292,49,167,7,197,4,304,0,74,4,7,0,444,125,0,0,1172,58,66,1,57,0,3,0,33,0,4,0,8,0,0,0,0,0,2,0,0,0,11,0,379,5,3,0,2,0,13,2,6,0,339,0,210,0,105,4,959,67,68,11,0,0,6,0,21,0,40,4,20,1,11,0,10,0,0,2,0,1,4,5,0,0,0,0,0,1,0,0,0,1,0,2,1,2,0,0,0,0,0,0,0,0,0,0,58,1,50,8,6,4,8,0,3,0,145,1,13,0,2,0,0,2,2,1,14,2,0,2,2,0,354,66,402,158,503,233,41,0,2,0,0,0,1,1,3,1,1,0,0,0
15,1598,63,0,69,5713,14,351,27,755,2,282,10,70,43,2441,30,9,31,3224,2,318,2,62,1,180,1,304,0,85,0,0,12,588,0,0,25,207,0,1,1,1,0,1,0,1,0,0,0,0,0,0,0,0,0,1,0,0,0,1,27,342,0,22,1,1,1,111,0,0,1,10,3,82,17,68,36,527,4,96,0,0,0,4,0,9,1,22,0,4,0,1,0,2,0,1,0,1,0,9,1,1,0,0,0,1,1,0,1,1,0,0,1,0,0,0,0,0,0,0,1,0,0,0,9,11,13,58,1,39,5,9,0,0,28,0,2,3,0,3,0,1,1,2,7,3,0,2,0,0,25,17,5,78,38,201,1,2,0,0,0,0,0,1,0,1,0,1,1,0
1593,7,5909,69,0,95,436,25,1793,30,522,9,51,6,597,31,98,2,152,191,16,50,15,2,34,4,51,3,90,2,350,0,337,95,0,0,508,62,47,0,28,0,0,0,30,0,2,0,7,0,1,0,0,0,1,0,0,0,6,0,170,0,1,0,13,0,59,4,13,0,193,1,119,1,180,6,536,95,22,17,0,0,4,0,34,0,14,1,34,1,2,0,2,1,0,0,0,2,0,2,0,0,0,0,0,0,0,1,1,0,0,0,1,0,0,0,0,0,1,0,0,0,0,0,21,2,17,11,7,6,4,2,1,0,52,0,2,0,0,1,1,0,1,0,2,1,0,0,0,0,151,40,58,121,212,284,29,1,0,0,0,0,1,0,3,1,0,0,0,0
54,1736,86,5713,95,0,38,934,25,2627,4,977,18,82,85,590,8,3,33,581,5,62,2,19,0,42,1,138,0,68,0,37,28,713,0,0,49,225,1,1,1,3,0,3,1,0,0,0,0,0,0,0,0,0,0,0,0,0,0,1,57,466,1,8,1,0,2,316,0,0,7,14,9,12,36,300,72,552,6,49,0,0,0,5,2,9,0,21,2,3,0,1,0,3,0,0,1,0,1,4,0,0,1,0,1,0,0,0,1,1,0,0,1,0,0,0,0,0,0,0,1,0,0,0,8,12,16,35,5,31,6,5,0,0,30,1,3,3,0,0,1,0,1,1,7,4,1,2,1,0,16,5,10,66,79,277,0,1,0,0,0,0,0,0,2,2,1,2,2,0
1036,8,287,14,436,38,0,16,1473,21,0,0,1008,3,215,28,0,0,35,34,0,1,0,0,0,0,0,0,0,0,0,0,1230,17,0,0,181,40,16,1,2,0,0,0,0,0,3,0,2,0,1,0,0,0,0,0,0,0,0,0,246,4,3,0,3,0,60,2,10,0,22,0,57,0,514,7,112,30,13,11,0,0,17,0,132,0,181,0,50,0,0,0,1,0,0,1,0,0,1,2,0,0,0,0,0,0,0,0,0,0,1,0,0,0,0,0,0,0,0,0,0,0,0,0,7,3,7,10,2,3,5,1,1,0,22,0,3,0,1,0,0,0,0,0,2,1,0,0,0,0,0,0,0,11,54,93,0,1,0,0,0,0,0,1,1,0,0,0,0,1
28,832,26,351,25,934,16,0,7,1691,0,0,10,1137,48,403,0,0,3,56,0,0,0,0,0,0,0,0,0,0,0,0,14,863,0,0,21,162,4,1,1,4,0,0,0,0,1,0,0,0,0,1,0,0,1,0,0,0,0,0,25,172,0,4,0,0,3,179,0,2,0,5,4,23,10,318,16,230,5,51,0,0,2,2,4,3,1,0,2,0,0,0,0,0,0,0,0,0,0,4,1,0,0,0,0,0,1,0,1,1,2,3,1,0,0,0,0,0,0,0,0,0,0,0,8,12,5,52,2,39,3,7,0,0,13,2,0,2,0,0,0,3,1,6,4,4,0,1,0,0,1,0,0,1,21,58,0,1,1,0,1,0,0,0,0,0,0,1,1,0
208,1,432,27,1793,25,1473,7,0,19,865,1,89,1,62,7,3,0,77,55,0,10,0,2,4,1,1,0,25,3,45,0,1003,50,0,0,88,18,3,0,22,0,0,2,7,0,2,0,0,0,0,0,0,0,1,0,0,0,3,0,34,0,0,0,0,0,19,0,1,0,20,1,72,0,267,3,665,44,30,4,0,0,6,0,36,0,32,0,17,1,4,0,4,1,0,0,0,1,0,2,0,0,0,0,0,0,0,0,0,0,0,0,0,0,0,0,0,0,0,0,1,0,0,0,23,0,4,2,3,0,3,0,0,0,58,0,3,0,1,0,1,0,0,0,5,0,1,1,0,0,4,3,18,37,97,132,1,0,0,0,0,0,0,0,3,0,0,0,0,0
5,173,38,755,30,2627,21,1691,19,0,0,1532,6,185,13,218,5,0,20,329,2,20,0,1,0,3,0,1,0,18,0,0,6,1084,0,0,9,89,0,2,2,2,0,1,0,0,0,0,0,0,0,0,0,0,0,0,0,0,0,0,3,40,0,1,0,0,1,90,1,0,0,6,1,7,15,224,24,189,4,26,0,0,1,1,1,5,0,0,1,0,0,0,0,2,0,0,0,0,0,0,0,0,0,0,0,0,0,0,0,0,1,1,0,0,0,0,0,0,0,0,0,0,0,0,4,2,2,9,0,9,1,2,0,0,9,1,1,0,0,0,0,0,0,1,0,0,0,1,0,0,3,3,3,44,15,109,0,0,0,0,0,0,0,0,0,1,0,0,0,0
0,0,237,2,522,4,0,0,865,0,0,0,0,0,0,0,72,1,10,17,2,5,11,2,141,1,99,0,668,1,151,0,445,6,0,0,0,0,0,0,29,0,0,0,68,0,0,0,0,0,0,0,0,0,0,0,0,0,3,0,0,0,0,0,0,0,0,0,0,0,0,0,1,0,48,1,466,3,11,0,0,0,0,0,0,0,44,1,8,0,5,0,8,0,0,0,0,0,0,0,0,0,0,0,0,0,0,0,0,0,0,0,0,0,0,0,0,0,0,0,0,0,0,0,3,0,0,0,1,0,0,0,0,0,14,0,1,0,0,0,0,0,0,0,1,0,0,0,0,0,62,11,23,5,7,0,16,0,0,0,0,0,0,0,0,0,0,0,0,0
0,0,16,282,9,977,0,0,1,1532,0,0,0,0,0,1,11,3,1,126,2,143,1,21,1,63,0,216,0,356,0,13,1,805,0,0,0,0,0,0,1,1,0,1,0,0,0,0,0,0,0,0,0,0,0,0,0,0,0,1,0,0,0,0,0,0,0,0,0,0,0,0,0,0,5,1,5,79,0,0,0,0,0,0,0,0,0,12,0,1,0,0,0,5,0,0,0,0,0,0,0,0,0,0,0,0,0,0,0,0,0,0,0,0,0,0,0,0,0,0,0,0,0,0,0,0,0,0,0,0,0,0,0,0,1,0,0,0,0,0,0,0,0,0,0,0,0,0,0,0,14,5,2,10,2,8,0,1,0,0,0,0,0,0,0,0,0,0,0,0
470,7,96,10,51,18,1008,10,89,6,0,0,0,3,199,26,0,0,0,2,0,0,0,0,0,0,0,0,0,0,0,0,826,4,0,0,140,25,17,1,1,0,0,0,1,0,5,0,6,0,0,0,3,0,7,0,0,0,0,0,1156,7,11,5,6,0,226,6,9,0,88,6,26,0,91,2,113,13,19,4,0,0,247,1,697,0,32,0,22,1,0,0,1,0,0,0,0,0,0,1,0,0,0,0,0,1,0,0,0,0,1,1,0,0,0,0,0,0,0,0,0,0,0,0,11,2,32,5,5,5,4,1,1,0,16,0,4,0,1,1,0,0,2,0,9,0,1,1,1,0,0,0,0,0,4,20,0,0,0,0,0,0,0,1,2,2,0,0,1,0
5,650,6,70,6,82,3,1137,1,185,0,0,3,0,17,109,0,0,2,22,0,0,0,0,0,0,0,0,0,0,0,0,6,675,0,0,4,69,3,9,0,4,0,1,0,0,1,0,0,0,0,0,1,1,0,1,0,0,0,1,10,680,0,8,1,1,0,630,0,6,4,10,0,12,1,47,2,294,1,36,0,0,0,164,1,1008,0,3,0,54,0,0,0,0,0,0,0,2,0,3,1,0,0,0,0,0,0,0,1,0,0,0,0,0,0,0,0,0,0,0,0,0,0,0,0,6,2,26,1,27,0,3,0,0,5,0,0,2,0,3,0,2,0,0,2,1,0,2,0,0,0,0,1,0,7,15,0,0,0,0,0,0,0,1,1,1,0,0,0,0
814,92,2529,43,597,85,215,48,62,13,0,0,199,17,0,165,0,0,401,19,0,1,0,0,0,0,0,0,0,0,0,0,284,16,0,0,1347,174,53,0,3,3,0,4,0,0,1,0,7,0,0,0,0,0,2,0,0,0,2,0,658,14,1,1,8,0,47,9,10,0,98,4,999,6,98,19,359,52,99,23,0,0,8,1,40,0,1,0,33,0,0,0,0,0,0,1,1,3,6,10,1,1,0,1,0,1,2,2,4,2,2,1,1,0,0,0,0,0,0,1,4,0,0,0,71,4,223,33,45,19,31,5,5,0,156,0,23,4,2,0,3,1,6,1,53,4,5,2,4,0,0,0,0,2,61,53,0,1,1,1,1,1,1,0,12,2,0,3,3,2
73,1122,37,2441,31,590,28,403,7,218,0,1,26,109,165,0,0,0,2,462,0,3,0,0,0,0,0,0,0,0,0,0,37,150,0,0,167,1930,3,5,1,4,0,0,1,1,0,0,0,12,0,1,2,18,0,0,0,0,0,0,151,605,0,224,2,10,5,59,1,13,12,124,43,554,41,185,66,510,13,145,0,0,0,2,4,5,0,1,4,0,0,0,0,0,0,1,2,2,2,12,1,1,0,1,1,1,2,3,5,2,0,4,2,1,0,0,0,0,0,1,2,0,0,0,17,18,44,179,17,150,4,22,1,0,32,3,3,12,0,3,0,3,0,10,12,10,1,3,3,0,0,0,0,5,49,91,0,4,1,0,0,0,0,3,3,3,0,1,3,0
0,0,216,30,98,8,0,0,3,5,72,11,0,0,0,0,0,172,46,59,344,85,740,12,122,4,84,3,75,5,5,0,25,37,0,0,0,0,0,0,22,43,10,0,114,0,0,0,0,0,1,0,0,0,0,0,0,0,1,0,0,0,0,0,0,0,0,0,0,0,0,0,0,0,134,6,221,21,2,1,0,0,0,0,0,0,3,2,1,1,0,0,2,0,0,0,0,0,0,0,0,0,0,0,0,0,0,0,0,0,0,0,0,0,0,0,0,0,0,0,0,0,0,0,0,0,0,0,0,0,0,0,0,0,0,0,0,0,0,0,0,0,0,0,0,0,0,0,0,0,416,230,60,25,31,13,339,0,0,0,0,0,1,0,0,0,0,0,0,0
0,0,13,9,2,3,0,0,0,0,1,3,0,0,0,0,172,0,4,56,5,364,51,797,6,8,2,2,0,21,0,0,1,130,0,0,0,0,0,0,0,6,0,2,2,26,0,0,0,0,0,0,0,0,0,0,0,0,0,3,0,1,0,0,0,0,0,0,0,0,0,0,0,0,64,60,1,203,0,3,0,0,0,0,0,0,0,30,0,1,0,1,0,2,0,0,0,0,0,0,0,0,0,0,0,1,0,0,0,0,1,0,0,0,0,0,0,0,0,0,0,0,0,0,0,0,0,0,0,0,0,0,0,0,0,0,0,0,0,4,0,0,0,0,0,0,0,0,0,0,30,387,0,31,1,3,5,187,0,0,0,0,0,0,0,0,0,1,0,0
5,1,3757,31,152,33,35,3,77,20,10,1,0,2,401,2,46,4,0,83,572,18,74,1,13,1,11,1,1,0,0,0,41,49,0,0,371,10,0,0,2,0,1,0,1,0,0,0,0,0,0,0,0,0,0,0,0,0,1,0,3,0,0,0,0,0,1,0,0,0,0,0,0,0,23,1,184,35,14,4,0,0,0,0,0,0,9,1,1,0,0,0,1,1,0,0,0,0,0,0,0,0,0,0,0,0,0,0,0,0,0,0,0,0,0,0,0,0,0,0,0,0,0,0,9,2,2,0,0,1,0,0,0,0,38,0,1,0,0,0,0,0,0,0,2,0,0,0,0,0,118,10,760,68,740,148,4,0,0,0,0,0,0,0,0,0,0,0,0,0
4,12,202,3224,191,581,34,56,55,329,17,126,2,22,19,462,59,56,83,0,15,723,8,93,2,58,1,35,0,42,0,0,13,495,0,0,19,585,1,1,1,1,0,0,5,0,0,0,0,0,0,0,0,0,0,0,0,0,0,1,4,7,0,1,0,0,0,7,0,0,1,1,0,0,18,36,87,264,3,43,0,0,0,0,1,2,1,19,0,1,0,1,0,1,0,0,0,0,0,2,0,0,0,0,0,0,0,0,0,0,1,0,0,0,0,0,0,0,0,0,1,0,0,0,4,2,2,8,0,2,1,3,1,0,16,0,5,1,0,0,0,0,0,4,3,0,0,0,0,0,63,60,50,766,66,283,1,15,1,0,0,0,0,0,0,0,0,0,1,0
0,0,292,2,16,5,0,0,0,2,2,2,0,0,0,0,344,5,572,15,0,4,1129,0,53,1,47,0,6,0,0,0,5,9,0,0,2,0,0,0,0,1,0,0,1,0,0,0,0,0,0,0,0,0,0,0,0,0,0,0,0,0,0,0,0,0,0,0,0,0,0,0,0,0,8,0,6,2,0,0,0,0,0,0,0,0,0,0,0,0,0,0,0,0,0,0,0,0,0,0,0,0,0,0,0,0,0,0,0,0,0,0,0,0,0,0,0,0,0,0,0,0,0,0,0,0,0,0,0,0,0,0,0,0,0,0,0,0,0,0,0,0,0,0,0,0,0,0,0,0,438,4,328,4,88,23,36,0,0,0,0,0,0,0,0,0,0,0,0,0
0,1,49,318,50,62,1,0,10,20,5,143,0,0,1,3,85,364,18,723,4,0,0,1136,0,394,2,176,3,138,1,0,7,321,0,0,2,4,0,0,0,1,0,3,0,0,0,0,0,0,0,0,0,0,0,0,0,0,0,2,0,0,0,0,0,0,0,0,0,0,0,0,0,0,7,37,25,95,2,0,0,0,0,0,0,0,1,52,0,5,0,1,0,6,0,0,0,0,0,0,0,0,0,0,0,0,0,0,0,0,0,0,0,0,0,0,0,0,0,0,0,0,0,0,0,0,0,0,0,0,0,0,0,0,0,0,0,0,0,0,0,0,0,0,0,0,0,0,0,0,156,692,10,374,8,71,2,38,0,0,0,0,0,0,0,0,0,0,0,0
0,0,167,2,15,2,0,0,0,0,11,1,0,0,0,0,740,51,74,8,1129,0,0,78,550,0,111,0,59,2,0,0,25,4,0,0,0,0,0,0,0,27,1,0,9,0,0,0,0,0,0,0,0,0,0,0,0,0,0,0,0,0,0,0,0,0,0,0,0,0,0,0,0,0,16,0,28,3,0,0,0,0,0,0,0,0,0,0,0,1,0,0,1,0,0,0,0,0,0,0,0,0,0,0,0,0,0,0,0,0,0,0,0,0,0,0,0,0,0,0,0,0,0,0,0,0,0,0,0,0,0,0,0,0,0,0,0,0,0,0,0,0,0,0,0,0,0,0,0,0,311,2,107,6,64,15,139,0,0,0,0,0,0,0,0,0,0,0,0,0
0,0,7,62,2,19,0,0,2,1,2,21,0,0,0,0,12,797,1,93,0,1136,78,0,0,903,0,102,0,190,0,0,0,276,0,0,0,1,0,0,0,4,0,3,1,8,0,0,0,0,0,0,0,0,0,0,0,0,0,1,0,0,0,0,0,0,0,0,0,0,0,0,0,0,1,41,3,75,0,0,0,0,0,0,0,3,0,58,0,5,0,1,0,3,0,0,0,0,0,0,0,0,0,0,0,0,0,0,0,0,0,0,0,0,0,0,0,0,0,0,0,0,0,0,0,0,0,0,0,0,0,0,0,0,0,0,0,0,0,0,0,0,0,0,0,0,0,0,0,0,18,160,1,37,1,11,0,111,0,0,0,0,0,0,0,0,0,0,0,0
0,0,197,1,34,0,0,0,4,0,141,1,0,0,0,0,122,6,13,2,53,0,550,0,0,0,514,0,377,0,0,0,195,0,0,0,0,0,0,0,1,0,0,0,21,0,0,0,0,0,0,0,0,0,0,0,0,0,1,0,0,0,0,0,0,0,0,0,0,0,0,0,0,0,5,1,7,0,0,0,0,0,0,0,0,0,0,0,0,0,0,0,2,0,0,0,0,0,0,0,0,0,0,0,0,0,0,0,0,0,0,0,0,0,0,0,0,0,0,0,0,0,0,0,0,0,0,0,0,0,0,0,0,0,0,0,0,0,0,0,0,0,0,0,0,0,0,0,0,0,29,2,9,1,4,0,43,0,0,0,0,0,0,0,0,0,0,0,0,0
0,0,4,180,4,42,0,0,1,3,1,63,0,0,0,0,4,8,1,58,1,394,0,903,0,0,0,650,0,189,0,0,0,160,0,0,0,1,0,0,0,0,0,0,0,0,0,0,0,0,0,0,0,0,0,0,0,0,0,1,0,0,0,0,0,0,0,0,0,0,0,0,0,0,1,0,1,13,0,0,0,0,0,0,0,0,0,3,0,0,0,0,0,0,0,0,0,0,0,0,0,0,0,0,0,0,0,0,0,0,0,0,0,0,0,0,0,0,0,0,0,0,0,0,0,0,0,0,0,0,0,0,0,0,0,0,0,0,0,0,0,0,0,0,0,0,0,0,0,0,7,13,2,3,0,2,0,1,0,0,0,0,0,0,0,0,0,0,0,0
0,0,304,1,51,1,0,0,1,0,99,0,0,0,0,0,84,2,11,1,47,2,111,0,514,0,0,0,158,0,0,0,63,1,0,0,0,0,0,0,2,0,0,0,4,0,0,0,0,0,0,0,0,0,0,0,0,0,0,0,0,0,0,0,0,0,0,0,0,0,0,0,0,0,7,1,7,0,0,0,0,0,0,0,0,0,0,0,0,0,0,0,0,0,0,0,0,0,0,0,0,0,0,0,0,0,0,0,0,0,0,0,0,0,0,0,0,0,0,0,0,0,0,0,0,0,0,0,0,0,0,0,0,0,0,0,0,0,1,0,0,0,0,0,0,0,0,0,0,0,27,6,6,1,5,0,43,0,0,0,0,0,0,0,0,0,0,0,0,0
0,0,0,304,3,138,0,0,0,1,0,216,0,0,0,0,3,2,1,35,0,176,0,102,0,650,0,0,0,163,0,0,0,107,0,0,0,0,0,0,0,0,0,0,0,0,0,0,0,0,0,0,0,0,0,0,0,0,0,0,0,0,0,0,0,0,0,0,0,0,0,0,0,0,1,0,1,10,0,0,0,0,0,0,0,0,0,2,0,1,0,0,0,0,0,0,0,0,0,0,0,0,0,0,0,0,0,0,0,0,0,0,0,0,0,0,0,0,0,0,0,0,0,0,0,0,0,0,0,0,0,0,0,0,0,0,0,0,0,0,0,0,0,0,0,0,0,0,0,0,2,1,1,3,0,2,0,0,0,0,0,0,0,0,0,0,0,0,0,0
0,0,74,0,90,0,0,0,25,0,668,0,0,0,0,0,75,0,1,0,6,3,59,0,377,0,158,0,0,0,7,0,493,1,0,0,0,0,0,0,20,0,0,0,35,0,0,0,0,0,0,0,0,0,0,0,0,0,6,0,0,0,0,0,0,0,0,0,0,0,0,0,0,0,7,0,74,1,0,0,0,0,0,0,0,0,31,0,7,0,2,0,5,0,0,0,0,0,0,0,0,0,0,0,0,0,0,0,0,0,0,0,0,0,0,0,0,0,0,0,0,0,0,0,0,0,0,0,0,0,0,0,0,0,0,0,0,0,1,0,0,0,0,0,0,0,0,0,0,0,10,0,3,0,2,1,11,0,0,0,0,0,0,0,0,0,0,0,0,0
0,0,4,85,2,68,0,0,3,18,1,356,0,0,0,0,5,21,0,42,0,138,2,190,0,189,0,163,0,0,0,1,1,579,0,0,0,0,0,0,0,0,0,0,0,0,0,0,0,0,0,0,0,0,0,0,0,0,0,0,0,0,0,0,0,0,0,0,0,0,0,0,0,0,0,1,1,6,0,0,0,0,0,0,0,0,0,4,0,0,0,0,0,0,0,0,0,0,0,0,0,0,0,0,0,0,0,0,0,0,0,0,0,0,0,0,0,0,0,0,0,0,0,0,0,0,0,0,0,0,0,0,0,0,0,0,0,0,0,0,0,0,0,0,0,0,0,0,0,0,4,13,0,6,0,3,0,7,0,0,0,0,0,0,0,0,0,0,0,0
0,0,7,0,350,0,0,0,45,0,151,0,0,0,0,0,5,0,0,0,0,1,0,0,0,0,0,0,7,0,0,0,3,0,0,0,0,0,0,0,0,0,0,0,3,0,0,0,0,0,0,0,0,0,0,0,0,0,0,0,0,0,0,0,0,0,0,0,0,0,0,0,0,0,0,0,8,0,0,0,0,0,0,0,0,0,0,0,1,0,0,0,0,0,0,0,0,0,0,0,0,0,0,0,0,0,0,0,0,0,0,0,0,0,0,0,0,0,0,0,0,0,0,0,0,0,0,0,0,0,0,0,0,0,0,0,0,0,0,0,0,0,0,0,0,0,0,0,0,0,11,0,1,1,0,0,1,0,0,0,0,0,0,0,0,0,0,0,0,0
0,0,0,0,0,37,0,0,0,0,0,13,0,0,0,0,0,0,0,0,0,0,0,0,0,0,0,0,0,1,0,0,0,0,0,0,0,0,0,0,0,0,0,0,0,0,0,0,0,0,0,0,0,0,0,0,0,0,0,0,0,0,0,0,0,0,0,0,0,0,0,0,0,0,0,0,0,0,0,0,0,0,0,0,0,0,0,0,0,0,0,0,0,0,0,0,0,0,0,0,0,0,0,0,0,0,0,0,0,0,0,0,0,0,0,0,0,0,0,0,0,0,0,0,0,0,0,0,0,0,0,0,0,0,0,0,0,0,0,0,0,0,0,0,0,0,0,0,0,0,0,0,0,0,0,0,0,0,0,0,0,0,0,0,0,0,0,0,0,0
211,15,444,12,337,28,1230,14,1003,6,445,1,826,6,284,37,25,1,41,13,5,7,25,0,195,0,63,0,493,1,3,0,0,12,0,0,246,97,41,7,698,2,54,1,101,0,21,0,4,1,73,0,4,1,7,0,4,0,76,0,404,25,25,10,16,0,106,7,3,0,237,4,310,7,380,13,1531,28,67,5,0,0,61,1,492,2,840,0,194,0,68,0,96,0,0,0,1,4,2,2,0,0,0,0,1,0,1,2,1,1,1,2,1,0,0,0,0,0,0,1,0,0,0,1,26,3,94,3,33,29,8,1,1,0,58,2,7,1,28,0,5,4,6,1,38,3,0,3,7,1,19,2,20,10,61,46,7,0,3,0,1,0,3,3,3,0,0,4,2,1
6,104,125,588,95,713,17,863,50,1084,6,805,4,675,16,150,37,130,49,495,9,321,4,276,0,160,1,107,1,579,0,0,12,0,0,0,11,146,6,12,3,39,0,13,3,48,1,1,0,5,0,1,1,6,0,17,0,4,0,8,4,79,0,4,1,1,1,117,0,2,4,17,0,5,20,378,70,1962,4,79,0,0,0,151,0,470,1,388,2,327,0,4,0,36,1,0,1,2,1,12,0,1,1,1,1,2,1,3,0,1,1,4,0,0,0,0,0,1,0,0,0,0,0,1,7,3,2,18,4,27,1,7,0,0,20,0,0,0,0,27,0,12,0,7,1,2,1,2,0,0,36,45,21,144,27,173,2,39,0,0,0,0,0,0,0,1,0,0,0,0
0,0,0,0,0,0,0,0,0,0,0,0,0,0,0,0,0,0,0,0,0,0,0,0,0,0,0,0,0,0,0,0,0,0,0,0,0,0,0,0,0,0,0,0,0,0,0,0,0,0,0,0,0,0,0,0,0,0,0,0,0,0,0,0,0,0,0,0,0,0,0,0,0,0,0,0,0,0,0,0,0,0,0,0,0,0,0,0,0,0,0,0,0,0,0,0,0,0,0,0,0,0,0,0,0,0,0,0,0,0,0,0,0,0,0,0,0,0,0,0,0,0,0,0,0,0,0,0,0,0,0,0,0,0,0,0,0,0,0,0,0,0,0,0,0,0,0,0,0,0,0,0,0,0,0,0,0,0,0,0,0,0,0,0,0,0,0,0,0,0
0,0,0,0,0,0,0,0,0,0,0,0,0,0,0,0,0,0,0,0,0,0,0,0,0,0,0,0,0,0,0,0,0,0,0,0,0,0,0,0,0,0,0,0,0,0,0,0,0,0,0,0,0,0,0,0,0,0,0,0,0,0,0,0,0,0,0,0,0,0,0,0,0,0,0,0,0,0,0,0,0,0,0,0,0,0,0,0,0,0,0,0,0,0,0,0,0,0,0,0,0,0,0,0,0,0,0,0,0,0,0,0,0,0,0,0,0,0,0,0,0,0,0,0,0,0,0,0,0,0,0,0,0,0,0,0,0,0,0,0,0,0,0,0,0,0,0,0,0,0,0,0,0,0,0,0,0,0,0,0,0,0,0,0,0,0,0,0,0,0
359,126,1172,25,508,49,181,21,88,9,0,0,140,4,1347,167,0,0,371,19,2,2,0,0,0,0,0,0,0,0,0,0,246,11,0,0,0,295,1090,18,38,8,2,19,1,0,10,2,83,1,15,0,2,0,6,0,0,0,0,0,308,40,5,6,27,1,129,10,7,1,1809,8,243,56,62,26,466,33,122,19,0,0,27,1,65,2,4,0,21,0,0,0,1,0,2,4,2,7,7,11,3,2,0,1,1,2,1,15,11,2,2,10,2,1,1,0,1,0,0,0,2,0,0,0,61,4,215,17,161,21,50,2,3,0,122,0,15,0,1,0,5,2,6,1,51,4,5,1,11,0,0,0,17,4,547,45,1,0,8,4,0,2,10,8,10,2,1,2,13,1
96,511,58,207,62,225,40,162,18,89,0,0,25,69,174,1930,0,0,10,585,0,4,0,1,0,1,0,0,0,0,0,0,97,146,0,0,295,0,21,596,21,14,1,14,0,0,6,4,4,56,0,2,0,39,2,4,0,0,0,1,165,476,16,429,17,7,57,106,9,10,164,2642,83,629,33,252,147,294,65,81,0,0,16,28,55,27,2,0,20,1,0,0,0,1,1,4,1,6,9,18,1,1,1,3,1,3,3,14,7,3,2,4,3,1,2,0,0,0,0,1,1,0,0,1,13,29,85,112,101,329,17,7,2,0,47,4,5,6,0,2,7,20,1,50,17,51,1,20,1,15,0,0,2,337,82,653,0,1,0,2,4,0,4,2,4,3,1,4,0,3
40,1,66,0,47,1,16,4,3,0,0,0,17,3,53,3,0,0,0,1,0,0,0,0,0,0,0,0,0,0,0,0,41,6,0,0,1090,21,0,99,16,17,31,8,0,0,611,156,221,8,134,1,14,10,13,11,1,0,8,1,21,15,0,49,19,0,24,6,16,3,1187,169,0,0,2,8,15,13,6,0,0,0,30,12,68,11,0,0,56,2,0,0,9,0,0,0,0,0,1,1,0,1,0,1,0,0,0,0,1,0,0,0,0,0,0,0,0,0,0,0,0,0,0,2,3,4,4,1,11,21,0,1,0,0,4,0,2,1,0,2,3,12,0,5,0,8,0,1,0,1,0,0,0,0,2,0,0,0,0,0,0,0,0,0,1,0,0,0,0,0
5,1,1,1,0,1,1,1,0,2,0,0,1,9,0,5,0,0,0,1,0,0,0,0,0,0,0,0,0,0,0,0,7,12,0,0,18,596,99,0,1,95,1,40,0,0,498,495,37,62,20,17,5,39,7,9,4,4,1,33,3,4,0,56,1,5,0,5,0,2,79,1073,0,7,0,0,4,11,2,1,0,0,6,23,33,22,0,0,40,3,0,0,5,2,0,0,0,3,0,1,0,0,0,0,0,0,0,2,0,1,0,1,0,1,0,0,0,0,0,0,0,0,0,0,0,2,0,1,1,22,0,2,0,0,0,0,0,0,0,10,0,6,0,9,0,6,0,1,0,0,0,0,0,14,1,20,0,0,0,0,0,0,0,0,0,0,0,0,1,0
3,2,57,1,28,1,2,1,22,2,29,1,1,0,3,1,22,0,2,1,0,0,0,0,1,0,2,0,20,0,0,0,698,3,0,0,38,21,16,1,0,1,1603,9,421,1,23,0,0,0,291,1,0,0,0,0,2,0,335,0,13,2,1,0,0,0,10,0,0,0,98,0,23,2,26,0,615,7,144,10,0,0,8,0,414,0,644,0,410,0,489,0,383,0,2,11,2,7,41,12,9,4,4,9,4,4,7,22,22,5,20,31,1,15,3,1,0,1,0,0,2,0,0,0,19,0,48,0,155,3,7,1,7,0,30,0,6,0,426,0,93,0,68,0,347,0,10,0,41,1,2,0,5,0,2,1,98,0,24,1,5,1,165,1,8,0,1,0,45,2
0,6,0,1,0,3,0,4,0,2,0,1,0,4,3,4,43,6,0,1,1,1,27,4,0,0,0,0,0,0,0,0,2,39,0,0,8,14,17,95,1,0,10,1149,32,254,156,173,8,10,40,231,3,36,0,261,0,84,1,765,3,23,1,3,0,0,0,1,0,2,27,301,5,3,1,2,5,246,4,429,0,0,0,3,2,176,0,431,4,430,0,48,1,415,1,2,14,2,10,3,4,1,4,4,8,3,16,8,7,5,13,29,4,0,1,0,0,1,1,1,0,1,0,0,0,2,2,2,3,2,1,0,0,0,0,0,0,0,1,178,0,0,0,17,0,7,0,0,1,0,0,0,0,0,0,1,0,24,2,24,0,3,1,94,5,3,2,2,8,4
0,0,3,0,0,0,0,0,0,0,0,0,0,0,0,0,10,0,1,0,0,0,1,0,0,0,0,0,0,0,0,0,54,0,0,0,2,1,31,1,1603,10,0,0,375,2,51,0,7,0,703,0,0,0,0,0,3,0,841,1,2,0,0,0,0,0,0,0,0,0,189,1,0,0,1,0,10,3,2,6,0,0,0,0,56,0,241,0,180,0,177,0,157,0,18,8,53,11,11,6,12,1,7,6,36,3,63,7,28,8,31,10,0,4,3,0,2,1,1,1,1,0,0,0,0,0,0,0,12,0,0,0,0,0,0,0,0,0,4,0,5,0,2,0,7,0,0,0,1,0,0,0,0,0,0,0,3,0,41,2,7,0,2,1,18,2,0,1,14,0
2,1,0,1,0,3,0,0,2,1,0,1,0,1,4,0,0,2,0,0,0,3,0,3,0,0,0,0,0,0,0,0,1,13,0,0,19,14,8,40,9,1149,0,0,0,516,77,135,1,5,9,762,2,2,0,13,0,10,0,2243,8,7,0,0,0,0,7,1,0,1,20,321,14,1,9,5,4,88,9,6,0,0,0,5,0,6,0,177,0,56,0,37,0,104,8,8,28,15,6,62,3,1,5,2,23,4,47,16,5,3,6,17,1,0,1,1,0,0,0,1,0,0,0,0,0,0,1,0,2,1,0,0,0,0,0,0,0,0,0,12,0,0,0,0,0,1,0,0,0,1,0,0,0,0,0,1,0,2,2,52,0,3,0,1,0,1,1,1,1,2
0,0,33,0,30,1,0,0,7,0,68,0,1,0,0,1,114,2,1,5,1,0,9,1,21,0,4,0,35,0,3,0,101,3,0,0,1,0,0,0,421,32,375,0,0,1,0,0,0,0,1,0,0,0,0,0,0,0,26,0,0,0,0,0,0,0,0,0,0,0,0,0,2,1,6,0,219,1,69,0,0,0,0,0,2,0,661,0,37,0,262,0,29,0,0,0,0,0,3,0,1,0,0,0,0,0,0,0,1,0,0,0,0,0,0,0,0,0,0,0,0,0,0,0,2,0,0,0,0,0,2,0,4,0,1,0,0,0,13,0,0,0,1,0,3,0,0,0,0,0,5,2,4,2,1,1,188,0,1,0,1,0,10,0,1,0,0,0,3,0
1,0,0,1,0,0,0,0,0,0,0,0,0,0,0,1,0,26,0,0,0,0,0,8,0,0,0,0,0,0,0,0,0,48,0,0,0,0,0,0,1,254,2,516,1,0,0,4,0,0,0,1,0,1,0,13,0,3,0,62,0,0,0,0,0,0,0,0,0,0,0,0,0,0,0,3,1,263,1,17,0,0,0,0,0,11,0,801,0,70,0,16,0,81,0,1,1,0,2,3,0,0,1,0,1,0,2,0,3,3,3,2,3,1,0,0,0,0,0,0,0,0,0,0,0,1,0,0,1,0,0,0,0,0,0,0,0,0,0,12,1,0,0,1,1,0,0,0,0,0,2,0,0,0,0,0,4,138,0,3,0,1,0,12,0,2,0,1,2,0
62,1,4,0,2,0,3,1,2,0,0,0,5,1,1,0,0,0,0,0,0,0,0,0,0,0,0,0,0,0,0,0,21,1,0,0,10,6,611,498,23,156,51,77,0,0,0,594,2046,72,2243,192,933,5,1485,5,1266,5,120,37,138,0,17,3,29,0,34,0,89,0,1272,227,4,0,0,1,7,0,1,0,0,0,4,1,244,0,4,1,1238,0,0,0,189,4,0,116,2,17,0,2,0,7,0,34,0,1,0,1,2,1,0,0,0,0,2,9,1,0,0,0,0,0,0,1,0,0,3,0,0,0,0,0,0,0,0,0,0,0,0,1,0,0,1,0,0,0,0,0,0,0,0,0,0,0,0,0,0,0,0,0,0,0,0,0,0,0,0,1,1,0
0,0,0,0,0,0,0,0,0,0,0,0,0,0,0,0,0,0,0,0,0,0,0,0,0,0,0,0,0,0,0,0,0,1,0,0,2,4,156,495,0,173,0,135,0,4,594,0,136,3315,4,2579,21,1166,5,998,2,477,2,535,1,0,0,1,0,0,0,0,0,4,94,1408,0,0,0,0,0,16,0,1,0,0,0,0,2,13,0,1,3,79,0,0,1,42,0,0,0,0,0,0,0,0,0,0,0,0,0,0,0,0,0,0,0,0,0,0,0,0,0,0,0,0,0,0,0,0,0,0,0,0,0,0,0,0,0,0,0,0,0,13,0,0,0,3,0,1,0,0,0,0,0,0,0,0,0,0,0,0,0,0,0,0,0,0,0,0,0,0,0,0
38,1,8,0,7,0,2,0,0,0,0,0,6,0,7,0,0,0,0,0,0,0,0,0,0,0,0,0,0,0,0,0,4,0,0,0,83,4,221,37,0,8,7,1,0,0,2046,136,0,41,25,4,2686,11,1327,2,28,0,3,1,80,0,84,1,39,1,11,0,25,0,971,123,1,0,1,0,1,0,1,0,0,0,13,0,25,3,0,0,83,1,0,0,6,0,0,0,0,0,0,0,0,0,0,0,0,0,0,0,0,0,0,0,0,0,0,0,0,0,0,0,0,0,0,0,0,0,0,0,1,2,0,0,0,0,0,0,0,0,0,0,0,1,0,1,0,1,0,0,0,0,0,0,0,0,0,1,0,0,0,0,0,0,0,0,0,0,0,0,0,0
0,0,0,0,0,0,0,0,0,0,0,0,0,0,0,12,0,0,0,0,0,0,0,0,0,0,0,0,0,0,0,0,1,5,0,0,1,56,8,62,0,10,0,5,0,0,72,3315,41,0,0,129,0,3742,0,484,0,25,0,10,0,9,0,207,0,35,0,0,1,83,6,1920,0,2,0,0,0,5,0,1,0,0,0,3,2,10,0,0,0,37,0,0,0,7,0,0,0,0,0,2,0,0,0,0,0,0,1,0,0,0,0,0,0,0,0,0,0,0,0,0,0,0,0,0,0,1,0,1,0,1,0,0,0,0,0,0,0,0,0,2,0,2,0,1,0,1,0,0,0,0,0,0,0,0,0,0,0,0,0,0,0,0,0,0,0,0,0,0,0,0
5,0,0,0,1,0,1,0,0,0,0,0,0,0,0,0,1,0,0,0,0,0,0,0,0,0,0,0,0,0,0,0,73,0,0,0,15,0,134,20,291,40,703,9,1,0,2243,4,25,0,0,3,30,0,256,0,1222,0,1042,0,7,0,0,0,3,0,0,0,4,0,775,6,0,0,0,0,15,0,0,0,0,0,1,0,194,0,11,0,1071,0,0,0,434,0,30,75,13,90,32,7,919,43,543,9,2,1,1,4,10,8,1,2,0,34,168,30,0,1,1,0,0,0,0,0,0,0,0,0,1,1,0,0,0,0,1,0,0,0,3,0,0,0,4,0,7,0,0,0,2,0,0,0,0,0,0,0,0,0,0,0,0,0,0,0,0,0,0,1,9,0
0,1,0,0,0,0,0,1,0,0,0,0,0,0,0,1,0,0,0,0,0,0,0,0,0,0,0,0,0,0,0,0,0,1,0,0,0,2,1,17,1,231,0,762,0,1,192,2579,4,129,3,0,0,55,0,146,0,163,2,1829,0,1,0,0,0,0,0,0,0,1,2,228,0,0,0,4,0,19,2,4,0,0,0,0,0,5,0,3,0,28,0,1,0,17,7,1226,11,35,0,67,11,243,76,1867,0,8,3,29,3,15,1,0,0,153,83,491,18,1,1,1,0,0,0,0,0,2,2,3,1,39,0,1,1,0,1,1,0,1,0,2,0,26,0,22,0,6,0,1,0,0,0,0,0,0,0,1,0,0,0,1,0,0,0,5,2,6,1,3,40,0
14,0,0,0,0,0,0,0,0,0,0,0,3,1,0,2,0,0,0,0,0,0,0,0,0,0,0,0,0,0,0,0,4,1,0,0,2,0,14,5,0,3,0,2,0,0,933,21,2686,0,30,0,0,0,4333,0,141,0,8,0,45,1,398,0,48,0,10,0,19,0,747,16,0,0,0,0,1,0,1,0,0,0,3,0,13,0,0,0,80,0,0,0,7,0,0,0,0,0,0,0,0,0,0,0,0,0,0,0,0,0,0,0,0,0,0,0,0,0,0,0,0,0,0,0,0,0,0,0,0,0,0,0,0,0,0,0,0,0,0,0,0,0,0,0,0,0,0,0,0,0,0,0,0,0,0,0,0,0,0,0,0,0,0,0,0,0,0,0,0,0
0,1,0,0,0,0,0,0,0,0,0,0,0,1,0,18,0,0,0,0,0,0,0,0,0,0,0,0,0,0,0,0,1,6,0,0,0,39,10,39,0,36,0,2,0,1,5,1166,11,3742,0,55,0,0,1,3849,0,75,0,31,0,13,0,849,1,114,0,7,0,793,5,1486,0,6,0,1,0,22,0,2,0,0,0,4,4,27,0,3,0,366,0,1,0,25,0,0,0,0,0,2,0,0,0,0,0,0,0,0,0,1,1,0,0,0,1,0,0,0,0,0,0,0,0,0,0,0,0,1,0,3,0,0,0,0,0,0,0,0,0,19,0,0,0,2,0,3,0,1,0,0,0,0,0,0,0,0,0,0,0,0,0,0,0,1,0,0,0,0,0,0
83,0,2,0,1,0,0,1,1,0,0,0,7,0,2,0,0,0,0,0,0,0,0,0,0,0,0,0,0,0,0,0,7,0,0,0,6,2,13,7,0,0,0,0,0,0,1485,5,1327,0,256,0,4333,1,0,0,2422,0,145,0,221,0,934,0,549,0,57,0,1059,0,672,10,8,0,2,0,2,0,3,0,0,0,5,0,58,0,0,0,2446,0,0,0,198,0,0,0,0,0,0,0,0,0,0,0,0,0,0,0,0,0,0,1,0,0,0,0,0,0,0,0,0,0,0,0,0,0,0,0,1,1,0,0,0,0,0,0,0,0,0,0,0,0,0,2,0,0,0,0,0,0,0,0,0,0,0,0,0,0,0,0,0,0,0,0,0,0,0,0,0,0
0,1,0,1,0,0,0,0,0,0,0,0,0,1,0,0,0,0,0,0,0,0,0,0,0,0,0,0,0,0,0,0,0,17,0,0,0,4,11,9,0,261,0,13,0,13,5,998,2,484,0,146,0,3849,0,0,0,1815,0,493,0,3,0,38,0,4,0,0,0,986,2,304,0,0,0,1,0,118,0,17,0,0,0,11,0,85,0,13,0,3039,0,0,0,490,0,0,0,1,0,1,0,0,0,0,0,0,1,1,1,0,1,0,1,0,0,0,0,0,0,0,0,1,0,0,0,0,0,0,0,1,0,0,0,0,0,0,0,0,0,102,0,5,0,16,0,9,0,0,0,0,0,0,0,0,0,0,1,4,0,0,0,0,0,9,0,0,0,0,0,0
15,0,0,0,0,0,0,0,0,0,0,0,0,0,0,0,0,0,0,0,0,0,0,0,0,0,0,0,0,0,0,0,4,0,0,0,0,0,1,4,2,0,3,0,0,0,1266,2,28,0,1222,0,141,0,2422,0,0,0,681,0,22,0,0,0,4,0,0,0,14,0,26,3,0,0,0,0,0,0,1,0,0,0,1,0,20,0,1,0,517,0,0,0,424,0,24,0,0,0,0,0,0,0,0,0,0,0,0,0,0,0,0,0,0,0,0,0,0,0,0,0,0,0,0,0,0,0,0,0,0,0,0,0,0,0,0,0,0,0,0,0,0,0,0,0,0,0,0,0,0,0,0,0,0,0,0,0,0,0,0,0,0,0,0,0,0,0,0,0,0,0
0,0,0,0,0,0,0,0,0,0,0,0,0,0,0,0,0,0,0,0,0,0,0,0,0,0,0,0,0,0,0,0,0,4,0,0,0,0,0,4,0,84,0,10,0,3,5,477,0,25,0,163,0,75,0,1815,0,0,0,1221,0,0,0,0,0,0,0,0,0,3,0,48,0,0,0,0,0,14,0,5,0,0,0,0,0,19,0,2,0,212,0,0,0,808,0,1,0,0,0,0,0,0,0,1,0,0,0,0,0,0,0,0,0,0,0,0,0,0,0,0,0,0,0,0,0,1,0,0,0,1,0,0,0,0,0,0,0,0,0,9,0,0,0,3,0,3,0,0,0,0,0,0,0,0,0,0,0,0,0,0,0,0,0,0,0,0,0,0,0,0
2,0,11,0,6,0,0,0,3,0,3,0,0,0,2,0,1,0,1,0,0,0,0,0,1,0,0,0,6,0,0,0,76,0,0,0,0,0,8,1,335,1,841,0,26,0,120,2,3,0,1042,2,8,0,145,0,681,0,0,0,1,0,0,0,2,0,0,0,1,0,26,2,0,0,0,0,46,0,4,0,0,0,0,0,97,0,264,0,634,0,684,0,2993,0,247,0,41,2,17,7,950,24,1910,7,7,1,5,3,6,1,2,2,0,5,65,41,3,0,0,0,0,0,0,0,1,0,0,0,2,0,0,0,0,0,1,0,0,0,5,0,1,0,1,0,3,0,0,0,0,0,2,0,0,0,1,1,0,0,0,0,0,1,0,0,0,0,0,0,0,0
0,0,0,1,0,1,0,0,0,0,0,1,0,1,0,0,0,3,0,1,0,2,0,1,0,1,0,0,0,0,0,0,0,8,0,0,0,1,1,33,0,765,1,2243,0,62,37,535,1,10,0,1829,0,31,0,493,0,1221,0,0,0,0,0,0,0,0,0,0,0,5,5,109,0,0,0,1,1,78,0,6,0,0,0,0,0,20,0,286,1,416,0,346,0,3305,1,63,1,9,0,10,1,90,5,2364,0,0,0,3,0,13,1,0,0,0,4,37,12,0,0,0,0,1,0,0,0,0,0,0,0,0,0,0,0,0,0,0,0,0,0,10,0,0,0,0,0,2,0,0,0,0,1,0,0,0,0,1,0,6,0,1,0,0,1,0,0,0,1,0,0,0
3862,78,379,27,170,57,246,25,34,3,0,0,1156,10,658,151,0,0,3,4,0,0,0,0,0,0,0,0,0,0,0,0,404,4,0,0,308,165,21,3,13,3,2,8,0,0,138,1,80,0,7,0,45,0,221,0,22,0,1,0,0,10,881,2,2129,0,1476,8,253,0,1214,13,822,8,106,10,411,26,141,15,0,0,102,0,478,4,0,0,468,0,0,0,13,0,0,0,0,5,4,4,0,0,0,2,2,0,0,6,2,2,0,2,0,1,0,0,0,1,0,0,3,0,0,0,17,3,241,22,84,9,44,3,3,0,89,0,12,2,1,1,3,0,8,1,41,1,4,2,5,0,0,0,0,0,26,11,0,0,7,3,2,0,4,3,7,3,0,1,0,1
5,3765,5,342,0,466,4,172,0,40,0,0,7,680,14,605,0,1,0,7,0,0,0,0,0,0,0,0,0,0,0,0,25,79,0,0,40,476,15,4,2,23,0,7,0,0,0,0,0,9,0,1,1,13,0,3,0,0,0,0,10,0,1,590,3,430,9,2475,1,61,34,549,2,849,4,244,15,433,3,177,0,0,5,13,11,85,0,0,8,0,0,0,0,1,1,4,0,9,2,27,3,0,4,1,3,2,18,14,3,5,8,8,3,0,0,1,0,0,0,3,0,0,0,0,0,25,6,131,13,588,2,30,0,0,3,2,0,3,0,7,0,23,0,48,1,26,0,25,0,12,0,0,0,0,3,4,0,2,2,0,0,0,0,3,2,2,0,1,3,3
99,0,3,0,1,1,3,0,0,0,0,0,11,0,1,0,0,0,0,0,0,0,0,0,0,0,0,0,0,0,0,0,25,0,0,0,5,16,0,0,1,1,0,0,0,0,17,0,84,0,0,0,398,0,934,0,0,0,0,0,881,1,0,0,1843,0,64,2,243,0,2982,0,79,1,0,0,13,0,5,0,0,0,9,0,13,0,0,0,29,0,0,0,1,0,0,0,0,0,1,0,0,0,0,1,0,0,0,0,0,0,0,0,0,0,0,0,0,0,0,0,0,0,0,0,0,0,2,1,6,2,2,0,0,0,1,0,0,0,0,0,0,0,0,1,0,0,0,0,0,0,0,0,0,0,0,1,0,0,1,0,0,0,1,0,0,0,0,0,0,0
1,55,0,22,0,8,0,4,0,1,0,0,5,8,1,224,0,0,0,1,0,0,0,0,0,0,0,0,0,0,0,0,10,4,0,0,6,429,49,56,0,3,0,0,0,0,3,1,1,207,0,0,0,849,0,38,0,0,0,0,2,590,0,0,1,1154,4,48,1,478,17,2014,0,193,0,26,3,17,0,7,0,0,2,14,6,6,0,0,3,1,0,0,0,0,0,0,0,0,0,2,0,0,0,0,0,0,0,1,0,3,1,1,0,0,0,0,0,0,0,0,0,0,0,0,0,3,0,12,3,59,0,4,0,0,0,0,0,0,0,0,0,8,0,7,0,10,0,8,0,3,0,0,0,0,0,1,0,0,0,0,0,0,0,0,0,0,0,1,0,0
113,1,2,1,13,1,3,0,0,0,0,0,6,1,8,2,0,0,0,0,0,0,0,0,0,0,0,0,0,0,0,0,16,1,0,0,27,17,19,1,0,0,0,0,0,0,29,0,39,0,3,0,48,1,549,0,4,0,2,0,2129,3,1843,1,0,0,1329,2,2021,0,702,0,81,0,5,1,20,2,16,0,0,0,2,1,46,0,0,0,110,0,0,0,2,0,0,0,1,0,2,0,0,0,0,0,0,0,0,2,0,0,0,0,1,0,0,0,0,0,0,0,0,0,0,0,0,0,10,0,5,3,2,0,0,0,2,0,0,0,0,0,2,0,0,1,1,0,0,0,0,0,0,0,0,0,0,0,0,0,1,0,0,0,0,0,0,0,0,0,0,0
0,10,0,1,0,0,0,0,0,0,0,0,0,1,0,10,0,0,0,0,0,0,0,0,0,0,0,0,0,0,0,0,0,1,0,0,1,7,0,5,0,0,0,0,0,0,0,0,1,35,0,0,0,114,0,4,0,0,0,0,0,430,0,1154,0,0,0,403,0,2479,0,89,0,5,0,2,0,0,0,1,0,0,0,0,0,52,0,0,0,16,0,0,0,0,0,0,0,0,0,0,0,0,0,0,0,0,0,0,0,0,0,0,0,0,0,0,0,0,0,0,0,0,0,0,0,0,0,0,0,5,0,0,0,0,0,0,0,0,0,1,0,0,0,0,0,0,0,0,0,0,0,0,0,0,0,0,0,0,0,0,0,0,0,0,0,0,0,0,0,0
331,3,13,1,59,2,60,3,19,1,0,0,226,0,47,5,0,0,1,0,0,0,0,0,0,0,0,0,0,0,0,0,106,1,0,0,129,57,24,0,10,0,0,7,0,0,34,0,11,0,0,0,10,0,57,0,0,0,0,0,1476,9,64,4,1329,0,0,2,319,0,280,3,220,0,15,6,124,2,44,2,0,0,9,0,1243,1,0,0,292,0,0,0,0,0,0,1,0,2,1,3,1,0,0,1,1,0,2,1,2,0,1,2,1,0,0,0,0,0,0,0,0,0,0,0,3,0,43,3,31,14,5,0,0,0,12,0,2,0,0,1,0,0,2,1,6,2,0,1,0,0,0,0,0,0,1,1,0,0,0,0,0,0,2,0,0,0,0,1,0,0
3,735,2,111,4,316,2,179,0,90,0,0,6,630,9,59,0,0,0,7,0,0,0,0,0,0,0,0,0,0,0,0,7,117,0,0,10,106,6,5,0,1,0,1,0,0,0,0,0,0,0,0,0,7,0,0,0,0,0,0,8,2475,2,48,2,403,2,0,3,725,9,18,1,4,1,25,8,120,1,23,0,0,1,48,7,1881,0,0,1,516,0,0,0,3,1,1,0,2,1,6,0,0,0,0,0,0,0,1,0,1,0,0,0,0,0,0,0,0,0,0,0,0,0,0,1,9,2,25,1,40,1,5,0,0,0,0,0,0,0,0,0,1,0,5,0,3,0,2,1,1,0,0,0,0,5,5,0,1,0,0,0,0,0,0,1,1,0,0,0,0
95,0,6,0,13,0,10,0,1,1,0,0,9,0,10,1,0,0,0,0,0,0,0,0,0,0,0,0,0,0,0,0,3,0,0,0,7,9,16,0,0,0,0,0,0,0,89,0,25,1,4,0,19,0,1059,0,14,0,1,0,253,1,243,1,2021,0,319,3,0,0,195,0,10,0,2,1,1,0,2,0,0,0,2,0,109,0,0,0,1451,0,0,0,0,0,0,1,0,0,0,1,0,0,0,0,1,0,0,0,0,0,0,0,0,0,0,0,0,0,0,0,0,0,0,0,0,0,1,1,1,3,1,1,0,0,0,0,0,0,0,0,0,0,0,2,0,2,0,0,0,0,0,0,0,0,1,0,0,0,0,0,0,0,1,0,0,0,0,0,0,0
0,0,0,0,0,0,0,2,0,0,0,0,0,6,0,13,0,0,0,0,0,0,0,0,0,0,0,0,0,0,0,0,0,2,0,0,1,10,3,2,0,2,0,1,0,0,0,4,0,83,0,1,0,793,0,986,0,3,0,5,0,61,0,478,0,2479,0,725,0,0,0,109,0,0,0,0,0,7,0,0,0,0,0,9,0,642,0,0,1,1130,0,0,0,11,0,0,0,0,0,0,0,0,0,0,0,0,0,0,0,0,0,1,0,0,0,0,0,0,0,0,0,0,0,0,0,0,0,0,0,1,0,0,0,0,0,0,0,0,0,5,0,2,0,1,0,0,0,0,0,0,0,0,0,0,0,0,0,0,0,0,0,0,0,0,0,0,0,0,0,0
1074,15,339,1,193,7,22,0,20,0,0,0,88,4,98,12,0,0,0,1,0,0,0,0,0,0,0,0,0,0,0,0,237,4,0,0,1809,164,1187,79,98,27,189,20,0,0,1272,94,971,6,775,2,747,5,672,2,26,0,26,5,1214,34,2982,17,702,0,280,9,195,0,0,122,752,5,14,9,128,8,49,5,0,0,95,6,232,2,0,0,169,1,0,0,21,0,1,1,0,0,3,2,1,0,0,0,0,1,2,4,0,1,7,3,1,0,0,0,2,0,0,1,0,0,0,0,5,1,32,9,94,44,12,0,2,0,2,0,1,0,1,1,0,4,1,10,4,10,1,1,4,0,0,0,0,0,1,1,0,0,3,0,0,0,3,0,3,2,1,0,1,0
5,18,0,10,1,14,0,5,1,6,0,0,6,10,4,124,0,0,0,1,0,0,0,0,0,0,0,0,0,0,0,0,4,17,0,0,8,2642,169,1073,0,301,1,321,0,0,227,1408,123,1920,6,228,16,1486,10,304,3,48,2,109,13,549,0,2014,0,89,3,18,0,109,122,0,0,332,1,12,3,28,0,9,0,0,8,19,20,17,0,0,47,43,0,0,4,12,0,0,0,1,1,1,0,0,0,1,0,1,0,0,1,0,0,1,0,0,0,0,0,0,0,0,0,0,0,0,0,3,0,6,1,54,0,1,1,0,0,0,0,0,0,11,0,7,0,15,0,9,0,2,0,1,0,0,0,19,0,22,0,0,0,0,0,0,0,0,0,1,0,0,0,0
1222,33,210,3,119,9,57,4,72,1,1,0,26,0,999,43,0,0,0,0,0,0,0,0,0,0,0,0,0,0,0,0,310,0,0,0,243,83,0,0,23,5,0,14,2,0,4,0,1,0,0,0,0,0,8,0,0,0,0,0,822,2,79,0,81,0,220,1,10,0,752,0,0,13,76,4,540,7,212,11,0,0,0,0,33,0,0,0,17,0,0,0,0,0,0,6,1,11,12,9,2,1,0,4,0,6,2,13,8,5,3,7,6,2,1,0,0,0,0,1,0,0,0,0,16,0,255,4,131,4,47,1,2,0,70,1,5,0,0,0,6,0,8,1,45,0,5,0,5,0,0,0,0,0,4,1,0,0,6,0,2,2,6,1,12,1,1,3,7,4
3,420,0,82,1,12,0,23,0,7,0,0,0,12,6,554,0,0,0,0,0,0,0,0,0,0,0,0,0,0,0,0,7,5,0,0,56,629,0,7,2,3,0,1,1,0,0,0,0,2,0,0,0,6,0,0,0,0,0,0,8,849,1,193,0,5,0,4,0,0,5,332,13,0,5,143,7,125,3,66,0,0,0,1,1,0,0,0,0,1,0,0,0,0,0,4,0,1,2,4,2,0,1,1,0,0,2,2,0,2,2,2,0,1,0,0,0,0,0,0,0,0,0,0,1,12,4,62,8,151,3,12,1,0,2,3,1,1,0,0,0,3,0,14,0,5,0,8,0,1,0,0,0,0,0,0,0,1,1,1,0,0,1,3,0,3,0,0,0,2
65,12,105,17,180,36,514,10,267,15,48,5,91,1,98,41,134,64,23,18,8,7,16,1,5,1,7,1,7,0,0,0,380,20,0,0,62,33,2,0,26,1,1,9,6,0,0,0,1,0,0,0,0,0,2,0,0,0,0,0,106,4,0,0,5,0,15,1,2,0,14,1,76,5,0,4,1214,20,214,12,0,0,1,0,4,0,9,0,1,0,0,0,2,0,2,4,4,6,13,8,2,1,3,2,1,1,5,3,3,5,4,3,4,1,1,0,0,0,0,0,25,22,0,0,314,4,875,3,467,6,151,0,5,0,576,1,52,0,7,0,19,0,26,1,258,0,34,1,76,0,11,46,26,8,34,69,71,1,12,0,0,2,11,1,19,1,0,7,11,0
17,329,4,68,6,300,7,318,3,224,1,1,2,47,19,185,6,60,1,36,0,37,0,41,1,0,1,0,0,1,0,0,13,378,0,0,26,252,8,0,0,2,0,5,0,3,1,0,0,0,0,4,0,1,0,1,0,0,0,1,10,244,0,26,1,2,6,25,1,0,9,12,4,143,4,0,7,3474,12,1145,0,0,0,5,5,8,0,7,5,7,0,2,0,2,1,5,6,5,8,37,1,2,0,1,3,1,3,6,7,6,4,3,5,3,0,1,0,0,0,2,0,19,0,12,2,599,7,1066,14,732,1,195,0,3,4,42,0,164,0,11,0,16,0,101,2,303,0,96,1,49,4,18,1,7,8,17,0,187,1,6,0,1,1,21,0,19,2,5,9,5
166,36,959,36,536,72,112,16,665,24,466,5,113,2,359,66,221,1,184,87,6,25,28,3,7,1,7,1,74,1,8,0,1531,70,0,0,466,147,15,4,615,5,10,4,219,1,7,0,1,0,15,0,1,0,2,0,0,0,46,1,411,15,13,3,20,0,124,8,1,0,128,3,540,7,1214,7,0,60,1450,19,0,0,30,1,82,0,196,1,82,0,19,0,41,0,0,9,1,9,18,11,2,2,2,5,2,3,6,18,7,4,4,9,7,2,1,0,0,0,0,0,13,3,0,0,175,2,183,8,81,12,27,1,13,0,248,0,25,2,64,0,9,1,14,2,71,3,8,1,15,0,46,10,150,74,235,144,909,4,19,3,8,0,47,7,21,5,1,3,11,4
40,797,67,527,95,552,30,230,44,189,3,79,13,294,52,510,21,203,35,264,2,95,3,75,0,13,0,10,1,6,0,0,28,1962,0,0,33,294,13,11,7,246,3,88,1,263,0,16,0,5,0,19,0,22,0,118,0,14,0,78,26,433,0,17,2,0,2,120,0,7,8,28,7,125,20,3474,60,0,16,965,0,0,2,58,6,337,0,517,2,796,0,19,1,271,4,11,4,7,6,29,2,0,2,3,3,5,12,8,7,3,3,19,4,3,0,0,0,0,0,3,0,5,0,0,5,35,17,53,4,57,2,8,0,0,19,2,1,8,2,144,0,18,0,14,3,12,0,3,2,0,26,18,17,88,45,140,9,459,1,7,0,1,1,25,1,5,1,1,8,2
71,17,68,4,22,6,13,5,30,4,11,0,19,1,99,13,2,0,14,3,0,2,0,0,0,0,0,0,0,0,0,0,67,4,0,0,122,65,6,2,144,4,2,9,69,1,1,0,1,0,0,2,1,0,3,0,1,0,4,0,141,3,5,0,16,0,44,1,2,0,49,0,212,3,214,12,1450,16,0,30,0,0,13,0,10,0,9,0,10,0,0,0,7,0,1,11,4,16,50,36,4,2,0,1,3,7,7,20,21,11,10,9,21,2,1,0,0,0,0,1,3,13,0,0,142,6,62,4,31,14,25,3,33,0,133,0,30,1,23,1,8,0,4,0,20,1,0,0,4,0,0,0,5,8,21,10,142,6,41,0,12,4,109,12,38,9,3,10,27,19
8,305,11,96,17,49,11,51,4,26,0,0,4,36,23,145,1,3,4,43,0,0,0,0,0,0,0,0,0,0,0,0,5,79,0,0,19,81,0,1,10,429,6,6,0,17,0,1,0,1,0,4,0,2,0,17,0,5,0,6,15,177,0,7,0,1,2,23,0,0,5,9,11,66,12,1145,19,965,30,0,0,0,1,5,3,12,0,3,1,35,0,1,0,13,8,14,35,19,27,44,15,2,12,12,29,10,56,30,25,13,27,46,12,8,1,2,2,1,1,4,0,14,0,0,7,58,6,36,7,31,2,6,0,0,2,4,1,8,1,37,1,2,0,7,3,5,0,1,0,0,0,0,0,1,7,20,2,117,5,28,3,6,1,39,2,22,3,12,27,15
0,0,0,0,0,0,0,0,0,0,0,0,0,0,0,0,0,0,0,0,0,0,0,0,0,0,0,0,0,0,0,0,0,0,0,0,0,0,0,0,0,0,0,0,0,0,0,0,0,0,0,0,0,0,0,0,0,0,0,0,0,0,0,0,0,0,0,0,0,0,0,0,0,0,0,0,0,0,0,0,0,0,0,0,0,0,0,0,0,0,0,0,0,0,0,0,0,0,0,0,0,0,0,0,0,0,0,0,0,0,0,0,0,0,0,0,0,0,0,0,0,0,0,0,0,0,0,0,0,0,0,0,0,0,0,0,0,0,0,0,0,0,0,0,0,0,0,0,0,0,0,0,0,0,0,0,0,0,0,0,0,0,0,0,0,0,0,0,0,0
0,0,0,0,0,0,0,0,0,0,0,0,0,0,0,0,0,0,0,0,0,0,0,0,0,0,0,0,0,0,0,0,0,0,0,0,0,0,0,0,0,0,0,0,0,0,0,0,0,0,0,0,0,0,0,0,0,0,0,0,0,0,0,0,0,0,0,0,0,0,0,0,0,0,0,0,0,0,0,0,0,0,0,0,0,0,0,0,0,0,0,0,0,0,0,0,0,0,0,0,0,0,0,0,0,0,0,0,0,0,0,0,0,0,0,0,0,0,0,0,0,0,0,0,0,0,0,0,0,0,0,0,0,0,0,0,0,0,0,0,0,0,0,0,0,0,0,0,0,0,0,0,0,0,0,0,0,0,0,0,0,0,0,0,0,0,0,0,0,0
22,2,6,0,4,0,17,2,6,1,0,0,247,0,8,0,0,0,0,0,0,0,0,0,0,0,0,0,0,0,0,0,61,0,0,0,27,16,30,6,8,0,0,0,0,0,4,0,13,0,1,0,3,0,5,0,1,0,0,0,102,5,9,2,2,0,9,1,2,0,95,8,0,0,1,0,30,2,13,1,0,0,0,0,251,0,0,0,16,0,0,0,0,0,0,0,0,1,0,2,1,0,0,1,1,0,0,2,1,1,1,2,0,0,0,0,0,0,0,0,0,0,0,0,1,0,3,0,28,4,2,1,0,0,0,0,0,0,0,1,6,1,1,1,2,4,2,0,2,2,0,0,0,0,0,0,0,0,0,0,0,0,0,0,0,0,0,0,0,0
1,2,0,4,0,5,0,2,0,1,0,0,1,164,1,2,0,0,0,0,0,0,0,0,0,0,0,0,0,0,0,0,1,151,0,0,1,28,12,23,0,3,0,5,0,0,1,0,0,3,0,0,0,4,0,11,0,0,0,0,0,13,0,14,1,0,0,48,0,9,6,19,0,1,0,5,1,58,0,5,0,0,0,0,4,891,0,0,0,104,0,0,0,1,0,1,0,0,1,2,0,0,0,1,0,2,1,0,0,1,1,0,0,0,0,0,0,0,0,0,0,0,0,0,0,1,0,0,0,4,0,0,0,0,0,0,0,0,0,16,0,4,0,3,0,5,0,1,0,0,0,0,0,0,0,2,0,0,0,0,0,0,0,0,0,0,0,1,0,0
309,0,21,0,34,2,132,4,36,1,0,0,697,1,40,4,0,0,0,1,0,0,0,0,0,0,0,0,0,0,0,0,492,0,0,0,65,55,68,33,414,2,56,0,2,0,244,2,25,2,194,0,13,4,58,0,20,0,97,0,478,11,13,6,46,0,1243,7,109,0,232,20,33,1,4,5,82,6,10,3,0,0,251,4,0,3,612,0,3281,0,3,0,125,0,0,0,0,0,1,3,0,0,0,0,0,0,0,0,1,0,2,0,0,1,0,0,0,0,0,0,0,0,0,0,0,0,11,0,21,20,0,0,0,0,6,0,1,0,23,0,2,1,6,8,7,6,0,1,1,0,0,0,0,0,2,3,0,0,0,1,0,0,0,0,1,0,0,0,0,0
3,4,0,9,0,9,0,3,0,5,0,0,0,1008,0,5,0,0,0,2,0,0,0,3,0,0,0,0,0,0,0,0,2,470,0,0,2,27,11,22,0,176,0,6,0,11,0,13,3,10,0,5,0,27,0,85,0,19,0,20,4,85,0,6,0,52,1,1881,0,642,2,17,0,0,0,8,0,337,0,12,0,0,0,891,3,0,0,1694,2,3733,0,5,0,128,0,2,0,1,1,1,0,0,0,0,0,0,2,0,0,0,0,2,0,0,0,0,0,0,0,0,0,0,0,0,0,0,1,1,0,14,0,1,0,0,0,0,0,0,0,65,0,8,0,8,0,6,0,0,0,0,0,0,0,0,0,2,0,0,0,0,0,0,0,2,0,0,0,0,1,0
0,0,40,1,14,0,181,1,32,0,44,0,32,0,1,0,3,0,9,1,0,1,0,0,0,0,0,0,31,0,0,0,840,1,0,0,4,2,0,0,644,0,241,0,661,0,4,0,0,0,11,0,0,0,0,0,1,0,264,0,0,0,0,0,0,0,0,0,0,0,0,0,0,0,9,0,196,0,9,0,0,0,0,0,612,0,0,0,568,0,479,0,287,0,0,0,0,0,2,0,0,0,0,0,0,0,0,1,0,0,0,0,0,0,0,0,0,0,0,0,0,0,0,0,1,0,2,0,1,0,0,0,0,0,2,0,0,0,10,0,1,0,2,0,3,0,0,0,0,0,5,0,2,0,4,2,5,0,0,0,0,0,0,0,0,0,0,0,0,0
0,1,4,22,1,21,0,0,0,0,1,12,0,3,0,1,2,30,1,19,0,52,0,58,0,3,0,2,0,4,0,0,0,388,0,0,0,0,0,0,0,431,0,177,0,801,1,1,0,0,0,3,0,3,0,13,0,2,0,286,0,0,0,0,0,0,0,0,0,0,0,0,0,0,0,7,1,517,0,3,0,0,0,0,0,1694,0,0,0,1176,0,2321,0,581,0,0,0,0,0,0,0,0,0,0,0,0,0,0,0,0,0,0,0,0,0,0,0,0,0,0,0,0,0,0,0,0,0,0,0,0,0,0,0,0,0,0,0,0,0,7,0,0,0,1,0,1,0,0,0,0,10,6,0,5,1,0,0,37,0,0,0,0,0,0,0,0,0,0,0,0
388,2,20,0,34,2,50,2,17,1,8,0,22,0,33,4,1,0,1,0,0,0,0,0,0,0,0,0,7,0,1,0,194,2,0,0,21,20,56,40,410,4,180,0,37,0,1238,3,83,0,1071,0,80,0,2446,0,517,0,634,1,468,8,29,3,110,0,292,1,1451,1,169,47,17,0,1,5,82,2,10,1,0,0,16,0,3281,2,568,0,0,0,584,0,4859,0,0,0,0,0,0,1,0,0,0,0,1,0,0,0,1,1,0,1,0,0,0,0,0,0,0,0,0,0,0,0,0,1,6,2,1,13,1,0,0,0,0,0,0,0,19,0,0,2,1,5,9,4,0,0,1,0,0,0,2,0,4,1,0,0,1,0,0,0,0,0,1,0,0,0,0,0
0,1,1,4,1,3,0,0,1,0,0,1,1,54,0,0,1,1,0,1,0,5,1,5,0,0,0,1,0,0,0,0,0,327,0,0,0,1,2,3,0,430,0,56,0,70,0,79,1,37,0,28,0,366,0,3039,0,212,0,416,0,0,0,1,0,16,0,516,0,1130,1,43,0,1,0,7,0,796,0,35,0,0,0,104,0,3733,0,1176,0,0,0,1314,0,5597,0,3,0,0,0,11,0,0,1,2,0,2,2,6,1,5,4,3,0,0,0,0,0,0,0,1,0,1,0,1,0,1,0,4,0,12,0,0,0,0,0,0,0,0,1,282,0,38,0,22,0,29,0,2,0,0,0,1,0,2,0,0,1,16,0,1,0,0,0,6,0,0,0,0,2,1
0,0,11,0,2,0,0,0,4,0,5,0,0,0,0,0,0,0,0,0,0,0,0,0,0,0,0,0,2,0,0,0,68,0,0,0,0,0,0,0,489,0,177,0,262,0,0,0,0,0,0,0,0,0,0,0,0,0,684,0,0,0,0,0,0,0,0,0,0,0,0,0,0,0,0,0,19,0,0,0,0,0,0,0,3,0,479,0,584,0,0,0,1177,0,0,0,0,0,0,0,0,0,0,0,0,0,0,0,0,0,0,0,0,0,0,0,0,0,0,0,0,0,0,0,0,0,0,0,0,0,0,0,0,0,0,0,0,0,1,0,0,0,0,0,0,0,0,0,0,0,0,0,0,0,0,1,4,0,0,0,0,0,0,0,0,0,0,0,0,0
0,0,0,1,0,1,0,0,0,0,0,0,0,0,0,0,0,1,0,1,0,1,0,1,0,0,0,0,0,0,0,0,0,4,0,0,0,0,0,0,0,48,0,37,0,16,0,0,0,0,0,1,0,1,0,0,0,0,0,346,0,0,0,0,0,0,0,0,0,0,0,0,0,0,0,2,0,19,0,1,0,0,0,0,0,5,0,2321,0,1314,0,0,0,2023,0,0,0,0,0,0,0,0,0,0,0,0,0,0,0,0,0,0,0,0,0,0,0,0,0,0,0,0,0,0,0,0,0,0,0,0,0,0,0,0,0,0,0,0,0,0,0,0,0,0,0,0,0,0,0,0,0,0,0,1,0,0,0,1,0,0,0,0,0,0,0,0,0,0,0,0
14,0,10,0,2,0,1,0,4,0,8,0,1,0,0,0,2,0,1,0,0,0,1,0,2,0,0,0,5,0,0,0,96,0,0,0,1,0,9,5,383,1,157,0,29,0,189,1,6,0,434,0,7,0,198,0,424,0,2993,0,13,0,1,0,2,0,0,0,0,0,21,4,0,0,2,0,41,1,7,0,0,0,0,0,125,0,287,0,4859,0,1177,0,0,0,80,0,4,1,0,0,3,0,36,0,1,0,2,0,0,0,0,0,0,0,0,1,0,0,0,0,0,0,0,0,0,0,1,0,2,0,0,0,0,0,1,0,0,0,14,0,0,0,0,0,3,0,0,0,0,0,0,0,1,0,1,0,3,0,0,0,0,0,0,0,0,0,0,0,0,0
0,0,0,2,1,3,0,0,1,2,0,5,0,0,0,0,0,2,1,1,0,6,0,3,0,0,0,0,0,0,0,0,0,36,0,0,0,1,0,2,0,415,0,104,0,81,4,42,0,7,0,17,0,25,0,490,0,808,0,3305,0,1,0,0,0,0,0,3,0,11,0,12,0,0,0,2,0,271,0,13,0,0,0,1,0,128,0,581,0,5597,0,2023,0,0,0,0,1,1,0,2,0,0,0,0,0,1,0,0,0,0,0,0,0,0,0,0,0,1,0,0,0,1,0,0,0,0,0,0,0,1,0,0,0,0,0,0,0,0,0,65,0,1,0,8,1,5,0,0,0,0,0,0,0,3,0,0,1,13,0,0,0,0,0,7,0,0,0,0,0,0
0,1,0,0,0,0,0,0,0,0,0,0,0,0,0,0,0,0,0,0,0,0,0,0,0,0,0,0,0,0,0,0,0,1,0,0,2,1,0,0,2,1,18,8,0,0,0,0,0,0,30,7,0,0,0,0,24,0,247,1,0,1,0,0,0,0,0,1,0,0,1,0,0,0,2,1,0,4,1,8,0,0,0,0,0,0,0,0,0,0,0,0,80,0,0,12,3659,56,107,18,988,36,4998,52,415,9,264,54,31,8,18,25,0,6,57,121,61,7,0,0,0,0,0,0,0,0,0,0,1,0,0,0,1,0,0,1,0,0,1,0,1,0,0,0,0,0,0,0,0,0,0,0,0,0,0,0,0,0,17,2,1,1,0,0,0,0,0,0,0,0
1,1,2,1,0,0,1,0,0,0,0,0,0,0,1,1,0,0,0,0,0,0,0,0,0,0,0,0,0,0,0,0,0,0,0,0,4,4,0,0,11,2,8,8,0,1,116,0,0,0,75,1226,0,0,0,0,0,1,0,63,0,4,0,0,0,0,1,1,1,0,1,0,6,4,4,5,9,11,11,14,0,0,0,1,0,2,0,0,0,3,0,0,0,0,12,0,184,3972,24,570,66,761,49,4035,50,285,164,757,58,245,42,40,1,6,77,132,112,3,16,2,0,0,0,1,0,1,3,1,3,6,0,0,1,0,0,0,0,0,0,0,1,1,0,1,1,0,0,0,2,0,0,0,0,0,0,0,1,0,4,22,0,0,2,4,2,1,5,21,1,10
0,1,0,0,0,1,0,0,0,0,0,0,0,0,1,2,0,0,0,0,0,0,0,0,0,0,0,0,0,0,0,0,1,1,0,0,2,1,0,0,2,14,53,28,0,1,2,0,0,0,13,11,0,0,0,0,0,0,41,1,0,0,0,0,1,0,0,0,0,0,0,0,1,0,4,6,1,4,4,35,0,0,0,0,0,0,0,0,0,0,0,0,4,1,3659,184,0,673,183,46,1043,56,1070,98,1927,41,784,217,131,42,30,51,0,6,92,88,149,38,2,3,0,0,0,0,0,0,1,0,2,3,0,0,0,0,1,1,0,0,1,1,2,0,0,0,0,0,0,0,0,0,0,0,0,0,0,1,0,1,34,4,3,3,0,8,2,1,2,1,0,1
0,1,1,1,2,0,0,0,1,0,0,0,0,2,3,2,0,0,0,0,0,0,0,0,0,0,0,0,0,0,0,0,4,2,0,0,7,6,0,3,7,2,11,15,0,0,17,0,0,0,90,35,0,0,0,1,0,0,2,9,5,9,0,0,0,0,2,2,0,0,0,1,11,1,6,5,9,7,16,19,0,0,1,0,0,1,0,0,0,0,0,0,1,1,56,3972,673,0,44,609,79,313,69,407,75,936,203,2407,86,456,55,73,5,39,129,137,342,48,32,6,0,0,0,0,0,1,2,3,8,7,0,3,1,0,0,3,0,2,0,3,0,1,1,4,0,0,0,0,0,0,0,0,0,0,0,0,0,0,5,35,3,0,1,2,0,4,5,28,5,7
0,5,4,0,0,1,1,0,0,0,0,0,0,0,6,2,0,0,0,0,0,0,0,0,0,0,0,0,0,0,0,0,2,1,0,0,7,9,1,0,41,10,11,6,3,2,0,0,0,0,32,0,0,0,0,0,0,0,17,0,4,2,1,0,2,0,1,1,0,0,3,1,12,2,13,8,18,6,50,27,0,0,0,1,1,1,2,0,0,0,0,0,0,0,107,24,183,44,0,120,1239,42,352,16,68,13,189,105,339,89,56,63,15,122,261,21,21,57,9,5,0,0,0,0,12,3,42,3,124,11,33,3,5,0,20,2,1,0,14,0,85,0,55,0,17,0,2,1,8,0,0,0,0,0,1,0,1,1,50,6,17,1,21,13,40,27,22,8,106,15
2,21,5,9,2,4,2,4,2,0,0,0,1,3,10,12,0,0,0,2,0,0,0,0,0,0,0,0,0,0,0,0,2,12,0,0,11,18,1,1,12,3,6,62,0,3,2,0,0,2,7,67,0,2,0,1,0,0,7,10,4,27,0,2,0,0,3,6,1,0,2,1,9,4,8,37,11,29,36,44,0,0,2,2,3,1,0,0,1,11,0,0,0,2,18,570,46,609,120,0,137,498,40,579,22,98,65,416,58,381,22,46,32,170,168,43,20,15,24,28,0,2,0,0,6,47,19,30,64,171,14,44,1,1,5,15,2,13,6,2,5,26,1,46,1,5,2,7,5,1,0,0,0,0,0,2,2,4,3,35,0,0,6,21,53,69,10,18,71,44
0,2,0,1,0,0,0,1,0,0,0,0,0,1,1,1,0,0,0,0,0,0,0,0,0,0,0,0,0,0,0,0,0,0,0,0,3,1,0,0,9,4,12,3,1,0,0,0,0,0,919,11,0,0,0,0,0,0,950,1,0,3,0,0,0,0,1,0,0,0,1,0,2,2,2,1,2,2,4,15,0,0,1,0,0,0,0,0,0,0,0,0,3,0,988,66,1043,79,1239,137,0,462,3376,78,521,22,638,138,271,64,96,94,3,395,1794,163,40,74,12,4,0,0,0,0,2,2,3,5,16,4,5,1,1,0,4,0,2,0,2,1,23,0,5,0,1,0,1,1,2,0,0,0,0,0,0,0,0,0,8,2,2,0,0,1,5,3,11,2,51,0
0,1,0,1,0,0,0,0,0,0,0,0,0,0,1,1,0,0,0,0,0,0,0,0,0,0,0,0,0,0,0,0,0,1,0,0,2,1,1,0,4,1,1,1,0,0,7,0,0,0,43,243,0,0,0,0,0,0,24,90,0,0,0,0,0,0,0,0,0,0,0,0,1,0,1,2,2,0,2,2,0,0,0,0,0,0,0,0,0,0,0,0,0,0,36,761,56,313,42,498,462,0,160,3759,29,35,76,175,26,182,21,21,7,60,1129,240,40,12,15,6,0,1,0,0,0,2,2,0,1,7,0,1,0,0,0,3,0,0,0,0,0,0,1,0,1,0,0,0,0,0,0,0,0,0,0,0,0,0,1,0,0,0,2,0,1,3,3,7,8,0
0,2,0,0,0,1,0,0,0,0,0,0,0,0,0,0,0,0,0,0,0,0,0,0,0,0,0,0,0,0,0,0,0,1,0,0,0,1,0,0,4,4,7,5,0,1,0,0,0,0,543,76,0,0,0,0,0,0,1910,5,0,4,0,0,0,0,0,0,0,0,0,0,0,1,3,0,2,2,0,12,0,0,0,0,0,0,0,0,0,1,0,0,36,0,4998,49,1070,69,352,40,3376,160,0,186,397,21,312,132,78,62,80,47,0,29,358,903,27,21,2,2,0,1,0,0,0,0,0,0,7,3,2,0,0,0,0,1,0,0,0,0,4,0,2,0,1,0,0,0,0,0,0,0,0,0,0,0,0,0,7,4,2,0,0,0,1,2,1,1,1,1
0,1,0,0,0,0,0,0,0,0,0,0,0,0,1,1,0,0,0,0,0,0,0,0,0,0,0,0,0,0,0,0,0,1,0,0,1,3,1,0,9,4,6,2,0,0,34,0,0,0,9,1867,0,0,0,0,0,1,7,2364,2,1,1,0,0,0,1,0,0,0,0,1,4,1,2,1,5,3,1,12,0,0,1,1,0,0,0,0,0,2,0,0,0,0,52,4035,98,407,16,579,78,3759,186,0,43,36,165,304,75,246,27,41,7,222,204,790,162,44,56,4,0,0,0,0,0,2,3,4,4,13,0,6,0,0,0,2,0,0,0,1,0,0,0,3,2,0,0,0,0,0,0,0,0,0,0,0,0,1,4,7,3,0,1,1,1,6,5,11,13,7
