0,56,2417,34,1455,52,1422,16,612,4,13,0,398,5,813,273,0,0,40,17,2,0,1,1,0,0,0,0,1,0,2,0,240,2,0,0,156,403,22,5,186,2,47,1,15,1,3,1,6,8,7,6,36,3,321,6,30,0,36,0,4614,10,562,11,865,3,219,2,410,3,85,56,947,32,2098,21,509,12,13,2,0,0,6,0,269,5,37,0,979,2,17,0,350,1,9,12,22,14,284,12,19,4,1,7,8,1,17,7,130,22,22,0,98,51,8,6,0,4,1,31,1,0,8,0,10,0,35,1,0,0,2,0,4,0,107,2,1,0,0,2,13,0,32,0,269,4,2,0,0,0,0,0,0,2,114,51,0,0,3,0,17,0,68,1,16,3,0,9,49,0
56,0,21,2017,35,1592,7,1003,6,214,1,14,3,424,24,1182,0,0,9,20,0,0,0,0,0,0,0,0,0,0,0,0,8,121,0,0,1,144,3,5,7,475,0,26,0,1,0,1,0,10,0,60,0,53,4,236,1,7,1,1,12,3473,9,535,2,622,4,338,1,693,9,183,3,441,109,2627,10,829,1,37,0,0,0,3,6,81,1,3,2,348,1,0,1,17,3,13,6,5,26,106,2,0,2,0,2,1,3,3,21,45,3,0,106,87,4,0,2,1,1,60,0,0,0,2,1,4,0,7,0,1,0,0,0,1,1,22,0,0,0,32,0,0,1,8,4,230,0,11,0,9,0,0,0,1,24,42,0,1,0,0,1,5,0,131,0,26,1,21,7,0
2417,21,0,229,7073,195,553,34,782,48,521,12,93,12,1029,171,18,1,1623,253,268,2,49,0,260,0,252,0,125,0,132,0,516,20,0,0,101,192,34,6,73,11,24,2,28,1,8,2,15,2,24,8,83,0,328,2,26,0,42,1,501,5,606,7,149,1,54,8,38,2,333,28,125,7,1373,272,549,112,5,1,0,0,3,0,126,6,72,0,159,6,64,0,117,2,7,10,15,4,90,13,11,0,3,0,5,1,5,3,59,13,7,1,68,22,2,0,2,1,1,22,1,0,1,0,0,0,43,1,0,0,0,0,4,0,159,48,4,0,1,1,3,0,3,0,149,10,2,3,0,0,13,1,40,79,254,98,15,1,4,1,2,0,11,5,4,3,1,2,17,0
34,2017,229,0,235,7394,12,609,55,659,60,400,2,124,64,1595,13,416,489,2048,139,218,16,50,3,387,1,316,17,54,10,23,45,270,0,0,19,339,6,32,9,152,2,36,2,40,2,4,2,76,2,67,4,164,6,414,1,4,4,20,13,183,3,286,4,85,2,77,3,128,24,530,2,93,383,1859,103,734,0,15,0,0,1,1,5,50,6,54,10,223,11,11,4,68,3,6,7,6,10,40,6,2,0,0,3,0,4,2,15,10,5,1,49,22,1,1,0,1,1,19,0,0,0,1,0,0,4,7,0,0,0,2,0,1,21,141,1,0,0,5,2,2,1,10,5,86,1,8,0,1,175,223,48,174,49,242,1,80,1,0,0,2,2,74,1,7,0,2,6,0
1455,35,7073,235,0,217,897,54,2685,62,667,12,64,18,213,322,16,3,602,238,46,0,20,0,94,0,104,0,93,0,343,0,384,22,0,0,23,131,17,3,39,8,18,1,19,1,9,0,8,0,18,10,40,0,251,2,41,0,62,0,108,1,93,4,102,2,88,8,110,1,47,30,20,6,2218,240,520,91,6,9,0,0,5,1,300,5,44,1,671,14,67,0,345,2,6,4,3,2,50,14,7,1,0,0,3,0,6,1,34,4,5,0,34,21,2,0,0,1,0,6,0,0,0,0,0,0,45,5,0,0,0,0,0,0,182,39,9,0,1,0,2,0,6,1,91,12,5,3,0,0,7,3,15,53,144,147,9,0,3,0,0,1,5,7,4,1,0,2,6,0
52,1592,195,7394,217,0,33,1923,70,2738,28,943,3,134,87,344,7,87,351,553,64,6,7,16,0,167,0,221,7,55,8,90,44,275,0,0,9,119,2,9,8,117,4,34,1,17,1,4,1,48,2,59,5,88,10,374,2,5,2,21,12,150,8,116,2,181,3,244,1,466,17,185,1,39,517,3479,92,867,0,17,0,0,0,3,5,160,1,28,7,1264,11,4,7,217,2,3,4,6,12,43,2,1,0,0,0,0,4,0,14,19,6,0,40,31,0,1,0,1,1,10,0,0,0,5,0,1,3,24,0,0,0,4,0,4,23,248,3,0,0,6,0,1,1,9,11,106,0,17,0,0,119,86,46,37,53,194,1,40,0,0,0,0,0,58,1,7,0,6,4,0
1422,7,553,12,897,33,0,16,1639,2,16,1,1000,9,510,141,0,0,96,9,0,0,0,0,0,0,0,0,2,0,4,0,288,0,0,0,37,59,11,1,45,1,9,0,4,0,0,0,1,0,1,3,15,0,52,0,3,0,2,0,574,3,67,6,71,1,341,4,30,1,30,30,77,7,715,10,107,14,3,1,0,0,14,0,431,1,61,0,254,3,3,0,41,0,0,5,5,5,44,2,5,0,0,0,3,1,3,1,16,6,4,0,14,6,1,0,0,0,0,8,0,0,1,0,0,0,9,0,0,0,0,0,0,0,7,2,0,0,0,0,4,0,8,0,27,6,1,0,0,0,0,0,0,1,54,21,0,0,2,0,1,0,6,1,2,0,0,0,6,0
16,1003,34,609,54,1923,16,0,43,1146,0,22,0,606,40,556,0,0,60,134,0,0,1,0,0,0,0,0,0,0,0,3,3,1228,0,0,16,28,3,2,0,33,0,8,1,0,0,0,0,3,1,23,1,6,4,14,0,1,1,0,5,120,4,30,1,191,1,871,1,200,5,54,3,25,101,1045,17,513,0,7,0,0,0,4,4,183,1,12,3,255,1,0,3,12,0,0,3,0,5,9,0,0,0,0,1,0,0,3,3,7,0,0,9,6,0,0,1,1,0,7,0,0,0,0,0,0,3,2,0,0,0,0,0,1,7,29,0,0,0,3,1,1,1,1,5,37,0,8,0,0,0,0,0,1,9,86,0,0,0,0,0,0,1,13,0,0,0,1,0,0
612,6,782,55,2685,70,1639,43,0,18,1795,0,640,2,211,101,0,0,364,83,5,0,0,0,0,0,0,0,11,0,145,0,932,6,0,0,30,84,17,4,31,2,17,2,5,0,4,0,6,2,7,1,12,1,48,2,9,0,9,0,194,3,49,5,20,1,110,5,24,0,42,22,30,9,1471,45,357,18,1,0,0,0,15,0,594,1,45,0,391,5,23,0,79,0,2,3,3,2,32,3,3,0,0,0,1,0,3,0,17,3,2,0,9,10,0,1,0,0,0,15,0,0,1,0,1,0,18,0,0,0,0,1,2,0,94,13,3,0,0,0,2,1,5,0,44,3,1,2,0,0,0,0,3,4,84,50,0,0,1,0,1,0,6,2,3,0,0,1,3,0
4,214,48,659,62,2738,2,1146,18,0,13,1000,1,164,7,162,1,1,94,202,9,0,0,1,0,0,0,0,1,5,2,58,9,1858,0,0,2,41,4,3,2,77,1,16,0,7,0,8,0,6,0,24,0,5,3,16,0,4,0,2,3,82,5,11,2,36,1,655,0,80,4,43,1,30,97,1742,38,1203,0,13,0,0,0,10,1,389,4,14,1,292,3,1,1,23,0,3,2,3,10,33,0,1,0,0,1,0,1,0,2,13,1,0,30,14,1,0,0,1,0,6,0,0,0,1,0,2,1,1,0,0,0,5,0,0,4,255,0,0,0,2,1,1,0,6,1,44,0,10,0,0,7,5,10,16,12,47,0,0,3,0,0,0,0,27,1,6,0,6,5,0
13,1,521,60,667,28,16,0,1795,13,0,1,26,0,5,1,14,2,76,46,73,1,66,0,336,0,72,0,1090,1,961,2,1275,7,0,0,5,9,2,2,25,1,24,0,17,0,2,1,1,0,5,0,1,0,11,0,7,0,18,0,49,0,5,0,2,0,10,0,1,0,2,5,5,1,466,125,480,16,4,0,0,0,0,0,9,1,77,0,15,0,148,0,95,0,1,1,0,2,10,3,0,0,0,0,0,0,0,0,5,2,0,0,10,2,0,0,0,0,0,2,0,0,0,0,0,0,4,0,0,0,0,0,1,0,45,3,0,0,0,0,2,0,1,0,14,0,1,0,0,0,0,1,12,33,9,13,17,0,0,0,0,0,1,0,1,0,0,1,2,0
0,14,12,400,12,943,1,22,0,1000,1,0,0,2,2,5,2,138,21,24,19,2,0,36,0,123,0,226,2,695,0,629,1,985,0,0,0,1,2,0,2,165,1,17,0,37,0,6,0,2,0,21,0,1,0,4,0,6,0,29,0,7,0,1,0,0,0,1,1,2,0,9,0,6,15,497,2,695,0,5,0,0,0,0,0,9,0,82,0,58,1,12,2,45,0,0,1,0,3,5,0,0,0,0,1,0,1,0,2,3,0,0,7,4,0,0,1,0,0,2,0,0,0,0,0,0,0,0,0,0,0,0,0,0,0,41,0,0,0,1,0,0,0,1,0,15,0,0,0,0,30,18,5,6,4,3,0,45,0,0,0,0,0,7,0,0,0,1,0,0
398,3,93,2,64,3,1000,0,640,1,26,0,0,1,70,11,0,0,17,4,0,0,0,0,0,0,0,0,5,0,4,0,858,1,0,0,44,46,14,0,102,0,22,0,1,0,0,0,2,5,0,2,4,1,26,1,3,0,0,0,1194,3,56,7,41,5,428,4,12,0,15,41,66,1,234,6,212,4,4,2,0,0,264,0,1732,0,268,0,50,0,5,0,8,0,3,3,3,1,43,2,6,0,0,0,0,0,2,3,38,4,6,2,10,5,3,1,0,0,0,7,0,0,0,0,0,1,1,0,0,0,0,0,0,0,7,0,0,0,0,0,10,0,27,0,35,0,1,0,0,0,0,0,0,1,3,2,0,0,1,1,2,0,7,0,1,0,0,0,5,0
5,424,12,124,18,134,9,606,2,164,0,2,1,0,20,256,0,0,2,7,0,0,0,0,0,0,0,0,0,0,0,0,2,1862,0,0,1,25,0,0,0,69,0,3,0,1,0,0,0,3,0,13,0,6,1,7,0,1,0,0,2,844,3,28,0,96,0,1148,0,29,1,17,3,46,35,353,6,635,0,13,0,0,0,18,0,204,0,115,0,15,0,0,0,0,0,2,3,4,7,14,0,1,0,0,1,0,0,0,2,6,0,0,21,10,0,0,0,1,0,6,0,0,0,0,0,0,1,1,0,1,0,0,0,0,2,8,1,0,0,5,0,0,0,4,5,41,0,3,0,1,0,0,0,0,8,15,0,0,1,0,0,1,0,31,0,3,0,2,0,0
813,24,1029,64,213,87,510,40,211,7,5,2,70,20,0,654,0,0,432,27,1,0,0,0,0,0,0,0,0,0,1,0,143,2,0,0,2798,668,23,4,33,5,10,0,4,0,2,0,15,1,6,2,47,1,92,1,2,1,3,0,472,4,573,0,32,0,12,3,12,5,1015,9,843,5,466,34,207,25,4,1,0,0,1,0,24,0,23,1,27,7,3,0,11,2,6,3,3,2,72,17,6,1,1,0,4,1,7,2,38,6,7,0,57,13,1,1,1,1,1,20,0,0,1,0,3,0,42,2,0,0,0,0,2,0,77,11,0,0,0,0,3,0,10,0,114,12,2,3,0,0,0,0,1,1,920,200,0,0,2,0,1,0,8,3,6,1,2,3,17,0
273,1182,171,1595,322,344,141,556,101,162,1,5,11,256,654,0,0,0,116,565,2,0,0,0,0,0,0,0,1,1,0,0,54,56,0,0,76,1689,2,3,11,136,1,22,1,3,1,1,0,44,0,60,9,40,27,78,2,1,3,1,54,490,35,200,9,33,8,64,3,36,52,954,61,1529,308,687,86,345,0,26,0,0,1,1,10,30,8,2,24,42,0,0,9,4,3,12,9,7,39,80,2,1,0,0,3,0,4,4,20,37,8,0,101,66,4,2,2,1,1,29,0,1,0,2,0,1,17,25,0,0,0,1,0,3,18,104,0,0,0,10,1,2,3,8,25,200,0,20,0,3,0,0,2,0,225,208,0,1,4,1,0,5,1,92,0,15,0,12,6,0
0,0,18,13,16,7,0,0,0,1,14,2,0,0,0,0,0,18,97,18,642,13,483,1,17,2,1,1,4,1,1,2,26,0,0,0,28,0,27,0,5,52,6,4,44,3,4,1,0,0,2,1,0,1,0,0,1,1,0,4,0,0,0,0,0,1,0,0,0,0,12,1,0,0,128,35,47,26,18,14,0,0,0,0,0,1,26,4,0,3,8,1,2,3,0,0,0,0,0,0,0,0,0,0,0,0,0,0,0,0,0,0,0,0,0,0,0,0,0,0,14,26,0,0,0,0,0,0,0,0,0,0,0,0,8,6,0,0,0,3,0,0,0,1,5,4,3,0,0,0,244,2,216,3,101,1,593,16,0,0,0,0,0,0,0,0,0,0,0,0
0,0,1,416,3,87,0,0,0,1,2,138,0,0,0,0,18,0,20,372,43,1070,50,717,8,286,0,81,1,43,0,17,0,74,0,0,0,6,1,0,0,27,0,23,0,139,0,0,0,0,0,0,0,0,0,0,0,0,0,14,0,0,0,0,0,1,0,0,0,0,0,0,0,0,37,46,0,74,0,0,0,0,0,0,0,0,0,139,0,6,3,76,0,12,0,0,0,0,0,0,0,0,0,0,0,0,0,0,0,0,0,0,0,0,0,0,0,0,0,0,0,0,0,0,0,0,0,0,0,0,0,0,0,0,0,0,0,0,0,0,0,0,0,0,0,0,0,0,0,0,10,130,11,221,4,294,13,351,0,0,0,0,0,0,0,0,0,0,0,0
40,9,1623,489,602,351,96,60,364,94,76,21,17,2,432,116,97,20,0,628,307,9,64,0,2,1,1,0,32,0,12,4,186,36,0,0,398,195,81,3,23,15,18,1,10,2,45,0,8,2,25,6,24,0,47,1,7,0,10,1,72,4,74,2,10,0,13,2,6,0,435,19,19,4,1233,409,280,190,0,2,0,0,0,0,27,6,16,1,41,6,32,1,36,1,0,1,3,1,29,10,3,1,0,0,0,0,4,0,14,4,1,0,18,9,0,0,0,0,0,7,0,0,0,0,0,0,11,1,0,0,0,0,0,0,66,72,1,0,0,0,0,0,2,0,31,4,1,2,0,0,110,10,580,190,1082,305,12,1,0,0,1,0,1,5,2,3,0,2,3,0
17,20,253,2048,238,553,9,134,83,202,46,24,4,7,27,565,18,372,628,0,72,350,11,104,0,3,1,0,9,1,10,1,52,121,0,0,25,742,3,45,9,29,3,25,4,8,2,0,0,3,1,51,1,3,10,2,0,1,2,5,14,14,2,6,5,1,2,19,1,2,28,216,1,21,276,807,129,326,1,6,0,0,1,0,6,23,12,8,7,17,9,4,12,7,1,5,1,0,9,12,2,0,1,0,0,1,1,0,10,9,0,0,14,4,3,0,0,0,0,3,0,0,0,0,0,1,11,3,0,0,0,1,0,0,40,54,0,0,0,1,0,0,0,4,6,14,2,3,0,0,180,742,80,1081,113,775,1,20,1,0,0,0,0,16,0,2,0,2,4,0
2,0,268,139,46,64,0,0,5,9,73,19,0,0,1,2,642,43,307,72,0,38,764,1,30,3,37,3,66,2,5,4,116,5,0,0,2,4,1,0,10,6,12,1,39,0,0,1,0,0,6,0,1,0,3,0,1,0,11,0,1,2,0,0,0,1,0,0,1,0,4,0,0,0,313,235,49,28,0,0,0,0,1,0,1,0,34,1,4,0,68,0,23,2,0,0,0,0,0,0,0,0,0,0,0,0,0,0,1,1,0,0,0,1,0,0,0,0,0,0,0,0,0,0,0,0,0,0,0,0,0,0,0,0,1,6,0,0,0,0,0,0,0,0,3,0,0,0,0,0,229,7,52,21,21,20,90,25,0,0,0,0,0,0,0,0,0,0,0,0
0,0,2,218,0,6,0,0,0,0,1,2,0,0,0,0,13,1070,9,350,38,0,11,1329,0,105,0,40,0,1,0,0,0,5,0,0,0,0,3,0,0,9,0,2,0,19,0,0,0,0,0,0,0,0,0,0,0,0,0,8,0,0,0,0,0,0,0,0,0,0,0,0,0,0,24,107,2,10,0,0,0,0,0,0,0,0,0,20,0,3,0,2,0,10,0,0,0,0,0,0,0,0,0,0,0,0,0,0,0,0,0,0,1,0,0,0,0,0,0,0,0,0,0,0,0,0,0,0,0,0,0,0,0,0,1,0,0,0,0,0,0,0,0,0,0,0,0,0,0,0,41,537,1,68,0,7,0,71,0,0,0,0,0,0,0,0,0,0,0,0
1,0,49,16,20,7,0,1,0,0,66,0,0,0,0,0,483,50,64,11,764,11,0,5,670,3,10,2,66,0,4,1,157,0,0,0,19,1,7,0,2,0,2,0,24,1,2,0,0,0,2,0,0,0,0,0,1,0,3,0,0,0,1,0,0,0,0,0,0,0,3,0,0,0,147,48,9,4,1,0,0,0,0,0,1,0,14,0,1,0,18,0,7,0,0,0,0,0,0,0,0,0,0,0,0,0,0,0,0,0,0,0,0,0,0,0,0,0,0,0,0,0,0,0,0,0,0,0,0,0,0,0,0,0,0,1,0,0,0,0,0,0,0,0,0,0,0,0,0,0,115,2,84,5,63,2,312,22,0,0,0,0,0,0,0,0,0,0,0,0
1,0,0,50,0,16,0,0,0,1,0,36,0,0,0,0,1,717,0,104,1,1329,5,0,1,500,0,40,0,23,0,3,0,59,0,0,0,3,0,0,0,13,0,2,0,62,0,0,0,0,0,2,0,0,0,0,0,1,0,6,0,0,0,0,0,0,0,0,0,0,0,1,0,0,6,20,0,5,0,0,0,0,0,0,0,0,0,87,0,21,0,19,0,15,0,0,0,0,0,0,0,0,0,0,0,0,0,0,0,0,0,0,0,0,0,0,0,0,0,0,0,0,0,0,0,0,0,0,0,0,0,0,0,0,0,0,0,0,0,0,0,0,0,0,0,0,0,0,0,0,0,10,1,23,0,9,0,46,0,0,0,0,0,0,0,0,0,0,0,0
0,0,260,3,94,0,0,0,0,0,336,0,0,0,0,0,17,8,2,0,30,0,670,1,0,0,303,0,248,0,2,0,227,0,0,0,0,0,0,0,3,0,7,0,31,0,0,0,0,0,1,0,0,0,1,0,0,0,2,0,0,0,0,0,0,0,0,0,0,0,1,0,0,0,99,13,2,0,0,0,0,0,0,0,0,0,24,1,0,0,24,0,11,0,0,0,0,0,0,0,0,0,0,0,0,0,0,0,0,0,0,0,0,0,0,0,0,0,0,0,0,0,0,0,0,0,0,0,0,0,0,0,0,0,0,0,0,0,0,0,0,0,0,0,0,0,0,0,0,0,1,0,1,0,0,0,87,1,0,0,0,0,0,0,0,0,0,0,0,0
0,0,0,387,0,167,0,0,0,0,0,123,0,0,0,0,2,286,1,3,3,105,3,500,0,0,0,776,0,136,0,8,0,47,0,0,0,0,0,0,0,9,0,4,0,39,0,1,0,0,0,1,0,0,0,0,0,1,0,5,0,0,0,0,0,0,0,0,0,0,0,1,0,0,2,22,0,5,0,0,0,0,0,0,0,0,0,74,0,19,0,15,0,20,0,0,0,0,0,0,0,0,0,0,0,0,0,0,0,0,0,0,0,0,0,0,0,0,0,0,0,0,0,0,0,0,0,0,0,0,0,0,0,0,0,0,0,0,0,0,0,0,0,0,0,0,0,0,0,0,0,1,0,0,0,0,0,53,0,0,0,0,0,0,0,0,0,0,0,0
0,0,252,1,104,0,0,0,0,0,72,0,0,0,0,0,1,0,1,1,37,0,10,0,303,0,0,0,69,0,0,0,40,0,0,0,0,0,0,0,2,0,3,0,6,0,0,0,0,0,0,0,0,0,0,0,0,0,1,0,0,0,0,0,0,0,0,0,0,0,0,0,0,0,16,4,5,0,0,0,0,0,0,0,0,0,9,0,2,0,13,0,0,0,0,0,0,0,0,0,0,0,0,0,0,0,0,0,0,0,0,0,0,0,0,0,0,0,0,0,0,0,0,0,0,0,0,0,0,0,0,0,0,0,0,0,0,0,0,0,0,0,0,0,0,0,0,0,0,0,0,0,0,0,0,0,10,3,0,0,0,0,0,0,0,0,0,0,0,0
0,0,0,316,0,221,0,0,0,0,0,226,0,0,0,0,1,81,0,0,3,40,2,40,0,776,0,0,0,132,0,4,0,44,0,0,0,0,0,0,0,16,0,5,0,3,0,0,0,0,0,0,0,0,0,0,0,0,0,13,0,0,0,0,0,0,0,0,0,0,0,2,0,0,0,8,0,9,0,0,0,0,0,0,0,0,0,32,0,8,0,6,0,14,0,0,0,0,0,0,0,0,0,0,0,0,0,0,0,0,0,0,0,0,0,0,0,0,0,0,0,0,0,0,0,0,0,0,0,0,0,0,0,0,0,0,0,0,0,0,0,0,0,0,0,2,0,0,0,0,0,0,0,0,0,1,0,15,0,0,0,0,0,0,0,0,0,0,0,0
1,0,125,17,93,7,2,0,11,1,1090,2,5,0,0,1,4,1,32,9,66,0,66,0,248,0,69,0,0,1,39,0,525,0,0,0,0,0,0,0,11,0,1,0,6,0,0,0,0,0,1,0,0,0,0,0,2,0,0,0,6,0,2,0,1,0,1,0,1,0,0,0,0,0,87,33,73,5,0,0,0,0,1,0,4,0,23,0,4,0,32,0,14,0,0,0,0,0,0,0,0,0,0,0,0,0,0,0,0,0,0,0,1,1,0,0,0,0,0,0,0,0,0,0,1,0,0,0,0,0,0,0,0,0,5,1,1,0,0,0,0,0,0,0,0,0,0,0,0,0,3,1,1,3,1,1,11,0,2,0,0,0,0,0,0,0,0,0,1,0
0,0,0,54,0,55,0,0,0,5,1,695,0,0,0,1,1,43,0,1,2,1,0,23,0,136,0,132,1,0,0,23,0,307,0,0,0,0,0,0,0,30,0,6,0,17,0,0,0,0,0,5,0,0,0,1,0,1,0,7,0,0,0,0,0,0,0,0,0,0,0,0,0,0,1,73,0,56,0,0,0,0,0,0,0,0,0,49,0,22,0,3,0,10,0,0,0,0,0,0,0,0,0,0,0,0,0,0,0,0,0,0,0,0,0,0,0,0,0,0,0,0,0,0,0,0,0,0,0,0,0,0,0,0,0,0,0,0,0,0,0,0,0,0,0,0,0,0,0,0,4,3,0,0,0,0,1,14,0,0,0,0,0,0,0,0,0,0,1,0
2,0,132,10,343,8,4,0,145,2,961,0,4,0,1,0,1,0,12,10,5,0,4,0,2,0,0,0,39,0,0,0,136,0,0,0,0,3,1,0,4,1,2,0,1,0,1,0,0,0,4,0,0,0,2,0,1,0,4,0,6,0,4,0,1,0,0,0,0,0,0,1,0,0,160,42,153,4,0,0,0,0,0,0,4,1,8,0,7,0,25,0,18,0,0,1,0,0,2,2,0,0,0,0,0,0,0,0,0,2,0,0,2,1,0,0,0,0,0,1,0,0,0,0,0,0,0,0,0,0,0,0,0,0,8,1,0,0,0,0,0,0,0,0,1,0,0,0,0,0,1,0,4,9,1,1,0,0,0,0,0,0,0,0,0,0,0,0,1,0
0,0,0,23,0,90,0,3,0,58,2,629,0,0,0,0,2,17,4,1,4,0,1,3,0,8,0,4,0,23,0,0,0,52,0,0,0,0,0,0,0,27,0,5,0,9,0,0,0,1,0,0,0,0,0,0,0,0,0,4,0,0,0,1,0,0,0,0,0,1,0,2,0,1,3,88,1,76,0,0,0,0,0,0,0,0,0,10,0,7,0,0,0,8,0,0,0,0,0,0,0,0,0,0,0,0,0,0,1,0,0,0,0,2,0,0,0,0,0,1,0,0,0,0,0,1,0,0,0,0,0,0,0,0,0,2,0,0,0,2,0,0,0,0,1,0,0,0,0,0,7,4,0,0,1,0,0,7,0,0,0,0,0,0,0,0,0,1,0,0
240,8,516,45,384,44,288,3,932,9,1275,1,858,2,143,54,26,0,186,52,116,0,157,0,227,0,40,0,525,0,136,0,0,4,0,0,43,53,19,2,63,1,34,0,33,0,10,1,4,2,13,2,35,1,100,0,22,0,22,0,182,4,99,10,57,4,46,2,53,1,25,38,35,2,675,58,326,22,4,0,0,0,140,0,363,4,258,1,224,1,120,0,155,0,4,2,2,0,27,2,10,0,0,0,0,0,1,0,19,4,2,0,3,9,0,1,1,1,0,4,0,0,0,0,0,0,6,0,0,0,0,0,0,0,23,5,0,0,1,0,12,0,41,1,45,1,0,0,0,0,2,1,14,11,54,24,59,0,0,2,0,0,3,1,2,0,0,0,5,0
2,121,20,270,22,275,0,1228,6,1858,7,985,1,1862,2,56,0,74,36,121,5,5,0,59,0,47,0,44,0,307,0,52,4,0,0,0,0,32,1,8,5,72,0,24,0,63,0,5,2,8,1,43,0,8,5,26,1,19,0,14,1,327,11,173,3,41,3,498,1,15,14,115,1,34,21,257,10,1506,0,8,0,0,0,152,3,877,0,378,6,67,1,31,1,33,0,1,0,0,0,5,0,0,0,0,0,0,0,1,2,2,0,0,1,5,0,0,0,0,0,1,0,0,0,1,0,0,0,0,0,0,0,0,0,0,4,26,0,0,0,4,0,1,1,2,5,11,0,1,0,0,4,3,1,7,4,21,0,0,1,0,0,1,0,4,0,1,0,0,2,0
0,0,0,0,0,0,0,0,0,0,0,0,0,0,0,0,0,0,0,0,0,0,0,0,0,0,0,0,0,0,0,0,0,0,0,0,0,0,0,0,0,0,0,0,0,0,0,0,0,0,0,0,0,0,0,0,0,0,0,0,0,0,0,0,0,0,0,0,0,0,0,0,0,0,0,0,0,0,0,0,0,0,0,0,0,0,0,0,0,0,0,0,0,0,0,0,0,0,0,0,0,0,0,0,0,0,0,0,0,0,0,0,0,0,0,0,0,0,0,0,0,0,0,0,0,0,0,0,0,0,0,0,0,0,0,0,0,0,0,0,0,0,0,0,0,0,0,0,0,0,0,0,0,0,0,0,0,0,0,0,0,0,0,0,0,0,0,0,0,0
0,0,0,0,0,0,0,0,0,0,0,0,0,0,0,0,0,0,0,0,0,0,0,0,0,0,0,0,0,0,0,0,0,0,0,0,0,0,0,0,0,0,0,0,0,0,0,0,0,0,0,0,0,0,0,0,0,0,0,0,0,0,0,0,0,0,0,0,0,0,0,0,0,0,0,0,0,0,0,0,0,0,0,0,0,0,0,0,0,0,0,0,0,0,0,0,0,0,0,0,0,0,0,0,0,0,0,0,0,0,0,0,0,0,0,0,0,0,0,0,0,0,0,0,0,0,0,0,0,0,0,0,0,0,0,0,0,0,0,0,0,0,0,0,0,0,0,0,0,0,0,0,0,0,0,0,0,0,0,0,0,0,0,0,0,0,0,0,0,0
156,1,101,19,23,9,37,16,30,2,5,0,44,1,2798,76,28,0,398,25,2,0,19,0,0,0,0,0,0,0,0,0,43,0,0,0,0,82,507,1,27,1,14,1,3,0,21,0,10,3,7,1,15,1,16,0,0,0,0,0,477,5,244,6,25,2,57,4,5,0,4439,14,1482,3,307,13,44,4,3,2,0,0,1,0,34,0,2,0,14,2,2,0,2,0,1,0,1,1,29,1,4,0,0,0,6,0,2,0,11,1,1,0,9,7,1,0,0,0,0,1,1,0,9,0,3,0,9,1,0,0,0,0,2,0,12,3,1,0,0,0,2,0,10,0,63,2,0,0,3,0,24,0,181,1,994,103,25,1,0,0,1,0,6,3,0,1,0,0,5,0
403,144,192,339,131,119,59,28,84,41,9,1,46,25,668,1689,0,6,195,742,4,0,1,3,0,0,0,0,0,0,3,0,53,32,0,0,82,0,9,327,30,35,11,26,2,0,1,2,6,13,0,49,22,1,34,5,4,0,0,1,394,73,180,28,91,12,84,22,11,5,179,2180,453,204,206,364,68,102,0,5,0,0,3,2,58,12,3,1,31,8,4,0,5,0,1,6,7,3,24,15,5,0,1,0,2,0,4,0,20,8,2,0,30,21,3,1,0,1,1,11,1,0,3,2,0,0,10,3,0,0,0,0,0,1,28,15,3,0,1,1,1,0,6,5,55,33,0,2,1,1,8,7,3,113,220,1000,0,0,1,0,2,0,10,19,1,6,0,5,8,0
22,3,34,6,17,2,11,3,17,4,2,2,14,0,23,2,27,1,81,3,1,3,7,0,0,0,0,0,0,0,1,0,19,1,0,0,507,9,0,82,149,11,23,1,5,1,644,143,296,85,84,51,491,21,573,36,106,29,37,15,30,5,503,21,229,17,183,13,67,20,2518,141,8,0,81,11,62,12,2,1,0,0,7,2,105,27,18,2,154,39,13,0,63,26,0,0,0,1,16,1,4,0,0,0,0,0,1,0,2,0,0,0,0,12,0,0,0,0,0,0,2,0,12,0,4,0,8,0,0,0,0,0,0,0,4,0,0,0,1,0,18,0,40,1,100,3,0,0,2,0,6,0,93,1,142,4,13,1,0,0,1,0,0,2,0,0,0,0,0,0
5,5,6,32,3,9,1,2,4,3,2,0,0,0,4,3,0,0,3,45,0,0,0,0,0,0,0,0,0,0,0,0,2,8,0,0,1,327,82,0,54,34,8,29,1,0,329,272,115,293,41,99,125,55,214,63,34,26,11,14,8,0,109,37,41,17,19,12,17,23,185,1423,1,1,6,11,14,26,3,1,0,0,1,3,24,19,2,1,38,42,3,0,16,32,0,0,1,0,0,0,3,0,0,0,0,0,0,0,2,1,0,0,0,0,0,0,0,1,0,0,0,0,1,0,0,0,0,0,0,0,0,0,0,0,0,5,0,0,1,6,4,0,6,2,10,42,0,0,0,0,0,0,0,0,2,17,0,0,0,0,0,0,0,1,0,0,0,0,0,0
186,7,73,9,39,8,45,0,31,2,25,2,102,0,33,11,5,0,23,9,10,0,2,0,3,0,2,0,11,0,4,0,63,5,0,0,27,30,149,54,0,16,539,1,186,0,58,188,50,91,301,74,177,52,528,90,158,45,451,24,269,5,261,51,155,41,34,23,164,42,191,310,55,3,174,12,224,28,66,7,0,0,4,5,104,43,133,4,205,83,344,0,501,73,6,3,13,1,64,14,8,1,1,0,3,2,4,2,28,9,7,1,26,19,3,1,0,2,2,6,10,0,4,0,11,0,8,0,0,0,0,0,25,0,31,0,0,0,261,1,31,0,78,2,638,8,1,0,0,0,3,0,2,1,10,4,20,1,5,0,3,0,160,2,4,1,0,1,4,0
2,475,11,152,8,117,1,33,2,77,1,165,0,69,5,136,52,27,15,29,6,9,0,13,0,9,0,16,0,30,1,27,1,72,0,0,1,35,11,34,16,0,2,441,1,523,7,77,5,65,1,317,5,49,13,142,1,112,2,660,2,196,14,75,12,43,4,93,2,80,16,251,1,130,15,212,5,480,0,63,0,0,0,16,1,358,2,638,2,1200,3,570,2,657,1,6,0,3,3,14,0,0,0,1,1,0,2,1,2,4,3,0,9,7,1,0,0,0,1,4,1,20,0,5,0,43,1,4,0,0,0,3,0,3,2,34,0,0,0,591,0,13,2,161,2,1017,0,0,0,4,7,1,4,5,4,11,5,87,0,0,0,1,0,226,0,2,0,0,1,0
47,0,24,2,18,4,9,0,17,1,24,1,22,0,10,1,6,0,18,3,12,0,2,0,7,0,3,0,1,0,2,0,34,0,0,0,14,11,23,8,539,2,0,0,189,0,152,36,45,10,814,8,50,6,65,4,20,3,1075,0,98,1,99,4,21,1,13,1,17,0,258,28,10,0,40,2,37,3,9,0,0,0,0,0,15,2,52,0,35,2,182,0,176,0,32,6,36,4,137,7,14,0,1,2,6,1,12,5,31,5,30,3,3,1,3,0,0,4,0,4,0,0,1,0,0,0,0,0,0,0,0,0,1,0,5,0,0,0,0,0,1,0,3,0,6,0,0,0,0,0,0,1,2,1,6,0,8,0,11,1,1,0,4,0,0,0,0,0,0,0
1,26,2,36,1,34,0,8,2,16,0,17,0,3,0,22,4,23,1,25,1,2,0,2,0,4,0,5,0,6,0,5,0,24,0,0,1,26,1,29,1,441,0,0,0,433,1,11,2,10,0,883,1,6,3,6,0,26,1,1203,5,47,3,16,1,11,1,27,0,2,2,298,1,22,1,33,0,55,0,2,0,0,0,0,1,15,0,125,0,137,0,264,2,420,3,5,6,2,1,19,0,7,0,1,5,0,5,1,1,1,11,0,0,0,2,1,3,0,0,2,0,1,0,0,0,3,0,0,0,0,0,0,0,0,0,3,0,0,0,1,0,0,0,1,1,13,0,0,0,0,2,0,1,0,1,9,1,3,0,0,0,0,0,2,0,0,0,0,0,0
15,0,28,2,19,1,4,1,5,0,17,0,1,0,4,1,44,0,10,4,39,0,24,0,31,0,6,0,6,0,1,0,33,0,0,0,3,2,5,1,186,1,189,0,0,0,2,1,1,2,19,0,4,0,25,1,3,0,33,0,6,0,5,3,2,1,1,0,3,0,4,3,6,0,35,6,40,4,28,0,0,0,0,0,2,3,378,0,2,2,159,0,36,1,0,1,3,0,27,1,0,0,0,0,0,0,3,0,15,4,1,0,36,12,0,0,0,0,0,17,0,0,0,0,6,0,1,0,0,0,2,0,32,0,69,0,1,0,0,0,1,0,2,0,21,1,0,0,0,0,2,0,5,0,7,3,67,1,3,0,2,1,5,0,3,0,0,2,5,0
1,1,1,40,1,17,0,0,0,7,0,37,0,1,0,3,3,139,2,8,0,19,1,62,0,39,0,3,0,17,0,9,0,63,0,0,0,0,1,0,0,523,0,433,0,0,0,1,0,0,0,32,0,1,0,5,0,7,0,145,0,0,0,2,1,0,0,1,0,3,2,3,0,0,1,9,0,75,0,4,0,0,0,0,0,3,0,630,0,77,0,761,0,166,0,0,0,0,0,2,0,0,0,0,0,0,0,0,0,0,0,0,1,0,0,0,0,0,0,1,0,3,0,1,0,18,0,0,0,0,0,0,0,1,0,14,0,0,0,9,0,0,0,4,0,19,1,0,0,0,2,1,0,3,0,2,1,111,0,0,0,0,0,2,0,0,0,0,0,0
3,0,8,2,9,1,0,0,4,0,2,0,0,0,2,1,4,0,45,2,0,0,2,0,0,0,0,0,0,0,1,0,10,0,0,0,21,1,644,329,58,7,152,1,2,0,0,1499,5767,749,4162,170,2654,106,1754,144,838,71,435,44,0,1,243,60,4,2,0,2,9,11,2156,256,0,0,16,3,18,6,1,0,0,0,0,0,6,19,9,3,89,57,6,1,112,67,1,0,0,0,0,0,0,0,3,0,0,0,0,0,1,1,0,0,0,0,0,0,0,1,0,0,0,0,0,0,0,0,1,0,0,0,0,0,0,0,0,0,0,0,1,4,4,1,1,3,10,4,0,0,0,0,2,0,25,0,32,0,2,0,0,0,0,0,0,1,0,0,0,0,0,0
1,1,2,4,0,4,0,0,0,8,1,6,0,0,0,1,1,0,0,0,1,0,0,0,0,1,0,0,0,0,0,0,1,5,0,0,0,2,143,272,188,77,36,11,1,1,1499,0,1189,3850,479,5118,29,527,54,507,41,1238,58,296,0,1,3,67,0,0,0,2,1,1,381,1780,0,1,3,2,0,71,0,3,0,0,0,0,0,70,0,29,3,75,0,4,7,142,0,0,0,0,1,0,0,0,0,0,0,0,0,0,0,0,0,0,0,0,0,0,0,0,0,0,0,0,0,0,0,0,0,1,0,0,0,0,1,0,0,0,0,0,0,25,0,0,0,11,18,196,0,0,0,0,0,0,0,0,0,0,0,0,0,0,0,0,0,2,0,0,0,0,0,0
6,0,15,2,8,1,1,0,6,0,1,0,2,0,15,0,0,0,8,0,0,0,0,0,0,0,0,0,0,0,0,0,4,2,0,0,10,6,296,115,50,5,45,2,1,0,5767,1189,0,1507,794,267,3024,92,471,38,40,17,16,12,1,1,517,51,6,1,5,1,5,1,1228,329,1,0,6,3,20,6,1,0,0,0,1,0,7,12,3,0,26,5,1,0,15,9,0,0,0,0,3,0,0,0,0,0,0,0,0,0,1,0,0,0,0,2,0,0,0,0,0,0,0,0,0,0,0,0,0,0,0,0,0,0,0,0,0,1,0,0,1,3,2,0,7,0,12,3,0,0,0,0,0,0,0,0,2,0,0,0,0,0,0,0,0,0,0,0,0,0,0,0
8,10,2,76,0,48,0,3,2,6,0,2,5,3,1,44,0,0,2,3,0,0,0,0,0,0,0,0,0,0,0,1,2,8,0,0,3,13,85,293,91,65,10,10,2,0,749,3850,1507,0,129,552,129,3290,267,1453,79,199,36,90,12,7,33,756,15,17,9,15,8,33,285,1650,1,2,4,13,4,85,1,5,0,0,0,9,5,224,0,17,32,178,1,0,10,100,0,1,0,0,2,0,0,0,0,0,0,0,0,1,0,0,1,0,1,4,0,0,0,0,0,0,0,0,0,0,1,0,0,0,0,0,0,0,0,0,0,0,0,0,1,33,0,3,4,18,5,19,0,0,0,0,0,0,0,0,1,0,0,0,0,0,0,0,0,4,0,0,0,0,0,0
7,0,24,2,18,2,1,1,7,0,5,0,0,0,6,0,2,0,25,1,6,0,2,0,1,0,0,0,1,0,4,0,13,1,0,0,7,0,84,41,301,1,814,0,19,0,4162,479,794,129,0,77,407,36,770,63,868,45,2271,14,3,0,45,13,4,2,0,0,2,1,1233,60,1,0,18,2,57,5,4,1,0,0,0,0,10,5,28,0,81,6,53,0,358,14,83,0,1,0,4,0,20,0,10,0,0,0,0,0,0,0,0,0,0,8,0,0,1,0,0,0,1,0,0,0,1,0,0,0,0,0,0,0,0,0,0,0,0,0,2,0,2,0,5,0,14,0,0,0,0,0,0,0,12,0,13,1,3,0,0,0,0,0,0,1,0,0,0,0,0,0
6,60,8,67,10,59,3,23,1,24,0,21,2,13,2,60,1,0,6,51,0,0,0,2,0,1,0,0,0,5,0,0,2,43,0,0,1,49,51,99,74,317,8,883,0,32,170,5118,267,552,77,0,9,168,24,439,12,1170,12,1843,18,60,9,45,8,32,5,50,0,13,113,1172,1,27,9,122,5,274,0,14,0,0,0,2,0,176,0,137,3,285,0,16,1,318,0,7,1,4,4,10,2,9,18,304,0,0,0,2,0,4,1,0,6,18,14,62,2,1,1,3,0,1,0,0,1,3,0,0,0,0,0,0,0,0,2,8,0,0,0,58,2,2,0,18,9,101,0,0,0,0,1,0,0,1,2,6,1,1,0,0,0,1,0,2,0,3,0,1,35,0
36,0,83,4,40,5,15,1,12,0,1,0,4,0,47,9,0,0,24,1,1,0,0,0,0,0,0,0,0,0,0,0,35,0,0,0,15,22,491,125,177,5,50,1,4,0,2654,29,3024,129,407,9,0,24,4389,31,206,11,69,7,11,1,964,32,39,5,7,2,18,2,760,225,4,0,35,2,87,6,8,2,0,0,1,3,65,13,8,0,132,19,5,0,36,22,0,0,1,1,22,1,4,0,0,0,0,0,0,0,2,0,0,0,1,2,0,0,0,0,0,2,0,0,1,0,1,0,1,0,0,0,0,0,0,0,2,0,0,0,4,1,15,0,33,1,42,2,0,0,0,0,0,0,0,0,1,0,0,0,1,0,1,0,3,0,1,0,0,0,1,0
3,53,0,164,0,88,0,6,1,5,0,1,1,6,1,40,1,0,0,3,0,0,0,0,0,0,0,0,0,0,0,0,1,8,0,0,1,1,21,55,52,49,6,6,0,1,106,527,92,3290,36,168,24,0,71,4243,13,341,9,120,5,30,7,1622,6,95,1,20,2,610,106,812,0,4,6,16,0,101,1,3,0,0,0,9,0,300,2,15,7,328,1,0,4,74,0,0,0,1,0,5,0,0,0,0,0,0,1,0,1,2,0,0,0,0,1,0,0,0,0,0,0,0,0,0,0,0,0,0,0,0,0,0,0,0,0,0,0,0,0,25,2,3,1,15,1,17,0,0,0,1,0,0,0,0,0,1,0,0,0,0,0,0,0,3,0,0,0,0,0,0
321,4,328,6,251,10,52,4,48,3,11,0,26,1,92,27,0,0,47,10,3,0,0,0,1,0,0,0,0,0,2,0,100,5,0,0,16,34,573,214,528,13,65,3,25,0,1754,54,471,267,770,24,4389,71,0,78,4376,33,1252,29,82,3,1475,68,792,12,23,3,847,26,545,632,18,1,123,1,353,23,27,0,0,0,3,2,243,28,82,2,2760,82,44,0,704,76,2,2,5,2,30,1,8,0,0,0,0,0,2,0,5,1,0,1,11,11,0,1,0,1,0,3,2,0,5,0,2,0,8,0,0,0,0,0,0,0,9,1,0,0,16,2,67,0,98,0,144,1,0,0,0,0,0,0,2,1,12,9,4,0,2,0,1,0,6,0,2,0,0,1,1,0
6,236,2,414,2,374,0,14,2,16,0,4,1,7,1,78,0,0,1,2,0,0,0,0,0,0,0,0,0,1,0,0,0,26,0,0,0,5,36,63,90,142,4,6,1,5,144,507,38,1453,63,439,31,4243,78,0,16,2248,20,590,0,64,5,971,4,178,0,38,1,1363,180,596,0,10,13,49,3,269,1,9,0,0,0,17,1,698,0,50,7,3358,0,2,2,332,0,1,2,1,1,4,0,0,0,0,1,0,0,0,0,2,3,0,4,2,0,0,0,0,0,2,0,0,0,0,0,0,0,1,0,0,0,0,0,0,0,5,0,0,0,70,0,3,2,27,4,43,0,0,0,0,0,0,0,0,0,4,0,1,0,0,0,0,0,11,0,1,0,0,0,0
30,1,26,1,41,2,3,0,9,0,7,0,3,0,2,2,1,0,7,0,1,0,1,0,0,0,0,0,2,0,1,0,22,1,0,0,0,4,106,34,158,1,20,0,3,0,838,41,40,79,868,12,206,13,4376,16,0,11,1632,8,5,0,15,17,2,0,0,1,16,5,204,146,2,0,19,4,74,6,7,0,0,0,1,2,23,5,28,0,278,19,22,0,281,18,0,0,0,0,3,0,0,0,0,0,1,0,0,0,0,1,0,0,1,0,0,0,0,0,0,0,0,0,0,0,3,0,1,0,0,0,0,0,0,0,0,2,0,0,5,0,9,0,22,0,26,0,0,0,0,0,0,0,0,0,0,2,1,0,0,0,0,0,2,0,0,0,0,0,0,0
0,7,0,4,0,5,0,1,0,4,0,6,0,1,1,1,1,0,0,1,0,0,0,1,0,1,0,0,0,1,0,0,0,19,0,0,0,0,29,26,45,112,3,26,0,7,71,1238,17,199,45,1170,11,341,33,2248,11,0,7,1912,0,1,0,31,0,0,0,2,0,3,140,215,0,0,0,8,0,185,0,8,0,0,0,2,1,185,0,55,3,376,0,1,1,722,0,0,0,0,0,1,0,0,0,0,0,0,0,0,0,0,1,0,1,0,0,0,0,0,0,0,0,0,0,0,0,0,0,0,0,0,0,0,0,0,0,1,0,0,0,44,0,4,0,18,2,36,0,0,0,0,0,0,0,0,0,0,0,1,0,0,0,0,0,1,0,0,0,0,0,0
36,1,42,4,62,2,2,1,9,0,18,0,0,0,3,3,0,0,10,2,11,0,3,0,2,0,1,0,0,0,4,0,22,0,0,0,0,0,37,11,451,2,1075,1,33,0,435,58,16,36,2271,12,69,9,1252,20,1632,7,0,4,11,0,13,6,4,0,3,0,17,8,167,52,0,1,19,3,64,2,16,3,0,0,0,0,15,6,31,0,371,7,315,0,2236,9,199,0,0,0,2,1,2,0,80,0,0,0,0,0,0,0,0,0,0,0,0,1,0,0,0,0,0,0,0,0,0,0,0,0,0,0,0,0,0,0,8,1,0,0,4,0,3,0,4,1,22,0,0,0,0,0,2,0,0,0,4,2,6,0,0,0,0,0,1,0,0,0,0,0,0,0
0,1,1,20,0,21,0,0,0,2,0,29,0,0,0,1,4,14,1,5,0,8,0,6,0,5,0,13,0,7,0,4,0,14,0,0,0,1,15,14,24,660,0,1203,0,145,44,296,12,90,14,1843,7,120,29,590,8,1912,4,0,0,1,0,18,0,1,0,3,0,3,62,236,0,0,0,5,1,135,0,3,0,0,0,1,0,71,0,209,0,543,0,393,1,4732,1,3,0,0,0,0,0,3,0,137,0,0,0,0,1,0,0,0,0,0,0,4,2,0,0,0,0,0,0,0,0,4,0,0,0,0,0,0,0,1,0,2,0,0,0,18,0,0,0,6,1,22,0,0,0,0,0,2,1,1,0,4,0,7,0,0,0,0,0,1,0,0,0,0,0,0
4614,12,501,13,108,12,574,5,194,3,49,0,1194,2,472,54,0,0,72,14,1,0,0,0,0,0,0,0,6,0,6,0,182,1,0,0,477,394,30,8,269,2,98,5,6,0,0,0,1,12,3,18,11,5,82,0,5,0,11,0,0,35,716,45,2513,10,1833,16,219,0,513,215,895,76,1164,20,454,11,26,0,0,0,99,1,1476,6,21,0,245,2,2,1,75,1,8,5,16,9,376,7,26,3,3,1,4,0,10,9,158,20,13,2,92,92,4,4,3,0,1,46,1,0,16,1,19,0,18,0,0,0,2,0,7,0,70,0,0,0,2,1,20,0,69,2,355,7,1,0,3,0,0,0,3,1,30,12,0,0,2,0,15,0,60,0,13,9,2,6,72,0
10,3473,5,183,1,150,3,120,3,82,0,7,3,844,4,490,0,0,4,14,2,0,0,0,0,0,0,0,0,0,0,0,4,327,0,0,5,73,5,0,5,196,1,47,0,0,1,1,1,7,0,60,1,30,3,64,0,1,0,1,35,0,18,1658,9,1318,5,1974,0,196,10,197,3,568,30,683,7,857,0,38,0,0,0,14,8,87,1,0,2,29,0,0,0,2,1,7,4,7,12,113,2,3,0,2,3,2,2,1,17,44,3,0,65,63,1,2,0,0,2,28,0,1,0,5,0,8,3,4,0,0,0,0,0,2,1,14,0,0,0,60,0,4,1,10,7,149,0,4,0,6,1,0,0,0,8,14,0,0,1,0,0,2,1,64,1,17,0,19,3,0
562,9,606,3,93,8,67,4,49,5,5,0,56,3,573,35,0,0,74,2,0,0,1,0,0,0,0,0,2,0,4,0,99,11,0,0,244,180,503,109,261,14,99,3,5,0,243,3,517,33,45,9,964,7,1475,5,15,0,13,0,716,18,0,58,2225,52,515,31,271,22,1778,412,109,9,239,7,220,37,8,1,0,0,26,4,218,47,10,1,122,17,4,0,28,12,4,2,3,1,109,3,19,0,0,0,1,1,3,1,27,3,1,0,9,21,2,1,1,0,0,11,3,0,26,1,9,0,24,0,0,0,0,0,1,0,16,2,0,0,3,1,34,2,103,6,244,13,0,1,1,0,0,0,0,0,44,13,0,0,1,0,5,0,4,0,3,0,0,1,12,0
11,535,7,286,4,116,6,30,5,11,0,1,7,28,0,200,0,0,2,6,0,0,0,0,0,0,0,0,0,0,0,1,10,173,0,0,6,28,21,37,51,75,4,16,3,2,60,67,51,756,13,45,32,1622,68,971,17,31,6,18,45,1658,58,0,39,1490,21,258,5,1344,79,2068,1,121,23,91,8,283,3,15,0,0,2,27,23,170,0,2,22,143,0,0,3,48,2,0,0,1,3,30,0,0,0,0,0,0,2,0,3,7,0,2,6,17,0,0,0,0,0,1,0,0,2,1,2,1,0,1,0,0,0,0,0,0,1,3,0,0,0,18,1,3,9,17,12,57,0,1,0,0,0,0,0,0,3,3,0,0,0,1,0,0,0,7,0,3,0,2,1,0
865,2,149,4,102,2,71,1,20,2,2,0,41,0,32,9,0,0,10,5,0,0,0,0,0,0,0,0,1,0,1,0,57,3,0,0,25,91,229,41,155,12,21,1,2,1,4,0,6,15,4,8,39,6,792,4,2,0,4,0,2513,9,2225,39,0,39,2474,31,1200,14,71,264,21,3,93,10,100,27,10,4,0,0,13,4,244,30,8,1,342,14,7,0,61,2,2,1,3,1,42,3,6,0,0,2,4,0,0,2,9,2,1,0,7,10,0,0,0,0,0,3,0,0,10,0,2,0,7,0,0,0,0,0,0,0,1,0,1,0,1,1,18,1,41,3,111,15,0,0,0,0,0,0,0,0,3,1,1,0,1,0,1,0,3,0,0,0,0,1,1,0
3,622,1,85,2,181,1,191,1,36,0,0,5,96,0,33,1,1,0,1,1,0,0,0,0,0,0,0,0,0,0,0,4,41,0,0,2,12,17,17,41,43,1,11,1,0,2,0,1,17,2,32,5,95,12,178,0,0,0,1,10,1318,52,1490,39,0,18,1368,6,1610,39,359,0,10,13,82,18,147,1,3,0,0,0,14,22,192,2,3,12,200,0,0,3,8,1,1,1,0,3,11,0,0,0,0,1,0,0,0,3,4,0,0,1,6,0,0,0,0,0,2,0,0,0,1,1,0,1,2,0,0,0,0,0,1,0,4,0,0,0,8,3,6,6,20,19,52,0,0,0,0,0,0,0,0,2,1,0,0,0,0,0,0,0,5,0,2,0,1,1,0
219,4,54,2,88,3,341,1,110,1,10,0,428,0,12,8,0,0,13,2,0,0,0,0,0,0,0,0,1,0,0,0,46,3,0,0,57,84,183,19,34,4,13,1,1,0,0,0,5,9,0,5,7,1,23,0,0,0,3,0,1833,5,515,21,2474,18,0,19,657,1,51,146,10,8,140,6,60,18,2,2,0,0,31,0,1296,15,13,0,568,0,2,0,32,1,0,2,4,1,39,2,2,0,0,0,0,0,0,1,13,1,0,0,2,8,0,0,0,0,0,3,2,0,4,0,5,0,5,0,0,0,0,0,0,0,2,0,0,0,0,1,6,1,12,2,74,3,0,0,1,1,0,0,0,1,6,2,0,0,0,0,1,0,1,0,1,0,0,1,3,0
2,338,8,77,8,244,4,871,5,655,0,1,4,1148,3,64,0,0,2,19,0,0,0,0,0,0,0,0,0,0,0,0,2,498,0,0,4,22,13,12,23,93,1,27,0,1,2,2,1,15,0,50,2,20,3,38,1,2,0,3,16,1974,31,258,31,1368,19,0,5,608,23,136,0,38,18,195,5,367,1,15,0,0,2,42,14,1063,1,3,8,758,0,0,5,12,1,2,2,0,3,21,2,0,0,1,1,1,0,0,1,4,1,0,7,14,0,0,0,0,0,2,0,0,1,2,2,0,0,0,0,0,0,0,0,1,1,10,0,0,0,16,2,6,7,16,18,60,0,1,0,1,0,0,1,0,2,6,0,0,1,0,0,0,0,11,0,5,0,1,4,0
410,1,38,3,110,1,30,1,24,0,1,1,12,0,12,3,0,0,6,1,1,0,0,0,0,0,0,0,1,0,0,0,53,1,0,0,5,11,67,17,164,2,17,0,3,0,9,1,5,8,2,0,18,2,847,1,16,0,17,0,219,0,271,5,1200,6,657,5,0,3,33,86,4,0,38,6,129,9,11,0,0,0,10,1,479,22,27,1,1792,9,9,0,176,2,1,0,1,1,7,1,3,0,0,0,1,0,0,1,4,0,0,0,4,1,0,0,0,0,1,1,2,0,1,0,1,0,1,0,0,0,0,0,0,0,3,0,0,0,4,0,24,1,30,1,56,1,0,0,0,0,0,0,0,0,5,2,0,0,0,0,0,0,0,2,0,2,0,0,0,0
3,693,2,128,1,466,1,200,0,80,0,2,0,29,5,36,0,0,0,2,0,0,0,0,0,0,0,0,0,0,0,1,1,15,0,0,0,5,20,23,42,80,0,2,0,3,11,1,1,33,1,13,2,610,26,1363,5,3,8,3,0,196,22,1344,14,1610,1,608,3,0,47,415,0,5,10,52,12,87,2,7,0,0,0,7,8,422,1,6,7,1528,0,0,6,44,0,0,0,1,4,1,0,0,0,0,0,0,0,0,3,0,1,0,1,1,0,0,0,0,0,1,0,0,0,0,0,0,1,0,0,0,0,0,0,0,2,0,0,0,1,15,2,0,6,9,2,17,0,0,0,0,0,0,0,0,0,3,0,0,0,0,0,0,1,1,0,0,0,1,0,0
85,9,333,24,47,17,30,5,42,4,2,0,15,1,1015,52,12,0,435,28,4,0,3,0,1,0,0,0,0,0,0,0,25,14,0,0,4439,179,2518,185,191,16,258,2,4,2,2156,381,1228,285,1233,113,760,106,545,180,204,140,167,62,513,10,1778,79,71,39,51,23,33,47,0,554,223,5,114,20,82,29,5,6,0,0,6,5,74,59,12,3,94,96,8,0,61,84,0,0,2,0,21,4,7,0,0,0,2,0,0,1,9,1,0,0,2,7,0,0,0,0,0,5,0,0,2,0,1,1,7,0,0,0,0,0,0,0,7,5,0,0,0,4,12,0,28,9,66,13,0,0,0,0,5,0,174,2,443,13,6,0,0,0,0,0,2,4,1,0,0,0,1,0
56,183,28,530,30,185,30,54,22,43,5,9,41,17,9,954,1,0,19,216,0,0,0,1,0,1,0,2,0,0,1,2,38,115,0,0,14,2180,141,1423,310,251,28,298,3,3,256,1780,329,1650,60,1172,225,812,632,596,146,215,52,236,215,197,412,2068,264,359,146,136,86,415,554,0,42,214,84,120,80,321,9,21,0,0,6,32,120,287,14,37,156,345,9,4,45,406,0,1,4,1,19,29,1,0,0,1,0,0,2,1,11,9,4,0,14,23,2,0,0,0,1,4,2,0,6,1,2,1,3,1,0,0,0,1,1,1,5,14,0,0,2,102,12,9,32,46,81,375,0,1,0,1,0,0,1,3,8,35,0,3,1,0,0,0,1,12,1,3,0,3,3,0
947,3,125,2,20,1,77,3,30,1,5,0,66,3,843,61,0,0,19,1,0,0,0,0,0,0,0,0,0,0,0,0,35,1,0,0,1482,453,8,1,55,1,10,1,6,0,0,0,1,1,1,1,4,0,18,0,2,0,0,0,895,3,109,1,21,0,10,0,4,0,223,42,0,22,346,5,142,0,2,0,0,0,0,0,19,0,4,0,1,0,2,0,2,0,5,3,10,4,103,2,7,0,0,0,4,0,7,1,27,4,2,1,37,16,2,1,1,0,0,7,0,0,1,0,6,0,10,0,0,0,1,0,2,0,25,1,0,0,0,0,1,0,8,0,84,1,1,0,0,0,0,0,2,0,9,8,0,0,1,0,2,0,29,0,2,1,0,0,13,0
32,441,7,93,6,39,7,25,9,30,1,6,1,46,5,1529,0,0,4,21,0,0,0,0,0,0,0,0,0,0,0,1,2,34,0,0,3,204,0,1,3,130,0,22,0,0,0,1,0,2,0,27,0,4,1,10,0,0,1,0,76,568,9,121,3,10,8,38,0,5,5,214,22,0,20,331,8,180,1,13,0,0,1,1,2,6,1,0,0,0,0,0,1,0,1,8,6,4,9,54,2,0,0,1,3,0,3,2,9,27,0,0,59,34,2,1,0,0,0,26,1,0,0,2,1,5,1,6,0,1,0,0,0,2,2,19,0,0,0,17,0,0,1,5,5,71,0,0,0,0,0,0,0,0,8,7,0,0,0,1,0,0,1,38,0,10,0,6,3,0
2098,109,1373,383,2218,517,715,101,1471,97,466,15,234,35,466,308,128,37,1233,276,313,24,147,6,99,2,16,0,87,1,160,3,675,21,0,0,307,206,81,6,174,15,40,1,35,1,16,3,6,4,18,9,35,6,123,13,19,0,19,0,1164,30,239,23,93,13,140,18,38,10,114,84,346,20,0,1177,1616,125,32,4,0,0,16,0,129,16,78,3,146,20,46,0,82,9,11,16,18,13,247,27,19,3,0,3,11,3,12,9,126,27,11,2,125,80,9,1,1,3,0,58,27,1,5,1,5,0,105,4,0,0,1,0,11,0,561,60,12,0,1,0,8,0,38,3,482,28,17,2,2,0,45,4,166,55,420,98,105,26,0,2,11,0,45,16,24,5,2,2,57,0
21,2627,272,1859,240,3479,10,1045,45,1742,125,497,6,353,34,687,35,46,409,807,235,107,48,20,13,22,4,8,33,73,42,88,58,257,0,0,13,364,11,11,12,212,2,33,6,9,3,2,3,13,2,122,2,16,1,49,4,8,3,5,20,683,7,91,10,82,6,195,6,52,20,120,5,331,1177,0,113,2939,1,249,0,0,1,24,5,130,11,16,10,118,16,1,24,22,5,17,5,18,39,143,2,1,0,3,7,0,12,6,48,50,9,1,169,109,4,1,1,0,4,51,0,2,0,14,1,34,4,49,0,0,0,18,0,9,29,694,1,0,1,21,1,3,0,32,13,470,2,33,0,6,70,46,78,194,61,242,7,155,2,0,1,2,1,164,2,27,0,14,10,0
509,10,549,103,520,92,107,17,357,38,480,2,212,6,207,86,47,0,280,129,49,2,9,0,2,0,5,0,73,0,153,1,326,10,0,0,44,68,62,14,224,5,37,0,40,0,18,0,20,4,57,5,87,0,353,3,74,0,64,1,454,7,220,8,100,18,60,5,129,12,82,80,142,8,1616,113,0,58,89,11,0,0,16,2,156,16,52,3,222,7,87,0,143,4,12,8,24,8,149,19,12,2,2,1,6,3,17,6,76,18,10,3,90,46,5,4,1,2,2,37,0,0,5,0,7,0,15,0,0,0,0,0,10,0,309,11,3,0,7,1,12,0,16,1,94,9,1,2,0,0,7,1,22,47,75,54,321,1,7,3,7,0,40,5,6,3,0,6,24,0
12,829,112,734,91,867,14,513,18,1203,16,695,4,635,25,345,26,74,190,326,28,10,4,5,0,5,0,9,5,56,4,76,22,1506,0,0,4,102,12,26,28,480,3,55,4,75,6,71,6,85,5,274,6,101,23,269,6,185,2,135,11,857,37,283,27,147,18,367,9,87,29,321,0,180,125,2939,58,0,1,292,0,0,1,68,10,513,3,233,7,207,8,14,9,88,2,3,6,2,9,38,5,2,0,1,7,0,7,4,24,16,14,1,39,14,2,4,1,0,1,12,0,12,0,0,0,22,0,5,0,0,0,0,0,1,15,46,1,0,0,69,2,2,1,38,6,113,0,5,0,1,24,16,26,33,41,96,13,441,0,1,0,2,0,106,0,11,0,3,3,0
13,1,5,0,6,0,3,0,1,0,4,0,4,0,4,0,18,0,0,1,0,0,1,0,0,0,0,0,0,0,0,0,4,0,0,0,3,0,2,3,66,0,9,0,28,0,1,0,1,1,4,0,8,1,27,1,7,0,16,0,26,0,8,3,10,1,2,1,11,2,5,9,2,1,32,1,89,1,0,0,0,0,0,0,11,0,7,0,11,1,19,0,13,0,2,2,2,1,27,2,0,0,1,0,1,0,3,0,6,0,1,0,4,8,0,0,0,0,0,4,0,0,0,0,2,0,0,0,0,0,0,0,0,0,4,0,0,0,0,0,3,0,2,0,10,0,0,0,0,0,0,0,0,0,1,0,18,0,1,1,3,0,9,0,1,0,0,0,0,0
2,37,1,15,9,17,1,7,0,13,0,5,2,13,1,26,14,0,2,6,0,0,0,0,0,0,0,0,0,0,0,0,0,8,0,0,2,5,1,1,7,63,0,2,0,4,0,3,0,5,1,14,2,3,0,9,0,8,3,3,0,38,1,15,4,3,2,15,0,7,6,21,0,13,4,249,11,292,0,0,0,0,0,3,1,14,5,8,0,9,4,1,3,2,2,5,1,1,5,4,1,1,0,1,2,0,5,1,4,2,3,0,12,3,1,0,0,1,1,6,0,0,0,0,0,16,0,0,0,0,0,1,0,1,0,13,0,0,0,20,0,3,0,6,1,18,0,0,0,0,0,0,0,0,0,2,10,15,1,0,0,5,0,58,1,0,0,2,1,0
0,0,0,0,0,0,0,0,0,0,0,0,0,0,0,0,0,0,0,0,0,0,0,0,0,0,0,0,0,0,0,0,0,0,0,0,0,0,0,0,0,0,0,0,0,0,0,0,0,0,0,0,0,0,0,0,0,0,0,0,0,0,0,0,0,0,0,0,0,0,0,0,0,0,0,0,0,0,0,0,0,0,0,0,0,0,0,0,0,0,0,0,0,0,0,0,0,0,0,0,0,0,0,0,0,0,0,0,0,0,0,0,0,0,0,0,0,0,0,0,0,0,0,0,0,0,0,0,0,0,0,0,0,0,0,0,0,0,0,0,0,0,0,0,0,0,0,0,0,0,0,0,0,0,0,0,0,0,0,0,0,0,0,0,0,0,0,0,0,0
0,0,0,0,0,0,0,0,0,0,0,0,0,0,0,0,0,0,0,0,0,0,0,0,0,0,0,0,0,0,0,0,0,0,0,0,0,0,0,0,0,0,0,0,0,0,0,0,0,0,0,0,0,0,0,0,0,0,0,0,0,0,0,0,0,0,0,0,0,0,0,0,0,0,0,0,0,0,0,0,0,0,0,0,0,0,0,0,0,0,0,0,0,0,0,0,0,0,0,0,0,0,0,0,0,0,0,0,0,0,0,0,0,0,0,0,0,0,0,0,0,0,0,0,0,0,0,0,0,0,0,0,0,0,0,0,0,0,0,0,0,0,0,0,0,0,0,0,0,0,0,0,0,0,0,0,0,0,0,0,0,0,0,0,0,0,0,0,0,0
6,0,3,1,5,0,14,0,15,0,0,0,264,0,1,1,0,0,0,1,1,0,0,0,0,0,0,0,1,0,0,0,140,0,0,0,1,3,7,1,4,0,0,0,0,0,0,0,1,0,0,0,1,0,3,0,1,0,0,0,99,0,26,2,13,0,31,2,10,0,6,6,0,1,16,1,16,1,0,0,0,0,0,0,649,1,7,0,27,1,0,0,1,0,0,0,0,0,3,0,0,0,0,0,0,0,0,0,0,1,0,0,0,1,1,0,0,0,0,0,0,0,0,0,0,0,0,0,0,0,0,0,0,0,0,0,0,0,0,0,0,0,2,0,2,0,0,0,0,0,0,0,0,0,0,0,0,0,0,0,1,0,0,0,0,0,0,0,0,0
0,3,0,1,1,3,0,4,0,10,0,0,0,18,0,1,0,0,0,0,0,0,0,0,0,0,0,0,0,0,0,0,0,152,0,0,0,2,2,3,5,16,0,0,0,0,0,0,0,9,0,2,3,9,2,17,2,2,0,1,1,14,4,27,4,14,0,42,1,7,5,32,0,1,0,24,2,68,0,3,0,0,0,0,1,293,0,8,3,9,0,0,3,0,0,1,0,0,1,2,0,0,0,1,0,0,0,0,0,0,2,0,0,1,0,0,0,0,0,0,0,0,0,0,0,0,0,0,0,0,0,0,0,0,0,0,0,0,1,4,1,1,0,6,3,6,0,0,0,0,0,0,0,0,0,0,0,0,0,0,0,0,0,2,0,0,0,0,0,0
269,6,126,5,300,5,431,4,594,1,9,0,1732,0,24,10,0,0,27,6,1,0,1,0,0,0,0,0,4,0,4,0,363,3,0,0,34,58,105,24,104,1,15,1,2,0,6,0,7,5,10,0,65,0,243,1,23,1,15,0,1476,8,218,23,244,22,1296,14,479,8,74,120,19,2,129,5,156,10,11,1,0,0,649,1,0,18,610,0,4763,5,22,0,153,0,2,0,1,0,18,1,5,0,1,0,0,0,0,0,10,3,1,0,3,9,0,0,0,0,1,2,1,0,3,0,0,0,1,0,0,0,0,0,1,0,3,0,0,0,1,3,5,0,14,0,40,5,0,0,0,0,0,0,0,0,3,5,0,0,1,0,0,0,3,0,1,0,0,0,2,0
5,81,6,50,5,160,1,183,1,389,1,9,0,204,0,30,1,0,6,23,0,0,0,0,0,0,0,0,0,0,1,0,4,877,0,0,0,12,27,19,43,358,2,15,3,3,19,70,12,224,5,176,13,300,28,698,5,185,6,71,6,87,47,170,30,192,15,1063,22,422,59,287,0,6,16,130,16,513,0,14,0,0,1,293,18,0,5,1130,14,3105,1,46,6,53,0,2,1,0,2,6,1,0,0,0,0,0,0,0,2,1,0,0,4,4,0,0,0,0,0,1,0,0,0,0,0,2,0,1,0,0,0,0,0,0,3,11,0,0,0,71,3,5,7,44,13,55,0,1,0,0,0,0,0,1,1,2,1,0,0,0,0,0,0,9,0,1,0,0,1,0
37,1,72,6,44,1,61,1,45,4,77,0,268,0,23,8,26,0,16,12,34,0,14,0,24,0,9,0,23,0,8,0,258,0,0,0,2,3,18,2,133,2,52,0,378,0,9,0,3,0,28,0,8,2,82,0,28,0,31,0,21,1,10,0,8,2,13,1,27,1,12,14,4,1,78,11,52,3,7,5,0,0,7,0,610,5,0,0,1189,3,420,0,249,0,0,0,0,0,5,0,0,0,0,0,0,0,1,0,4,0,0,0,1,2,0,0,0,1,0,1,0,0,0,0,0,0,2,0,0,0,0,0,2,0,12,1,0,0,1,0,1,0,2,0,16,1,0,0,0,0,1,1,3,2,8,2,22,0,0,0,0,0,0,0,0,0,0,0,0,0
0,3,0,54,1,28,0,12,0,14,0,82,0,115,1,2,4,139,1,8,1,20,0,87,1,74,0,32,0,49,0,10,1,378,0,0,0,1,2,1,4,638,0,125,0,630,3,29,0,17,0,137,0,15,2,50,0,55,0,209,0,0,1,2,1,3,0,3,1,6,3,37,0,0,3,16,3,233,0,8,0,0,0,8,0,1130,0,0,0,580,0,560,0,358,0,0,0,0,0,0,0,0,0,0,0,0,0,0,0,0,0,0,0,0,0,0,0,0,0,0,0,2,0,0,0,6,0,0,0,0,0,0,0,0,0,0,0,0,0,12,0,0,0,5,0,13,0,0,0,0,0,1,0,0,0,3,0,11,0,0,0,0,0,3,0,0,0,0,0,0
979,2,159,10,671,7,254,3,391,1,15,0,50,0,27,24,0,0,41,7,4,0,1,0,0,0,2,0,4,0,7,0,224,6,0,0,14,31,154,38,205,2,35,0,2,0,89,3,26,32,81,3,132,7,2760,7,278,3,371,0,245,2,122,22,342,12,568,8,1792,7,94,156,1,0,146,10,222,7,11,0,0,0,27,3,4763,14,1189,0,0,11,474,0,4513,11,1,0,0,0,10,4,0,0,0,0,0,0,0,0,0,1,1,0,2,1,0,0,0,0,0,0,0,0,3,0,3,0,3,0,0,0,0,0,0,0,3,1,0,0,0,1,5,0,17,2,29,2,1,0,0,0,0,0,0,1,17,12,0,0,0,0,0,0,0,1,1,0,0,0,0,0
2,348,6,223,14,1264,3,255,5,292,0,58,0,15,7,42,3,6,6,17,0,3,0,21,0,19,0,8,0,22,0,7,1,67,0,0,2,8,39,42,83,1200,2,137,2,77,57,75,5,178,6,285,19,328,82,3358,19,376,7,543,2,29,17,143,14,200,0,758,9,1528,96,345,0,0,20,118,7,207,1,9,0,0,1,9,5,3105,3,580,11,0,0,276,4,2981,0,1,1,1,0,6,0,0,0,0,0,1,0,1,1,1,1,0,5,4,0,0,0,0,0,0,0,0,0,0,0,0,0,1,0,0,0,1,0,0,0,10,0,0,0,14,1,3,3,24,3,48,0,3,0,0,2,1,0,0,4,13,1,4,0,0,0,0,0,4,0,0,0,4,1,0
17,1,64,11,67,11,3,1,23,3,148,1,5,0,3,0,8,3,32,9,68,0,18,0,24,0,13,0,32,0,25,0,120,1,0,0,2,4,13,3,344,3,182,0,159,0,6,0,1,1,53,0,5,1,44,0,22,0,315,0,2,0,4,0,7,0,2,0,9,0,8,9,2,0,46,16,87,8,19,4,0,0,0,0,22,1,420,0,474,0,0,0,1770,1,0,0,0,0,0,0,0,0,0,0,0,0,0,0,0,1,0,0,4,0,0,0,0,0,0,1,0,0,0,0,0,0,0,0,0,0,0,0,7,0,20,1,0,0,1,1,1,0,4,0,14,0,0,0,0,0,2,0,6,3,5,5,23,0,0,0,0,0,2,0,0,0,0,0,1,0
0,0,0,11,0,4,0,0,0,1,0,12,0,0,0,0,1,76,1,4,0,2,0,19,0,15,0,6,0,3,0,0,0,31,0,0,0,0,0,0,0,570,0,264,0,761,1,4,0,0,0,16,0,0,0,2,0,1,0,393,1,0,0,0,0,0,0,0,0,0,0,4,0,0,0,1,0,14,0,1,0,0,0,0,0,46,0,560,0,276,0,0,0,2003,0,0,0,0,0,0,0,0,0,0,0,0,0,0,0,0,0,0,0,0,0,0,0,0,0,0,0,1,0,0,0,4,0,0,0,0,0,0,0,0,0,0,0,0,0,2,0,0,0,0,0,1,0,0,0,0,2,0,0,0,0,2,0,4,0,0,0,0,0,0,0,0,0,0,0,0
350,1,117,4,345,7,41,3,79,1,95,2,8,0,11,9,2,0,36,12,23,0,7,0,11,0,0,0,14,0,18,0,155,1,0,0,2,5,63,16,501,2,176,2,36,0,112,7,15,10,358,1,36,4,704,2,281,1,2236,1,75,0,28,3,61,3,32,5,176,6,61,45,2,1,82,24,143,9,13,3,0,0,1,3,153,6,249,0,4513,4,1770,0,0,3,102,1,7,0,2,0,9,0,8,0,0,0,0,0,2,1,0,0,3,0,1,0,0,0,0,0,0,0,0,0,1,0,0,0,0,0,0,0,2,0,4,1,0,0,0,0,3,0,4,0,23,0,0,0,0,0,2,3,3,2,8,5,11,0,0,0,0,0,1,0,0,0,0,0,0,0
1,17,2,68,2,217,0,12,0,23,0,45,0,0,2,4,3,12,1,7,2,10,0,15,0,20,0,14,0,10,0,8,0,33,0,0,0,0,26,32,73,657,0,420,1,166,67,142,9,100,14,318,22,74,76,332,18,722,9,4732,1,2,12,48,2,8,1,12,2,44,84,406,0,0,9,22,4,88,0,2,0,0,0,0,0,53,0,358,11,2981,1,2003,3,0,0,95,1,0,0,3,1,1,0,6,0,1,0,0,0,0,0,1,1,0,0,0,3,0,0,0,1,2,0,0,0,1,0,0,0,0,0,0,0,1,2,3,0,0,0,7,0,0,0,2,0,17,0,0,0,0,2,0,1,3,1,4,0,6,0,0,0,0,0,0,0,0,0,0,0,0
9,3,7,3,6,2,0,0,2,0,1,0,3,0,6,3,0,0,0,1,0,0,0,0,0,0,0,0,0,0,0,0,4,0,0,0,1,1,0,0,6,1,32,3,0,0,1,0,0,0,83,0,0,0,2,0,0,0,199,1,8,1,4,2,2,1,0,1,1,0,0,0,5,1,11,5,12,2,2,2,0,0,0,0,2,0,0,0,1,0,0,0,102,0,0,226,7540,100,530,150,1619,55,4586,71,367,24,264,81,308,104,177,5,22,14,90,161,184,48,4,11,0,0,0,0,0,0,0,0,0,0,0,0,0,0,0,0,0,0,0,0,0,0,0,0,0,0,0,0,0,0,0,0,0,0,0,1,0,1,21,4,0,5,0,0,2,0,0,25,1,0
12,13,10,6,4,3,5,0,3,3,1,0,3,2,3,12,0,0,1,5,0,0,0,0,0,0,0,0,0,0,1,0,2,1,0,0,0,6,0,0,3,6,6,5,1,0,0,0,0,1,0,7,0,0,2,1,0,0,0,3,5,7,2,0,1,1,2,2,0,0,0,1,3,8,16,17,8,3,2,5,0,0,0,1,0,2,0,0,0,1,0,0,1,95,226,0,793,6244,43,477,155,337,45,3515,212,211,250,461,150,828,121,259,106,102,207,135,908,84,48,110,0,0,0,0,0,0,0,0,0,0,0,0,0,0,0,0,0,0,0,0,0,0,0,0,0,2,0,0,0,0,0,0,0,0,3,2,0,0,8,6,1,1,2,4,3,4,1,10,0,0
22,6,15,7,3,4,5,3,3,2,0,1,3,3,3,9,0,0,3,1,0,0,0,0,0,0,0,0,0,0,0,0,2,0,0,0,1,7,0,1,13,0,36,6,3,0,0,0,0,0,1,1,1,0,5,2,0,0,0,0,16,4,3,0,3,1,4,2,1,0,2,4,10,6,18,5,24,6,2,1,0,0,0,0,1,1,0,0,0,1,0,0,7,1,7540,793,0,441,457,228,1077,93,810,162,3447,49,1359,156,616,159,212,12,39,39,133,110,103,101,10,31,0,0,0,0,0,0,0,0,0,0,0,0,0,0,1,0,0,0,0,0,1,0,0,0,2,0,0,0,0,0,0,0,0,0,1,1,0,0,22,7,0,0,2,6,2,2,0,47,1,0
14,5,4,6,2,6,5,0,2,3,2,0,1,4,2,7,0,0,1,0,0,0,0,0,0,0,0,0,0,0,0,0,0,0,0,0,1,3,1,0,1,3,4,2,0,0,0,0,0,0,0,4,1,1,2,1,0,0,0,0,9,7,1,1,1,0,1,0,1,1,0,1,4,4,13,18,8,2,1,1,0,0,0,0,0,0,0,0,0,1,0,0,0,0,100,6244,441,0,32,118,93,116,33,561,131,1847,176,1604,106,897,113,153,79,44,128,83,311,134,30,86,0,1,0,0,0,0,0,0,0,0,0,0,0,0,0,0,0,0,0,0,0,0,0,1,1,2,0,0,0,0,0,0,1,0,1,1,0,0,0,0,0,2,2,1,1,4,1,10,0,0
284,26,90,10,50,12,44,5,32,10,10,3,43,7,72,39,0,0,29,9,0,0,0,0,0,0,0,0,0,0,2,0,27,0,0,0,29,24,16,0,64,3,137,1,27,0,0,1,3,2,4,4,22,0,30,1,3,0,2,0,376,12,109,3,42,3,39,3,7,4,21,19,103,9,247,39,149,9,27,5,0,0,3,1,18,2,5,0,10,0,0,0,2,0,530,43,457,32,0,172,608,45,249,46,121,4,350,22,736,159,50,6,207,247,203,38,21,37,17,102,0,0,2,0,1,0,4,1,0,0,0,0,0,0,11,8,0,0,1,1,1,0,21,1,30,5,0,0,0,0,0,0,0,1,15,5,0,0,150,30,14,6,25,4,41,46,0,45,10,0
