0,8,1595,9,1243,19,763,6,179,6,0,0,184,0,1026,29,0,0,11,6,0,0,0,0,0,0,0,0,0,0,0,0,359,6,0,0,184,68,9,0,20,1,1,0,1,0,5,0,13,0,4,0,15,0,103,0,1,0,2,0,4627,1,136,1,150,1,131,2,72,0,461,1,1174,0,181,8,285,9,12,0,0,0,13,0,139,0,0,0,175,0,0,0,4,0,1,1,1,1,6,0,2,0,1,0,0,1,1,3,0,1,0,1,5,2,1,0,0,0,0,2,0,0,0,0,0,0,43,1,5,0,2,0,11,0,27,1,5,2,0,0,2,0,2,0,34,1,5,0,2,0,0,0,0,0,88,40,0,0,0,0,0,0,4,0,4,0,0,0,2,1
8,0,8,1928,2,1944,4,786,1,125,0,2,3,453,84,973,0,0,1,19,0,0,0,0,0,0,0,0,0,0,0,0,6,85,0,0,169,1054,7,1,2,63,3,2,0,3,0,2,0,0,0,8,0,5,1,7,0,1,0,0,8,4187,0,51,1,154,0,371,0,151,15,14,7,312,6,365,8,427,0,11,0,0,0,11,1,103,0,8,1,149,0,0,0,8,2,3,2,2,3,19,5,1,0,2,0,1,3,4,4,12,1,2,21,20,1,0,0,1,0,7,0,11,0,23,0,20,0,99,0,50,0,8,0,8,0,59,0,19,0,4,0,2,0,14,2,47,1,47,0,48,0,0,0,2,40,11,0,5,0,1,1,0,1,12,0,5,1,11,16,2
1595,8,0,48,7687,49,150,7,704,25,150,4,15,2,2060,45,103,12,5990,119,683,78,152,0,66,0,96,0,68,0,16,1,232,18,0,0,369,33,21,0,18,2,1,1,5,0,1,1,3,0,1,0,2,0,12,1,0,0,0,0,161,4,8,1,8,1,1,3,5,0,143,0,189,0,728,18,397,24,6,1,0,0,1,0,3,0,2,0,15,0,0,1,3,0,1,1,0,0,4,1,1,1,0,2,0,0,0,1,2,1,0,0,0,1,0,0,0,0,0,0,0,0,2,0,2,0,19,2,1,1,0,0,2,1,47,7,6,0,0,0,0,0,3,0,15,0,1,1,0,0,184,43,226,163,325,139,25,4,0,0,0,0,8,2,1,0,1,0,1,1
9,1928,48,0,24,6836,15,254,17,462,1,85,1,85,96,1375,8,17,36,3802,3,602,2,54,0,21,0,122,1,33,0,10,8,356,0,0,91,291,5,1,1,11,0,1,0,3,1,0,0,0,0,4,0,1,0,6,0,0,0,0,5,161,1,16,0,20,0,84,0,37,4,5,2,18,27,369,15,575,0,6,0,0,0,9,1,48,0,16,0,36,0,9,0,3,1,0,2,0,2,10,4,0,0,0,1,1,0,2,0,2,1,0,6,7,0,0,0,0,0,6,0,2,0,2,0,16,2,51,1,18,0,1,0,4,2,40,1,8,0,0,0,0,0,2,4,21,1,18,0,13,4,9,23,139,70,189,2,4,0,2,0,0,0,5,0,2,1,3,4,2
1243,2,7687,24,0,30,398,3,3020,9,861,4,17,3,506,23,20,2,705,90,15,42,12,1,29,0,38,0,164,0,408,1,288,9,0,0,110,24,12,0,24,0,1,0,2,0,1,0,0,0,0,1,2,0,4,0,1,0,1,0,80,0,5,0,7,0,0,1,2,0,33,0,87,0,598,5,390,15,2,0,0,0,0,0,9,0,9,1,17,0,0,0,5,1,1,2,0,0,3,0,1,0,0,1,0,0,0,2,2,2,2,2,1,0,0,0,0,0,0,1,1,0,0,0,2,0,22,1,3,0,0,1,0,0,44,3,7,0,0,0,0,0,2,0,16,1,1,0,0,0,43,30,40,101,152,93,6,2,1,0,0,0,3,0,0,0,0,0,0,0
19,1944,49,6836,30,0,19,1052,32,3068,2,729,1,76,169,192,8,9,49,650,1,124,3,22,0,6,0,181,0,29,0,197,7,370,0,0,69,167,3,3,1,17,2,2,0,2,0,0,0,2,1,4,0,3,1,3,0,1,0,4,13,153,0,6,1,37,0,202,0,61,9,3,4,5,34,575,14,470,3,4,0,0,0,13,0,134,0,15,2,141,0,6,0,10,2,1,3,0,1,4,1,1,1,0,0,0,1,3,1,0,2,1,3,5,0,0,0,0,0,0,0,1,1,2,0,8,4,24,0,11,0,3,0,5,3,22,1,5,0,0,0,0,0,7,3,11,1,11,0,6,3,11,16,49,127,250,0,4,1,0,0,0,0,1,0,2,0,2,0,2
763,4,150,15,398,19,0,5,1918,7,10,0,1172,0,318,9,1,1,77,13,2,1,0,0,0,0,0,0,0,0,0,0,1336,1,0,0,111,20,4,0,15,0,0,0,0,0,0,0,3,0,1,0,2,0,3,0,0,0,0,0,336,2,1,1,15,0,38,1,2,0,47,0,91,0,545,4,230,12,5,0,0,0,28,0,122,0,95,0,16,0,0,0,0,0,1,0,1,0,3,2,2,1,1,0,0,0,0,0,4,0,1,3,3,2,0,0,0,0,0,1,0,0,2,0,0,0,38,0,3,0,0,0,1,0,45,3,16,0,0,0,1,0,0,0,34,0,5,1,0,0,0,2,0,14,47,43,2,0,2,1,2,0,1,1,5,0,1,1,1,0
6,786,7,254,3,1052,5,0,3,1575,0,25,1,784,36,91,1,0,6,77,1,0,0,1,0,0,0,0,0,0,0,0,3,806,0,0,20,42,3,0,1,8,1,0,0,1,0,0,0,0,0,0,0,2,0,1,0,0,0,0,2,173,0,4,1,9,0,239,0,15,2,5,2,1,1,400,6,209,0,3,0,0,0,19,0,128,0,11,0,29,0,0,0,3,1,1,1,0,0,5,1,1,1,0,1,0,0,2,1,0,0,1,4,2,1,0,1,0,0,1,0,1,0,1,0,8,0,22,0,8,0,4,0,2,0,12,0,4,0,0,0,0,0,2,0,7,0,9,0,7,0,0,1,4,32,42,0,0,0,1,0,0,1,4,0,0,0,5,7,0
179,1,704,17,3020,32,1918,3,0,16,1121,2,66,1,204,24,2,1,322,44,3,14,2,0,0,0,1,1,10,1,5,0,1381,11,0,0,104,18,4,0,17,0,2,0,1,0,1,0,0,0,2,0,0,0,1,0,0,0,0,0,60,0,2,0,5,0,11,0,1,0,22,0,36,0,1100,6,494,10,6,0,0,0,2,0,13,0,101,0,9,0,0,0,4,0,4,1,0,1,11,0,2,0,2,0,0,0,0,0,3,1,1,2,5,1,0,0,0,0,0,2,1,0,6,0,0,0,40,2,4,1,1,0,7,0,83,15,14,0,0,0,0,0,2,0,31,0,9,0,0,0,9,12,5,92,102,95,0,1,0,0,0,0,9,1,3,1,0,1,1,1
6,125,25,462,9,3068,7,1575,16,0,0,1031,0,133,17,37,2,3,22,322,6,10,1,5,0,0,1,16,0,15,0,23,2,885,0,0,25,29,3,1,0,6,0,0,0,0,0,0,0,0,0,0,0,0,0,0,0,0,0,0,2,23,0,0,0,4,1,81,0,3,0,0,0,0,20,429,2,229,0,1,0,0,0,5,0,46,0,3,0,9,0,0,0,1,1,0,0,0,0,2,0,0,0,0,0,0,0,0,0,0,0,0,1,3,1,0,0,0,0,1,0,0,0,1,0,6,2,18,0,7,0,1,0,2,3,16,0,1,0,0,0,0,0,1,0,9,0,7,0,3,1,0,8,21,49,185,0,4,0,0,0,0,0,2,0,0,0,0,2,0
0,0,150,1,861,2,10,0,1121,0,0,0,0,0,0,0,45,3,2,11,3,19,11,0,34,0,111,0,1180,0,928,0,340,1,0,0,0,0,0,0,31,0,2,0,9,0,0,0,0,0,0,0,0,0,0,0,0,0,0,0,0,0,0,0,0,0,0,0,1,0,0,0,0,0,246,2,478,1,0,0,0,0,0,0,5,0,28,0,10,0,0,0,12,0,0,0,0,0,0,0,0,0,0,0,0,0,0,0,0,0,0,0,0,0,0,0,0,0,0,0,0,0,0,0,1,0,1,0,0,0,0,0,1,0,6,0,0,0,2,0,1,0,3,0,2,0,2,0,0,0,19,6,0,9,1,2,10,1,0,0,0,0,1,0,0,0,0,0,0,0
0,2,4,85,4,729,0,25,2,1031,0,0,0,7,0,0,18,14,1,46,2,109,1,85,0,23,1,511,0,674,0,718,1,410,0,0,0,2,0,0,0,3,0,2,0,5,0,1,0,0,0,1,0,0,0,0,0,0,0,1,0,0,0,0,0,0,0,1,0,0,0,2,0,0,15,77,0,180,0,0,0,0,0,0,0,1,0,8,0,5,0,3,0,5,0,0,0,0,0,1,0,0,0,0,0,0,0,0,0,0,1,0,0,0,0,0,0,0,0,0,0,0,0,0,0,0,0,0,0,0,0,0,0,1,0,1,0,0,0,0,0,0,0,0,0,1,0,0,0,0,1,22,8,9,0,9,0,4,0,0,0,0,0,0,0,0,0,1,0,0
184,3,15,1,17,1,1172,1,66,0,0,0,0,0,54,3,0,0,1,1,0,0,0,0,0,0,0,0,0,0,0,0,820,1,0,0,35,10,4,0,7,3,1,0,0,0,1,0,6,0,0,0,7,0,3,0,0,0,0,0,857,0,8,2,30,2,316,4,14,0,45,3,14,0,92,0,33,2,1,0,0,0,315,0,900,2,38,0,21,0,0,0,0,0,0,0,1,0,0,0,0,0,0,0,0,0,0,0,0,0,0,0,0,0,0,0,0,0,0,0,0,0,0,0,1,0,4,0,0,0,0,0,1,0,3,1,3,0,0,0,0,0,0,1,4,3,1,0,1,1,0,0,0,1,6,5,0,0,0,0,0,0,0,0,4,0,0,0,2,0
0,453,2,85,3,76,0,784,1,133,0,7,0,0,14,33,0,0,1,9,0,0,0,2,0,0,0,0,0,0,0,0,2,1063,0,0,9,54,6,1,1,30,0,1,0,2,0,0,0,0,0,6,0,0,0,0,0,0,0,0,1,730,0,23,3,20,0,390,0,5,2,15,1,1,1,126,4,395,0,8,0,0,0,514,0,1043,0,121,1,6,0,0,0,0,2,1,5,1,0,7,1,0,1,2,1,0,3,1,4,4,0,0,13,9,0,0,1,0,1,1,0,2,0,4,0,2,1,15,0,9,0,1,0,4,0,35,0,1,0,3,0,0,0,16,0,26,0,9,0,13,1,0,0,2,8,13,0,1,0,1,0,0,0,6,1,4,1,3,6,1
1026,84,2060,96,506,169,318,36,204,17,0,0,54,14,0,280,0,0,547,37,0,1,0,0,0,0,0,0,0,0,0,1,141,23,0,0,1039,242,43,1,37,2,2,1,0,0,7,0,1,0,2,1,2,1,8,0,0,0,0,0,415,8,7,3,11,1,6,6,1,5,182,0,1223,2,228,42,314,73,5,0,0,0,0,0,13,3,0,1,4,4,0,0,0,1,0,1,0,1,16,4,4,0,0,0,0,0,2,5,2,1,0,1,6,6,0,0,0,0,0,3,0,0,8,0,1,3,46,10,7,5,0,0,7,1,60,11,11,1,0,1,2,0,1,0,50,3,4,5,2,1,0,0,2,21,200,159,1,0,1,0,1,1,6,2,14,4,3,4,5,1
29,973,45,1375,23,192,9,91,24,37,0,0,3,33,280,0,1,0,19,549,1,1,0,0,0,0,0,0,0,0,0,0,7,81,0,0,267,3053,7,4,1,14,0,0,0,1,0,0,0,1,0,3,1,7,0,5,0,0,0,0,10,448,0,250,1,25,0,28,0,51,19,174,4,1092,17,304,7,214,0,3,0,0,0,4,1,17,0,2,0,19,0,0,0,2,4,3,2,1,1,4,3,0,1,2,1,0,0,0,0,2,0,0,7,8,1,0,0,0,0,2,0,2,0,9,0,8,4,33,0,18,0,1,0,1,0,33,0,5,0,1,0,0,1,2,1,27,0,19,0,18,0,0,7,13,86,99,0,2,0,1,0,0,0,1,0,2,0,1,7,1
0,0,103,8,20,8,1,1,2,2,45,18,0,0,0,1,0,266,23,25,231,147,898,7,159,2,41,1,154,6,2,3,78,8,0,0,0,0,0,0,18,0,3,0,48,1,0,0,0,0,0,0,0,0,0,0,0,0,1,0,0,0,0,0,0,0,0,0,0,0,0,0,0,0,80,24,206,10,8,0,0,0,0,0,0,0,1,0,2,1,1,1,1,0,0,0,0,0,0,0,0,0,0,0,0,0,0,0,0,0,0,0,2,0,0,0,0,0,0,0,0,6,0,1,3,5,1,0,0,0,0,0,9,0,8,0,0,0,0,0,0,0,1,0,0,0,0,0,0,0,213,124,41,33,20,15,518,14,0,0,0,0,2,0,2,0,0,0,0,0
0,0,12,17,2,9,1,0,1,3,3,14,0,0,0,0,266,0,12,30,14,416,14,1129,5,48,8,2,4,41,0,2,3,230,0,0,2,0,0,2,5,18,17,5,0,52,0,0,0,0,0,1,0,1,0,1,0,0,0,4,0,0,0,0,0,0,0,1,0,0,0,0,0,1,222,49,1,94,0,1,0,0,0,0,0,0,0,19,0,4,0,21,0,7,0,0,0,0,0,0,0,0,0,0,0,0,0,0,0,0,0,0,0,0,0,0,0,0,0,0,0,0,0,0,0,0,0,2,0,0,0,0,0,0,0,0,0,0,0,0,0,0,0,0,0,0,0,0,0,0,4,102,1,40,5,12,10,696,0,0,0,0,0,7,0,0,0,0,0,0
11,1,5990,36,705,49,77,6,322,22,2,1,1,1,547,19,23,12,0,79,394,41,35,0,6,0,14,0,1,0,0,0,51,13,0,0,489,22,19,0,2,0,1,0,0,0,2,0,0,0,1,0,0,0,0,0,0,0,0,1,3,2,0,0,0,0,0,4,0,0,6,0,2,0,361,7,66,21,0,1,0,0,0,0,1,1,1,0,1,0,0,1,1,0,0,0,0,0,1,2,2,0,0,0,0,0,0,1,0,0,0,0,2,2,0,0,0,0,0,2,0,0,0,0,0,0,5,1,0,0,0,0,1,0,29,5,4,0,0,0,0,0,0,0,8,1,0,0,0,0,75,24,949,123,926,156,4,2,0,0,0,0,5,0,0,0,0,2,1,0
6,19,119,3802,90,650,13,77,44,322,11,46,1,9,37,549,25,30,79,0,15,496,15,19,3,4,1,13,1,13,0,5,9,259,0,0,27,380,2,0,0,8,0,2,0,4,0,0,0,0,0,1,0,0,0,0,0,1,0,0,3,5,0,2,0,1,0,14,0,1,0,3,0,1,49,283,15,426,0,2,0,0,0,0,0,15,0,13,0,9,0,6,1,5,0,0,0,0,0,2,0,0,0,0,0,0,0,1,0,2,0,0,3,2,0,0,0,0,0,0,0,0,0,0,0,7,2,19,0,1,0,0,0,1,0,12,0,2,0,0,0,0,0,1,2,2,0,5,0,2,18,50,42,736,94,279,3,9,0,0,0,0,0,1,1,1,0,4,1,1
0,0,683,3,15,1,2,1,3,6,3,2,0,0,0,1,231,14,394,15,0,14,1034,0,104,0,50,1,5,0,0,0,3,1,0,0,0,1,0,0,0,0,0,0,0,0,0,0,0,0,0,0,0,0,0,0,0,0,0,0,0,0,0,0,0,0,0,0,0,0,0,0,0,0,87,1,13,2,0,0,0,0,0,0,0,0,0,0,0,0,0,0,0,0,0,0,0,0,0,0,0,0,0,0,0,0,0,0,0,0,0,0,0,0,0,0,0,0,0,0,0,0,0,0,0,0,0,0,0,0,0,0,0,0,0,0,0,0,0,0,0,0,0,0,0,0,0,0,0,0,397,7,388,27,49,29,87,0,0,0,0,0,0,0,0,0,0,0,0,0
0,0,78,602,42,124,1,0,14,10,19,109,0,0,1,1,147,416,41,496,14,0,63,1191,3,166,0,131,2,149,2,10,3,169,0,0,1,2,0,0,0,7,0,4,0,23,0,0,0,0,0,1,0,0,0,2,0,0,0,0,0,0,0,0,0,0,0,0,0,0,1,0,0,0,159,231,3,159,0,1,0,0,0,0,0,2,0,32,0,11,0,12,0,6,0,0,0,0,0,0,0,0,0,0,0,0,0,0,0,0,0,0,0,0,0,0,0,0,0,0,0,0,0,0,0,0,0,0,0,0,0,0,0,0,0,1,0,0,0,0,0,0,0,0,0,0,0,0,0,0,10,418,42,345,19,60,4,110,0,0,0,0,0,0,0,0,0,0,0,0
0,0,152,2,12,3,0,0,2,1,11,1,0,0,0,0,898,14,35,15,1034,63,0,1018,1161,3,121,0,99,0,0,0,43,1,0,0,3,1,0,0,8,0,59,0,2,1,0,0,0,0,0,0,0,0,0,0,0,0,0,0,0,1,0,0,0,0,0,0,0,0,0,0,0,0,43,1,27,6,0,0,0,0,0,0,0,0,1,0,0,0,1,0,0,0,0,0,0,0,0,0,0,0,0,0,0,0,0,0,0,0,0,0,0,0,0,0,0,0,0,0,0,0,0,0,0,0,0,0,0,0,0,0,0,0,0,1,0,0,0,0,0,0,0,0,0,0,0,0,0,0,289,11,88,18,24,20,220,4,0,0,0,0,0,0,0,0,0,0,0,0
0,0,0,54,1,22,0,1,0,5,0,85,0,2,0,0,7,1129,0,19,0,1191,1018,0,0,1321,0,151,0,168,0,0,0,184,0,0,0,0,0,0,2,2,2,8,0,18,0,0,0,0,0,0,0,0,0,1,0,0,0,1,0,0,0,0,0,0,0,0,0,0,0,0,0,0,5,58,0,76,0,0,0,0,0,0,0,0,0,38,0,2,0,10,0,1,0,0,0,0,0,0,0,0,0,0,0,0,0,0,0,0,0,0,0,0,0,0,0,0,0,0,0,0,0,0,0,0,0,0,0,0,0,0,0,0,0,0,0,0,0,0,0,0,0,0,0,0,0,0,0,1,0,33,0,6,2,1,0,351,0,0,0,0,0,0,0,1,0,0,0,0
0,0,66,0,29,0,0,0,0,0,34,0,0,0,0,0,159,5,6,3,104,3,1161,0,0,0,204,0,484,0,0,0,183,0,0,0,0,0,0,0,4,0,4,0,2,0,0,0,0,0,0,0,0,0,0,0,0,0,0,0,0,0,0,0,0,0,0,0,0,0,0,0,0,0,45,0,134,1,1,0,0,0,0,0,0,0,2,0,0,0,0,0,1,0,0,0,0,0,0,0,0,0,0,0,0,0,0,0,0,0,0,0,0,0,0,0,0,0,0,0,0,0,0,0,0,0,0,0,0,0,0,0,0,0,0,0,0,0,1,0,0,0,0,0,0,0,0,0,0,0,31,2,9,4,6,1,113,0,0,0,0,0,0,0,0,0,0,0,0,0
0,0,0,21,0,6,0,0,0,0,0,23,0,0,0,0,2,48,0,4,0,166,3,1321,0,0,0,110,0,97,0,0,0,124,0,0,0,0,0,0,0,0,0,0,0,2,0,0,0,0,0,0,0,0,0,0,0,0,0,0,0,0,0,0,0,0,0,0,0,0,0,0,0,0,0,0,0,4,0,0,0,0,0,0,0,0,0,0,0,0,0,1,0,0,0,0,0,0,0,0,0,0,0,0,0,0,0,0,0,0,0,0,0,0,0,0,0,0,0,0,0,0,0,0,0,0,0,0,0,0,0,0,0,0,0,0,0,0,0,0,0,0,0,0,0,0,0,0,0,0,0,0,0,1,0,0,0,20,0,0,0,0,0,0,0,0,0,0,0,0
0,0,96,0,38,0,0,0,1,1,111,1,0,0,0,0,41,8,14,1,50,0,121,0,204,0,0,0,163,0,0,0,27,0,0,0,0,0,0,0,2,0,0,0,2,0,0,0,0,0,0,0,0,0,0,0,0,0,0,0,0,0,0,0,0,0,0,0,0,0,0,0,0,0,29,0,29,0,0,0,0,0,0,0,0,0,1,0,0,0,0,0,1,0,0,0,0,0,0,0,0,0,0,0,0,0,0,0,0,0,0,0,0,0,0,0,0,0,0,0,0,0,0,0,0,0,0,0,0,0,0,0,0,0,0,0,0,0,0,0,0,0,0,0,0,0,0,0,0,0,19,1,10,1,2,0,17,0,0,0,0,0,0,0,0,0,0,0,0,0
0,0,0,122,0,181,0,0,1,16,0,511,0,0,0,0,1,2,0,13,1,131,0,151,0,110,0,0,0,82,0,249,0,69,0,0,0,0,0,0,0,0,0,0,0,0,0,0,0,0,0,0,0,0,0,0,0,0,0,0,0,0,0,0,0,0,0,0,0,0,0,0,0,0,1,4,0,28,0,0,0,0,0,0,0,0,0,3,0,2,0,1,0,4,0,0,0,0,0,0,0,0,0,0,0,0,0,0,0,0,0,0,0,0,0,0,0,0,0,0,0,0,0,0,0,0,0,0,0,0,0,0,0,0,0,0,0,0,0,0,0,0,0,0,0,0,0,0,0,0,0,1,0,1,0,1,0,0,0,0,0,0,0,0,0,0,0,0,0,0
0,0,68,1,164,0,0,0,10,0,1180,0,0,0,0,0,154,4,1,1,5,2,99,0,484,0,163,0,0,0,113,0,700,0,0,0,1,0,0,0,11,0,22,0,3,0,0,0,0,0,0,0,0,0,0,0,0,0,1,0,0,0,0,0,0,0,0,0,0,0,0,0,0,0,51,0,101,0,1,0,0,0,0,0,1,0,204,0,4,0,0,0,3,0,0,0,0,0,0,0,0,0,0,0,0,0,0,0,0,0,0,0,0,0,0,0,0,0,0,0,0,0,0,0,0,0,0,0,0,0,0,0,0,0,0,0,0,0,0,0,0,0,0,0,0,0,0,0,0,0,22,1,2,1,1,0,57,0,0,0,0,0,0,0,0,0,0,0,0,0
0,0,0,33,0,29,0,0,1,15,0,674,0,0,0,0,6,41,0,13,0,149,0,168,0,97,0,82,0,0,0,7,0,465,0,0,0,0,0,0,0,1,0,1,0,1,0,0,0,0,0,0,0,0,0,0,0,0,0,0,0,0,0,0,0,0,0,0,0,0,0,0,0,0,4,9,1,40,0,0,0,0,0,0,0,1,0,5,0,1,0,4,0,1,0,0,0,0,0,0,0,0,0,0,0,0,0,0,0,0,0,0,0,0,0,0,0,0,0,0,0,0,0,0,0,0,0,0,0,0,0,0,0,0,0,0,0,0,0,0,0,0,0,0,0,0,0,0,0,0,0,12,0,2,0,0,0,3,0,0,0,0,0,0,0,0,0,0,0,0
0,0,16,0,408,0,0,0,5,0,928,0,0,0,0,0,2,0,0,0,0,2,0,0,0,0,0,0,113,0,0,0,4,0,0,0,0,0,0,0,1,0,0,0,1,0,0,0,0,0,0,0,0,0,0,0,0,0,0,0,0,0,0,0,0,0,0,0,0,0,0,0,0,0,15,0,5,0,0,0,0,0,0,0,1,0,0,0,0,0,0,0,0,0,0,0,0,0,0,0,0,0,0,0,0,0,0,0,0,0,0,0,0,0,0,0,0,0,0,0,0,0,0,0,0,0,0,0,0,0,0,0,0,0,0,0,0,0,0,0,0,0,0,0,0,0,0,0,0,0,0,0,0,0,0,0,1,0,0,0,0,0,0,0,0,0,0,0,0,0
0,0,1,10,1,197,0,0,0,23,0,718,0,0,1,0,3,2,0,5,0,10,0,0,0,0,0,249,0,7,0,0,0,58,0,0,0,0,0,0,0,0,0,0,0,2,0,0,0,0,0,0,0,0,0,0,0,0,0,0,0,0,0,0,0,0,0,0,0,0,0,0,0,0,1,3,0,41,0,0,0,0,0,0,0,0,0,4,0,1,0,0,0,1,0,0,0,0,0,0,0,0,0,0,0,0,0,0,0,0,0,0,0,0,0,0,0,0,0,0,0,0,0,0,0,0,0,0,0,0,0,0,0,0,0,0,0,0,0,0,0,0,0,0,0,0,0,0,0,0,0,3,0,4,0,0,0,2,0,0,0,0,0,0,0,0,0,0,0,0
359,6,232,8,288,7,1336,3,1381,2,340,1,820,2,141,7,78,3,51,9,3,3,43,0,183,0,27,0,700,0,4,0,0,2,0,0,213,63,5,4,407,3,23,2,133,0,41,0,14,0,20,0,26,1,24,0,6,0,19,0,579,18,40,3,148,2,297,16,31,2,343,5,260,1,1208,10,3254,4,7,0,0,0,70,2,702,6,846,0,314,1,38,0,97,0,3,3,0,1,11,3,3,0,1,2,0,0,2,1,3,1,0,2,3,7,0,0,0,0,0,2,0,0,4,0,2,0,36,0,6,1,3,0,8,0,53,6,12,0,2,0,10,0,8,1,111,8,7,1,7,1,0,3,0,18,32,24,28,0,1,0,2,0,6,0,13,0,2,0,7,2
6,85,18,356,9,370,1,806,11,885,1,410,1,1063,23,81,8,230,13,259,1,169,1,184,0,124,0,69,0,465,0,58,2,0,0,0,19,65,10,5,0,100,0,33,0,82,0,4,0,2,0,16,0,10,0,15,0,0,0,3,3,41,0,27,1,22,0,85,3,20,9,22,1,1,12,493,7,3750,0,67,0,0,1,203,9,201,0,246,1,107,0,44,0,28,1,1,2,0,3,11,4,0,0,1,1,1,3,0,1,6,0,0,14,12,0,0,0,0,0,0,0,0,1,0,0,5,3,18,0,6,0,2,0,2,0,28,0,2,0,4,0,1,0,12,0,22,0,16,0,23,1,14,2,57,25,83,2,27,1,1,0,0,0,6,0,5,0,5,6,2
0,0,0,0,0,0,0,0,0,0,0,0,0,0,0,0,0,0,0,0,0,0,0,0,0,0,0,0,0,0,0,0,0,0,0,0,0,0,0,0,0,0,0,0,0,0,0,0,0,0,0,0,0,0,0,0,0,0,0,0,0,0,0,0,0,0,0,0,0,0,0,0,0,0,0,0,0,0,0,0,0,0,0,0,0,0,0,0,0,0,0,0,0,0,0,0,0,0,0,0,0,0,0,0,0,0,0,0,0,0,0,0,0,0,0,0,0,0,0,0,0,0,0,0,0,0,0,0,0,0,0,0,0,0,0,0,0,0,0,0,0,0,0,0,0,0,0,0,0,0,0,0,0,0,0,0,0,0,0,0,0,0,0,0,0,0,0,0,0,0
0,0,0,0,0,0,0,0,0,0,0,0,0,0,0,0,0,0,0,0,0,0,0,0,0,0,0,0,0,0,0,0,0,0,0,0,0,0,0,0,0,0,0,0,0,0,0,0,0,0,0,0,0,0,0,0,0,0,0,0,0,0,0,0,0,0,0,0,0,0,0,0,0,0,0,0,0,0,0,0,0,0,0,0,0,0,0,0,0,0,0,0,0,0,0,0,0,0,0,0,0,0,0,0,0,0,0,0,0,0,0,0,0,0,0,0,0,0,0,0,0,0,0,0,0,0,0,0,0,0,0,0,0,0,0,0,0,0,0,0,0,0,0,0,0,0,0,0,0,0,0,0,0,0,0,0,0,0,0,0,0,0,0,0,0,0,0,0,0,0
184,169,369,91,110,69,111,20,104,25,0,0,35,9,1039,267,0,2,489,27,0,1,3,0,0,0,0,0,1,0,0,0,213,19,0,0,0,1585,639,0,48,9,4,1,0,0,10,0,1,0,4,1,2,0,4,0,0,0,1,1,190,85,8,11,20,11,26,32,4,7,1556,8,196,12,189,36,206,47,3,1,0,0,4,6,11,10,0,0,11,9,0,0,0,0,0,3,3,2,6,4,3,0,0,0,0,1,2,1,4,1,1,7,4,7,2,1,0,0,0,2,0,1,4,1,1,1,31,2,8,7,3,1,4,0,36,9,1,0,0,1,1,0,0,1,45,13,3,3,0,10,0,1,50,42,733,107,2,1,1,0,0,0,3,0,15,0,0,4,1,0
68,1054,33,291,24,167,20,42,18,29,0,2,10,54,242,3053,0,0,22,380,1,2,1,0,0,0,0,0,0,0,0,0,63,65,0,0,1585,0,64,524,14,24,2,2,1,1,1,2,1,8,0,4,5,32,1,14,0,1,0,1,61,736,6,565,21,86,8,169,3,40,225,2462,61,563,21,279,55,160,3,5,0,0,3,23,16,67,0,2,11,20,0,0,0,1,3,2,2,0,3,17,3,1,3,1,0,1,0,1,3,3,0,0,4,5,0,0,1,0,2,0,0,2,1,6,1,7,9,33,2,15,0,1,0,4,3,32,0,3,0,3,0,0,0,11,19,75,1,25,0,28,0,0,11,309,170,845,2,2,2,0,0,0,1,3,6,2,0,6,17,1
9,7,21,5,12,3,4,3,4,3,0,0,4,6,43,7,0,0,19,2,0,0,0,0,0,0,0,0,0,0,0,0,5,10,0,0,639,64,0,99,56,148,4,1,0,4,373,100,55,30,15,29,15,66,22,66,0,15,2,8,8,36,6,22,3,15,3,66,4,47,877,197,1,0,7,18,11,71,0,2,0,0,8,17,11,60,0,4,14,57,0,2,4,14,0,0,1,0,0,3,0,0,0,0,0,0,0,0,0,0,0,0,0,5,1,0,0,0,0,0,0,0,0,1,0,0,0,1,0,3,0,1,0,0,0,3,0,0,0,8,0,3,0,11,5,44,0,2,0,7,0,0,0,1,3,2,0,0,0,0,0,0,0,1,0,0,0,0,7,0
0,1,0,1,0,3,0,0,0,1,0,0,0,1,1,4,0,2,0,0,0,0,0,0,0,0,0,0,0,0,0,0,4,5,0,0,0,524,99,0,4,208,0,5,0,5,89,378,67,116,7,59,23,229,51,222,7,49,0,32,1,6,3,20,0,7,0,25,2,71,104,916,0,2,0,5,2,60,0,7,0,0,4,6,5,36,0,1,35,99,0,6,13,48,0,2,0,1,0,1,0,0,0,0,0,0,0,0,0,0,1,0,0,2,0,0,0,0,0,0,0,0,0,1,0,0,0,0,0,1,0,0,0,0,0,1,0,1,0,6,1,1,2,8,2,33,0,0,0,2,0,0,0,0,0,1,0,0,0,0,0,1,0,1,1,0,0,0,0,0
20,2,18,1,24,1,15,1,17,0,31,0,7,1,37,1,18,5,2,0,0,0,8,2,4,0,2,0,11,0,1,0,407,0,0,0,48,14,56,4,0,12,642,3,910,0,116,0,14,0,81,0,15,0,11,1,12,0,228,0,64,1,4,2,12,0,7,1,0,0,446,3,52,0,183,4,411,4,21,1,0,0,6,0,350,2,486,0,728,0,412,0,583,0,2,3,4,2,27,9,11,1,1,6,1,2,6,8,13,7,0,9,9,18,3,0,2,1,0,3,0,0,5,0,4,0,26,0,4,0,2,0,7,0,12,1,4,0,114,0,25,0,79,0,743,2,8,0,3,2,0,0,0,0,4,1,92,2,2,0,0,0,30,9,16,4,4,3,43,1
1,63,2,11,0,17,0,8,0,6,0,3,3,30,2,14,0,18,0,8,0,7,0,2,0,0,0,0,0,1,0,0,3,100,0,0,9,24,148,208,12,0,5,822,0,513,100,106,93,45,3,157,39,178,27,377,0,48,1,450,1,82,3,50,7,11,3,32,6,57,94,215,0,6,1,50,7,476,0,47,0,0,5,16,11,377,0,168,43,605,0,227,9,486,2,10,1,1,5,8,2,1,1,10,1,0,5,7,1,7,0,6,3,4,4,0,0,1,1,2,0,0,0,0,0,5,0,1,0,1,1,0,0,1,0,17,0,0,0,59,0,2,0,63,0,424,1,1,0,5,0,0,0,1,2,0,1,28,0,4,0,4,0,251,1,6,1,9,4,2
1,3,1,0,1,2,0,1,2,0,2,0,1,0,2,0,3,17,1,0,0,0,59,2,4,0,0,0,22,0,0,0,23,0,0,0,4,2,4,0,642,5,0,10,447,1,40,0,1,0,813,0,0,0,2,0,6,0,1913,0,4,2,0,0,2,0,3,0,0,0,290,1,7,0,12,6,24,10,5,1,0,0,1,0,39,1,248,0,318,0,153,0,255,0,14,21,14,9,15,11,23,1,8,17,9,3,6,20,3,4,0,8,3,1,8,0,2,1,0,0,0,0,0,0,0,0,1,0,0,0,1,0,1,0,1,0,0,0,1,0,1,0,4,0,13,0,0,0,0,0,0,0,0,0,2,1,1,0,0,3,0,0,5,43,0,0,1,7,3,0
0,2,1,1,0,2,0,0,0,0,0,2,0,1,1,0,0,5,0,2,0,4,0,8,0,0,0,0,0,1,0,0,2,33,0,0,1,2,1,5,3,822,10,0,0,980,7,182,3,3,1,501,2,12,0,16,0,6,0,2709,0,8,0,0,0,2,0,1,0,10,4,241,0,0,1,14,7,71,0,7,0,0,0,0,1,9,0,124,0,22,0,332,0,142,3,11,3,7,1,4,1,1,0,11,0,2,4,15,5,8,2,4,3,1,2,0,1,0,0,1,0,0,0,0,0,1,0,0,0,0,0,0,0,0,0,0,0,0,0,2,0,0,0,3,1,4,0,0,0,0,0,1,0,0,0,0,0,5,1,9,0,3,3,6,0,1,5,1,1,3
1,0,5,0,2,0,0,0,1,0,9,0,0,0,0,0,48,0,0,0,0,0,2,0,2,0,2,0,3,0,1,0,133,0,0,0,0,1,0,0,910,0,447,0,0,0,1,0,0,0,1,0,1,0,0,0,1,0,32,0,1,0,0,0,0,0,0,0,0,0,0,0,1,0,1,0,101,0,13,0,0,0,0,0,5,0,442,0,72,0,200,0,67,0,0,0,0,1,2,1,0,0,0,0,0,0,0,0,0,0,0,0,0,2,0,0,1,0,0,0,0,0,1,0,7,0,0,0,0,0,0,0,4,0,4,0,0,0,13,0,1,0,3,0,3,0,0,0,0,0,0,0,0,0,0,0,100,1,0,0,0,0,0,0,0,0,0,1,0,0
0,3,0,3,0,2,0,1,0,0,0,5,0,2,0,1,1,52,0,4,0,23,1,18,0,2,0,0,0,1,0,2,0,82,0,0,0,1,4,5,0,513,1,980,0,0,2,9,2,1,0,9,0,5,0,11,0,8,0,48,0,1,0,2,0,0,0,2,0,4,3,3,0,1,0,23,0,244,1,42,0,0,0,1,0,12,0,307,1,69,0,237,0,111,0,1,0,1,0,3,0,0,0,0,0,0,0,0,0,0,0,0,2,1,1,0,0,0,0,1,0,0,0,0,0,8,0,1,0,1,0,0,0,2,0,8,0,1,0,1,0,0,0,1,0,8,0,0,0,0,0,2,0,1,1,0,0,89,2,1,0,1,0,31,0,12,0,3,4,2
5,0,1,1,1,0,0,0,1,0,0,0,1,0,7,0,0,0,2,0,0,0,0,0,0,0,0,0,0,0,0,0,41,0,0,0,10,1,373,89,116,100,40,7,1,2,0,1531,2740,370,3602,1226,1422,52,1522,17,500,5,223,67,13,0,6,0,5,0,3,0,13,1,1515,220,2,0,3,0,33,4,1,0,0,0,20,0,156,1,6,0,479,7,0,1,85,24,4,0,0,0,0,0,1,0,0,0,0,0,1,0,1,0,0,1,0,1,1,0,0,0,0,0,0,0,0,0,0,0,0,0,0,0,0,0,0,0,1,0,0,0,0,2,0,0,5,1,6,25,0,0,0,0,0,0,0,0,0,0,1,0,0,0,0,0,0,0,0,0,0,0,0,0
0,2,1,0,0,0,0,0,0,0,0,1,0,0,0,0,0,0,0,0,0,0,0,0,0,0,0,0,0,0,0,0,0,4,0,0,0,2,100,378,0,106,0,182,0,9,1531,0,640,2057,296,3956,54,696,17,566,4,404,1,197,0,1,5,8,0,0,0,0,2,3,160,1639,0,0,0,1,0,23,0,1,0,0,2,0,2,8,0,7,11,190,0,6,0,86,0,0,0,0,0,0,0,0,0,0,0,0,0,0,0,0,0,0,0,0,0,0,0,0,0,0,0,0,0,0,0,0,0,0,0,0,0,0,0,0,0,0,0,0,0,6,0,0,0,4,0,13,0,0,0,0,0,0,0,0,0,0,0,0,0,0,0,0,0,5,0,0,0,0,0,0
13,0,3,0,0,0,3,0,0,0,0,0,6,0,1,0,0,0,0,0,0,0,0,0,0,0,0,0,0,0,0,0,14,0,0,0,1,1,55,67,14,93,1,3,0,2,2740,640,0,1175,123,37,3118,139,673,52,26,13,9,7,9,0,128,6,12,0,6,0,52,1,1322,512,1,0,1,0,5,5,0,1,0,0,34,0,101,1,0,0,191,11,0,0,4,18,0,0,0,0,0,0,0,0,0,0,0,0,0,0,0,0,0,1,0,0,0,0,0,0,0,0,0,0,0,0,0,0,1,0,0,0,1,0,0,0,1,0,0,0,0,0,0,0,0,0,2,14,0,0,0,0,0,0,0,0,0,0,0,0,0,0,0,0,0,0,0,0,0,1,0,0
0,0,0,0,0,2,0,0,0,0,0,0,0,0,0,1,0,0,0,0,0,0,0,0,0,0,0,0,0,0,0,0,0,2,0,0,0,8,30,116,0,45,0,3,0,1,370,2057,1175,0,58,183,5,3020,0,243,0,35,0,23,0,4,0,225,0,3,0,2,0,70,158,1667,0,0,0,0,1,12,0,0,0,0,0,4,2,6,0,3,0,23,0,1,0,9,0,0,0,0,0,0,0,0,0,0,0,0,0,0,0,0,0,0,0,1,0,0,0,0,0,0,0,0,0,0,0,0,0,0,0,0,0,0,0,0,0,0,0,0,0,0,0,0,0,4,0,7,0,0,0,1,0,0,0,0,0,0,0,1,0,0,0,0,0,0,0,0,0,0,0,0
4,0,1,0,0,1,1,0,2,0,0,0,0,0,2,0,0,0,1,0,0,0,0,0,0,0,0,0,0,0,0,0,20,0,0,0,4,0,15,7,81,3,813,1,1,0,3602,296,123,58,0,290,169,14,845,2,968,1,1371,6,1,1,2,0,0,0,0,0,3,0,709,11,1,0,9,0,20,0,0,0,0,0,4,0,62,0,2,0,767,2,0,1,336,3,1417,4,38,1,32,2,32,0,609,6,9,0,5,2,10,1,4,1,2,97,7,47,23,5,1,5,0,0,0,0,0,0,1,0,0,0,5,0,0,0,19,0,2,0,2,0,0,0,1,0,28,2,2,0,0,0,0,0,0,0,0,0,1,0,0,0,0,0,0,0,1,0,1,0,9,0
0,8,0,4,1,4,0,0,0,0,0,1,0,6,1,3,0,1,0,1,0,1,0,0,0,0,0,0,0,0,0,0,0,16,0,0,1,4,29,59,0,157,0,501,0,9,1226,3956,37,183,290,0,5,154,1,326,0,359,1,2042,0,12,0,9,0,1,1,11,0,8,17,421,0,1,0,18,0,38,0,3,0,0,2,5,1,28,0,8,3,63,0,11,0,118,3,116,2,28,1,28,3,70,8,379,1,5,0,10,0,2,1,2,5,115,11,115,24,2,0,3,0,0,0,0,0,3,0,1,0,0,0,0,0,2,0,20,0,0,0,2,0,0,0,2,0,38,0,3,0,0,0,0,0,0,1,0,0,1,0,0,0,0,0,5,0,2,0,0,15,0
15,0,2,0,2,0,2,0,0,0,0,0,7,0,2,1,0,0,0,0,0,0,0,0,0,0,0,0,0,0,0,0,26,0,0,0,2,5,15,23,15,39,0,2,1,0,1422,54,3118,5,169,5,0,12,3294,15,95,7,24,6,12,1,1010,1,96,1,8,1,90,0,960,155,4,0,2,2,11,2,0,0,0,0,29,0,115,1,1,0,123,2,0,0,11,4,0,0,0,0,0,0,1,0,1,0,0,0,0,0,0,1,0,0,0,0,0,0,0,0,0,0,0,0,0,0,0,0,0,0,0,0,0,0,0,0,2,0,0,0,0,0,0,0,1,0,3,6,0,0,0,0,0,0,0,0,0,0,0,0,0,0,0,0,2,0,0,0,0,0,1,0
0,5,0,1,0,3,0,2,0,0,0,0,0,0,1,7,0,1,0,0,0,0,0,0,0,0,0,0,0,0,0,0,1,10,0,0,0,32,66,229,0,178,0,12,0,5,52,696,139,3020,14,154,12,0,3,3748,0,124,0,117,0,11,1,580,1,6,1,16,1,580,67,1441,0,4,1,4,0,56,0,2,0,0,0,10,2,69,0,7,3,145,0,2,0,68,0,0,0,0,1,4,0,0,0,1,0,0,0,0,1,0,0,0,0,3,0,0,0,0,0,0,0,0,0,0,0,1,0,1,0,1,0,0,0,0,0,3,0,0,0,6,0,3,0,12,0,48,0,3,0,2,0,1,0,0,0,1,0,1,0,0,0,0,0,0,0,0,0,0,2,0
103,1,12,0,4,1,3,0,1,0,0,0,3,0,8,0,0,0,0,0,0,0,0,0,0,0,0,0,0,0,0,0,24,0,0,0,4,1,22,51,11,27,2,0,0,0,1522,17,673,0,845,1,3294,3,0,1,2652,0,421,0,75,0,880,0,777,0,12,0,2128,2,672,65,10,0,1,1,15,2,0,1,0,0,38,1,220,2,1,0,3060,0,0,0,265,0,1,0,0,0,0,1,0,0,1,0,0,0,0,0,0,0,0,0,0,0,0,0,0,0,0,0,0,0,0,0,0,0,0,0,0,0,0,0,1,0,0,0,0,0,0,0,0,0,1,0,3,7,0,0,0,0,0,0,0,0,2,0,1,0,0,0,0,0,0,0,2,0,0,0,0,0
0,7,1,6,0,3,0,1,0,0,0,0,0,0,0,5,0,1,0,0,0,2,0,1,0,0,0,0,0,0,0,0,0,15,0,0,0,14,66,222,1,377,0,16,0,11,17,566,52,243,2,326,15,3748,1,0,0,1137,0,533,0,7,0,74,3,10,0,13,2,1013,31,383,0,3,0,12,0,142,0,7,0,0,0,21,2,90,0,17,2,2134,0,15,0,270,1,0,0,1,0,4,0,0,2,0,0,0,0,0,1,1,0,0,1,5,1,0,0,0,0,1,0,0,0,0,0,2,0,0,0,3,0,0,0,0,0,4,0,0,0,17,0,2,1,48,1,156,0,1,0,8,0,1,0,0,0,1,0,0,0,0,0,0,0,7,0,0,0,2,4,1
1,0,0,0,1,0,0,0,0,0,0,0,0,0,0,0,0,0,0,0,0,0,0,0,0,0,0,0,0,0,0,0,6,0,0,0,0,0,0,7,12,0,6,0,1,0,500,4,26,0,968,0,95,0,2652,0,0,0,2583,0,3,0,1,1,2,0,0,0,7,0,65,5,0,0,0,0,4,0,0,0,0,0,5,0,27,1,2,0,317,0,0,0,503,0,0,0,0,0,0,0,0,0,0,0,0,0,0,0,0,0,0,0,0,0,0,0,0,0,0,0,0,0,0,0,0,0,0,0,0,0,0,0,0,0,0,0,0,0,0,0,0,0,0,0,0,1,0,0,0,0,0,0,0,0,0,0,0,0,0,0,0,0,0,0,1,0,0,0,0,0
0,1,0,0,0,1,0,0,0,0,0,0,0,0,0,0,0,0,0,1,0,0,0,0,0,0,0,0,0,0,0,0,0,0,0,0,0,1,15,49,0,48,0,6,0,8,5,404,13,35,1,359,7,124,0,1137,0,0,0,1480,0,0,1,0,0,0,0,0,0,3,11,47,0,0,0,0,0,13,0,0,0,0,0,1,0,6,0,5,1,119,0,9,0,771,0,2,0,0,0,0,1,0,0,1,0,0,0,0,0,0,0,0,0,0,0,0,0,0,0,0,0,0,0,0,0,0,0,0,0,0,0,0,0,0,0,0,0,0,0,3,0,0,0,0,0,5,0,0,0,0,0,0,0,1,0,0,0,0,0,0,0,0,0,0,0,0,0,0,0,0
2,0,0,0,1,0,0,0,0,0,0,0,0,0,0,0,1,0,0,0,0,0,0,0,0,0,0,0,1,0,0,0,19,0,0,0,1,0,2,0,228,1,1913,0,32,0,223,1,9,0,1371,1,24,0,421,0,2583,0,0,0,4,0,4,0,4,0,0,0,4,0,85,4,0,0,0,0,14,0,0,0,0,0,0,0,38,1,84,0,409,0,668,0,3500,0,430,1,23,0,3,0,45,1,78,1,11,0,7,0,5,1,1,0,0,2,3,4,2,1,1,0,0,0,0,0,0,0,0,0,0,0,0,0,0,0,0,0,0,0,2,0,1,0,1,0,2,1,0,0,0,0,0,0,0,0,0,0,1,0,0,0,0,0,0,0,0,0,0,0,0,0
0,0,0,0,0,4,0,0,0,0,0,1,0,0,0,0,0,4,1,0,0,0,0,1,0,0,0,0,0,0,0,0,0,3,0,0,1,1,8,32,0,450,0,2709,0,48,67,197,7,23,6,2042,6,117,0,533,0,1480,0,0,0,1,1,1,0,0,0,0,0,5,6,73,0,0,0,3,0,36,0,3,0,0,0,0,1,7,0,48,0,174,0,931,0,4832,0,62,1,6,1,2,0,4,0,418,0,1,1,2,0,1,0,0,0,2,3,4,1,1,0,0,0,0,0,0,0,0,0,0,0,0,0,0,0,0,0,0,0,1,0,1,0,0,0,4,0,4,0,0,0,0,0,0,0,1,0,0,0,1,0,0,0,0,0,0,0,0,0,0,0,0
4627,8,161,5,80,13,336,2,60,2,0,0,857,1,415,10,0,0,3,3,0,0,0,0,0,0,0,0,0,0,0,0,579,3,0,0,190,61,8,1,64,1,4,0,1,0,13,0,9,0,1,0,12,0,75,0,3,0,4,0,0,3,1543,2,1332,0,1166,3,174,1,931,3,1111,0,104,1,272,7,21,0,0,0,63,0,553,2,0,0,458,0,0,0,7,0,0,2,1,2,8,1,0,1,0,0,0,0,1,1,3,0,1,3,4,1,0,0,0,0,0,3,0,0,7,0,1,0,30,0,6,1,3,0,7,0,25,0,4,0,0,0,0,0,0,0,34,1,3,0,2,0,0,0,0,1,36,23,4,0,0,2,0,0,14,0,18,0,0,1,1,0
1,4187,4,161,0,153,2,173,0,23,0,0,0,730,8,448,0,0,2,5,0,0,1,0,0,0,0,0,0,0,0,0,18,41,0,0,85,736,36,6,1,82,2,8,0,1,0,1,0,4,1,12,1,11,0,7,0,0,0,1,3,0,3,1043,11,972,5,2503,1,290,44,239,0,760,2,472,5,230,0,16,0,0,3,46,5,205,0,5,5,51,0,0,0,2,7,5,8,4,4,41,6,5,1,3,3,1,5,6,3,9,3,1,27,42,3,0,0,0,0,6,0,8,0,12,0,10,0,53,0,79,0,12,0,7,0,99,0,8,0,2,0,1,0,14,0,104,0,68,0,53,0,0,0,4,3,34,0,5,2,0,0,1,1,14,1,10,0,16,17,7
136,0,8,1,5,0,1,0,2,0,0,0,8,0,7,0,0,0,0,0,0,0,0,0,0,0,0,0,0,0,0,0,40,0,0,0,8,6,6,3,4,3,0,0,0,0,6,5,128,0,2,0,1010,1,880,0,1,1,4,1,1543,3,0,0,2557,0,13,4,634,0,2334,10,127,0,3,0,13,1,0,0,0,0,14,1,32,0,0,0,22,0,0,0,1,0,0,0,0,0,1,0,0,0,0,0,0,0,0,0,0,0,0,0,0,0,0,0,0,0,0,0,0,0,0,0,0,0,0,0,0,1,0,0,0,0,0,0,0,0,0,0,0,0,2,0,3,2,0,0,0,0,0,0,0,0,0,0,0,0,1,0,0,0,0,0,2,0,1,0,0,0
1,51,1,16,0,6,1,4,0,0,0,0,2,23,3,250,0,0,0,2,0,0,0,0,0,0,0,0,0,0,0,0,3,27,0,0,11,565,22,20,2,50,0,0,0,2,0,8,6,225,0,9,1,580,0,74,1,0,0,1,2,1043,0,0,2,336,1,98,3,941,32,2428,0,201,1,72,2,45,0,3,0,0,4,9,1,66,0,1,12,26,0,0,1,7,1,1,0,3,2,5,0,0,0,1,1,0,0,1,1,4,0,1,3,12,0,0,0,0,1,4,0,0,0,2,0,2,0,4,0,22,0,1,0,1,0,23,0,1,0,3,0,1,0,10,1,56,0,8,0,18,0,0,0,16,0,34,0,0,0,0,0,0,0,2,1,3,1,7,5,0
150,1,8,0,7,1,15,1,5,0,0,0,30,3,11,1,0,0,0,0,0,0,0,0,0,0,0,0,0,0,0,0,148,1,0,0,20,21,3,0,12,7,2,0,0,0,5,0,12,0,0,0,96,1,777,3,2,0,4,0,1332,11,2557,2,0,3,689,14,2407,0,576,5,45,0,7,5,61,5,0,1,0,0,37,2,59,2,0,0,150,0,0,0,2,0,1,0,1,0,3,0,0,0,0,0,0,1,2,0,0,1,0,1,0,3,0,0,0,0,1,1,0,0,0,0,0,0,0,0,2,0,2,0,2,0,6,1,0,0,0,0,2,0,1,0,9,8,1,0,0,3,0,0,0,0,0,1,0,0,0,0,0,0,4,0,12,0,1,1,1,0
1,154,1,20,0,37,0,9,0,4,0,0,2,20,1,25,0,0,0,1,0,0,0,0,0,0,0,0,0,0,0,0,2,22,0,0,11,86,15,7,0,11,0,2,0,0,0,0,0,3,0,1,1,6,0,10,0,0,0,0,0,972,0,336,3,0,2,1476,1,1151,12,38,0,2,1,59,4,42,0,0,0,0,0,3,1,27,0,1,0,23,0,0,0,0,0,1,1,0,0,5,0,0,0,0,0,0,0,0,0,1,1,0,4,8,1,0,1,0,0,1,0,1,0,0,0,2,0,6,0,9,0,2,0,1,0,17,0,0,0,1,0,0,0,0,0,24,0,7,0,24,0,0,0,5,0,7,0,2,0,1,0,0,0,1,1,1,0,3,4,0
131,0,1,0,0,0,38,0,11,1,0,0,316,0,6,0,0,0,0,0,0,0,0,0,0,0,0,0,0,0,0,0,297,0,0,0,26,8,3,0,7,3,3,0,0,0,3,0,6,0,0,1,8,1,12,0,0,0,0,0,1166,5,13,1,689,2,0,2,282,1,66,3,20,0,5,5,50,5,3,0,0,0,39,0,1131,4,2,0,533,2,0,0,0,0,0,0,1,1,2,0,0,0,0,1,0,0,0,0,2,1,0,0,1,0,0,0,0,0,0,0,0,0,0,0,1,0,3,0,1,0,1,0,1,0,1,0,0,0,0,1,1,0,0,1,4,1,0,2,0,0,0,0,0,0,0,0,0,0,0,0,0,0,3,0,3,0,1,1,1,0
2,371,3,84,1,202,1,239,0,81,0,1,4,390,6,28,0,1,4,14,0,0,0,0,0,0,0,0,0,0,0,0,16,85,0,0,32,169,66,25,1,32,0,1,0,2,0,0,0,2,0,11,1,16,0,13,0,0,0,0,3,2503,4,98,14,1476,2,0,3,793,45,100,0,5,0,103,4,170,0,7,0,0,5,51,4,1059,0,3,13,150,0,0,0,6,0,0,2,2,1,15,0,0,0,1,1,1,3,1,3,2,2,1,14,16,0,0,0,0,0,3,0,0,0,1,0,2,0,14,0,21,0,1,0,3,1,18,0,0,0,3,0,0,0,8,1,72,0,16,0,46,0,0,1,1,2,10,0,1,0,0,0,0,0,5,0,5,0,9,19,2
72,0,5,0,2,0,2,0,1,0,1,0,14,0,1,0,0,0,0,0,0,0,0,0,0,0,0,0,0,0,0,0,31,3,0,0,4,3,4,2,0,6,0,0,0,0,13,2,52,0,3,0,90,1,2128,2,7,0,4,0,174,1,634,3,2407,1,282,3,0,1,298,6,5,0,1,2,16,1,0,0,0,0,41,2,159,6,0,0,1403,0,0,0,5,0,0,0,0,0,0,0,0,0,0,0,0,0,0,0,0,0,1,0,0,1,0,0,0,0,0,1,0,0,0,0,0,0,0,0,0,0,0,0,0,0,0,1,0,1,0,0,0,0,0,0,0,2,1,1,0,1,0,0,0,0,2,0,1,0,0,0,0,0,0,1,3,0,0,1,2,0
0,151,0,37,0,61,0,15,0,3,0,0,0,5,5,51,0,0,0,1,0,0,0,0,0,0,0,0,0,0,0,0,2,20,0,0,7,40,47,71,0,57,0,10,0,4,1,3,1,70,0,8,0,580,2,1013,0,3,0,5,1,290,0,941,0,1151,1,793,1,0,15,310,0,10,0,26,1,57,0,1,0,0,2,23,1,986,0,4,7,1357,0,1,0,59,1,0,2,0,0,8,1,0,0,0,0,0,0,0,0,0,0,0,1,6,0,0,0,0,0,0,0,0,0,0,0,2,0,3,0,3,0,0,0,0,0,3,0,0,0,4,0,3,0,18,0,43,0,3,0,5,0,0,0,1,0,1,0,0,0,0,0,1,0,2,0,1,0,1,6,1
461,15,143,4,33,9,47,2,22,0,0,0,45,2,182,19,0,0,6,0,0,1,0,0,0,0,0,0,0,0,0,0,343,9,0,0,1556,225,877,104,446,94,290,4,0,3,1515,160,1322,158,709,17,960,67,672,31,65,11,85,6,931,44,2334,32,576,12,66,45,298,15,0,1075,891,1,26,21,157,27,3,2,0,0,111,8,174,31,2,0,200,24,0,0,37,7,0,1,0,0,4,7,2,1,0,1,1,2,0,3,4,1,0,3,5,4,0,0,0,0,1,1,0,0,1,0,0,1,5,2,3,4,0,0,3,0,11,3,0,0,1,2,4,1,1,6,25,59,2,7,2,5,1,0,0,1,8,3,0,1,1,0,0,0,5,1,18,0,0,2,7,1
1,14,0,5,0,3,0,5,0,0,0,2,3,15,0,174,0,0,0,3,0,0,0,0,0,0,0,0,0,0,0,0,5,22,0,0,8,2462,197,916,3,215,1,241,0,3,220,1639,512,1667,11,421,155,1441,65,383,5,47,4,73,3,239,10,2428,5,38,3,100,6,310,1075,0,0,287,1,54,5,74,0,6,0,0,5,30,11,77,1,7,33,127,0,4,8,71,0,0,0,0,2,6,0,0,0,3,0,0,0,1,3,0,0,0,4,3,0,0,0,0,0,0,0,0,0,0,0,0,0,0,0,11,1,1,0,0,0,10,0,0,0,6,0,1,0,19,2,79,0,3,0,16,0,0,0,5,0,38,1,0,0,0,0,1,0,1,0,0,0,2,3,0
1174,7,189,2,87,4,91,2,36,0,0,0,14,1,1223,4,0,0,2,0,0,0,0,0,0,0,0,0,0,0,0,0,260,1,0,0,196,61,1,0,52,0,7,0,1,0,2,0,1,0,1,0,4,0,10,0,0,0,0,0,1111,0,127,0,45,0,20,0,5,0,891,0,0,0,56,0,248,2,8,0,0,0,6,0,12,0,0,0,5,0,0,0,0,0,1,2,1,0,4,3,2,2,0,1,1,0,0,5,2,0,1,3,2,1,1,0,0,0,0,1,0,0,5,0,1,0,18,0,10,0,2,0,6,0,17,0,2,0,0,0,1,0,0,0,41,1,4,0,1,0,0,0,0,0,6,5,1,0,1,0,0,0,10,0,12,0,1,1,2,0
0,312,0,18,0,5,0,1,0,0,0,0,0,1,2,1092,0,1,0,1,0,0,0,0,0,0,0,0,0,0,0,0,1,1,0,0,12,563,0,2,0,6,0,0,0,1,0,0,0,0,0,1,0,4,0,3,0,0,0,0,0,760,0,201,0,2,0,5,0,10,1,287,0,0,1,40,2,17,0,1,0,0,0,0,0,0,0,0,0,3,0,0,0,0,2,0,0,0,1,3,0,0,0,0,0,0,0,0,0,2,0,0,3,2,0,0,0,0,0,0,0,2,0,1,0,4,0,7,0,5,0,2,0,0,0,12,0,0,0,0,0,0,0,0,0,9,0,5,0,8,0,0,0,1,1,3,0,1,0,0,0,0,0,0,1,1,0,2,2,0
181,6,728,27,598,34,545,1,1100,20,246,15,92,1,228,17,80,222,361,49,87,159,43,5,45,0,29,1,51,4,15,1,1208,12,0,0,189,21,7,0,183,1,12,1,1,0,3,0,1,0,9,0,2,1,1,0,0,0,0,0,104,2,3,1,7,1,5,0,1,0,26,1,56,1,0,44,3122,21,66,1,0,0,11,0,27,2,3,1,9,2,0,3,3,0,1,8,3,5,50,13,21,0,2,6,1,3,7,17,15,8,4,8,23,14,1,1,1,0,0,3,0,15,60,4,19,0,220,1,27,0,14,0,25,1,352,17,49,0,2,0,8,0,1,0,317,0,24,0,10,0,40,125,48,98,136,77,43,3,6,0,6,0,45,5,66,5,8,12,12,4
8,365,18,369,5,575,4,400,6,429,2,77,0,126,42,304,24,49,7,283,1,231,1,58,0,0,0,4,0,9,0,3,10,493,0,0,36,279,18,5,4,50,6,14,0,23,0,1,0,0,0,18,2,4,1,12,0,0,0,3,1,472,0,72,5,59,5,103,2,26,21,54,0,40,44,0,12,3650,3,143,0,0,1,9,4,42,0,12,2,16,0,15,0,4,2,6,1,2,7,37,6,3,2,4,0,2,1,3,6,6,0,2,57,47,2,1,1,0,1,14,0,3,0,20,0,135,1,748,0,131,0,30,0,58,2,282,0,128,0,5,1,1,0,26,1,135,0,114,0,152,1,54,2,73,37,81,4,200,3,6,0,5,1,43,3,45,1,21,21,6
285,8,397,15,390,14,230,6,494,2,478,0,33,4,314,7,206,1,66,15,13,3,27,0,134,0,29,0,101,1,5,0,3254,7,0,0,206,55,11,2,411,7,24,7,101,0,33,0,5,1,20,0,11,0,15,0,4,0,14,0,272,5,13,2,61,4,50,4,16,1,157,5,248,2,3122,12,0,12,301,1,0,0,34,3,272,1,138,0,204,2,11,0,59,0,1,17,2,7,54,26,7,4,4,13,2,4,5,14,17,17,3,6,44,16,2,0,1,1,1,14,6,1,21,0,45,0,208,1,17,2,14,0,70,0,591,43,57,0,7,0,17,0,26,0,411,6,38,0,8,2,1,3,3,18,52,30,896,5,9,4,4,0,117,4,46,5,17,13,16,7
9,427,24,575,15,470,12,209,10,229,1,180,2,395,73,214,10,94,21,426,2,159,6,76,1,4,0,28,0,40,0,41,4,3750,0,0,47,160,71,60,4,476,10,71,0,244,4,23,5,12,0,38,2,56,2,142,0,13,0,36,7,230,1,45,5,42,5,170,1,57,27,74,2,17,21,3650,12,0,7,590,0,0,1,118,9,402,0,163,11,361,0,106,0,111,10,11,13,7,10,47,8,3,5,8,8,5,9,13,6,8,2,2,32,59,4,1,0,1,2,10,0,6,1,1,0,66,1,109,0,19,0,5,0,18,1,90,0,14,0,16,0,2,0,30,1,96,1,31,0,26,3,19,5,77,34,116,2,498,2,15,0,2,3,100,1,34,0,45,21,10
12,0,6,0,2,3,5,0,6,0,0,0,1,0,5,0,8,0,0,0,0,0,0,0,1,0,0,0,1,0,0,0,7,0,0,0,3,3,0,0,21,0,5,0,13,1,1,0,0,0,0,0,0,0,0,0,0,0,0,0,21,0,0,0,0,0,3,0,0,0,3,0,8,0,66,3,301,7,0,0,0,0,0,0,3,0,3,0,2,0,0,0,0,0,0,1,0,0,0,1,0,0,0,1,0,0,0,2,1,3,0,0,1,0,0,0,0,0,0,0,5,0,9,0,21,0,9,0,0,0,3,0,3,0,91,4,1,0,0,0,0,0,0,0,16,0,2,0,1,0,0,0,0,0,1,1,246,8,1,0,0,0,37,2,3,0,2,1,1,0
0,11,1,6,0,4,0,3,0,1,0,0,0,8,0,3,0,1,1,2,0,1,0,0,0,0,0,0,0,0,0,0,0,67,0,0,1,5,2,7,1,47,1,7,0,42,0,1,1,0,0,3,0,2,1,7,0,0,0,3,0,16,0,3,1,0,0,7,0,1,2,6,0,1,1,143,1,590,0,0,0,0,0,2,0,19,0,8,0,10,0,12,1,3,0,2,2,1,2,2,4,0,1,1,0,0,0,3,1,3,1,0,7,4,0,0,0,0,0,1,0,0,0,0,0,6,0,4,0,1,0,0,0,2,0,7,0,0,0,1,0,0,0,5,0,9,0,2,0,0,0,1,0,2,0,1,0,18,0,4,1,3,1,60,0,10,0,7,5,1
0,0,0,0,0,0,0,0,0,0,0,0,0,0,0,0,0,0,0,0,0,0,0,0,0,0,0,0,0,0,0,0,0,0,0,0,0,0,0,0,0,0,0,0,0,0,0,0,0,0,0,0,0,0,0,0,0,0,0,0,0,0,0,0,0,0,0,0,0,0,0,0,0,0,0,0,0,0,0,0,0,0,0,0,0,0,0,0,0,0,0,0,0,0,0,0,0,0,0,0,0,0,0,0,0,0,0,0,0,0,0,0,0,0,0,0,0,0,0,0,0,0,0,0,0,0,0,0,0,0,0,0,0,0,0,0,0,0,0,0,0,0,0,0,0,0,0,0,0,0,0,0,0,0,0,0,0,0,0,0,0,0,0,0,0,0,0,0,0,0
0,0,0,0,0,0,0,0,0,0,0,0,0,0,0,0,0,0,0,0,0,0,0,0,0,0,0,0,0,0,0,0,0,0,0,0,0,0,0,0,0,0,0,0,0,0,0,0,0,0,0,0,0,0,0,0,0,0,0,0,0,0,0,0,0,0,0,0,0,0,0,0,0,0,0,0,0,0,0,0,0,0,0,0,0,0,0,0,0,0,0,0,0,0,0,0,0,0,0,0,0,0,0,0,0,0,0,0,0,0,0,0,0,0,0,0,0,0,0,0,0,0,0,0,0,0,0,0,0,0,0,0,0,0,0,0,0,0,0,0,0,0,0,0,0,0,0,0,0,0,0,0,0,0,0,0,0,0,0,0,0,0,0,0,0,0,0,0,0,0
13,0,1,0,0,0,28,0,2,0,0,0,315,0,0,0,0,0,0,0,0,0,0,0,0,0,0,0,0,0,0,0,70,1,0,0,4,3,8,4,6,5,1,0,0,0,20,2,34,0,4,2,29,0,38,0,5,0,0,0,63,3,14,4,37,0,39,5,41,2,111,5,6,0,11,1,34,1,0,0,0,0,0,1,386,6,0,0,67,2,0,0,2,0,0,0,0,0,2,0,0,0,0,0,1,0,0,0,0,0,0,0,1,0,0,0,0,0,0,0,0,0,0,0,0,0,0,1,0,0,0,0,0,1,1,0,0,0,0,0,0,0,0,0,10,10,1,1,0,0,0,0,0,0,0,0,1,0,0,0,0,0,0,0,2,0,0,0,0,0
0,11,0,9,0,13,0,19,0,5,0,0,0,514,0,4,0,0,0,0,0,0,0,0,0,0,0,0,0,0,0,0,2,203,0,0,6,23,17,6,0,16,0,0,0,1,0,0,0,4,0,5,0,10,1,21,0,1,0,0,0,46,1,9,2,3,0,51,2,23,8,30,0,0,0,9,3,118,0,2,0,0,1,0,3,1053,0,25,3,31,0,0,0,4,0,0,0,1,1,5,0,0,0,0,0,0,0,2,0,0,1,0,0,2,0,0,0,0,0,0,0,0,0,1,0,0,0,1,0,5,0,0,0,0,0,1,0,0,0,2,0,0,0,8,0,15,0,1,0,3,0,0,0,0,1,0,0,1,0,0,0,0,0,0,0,0,0,4,3,0
139,1,3,1,9,0,122,0,13,0,5,0,900,0,13,1,0,0,1,0,0,0,0,0,0,0,0,0,1,0,1,0,702,9,0,0,11,16,11,5,350,11,39,1,5,0,156,2,101,2,62,1,115,2,220,2,27,0,38,1,553,5,32,1,59,1,1131,4,159,1,174,11,12,0,27,4,272,9,3,0,0,0,386,3,0,6,935,0,5073,3,8,0,40,0,0,1,0,2,7,4,0,0,1,2,0,1,0,1,1,0,2,1,2,2,1,0,0,0,1,0,0,0,0,0,0,0,5,0,0,1,0,0,0,0,3,1,0,0,3,0,6,0,17,1,81,12,0,1,0,1,0,0,0,0,1,0,2,0,0,0,0,0,0,0,12,0,0,0,8,0
0,103,0,48,0,134,0,128,0,46,0,1,2,1043,3,17,0,0,1,15,0,2,0,0,0,0,0,0,0,1,0,0,6,201,0,0,10,67,60,36,2,377,1,9,0,12,1,8,1,6,0,28,1,69,2,90,1,6,1,7,2,205,0,66,2,27,4,1059,6,986,31,77,0,0,2,42,1,402,0,19,0,0,6,1053,6,0,1,1379,11,4475,0,61,1,62,4,3,1,0,2,9,1,2,1,1,0,0,0,3,2,4,0,0,4,5,0,0,0,0,0,2,0,0,1,1,0,1,0,6,0,8,0,2,0,1,0,14,0,1,0,13,0,3,0,27,0,73,0,6,0,10,0,0,0,0,0,6,0,1,0,0,0,0,0,3,0,3,0,2,9,0
0,0,2,0,9,0,95,0,101,0,28,0,38,0,0,0,1,0,1,0,0,0,1,0,2,0,1,0,204,0,0,0,846,0,0,0,0,0,0,0,486,0,248,0,442,0,6,0,0,0,2,0,1,0,1,0,2,0,84,0,0,0,0,0,0,0,2,0,0,0,2,1,0,0,3,0,138,0,3,0,0,0,0,0,935,1,0,0,912,0,1676,0,244,0,0,0,0,0,2,0,0,0,0,0,0,0,0,0,0,0,0,0,1,0,0,0,0,0,0,0,0,0,0,0,0,0,0,0,0,0,0,0,0,0,0,0,0,0,5,0,1,0,2,0,6,0,0,0,0,0,1,1,0,0,0,0,6,0,0,0,0,0,0,0,0,0,0,0,1,0
0,8,0,16,1,15,0,11,0,3,0,8,0,121,1,2,0,19,0,13,0,32,0,38,0,0,0,3,0,5,0,4,0,246,0,0,0,2,4,1,0,168,0,124,0,307,0,7,0,3,0,8,0,7,0,17,0,5,0,48,0,5,0,1,0,1,0,3,0,4,0,7,0,0,1,12,0,163,0,8,0,0,0,25,0,1379,0,0,0,1009,0,1466,0,263,0,0,0,0,0,1,0,0,0,0,0,0,0,0,0,0,1,0,0,1,0,0,0,0,0,0,0,0,0,0,0,1,0,0,0,1,0,0,0,0,0,2,0,0,0,1,0,0,0,0,0,1,0,0,0,0,0,3,0,0,0,1,0,11,0,0,0,0,0,1,0,1,0,0,1,0
175,1,15,0,17,2,16,0,9,0,10,0,21,1,4,0,2,0,1,0,0,0,0,0,0,0,0,0,4,0,0,0,314,1,0,0,11,11,14,35,728,43,318,0,72,1,479,11,191,0,767,3,123,3,3060,2,317,1,409,0,458,5,22,12,150,0,533,13,1403,7,200,33,5,0,9,2,204,11,2,0,0,0,67,3,5073,11,912,0,0,7,572,0,3552,0,0,2,0,0,6,5,1,0,2,0,0,1,0,0,0,0,1,1,5,1,1,0,0,0,0,1,0,0,0,0,0,0,0,1,0,0,1,0,2,0,4,0,0,0,4,1,4,2,21,1,86,21,1,0,1,0,0,0,0,0,1,0,6,0,0,0,0,0,4,0,7,1,0,2,4,0
0,149,0,36,0,141,0,29,0,9,0,5,0,6,4,19,1,4,0,9,0,11,0,2,0,0,0,2,0,1,0,1,1,107,0,0,9,20,57,99,0,605,0,22,0,69,7,190,11,23,2,63,2,145,0,2134,0,119,0,174,0,51,0,26,0,23,2,150,0,1357,24,127,0,3,2,16,2,361,0,10,0,0,2,31,3,4475,0,1009,7,0,0,900,5,4280,2,1,1,1,1,7,0,0,0,1,0,0,2,2,2,1,0,0,2,3,0,0,0,0,0,1,0,0,0,0,0,0,0,5,0,3,0,0,0,1,0,7,0,0,0,13,0,1,0,41,0,117,0,1,0,4,0,3,0,2,4,4,0,5,0,0,0,1,0,5,0,1,0,0,2,0
0,0,0,0,0,0,0,0,0,0,0,0,0,0,0,0,1,0,0,0,0,0,1,0,0,0,0,0,0,0,0,0,38,0,0,0,0,0,0,0,412,0,153,0,200,0,0,0,0,0,0,0,0,0,0,0,0,0,668,0,0,0,0,0,0,0,0,0,0,0,0,0,0,0,0,0,11,0,0,0,0,0,0,0,8,0,1676,0,572,0,0,0,1610,0,0,0,0,0,0,0,0,0,0,0,0,0,0,0,0,0,0,0,0,0,0,0,0,0,0,0,0,0,0,0,0,0,0,0,0,0,0,0,0,0,0,0,0,0,1,0,0,0,0,0,0,0,0,0,0,0,0,0,0,0,0,0,4,0,0,0,0,0,0,0,0,0,0,0,0,0
0,0,1,9,0,6,0,0,0,0,0,3,0,0,0,0,1,21,1,6,0,12,0,10,0,1,0,1,0,4,0,0,0,44,0,0,0,0,2,6,0,227,0,332,0,237,1,6,0,1,1,11,0,2,0,15,0,9,0,931,0,0,0,0,0,0,0,0,0,1,0,4,0,0,3,15,0,106,0,12,0,0,0,0,0,61,0,1466,0,900,0,0,0,1145,0,0,0,0,0,0,0,0,0,0,1,0,0,0,0,0,0,0,1,1,0,0,0,0,0,0,0,0,0,0,0,1,0,0,0,0,0,0,0,0,0,1,0,1,0,0,0,0,0,0,0,5,0,0,0,0,0,1,0,1,1,0,0,8,0,0,0,0,0,1,0,3,0,1,0,0
4,0,3,0,5,0,0,0,4,0,12,0,0,0,0,0,1,0,1,1,0,0,0,0,1,0,1,0,3,0,0,0,97,0,0,0,0,0,4,13,583,9,255,0,67,0,85,0,4,0,336,0,11,0,265,0,503,0,3500,0,7,0,1,1,2,0,0,0,5,0,37,8,0,0,3,0,59,0,0,1,0,0,2,0,40,1,244,0,3552,5,1610,0,0,1,18,0,0,0,0,1,0,0,1,0,0,0,0,0,0,0,0,0,1,0,0,0,0,0,0,0,0,0,0,0,0,0,0,0,0,0,0,0,0,0,1,0,0,0,4,0,0,0,0,1,6,2,0,0,0,0,0,0,0,0,0,0,16,0,0,0,0,0,0,0,0,0,0,0,1,0
0,8,0,3,1,10,0,3,0,1,0,5,0,0,1,2,0,7,0,5,0,6,0,1,0,0,0,4,0,1,0,1,0,28,0,0,0,1,14,48,0,486,0,142,0,111,24,86,18,9,3,118,4,68,0,270,0,771,0,4832,0,2,0,7,0,0,0,6,0,59,7,71,0,0,0,4,0,111,0,3,0,0,0,4,0,62,0,263,0,4280,0,1145,1,0,0,101,0,0,0,1,1,1,0,10,0,0,0,0,2,0,0,0,0,0,0,0,0,0,0,1,0,0,0,0,0,0,0,0,0,0,0,0,0,0,1,0,0,0,0,3,0,1,0,2,0,6,0,0,0,0,0,1,0,1,0,1,0,2,0,0,0,0,0,0,0,0,0,0,0,0
1,2,1,1,1,2,1,1,4,1,0,0,0,2,0,4,0,0,0,0,0,0,0,0,0,0,0,0,0,0,0,0,3,1,0,0,0,3,0,0,2,2,14,3,0,0,4,0,0,0,1417,3,0,0,1,1,0,0,430,0,0,7,0,1,1,0,0,0,0,1,0,0,1,2,1,2,1,10,0,0,0,0,0,0,0,4,0,0,0,2,0,0,18,0,0,52,7004,27,126,19,735,20,4268,63,733,18,754,85,232,32,149,25,2,9,86,143,263,39,8,6,0,0,0,0,0,0,1,0,0,0,0,0,0,0,1,0,0,0,0,0,1,0,0,2,6,0,0,0,0,0,0,0,0,0,1,0,1,0,2,3,0,0,0,9,4,0,2,1,2,0
1,3,1,0,2,1,0,1,1,0,0,0,0,1,1,3,0,0,0,0,0,0,0,0,0,0,0,0,0,0,0,0,3,1,0,0,3,2,0,2,3,10,21,11,0,1,0,0,0,0,4,116,0,0,0,0,0,2,1,62,2,5,0,1,0,1,0,0,0,0,1,0,2,0,8,6,17,11,1,2,0,0,0,0,1,3,0,0,2,1,0,0,0,101,52,0,58,5438,33,327,72,342,24,6588,23,690,44,1040,62,304,22,41,33,62,79,98,277,34,21,23,0,0,0,0,0,1,0,0,0,0,0,0,0,0,0,3,0,0,0,0,0,0,0,1,4,2,0,0,0,0,0,0,0,0,1,1,0,0,9,2,0,0,1,11,2,7,23,14,4,2
1,2,0,2,0,3,1,1,0,0,0,0,1,5,0,2,0,0,0,0,0,0,0,0,0,0,0,0,0,0,0,0,0,2,0,0,3,2,1,0,4,1,14,3,0,0,0,0,0,0,38,2,0,0,0,0,0,0,23,1,1,8,0,0,1,1,1,2,0,2,0,0,1,0,3,1,2,13,0,2,0,0,0,0,0,1,0,0,0,1,0,0,0,0,7004,58,0,53,77,19,336,22,535,70,3939,15,1900,96,273,27,94,28,3,10,86,79,257,154,13,6,0,0,0,1,0,0,1,0,0,1,0,0,1,0,1,0,0,0,0,0,0,0,1,1,5,1,0,0,0,0,0,0,0,0,0,0,0,0,1,1,0,0,2,7,2,1,4,3,2,1
1,2,0,0,0,0,0,0,1,0,0,0,0,1,1,1,0,0,0,0,0,0,0,0,0,0,0,0,0,0,0,0,1,0,0,0,2,0,0,1,2,1,9,7,1,1,0,0,0,0,1,28,0,0,0,1,0,0,0,6,2,4,0,3,0,0,1,2,0,0,0,0,0,0,5,2,7,7,0,1,0,0,0,1,2,0,0,0,0,1,0,0,0,0,27,5438,53,0,21,107,55,110,27,709,9,3067,80,2523,50,278,11,47,26,44,102,85,160,88,35,15,0,0,1,0,0,0,1,0,0,0,0,0,0,0,0,2,0,0,0,0,0,0,0,0,5,2,0,0,0,0,0,0,0,0,0,0,0,0,7,1,0,0,1,3,1,6,14,5,1,3
6,3,4,2,3,1,3,0,11,0,0,0,0,0,16,1,0,0,1,0,0,0,0,0,0,0,0,0,0,0,0,0,11,3,0,0,6,3,0,0,27,5,15,1,2,0,0,0,0,0,32,1,0,1,0,0,0,0,3,1,8,4,1,2,3,0,2,1,0,0,4,2,4,1,50,7,54,10,0,2,0,0,2,1,7,2,2,0,6,1,0,0,0,0,126,33,77,21,0,33,473,21,115,34,26,7,86,41,243,23,21,8,76,222,98,53,22,29,22,121,0,0,2,0,1,0,9,0,0,0,2,0,4,0,12,0,2,0,1,0,5,0,9,0,48,1,8,0,0,0,0,0,0,0,2,0,0,0,13,4,1,0,6,3,58,15,2,38,78,7
0,19,1,10,0,4,2,5,0,2,0,1,0,7,4,4,0,0,2,2,0,0,0,0,0,0,0,0,0,0,0,0,3,11,0,0,4,17,3,1,9,8,11,4,1,3,0,0,0,0,2,28,0,4,1,4,0,0,0,2,1,41,0,5,0,5,0,15,0,8,7,6,3,3,13,37,26,47,1,2,0,0,0,5,4,9,0,1,5,7,0,0,1,1,19,327,19,107,33,0,41,927,12,413,10,45,19,184,32,208,7,18,33,156,194,8,16,5,1,37,0,0,0,0,0,1,3,0,0,0,0,0,1,3,1,20,1,0,0,0,0,0,0,4,3,6,0,3,0,2,0,0,0,0,2,1,0,3,8,17,3,0,8,8,40,22,10,29,27,8
2,5,1,4,1,1,2,1,2,0,0,0,0,1,4,3,0,0,2,0,0,0,0,0,0,0,0,0,0,0,0,0,3,4,0,0,3,3,0,0,11,2,23,1,0,0,1,0,0,0,32,3,1,0,0,0,0,1,45,0,0,6,0,0,0,0,0,0,0,1,2,0,2,0,21,6,7,8,0,4,0,0,0,0,0,1,0,0,1,0,0,0,0,1,735,72,336,55,473,41,0,293,2121,71,92,17,188,77,147,42,30,21,8,332,1438,108,73,43,11,10,0,0,1,0,0,1,1,0,1,0,6,0,0,0,2,1,2,0,1,0,1,0,1,2,13,0,1,0,0,0,0,0,0,0,0,0,0,0,2,1,0,1,4,6,2,1,0,1,26,1
0,1,1,0,0,1,1,1,0,0,0,0,0,0,0,0,0,0,0,0,0,0,0,0,0,0,0,0,0,0,0,0,0,0,0,0,0,1,0,0,1,1,1,1,0,0,0,0,0,0,0,70,0,0,0,0,0,0,1,4,1,5,0,0,0,0,0,0,0,0,1,0,2,0,0,3,4,3,0,0,0,0,0,0,0,2,0,0,0,0,0,0,0,1,20,342,22,110,21,927,293,0,32,2108,9,37,17,104,32,176,12,22,10,69,640,138,33,16,5,13,0,0,0,0,0,0,0,0,0,0,0,0,0,1,0,2,0,0,0,1,0,0,0,0,0,1,0,0,0,0,0,0,0,0,0,0,0,0,3,1,1,0,1,4,3,3,14,3,0,0
1,0,0,0,0,1,1,1,2,0,0,0,0,1,0,1,0,0,0,0,0,0,0,0,0,0,0,0,0,0,0,0,1,0,0,0,0,3,0,0,1,1,8,0,0,0,0,0,0,0,609,8,1,0,1,2,0,0,78,0,0,1,0,0,0,0,0,0,0,0,0,0,0,0,2,2,4,5,0,1,0,0,0,0,1,1,0,0,2,0,0,0,1,0,4268,24,535,27,115,12,2121,32,0,60,103,6,183,45,96,19,29,13,1,14,148,506,166,74,23,7,0,0,0,0,0,0,0,0,0,0,0,0,0,0,0,0,0,0,0,0,0,0,0,0,0,0,1,0,0,0,0,0,0,0,0,0,0,0,0,0,0,0,1,8,3,0,0,2,2,0
0,2,2,0,1,0,0,0,0,0,0,0,0,2,0,2,0,0,0,0,0,0,0,0,0,0,0,0,0,0,0,0,2,1,0,0,0,1,0,0,6,10,17,11,0,0,0,0,0,0,6,379,0,1,0,0,0,1,1,418,0,3,0,1,0,0,1,1,0,0,1,3,1,0,6,4,13,8,1,1,0,0,0,0,2,1,0,0,0,1,0,0,0,10,63,6588,70,709,34,413,71,2108,60,0,20,193,64,431,76,330,19,31,51,76,165,787,290,65,34,20,0,0,0,0,0,1,2,0,0,0,0,0,0,0,1,1,0,0,0,0,1,0,0,0,4,0,0,1,0,1,0,0,0,0,0,0,0,0,9,3,0,0,2,5,3,1,26,6,0,2
