0,52,1147,18,1268,20,1135,13,101,3,0,0,1262,2,453,81,0,0,1,4,0,0,0,0,0,0,0,0,0,0,0,0,939,2,0,0,354,111,12,0,1,0,0,0,0,0,20,0,14,0,1,0,9,0,15,0,1,0,2,0,3825,0,78,0,246,0,107,1,10,0,558,3,1097,3,191,6,161,7,30,3,0,0,25,0,247,2,0,0,17,0,0,0,1,0,0,0,0,0,0,1,0,0,0,0,0,0,0,0,1,0,0,0,0,0,0,0,0,0,0,0,0,0,0,0,21,1,75,5,24,3,8,0,0,0,20,2,15,1,0,0,0,0,0,0,22,0,6,0,1,0,0,0,0,0,111,34,0,0,1,1,0,0,4,0,3,2,0,0,1,0
52,0,4,1947,8,2291,8,1020,0,80,0,0,6,1869,12,706,0,0,2,9,0,0,0,0,0,0,0,0,0,0,0,0,5,516,0,0,72,355,2,12,0,1,0,1,0,0,2,22,0,8,0,5,0,2,1,3,0,1,0,4,11,3765,0,52,0,86,0,835,0,20,13,253,16,832,4,220,7,239,3,71,0,0,1,18,0,425,0,0,0,56,0,0,0,0,0,0,0,0,0,0,1,0,0,0,0,0,0,0,0,0,0,0,0,0,0,0,0,0,0,0,0,0,0,0,0,17,5,70,1,39,0,3,0,0,1,11,0,3,0,0,0,0,0,1,1,17,2,9,2,2,0,0,0,1,34,21,0,0,0,4,0,2,0,8,1,6,0,1,0,0
1147,4,0,11,6383,5,57,2,662,6,335,0,24,0,2080,24,20,1,3280,3,528,1,96,0,137,0,254,0,105,0,41,0,289,2,0,0,588,24,6,0,0,0,0,0,0,0,0,0,2,0,0,0,2,0,1,0,0,0,0,0,39,0,16,0,16,0,9,1,3,0,150,0,484,0,278,26,202,6,17,2,0,0,5,0,11,0,6,0,1,0,0,0,0,1,0,0,0,0,0,1,1,0,0,0,0,0,0,0,0,0,0,0,0,0,0,0,0,0,0,0,0,0,0,0,5,1,7,3,5,0,3,0,0,0,3,3,2,0,0,0,0,0,0,0,6,0,2,0,1,0,19,2,88,6,239,43,18,0,0,0,1,0,0,0,1,0,0,0,0,0
18,1947,11,0,13,5317,2,131,3,330,0,202,2,30,18,2646,1,14,9,2866,0,355,1,88,0,94,1,583,0,56,0,12,4,283,0,0,18,463,0,11,1,2,0,0,0,4,0,2,0,4,0,1,0,1,0,3,0,0,0,0,1,64,0,8,0,7,0,45,0,3,6,130,3,310,23,390,1,377,1,42,0,0,0,5,0,15,0,2,0,6,0,0,0,2,0,0,0,0,0,0,1,0,0,0,0,0,0,0,0,0,0,0,0,0,0,0,0,0,0,0,0,0,0,0,2,9,0,20,0,10,1,3,0,0,0,8,0,4,0,0,0,0,0,0,0,5,0,3,0,1,15,21,3,366,47,318,0,3,0,0,0,1,0,2,0,0,0,0,0,0
1268,8,6383,13,0,18,506,5,3210,13,976,0,107,1,589,29,9,1,634,7,90,1,28,0,60,0,143,0,94,0,349,0,959,9,0,0,265,32,8,0,0,1,1,0,0,0,0,0,0,0,0,0,0,0,2,0,0,0,0,0,50,1,2,0,14,0,4,1,0,0,25,0,38,1,570,43,287,4,23,3,0,0,19,1,10,0,6,0,1,0,0,0,1,0,0,0,0,0,0,0,1,0,0,0,0,0,0,0,0,0,0,1,0,0,0,0,0,0,0,0,2,0,0,0,10,1,25,2,9,0,3,1,0,0,7,2,6,0,0,0,0,0,0,0,8,0,4,1,4,0,7,2,34,3,278,92,11,0,2,0,0,0,1,0,1,0,0,0,0,0
20,2291,5,5317,18,0,1,864,2,2787,0,1040,0,220,18,685,1,18,6,448,0,110,1,45,0,50,0,500,0,99,0,123,6,991,0,0,22,321,0,3,0,8,0,1,0,3,0,0,0,1,0,0,0,3,0,1,0,0,0,0,2,122,0,3,0,8,2,75,0,0,1,31,0,82,14,870,4,710,2,103,0,0,0,11,0,17,0,15,0,1,0,0,0,5,0,0,0,0,0,1,1,0,0,0,0,0,0,0,0,0,1,0,0,0,0,0,0,0,0,0,0,0,0,0,0,30,3,53,1,13,0,8,0,0,0,13,0,5,0,3,0,0,0,0,1,3,0,8,0,4,6,18,7,142,66,192,1,3,0,0,0,2,1,3,0,3,0,1,0,0
1135,8,57,2,506,1,0,0,1384,1,0,0,1937,0,101,11,0,0,3,1,0,0,0,0,0,0,0,0,0,0,0,0,918,0,0,0,71,7,1,0,0,0,0,0,0,0,0,0,3,0,0,0,0,0,1,0,0,0,0,0,226,0,1,0,19,0,1,0,1,0,17,0,46,0,182,0,84,3,15,0,0,0,19,0,50,0,15,0,1,0,0,0,0,0,0,0,0,0,0,0,0,0,0,0,0,0,0,0,0,0,0,1,0,0,0,0,0,0,0,0,1,0,0,0,11,0,28,1,2,0,2,0,0,0,13,1,1,0,0,0,1,0,0,0,3,0,0,0,0,0,0,0,0,0,25,10,0,0,2,0,0,0,0,0,2,1,0,0,0,0
13,1020,2,131,5,864,0,0,2,882,0,0,1,2424,6,140,0,0,3,12,0,0,0,0,0,0,0,0,0,0,0,0,1,1081,0,0,12,86,1,0,0,0,0,0,0,0,0,1,0,0,0,0,0,0,1,1,0,0,0,0,3,32,0,1,0,1,0,6,0,0,1,11,1,21,1,244,3,209,1,54,0,0,0,4,0,1,0,0,0,0,0,0,0,0,0,0,0,0,0,0,0,0,0,0,0,0,0,0,0,0,0,0,0,0,0,0,0,0,0,0,0,0,0,0,1,17,0,43,1,19,0,10,0,0,0,13,0,4,0,0,0,0,1,1,0,10,0,3,0,2,0,0,0,1,30,31,0,0,0,1,0,3,2,1,0,1,0,0,0,0
101,0,662,3,3210,2,1384,2,0,1,1469,0,159,0,150,3,3,0,180,2,4,0,2,0,7,0,10,0,23,0,20,0,1802,3,0,0,55,6,2,0,0,0,0,0,2,0,0,0,0,0,0,0,0,0,0,0,0,0,1,0,2,0,0,0,0,0,0,0,0,0,1,0,5,0,417,5,383,2,29,1,0,0,0,0,1,0,5,0,2,0,0,0,1,0,0,0,0,0,0,0,0,0,0,0,0,0,0,0,0,0,0,0,0,0,0,0,0,0,0,0,1,0,0,0,9,0,10,2,3,0,3,0,0,0,10,1,1,0,0,0,0,0,0,0,3,0,1,0,1,0,3,0,7,2,78,20,0,0,1,0,0,0,0,0,3,0,0,1,0,0
3,80,6,330,13,2787,1,882,1,0,0,1053,0,214,1,133,0,12,8,93,0,10,0,14,0,6,0,4,0,18,0,4,1,1184,0,0,8,129,0,0,0,4,0,0,0,3,0,0,0,0,0,0,0,0,0,0,0,0,0,0,0,3,0,0,0,1,0,0,0,0,1,5,0,8,7,499,1,583,1,79,0,0,0,1,0,1,0,11,0,0,0,0,0,5,0,0,0,0,0,1,2,0,0,0,0,0,0,0,0,0,0,1,0,0,0,0,0,0,0,0,0,0,0,0,0,12,1,30,0,12,0,5,0,0,0,13,0,6,0,1,0,0,0,1,0,3,0,2,0,2,0,6,2,29,27,103,0,1,0,0,0,1,0,0,0,3,0,1,0,0
0,0,335,0,976,0,0,0,1469,0,0,0,0,0,0,0,18,0,133,0,122,0,37,0,121,0,88,0,1530,0,1368,0,357,0,0,0,0,0,0,0,0,0,0,0,0,0,0,0,0,0,0,0,0,0,0,0,0,0,0,0,0,0,0,0,0,0,0,0,0,0,0,0,0,0,63,3,92,0,0,0,0,0,0,0,0,0,13,0,0,0,0,0,0,0,0,0,0,0,0,0,0,0,0,0,0,0,0,0,0,0,0,0,0,0,0,0,0,0,0,0,0,0,0,0,0,0,0,0,0,0,0,0,0,0,0,0,0,0,0,0,0,0,0,0,0,0,0,0,0,0,3,1,36,0,8,0,5,0,0,0,0,0,0,0,0,0,0,0,0,0
0,0,0,202,0,1040,0,0,0,1053,0,0,0,0,0,0,0,21,0,75,0,98,1,57,0,80,0,208,0,1157,0,897,0,328,0,0,0,0,0,0,0,3,0,3,0,3,0,0,0,0,0,0,0,0,0,0,0,0,0,1,0,0,0,0,0,0,0,0,0,0,0,0,0,0,0,63,0,142,0,0,0,0,0,0,0,0,0,8,0,3,0,0,0,0,0,0,0,0,0,0,0,0,0,0,0,0,0,0,0,0,0,0,0,0,0,0,0,0,0,0,0,0,0,0,0,0,0,0,0,0,0,0,0,0,0,0,0,0,0,0,0,0,0,0,0,0,0,0,0,0,2,13,0,44,0,10,0,5,0,0,0,0,0,0,0,0,0,0,0,0
1262,6,24,2,107,0,1937,1,159,0,0,0,0,1,26,4,0,0,0,0,0,0,0,0,0,0,0,0,0,0,0,0,569,3,0,0,82,10,32,2,0,0,0,0,0,0,8,0,3,0,15,0,2,0,7,0,2,0,3,0,1724,2,4,0,19,0,196,7,2,0,29,0,16,0,56,6,101,5,20,0,0,0,187,2,945,5,131,0,18,2,0,0,0,0,0,0,0,0,0,0,0,0,0,0,0,0,0,1,0,0,0,0,0,0,0,0,0,0,0,0,0,0,0,0,1,0,40,2,17,2,3,1,0,0,9,1,0,0,0,0,0,0,0,0,7,0,1,0,2,0,0,0,0,0,4,2,0,0,3,1,0,0,5,0,1,0,0,0,0,1
2,1869,0,30,1,220,0,2424,0,214,0,0,1,0,2,23,0,0,0,4,0,0,0,0,0,0,0,0,0,0,0,0,0,445,0,0,6,28,0,7,0,1,0,0,0,0,0,4,0,0,0,12,0,0,0,3,0,4,0,12,0,1004,1,1,0,1,0,563,0,1,0,9,2,6,1,36,0,54,2,27,0,0,0,113,1,241,0,1,0,7,0,0,0,0,0,0,0,0,0,0,0,0,0,0,0,0,0,0,0,0,0,0,0,0,0,0,0,0,0,0,0,0,0,0,0,3,1,9,0,4,0,1,0,0,0,2,0,0,0,0,0,0,0,0,0,2,1,0,0,2,0,0,0,0,6,3,0,0,0,0,0,0,0,1,0,0,0,0,0,0
453,12,2080,18,589,18,101,6,150,1,0,0,26,2,0,62,0,0,525,11,0,0,0,0,0,0,0,0,0,0,0,0,126,3,0,0,1416,74,8,0,0,0,0,0,0,0,2,0,1,0,1,0,2,0,2,0,0,0,0,0,14,1,4,0,7,0,3,1,0,0,73,0,1321,6,77,4,140,5,28,5,0,0,1,0,1,0,0,0,0,0,0,0,0,0,0,0,0,0,0,2,0,0,0,0,0,0,0,0,0,0,0,0,0,0,0,0,0,0,0,0,2,0,0,0,22,0,22,1,9,1,7,1,0,0,15,2,5,1,0,0,0,0,0,0,11,0,3,0,1,0,0,0,0,0,104,34,1,0,1,0,0,0,1,1,4,1,0,0,1,0
81,706,24,2646,29,685,11,140,3,133,0,0,4,23,62,0,0,0,25,941,0,0,0,0,0,0,0,0,0,0,0,0,11,97,0,0,123,1660,0,10,0,0,2,0,0,0,0,4,0,2,0,0,0,2,0,1,0,0,0,0,22,68,0,7,1,6,0,26,0,2,11,189,51,649,16,122,10,106,5,51,0,0,0,3,0,8,0,0,0,1,0,0,0,0,0,0,0,0,0,1,2,0,0,0,0,0,0,0,1,0,0,1,0,0,0,0,0,0,0,0,0,0,0,0,0,16,7,42,1,13,0,9,0,0,2,15,0,1,0,0,0,0,0,0,1,1,0,3,0,2,0,0,0,0,104,110,0,1,0,2,0,2,1,4,0,3,0,0,0,0
0,0,20,1,9,1,0,0,3,0,18,0,0,0,0,0,0,5,26,0,185,0,688,0,51,0,4,0,110,0,2,0,104,2,0,0,0,0,0,0,1,0,1,0,3,0,0,0,0,0,0,0,0,0,0,0,0,0,0,0,0,0,0,0,0,0,0,0,0,0,0,0,0,0,326,48,719,0,24,0,0,0,0,0,0,0,7,0,0,0,0,0,0,0,0,0,0,0,0,0,0,0,0,0,0,0,0,0,0,0,0,0,0,0,0,0,0,0,0,0,0,0,0,0,3,0,0,0,0,0,0,0,0,0,0,0,0,0,0,0,0,0,0,0,0,0,0,0,0,0,349,7,82,0,2,3,1160,0,0,0,0,0,0,0,0,0,0,0,0,0
0,0,1,14,1,18,0,0,0,12,0,21,0,0,0,0,5,0,1,12,0,148,1,705,0,151,0,11,0,112,0,0,0,417,0,0,0,0,0,0,0,4,0,36,0,11,0,0,0,0,0,0,0,0,0,0,0,0,0,1,0,0,0,0,0,0,0,0,0,0,0,0,0,0,3,799,0,613,0,8,0,0,0,0,0,0,0,27,0,0,0,0,0,0,0,0,0,0,0,0,0,0,0,0,0,0,0,0,0,0,0,0,0,0,0,0,0,0,0,0,0,0,0,0,0,1,0,0,0,0,0,0,0,0,0,0,0,0,0,0,0,0,0,0,0,0,0,0,0,0,11,95,1,43,0,7,0,1704,0,0,0,0,0,0,0,0,0,0,0,0
1,2,3280,9,634,6,3,3,180,8,133,0,0,0,525,25,26,1,0,9,231,0,41,0,53,0,36,0,57,0,19,0,145,1,0,0,317,12,0,0,0,0,0,0,0,0,0,0,0,0,0,0,0,0,0,0,0,0,0,0,0,0,0,0,0,0,0,0,0,0,1,0,3,0,254,58,112,4,3,1,0,0,0,0,0,0,4,0,0,0,0,0,0,0,0,0,0,0,0,0,0,0,0,0,0,0,0,0,0,0,0,0,0,0,0,0,0,0,0,0,0,0,0,0,1,1,0,0,0,0,0,0,0,0,0,0,0,0,0,0,0,0,0,0,0,0,0,0,0,0,35,1,1019,10,619,31,13,0,0,0,0,0,0,0,0,0,0,0,0,0
4,9,3,2866,7,448,1,12,2,93,0,75,0,4,11,941,0,12,9,0,1,509,0,52,0,56,0,68,0,28,0,2,2,59,0,0,8,900,0,0,0,1,0,0,0,1,0,0,0,0,0,0,0,0,0,0,0,0,0,0,0,1,0,0,0,0,0,0,0,0,0,0,1,2,14,248,2,80,0,16,0,0,0,0,0,0,0,3,0,0,0,0,0,1,0,0,0,0,0,0,0,0,0,0,0,0,0,0,0,0,0,1,0,0,0,0,0,0,0,0,0,0,0,0,0,4,0,4,0,0,0,1,0,0,0,1,0,1,0,0,0,0,0,0,0,1,0,0,0,0,9,79,2,1280,21,344,0,1,0,0,0,0,0,0,0,0,0,0,0,0
0,0,528,0,90,0,0,0,4,0,122,0,0,0,0,0,185,0,231,1,0,2,845,1,341,1,180,0,102,0,19,0,58,1,0,0,0,0,0,0,0,0,1,0,0,0,0,0,0,0,0,0,0,0,0,0,0,0,0,0,0,0,0,0,0,0,0,0,0,0,0,0,0,0,154,16,30,0,1,0,0,0,0,0,0,0,3,0,0,0,0,0,0,0,0,0,0,0,0,0,0,0,0,0,0,0,0,0,0,0,0,0,0,0,0,0,0,0,0,0,0,0,0,0,0,0,0,0,0,0,0,0,0,0,0,0,0,0,0,0,0,0,0,0,0,0,0,0,0,0,104,0,542,1,7,2,129,0,0,0,0,0,0,0,0,0,0,0,0,0
0,0,1,355,1,110,0,0,0,10,0,98,0,0,0,0,0,148,0,509,2,0,46,1669,0,775,0,368,0,51,0,7,0,84,0,0,0,0,0,0,0,1,0,1,0,0,0,0,0,0,0,0,0,0,0,0,0,0,0,0,0,0,0,0,0,0,0,0,0,0,0,0,0,0,1,171,0,73,0,0,0,0,0,0,0,0,0,3,0,0,0,0,0,0,0,0,0,0,0,0,0,0,0,0,0,0,0,0,0,0,0,0,0,0,0,0,0,0,0,0,0,0,0,0,0,0,0,0,0,0,0,0,0,0,0,0,0,0,0,0,0,0,0,0,0,0,0,0,0,0,7,216,0,355,0,41,0,99,0,0,0,0,0,0,0,0,0,0,0,0
0,0,96,1,28,1,0,0,2,0,37,1,0,0,0,0,688,1,41,0,845,46,0,309,732,7,136,1,142,0,2,0,63,0,0,0,0,0,0,0,0,0,3,0,0,0,0,0,0,0,0,0,0,0,0,0,0,0,0,0,0,0,0,0,0,0,0,0,0,0,0,0,0,0,122,15,82,1,0,0,0,0,0,0,0,0,3,0,0,0,0,0,0,0,0,0,0,0,0,0,0,0,0,0,0,0,0,0,0,0,0,0,0,0,0,0,0,0,0,0,0,0,0,0,0,0,0,0,0,0,0,0,0,0,0,0,0,0,0,0,0,0,0,0,0,0,0,0,0,0,193,1,189,1,7,0,198,1,0,0,0,0,0,0,0,0,0,0,0,0
0,0,0,88,0,45,0,0,0,14,0,57,0,0,0,0,0,705,0,52,1,1669,309,0,0,1610,0,132,0,101,0,4,0,143,0,0,0,0,0,0,0,2,0,10,0,1,0,0,0,0,0,0,0,0,0,0,0,0,0,2,0,0,0,0,0,0,0,0,0,0,0,0,0,0,0,150,0,116,0,0,0,0,0,0,0,1,0,10,0,0,0,0,0,2,0,0,0,0,0,0,0,0,0,0,0,0,0,0,0,0,0,0,0,0,0,0,0,0,0,0,0,0,0,0,0,0,0,0,0,0,0,0,0,0,0,0,0,0,0,0,0,0,0,0,0,0,0,0,0,0,1,94,0,65,0,7,0,196,0,0,0,0,0,0,0,0,0,0,0,0
0,0,137,0,60,0,0,0,7,0,121,0,0,0,0,0,51,0,53,0,341,0,732,0,0,0,408,0,765,0,9,0,219,0,0,0,0,0,0,0,0,0,16,0,0,0,0,0,0,0,0,0,0,0,0,0,0,0,0,0,0,0,0,0,0,0,0,0,0,0,0,0,0,0,6,2,28,0,1,0,0,0,0,0,0,0,49,0,0,0,0,0,0,0,0,0,0,0,0,0,0,0,0,0,0,0,0,0,0,0,0,0,0,0,0,0,0,0,0,0,0,0,0,0,0,0,0,0,0,0,0,0,0,0,0,0,0,0,0,0,0,0,0,0,0,0,0,0,0,0,9,0,31,0,3,0,32,0,0,0,0,0,0,0,0,0,0,0,0,0
0,0,0,94,0,50,0,0,0,6,0,80,0,0,0,0,0,151,0,56,1,775,7,1610,0,0,0,210,0,333,0,8,0,377,0,0,0,0,0,0,0,0,0,41,0,0,0,0,0,0,0,0,0,0,0,0,0,0,0,0,0,0,0,0,0,0,0,0,0,0,0,0,0,0,0,37,0,93,0,0,0,0,0,0,0,0,0,46,0,2,0,0,0,1,0,0,0,0,0,0,0,0,0,0,0,0,0,0,0,0,0,0,0,0,0,0,0,0,0,0,0,0,0,0,0,0,0,0,0,0,0,0,0,0,0,0,0,0,0,0,0,0,0,0,0,0,0,0,0,0,0,9,1,25,0,5,0,12,0,0,0,0,0,0,0,0,0,0,0,0
0,0,254,1,143,0,0,0,10,0,88,0,0,0,0,0,4,0,36,0,180,0,136,0,408,0,0,0,93,0,16,0,20,0,0,0,0,0,0,0,0,0,1,0,0,0,0,0,0,0,0,0,0,0,0,0,0,0,0,0,0,0,0,0,0,0,0,0,0,0,0,0,0,0,2,0,6,0,0,0,0,0,0,0,0,0,3,0,0,0,0,0,0,0,0,0,0,0,0,0,0,0,0,0,0,0,0,0,0,0,0,0,0,0,0,0,0,0,0,0,0,0,0,0,0,0,0,0,0,0,0,0,0,0,0,0,0,0,0,0,0,0,0,0,0,0,0,0,0,0,4,0,10,0,1,0,11,0,0,0,0,0,0,0,0,0,0,0,0,0
0,0,0,583,0,500,0,0,0,4,0,208,0,0,0,0,0,11,0,68,0,368,1,132,0,210,0,0,0,165,0,278,0,45,0,0,0,0,0,0,0,0,0,0,0,0,0,0,0,0,0,0,0,0,0,0,0,0,0,0,0,0,0,0,0,0,0,0,0,0,0,0,0,0,0,14,0,16,0,0,0,0,0,0,0,0,0,0,0,0,0,0,0,0,0,0,0,0,0,0,0,0,0,0,0,0,0,0,0,0,0,0,0,0,0,0,0,0,0,0,0,0,0,0,0,0,0,0,0,0,0,0,0,0,0,0,0,0,0,0,0,0,0,0,0,0,0,0,0,0,0,8,0,31,1,5,0,0,0,0,0,0,0,0,0,0,0,0,0,0
0,0,105,0,94,0,0,0,23,0,1530,0,0,0,0,0,110,0,57,0,102,0,142,0,765,0,93,0,0,0,367,0,844,0,0,0,0,0,0,0,0,0,30,0,0,0,0,0,0,0,0,0,0,0,0,0,0,0,0,0,0,0,0,0,0,0,0,0,0,0,0,0,0,0,28,3,141,0,0,0,0,0,0,0,0,0,523,0,0,0,0,0,1,0,0,0,0,0,0,0,0,0,0,0,0,0,0,0,0,0,0,0,0,0,0,0,0,0,0,0,0,0,0,0,0,0,0,0,0,0,0,0,0,0,0,0,0,0,0,0,0,0,0,0,0,0,0,0,0,0,17,0,45,0,3,0,48,0,0,0,0,0,0,0,0,0,0,0,0,0
0,0,0,56,0,99,0,0,0,18,0,1157,0,0,0,0,0,112,0,28,0,51,0,101,0,333,0,165,0,0,0,362,0,953,0,0,0,0,0,0,0,2,0,13,0,3,0,0,0,0,0,0,0,0,0,0,0,0,0,0,0,0,0,0,0,0,0,0,0,0,0,0,0,0,0,26,0,66,0,0,0,0,0,0,0,0,0,13,0,0,0,0,0,2,0,0,0,0,0,0,0,0,0,0,0,0,0,0,0,0,0,0,0,0,0,0,0,0,0,0,0,0,0,0,0,0,0,0,0,0,0,0,0,0,0,0,0,0,0,0,0,0,0,0,0,0,0,0,0,0,0,5,0,20,0,5,0,7,0,0,0,0,0,0,0,0,0,0,0,0
0,0,41,0,349,0,0,0,20,0,1368,0,0,0,0,0,2,0,19,0,19,0,2,0,9,0,16,0,367,0,0,0,27,0,0,0,0,0,0,0,0,0,0,0,0,0,0,0,0,0,0,0,0,0,0,0,0,0,0,0,0,0,0,0,0,0,0,0,0,0,0,0,0,0,5,0,9,0,0,0,0,0,0,0,0,0,2,0,0,0,0,0,0,0,0,0,0,0,0,0,0,0,0,0,0,0,0,0,0,0,0,0,0,0,0,0,0,0,0,0,0,0,0,0,0,0,0,0,0,0,0,0,0,0,0,0,0,0,0,0,0,0,0,0,0,0,0,0,0,0,1,0,5,0,0,0,1,0,0,0,0,0,0,0,0,0,0,0,0,0
0,0,0,12,0,123,0,0,0,4,0,897,0,0,0,0,0,0,0,2,0,7,0,4,0,8,0,278,0,362,0,0,0,12,0,0,0,0,0,0,0,0,0,0,0,0,0,0,0,0,0,0,0,0,0,0,0,0,0,0,0,0,0,0,0,0,0,0,0,0,0,0,0,0,0,5,0,2,0,0,0,0,0,0,0,0,0,0,0,0,0,0,0,0,0,0,0,0,0,0,0,0,0,0,0,0,0,0,0,0,0,0,0,0,0,0,0,0,0,0,0,0,0,0,0,0,0,0,0,0,0,0,0,0,0,0,0,0,0,0,0,0,0,0,0,0,0,0,0,0,0,1,0,6,0,1,0,0,0,0,0,0,0,0,0,0,0,0,0,0
939,5,289,4,959,6,918,1,1802,1,357,0,569,0,126,11,104,0,145,2,58,0,63,0,219,0,20,0,844,0,27,0,0,3,0,0,133,13,20,0,643,1,43,0,96,0,4,2,3,0,36,0,1,0,17,0,7,0,134,0,144,1,7,0,18,0,14,8,1,0,49,2,29,0,494,9,3695,5,266,6,0,0,140,0,372,1,548,0,224,0,4,0,289,0,0,0,0,0,2,4,2,0,0,0,0,0,2,0,0,0,0,4,0,2,0,0,0,0,0,0,1,0,1,0,44,0,102,1,75,1,18,0,0,0,33,3,8,0,43,1,3,0,14,0,58,1,7,1,12,0,18,0,34,1,50,14,17,0,6,2,1,0,23,6,5,2,1,0,1,1
2,516,2,283,9,991,0,1081,3,1184,0,328,3,445,3,97,2,417,1,59,1,84,0,143,0,377,0,45,0,953,0,12,3,0,0,0,9,129,4,33,0,836,0,44,0,93,8,41,0,0,0,49,0,1,0,1,0,32,0,475,0,191,0,3,0,0,0,82,0,1,8,44,1,17,5,483,3,3220,5,136,0,0,1,85,3,520,0,188,1,230,0,3,0,232,0,0,0,0,0,2,3,0,0,0,0,0,0,1,0,0,0,0,0,0,0,0,0,0,0,0,1,2,0,3,0,12,1,38,2,46,0,8,0,0,1,14,0,5,0,15,1,0,0,12,0,43,1,14,0,7,1,10,1,40,19,55,0,14,1,2,0,0,2,23,0,3,0,0,0,0
0,0,0,0,0,0,0,0,0,0,0,0,0,0,0,0,0,0,0,0,0,0,0,0,0,0,0,0,0,0,0,0,0,0,0,0,0,0,0,0,0,0,0,0,0,0,0,0,0,0,0,0,0,0,0,0,0,0,0,0,0,0,0,0,0,0,0,0,0,0,0,0,0,0,0,0,0,0,0,0,0,0,0,0,0,0,0,0,0,0,0,0,0,0,0,0,0,0,0,0,0,0,0,0,0,0,0,0,0,0,0,0,0,0,0,0,0,0,0,0,0,0,0,0,0,0,0,0,0,0,0,0,0,0,0,0,0,0,0,0,0,0,0,0,0,0,0,0,0,0,0,0,0,0,0,0,0,0,0,0,0,0,0,0,0,0,0,0,0,0
0,0,0,0,0,0,0,0,0,0,0,0,0,0,0,0,0,0,0,0,0,0,0,0,0,0,0,0,0,0,0,0,0,0,0,0,0,0,0,0,0,0,0,0,0,0,0,0,0,0,0,0,0,0,0,0,0,0,0,0,0,0,0,0,0,0,0,0,0,0,0,0,0,0,0,0,0,0,0,0,0,0,0,0,0,0,0,0,0,0,0,0,0,0,0,0,0,0,0,0,0,0,0,0,0,0,0,0,0,0,0,0,0,0,0,0,0,0,0,0,0,0,0,0,0,0,0,0,0,0,0,0,0,0,0,0,0,0,0,0,0,0,0,0,0,0,0,0,0,0,0,0,0,0,0,0,0,0,0,0,0,0,0,0,0,0,0,0,0,0
354,72,588,18,265,22,71,12,55,8,0,0,82,6,1416,123,0,0,317,8,0,0,0,0,0,0,0,0,0,0,0,0,133,9,0,0,0,638,909,0,0,0,0,1,0,0,97,3,10,0,4,0,6,0,18,1,0,0,1,1,166,17,31,1,30,1,76,5,7,0,1585,3,280,18,186,14,336,16,76,4,0,0,10,0,80,1,0,0,7,0,0,0,0,0,0,0,1,0,0,0,2,0,0,0,0,0,0,0,1,0,0,1,0,0,0,0,0,0,0,0,2,0,2,0,22,2,136,8,58,0,10,0,0,0,20,1,11,1,1,0,0,0,2,0,20,0,7,1,9,0,0,1,0,1,438,36,0,0,3,2,0,1,13,5,10,1,0,1,0,0
111,355,24,463,32,321,7,86,6,129,0,0,10,28,74,1660,0,0,12,900,0,0,0,0,0,0,0,0,0,0,0,0,13,129,0,0,638,0,18,469,0,0,0,0,0,0,2,15,0,6,0,4,1,2,1,5,0,0,0,1,30,170,0,9,2,16,6,170,1,3,43,1283,32,164,28,240,29,275,7,88,0,0,4,11,10,42,0,0,2,10,0,0,0,0,0,0,0,0,0,0,2,0,0,0,0,0,0,0,0,0,0,1,0,0,0,0,0,0,0,0,0,2,0,0,4,27,9,46,0,55,1,9,0,0,3,14,1,3,0,2,0,0,0,0,4,8,2,7,2,3,1,1,2,189,151,592,0,0,2,1,0,3,3,16,0,6,0,1,0,0
12,2,6,0,8,0,1,1,2,0,0,0,32,0,8,0,0,0,0,0,0,0,0,0,0,0,0,0,0,0,0,0,20,4,0,0,909,18,0,92,197,22,4,0,0,0,656,84,94,1,132,5,9,1,10,0,0,0,2,7,21,3,0,0,6,1,23,4,3,0,1248,185,3,0,18,0,42,6,21,2,0,0,18,6,58,7,0,0,25,4,0,0,8,0,0,0,0,0,0,0,1,0,0,0,0,0,0,0,0,0,0,0,0,0,0,0,0,0,0,0,1,0,0,0,1,0,11,0,17,0,0,0,1,0,1,0,0,0,0,0,0,0,0,0,2,0,0,1,1,0,0,0,0,0,1,1,0,0,0,0,0,0,4,1,0,0,0,0,0,0
0,12,0,11,0,3,0,0,0,0,0,0,2,7,0,10,0,0,0,0,0,0,0,0,0,0,0,0,0,0,0,0,0,33,0,0,0,469,92,0,89,79,0,2,0,0,18,460,7,27,26,53,0,10,0,2,0,2,1,19,0,15,0,0,0,4,1,27,0,3,69,1121,0,7,0,6,0,16,0,12,0,0,0,35,3,95,0,0,2,38,0,0,0,0,0,0,0,0,0,0,0,0,0,0,0,0,0,0,0,0,0,1,0,0,0,0,0,0,0,0,0,0,0,0,0,5,1,4,0,7,0,6,0,0,0,1,0,0,0,0,0,0,0,0,0,0,0,1,0,0,0,0,0,0,0,0,0,0,0,0,0,1,0,5,0,0,0,0,0,0
1,0,0,1,0,0,0,0,0,0,0,0,0,0,0,0,1,0,0,0,0,0,0,0,0,0,0,0,0,0,0,0,643,0,0,0,0,0,197,89,0,123,4059,3,461,0,15,25,0,0,683,14,0,0,5,0,2,1,1030,11,0,0,0,0,1,0,0,0,0,0,606,142,0,0,18,0,1165,1,437,1,0,0,28,0,499,1,676,0,274,1,48,0,594,1,0,0,0,0,5,5,61,0,0,1,0,0,0,4,1,5,5,9,0,5,0,0,0,0,0,0,0,0,1,0,33,0,5,1,30,3,3,0,2,0,23,0,4,0,280,2,21,0,29,0,375,0,8,0,27,0,0,0,0,0,0,0,30,0,3,1,1,0,144,9,11,0,2,4,1,3
0,1,0,2,1,8,0,0,0,4,0,3,0,1,0,0,0,4,0,1,0,1,0,2,0,0,0,0,0,2,0,0,1,836,0,0,0,0,22,79,123,0,0,6074,0,1038,0,80,0,0,2,594,0,0,0,0,0,6,0,1059,2,1,0,0,0,0,0,1,0,0,10,578,0,1,1,42,3,1306,2,468,0,0,0,11,0,520,0,1035,0,551,0,81,0,296,0,0,0,0,0,9,3,1,0,0,0,1,1,4,3,1,2,4,0,0,0,0,0,0,0,0,1,1,0,2,1,15,0,4,1,41,0,3,0,1,0,12,1,1,0,307,0,2,0,32,2,103,0,5,1,4,0,0,0,1,0,3,0,14,0,4,0,0,10,117,1,2,0,2,2,1
0,0,0,0,1,0,0,0,0,0,0,0,0,0,0,2,1,0,0,0,1,0,3,0,16,0,1,0,30,0,0,0,43,0,0,0,0,0,4,0,4059,0,0,2,606,0,3,0,0,0,769,0,0,0,3,0,0,0,879,0,0,0,0,0,0,0,0,0,0,0,44,0,0,0,5,2,34,0,12,1,0,0,6,0,37,0,588,0,55,0,77,0,254,0,4,0,1,0,6,7,266,1,6,0,12,0,32,1,9,3,27,7,0,0,0,0,0,0,0,1,0,0,0,0,2,0,1,2,3,1,0,0,0,0,3,0,0,2,2,0,6,0,3,0,12,1,1,0,4,0,1,0,0,0,0,0,2,0,10,2,0,0,15,4,3,1,1,0,1,0
0,1,0,0,0,1,0,0,0,0,0,3,0,0,0,0,0,36,0,0,0,1,0,10,0,41,0,0,0,13,0,0,0,44,0,0,1,0,0,2,3,6074,2,0,0,548,0,2,0,0,0,301,0,0,0,0,0,1,1,1438,0,0,0,0,0,0,0,0,0,0,0,27,0,0,2,0,1,22,4,1,0,0,1,2,0,33,0,404,0,28,0,208,0,127,0,0,0,0,0,31,5,2,0,0,0,0,0,6,1,4,0,6,0,0,0,0,0,0,1,1,0,0,0,0,0,1,0,0,3,1,1,0,0,0,1,1,0,0,0,2,1,0,0,0,6,1,0,0,1,0,0,2,0,0,0,0,0,6,6,7,0,2,10,5,0,1,0,2,0,0
0,0,0,0,0,0,0,0,2,0,0,0,0,0,0,0,3,0,0,0,0,0,0,0,0,0,0,0,0,0,0,0,96,0,0,0,0,0,0,0,461,0,606,0,0,0,0,0,0,0,0,0,0,0,0,0,0,0,70,0,0,0,0,0,0,0,0,0,0,0,0,0,0,0,15,0,394,0,50,0,0,0,0,0,0,0,459,0,3,0,10,0,13,0,0,0,0,0,0,0,0,0,0,0,0,0,0,0,0,0,0,1,0,0,0,0,0,0,0,0,0,0,0,0,8,0,0,0,0,0,0,0,0,0,0,0,0,0,1,0,0,0,0,0,0,0,0,0,0,0,0,0,0,0,0,0,48,0,0,0,0,0,1,0,3,0,0,0,0,0
0,0,0,4,0,3,0,0,0,3,0,3,0,0,0,0,0,11,0,1,0,0,0,1,0,0,0,0,0,3,0,0,0,93,0,0,0,0,0,0,0,1038,0,548,0,0,0,0,0,0,0,0,0,0,0,0,0,0,0,51,0,0,0,0,0,0,0,0,0,0,0,0,0,0,0,15,0,570,0,171,0,0,0,0,0,2,0,800,0,11,0,33,0,25,0,0,0,0,0,0,0,0,0,0,0,0,0,0,0,0,0,0,0,0,0,0,0,0,0,0,0,0,0,0,0,5,0,0,0,0,0,0,0,0,0,0,0,0,0,0,0,0,0,0,0,0,0,0,0,0,0,0,0,0,0,1,0,8,0,0,0,0,0,0,0,0,0,0,0,0
20,2,0,0,0,0,0,0,0,0,0,0,8,0,2,0,0,0,0,0,0,0,0,0,0,0,0,0,0,0,0,0,4,8,0,0,97,2,656,18,15,0,3,0,0,0,0,1658,1477,712,4061,1129,1563,211,821,35,444,20,101,19,17,8,38,0,104,1,27,5,85,8,1052,53,2,0,10,1,10,2,6,3,0,0,13,9,63,35,0,0,61,58,0,0,4,1,0,25,0,0,0,0,0,0,0,70,0,0,0,0,0,0,0,0,0,0,0,41,0,0,0,0,0,0,0,0,2,0,1,1,5,1,0,1,0,0,3,0,1,0,0,0,0,0,0,0,0,0,1,0,1,0,0,0,0,0,0,1,0,0,0,0,1,0,2,0,0,0,0,0,0,0
0,22,0,2,0,0,0,1,0,0,0,0,0,4,0,4,0,0,0,0,0,0,0,0,0,0,0,0,0,0,0,0,2,41,0,0,3,15,84,460,25,80,0,2,0,0,1658,0,770,1749,80,3606,0,511,0,475,0,441,0,339,0,87,0,7,0,9,0,104,0,84,395,1286,0,3,0,4,0,14,0,6,0,0,0,57,1,186,0,0,1,303,0,0,0,36,0,60,0,0,0,0,0,0,0,39,0,0,0,0,0,0,0,0,0,0,0,0,0,0,0,0,0,0,1,0,0,0,1,1,0,7,0,1,0,0,0,2,0,0,0,0,0,0,0,0,0,1,0,1,0,0,0,0,0,0,0,0,0,0,0,1,0,0,0,7,0,1,0,0,0,0
14,0,2,0,0,0,3,0,0,0,0,0,3,0,1,0,0,0,0,0,0,0,0,0,0,0,0,0,0,0,0,0,3,0,0,0,10,0,94,7,0,0,0,0,0,0,1477,770,0,1642,25,8,4084,130,955,67,10,0,4,1,7,6,199,2,46,0,15,3,47,10,776,199,1,2,0,0,1,2,1,0,0,0,0,1,6,2,0,0,12,9,0,0,2,1,0,0,0,0,0,0,0,0,0,0,0,0,0,0,0,0,0,0,0,0,0,0,0,0,0,0,0,0,0,0,0,0,1,0,1,0,0,0,0,0,0,0,0,0,0,0,0,0,0,0,0,0,0,0,0,0,0,0,0,0,0,0,0,0,0,0,0,0,0,0,0,0,0,0,0,0
0,8,0,4,0,1,0,0,0,0,0,0,0,0,0,2,0,0,0,0,0,0,0,0,0,0,0,0,0,0,0,0,0,0,0,0,0,6,1,27,0,0,0,0,0,0,712,1749,1642,0,1,116,0,2578,0,835,0,66,0,63,0,31,0,158,0,1,0,23,0,94,363,1290,0,5,0,0,0,1,0,0,0,0,0,2,0,11,0,0,0,121,0,0,0,16,0,5,0,0,0,0,0,0,0,2,0,0,0,0,0,0,0,0,0,0,0,0,0,0,0,0,0,0,0,0,0,0,0,0,0,0,0,0,0,0,0,0,0,0,0,0,0,0,0,0,0,0,0,0,0,0,0,0,0,0,0,0,0,0,0,0,0,0,0,0,0,0,0,0,0,0
1,0,0,0,0,0,0,0,0,0,0,0,15,0,1,0,0,0,0,0,0,0,0,0,0,0,0,0,0,0,0,0,36,0,0,0,4,0,132,26,683,2,769,0,0,0,4061,80,25,1,0,99,228,0,1009,0,1799,0,1874,2,6,0,6,0,72,0,8,1,49,0,1734,59,0,0,4,0,12,0,4,0,0,0,58,0,178,0,0,0,168,0,0,0,79,2,114,0,0,0,20,0,208,3,107,1,0,0,0,0,1,1,0,1,0,12,1,0,0,0,0,0,0,0,0,0,1,0,2,0,4,0,1,0,0,0,2,0,0,0,0,0,1,0,1,0,14,0,1,0,6,0,0,0,0,0,0,0,0,0,1,0,0,0,3,1,0,0,4,0,0,0
0,5,0,1,0,0,0,0,0,0,0,0,0,12,0,0,0,0,0,0,0,0,0,0,0,0,0,0,0,0,0,0,0,49,0,0,0,4,5,53,14,594,0,301,0,0,1129,3606,8,116,99,0,0,122,1,280,0,1472,0,1471,0,33,0,0,0,4,0,34,0,23,3,608,0,0,0,7,0,14,0,6,0,0,1,66,0,290,0,0,0,385,0,0,0,90,0,238,0,0,0,73,3,0,0,348,0,0,0,5,0,3,1,1,10,84,0,3,0,0,0,1,0,0,0,0,0,0,0,7,0,5,0,0,0,0,0,3,0,1,0,0,0,1,0,2,2,20,0,1,0,1,0,0,0,0,0,0,0,0,0,1,0,2,0,6,0,1,0,54,2,0
9,0,2,0,0,0,0,0,0,0,0,0,2,0,2,0,0,0,0,0,0,0,0,0,0,0,0,0,0,0,0,0,1,0,0,0,6,1,9,0,0,0,0,0,0,0,1563,0,4084,0,228,0,0,0,3473,0,61,0,20,0,11,0,566,0,49,0,5,0,53,0,390,1,2,0,1,0,2,0,0,0,0,0,0,0,6,0,0,0,15,0,0,0,1,0,0,0,0,0,0,0,0,0,0,0,0,0,0,0,0,0,0,0,0,0,0,0,0,0,0,0,0,0,0,0,0,0,3,0,1,0,0,0,0,0,0,0,0,0,0,0,0,0,0,0,0,0,0,0,0,0,0,0,0,0,0,0,0,0,0,0,0,0,0,0,0,0,0,0,0,0
0,2,0,1,0,3,0,0,0,0,0,0,0,0,0,2,0,0,0,0,0,0,0,0,0,0,0,0,0,0,0,0,0,1,0,0,0,2,1,10,0,0,0,0,0,0,211,511,130,2578,0,122,0,0,0,2268,0,133,0,74,0,47,0,305,0,41,0,15,0,545,6,510,0,2,0,0,1,1,0,0,0,0,0,1,1,17,0,0,0,315,0,0,0,31,0,9,0,0,0,0,0,0,0,4,0,0,0,0,0,0,0,0,0,0,0,0,0,0,0,0,0,0,0,0,0,0,0,0,0,0,0,0,0,0,0,0,0,0,0,0,0,0,0,0,0,0,0,0,0,0,0,0,0,0,0,0,0,0,0,0,0,1,0,0,0,0,0,0,0,0
15,1,1,0,2,0,1,1,0,0,0,0,7,0,2,0,0,0,0,0,0,0,0,0,0,0,0,0,0,0,0,0,17,0,0,0,18,1,10,0,5,0,3,0,0,0,821,0,955,0,1009,1,3473,0,0,0,3024,0,560,0,20,1,378,0,738,0,25,0,1607,0,159,0,1,0,0,0,12,0,5,0,0,0,24,0,183,0,0,0,2624,0,0,0,218,0,7,0,0,0,0,0,0,0,0,0,0,0,0,0,0,0,0,0,0,0,0,0,0,0,0,0,1,0,0,0,1,0,0,0,1,0,0,0,0,0,0,0,0,0,0,0,0,0,0,0,3,0,0,0,5,0,0,0,0,0,0,0,0,0,0,0,0,0,1,0,1,0,0,0,0,0
0,3,0,3,0,1,0,1,0,0,0,0,0,3,0,1,0,0,0,0,0,0,0,0,0,0,0,0,0,0,0,0,0,1,0,0,1,5,0,2,0,0,0,0,0,0,35,475,67,835,0,280,0,2268,0,0,0,1349,0,202,0,52,0,16,0,43,0,44,0,847,6,197,0,6,0,2,0,5,0,0,0,0,0,3,0,55,0,0,0,1985,0,0,0,85,0,13,0,0,0,0,0,0,0,16,0,0,0,0,0,0,0,0,0,0,0,0,0,0,0,0,0,0,0,0,0,0,0,0,0,0,0,0,0,0,0,0,0,0,0,0,0,0,0,0,0,0,0,0,0,0,0,0,0,0,0,0,0,0,0,0,0,0,0,1,0,0,0,0,0,0
1,0,0,0,0,0,0,0,0,0,0,0,2,0,0,0,0,0,0,0,0,0,0,0,0,0,0,0,0,0,0,0,7,0,0,0,0,0,0,0,2,0,0,0,0,0,444,0,10,0,1799,0,61,0,3024,0,0,0,1644,0,1,0,2,0,28,0,3,0,24,0,29,0,0,0,1,0,2,0,1,0,0,0,34,0,114,0,0,0,593,0,0,0,493,0,42,0,0,0,0,0,0,0,0,0,0,0,0,0,0,0,0,0,0,0,0,0,0,0,0,0,0,0,0,0,0,1,2,0,0,0,0,0,0,0,0,0,0,0,0,0,0,0,0,0,1,0,0,0,2,0,0,0,0,0,0,0,0,0,0,0,0,0,0,0,0,0,0,0,0,0
0,1,0,0,0,0,0,0,0,0,0,0,0,4,0,0,0,0,0,0,0,0,0,0,0,0,0,0,0,0,0,0,0,32,0,0,0,0,0,2,1,6,0,1,0,0,20,441,0,66,0,1472,0,133,0,1349,0,0,0,992,0,1,0,0,0,2,0,2,0,1,0,8,0,1,0,1,0,5,0,2,0,0,0,9,0,127,0,0,0,622,0,0,0,1189,0,109,0,0,0,0,1,0,0,27,0,0,0,0,0,0,1,0,0,0,0,0,0,0,0,0,0,0,0,0,0,0,0,0,0,0,0,1,0,0,0,0,0,0,0,1,0,0,0,0,0,3,0,0,0,0,0,0,0,0,0,0,0,0,0,0,0,0,0,2,0,0,0,0,0,0
2,0,0,0,0,0,0,0,1,0,0,0,3,0,0,0,0,0,0,0,0,0,0,0,0,0,0,0,0,0,0,0,134,0,0,0,1,0,2,1,1030,0,879,1,70,0,101,0,4,0,1874,0,20,0,560,0,1644,0,0,0,6,0,3,0,7,0,6,0,13,0,192,0,0,0,4,0,114,0,15,0,0,0,57,0,412,0,661,0,538,0,608,0,3841,0,19,0,0,0,0,3,69,0,12,0,0,0,2,0,1,0,0,0,0,1,0,0,0,0,0,0,0,0,0,0,0,0,2,0,5,0,1,0,0,0,2,0,0,0,14,0,0,0,3,0,19,0,4,0,3,0,0,0,0,0,0,0,0,0,0,0,0,0,4,1,0,0,0,0,0,0
0,4,0,0,0,0,0,0,0,0,0,1,0,12,0,0,0,1,0,0,0,0,0,2,0,0,0,0,0,0,0,0,0,475,0,0,1,1,7,19,11,1059,0,1438,0,51,19,339,1,63,2,1471,0,74,0,202,0,992,0,0,0,6,0,0,0,0,0,11,0,11,2,125,0,1,0,3,2,175,1,36,0,0,0,56,1,835,0,399,0,1086,0,351,0,1984,0,61,0,0,0,1,0,5,0,114,0,0,0,1,0,0,0,1,0,0,0,0,0,0,0,0,0,0,0,0,1,1,0,3,0,8,0,0,0,0,0,4,0,1,0,18,0,0,0,8,2,18,0,1,0,1,0,0,0,0,0,0,0,1,0,0,0,0,1,19,0,1,0,0,0,0
3825,11,39,1,50,2,226,3,2,0,0,0,1724,0,14,22,0,0,0,0,0,0,0,0,0,0,0,0,0,0,0,0,144,0,0,0,166,30,21,0,0,2,0,0,0,0,17,0,7,0,6,0,11,0,20,0,1,0,6,0,0,1,1084,0,2024,0,1127,0,19,0,653,0,711,2,88,0,233,4,23,0,0,0,69,0,987,0,0,0,57,0,0,0,1,0,0,0,0,0,0,0,2,0,0,0,0,0,0,0,0,0,0,2,0,0,0,0,0,0,0,0,1,0,0,0,1,1,71,4,23,1,7,1,1,0,17,1,6,0,0,0,0,0,1,0,4,0,1,0,2,0,0,0,0,0,10,8,0,0,2,1,1,0,2,0,5,0,0,0,0,0
0,3765,0,64,1,122,0,32,0,3,0,0,2,1004,1,68,0,0,0,1,0,0,0,0,0,0,0,0,0,0,0,0,1,191,0,0,17,170,3,15,0,1,0,0,0,0,8,87,6,31,0,33,0,47,1,52,0,1,0,6,1,0,0,1302,0,2274,1,2538,0,158,5,665,0,462,0,26,3,120,0,21,0,0,0,11,2,204,0,0,0,137,0,0,0,2,0,0,0,0,0,0,0,0,0,0,0,0,0,0,0,0,0,0,0,0,0,0,0,0,0,0,0,0,1,0,0,8,0,16,0,12,0,1,0,0,0,1,0,0,0,0,0,0,0,1,0,1,0,1,0,0,0,0,0,0,1,0,0,0,0,0,0,1,2,4,0,1,0,0,0,0
78,0,16,0,2,0,1,0,0,0,0,0,4,1,4,0,0,0,0,0,0,0,0,0,0,0,0,0,0,0,0,0,7,0,0,0,31,0,0,0,0,0,0,0,0,0,38,0,199,0,6,0,566,0,378,0,2,0,3,0,1084,0,0,0,597,0,20,0,160,0,1590,0,46,0,9,0,21,0,3,1,0,0,0,0,5,0,0,0,7,0,0,0,0,0,0,0,0,0,0,0,0,0,0,0,0,0,0,0,0,0,0,0,0,0,0,0,0,0,0,0,0,0,0,0,0,0,5,0,3,0,0,0,0,0,0,0,0,0,0,0,0,0,0,0,0,0,2,0,1,0,0,0,0,0,0,0,0,0,0,0,0,0,0,0,0,0,0,0,0,0
0,52,0,8,0,3,0,1,0,0,0,0,0,1,0,7,0,0,0,0,0,0,0,0,0,0,0,0,0,0,0,0,0,3,0,0,1,9,0,0,0,0,0,0,0,0,0,7,2,158,0,0,0,305,0,16,0,0,0,0,0,1302,0,0,0,364,0,16,0,578,4,1008,0,75,0,1,0,6,0,0,0,0,0,0,0,4,0,0,0,2,0,0,0,0,0,0,0,0,0,0,0,0,0,0,0,0,0,0,0,0,0,0,0,0,0,0,0,0,0,0,0,0,0,0,0,0,0,0,0,0,0,0,0,0,0,1,0,0,0,0,0,0,0,0,0,0,0,0,0,0,0,0,0,0,0,0,0,0,0,0,0,0,0,0,0,0,0,0,0,0
246,0,16,0,14,0,19,0,0,0,0,0,19,0,7,1,0,0,0,0,0,0,0,0,0,0,0,0,0,0,0,0,18,0,0,0,30,2,6,0,1,0,0,0,0,0,104,0,46,0,72,0,49,0,738,0,28,0,7,0,2024,0,597,0,0,0,1400,0,2336,0,204,0,24,0,15,0,53,2,3,0,0,0,0,0,131,0,0,0,160,0,0,0,7,0,0,0,0,0,1,0,0,0,0,0,0,0,0,0,0,0,0,0,0,0,0,0,0,0,0,0,0,0,0,0,0,0,26,0,8,0,2,0,0,0,0,0,0,0,0,0,0,0,0,0,4,1,3,0,2,0,0,0,0,0,0,1,0,0,2,1,1,0,1,0,1,0,0,0,0,0
0,86,0,7,0,8,0,1,0,1,0,0,0,1,0,6,0,0,0,0,0,0,0,0,0,0,0,0,0,0,0,0,0,0,0,0,1,16,1,4,0,0,0,0,0,0,1,9,0,1,0,4,0,41,0,43,0,2,0,0,0,2274,0,364,0,0,1,937,0,1039,3,109,0,31,0,4,0,5,0,4,0,0,0,1,0,24,0,0,0,41,0,0,0,0,0,0,0,0,0,0,0,0,0,0,0,0,0,0,0,0,0,0,0,0,0,0,0,0,0,0,0,0,0,0,0,0,0,0,1,0,0,0,0,0,0,0,0,0,0,0,0,0,0,0,0,0,0,0,0,0,0,0,0,0,0,0,0,0,0,0,0,0,0,1,0,0,0,0,0,0
107,0,9,0,4,2,1,0,0,0,0,0,196,0,3,0,0,0,0,0,0,0,0,0,0,0,0,0,0,0,0,0,14,0,0,0,76,6,23,1,0,0,0,0,0,0,27,0,15,0,8,0,5,0,25,0,3,0,6,0,1127,1,20,0,1400,1,0,3,513,0,86,0,1,0,5,1,15,4,2,4,0,0,1,0,1257,1,0,0,153,2,0,0,2,0,0,0,0,0,0,0,0,0,0,0,0,0,0,0,0,0,0,0,0,0,0,0,0,0,0,0,0,0,0,0,0,0,8,0,4,1,1,0,0,0,1,0,0,0,0,0,0,0,0,0,0,0,0,0,0,0,0,0,0,0,1,1,0,0,0,0,0,0,0,0,0,0,0,0,0,1
1,835,1,45,1,75,0,6,0,0,0,0,7,563,1,26,0,0,0,0,0,0,0,0,0,0,0,0,0,0,0,0,8,82,0,0,5,170,4,27,0,1,0,0,0,0,5,104,3,23,1,34,0,15,0,44,0,2,0,11,0,2538,0,16,0,937,3,0,0,444,9,225,0,43,0,27,10,72,3,26,0,0,4,7,5,930,0,0,0,183,0,0,0,3,0,0,0,0,0,0,2,0,0,0,0,0,0,0,0,0,0,0,0,0,0,0,0,0,0,0,0,0,0,0,0,3,2,14,0,6,0,1,1,0,0,1,0,0,0,0,0,0,0,0,1,3,0,0,0,0,0,0,0,0,1,2,0,0,0,2,0,1,2,5,0,2,0,0,0,0
10,0,3,0,0,0,1,0,0,0,0,0,2,0,0,0,0,0,0,0,0,0,0,0,0,0,0,0,0,0,0,0,1,0,0,0,7,1,3,0,0,0,0,0,0,0,85,0,47,0,49,0,53,0,1607,0,24,0,13,0,19,0,160,0,2336,0,513,0,0,0,48,0,3,0,0,0,4,0,0,0,0,0,0,0,261,0,0,0,1042,0,0,0,15,0,0,0,0,0,0,0,0,0,0,0,0,0,0,0,0,0,0,0,0,0,0,0,0,0,0,0,0,0,0,0,0,0,1,0,0,0,0,0,0,0,2,0,0,0,0,0,0,0,0,0,0,0,0,0,0,0,0,0,0,0,0,0,0,0,0,0,0,0,0,0,0,0,0,0,0,0
0,20,0,3,0,0,0,0,0,0,0,0,0,1,0,2,0,0,0,0,0,0,0,0,0,0,0,0,0,0,0,0,0,1,0,0,0,3,0,3,0,0,0,0,0,0,8,84,10,94,0,23,0,545,0,847,0,1,0,11,0,158,0,578,0,1039,0,444,0,0,1,228,1,3,1,0,0,0,0,0,0,0,0,0,0,191,0,0,0,657,0,0,0,3,0,1,0,0,0,0,0,0,0,1,0,0,0,0,0,0,0,0,0,0,0,0,0,0,0,0,0,0,0,0,0,0,0,0,0,0,0,0,0,0,0,0,0,0,0,0,0,0,0,0,0,0,0,0,0,0,0,0,0,0,0,0,0,0,0,0,0,0,1,0,0,0,0,0,0,0
558,13,150,6,25,1,17,1,1,1,0,0,29,0,73,11,0,0,1,0,0,0,0,0,0,0,0,0,0,0,0,0,49,8,0,0,1585,43,1248,69,606,10,44,0,0,0,1052,395,776,363,1734,3,390,6,159,6,29,0,192,2,653,5,1590,4,204,3,86,9,48,1,0,914,487,18,39,2,124,8,14,4,0,0,6,4,46,7,0,0,30,10,0,0,4,0,0,0,0,0,0,0,4,0,0,0,0,0,1,0,0,0,0,1,0,0,0,0,0,0,0,0,0,0,1,0,2,2,55,1,10,0,0,0,0,0,10,0,8,0,0,0,0,0,0,0,6,0,2,0,1,0,0,0,0,0,3,3,0,0,0,1,0,0,5,2,4,2,0,0,0,1
3,253,0,130,0,31,0,11,0,5,0,0,0,9,0,189,0,0,0,0,0,0,0,0,0,0,0,0,0,0,0,0,2,44,0,0,3,1283,185,1121,142,578,0,27,0,0,53,1286,199,1290,59,608,1,510,0,197,0,8,0,125,0,665,0,1008,0,109,0,225,0,228,914,0,1,494,1,26,0,66,1,23,0,0,0,34,0,171,0,0,0,141,0,0,0,17,0,0,0,0,0,0,0,0,0,1,0,0,0,1,0,0,1,0,0,0,0,0,0,0,0,0,0,0,0,0,0,7,0,12,1,6,0,1,0,0,0,5,0,1,0,0,0,0,0,0,1,2,0,1,0,1,0,0,0,0,0,1,0,0,2,2,0,1,5,13,0,0,0,0,0,0
1097,16,484,3,38,0,46,1,5,0,0,0,16,2,1321,51,0,0,3,1,0,0,0,0,0,0,0,0,0,0,0,0,29,1,0,0,280,32,3,0,0,0,0,0,0,0,2,0,1,0,0,0,2,0,1,0,0,0,0,0,711,0,46,0,24,0,1,0,3,1,487,1,0,0,15,1,65,3,2,1,0,0,0,0,3,0,0,0,0,0,0,0,0,0,0,0,0,0,0,0,0,0,0,0,0,0,0,0,0,0,0,0,0,0,0,0,0,0,0,0,0,0,0,0,2,0,18,0,5,2,2,0,0,0,4,0,2,0,0,0,0,0,0,0,5,0,3,0,1,0,0,0,0,0,17,4,0,0,0,0,0,0,1,0,2,0,0,0,0,0
3,832,0,310,1,82,0,21,0,8,0,0,0,6,6,649,0,0,0,2,0,0,0,0,0,0,0,0,0,0,0,0,0,17,0,0,18,164,0,7,0,1,0,0,0,0,0,3,2,5,0,0,0,2,0,6,0,1,0,1,2,462,0,75,0,31,0,43,0,3,18,494,0,0,0,37,0,43,0,31,0,0,0,0,0,15,0,0,0,3,0,0,0,0,0,0,0,0,0,1,0,0,0,0,0,0,0,0,0,0,0,0,0,0,0,0,0,0,0,0,0,0,0,0,0,8,0,21,0,13,0,2,0,0,0,10,0,0,0,0,0,0,0,0,0,4,0,2,1,1,0,0,0,0,3,2,0,0,1,0,0,0,0,3,0,0,0,0,0,0
191,4,278,23,570,14,182,1,417,7,63,0,56,1,77,16,326,3,254,14,154,1,122,0,6,0,2,0,28,0,5,0,494,5,0,0,186,28,18,0,18,1,5,2,15,0,10,0,0,0,4,0,1,0,0,0,1,0,4,0,88,0,9,0,15,0,5,0,0,1,39,1,15,0,0,815,2576,10,879,8,0,0,16,0,23,1,3,0,9,0,0,0,4,1,0,0,0,0,13,8,5,0,0,0,0,0,2,2,4,0,1,6,1,6,0,0,0,0,0,0,54,0,11,0,334,0,433,3,168,2,77,1,5,0,480,88,100,0,0,0,5,0,5,0,152,1,28,0,63,1,519,6,232,7,841,85,601,8,10,2,1,1,41,4,37,6,3,1,2,0
6,220,26,390,43,870,0,244,5,499,3,63,6,36,4,122,48,799,58,248,16,171,15,150,2,37,0,14,3,26,0,5,9,483,0,0,14,240,0,6,0,42,2,0,0,15,1,4,0,0,0,7,0,0,0,2,0,1,0,3,0,26,0,1,0,4,1,27,0,0,2,26,1,37,815,0,10,3740,5,1651,0,0,0,6,3,15,0,12,0,4,0,0,0,7,0,0,0,0,1,20,6,0,0,2,0,0,0,3,0,2,1,3,6,2,0,1,0,0,0,0,0,8,0,5,1,623,4,623,4,321,1,106,0,0,4,424,1,105,2,10,1,0,0,6,4,212,1,87,1,47,145,756,85,346,97,760,5,526,3,10,1,18,8,58,2,31,7,17,3,6
161,7,202,1,287,4,84,3,383,1,92,0,101,0,140,10,719,0,112,2,30,0,82,0,28,0,6,0,141,0,9,0,3695,3,0,0,336,29,42,0,1165,3,34,1,394,0,10,0,1,0,12,0,2,1,12,0,2,0,114,2,233,3,21,0,53,0,15,10,4,0,124,0,65,0,2576,10,0,6,2271,5,0,0,68,0,236,1,344,0,176,0,1,0,244,1,0,0,0,0,6,10,22,0,1,0,1,0,1,0,1,3,3,11,0,2,0,0,0,0,0,0,20,0,1,0,286,1,343,4,155,2,59,0,8,0,184,13,44,0,207,0,14,0,22,1,149,1,20,3,14,1,39,0,26,0,35,6,475,0,21,8,5,0,94,16,51,10,6,2,6,3
7,239,6,377,4,710,3,209,2,583,0,142,5,54,5,106,0,613,4,80,0,73,1,116,0,93,0,16,0,66,0,2,5,3220,0,0,16,275,6,16,1,1306,0,22,0,570,2,14,2,1,0,14,0,1,0,5,0,5,0,175,4,120,0,6,2,5,4,72,0,0,8,66,3,43,10,3740,6,0,9,2138,0,0,1,27,5,216,0,258,1,166,0,9,0,153,0,0,0,0,1,9,10,0,0,1,0,0,0,5,0,2,2,2,1,0,0,0,0,0,0,0,0,2,0,7,2,186,3,116,2,107,2,24,0,1,1,54,0,22,0,180,2,3,1,21,4,90,0,26,1,11,3,27,2,47,23,116,0,707,0,7,0,8,8,114,1,13,3,1,0,1
30,3,17,1,23,2,15,1,29,1,0,0,20,2,28,5,24,0,3,0,1,0,0,0,1,0,0,0,0,0,0,0,266,5,0,0,76,7,21,0,437,2,12,4,50,0,6,0,1,0,4,0,0,0,5,0,1,0,15,1,23,0,3,0,3,0,2,3,0,0,14,1,2,0,879,5,2271,9,0,13,0,0,17,0,36,1,13,0,17,0,1,0,23,0,0,0,1,0,2,9,31,0,0,0,0,0,3,1,0,1,6,9,1,3,0,0,0,0,0,0,4,0,1,0,325,1,55,3,35,4,31,0,27,0,108,8,10,1,131,0,8,0,13,0,48,1,6,1,27,0,0,0,0,0,4,2,405,0,13,8,2,0,270,14,43,9,2,1,3,0
3,71,2,42,3,103,0,54,1,79,0,0,0,27,5,51,0,8,1,16,0,0,0,0,0,0,0,0,0,0,0,0,6,136,0,0,4,88,2,12,1,468,1,1,0,171,3,6,0,0,0,6,0,0,0,0,0,2,0,36,0,21,1,0,0,4,4,26,0,0,4,23,1,31,8,1651,5,2138,13,0,0,0,0,13,2,34,0,42,1,15,0,0,0,24,0,0,0,0,1,4,8,0,0,1,0,0,0,0,0,0,0,2,0,0,0,0,0,0,0,0,0,7,0,3,1,533,0,84,0,45,0,48,0,6,0,61,0,32,0,88,0,2,1,8,2,31,0,9,2,6,0,0,0,2,16,28,0,476,3,7,0,3,12,178,1,12,1,1,1,0
0,0,0,0,0,0,0,0,0,0,0,0,0,0,0,0,0,0,0,0,0,0,0,0,0,0,0,0,0,0,0,0,0,0,0,0,0,0,0,0,0,0,0,0,0,0,0,0,0,0,0,0,0,0,0,0,0,0,0,0,0,0,0,0,0,0,0,0,0,0,0,0,0,0,0,0,0,0,0,0,0,0,0,0,0,0,0,0,0,0,0,0,0,0,0,0,0,0,0,0,0,0,0,0,0,0,0,0,0,0,0,0,0,0,0,0,0,0,0,0,0,0,0,0,0,0,0,0,0,0,0,0,0,0,0,0,0,0,0,0,0,0,0,0,0,0,0,0,0,0,0,0,0,0,0,0,0,0,0,0,0,0,0,0,0,0,0,0,0,0
0,0,0,0,0,0,0,0,0,0,0,0,0,0,0,0,0,0,0,0,0,0,0,0,0,0,0,0,0,0,0,0,0,0,0,0,0,0,0,0,0,0,0,0,0,0,0,0,0,0,0,0,0,0,0,0,0,0,0,0,0,0,0,0,0,0,0,0,0,0,0,0,0,0,0,0,0,0,0,0,0,0,0,0,0,0,0,0,0,0,0,0,0,0,0,0,0,0,0,0,0,0,0,0,0,0,0,0,0,0,0,0,0,0,0,0,0,0,0,0,0,0,0,0,0,0,0,0,0,0,0,0,0,0,0,0,0,0,0,0,0,0,0,0,0,0,0,0,0,0,0,0,0,0,0,0,0,0,0,0,0,0,0,0,0,0,0,0,0,0
25,1,5,0,19,0,19,0,0,0,0,0,187,0,1,0,0,0,0,0,0,0,0,0,0,0,0,0,0,0,0,0,140,1,0,0,10,4,18,0,28,0,6,1,0,0,13,0,0,0,58,1,0,0,24,0,34,0,57,0,69,0,0,0,0,0,1,4,0,0,6,0,0,0,16,0,68,1,17,0,0,0,0,0,134,0,0,0,31,0,0,0,3,0,0,0,0,0,0,3,1,0,0,0,0,0,0,0,0,0,0,1,0,0,0,0,0,0,0,0,0,0,0,0,0,0,9,0,16,0,3,0,0,0,8,1,0,0,0,0,0,0,0,0,4,0,2,0,12,0,0,0,0,0,0,0,0,0,1,1,1,0,7,1,2,0,0,0,0,0
0,18,0,5,1,11,0,4,0,1,0,0,2,113,0,3,0,0,0,0,0,0,0,0,0,0,0,0,0,0,0,0,0,85,0,0,0,11,6,35,0,11,0,2,0,0,9,57,1,2,0,66,0,1,0,3,0,9,0,56,0,11,0,0,0,1,0,7,0,0,4,34,0,0,0,6,0,27,0,13,0,0,0,0,0,499,0,3,1,48,0,0,0,27,0,0,0,0,0,0,0,0,0,0,0,0,0,0,0,0,0,0,0,0,0,0,0,0,0,0,0,0,0,0,0,1,0,2,0,4,0,1,0,0,0,0,0,1,0,0,0,0,0,0,0,1,0,1,0,0,0,0,0,0,1,1,0,0,1,0,0,0,0,1,0,1,0,0,0,0
247,0,11,0,10,0,50,0,1,0,0,0,945,1,1,0,0,0,0,0,0,0,0,0,0,0,0,0,0,0,0,0,372,3,0,0,80,10,58,3,499,0,37,0,0,0,63,1,6,0,178,0,6,1,183,0,114,0,412,1,987,2,5,0,131,0,1257,5,261,0,46,0,3,0,23,3,236,5,36,2,0,0,134,0,0,6,792,0,5115,1,1,0,689,0,0,0,0,0,0,1,3,0,0,0,0,0,0,0,0,2,1,1,0,0,0,0,0,0,0,0,2,0,0,0,2,0,18,0,11,0,0,1,0,0,6,0,1,0,29,0,2,0,5,0,29,0,0,0,8,0,0,0,0,0,0,0,0,0,1,0,1,1,16,0,2,0,0,0,0,0
2,425,0,15,0,17,0,1,0,1,0,0,5,241,0,8,0,0,0,0,0,0,0,1,0,0,0,0,0,0,0,0,1,520,0,0,1,42,7,95,1,520,0,33,0,2,35,186,2,11,0,290,0,17,0,55,0,127,0,835,0,204,0,4,0,24,1,930,0,191,7,171,0,15,1,15,1,216,1,34,0,0,0,499,6,0,0,1347,1,4186,0,60,1,647,0,1,0,0,2,4,0,0,0,2,0,0,0,0,0,0,0,0,0,0,0,0,0,0,0,0,0,0,0,2,0,4,0,2,0,13,0,2,0,0,0,2,0,0,1,11,0,0,0,8,0,31,0,0,1,1,0,0,0,0,0,0,0,0,1,0,0,0,2,21,0,1,0,1,0,0
0,0,6,0,6,0,15,0,5,0,13,0,131,0,0,0,7,0,4,0,3,0,3,0,49,0,3,0,523,0,2,0,548,0,0,0,0,0,0,0,676,0,588,0,459,0,0,0,0,0,0,0,0,0,0,0,0,0,661,0,0,0,0,0,0,0,0,0,0,0,0,0,0,0,3,0,344,0,13,0,0,0,0,0,792,0,0,0,1168,0,1911,0,1203,0,0,0,0,0,0,0,0,0,0,0,0,0,0,0,0,0,0,0,0,0,0,0,0,0,0,0,0,0,0,0,0,0,0,0,0,0,0,0,0,0,1,0,0,0,6,0,0,0,0,0,0,0,0,0,0,0,2,0,1,0,0,0,2,0,0,0,0,0,0,0,1,0,0,0,0,0
0,0,0,2,0,15,0,0,0,11,0,8,0,1,0,0,0,27,0,3,0,3,0,10,0,46,0,0,0,13,0,0,0,188,0,0,0,0,0,0,0,1035,0,404,0,800,0,0,0,0,0,0,0,0,0,0,0,0,0,399,0,0,0,0,0,0,0,0,0,0,0,0,0,0,0,12,0,258,0,42,0,0,0,3,0,1347,0,0,0,949,0,3931,0,800,0,0,0,0,0,0,0,0,0,0,0,0,0,0,0,0,0,0,0,0,0,0,0,0,0,0,0,0,0,0,0,3,0,0,0,0,0,0,0,0,0,1,0,0,0,1,0,0,0,0,0,0,0,0,0,0,0,0,0,0,0,0,0,6,0,0,0,0,0,0,0,0,0,0,0,0
17,0,1,0,1,0,1,0,2,0,0,0,18,0,0,0,0,0,0,0,0,0,0,0,0,0,0,0,0,0,0,0,224,1,0,0,7,2,25,2,274,0,55,0,3,0,61,1,12,0,168,0,15,0,2624,0,593,0,538,0,57,0,7,0,160,0,153,0,1042,0,30,0,0,0,9,0,176,1,17,1,0,0,31,1,5115,1,1168,0,0,1,620,0,6130,0,0,0,0,0,0,0,1,0,0,0,0,0,0,0,1,1,0,1,0,1,0,0,0,0,0,0,0,0,0,0,0,0,1,0,5,1,0,0,0,0,1,0,0,0,7,1,0,0,1,0,13,0,4,0,4,0,0,0,0,0,0,0,0,0,1,0,0,0,5,2,0,0,0,0,0,0
0,56,0,6,0,1,0,0,0,0,0,3,2,7,0,1,0,0,0,0,0,0,0,0,0,2,0,0,0,0,0,0,0,230,0,0,0,10,4,38,1,551,0,28,0,11,58,303,9,121,0,385,0,315,0,1985,0,622,0,1086,0,137,0,2,0,41,2,183,0,657,10,141,0,3,0,4,0,166,0,15,0,0,0,48,1,4186,0,949,1,0,0,818,0,5918,0,4,0,0,0,1,0,0,0,16,0,0,0,0,0,0,0,0,0,0,0,0,0,0,0,0,0,0,0,0,0,1,0,2,1,4,0,0,0,0,0,0,0,0,0,6,0,0,0,1,1,4,0,0,0,0,0,0,0,0,0,0,0,1,0,0,0,0,1,3,0,0,0,0,0,0
0,0,0,0,0,0,0,0,0,0,0,0,0,0,0,0,0,0,0,0,0,0,0,0,0,0,0,0,0,0,0,0,4,0,0,0,0,0,0,0,48,0,77,0,10,0,0,0,0,0,0,0,0,0,0,0,0,0,608,0,0,0,0,0,0,0,0,0,0,0,0,0,0,0,0,0,1,0,1,0,0,0,0,0,1,0,1911,0,620,0,0,0,2896,0,0,0,0,0,0,0,0,0,0,0,0,0,0,0,0,0,0,0,0,0,0,0,0,0,0,0,0,0,0,0,0,0,0,0,0,0,0,0,0,0,0,0,0,0,0,0,0,0,0,0,0,0,0,0,0,0,0,0,0,0,0,0,0,0,0,0,0,0,0,0,0,0,0,0,0,0
0,0,0,0,0,0,0,0,0,0,0,0,0,0,0,0,0,0,0,0,0,0,0,0,0,0,0,0,0,0,0,0,0,3,0,0,0,0,0,0,0,81,0,208,0,33,0,0,0,0,0,0,0,0,0,0,0,0,0,351,0,0,0,0,0,0,0,0,0,0,0,0,0,0,0,0,0,9,0,0,0,0,0,0,0,60,0,3931,0,818,0,0,0,1980,0,0,0,0,0,0,0,0,0,0,0,0,0,0,0,0,0,0,0,0,0,0,0,0,0,0,0,0,0,0,0,0,0,0,0,0,0,0,0,0,0,0,0,0,0,0,0,0,0,0,0,0,0,0,0,0,0,0,0,0,0,0,0,1,0,0,0,0,0,0,0,0,0,0,0,0
1,0,0,0,1,0,0,0,1,0,0,0,0,0,0,0,0,0,0,0,0,0,0,0,0,0,0,0,1,0,0,0,289,0,0,0,0,0,8,0,594,0,254,0,13,0,4,0,2,0,79,0,1,0,218,0,493,0,3841,0,1,0,0,0,7,0,2,0,15,0,4,0,0,0,4,0,244,0,23,0,0,0,3,0,689,1,1203,0,6130,0,2896,0,0,0,23,0,0,0,0,0,0,0,4,0,0,0,0,0,0,0,0,1,0,0,0,0,0,0,0,0,0,0,1,0,0,0,0,0,3,0,0,0,0,0,1,0,0,0,37,0,0,0,3,0,5,0,1,0,0,0,0,0,0,0,0,0,0,0,0,1,0,0,6,0,0,0,0,0,0,0
0,0,1,2,0,5,0,0,0,5,0,0,0,0,0,0,0,0,0,1,0,0,0,2,0,1,0,0,0,2,0,0,0,232,0,0,0,0,0,0,1,296,0,127,0,25,1,36,1,16,2,90,0,31,0,85,0,1189,0,1984,0,2,0,0,0,0,0,3,0,3,0,17,0,0,1,7,1,153,0,24,0,0,0,27,0,647,0,800,0,5918,0,1980,0,0,0,1,0,0,0,1,1,0,0,2,0,0,0,2,0,0,1,0,0,0,0,0,0,0,0,0,0,0,0,1,0,3,0,0,0,3,0,1,0,0,0,2,0,1,0,2,0,0,0,4,0,9,0,0,0,0,0,0,0,1,0,0,0,1,0,0,0,0,2,7,0,0,0,0,0,0
0,0,0,0,0,0,0,0,0,0,0,0,0,0,0,0,0,0,0,0,0,0,0,0,0,0,0,0,0,0,0,0,0,0,0,0,0,0,0,0,0,0,4,0,0,0,0,0,0,0,114,0,0,0,7,0,42,0,19,0,0,0,0,0,0,0,0,0,0,0,0,0,0,0,0,0,0,0,0,0,0,0,0,0,0,0,0,0,0,0,0,0,23,0,0,2,7133,4,29,4,595,6,4349,9,1038,0,1651,4,178,3,33,0,0,1,9,26,59,24,3,2,0,0,0,0,0,1,0,0,0,2,1,0,0,0,0,2,0,0,0,0,0,0,0,0,1,0,1,0,0,1,0,0,0,0,0,0,0,0,0,0,0,0,0,0,0,0,2,0,0,0
0,0,0,0,0,0,0,0,0,0,0,0,0,0,0,0,0,0,0,0,0,0,0,0,0,0,0,0,0,0,0,0,0,0,0,0,0,0,0,0,0,0,0,0,0,0,25,60,0,5,0,238,0,9,0,13,0,109,0,61,0,0,0,0,0,0,0,0,0,1,0,0,0,0,0,0,0,0,0,0,0,0,0,0,0,1,0,0,0,4,0,0,0,1,2,0,1,6426,2,23,6,166,10,3686,0,523,8,1948,4,86,1,2,0,0,13,38,125,62,26,3,0,0,0,0,0,0,0,1,1,1,0,0,0,0,0,0,0,1,0,0,0,0,0,0,0,0,0,0,0,0,0,0,0,0,0,0,0,0,0,0,0,0,0,1,0,0,0,3,1,0
0,0,0,0,0,0,0,0,0,0,0,0,0,0,0,0,0,0,0,0,0,0,0,0,0,0,0,0,0,0,0,0,0,0,0,0,1,0,0,0,0,0,1,0,0,0,0,0,0,0,0,0,0,0,0,0,0,0,0,0,0,0,0,0,0,0,0,0,0,0,0,0,0,0,0,0,0,0,1,0,0,0,0,0,0,0,0,0,0,0,0,0,0,0,7133,1,0,13,13,2,168,4,709,9,3286,4,2661,17,100,1,3,0,0,1,22,24,35,26,1,1,0,0,0,0,0,0,1,0,1,0,0,0,0,0,0,0,1,0,0,0,0,0,0,0,0,0,0,0,0,0,0,0,0,0,0,0,0,0,0,0,0,0,1,0,0,0,0,0,0,0
0,0,0,0,0,0,0,0,0,0,0,0,0,0,0,0,0,0,0,0,0,0,0,0,0,0,0,0,0,0,0,0,0,0,0,0,0,0,0,0,0,0,0,0,0,0,0,0,0,0,0,0,0,0,0,0,0,0,0,0,0,0,0,0,0,0,0,0,0,0,0,0,0,0,0,0,0,0,0,0,0,0,0,0,0,0,0,0,0,0,0,0,0,0,4,6426,13,0,1,30,4,106,12,998,1,1962,13,2427,7,63,0,3,1,1,12,28,61,112,16,1,0,0,0,0,0,0,0,0,0,0,0,0,0,0,0,0,0,0,0,0,0,0,0,0,0,1,0,0,0,0,0,0,0,0,0,0,0,0,0,0,0,0,0,0,0,1,0,2,2,1
0,0,0,0,0,0,0,0,0,0,0,0,0,0,0,0,0,0,0,0,0,0,0,0,0,0,0,0,0,0,0,0,2,0,0,0,0,0,0,0,5,0,6,0,0,0,0,0,0,0,20,0,0,0,0,0,0,0,0,0,0,0,0,0,1,0,0,0,0,0,0,0,0,0,13,1,6,1,2,1,0,0,0,0,0,2,0,0,0,0,0,0,0,0,29,2,13,1,0,19,368,5,75,11,12,2,138,20,540,30,54,18,56,250,19,8,5,13,18,203,1,0,0,0,2,1,11,4,19,10,2,2,0,0,43,14,1,0,1,0,8,0,14,2,188,7,12,2,4,1,0,0,0,0,0,0,0,0,2,1,0,0,3,0,1,2,278,26,9,4
1,0,1,0,0,1,0,0,0,1,0,0,0,0,2,1,0,0,0,0,0,0,0,0,0,0,0,0,0,0,0,0,4,2,0,0,0,0,0,0,5,9,7,31,0,0,0,0,0,0,0,73,0,0,0,0,0,0,3,1,0,0,0,0,0,0,0,0,0,0,0,0,0,1,8,20,10,9,9,4,0,0,3,0,1,4,0,0,0,1,0,0,0,1,4,23,2,30,19,0,82,950,5,281,2,22,20,735,29,507,9,536,55,113,83,17,13,30,50,81,1,2,0,2,5,10,10,28,17,68,5,10,0,0,17,25,1,4,1,4,3,16,2,45,11,71,4,6,10,10,0,0,0,0,0,0,0,0,1,4,2,0,2,14,5,30,5,342,19,4
0,1,1,1,1,1,0,0,0,2,0,0,0,0,0,2,0,0,0,0,0,0,0,0,0,0,0,0,0,0,0,0,2,3,0,0,2,2,1,0,61,3,266,5,0,0,0,0,0,0,208,3,0,0,0,0,0,1,69,0,2,0,0,0,0,0,0,2,0,0,4,0,0,0,5,6,22,10,31,8,0,0,1,0,3,0,0,0,1,0,0,0,0,1,595,6,168,4,368,82,0,117,1960,41,181,2,1381,41,883,30,538,42,7,220,961,112,15,106,61,106,2,0,1,0,8,3,12,9,28,16,8,5,0,0,25,15,4,2,3,1,15,0,6,5,28,4,2,1,9,3,0,0,0,0,0,1,0,0,26,11,1,1,19,5,20,7,25,9,12,7
0,0,0,0,0,0,0,0,0,0,0,0,0,0,0,0,0,0,0,0,0,0,0,0,0,0,0,0,0,0,0,0,0,0,0,0,0,0,0,0,0,1,1,2,0,0,0,0,0,0,3,0,0,0,0,0,0,0,0,5,0,0,0,0,0,0,0,0,0,0,0,0,0,0,0,0,0,0,0,0,0,0,0,0,0,0,0,0,0,0,0,0,0,0,6,166,4,106,5,950,117,0,23,1792,4,65,37,1023,11,226,2,54,6,22,420,230,48,64,62,32,0,0,0,0,0,0,0,0,0,2,0,1,0,0,0,1,0,0,0,1,0,0,0,0,0,0,0,0,0,0,0,0,0,0,0,0,0,0,0,0,0,0,0,0,0,3,2,2,0,0
0,0,0,0,0,0,0,0,0,0,0,0,0,0,0,0,0,0,0,0,0,0,0,0,0,0,0,0,0,0,0,0,0,0,0,0,0,0,0,0,0,0,6,0,0,0,0,0,0,0,107,0,0,0,0,0,0,0,12,0,0,0,0,0,0,0,0,0,0,0,0,0,0,0,0,0,1,0,0,0,0,0,0,0,0,0,0,0,0,0,0,0,4,0,4349,10,709,12,75,5,1960,23,0,54,302,6,1008,37,230,5,55,1,0,5,66,159,160,50,17,4,0,0,0,0,0,1,0,1,1,0,0,0,0,0,1,3,0,0,0,0,0,0,1,0,4,0,1,0,0,0,0,0,0,0,0,0,0,0,0,0,0,0,1,0,0,0,2,0,2,0
0,0,0,0,0,0,0,0,0,0,0,0,0,0,0,0,0,0,0,0,0,0,0,0,0,0,0,0,0,0,0,0,0,0,0,0,0,0,0,0,1,0,0,0,0,0,70,39,0,2,1,348,0,4,0,16,0,27,0,114,0,0,0,0,0,0,0,0,0,1,0,1,0,0,0,2,0,1,0,1,0,0,0,0,0,2,0,0,0,16,0,0,0,2,9,3686,9,998,11,281,41,1792,54,0,3,149,50,1585,23,209,5,29,2,17,165,310,549,109,104,14,0,0,0,0,0,1,1,0,0,0,0,0,0,0,0,1,0,1,0,0,0,0,0,1,0,1,0,0,0,0,0,0,0,0,0,0,0,0,0,0,0,0,0,0,0,1,1,12,0,0
0,0,0,0,0,0,0,0,0,0,0,0,0,0,0,0,0,0,0,0,0,0,0,0,0,0,0,0,0,0,0,0,0,0,0,0,0,0,0,0,0,0,12,0,0,0,0,0,0,0,0,0,0,0,0,0,0,0,0,0,0,0,0,0,0,0,0,0,0,0,0,0,0,0,0,0,1,0,0,0,0,0,0,0,0,0,0,0,0,0,0,0,0,0,1038,0,3286,1,12,2,181,4,302,3,0,0,4531,2,68,1,33,1,1,0,2,1,6,5,1,0,0,0,0,0,0,0,0,0,0,0,0,0,0,0,0,0,0,0,0,0,0,0,0,0,0,0,0,0,0,0,0,0,0,0,0,0,0,0,0,0,0,0,0,1,0,0,2,0,0,0
0,0,0,0,0,0,0,0,0,0,0,0,0,0,0,0,0,0,0,0,0,0,0,0,0,0,0,0,0,0,0,0,0,0,0,0,0,0,0,0,0,1,0,0,0,0,0,0,0,0,0,0,0,0,0,0,0,0,0,0,0,0,0,0,0,0,0,0,0,0,0,0,0,0,0,0,0,0,0,0,0,0,0,0,0,0,0,0,0,0,0,0,0,0,0,523,4,1962,2,22,2,65,6,149,0,0,2,3887,1,39,0,5,1,0,1,4,8,25,2,0,0,0,0,0,0,0,0,0,0,0,0,0,0,0,0,0,0,0,0,0,0,0,0,0,0,0,0,0,0,0,0,0,0,0,0,0,0,0,0,0,0,0,0,0,0,0,0,0,2,0
