0,172,1343,35,2290,24,733,4,225,3,1,0,151,8,1753,155,0,0,58,1,1,0,0,0,0,0,0,0,0,0,0,0,537,4,0,0,419,363,17,2,40,2,3,0,1,0,0,2,2,1,0,1,4,1,18,2,0,1,0,0,7148,13,163,2,641,0,441,3,217,3,87,6,1277,8,133,26,986,28,369,17,0,0,11,1,253,9,8,0,198,2,0,0,0,0,3,3,4,2,17,4,2,0,1,1,1,4,5,4,8,8,1,0,9,3,2,1,0,0,0,3,0,0,5,3,7,1,257,34,176,17,44,4,1,0,90,17,21,1,1,1,0,0,3,0,92,25,19,3,12,0,0,0,5,0,87,47,0,0,0,2,0,0,3,1,13,6,9,1,4,1
172,0,40,2454,34,1596,38,1348,12,201,1,12,1,643,330,1140,0,0,2,6,0,1,0,0,0,0,0,0,0,0,0,0,14,93,0,0,165,560,7,11,7,61,5,1,0,0,0,19,0,30,0,3,1,50,2,73,0,8,0,3,93,4031,3,175,6,142,6,555,6,580,12,177,93,399,14,268,53,606,29,303,0,0,0,5,6,200,0,2,14,341,0,0,0,105,9,0,12,1,22,12,4,1,8,0,1,0,0,0,3,1,0,2,36,7,2,0,1,0,1,3,0,0,0,7,1,7,40,372,18,331,4,90,0,1,10,152,1,38,0,1,0,1,0,9,4,284,1,41,1,34,0,0,0,0,10,12,0,1,6,7,0,0,7,6,6,19,6,4,13,0
1343,40,0,69,5934,77,189,9,346,6,306,4,8,2,2970,53,0,5,4076,51,178,27,65,7,105,1,170,1,31,3,153,0,322,5,0,0,95,49,7,3,5,2,1,0,0,0,1,0,1,0,1,0,3,0,15,1,1,0,0,0,148,1,53,0,92,0,40,0,102,1,98,3,146,1,9,16,221,12,31,3,0,0,2,0,33,0,12,1,85,2,0,0,0,1,1,0,1,0,4,0,0,0,0,0,0,0,0,0,0,1,0,0,0,0,0,0,1,0,0,1,0,0,0,3,5,1,28,4,17,5,4,0,1,0,6,3,2,0,1,0,1,0,0,0,8,9,4,2,1,0,8,11,66,20,145,210,0,0,0,0,0,0,1,0,1,0,0,0,0,0
35,2454,69,0,106,6198,42,469,50,340,26,237,0,123,183,2109,0,21,211,2046,34,217,9,102,0,30,2,139,4,117,7,38,53,161,0,0,89,761,2,54,2,76,2,5,0,10,0,12,0,9,0,4,0,17,0,20,0,4,0,8,11,197,1,81,4,4,3,48,7,56,3,477,26,286,9,335,58,811,11,172,0,0,0,3,6,40,0,17,12,43,0,15,0,19,3,0,1,1,4,3,0,0,1,0,0,1,0,1,0,0,0,0,10,1,1,0,0,0,0,1,0,17,0,39,1,29,9,204,5,70,2,23,0,0,2,206,3,23,0,0,0,0,0,1,3,303,0,19,1,11,16,52,59,509,227,627,1,7,0,1,0,2,1,4,1,5,1,5,5,0
2290,34,5934,106,0,109,669,6,2071,10,457,6,14,8,727,60,0,2,1412,79,80,28,17,0,24,1,62,2,30,0,430,1,454,3,0,0,110,113,8,0,3,4,1,0,0,0,1,0,0,0,0,0,2,0,9,1,0,0,0,0,151,1,22,0,199,0,101,2,217,1,15,5,28,1,8,27,285,18,42,6,0,0,1,0,72,1,18,0,186,2,0,0,0,0,1,0,0,1,3,0,0,0,0,0,0,0,0,0,1,0,1,0,1,1,0,0,0,0,0,0,0,1,2,1,3,2,52,4,10,3,7,1,0,1,13,12,10,2,1,0,2,0,0,0,14,13,2,1,3,1,3,7,79,33,251,415,0,0,0,0,0,0,3,0,1,0,1,1,1,0
24,1596,77,6198,109,0,45,920,63,2035,10,413,4,56,200,281,0,5,175,370,10,38,2,13,1,20,0,565,1,112,1,81,78,149,0,0,73,370,0,50,1,50,0,1,0,12,0,6,0,4,0,5,0,13,0,16,0,4,0,5,2,49,0,4,4,5,4,118,4,101,2,133,7,54,1,273,39,654,5,101,0,0,0,4,3,84,1,19,6,95,0,21,0,24,0,0,1,0,1,1,0,0,1,0,0,0,0,0,0,0,0,0,4,2,0,0,0,0,0,0,0,14,0,21,0,35,3,100,1,24,1,11,0,0,1,140,0,17,1,1,0,0,2,2,2,171,1,8,0,5,3,7,35,145,244,461,0,4,0,1,0,0,0,0,1,0,0,0,2,1
733,38,189,42,669,45,0,5,1317,3,5,0,1242,3,646,64,0,0,74,4,0,0,0,0,0,0,0,0,0,0,0,0,926,3,0,0,219,59,5,1,0,2,1,0,0,0,1,0,0,1,0,0,0,0,2,0,0,0,0,0,255,3,8,0,27,0,144,0,15,0,12,1,50,2,37,13,69,20,20,6,0,0,10,0,266,2,1,0,56,1,0,0,0,0,0,0,0,2,1,2,0,1,1,0,0,0,0,0,0,1,1,0,0,0,0,0,0,0,0,0,0,0,0,0,0,1,24,6,7,4,5,1,0,0,2,3,1,0,0,0,1,0,1,0,5,11,0,1,2,0,0,0,0,0,60,69,0,0,0,0,0,0,0,0,0,0,0,0,1,1
4,1348,9,469,6,920,5,0,9,1158,0,11,0,654,45,321,0,0,13,88,0,0,0,0,0,0,0,0,0,1,0,0,5,593,0,0,18,119,2,19,1,13,0,2,0,0,0,5,0,4,0,4,0,4,0,5,0,0,0,1,2,110,0,13,1,2,1,235,1,86,1,61,9,33,0,56,3,263,1,40,0,0,0,19,0,239,0,2,1,94,0,0,0,10,1,0,0,0,1,0,0,0,0,0,1,0,0,0,0,1,0,0,3,0,0,0,0,0,0,0,0,0,0,7,0,6,5,51,2,11,0,6,0,0,2,20,0,10,0,2,0,0,0,0,1,64,3,2,0,3,0,0,1,1,22,31,0,0,1,0,0,1,0,1,1,1,1,0,3,1
225,12,346,50,2071,63,1317,9,0,8,397,0,97,1,428,39,1,0,482,37,2,4,1,1,0,0,0,1,6,0,8,0,1309,3,0,0,112,33,3,1,1,2,0,0,0,0,0,0,0,0,0,0,3,0,4,0,0,0,0,0,48,2,7,1,17,1,45,0,30,0,6,3,16,0,22,11,108,14,17,2,0,0,1,0,91,1,3,0,27,0,0,0,0,0,0,0,0,0,2,0,0,0,0,0,0,0,0,0,0,0,0,0,0,0,0,0,0,0,0,0,0,0,0,0,0,0,17,6,3,1,1,0,0,0,4,2,0,0,0,0,0,0,0,0,4,2,1,0,2,0,1,1,24,11,134,219,0,0,0,0,0,0,0,0,0,0,0,0,0,0
3,201,6,340,10,2035,3,1158,8,0,0,574,2,62,14,124,0,0,24,134,0,0,0,0,0,2,0,1,0,8,0,1,5,451,0,0,10,91,1,18,0,11,0,0,0,1,0,1,0,0,0,5,0,1,0,1,0,0,0,2,1,41,1,4,0,0,1,90,0,12,0,43,1,26,0,71,2,318,0,32,0,0,0,5,0,126,0,2,0,57,0,2,0,3,0,0,0,0,0,0,0,0,0,0,0,0,0,0,0,0,0,0,2,0,0,0,0,0,0,0,0,3,0,4,0,15,1,21,2,11,0,4,0,0,0,56,0,6,0,1,0,0,0,0,0,48,0,4,0,1,0,0,2,29,40,118,0,0,0,0,0,0,0,0,0,2,0,0,2,1
1,1,306,26,457,10,5,0,397,0,0,1,0,0,2,0,1,1,165,11,176,14,92,3,71,0,138,0,435,0,768,1,757,0,0,0,4,1,1,1,2,0,0,0,0,2,0,0,0,0,0,0,0,0,0,0,1,0,0,0,2,0,0,0,0,0,0,0,0,0,2,1,0,0,2,2,196,1,5,0,0,0,0,0,22,0,148,0,4,0,0,0,0,0,0,0,0,0,0,0,0,0,0,0,0,0,0,0,0,0,0,0,0,0,0,0,0,0,0,0,0,0,0,0,0,0,0,0,0,0,0,0,0,0,0,0,0,0,0,0,0,0,0,0,1,0,0,0,0,0,9,3,27,7,5,16,0,0,0,0,0,0,0,0,0,0,0,0,0,0
0,12,4,237,6,413,0,11,0,574,1,0,0,5,0,6,0,2,7,35,4,24,1,40,0,133,0,671,0,899,0,395,6,606,0,0,0,17,0,4,0,52,0,5,0,17,0,2,0,0,0,2,0,0,0,0,0,0,0,12,0,8,0,1,0,0,0,4,0,0,0,3,0,5,1,82,2,479,0,39,0,0,0,2,0,1,0,40,0,21,0,28,0,11,0,0,0,0,0,0,0,0,0,0,0,0,0,0,0,0,0,0,0,0,0,0,0,0,0,0,0,5,0,3,0,9,0,2,0,1,0,5,0,0,0,39,0,3,0,3,0,0,0,3,0,21,0,2,0,0,0,1,2,18,6,26,0,3,0,0,0,0,0,0,0,1,0,0,1,0
151,1,8,0,14,4,1242,0,97,2,0,0,0,0,19,0,0,0,13,0,1,0,0,0,0,0,0,0,0,0,0,0,777,2,0,0,19,6,7,0,0,1,0,0,0,0,0,0,0,0,0,0,2,0,3,0,0,0,0,0,598,1,22,2,7,0,250,0,1,1,23,10,14,1,5,1,33,6,2,1,0,0,79,0,552,3,0,1,5,2,0,0,0,0,1,0,1,0,1,0,0,0,0,0,1,0,0,0,0,0,0,0,0,0,0,0,0,0,0,0,0,0,0,0,0,1,5,3,5,0,0,0,0,0,0,0,0,0,0,0,1,0,1,0,2,0,1,0,0,1,0,0,0,0,1,2,0,0,0,0,0,0,0,0,0,0,0,0,0,0
8,643,2,123,8,56,3,654,1,62,0,5,0,0,37,203,0,0,0,7,0,0,0,0,0,0,0,0,0,0,0,0,2,711,0,0,13,64,0,0,2,17,1,1,0,0,0,3,0,2,0,0,0,0,0,0,0,0,0,0,3,542,1,8,1,16,2,887,0,20,2,22,8,46,2,50,2,608,4,125,0,0,0,11,0,97,0,0,1,15,0,0,0,2,0,1,3,2,6,3,2,0,0,0,0,0,1,1,1,0,0,0,11,2,0,0,0,0,0,2,0,0,0,3,0,2,2,74,2,68,1,13,0,0,0,54,0,6,0,0,0,0,0,2,1,72,0,6,1,6,0,0,0,0,0,2,0,0,1,3,0,4,0,1,1,3,2,0,3,1
1753,330,2970,183,727,200,646,45,428,14,2,0,19,37,0,781,1,0,734,22,0,0,0,0,0,0,0,1,0,0,0,0,207,13,0,0,1532,490,6,3,19,14,3,0,0,0,0,3,5,3,1,1,10,7,43,2,0,1,0,0,353,26,141,4,176,3,107,9,219,9,618,30,1165,102,63,77,453,68,149,32,0,0,6,1,107,1,4,1,199,3,0,0,1,3,4,1,3,4,14,6,2,1,0,0,0,1,1,3,0,5,1,0,4,3,1,1,0,0,2,2,0,1,3,6,4,1,193,48,57,30,34,6,0,0,49,31,7,5,2,0,2,0,8,1,76,61,14,8,8,8,0,0,7,0,179,205,0,0,2,0,0,1,5,1,7,2,3,1,7,0
155,1140,53,2109,60,281,64,321,39,124,0,6,0,203,781,0,0,1,25,1062,1,0,0,0,0,0,0,0,0,0,0,0,28,104,0,0,349,4136,1,18,0,90,3,2,0,0,0,3,0,5,0,6,2,1,3,2,0,0,0,0,48,241,0,35,11,2,5,28,8,11,16,286,403,1270,3,332,61,444,25,160,0,0,0,0,7,11,0,1,10,4,0,1,0,1,3,1,2,0,11,5,3,0,0,0,0,0,0,3,3,1,0,0,14,8,0,0,0,0,0,1,0,3,0,41,4,25,24,274,8,133,3,36,0,0,7,178,3,42,0,0,0,1,1,1,10,426,1,22,2,28,0,0,1,7,77,122,0,0,3,5,0,2,2,6,1,9,1,0,10,1
0,0,0,0,0,0,0,0,1,0,1,0,0,0,1,0,0,9,2,0,206,2,459,1,8,0,0,0,15,0,0,0,34,0,0,0,12,0,0,0,21,6,0,0,55,0,0,0,0,0,0,0,0,0,0,0,0,0,0,0,0,0,0,0,0,0,1,0,0,0,3,0,0,0,17,0,108,0,9,0,0,0,0,0,4,0,7,0,1,0,1,0,0,0,0,0,0,0,0,0,0,0,0,0,0,0,0,0,0,0,0,0,0,0,0,0,0,0,0,0,0,0,0,0,0,1,0,0,0,0,0,0,0,0,0,0,1,0,0,0,0,0,0,0,0,0,0,0,0,0,98,0,90,1,40,0,201,0,0,0,0,0,0,0,0,0,0,0,0,0
0,0,5,21,2,5,0,0,0,0,1,2,0,0,0,1,9,0,12,38,114,387,54,604,1,58,1,12,2,252,1,0,1,56,0,0,5,47,0,0,0,115,0,9,0,70,0,1,0,0,0,0,0,0,0,0,0,0,0,0,0,0,0,0,0,0,1,0,0,0,0,0,0,0,73,38,0,61,0,3,0,0,0,0,0,0,1,14,0,0,0,10,0,1,0,0,0,0,0,0,0,0,0,0,0,0,0,0,1,0,0,0,0,0,0,0,0,0,0,0,0,0,0,0,0,8,0,0,0,0,0,0,0,0,0,4,0,0,0,0,0,0,0,0,0,0,0,0,0,0,3,162,31,85,21,63,1,494,0,0,0,0,0,0,0,0,0,0,0,0
58,2,4076,211,1412,175,74,13,482,24,165,7,13,0,734,25,2,12,0,187,268,104,70,4,26,0,13,15,41,4,22,0,460,4,0,0,150,48,9,1,7,0,0,0,0,1,2,0,0,0,0,0,1,0,4,0,0,0,0,0,13,1,3,0,15,0,10,0,24,0,68,4,28,1,18,34,185,33,19,4,0,0,1,0,37,1,14,1,29,0,0,1,0,1,1,0,1,3,3,0,1,0,0,0,0,0,0,0,1,0,0,0,0,0,0,0,0,0,0,0,0,0,0,4,1,1,21,5,11,1,2,0,1,0,4,7,0,1,0,0,0,0,0,0,4,8,1,1,2,0,53,20,436,61,502,524,0,0,0,0,0,0,0,0,0,1,0,0,0,0
1,6,51,2046,79,370,4,88,37,134,11,35,0,7,22,1062,0,38,187,0,44,536,5,30,2,1,1,5,1,9,2,4,56,49,0,0,9,722,0,24,0,10,0,0,0,2,0,1,0,1,0,3,0,0,0,0,0,0,0,1,0,2,0,0,2,0,0,3,1,0,3,35,0,11,3,122,19,218,0,42,0,0,0,0,0,3,0,0,4,2,0,1,0,0,0,0,1,0,1,0,0,0,0,0,0,0,0,0,0,0,0,0,2,2,0,0,0,0,0,0,0,10,1,7,0,16,0,23,0,2,0,1,0,0,0,64,0,7,0,1,0,0,0,0,0,69,0,4,0,5,15,94,57,1348,223,843,0,7,0,0,0,0,1,0,0,1,0,0,1,0
1,0,178,34,80,10,0,0,2,0,176,4,1,0,0,1,206,114,268,44,0,201,447,50,203,12,92,11,154,3,32,0,70,0,0,0,21,4,6,0,4,1,0,0,0,1,1,0,1,0,0,0,0,0,0,0,2,0,1,0,0,0,0,0,0,0,0,0,0,0,11,1,2,0,35,35,72,9,3,0,0,0,0,0,29,0,54,2,9,0,2,2,0,0,0,0,0,0,0,0,0,0,0,0,0,0,0,0,0,0,0,0,0,0,0,0,0,0,0,0,0,0,0,0,0,0,0,0,1,0,0,0,0,0,0,0,0,0,1,0,0,0,0,0,0,0,0,0,0,0,281,20,412,20,42,11,24,13,0,0,0,0,0,1,0,0,0,0,0,0
0,1,27,217,28,38,0,0,4,0,14,24,0,0,0,0,2,387,104,536,201,0,125,817,2,99,5,82,5,46,2,2,19,14,0,0,9,23,0,1,2,1,0,2,0,19,0,0,0,0,0,0,0,0,0,0,0,0,0,1,0,0,0,0,0,0,0,0,0,0,4,0,0,0,25,53,10,52,1,3,0,0,0,0,2,0,2,8,0,0,0,8,0,0,0,0,0,0,0,0,0,0,0,0,0,0,0,0,0,0,0,0,0,0,0,0,0,0,0,0,0,0,0,0,0,0,1,0,0,0,0,0,0,0,0,3,0,0,0,0,0,0,0,0,0,2,0,0,0,0,51,531,78,292,33,57,0,87,0,0,0,0,0,0,0,0,0,0,0,0
0,0,65,9,17,2,0,0,1,0,92,1,0,0,0,0,459,54,70,5,447,125,0,369,530,10,77,2,536,3,6,0,209,0,0,0,2,1,0,0,9,0,0,0,16,1,0,0,1,1,0,0,1,0,3,0,1,0,0,0,0,0,0,0,0,0,0,0,0,0,1,0,1,0,19,7,161,3,6,0,0,0,0,0,30,0,100,1,21,0,0,0,1,0,0,0,0,0,0,0,0,0,0,0,0,0,0,0,0,0,0,0,0,0,0,0,0,0,0,0,0,0,0,0,1,0,0,0,0,0,0,0,0,0,0,0,0,0,0,0,0,0,0,0,0,0,0,0,0,0,206,4,125,5,19,4,232,8,0,0,0,0,0,0,0,0,0,0,0,0
0,0,7,102,0,13,0,0,1,0,3,40,0,0,0,0,1,604,4,30,50,817,369,0,2,712,1,103,2,146,0,0,2,33,0,0,2,13,3,0,0,1,0,3,0,22,0,1,1,0,0,0,0,0,0,0,0,0,0,2,0,0,0,0,0,0,0,0,0,0,0,0,0,0,26,13,1,70,0,1,0,0,0,0,0,0,1,12,0,1,0,9,0,0,0,0,0,0,1,0,0,0,0,0,0,0,0,0,0,0,0,0,0,0,0,0,0,0,0,0,0,0,0,0,0,1,0,0,0,0,0,0,0,0,0,1,0,0,0,0,0,0,0,0,0,0,0,0,0,0,2,37,13,17,14,13,0,191,0,0,0,0,0,0,0,0,0,0,0,0
0,0,105,0,24,1,0,0,0,0,71,0,0,0,0,0,8,1,26,2,203,2,530,2,0,0,268,0,591,0,6,0,92,0,0,0,0,1,0,0,1,0,0,0,0,0,0,0,1,0,0,0,0,0,1,0,1,0,0,0,0,0,0,0,0,0,0,0,0,0,1,0,0,0,1,1,10,0,0,0,0,0,0,0,16,0,41,0,2,0,0,0,0,0,0,0,0,0,0,0,0,0,0,0,0,0,0,0,0,0,0,0,0,0,0,0,0,0,0,0,0,0,0,0,0,0,0,0,0,0,0,0,0,0,0,0,0,0,0,0,0,0,0,0,0,0,0,0,0,0,14,0,12,0,1,1,7,0,0,0,0,0,0,0,0,0,0,0,0,0
0,0,1,30,1,20,0,0,0,2,0,133,0,0,0,0,0,58,0,1,12,99,10,712,0,0,0,461,0,497,0,6,0,187,0,0,0,0,0,0,0,6,0,3,0,25,0,0,0,0,0,0,0,0,0,0,0,0,0,1,0,0,0,0,0,0,0,0,0,0,0,0,0,0,5,4,1,36,0,0,0,0,0,0,0,0,0,17,0,2,0,10,0,1,0,0,0,0,0,0,0,0,0,0,0,0,0,0,0,0,0,0,0,0,0,0,0,0,0,0,0,0,0,0,0,0,0,0,0,0,0,0,0,0,0,0,0,0,0,0,0,0,0,0,0,0,0,0,0,0,1,2,3,1,1,0,0,7,0,0,0,0,0,0,0,0,0,0,0,0
0,0,170,2,62,0,0,0,0,0,138,0,0,0,0,0,0,1,13,1,92,5,77,1,268,0,0,1,92,0,187,0,9,0,0,0,0,0,0,0,0,0,0,0,0,0,0,0,0,0,0,0,0,0,0,0,0,0,0,0,0,0,0,0,0,0,0,0,0,0,0,0,0,0,0,1,0,1,1,0,0,0,0,0,2,0,10,0,1,0,0,0,0,0,0,0,0,0,0,0,0,0,0,0,0,0,0,0,0,0,0,0,0,0,0,0,0,0,0,0,0,0,0,0,0,0,0,0,0,0,0,0,0,0,0,0,0,0,0,0,0,0,0,0,0,0,0,0,0,0,4,0,6,0,0,0,0,0,0,0,0,0,0,0,0,0,0,0,0,0
0,0,1,139,2,565,0,0,1,1,0,671,0,0,1,0,0,12,15,5,11,82,2,103,0,461,1,0,1,463,0,130,2,64,0,0,1,2,0,1,0,5,0,0,0,22,1,0,0,0,0,1,0,0,0,0,0,0,0,2,0,0,0,0,0,0,0,0,0,0,0,0,0,0,1,39,1,124,0,3,0,0,0,0,0,1,1,22,0,2,0,21,0,2,0,0,0,0,0,0,0,0,0,0,0,0,0,0,0,0,0,0,0,0,0,0,0,0,0,0,0,0,0,0,0,1,0,0,0,0,0,0,0,0,0,6,0,0,0,0,0,0,0,1,0,4,0,0,0,0,2,4,13,5,1,2,0,17,0,0,0,0,0,0,0,0,0,0,0,0
0,0,31,4,30,1,0,0,6,0,435,0,0,0,0,0,15,2,41,1,154,5,536,2,591,0,92,1,0,0,37,0,823,0,0,0,2,0,1,0,1,0,0,0,0,0,0,0,0,0,1,0,0,0,0,0,0,0,0,0,0,0,0,0,0,0,0,0,1,0,4,0,2,0,8,2,20,0,0,0,0,0,0,0,23,0,501,0,6,0,1,0,0,0,0,0,0,0,0,0,0,0,0,0,0,0,0,0,0,0,0,0,0,0,0,0,0,0,0,0,0,0,0,0,0,0,0,0,1,0,0,0,0,0,1,0,0,0,0,0,0,0,0,0,0,0,0,0,0,0,43,1,53,0,18,0,23,1,0,0,0,0,0,0,0,0,0,0,0,0
0,0,3,117,0,112,0,1,0,8,0,899,0,0,0,0,0,252,4,9,3,46,3,146,0,497,0,463,0,0,1,109,1,745,0,0,0,4,0,0,0,36,0,2,0,22,0,0,0,1,0,1,0,0,0,0,0,0,0,6,0,0,0,0,0,0,0,0,0,0,0,0,0,0,2,50,0,212,0,12,0,0,0,0,0,0,0,34,0,4,0,30,0,7,0,0,0,0,0,0,0,0,0,0,0,0,0,0,0,0,0,0,0,0,0,0,0,0,0,0,0,3,0,0,0,1,0,0,0,0,0,0,0,0,0,8,0,0,0,2,0,0,0,0,0,8,0,0,0,0,2,4,4,13,4,4,0,14,0,0,0,0,0,0,0,0,0,0,0,0
0,0,153,7,430,1,0,0,8,0,768,0,0,0,0,0,0,1,22,2,32,2,6,0,6,0,187,0,37,1,0,0,60,0,0,0,0,0,0,0,0,0,0,0,0,0,0,0,0,0,0,0,0,0,0,0,0,0,0,0,0,0,0,0,0,0,0,0,0,0,0,0,0,0,0,1,19,0,0,0,0,0,0,0,5,0,20,0,1,0,0,0,0,0,0,0,0,0,0,0,0,0,0,0,0,0,0,0,0,0,0,0,0,0,0,0,0,0,0,0,0,0,0,0,0,0,0,0,0,0,0,0,0,0,0,0,0,0,0,0,0,0,0,0,0,0,0,0,0,0,2,0,2,1,0,0,0,0,0,0,0,0,0,0,0,0,0,0,0,0
0,0,0,38,1,81,0,0,0,1,1,395,0,0,0,0,0,0,0,4,0,2,0,0,0,6,0,130,0,109,0,0,0,5,0,0,0,0,0,0,0,4,0,0,0,4,0,0,0,0,0,0,0,0,0,0,0,0,0,0,0,0,0,0,0,0,0,0,0,0,0,0,0,0,0,10,0,33,0,2,0,0,0,0,0,0,0,6,0,0,0,3,0,2,0,0,0,0,0,0,0,0,0,0,0,0,0,0,0,0,0,0,0,0,0,0,0,0,0,0,0,0,0,0,0,1,0,0,0,0,0,0,0,0,0,2,0,0,0,0,0,0,0,0,0,1,0,0,0,0,0,0,1,0,0,1,0,1,0,0,0,0,0,0,0,0,0,0,1,0
537,14,322,53,454,78,926,5,1309,5,757,6,777,2,207,28,34,1,460,56,70,19,209,2,92,0,9,2,823,1,60,0,0,4,0,0,133,50,25,0,74,1,26,0,170,0,2,3,10,2,12,0,30,2,55,1,10,0,11,0,614,4,104,3,34,0,284,0,20,1,79,15,140,3,183,15,1816,11,191,5,0,0,139,0,632,6,600,1,131,1,146,0,4,4,0,0,1,3,5,1,0,0,0,0,0,1,0,1,0,0,1,0,1,0,0,0,0,0,0,0,0,0,0,1,14,2,39,3,28,6,1,1,0,0,21,1,6,0,13,0,5,0,9,0,30,5,5,0,2,0,26,9,93,18,130,242,49,0,0,0,0,0,2,1,0,0,3,0,1,2
4,93,5,161,3,149,3,593,3,451,0,606,2,711,13,104,0,56,4,49,0,14,0,33,0,187,0,64,0,745,0,5,4,0,0,0,15,112,18,35,3,176,1,30,0,66,2,39,1,30,0,32,1,25,4,26,0,25,0,79,11,108,15,91,2,6,13,133,4,17,28,158,5,20,5,67,4,2966,2,88,0,0,3,59,16,320,1,264,14,187,0,104,0,44,4,1,2,0,2,8,1,0,1,0,0,1,1,0,2,1,0,0,5,4,0,0,1,0,0,1,0,3,0,1,0,7,2,18,14,51,0,2,0,0,1,43,0,3,3,11,1,5,1,7,9,63,1,4,4,2,0,0,0,10,11,32,0,9,1,0,0,2,1,1,0,1,4,4,2,1
0,0,0,0,0,0,0,0,0,0,0,0,0,0,0,0,0,0,0,0,0,0,0,0,0,0,0,0,0,0,0,0,0,0,0,0,0,0,0,0,0,0,0,0,0,0,0,0,0,0,0,0,0,0,0,0,0,0,0,0,0,0,0,0,0,0,0,0,0,0,0,0,0,0,0,0,0,0,0,0,0,0,0,0,0,0,0,0,0,0,0,0,0,0,0,0,0,0,0,0,0,0,0,0,0,0,0,0,0,0,0,0,0,0,0,0,0,0,0,0,0,0,0,0,0,0,0,0,0,0,0,0,0,0,0,0,0,0,0,0,0,0,0,0,0,0,0,0,0,0,0,0,0,0,0,0,0,0,0,0,0,0,0,0,0,0,0,0,0,0
0,0,0,0,0,0,0,0,0,0,0,0,0,0,0,0,0,0,0,0,0,0,0,0,0,0,0,0,0,0,0,0,0,0,0,0,0,0,0,0,0,0,0,0,0,0,0,0,0,0,0,0,0,0,0,0,0,0,0,0,0,0,0,0,0,0,0,0,0,0,0,0,0,0,0,0,0,0,0,0,0,0,0,0,0,0,0,0,0,0,0,0,0,0,0,0,0,0,0,0,0,0,0,0,0,0,0,0,0,0,0,0,0,0,0,0,0,0,0,0,0,0,0,0,0,0,0,0,0,0,0,0,0,0,0,0,0,0,0,0,0,0,0,0,0,0,0,0,0,0,0,0,0,0,0,0,0,0,0,0,0,0,0,0,0,0,0,0,0,0
419,165,95,89,110,73,219,18,112,10,4,0,19,13,1532,349,12,5,150,9,21,9,2,2,0,0,0,1,2,0,0,0,133,15,0,0,0,364,628,3,51,8,3,1,1,1,108,7,198,8,16,1,19,3,24,1,2,1,2,1,247,57,65,4,66,0,68,15,46,7,3653,49,1098,73,97,40,261,44,106,19,0,0,2,1,51,21,5,1,79,12,0,1,0,4,2,1,4,4,13,3,6,0,1,0,0,1,2,2,6,3,1,0,8,4,0,0,0,0,0,3,0,1,0,2,10,3,150,33,168,47,29,7,1,0,64,22,6,3,3,0,1,1,6,5,73,57,7,7,12,6,9,2,125,0,264,82,2,0,0,0,0,0,2,1,2,1,4,0,4,1
363,560,49,761,113,370,59,119,33,91,1,17,6,64,490,4136,0,47,48,722,4,23,1,13,1,0,0,2,0,4,0,0,50,112,0,0,364,0,25,334,8,58,2,14,0,8,0,61,0,18,0,39,3,5,4,2,0,0,0,2,278,305,15,40,33,6,26,122,19,36,39,2478,292,840,31,205,101,287,48,127,0,0,0,15,18,135,0,8,23,28,0,2,0,4,8,2,4,1,17,9,1,0,4,0,2,0,1,3,6,1,1,0,14,6,2,0,0,1,0,2,1,2,1,8,7,18,65,156,71,288,15,47,0,1,18,119,5,16,0,1,1,0,3,7,30,276,4,28,12,37,1,33,1,391,62,556,0,58,2,2,0,0,3,3,3,4,3,2,8,3
17,7,7,2,8,0,5,2,3,1,1,0,7,0,6,1,0,0,9,0,6,0,0,3,0,0,0,0,1,0,0,0,25,18,0,0,628,25,0,162,150,20,39,6,1,0,486,455,319,154,108,20,167,67,262,42,72,23,23,11,16,4,120,40,42,1,76,6,77,34,1492,313,6,5,15,2,40,35,9,3,0,0,15,2,200,69,16,13,516,48,1,0,66,30,7,0,4,1,7,3,4,0,3,0,1,0,1,0,2,1,3,0,5,3,0,0,0,0,0,1,4,0,1,0,3,0,10,2,70,13,3,0,0,0,8,4,2,0,39,3,27,1,18,3,64,7,7,2,12,4,2,0,18,0,15,3,0,1,0,0,0,1,1,5,2,1,2,1,4,0
2,11,3,54,0,50,1,19,1,18,1,4,0,0,3,18,0,0,1,24,0,1,0,0,0,0,0,1,0,0,0,0,0,35,0,0,3,334,162,0,28,43,3,17,0,0,47,468,24,129,32,91,23,60,56,58,18,43,6,24,0,12,11,45,2,2,6,18,4,75,131,1320,0,6,0,11,4,66,1,6,0,0,0,6,19,101,2,13,67,59,0,0,7,30,1,0,2,3,3,6,2,0,0,1,0,0,1,0,1,0,0,0,1,3,0,0,0,0,0,0,0,1,0,2,0,6,2,1,3,26,1,0,0,0,0,6,1,0,4,5,0,1,4,5,3,20,0,1,2,2,0,0,0,6,3,14,0,1,0,0,0,1,0,1,1,1,1,1,2,0
40,7,5,2,3,1,0,1,1,0,2,0,0,2,19,0,21,0,7,0,4,2,9,0,1,0,0,0,1,0,0,0,74,3,0,0,51,8,150,28,0,10,1125,55,369,0,166,79,50,19,374,17,67,21,227,5,166,4,458,7,52,8,34,3,13,0,10,2,2,0,271,82,58,4,23,0,233,19,430,27,0,0,1,0,45,11,518,1,454,4,482,0,319,5,14,25,41,61,28,28,24,8,12,11,15,12,26,47,9,20,26,3,4,17,9,1,3,1,2,8,4,0,3,1,6,0,29,6,36,1,3,1,0,0,34,2,2,0,491,3,36,0,27,0,265,2,2,0,7,0,4,0,19,0,14,1,19,0,2,0,0,0,26,14,7,3,5,5,4,2
2,61,2,76,4,50,2,13,2,11,0,52,1,17,14,90,6,115,0,10,1,1,0,1,0,6,0,5,0,36,0,4,1,176,0,0,8,58,20,43,10,0,11,864,0,298,2,90,1,16,2,216,2,15,2,7,1,21,0,447,2,26,2,10,3,0,2,12,1,0,15,277,2,25,5,91,11,397,10,424,0,0,3,0,14,46,0,204,1,437,0,795,1,541,24,2,18,9,25,79,5,0,7,0,5,3,7,10,8,10,4,5,17,27,1,1,1,0,1,14,0,1,0,9,2,26,3,75,5,53,0,11,0,1,1,25,1,2,1,451,0,56,1,129,4,470,1,8,1,10,0,0,0,2,3,8,1,39,7,3,0,10,6,106,2,21,12,5,15,6
3,5,1,2,1,0,1,0,0,0,0,0,0,1,3,3,0,0,0,0,0,0,0,0,0,0,0,0,0,0,0,0,26,1,0,0,3,2,39,3,1125,11,0,18,743,0,47,9,12,0,618,0,6,1,21,0,23,0,1859,1,3,8,12,1,1,0,2,1,2,0,164,5,4,2,5,0,16,7,11,44,0,0,0,0,4,2,140,0,29,1,27,0,301,1,87,35,71,79,35,33,69,11,61,10,18,29,23,117,8,44,14,2,0,4,8,3,2,2,2,6,0,0,0,0,1,0,7,6,13,0,0,0,0,0,1,0,0,0,17,1,8,1,0,0,3,0,0,0,0,0,0,0,0,0,1,0,0,0,8,1,0,0,8,12,14,1,4,4,1,1
0,1,0,5,0,1,0,2,0,0,0,5,0,1,0,2,0,9,0,0,0,2,0,3,0,3,0,0,0,2,0,0,0,30,0,0,1,14,6,17,55,864,18,0,0,597,0,131,0,4,7,817,2,3,0,10,0,15,0,2647,1,1,0,4,0,0,0,1,0,0,15,295,1,0,1,1,0,35,4,6,0,0,0,0,2,9,0,195,0,59,0,389,0,170,11,9,4,29,11,19,6,2,12,4,1,8,6,31,3,11,1,4,0,1,1,1,1,0,1,1,0,0,0,0,0,0,2,0,1,1,0,0,0,0,0,0,0,0,0,3,0,1,0,0,1,3,0,0,0,1,0,0,0,0,0,0,0,7,10,11,0,5,3,36,3,4,3,1,0,9
1,0,0,0,0,0,0,0,0,0,0,0,0,0,0,0,55,0,0,0,0,0,16,0,0,0,0,0,0,0,0,0,170,0,0,0,1,0,1,0,369,0,743,0,0,0,1,3,3,0,7,0,2,0,17,0,6,0,14,0,0,0,0,0,0,0,0,0,0,0,2,0,0,0,1,0,41,0,40,2,0,0,0,0,2,0,576,0,58,1,176,0,17,0,1,0,0,0,3,0,0,0,0,0,0,0,0,0,3,0,0,0,1,1,0,0,0,0,0,0,0,0,0,0,2,0,0,0,3,0,0,0,1,0,0,0,0,0,5,0,1,0,0,0,1,0,0,0,0,0,0,0,0,0,0,0,31,0,0,0,0,0,0,0,0,0,1,1,1,0
0,0,0,10,0,12,0,0,0,1,2,17,0,0,0,0,0,70,1,2,1,19,1,22,0,25,0,22,0,22,0,4,0,66,0,0,1,8,0,0,0,298,0,597,0,0,0,0,0,2,0,0,0,0,0,0,0,1,0,10,0,0,0,1,0,0,0,1,0,0,0,0,0,2,1,3,1,133,0,109,0,0,0,0,0,2,0,660,0,12,0,548,0,23,0,0,2,0,3,3,0,0,0,0,0,0,0,0,0,1,0,0,1,1,0,0,0,0,0,2,0,4,0,0,0,22,0,2,1,2,0,2,0,0,1,15,0,0,0,7,0,1,0,1,0,4,0,0,0,0,0,1,0,5,0,2,2,144,0,2,0,1,0,5,0,4,0,0,1,0
0,0,1,0,1,0,1,0,0,0,0,0,0,0,0,0,0,0,2,0,1,0,0,0,0,0,0,1,0,0,0,0,2,2,0,0,108,0,486,47,166,2,47,0,1,0,0,388,3800,151,3200,65,1313,62,1093,12,775,26,204,6,0,0,6,7,1,0,0,2,1,1,1128,72,0,0,0,0,24,0,3,0,0,0,0,0,15,11,11,0,100,17,2,0,31,16,1,0,1,0,0,0,2,0,1,0,0,0,0,0,0,0,1,0,0,0,0,0,0,0,0,0,0,0,0,0,0,0,0,0,3,0,0,0,0,0,2,0,0,0,16,0,2,0,5,0,13,1,0,0,1,0,0,0,4,0,13,0,2,0,1,0,0,0,1,0,0,0,0,0,0,0
2,19,0,12,0,6,0,5,0,1,0,2,0,3,3,3,0,1,0,1,0,0,0,1,0,0,0,0,0,0,0,0,3,39,0,0,7,61,455,468,79,90,9,131,3,0,388,0,94,2865,40,1921,49,1227,148,850,40,439,20,327,0,14,18,29,3,0,1,4,4,17,343,1513,1,1,1,2,12,123,1,3,0,0,0,1,13,189,4,30,103,531,1,17,32,400,2,5,2,0,1,3,1,3,1,0,0,0,0,0,2,1,0,1,2,2,0,0,0,0,0,1,0,0,0,0,1,1,0,1,4,9,0,0,0,0,2,1,1,1,10,13,3,7,3,5,9,9,0,1,1,1,0,0,1,0,1,1,0,0,1,0,1,1,0,1,1,1,3,0,1,0
2,0,1,0,0,0,0,0,0,0,0,0,0,0,5,0,0,0,0,0,1,0,1,1,1,0,0,0,0,0,0,0,10,1,0,0,198,0,319,24,50,1,12,0,3,0,3800,94,0,71,201,3,2831,25,983,7,84,3,15,0,1,0,62,2,4,0,4,0,13,0,1589,36,0,0,2,1,26,2,3,0,0,0,2,0,46,2,7,0,197,1,0,0,25,4,0,0,1,0,1,1,0,0,0,1,0,0,0,0,1,0,1,0,0,0,0,0,0,0,0,0,0,0,0,0,1,0,0,0,8,1,0,0,0,0,0,0,1,0,36,0,8,0,5,0,17,0,0,0,3,0,1,0,5,0,9,0,0,0,0,0,0,0,1,0,1,0,0,0,1,0
1,30,0,9,0,4,1,4,0,0,0,0,0,2,3,5,0,0,0,1,0,0,1,0,0,0,0,0,0,1,0,0,2,30,0,0,8,18,154,129,19,16,0,4,0,2,151,2865,71,0,6,119,39,3863,114,431,36,117,10,44,0,30,14,321,4,6,1,8,3,49,77,1245,1,2,0,1,7,44,1,5,0,0,0,3,18,159,7,11,128,245,0,2,22,111,1,0,2,0,3,1,2,0,1,0,0,1,0,0,0,0,0,0,0,1,0,0,0,0,0,0,0,0,0,0,2,0,1,1,4,3,0,0,0,0,0,3,0,0,12,2,2,0,2,1,5,3,0,0,2,0,0,0,0,0,1,0,1,0,0,1,0,0,0,1,0,1,0,0,0,0
0,0,1,0,0,0,0,0,0,0,0,0,0,0,1,0,0,0,0,0,0,0,0,0,0,0,0,0,1,0,0,0,12,0,0,0,16,0,108,32,374,2,618,7,7,0,3200,40,201,6,0,20,171,3,675,0,1477,1,1613,6,0,0,0,1,0,0,0,0,0,0,740,18,0,0,1,0,31,0,8,0,0,0,0,0,11,0,15,0,133,2,6,0,69,0,7,3,0,0,4,6,99,3,37,20,0,0,0,2,1,0,0,0,0,13,12,2,1,0,0,0,1,0,1,0,0,0,0,0,2,0,1,0,0,0,1,0,1,0,14,0,2,0,2,1,20,0,0,0,0,0,0,0,3,0,2,1,0,0,0,0,0,0,1,0,0,0,0,0,0,0
1,3,0,4,0,5,0,4,0,5,0,2,0,0,1,6,0,0,0,3,0,0,0,0,0,0,0,1,0,1,0,0,0,32,0,0,1,39,20,91,17,216,0,817,0,0,65,1921,3,119,20,0,2,120,3,145,0,810,0,2440,2,2,1,5,0,0,0,1,0,3,29,724,0,0,0,2,1,62,1,8,0,0,0,0,1,87,0,15,3,250,0,24,1,474,2,34,1,3,1,22,6,36,18,543,0,2,0,5,1,3,1,0,15,438,28,122,7,0,0,2,0,0,0,1,0,0,1,2,3,8,0,1,0,0,3,4,0,0,2,4,0,7,0,11,3,11,0,8,1,1,0,0,0,0,1,3,0,0,0,0,0,2,0,2,0,0,0,2,31,1
4,1,3,0,2,0,0,0,3,0,0,0,2,0,10,2,0,0,1,0,0,0,1,0,0,0,0,0,0,0,0,0,30,1,0,0,19,3,167,23,67,2,6,2,2,0,1313,49,2831,39,171,2,0,14,4057,4,208,3,20,0,4,1,841,3,26,0,16,1,49,0,734,37,1,1,4,0,51,3,7,1,0,0,4,0,106,5,11,0,368,4,2,0,29,4,0,0,2,0,3,1,1,0,1,0,0,0,1,1,2,0,0,0,0,0,0,0,0,0,0,0,0,0,0,0,4,0,3,0,22,3,1,0,0,0,5,0,1,0,76,0,20,0,20,1,30,0,2,0,3,0,0,0,0,0,1,0,0,0,0,0,0,0,2,0,0,0,1,0,0,0
1,50,0,17,0,13,0,4,0,1,0,0,0,0,7,1,0,0,0,0,0,0,0,0,0,0,0,0,0,0,0,0,2,25,0,0,3,5,67,60,21,15,1,3,0,0,62,1227,25,3863,3,120,14,0,41,3701,10,355,1,98,1,74,9,678,2,4,1,11,2,350,40,770,1,1,1,0,6,52,2,5,0,0,0,3,13,167,1,11,43,527,0,0,12,197,2,1,0,0,2,3,0,0,0,0,0,0,0,0,1,0,0,0,0,0,0,0,0,0,0,1,0,0,0,0,0,0,1,1,4,3,0,1,0,0,0,1,0,0,6,0,2,1,1,1,2,3,0,0,3,0,0,0,0,0,0,1,0,0,0,1,0,0,2,1,1,0,0,0,0,0
18,2,15,0,9,0,2,0,4,0,0,0,3,0,43,3,0,0,4,0,0,0,3,0,1,0,0,0,0,0,0,0,55,4,0,0,24,4,262,56,227,2,21,0,17,0,1093,148,983,114,675,3,4057,41,0,9,2062,3,338,3,2,2,733,6,441,0,14,0,877,1,602,94,6,0,8,0,154,7,22,0,0,0,3,0,154,10,52,1,2229,9,17,0,388,10,9,1,2,0,0,0,2,0,0,0,0,0,0,0,0,0,0,0,0,0,0,0,1,0,0,0,0,0,2,0,2,0,7,0,19,3,4,0,0,0,8,0,2,0,124,0,20,0,28,2,81,0,0,0,6,2,3,0,3,0,4,0,3,0,0,0,0,0,2,1,0,0,1,0,1,0
2,73,1,20,1,16,0,5,0,1,0,0,0,0,2,2,0,0,0,0,0,0,0,0,0,0,0,0,0,0,0,0,1,26,0,0,1,2,42,58,5,7,0,10,0,0,12,850,7,431,0,145,4,3701,9,0,0,2648,2,207,0,102,4,248,1,12,0,24,3,1165,16,303,1,0,0,0,9,56,0,7,0,0,0,2,14,185,0,9,12,2769,1,1,6,521,1,10,0,0,0,1,0,1,0,0,0,0,0,0,0,0,0,0,0,1,0,0,0,0,0,0,0,0,0,0,0,0,0,3,6,8,0,0,0,0,1,0,0,0,5,2,3,1,2,0,6,4,0,1,0,0,0,0,1,0,0,0,0,0,0,0,0,0,0,1,0,0,0,1,2,0
0,0,1,0,0,0,0,0,0,0,1,0,0,0,0,0,0,0,0,0,2,0,1,0,1,0,0,0,0,0,0,0,10,0,0,0,2,0,72,18,166,1,23,0,6,0,775,40,84,36,1477,0,208,10,2062,0,0,1,1517,0,0,1,0,1,1,0,0,0,2,0,138,24,0,0,0,0,48,0,4,0,0,0,0,0,20,0,35,0,441,0,3,0,770,0,15,0,0,0,3,0,0,0,0,0,0,0,1,0,0,0,0,0,0,0,0,0,0,0,0,0,0,0,0,0,4,0,1,0,0,0,0,0,0,0,1,0,1,0,41,0,3,0,3,0,19,0,0,0,0,0,1,0,1,0,1,0,4,0,0,0,0,0,1,0,1,0,2,0,0,0
1,8,0,4,0,4,0,0,0,0,0,0,0,0,1,0,0,0,0,0,0,0,0,0,0,0,0,0,0,0,0,0,0,25,0,0,1,0,23,43,4,21,0,15,0,1,26,439,3,117,1,810,3,355,3,2648,1,0,0,1237,0,0,2,7,1,0,0,1,2,4,8,72,0,0,0,0,4,43,1,4,0,0,0,0,3,149,0,9,18,635,0,4,4,1542,0,32,0,0,0,0,0,0,0,0,0,0,0,0,0,0,0,0,1,1,0,0,0,0,0,0,0,0,0,0,0,0,0,0,1,4,0,0,0,0,0,0,0,0,0,8,0,1,1,1,1,2,0,0,1,0,0,0,0,0,1,0,0,0,1,1,0,0,0,1,1,2,0,0,0,0
0,0,0,0,0,0,0,0,0,0,0,0,0,0,0,0,0,0,0,0,1,0,0,0,0,0,0,0,0,0,0,0,11,0,0,0,2,0,23,6,458,0,1859,0,14,0,204,20,15,10,1613,0,20,1,338,2,1517,0,0,0,0,0,1,0,0,0,0,0,1,0,70,9,0,0,3,0,24,0,5,0,0,0,0,0,5,0,231,0,228,1,490,0,3229,0,143,0,2,0,0,0,100,1,17,0,0,0,0,1,0,0,0,0,0,0,1,0,0,0,0,0,0,0,0,0,0,0,0,0,0,0,0,0,0,0,0,0,0,0,15,0,2,0,3,0,2,0,0,0,0,0,0,0,1,0,0,0,1,0,0,0,0,0,0,0,0,0,0,0,0,0
0,3,0,8,0,5,0,1,0,2,0,12,0,0,0,0,0,0,0,1,0,1,0,2,0,1,0,2,0,6,0,0,0,79,0,0,1,2,11,24,7,447,1,2647,0,10,6,327,0,44,6,2440,0,98,3,207,0,1237,0,0,0,2,1,3,0,0,1,0,0,2,6,77,0,0,0,0,1,83,0,8,0,0,0,0,1,71,0,116,4,436,0,1016,1,3511,0,154,1,1,0,4,0,1,0,0,0,0,0,0,0,0,1,0,0,0,0,0,0,0,0,0,0,0,0,0,0,0,0,1,1,1,0,0,0,0,0,0,0,0,1,12,1,4,0,6,1,19,0,0,1,1,0,0,0,1,0,1,0,2,0,0,0,0,0,2,0,1,1,0,1,1
7148,93,148,11,151,2,255,2,48,1,2,0,598,3,353,48,0,0,13,0,0,0,0,0,0,0,0,0,0,0,0,0,614,11,0,0,247,278,16,0,52,2,3,1,0,0,0,0,1,0,0,2,4,1,2,0,0,0,0,0,0,28,959,7,1579,0,867,5,48,4,297,23,1498,24,146,18,764,17,325,12,0,0,35,1,416,13,1,2,79,5,0,0,2,0,3,1,8,6,20,3,2,1,5,0,0,0,1,1,11,3,7,0,5,1,0,1,1,0,0,5,0,0,3,0,14,1,170,13,366,43,68,10,0,0,73,8,20,2,2,0,3,0,3,1,68,15,36,1,17,6,0,0,4,0,12,6,0,0,0,1,0,0,2,0,5,1,6,2,2,4
13,4031,1,197,1,49,3,110,2,41,0,8,1,542,26,241,0,0,1,2,0,0,0,0,0,0,0,0,0,0,0,0,4,108,0,0,57,305,4,12,8,26,8,1,0,0,0,14,0,30,0,2,1,74,2,102,1,0,0,2,28,0,6,1293,4,1025,4,2261,0,694,16,380,38,986,6,85,5,389,18,184,0,0,0,5,2,83,0,1,2,133,0,0,0,39,7,1,19,3,17,18,6,0,5,0,1,0,2,0,5,3,0,1,27,16,1,0,0,0,0,7,0,0,0,2,0,2,12,165,11,321,3,73,0,1,2,76,0,18,0,2,1,1,0,3,4,131,0,38,2,13,0,0,1,0,0,1,0,0,5,3,0,2,1,5,3,12,5,3,8,2
163,3,53,1,22,0,8,0,7,1,0,0,22,1,141,0,0,0,3,0,0,0,0,0,0,0,0,0,0,0,0,0,104,15,0,0,65,15,120,11,34,2,12,0,0,0,6,18,62,14,0,1,841,9,733,4,0,2,1,1,959,6,0,17,1437,1,304,6,502,6,1455,61,263,6,24,2,206,20,28,4,0,0,34,2,147,31,5,6,306,18,0,0,14,5,7,0,8,3,19,3,5,0,3,0,2,1,7,3,7,2,4,1,2,2,1,0,0,0,0,3,0,1,2,0,1,0,9,2,236,21,15,1,0,0,11,2,3,0,15,0,9,0,6,1,50,6,13,2,22,4,0,0,4,0,4,0,0,0,0,0,0,0,1,0,2,0,3,0,5,2
2,175,0,81,0,4,0,13,1,4,0,1,2,8,4,35,0,0,0,0,0,0,0,0,0,0,0,0,0,0,0,0,3,91,0,0,4,40,40,45,3,10,1,4,0,1,7,29,2,321,1,5,3,678,6,248,1,7,0,3,7,1293,17,0,3,348,9,409,2,1113,38,1538,4,69,7,6,8,101,4,23,0,0,2,26,12,209,1,7,23,95,0,0,5,31,4,0,5,0,2,4,1,1,2,0,0,0,0,0,1,0,1,0,6,4,0,0,1,0,0,1,0,0,0,0,0,0,2,3,18,101,1,11,0,0,1,5,0,2,2,2,2,1,0,2,10,11,1,5,5,12,0,0,0,0,1,0,0,0,0,0,0,0,0,2,3,0,0,1,4,2
641,6,92,4,199,4,27,1,17,0,0,0,7,1,176,11,0,0,15,2,0,0,0,0,0,0,0,0,0,0,0,0,34,2,0,0,66,33,42,2,13,3,1,0,0,0,1,3,4,4,0,0,26,2,441,1,1,1,0,0,1579,4,1437,3,0,0,1217,3,1438,4,115,22,62,3,23,4,80,15,26,5,0,0,12,2,67,13,1,1,122,4,0,0,1,1,0,0,4,0,3,0,0,0,0,0,0,0,0,0,3,0,0,0,0,0,0,0,1,0,0,0,0,0,0,0,4,0,22,1,71,15,12,1,0,0,6,0,0,0,3,1,1,0,2,1,25,6,6,1,6,2,0,0,2,0,6,9,0,0,1,0,0,0,1,0,0,2,0,1,1,1
0,142,0,4,0,5,0,2,1,0,0,0,0,16,3,2,0,0,0,0,0,0,0,0,0,0,0,0,0,0,0,0,0,6,0,0,0,6,1,2,0,0,0,0,0,0,0,0,0,6,0,0,0,4,0,12,0,0,0,0,0,1025,1,348,0,0,1,1230,0,1308,1,27,0,4,1,2,0,4,0,3,0,0,0,0,2,14,0,0,0,26,0,0,0,1,0,0,0,0,0,0,0,1,0,0,0,0,0,0,0,0,0,0,0,0,0,0,0,0,0,0,0,0,0,0,0,0,0,1,0,3,0,0,0,0,0,1,0,0,0,0,0,0,0,0,0,1,0,0,0,0,0,0,0,0,0,0,0,0,0,0,0,0,0,0,0,0,0,0,0,0
441,6,40,3,101,4,144,1,45,1,0,0,250,2,107,5,1,1,10,0,0,0,0,0,0,0,0,0,0,0,0,0,284,13,0,0,68,26,76,6,10,2,2,0,0,0,0,1,4,1,0,0,16,1,14,0,0,0,0,1,867,4,304,9,1217,1,0,7,463,3,155,19,29,2,9,2,108,16,10,4,0,0,31,0,1064,18,3,0,441,3,0,0,1,4,0,0,2,0,0,1,1,0,1,0,0,0,0,0,2,0,0,0,3,0,0,0,0,0,0,2,0,0,0,0,1,0,5,2,24,15,2,0,0,0,2,0,0,0,3,0,1,0,1,3,6,4,0,0,1,4,0,0,2,0,12,13,0,0,1,0,0,0,0,1,0,0,2,0,0,1
3,555,0,48,2,118,0,235,0,90,0,4,0,887,9,28,0,0,0,3,0,0,0,0,0,0,0,0,0,0,0,0,0,133,0,0,15,122,6,18,2,12,1,1,0,1,2,4,0,8,0,1,1,11,0,24,0,1,0,0,5,2261,6,409,3,1230,7,0,2,676,16,162,7,55,7,20,7,130,9,58,0,0,0,18,5,1140,0,5,1,220,0,0,0,15,6,0,6,0,5,6,0,0,2,0,1,2,0,0,3,2,2,0,9,3,0,0,0,0,0,2,0,0,0,1,0,1,3,22,21,117,4,12,0,1,0,13,0,4,0,1,0,0,0,2,3,29,2,5,0,4,0,0,0,1,1,2,0,0,2,2,0,0,1,1,4,1,1,0,4,3
217,6,102,7,217,4,15,1,30,0,0,0,1,0,219,8,0,0,24,1,0,0,0,0,0,0,0,0,1,0,0,0,20,4,0,0,46,19,77,4,2,1,2,0,0,0,1,4,13,3,0,0,49,2,877,3,2,2,1,0,48,0,502,2,1438,0,463,2,0,1,118,13,10,0,2,2,29,2,7,1,0,0,3,1,135,8,3,1,950,0,0,0,12,1,0,0,2,0,0,0,1,0,0,0,0,0,0,0,0,0,0,0,1,1,0,0,0,0,0,2,0,0,2,0,0,0,8,4,23,2,3,0,0,0,8,3,2,0,9,0,3,0,1,0,8,7,2,0,5,0,0,0,0,0,11,6,0,0,0,0,0,0,0,0,0,0,2,0,0,0
3,580,1,56,1,101,0,86,0,12,0,0,1,20,9,11,0,0,0,0,0,0,0,0,0,0,0,0,0,0,0,0,1,17,0,0,7,36,34,75,0,0,0,0,0,0,1,17,0,49,0,3,0,350,1,1165,0,4,0,2,4,694,6,1113,4,1308,3,676,1,0,10,223,1,2,2,4,7,28,2,8,0,0,0,4,9,349,0,3,6,1290,0,1,0,76,0,0,1,0,0,0,0,0,0,0,0,0,0,0,0,0,0,0,1,1,0,0,0,0,0,0,0,0,0,0,0,1,1,3,3,7,0,2,0,0,4,2,0,0,1,0,1,0,4,0,4,7,0,1,2,1,0,0,0,0,1,1,0,0,0,0,0,1,0,0,0,0,0,0,0,0
87,12,98,3,15,2,12,1,6,0,2,0,23,2,618,16,3,0,68,3,11,4,1,0,1,0,0,0,4,0,0,0,79,28,0,0,3653,39,1492,131,271,15,164,15,2,0,1128,343,1589,77,740,29,734,40,602,16,138,8,70,6,297,16,1455,38,115,1,155,16,118,10,0,246,452,7,43,5,143,47,29,15,0,0,30,7,186,48,16,7,414,38,0,0,47,21,8,1,14,0,15,4,3,0,4,0,3,2,2,2,4,7,3,0,5,2,0,0,0,0,0,2,1,0,1,0,8,0,23,5,300,37,18,1,0,0,19,4,3,0,39,4,14,2,12,3,64,12,24,0,41,6,8,1,116,2,124,8,2,0,0,0,0,0,3,1,3,0,4,0,1,0
6,177,3,477,5,133,1,61,3,43,1,3,10,22,30,286,0,0,4,35,1,0,0,0,0,0,0,0,0,0,0,0,15,158,0,0,49,2478,313,1320,82,277,5,295,0,0,72,1513,36,1245,18,724,37,770,94,303,24,72,9,77,23,380,61,1538,22,27,19,162,13,223,246,0,13,452,13,22,36,200,7,49,0,0,5,27,82,323,4,15,168,207,0,4,27,89,12,0,10,2,10,10,4,1,7,0,2,1,2,3,3,2,1,0,14,1,0,0,0,0,1,7,0,1,0,2,2,4,14,24,44,121,8,13,0,0,13,19,0,1,15,14,9,6,6,6,37,70,4,10,12,9,0,0,2,4,10,23,1,0,0,1,0,1,3,3,0,5,3,2,6,3
1277,93,146,26,28,7,50,9,16,1,0,0,14,8,1165,403,0,0,28,0,2,0,1,0,0,0,0,0,2,0,0,0,140,5,0,0,1098,292,6,0,58,2,4,1,0,0,0,1,0,1,0,0,1,1,6,1,0,0,0,0,1498,38,263,4,62,0,29,7,10,1,452,13,0,131,112,31,544,25,308,17,0,0,2,0,12,6,1,0,11,0,0,0,0,1,4,0,8,5,28,9,4,1,2,1,1,2,7,7,19,7,5,1,3,5,0,0,0,0,0,11,0,0,0,1,17,1,187,23,433,47,68,6,0,0,72,10,13,3,2,1,4,0,6,1,94,33,42,4,21,4,0,0,4,0,10,7,0,0,3,0,0,0,2,1,6,3,12,1,6,3
8,399,1,286,1,54,2,33,0,26,0,5,1,46,102,1270,0,0,1,11,0,0,0,0,0,0,0,0,0,0,0,0,3,20,0,0,73,840,5,6,4,25,2,0,0,2,0,1,0,2,0,0,1,1,0,0,0,0,0,0,24,986,6,69,3,4,2,55,0,2,7,452,131,0,7,91,14,173,7,109,0,0,0,2,0,9,0,0,1,5,0,0,0,0,11,0,8,5,18,9,0,0,4,0,1,2,1,0,4,0,1,0,24,7,0,0,1,0,0,3,0,0,0,0,1,7,11,144,11,258,4,73,0,2,1,90,1,14,0,1,0,0,1,3,1,138,0,20,3,22,0,0,0,0,2,1,0,0,3,5,0,0,0,5,4,7,2,3,11,2
133,14,9,9,8,1,37,0,22,0,2,1,5,2,63,3,17,73,18,3,35,25,19,26,1,5,0,1,8,2,0,0,183,5,0,0,97,31,15,0,23,5,5,1,1,1,0,1,2,0,1,0,4,1,8,0,0,0,3,0,146,6,24,7,23,1,9,7,2,2,43,13,112,7,0,17,2192,8,599,11,0,0,2,1,31,16,16,1,19,4,0,1,0,1,6,2,6,15,38,8,6,1,1,1,0,2,2,6,6,7,2,2,2,5,1,0,0,0,0,2,39,18,93,0,231,0,876,2,324,15,132,1,1,0,469,28,144,0,3,0,4,1,30,2,712,3,92,0,73,1,13,0,52,3,81,6,36,5,1,0,0,0,22,1,9,0,3,0,14,3
26,268,16,335,27,273,13,56,11,71,2,82,1,50,77,332,0,38,34,122,35,53,7,13,1,4,1,39,2,50,1,10,15,67,0,0,40,205,2,11,0,91,0,1,0,3,0,2,1,1,0,2,0,0,0,0,0,0,0,0,18,85,2,6,4,2,2,20,2,4,5,22,31,91,17,0,13,1011,8,123,0,0,0,0,0,6,0,5,4,7,0,5,0,3,1,0,3,0,2,2,1,0,0,0,0,0,0,0,2,1,0,0,10,1,0,1,0,0,0,0,0,43,0,45,3,80,9,249,9,142,2,24,0,1,4,237,0,32,1,1,0,0,0,4,5,500,1,39,0,40,2,9,31,52,35,89,0,84,0,4,0,1,1,1,1,4,1,0,5,1
986,53,221,58,285,39,69,3,108,2,196,2,33,2,453,61,108,0,185,19,72,10,161,1,10,1,0,1,20,0,19,0,1816,4,0,0,261,101,40,4,233,11,16,0,41,1,24,12,26,7,31,1,51,6,154,9,48,4,24,1,764,5,206,8,80,0,108,7,29,7,143,36,544,14,2192,13,0,29,1132,19,0,0,25,0,307,13,189,4,318,6,62,1,14,2,8,4,10,9,33,9,9,0,4,1,4,3,5,9,8,3,0,0,7,8,1,0,0,0,1,2,3,5,5,0,172,0,193,9,117,19,35,3,2,0,158,10,27,1,68,0,33,0,24,2,117,17,15,1,12,2,89,3,67,4,125,121,900,1,4,0,0,0,32,1,10,2,13,3,10,5
28,606,12,811,18,654,20,263,14,318,1,479,6,608,68,444,0,61,33,218,9,52,3,70,0,36,1,124,0,212,0,33,11,2966,0,0,44,287,35,66,19,397,7,35,0,133,0,123,2,44,0,62,3,52,7,56,0,43,0,83,17,389,20,101,15,4,16,130,2,28,47,200,25,173,8,1011,29,0,19,1200,0,0,1,24,40,225,4,125,39,178,0,83,1,55,15,1,13,2,35,38,10,0,9,2,4,2,4,8,3,4,3,1,53,20,1,2,2,0,0,2,0,23,0,13,2,125,10,176,31,92,4,47,0,3,3,244,1,25,6,36,3,6,3,18,18,164,1,14,10,12,1,4,7,79,34,102,33,898,5,7,0,14,6,91,6,50,11,6,16,6
369,29,31,11,42,5,20,1,17,0,5,0,2,4,149,25,9,0,19,0,3,1,6,0,0,0,1,0,0,0,0,0,191,2,0,0,106,48,9,1,430,10,11,4,40,0,3,1,3,1,8,1,7,2,22,0,4,1,5,0,325,18,28,4,26,0,10,9,7,2,29,7,308,7,599,8,1132,19,0,21,0,0,0,1,16,4,19,1,31,0,7,0,2,0,16,11,27,41,185,45,26,9,19,12,4,8,9,39,40,19,6,0,46,25,5,3,3,0,1,15,13,1,14,0,256,0,146,11,109,13,48,0,10,0,157,9,29,0,24,2,18,0,5,0,74,8,13,1,8,1,1,0,3,0,27,21,56,1,21,3,1,0,173,4,75,11,49,10,52,11
17,303,3,172,6,101,6,40,2,32,0,39,1,125,32,160,0,3,4,42,0,3,0,1,0,0,0,3,0,12,0,2,5,88,0,0,19,127,3,6,27,424,44,6,2,109,0,3,0,5,0,8,1,5,0,7,0,4,0,8,12,184,4,23,5,3,4,58,1,8,15,49,17,109,11,123,19,1200,21,0,0,0,0,7,8,30,0,12,9,15,0,17,0,6,56,3,47,14,100,76,28,2,26,2,9,3,6,8,19,14,6,5,144,49,3,2,1,1,2,15,0,38,1,5,2,190,18,165,13,66,3,55,1,17,1,539,0,39,6,16,0,10,2,3,6,114,0,10,1,7,0,0,1,18,2,22,3,32,20,28,0,44,13,462,19,158,17,18,49,21
0,0,0,0,0,0,0,0,0,0,0,0,0,0,0,0,0,0,0,0,0,0,0,0,0,0,0,0,0,0,0,0,0,0,0,0,0,0,0,0,0,0,0,0,0,0,0,0,0,0,0,0,0,0,0,0,0,0,0,0,0,0,0,0,0,0,0,0,0,0,0,0,0,0,0,0,0,0,0,0,0,0,0,0,0,0,0,0,0,0,0,0,0,0,0,0,0,0,0,0,0,0,0,0,0,0,0,0,0,0,0,0,0,0,0,0,0,0,0,0,0,0,0,0,0,0,0,0,0,0,0,0,0,0,0,0,0,0,0,0,0,0,0,0,0,0,0,0,0,0,0,0,0,0,0,0,0,0,0,0,0,0,0,0,0,0,0,0,0,0
0,0,0,0,0,0,0,0,0,0,0,0,0,0,0,0,0,0,0,0,0,0,0,0,0,0,0,0,0,0,0,0,0,0,0,0,0,0,0,0,0,0,0,0,0,0,0,0,0,0,0,0,0,0,0,0,0,0,0,0,0,0,0,0,0,0,0,0,0,0,0,0,0,0,0,0,0,0,0,0,0,0,0,0,0,0,0,0,0,0,0,0,0,0,0,0,0,0,0,0,0,0,0,0,0,0,0,0,0,0,0,0,0,0,0,0,0,0,0,0,0,0,0,0,0,0,0,0,0,0,0,0,0,0,0,0,0,0,0,0,0,0,0,0,0,0,0,0,0,0,0,0,0,0,0,0,0,0,0,0,0,0,0,0,0,0,0,0,0,0
11,0,2,0,1,0,10,0,1,0,0,0,79,0,6,0,0,0,1,0,0,0,0,0,0,0,0,0,0,0,0,0,139,3,0,0,2,0,15,0,1,3,0,0,0,0,0,0,2,0,0,0,4,0,3,0,0,0,0,0,35,0,34,2,12,0,31,0,3,0,30,5,2,0,2,0,25,1,0,0,0,0,0,0,92,2,2,0,10,1,0,0,0,0,0,0,0,1,1,0,0,0,0,0,0,0,0,0,0,0,0,0,0,1,0,0,0,0,0,0,0,0,0,0,0,0,1,0,5,0,0,0,0,0,0,0,0,0,2,0,3,0,1,0,3,0,0,0,4,0,0,0,0,0,0,1,0,1,0,0,0,0,0,0,0,0,0,0,0,0
1,5,0,3,0,4,0,19,0,5,0,2,0,11,1,0,0,0,0,0,0,0,0,0,0,0,0,0,0,0,0,0,0,59,0,0,1,15,2,6,0,0,0,0,0,0,0,1,0,3,0,0,0,3,0,2,0,0,0,0,1,5,2,26,2,0,0,18,1,4,7,27,0,2,1,0,0,24,1,7,0,0,0,0,1,438,0,60,1,14,0,0,0,2,0,0,0,0,0,0,0,0,0,0,0,0,0,0,0,0,0,0,0,0,0,0,0,0,0,0,0,0,0,0,0,0,1,0,0,2,0,0,0,0,0,0,0,0,0,0,0,0,0,0,2,0,0,0,1,0,0,0,0,0,0,0,0,0,0,0,0,0,0,0,0,0,0,0,0,0
253,6,33,6,72,3,266,0,91,0,22,0,552,0,107,7,4,0,37,0,29,2,30,0,16,0,2,0,23,0,5,0,632,16,0,0,51,18,200,19,45,14,4,2,2,0,15,13,46,18,11,1,106,13,154,14,20,3,5,1,416,2,147,12,67,2,1064,5,135,9,186,82,12,0,31,0,307,40,16,8,0,0,92,1,0,30,786,3,2912,16,1,0,6,10,1,0,2,0,5,7,1,0,0,0,0,0,4,1,1,0,0,0,1,1,0,1,0,0,0,0,3,0,1,0,5,0,13,0,44,10,3,1,0,0,2,2,2,0,44,0,13,3,10,3,36,12,1,0,6,2,6,1,17,3,23,6,8,2,0,0,0,1,1,1,3,0,2,2,0,1
9,200,0,40,1,84,2,239,1,126,0,1,3,97,1,11,0,0,1,3,0,0,0,0,0,0,0,1,0,0,0,0,6,320,0,0,21,135,69,101,11,46,2,9,0,2,11,189,2,159,0,87,5,167,10,185,0,149,0,71,13,83,31,209,13,14,18,1140,8,349,48,323,6,9,16,6,13,225,4,30,0,0,2,438,30,0,1,1432,29,2231,0,47,2,57,0,1,3,0,5,1,1,0,2,0,2,0,1,0,0,0,0,0,6,2,0,0,0,0,0,2,0,1,0,0,3,1,5,6,32,27,3,2,0,0,4,6,0,0,2,7,2,2,4,4,15,14,4,2,6,2,0,0,1,1,2,5,0,0,0,0,0,0,1,1,0,2,1,0,0,2
8,0,12,0,18,1,1,0,3,0,148,0,0,0,4,0,7,1,14,0,54,2,100,1,41,0,10,1,501,0,20,0,600,1,0,0,5,0,16,2,518,0,140,0,576,0,11,4,7,7,15,0,11,1,52,0,35,0,231,0,1,0,5,1,1,0,3,0,3,0,16,4,1,0,16,0,189,4,19,0,0,0,2,0,786,1,0,0,1202,1,1112,0,211,0,0,0,1,0,1,0,0,0,0,0,0,0,1,0,0,0,0,0,0,1,0,0,0,0,0,0,0,0,0,0,3,0,2,0,2,0,0,0,0,0,0,0,0,0,19,0,1,0,2,0,11,0,0,0,0,0,17,0,19,1,16,0,26,0,0,0,0,0,0,0,0,0,0,0,0,0
0,2,1,17,0,19,0,2,0,2,0,40,1,0,1,1,0,14,1,0,2,8,1,12,0,17,0,22,0,34,0,6,1,264,0,0,1,8,13,13,1,204,0,195,0,660,0,30,0,11,0,15,0,11,1,9,0,9,0,116,2,1,6,7,1,0,0,5,1,3,7,15,0,0,1,5,4,125,1,12,0,0,0,60,3,1432,0,0,6,210,0,902,0,66,0,1,0,0,3,1,1,0,0,0,0,0,0,0,0,0,0,0,0,0,0,0,0,0,0,0,0,2,0,0,0,0,0,0,3,3,0,0,0,0,1,0,0,0,0,5,1,3,0,7,0,11,0,0,0,2,0,0,0,0,1,0,1,23,1,0,0,0,0,0,0,0,0,1,2,1
198,14,85,12,186,6,56,1,27,0,4,0,5,1,199,10,1,0,29,4,9,0,21,0,2,0,1,0,6,0,1,0,131,14,0,0,79,23,516,67,454,1,29,0,58,0,100,103,197,128,133,3,368,43,2229,12,441,18,228,4,79,2,306,23,122,0,441,1,950,6,414,168,11,1,19,4,318,39,31,9,0,0,10,1,2912,29,1202,6,0,33,568,1,3306,25,10,1,1,1,2,0,0,0,1,0,0,0,0,1,0,0,1,0,1,0,0,0,0,0,0,1,1,0,0,0,3,0,14,4,31,7,0,1,0,0,5,3,2,0,82,0,14,0,14,2,39,6,1,1,5,0,4,0,11,0,16,15,11,0,0,0,0,1,3,2,0,1,1,1,1,0
2,341,2,43,2,95,1,94,0,57,0,21,2,15,3,4,0,0,0,2,0,0,0,1,0,2,0,2,0,4,0,0,1,187,0,0,12,28,48,59,4,437,1,59,1,12,17,531,1,245,2,250,4,527,9,2769,0,635,1,436,5,133,18,95,4,26,3,220,0,1290,38,207,0,5,4,7,6,178,0,15,0,0,1,14,16,2231,1,210,33,0,0,712,2,3068,0,6,0,0,0,1,0,0,1,0,0,0,0,0,0,0,0,0,2,0,0,0,0,0,0,2,0,0,0,1,0,0,0,5,12,11,2,2,0,0,2,1,0,0,9,14,2,4,3,10,7,26,0,1,1,1,0,0,0,0,1,2,1,0,0,0,0,0,0,0,1,1,0,0,0,1
0,0,0,0,0,0,0,0,0,0,0,0,0,0,0,0,1,0,0,0,2,0,0,0,0,0,0,0,1,0,0,0,146,0,0,0,0,0,1,0,482,0,27,0,176,0,2,1,0,0,6,0,2,0,17,1,3,0,490,0,0,0,0,0,0,0,0,0,0,0,0,0,0,0,0,0,62,0,7,0,0,0,0,0,1,0,1112,0,568,0,0,0,2135,0,0,0,0,0,1,0,0,0,0,0,0,0,0,0,0,0,0,0,0,0,0,0,0,0,0,0,0,0,0,0,0,0,0,0,0,0,0,0,0,0,0,0,0,0,6,0,0,0,1,0,3,0,0,0,0,0,0,0,0,0,0,0,2,0,0,0,0,0,0,0,0,0,0,0,0,0
0,0,0,15,0,21,0,0,0,2,0,28,0,0,0,1,0,10,1,1,2,8,0,9,0,10,0,21,0,30,0,3,0,104,0,0,1,2,0,0,0,795,0,389,0,548,0,17,0,2,0,24,0,0,0,1,0,4,0,1016,0,0,0,0,0,0,0,0,0,1,0,4,0,0,1,5,1,83,0,17,0,0,0,0,0,47,0,902,1,712,0,0,0,2014,0,0,0,2,0,0,0,1,0,0,0,0,0,0,1,0,0,0,0,1,0,0,0,0,0,1,0,2,0,0,0,3,0,1,0,0,0,1,0,0,0,2,0,0,0,20,0,3,0,11,0,12,0,0,0,2,0,0,1,6,0,2,2,35,0,0,0,0,0,1,0,1,0,0,0,0
0,0,0,0,0,0,0,0,0,0,0,0,0,0,1,0,0,0,0,0,0,0,1,0,0,0,0,0,0,0,0,0,4,0,0,0,0,0,66,7,319,1,301,0,17,0,31,32,25,22,69,1,29,12,388,6,770,4,3229,1,2,0,14,5,1,0,1,0,12,0,47,27,0,0,0,0,14,1,2,0,0,0,0,0,6,2,211,0,3306,2,2135,0,0,1,14,0,0,0,0,0,0,0,0,0,0,0,0,0,0,0,0,0,0,0,0,0,0,0,0,0,0,0,0,0,0,0,0,0,1,0,0,0,0,0,0,0,0,0,4,0,1,0,0,0,3,0,0,0,0,0,0,0,0,0,0,0,1,0,0,0,0,0,0,0,0,0,0,1,0,0
0,105,1,19,0,24,0,10,0,3,0,11,0,2,3,1,0,1,1,0,0,0,0,0,0,1,0,2,0,7,0,2,4,44,0,0,4,4,30,30,5,541,1,170,0,23,16,400,4,111,0,474,4,197,10,521,0,1542,0,3511,0,39,5,31,1,1,4,15,1,76,21,89,1,0,1,3,2,55,0,6,0,0,0,2,10,57,0,66,25,3068,0,2014,1,0,0,33,0,1,0,0,0,1,0,9,0,0,0,0,0,1,0,0,0,0,0,0,0,0,0,0,0,1,0,0,0,2,0,0,1,4,0,0,0,0,0,0,1,0,8,8,3,2,4,3,5,15,0,0,0,1,0,0,0,0,1,0,0,3,1,0,0,0,0,1,0,2,0,0,0,0
3,9,1,3,1,0,0,1,0,0,0,0,1,0,4,3,0,0,1,0,0,0,0,0,0,0,0,0,0,0,0,0,0,4,0,0,2,8,7,1,14,24,87,11,1,0,1,2,0,1,7,2,0,2,9,1,15,0,143,0,3,7,7,4,0,0,0,6,0,0,8,12,4,11,6,1,8,15,16,56,0,0,0,0,1,0,0,0,10,0,0,0,14,0,0,87,3431,227,297,108,514,57,3892,96,110,88,187,268,221,123,49,32,12,49,114,104,246,24,11,34,0,0,0,0,3,0,9,14,10,9,0,2,0,0,2,0,0,0,4,1,1,1,0,0,0,2,1,0,0,1,0,0,0,0,0,0,0,0,1,2,0,1,4,13,6,1,21,32,7,7
3,0,0,0,0,0,0,0,0,0,0,0,0,1,1,1,0,0,0,0,0,0,0,0,0,0,0,0,0,0,0,0,0,1,0,0,1,2,0,0,25,2,35,9,0,0,0,5,0,0,3,34,0,1,1,10,0,32,0,154,1,1,0,0,0,0,0,0,0,0,1,0,0,0,2,0,4,1,11,3,0,0,0,0,0,1,0,1,1,6,0,0,0,33,87,0,65,5871,23,535,55,677,133,7075,9,557,12,643,15,106,1,54,1,12,57,137,269,15,7,8,0,0,0,0,1,0,1,0,0,0,0,0,0,0,0,0,0,0,1,0,0,0,0,0,0,0,0,0,0,0,0,0,0,0,1,0,0,0,2,0,0,0,4,3,2,2,2,2,0,1
4,12,1,1,0,1,0,0,0,0,0,0,1,3,3,2,0,0,1,1,0,0,0,0,0,0,0,0,0,0,0,0,1,2,0,0,4,4,4,2,41,18,71,4,0,2,1,2,1,2,0,1,2,0,2,0,0,0,2,1,8,19,8,5,4,0,2,6,2,1,14,10,8,8,6,3,10,13,27,47,0,0,0,0,2,3,1,0,1,0,0,0,0,0,3431,65,0,206,416,124,292,58,1433,77,2928,76,1682,368,823,203,157,72,21,62,124,91,323,95,32,45,0,0,0,0,0,0,6,9,25,7,3,3,0,0,0,1,0,0,6,7,1,2,0,0,4,1,0,1,1,0,0,0,0,0,1,1,0,0,2,1,0,1,1,12,15,11,46,33,5,8
2,1,0,1,1,0,2,0,0,0,0,0,0,2,4,0,0,0,3,0,0,0,0,0,0,0,0,0,0,0,0,0,3,0,0,0,4,1,1,3,61,9,79,29,0,0,0,0,0,0,0,3,0,0,0,0,0,0,0,1,6,3,3,0,0,0,0,0,0,0,0,2,5,5,15,0,9,2,41,14,0,0,1,0,0,0,0,0,1,0,0,2,0,1,227,5871,206,0,56,735,123,548,192,976,44,2808,95,2111,37,454,15,247,7,32,94,129,389,102,17,5,0,0,0,0,2,0,10,5,3,4,2,1,0,1,0,0,0,0,3,0,0,2,0,0,1,1,0,0,0,1,0,0,0,0,0,0,0,0,3,0,2,2,7,10,4,2,4,4,1,1
17,22,4,4,3,1,1,1,2,0,0,0,1,6,14,11,0,0,3,1,0,0,0,1,0,0,0,0,0,0,0,0,5,2,0,0,13,17,7,3,28,25,35,11,3,3,0,1,1,3,4,1,3,2,0,0,3,0,0,0,20,17,19,2,3,0,0,5,0,0,15,10,28,18,38,2,33,35,185,100,0,0,1,0,5,5,1,3,2,0,1,0,0,0,297,23,416,56,0,211,479,83,331,59,70,18,142,83,413,79,50,7,270,376,179,48,55,84,41,117,1,0,0,1,10,1,103,26,228,72,67,19,6,0,85,8,4,0,7,5,6,2,8,2,48,4,9,2,33,6,0,0,0,0,3,3,0,0,45,1,1,5,24,13,202,59,109,29,277,76
4,12,0,3,0,1,2,0,0,0,0,0,0,3,6,5,0,0,0,0,0,0,0,0,0,0,0,0,0,0,0,0,1,8,0,0,3,9,3,6,28,79,33,19,0,3,0,3,1,1,6,22,1,3,0,1,0,0,0,4,3,18,3,4,0,0,1,6,0,0,4,10,9,9,8,2,9,38,45,76,0,0,0,0,7,1,0,1,0,1,0,0,0,0,108,535,124,735,211,0,273,1063,135,459,21,152,47,608,62,645,15,45,128,206,322,85,92,49,104,267,0,0,0,0,2,3,8,10,18,28,4,6,0,0,2,6,0,0,0,17,0,16,0,4,1,4,0,5,2,2,0,0,0,0,1,2,0,0,37,9,0,46,14,48,30,36,21,48,44,11
2,4,0,0,0,0,0,0,0,0,0,0,0,2,2,3,0,0,1,0,0,0,0,0,0,0,0,0,0,0,0,0,0,1,0,0,6,1,4,2,24,5,69,6,0,0,2,1,0,2,99,6,1,0,2,0,0,0,100,0,2,6,5,1,0,0,1,0,1,0,3,4,4,0,6,1,9,10,26,28,0,0,0,0,1,1,0,1,0,0,0,0,0,0,514,55,292,123,479,273,0,960,3747,156,73,45,99,155,182,199,97,17,5,367,2421,226,94,52,9,15,0,0,0,0,2,0,8,5,23,4,3,0,0,0,9,0,1,0,2,0,2,0,10,0,42,0,1,0,7,0,0,0,0,0,2,1,0,0,1,0,0,2,7,8,6,2,30,18,8,2
