0,70,2009,33,1851,14,1379,5,384,1,3,0,747,2,637,777,0,0,58,1,1,0,0,0,1,0,0,0,0,0,0,0,293,7,0,0,108,511,45,14,55,2,10,1,1,0,2,0,3,2,6,0,7,0,26,2,4,0,2,0,6321,20,152,1,527,5,1168,2,40,0,117,48,1990,69,626,10,1212,15,25,4,0,0,13,1,792,2,31,0,729,1,1,0,32,1,7,5,8,1,80,5,4,0,1,0,8,2,17,11,24,3,16,0,14,15,2,0,0,0,2,2,0,1,6,0,16,1,772,10,298,2,0,0,4,1,277,3,146,4,5,0,20,0,10,0,206,10,119,0,105,1,0,0,0,0,9,5,0,0,13,1,0,0,29,2,23,1,27,1,31,4
70,0,56,2703,39,2636,6,1492,7,43,0,2,0,524,121,2548,0,0,23,63,0,0,0,0,0,0,0,0,0,0,0,0,2,266,0,0,10,255,1,7,2,136,2,0,0,0,1,14,8,66,0,8,0,39,1,160,0,0,0,1,2,3486,4,76,3,179,0,715,0,194,15,332,9,866,35,388,7,668,0,74,0,0,1,2,3,282,0,1,2,1620,0,0,0,88,6,0,6,0,9,18,2,0,2,1,2,1,12,6,2,7,15,1,30,8,0,1,1,2,1,4,0,0,0,14,1,15,5,432,0,198,0,2,0,11,4,82,0,41,0,1,0,0,0,0,2,246,1,100,2,15,0,0,2,0,14,20,0,0,2,3,0,0,1,99,1,3,0,15,3,1
2009,56,0,136,5400,116,466,45,900,32,278,4,46,7,1146,485,1,2,2754,113,356,8,216,1,183,0,188,1,122,0,27,0,588,8,0,0,25,147,10,2,14,1,1,0,0,0,1,0,0,0,5,1,1,0,18,0,6,0,1,0,60,13,27,0,43,2,65,1,12,2,20,18,266,9,468,94,696,28,38,1,0,0,11,0,206,3,41,0,285,3,0,0,27,1,1,0,3,0,18,2,1,0,0,0,1,0,2,3,3,0,2,0,5,5,1,0,0,1,0,0,0,0,2,2,48,1,278,15,19,3,1,0,0,1,103,1,56,3,2,0,1,0,3,0,60,6,24,1,27,2,0,1,18,25,38,65,0,0,2,0,1,0,6,0,10,1,1,1,9,1
33,2703,136,0,168,7279,16,1224,60,598,14,659,0,133,204,2651,7,52,751,2940,111,81,11,48,0,91,0,84,12,37,2,50,90,326,0,0,18,505,0,42,0,68,1,6,0,17,1,11,1,21,1,8,0,6,2,61,0,1,0,17,6,165,3,50,4,320,1,171,2,85,9,317,6,250,95,1203,88,1087,5,36,0,0,0,1,2,66,2,141,2,292,0,12,1,30,1,0,0,0,4,3,0,0,1,0,2,0,3,0,2,1,0,0,14,2,0,0,0,0,0,7,0,10,0,7,3,44,4,217,2,27,0,1,0,7,3,94,3,33,0,3,0,0,0,1,1,164,0,19,0,4,277,145,406,156,195,614,3,24,0,0,1,0,1,1,0,5,0,4,4,1
1851,39,5400,168,0,247,1052,143,3239,27,770,5,136,12,919,455,0,2,2399,138,212,2,107,0,64,2,103,1,137,0,156,0,681,5,0,0,27,141,5,7,12,0,12,0,1,0,0,0,0,0,3,3,3,0,7,0,5,0,1,0,54,2,16,0,28,2,131,3,7,0,9,13,62,8,1273,186,907,47,64,1,0,0,25,0,388,4,37,0,240,4,0,0,18,0,3,0,3,0,18,2,1,0,0,0,1,0,5,0,2,1,0,0,3,3,0,0,0,0,0,2,3,0,2,1,106,2,175,8,25,1,0,0,2,0,100,6,49,6,1,0,1,0,2,0,51,16,22,0,24,0,1,3,12,16,71,92,0,0,4,0,0,0,2,1,9,0,6,4,3,1
14,2636,116,7279,247,0,12,2678,96,2381,10,787,2,128,205,848,1,7,663,955,33,3,3,7,0,26,0,298,1,44,0,102,61,475,0,0,22,266,1,24,4,54,1,6,1,6,0,6,0,3,0,6,0,0,0,2,0,1,0,16,1,153,0,10,3,132,2,297,0,26,1,57,0,52,99,1454,60,919,9,21,0,0,0,3,3,112,0,99,2,272,0,7,1,20,0,0,0,0,1,0,0,1,0,0,1,0,1,0,0,1,1,0,6,3,0,0,0,0,0,0,0,13,0,7,0,32,2,105,0,9,0,1,0,2,3,67,2,26,0,3,0,0,0,0,1,108,2,15,2,0,28,11,186,29,157,386,0,14,1,0,0,0,0,5,2,1,0,1,3,0
1379,6,466,16,1052,12,0,7,1034,0,10,0,651,1,518,126,0,0,34,2,1,0,1,0,1,0,0,0,0,0,0,0,1053,2,0,0,5,32,2,0,12,1,2,0,0,0,0,0,0,0,0,0,0,0,3,0,0,0,2,0,155,3,17,0,14,0,274,1,2,0,24,6,101,1,297,5,718,3,15,0,0,0,25,0,177,1,15,0,15,3,0,0,1,0,2,0,2,0,13,4,0,0,0,0,2,0,4,2,2,1,2,0,2,2,0,0,0,1,0,1,0,0,1,0,35,1,167,4,20,0,0,0,0,0,59,0,23,1,0,0,2,0,2,0,32,3,18,2,15,0,0,0,0,0,9,14,0,0,1,0,1,0,3,1,1,1,2,0,5,2
5,1492,45,1224,143,2678,7,0,65,1596,0,102,0,772,129,1078,0,0,255,861,0,1,0,1,0,0,0,2,2,0,0,1,20,887,0,0,24,267,0,28,0,9,1,1,0,0,0,0,0,1,0,7,0,0,0,1,0,0,0,0,1,140,0,4,1,21,0,626,0,17,2,52,1,20,59,1493,35,939,7,15,0,0,0,9,0,209,0,0,4,59,0,0,3,2,1,0,0,0,3,2,0,0,0,0,0,0,1,1,0,0,1,0,1,4,0,0,0,0,0,1,0,3,0,9,3,65,1,46,1,4,0,1,0,6,1,83,0,22,0,2,0,0,0,0,1,124,0,4,1,4,0,1,22,1,83,111,0,0,0,1,0,0,1,5,0,1,1,1,0,0
384,7,900,60,3239,96,1034,65,0,19,1247,2,227,5,710,128,0,0,729,62,50,0,13,0,3,0,1,0,14,0,21,0,1916,4,0,0,13,54,0,4,5,0,1,0,1,0,0,0,0,1,0,0,1,0,1,0,0,0,0,0,76,1,9,0,8,0,99,3,3,0,13,2,43,0,1198,111,1026,23,77,1,0,0,7,0,103,0,6,0,13,0,0,0,4,0,3,0,0,0,12,1,0,0,1,0,2,0,4,0,2,0,1,0,2,3,0,0,0,0,0,0,2,0,1,0,87,2,99,4,16,0,0,0,0,0,83,2,42,2,0,0,2,0,1,0,21,7,15,0,8,0,0,0,6,7,40,47,0,0,2,0,0,0,3,0,5,0,3,1,2,1
1,43,32,598,27,2381,0,1596,19,0,1,945,0,118,10,69,0,0,173,421,4,0,0,1,0,0,0,1,2,5,0,47,15,895,0,0,5,126,0,11,0,11,0,3,0,0,0,0,0,1,0,1,0,0,0,0,0,0,0,5,1,37,0,0,0,1,0,20,0,1,1,9,0,8,11,682,16,357,3,2,0,0,0,0,0,10,0,9,0,6,0,1,0,2,0,0,0,0,0,1,0,0,0,0,0,0,0,0,0,0,0,0,1,0,0,0,0,0,0,0,0,3,0,0,0,8,1,0,0,0,0,0,0,2,1,14,0,1,0,1,0,0,0,0,0,23,0,3,1,0,1,0,36,8,36,83,0,0,0,0,0,0,0,0,0,0,0,0,0,0
3,0,278,14,770,10,10,0,1247,1,0,3,2,0,5,0,0,0,165,19,236,0,124,0,50,1,113,0,886,0,485,0,1580,1,0,0,1,1,0,0,0,0,0,0,0,0,0,0,0,0,0,0,0,0,0,0,0,0,0,0,1,0,0,0,0,0,1,0,0,0,0,0,0,1,34,6,216,4,8,0,0,0,0,0,3,0,26,0,0,0,0,0,0,0,0,0,0,1,2,0,0,0,0,0,0,0,0,0,0,0,0,0,0,0,0,0,0,0,0,0,0,0,0,0,1,0,3,0,0,0,0,0,0,0,4,0,1,0,0,0,0,0,0,0,0,0,0,0,0,0,0,0,5,9,1,3,0,0,0,0,0,0,0,0,0,0,0,0,0,0
0,2,4,659,5,787,0,102,2,945,3,0,0,3,0,0,0,8,51,93,10,5,1,23,0,103,0,524,0,523,0,382,11,855,0,0,0,7,0,0,0,41,0,1,0,13,0,0,0,0,0,1,0,0,0,0,0,1,0,12,0,2,0,0,0,0,0,1,0,0,0,0,0,0,4,329,2,588,0,7,0,0,0,0,0,1,0,153,0,19,0,13,0,11,0,0,0,0,0,0,0,0,0,0,0,0,0,0,0,0,0,0,0,0,0,0,0,0,0,0,0,2,0,2,0,4,0,1,0,0,0,0,0,0,0,2,0,0,0,2,0,0,0,0,0,5,0,0,0,0,11,5,37,12,4,57,0,20,0,0,0,0,0,0,0,0,0,0,0,0
747,0,46,0,136,2,651,0,227,0,2,0,0,0,46,6,0,0,15,0,0,0,0,0,0,0,0,0,0,0,0,0,836,0,0,0,14,18,2,1,48,0,7,0,0,0,1,0,1,0,1,0,1,0,3,0,0,0,0,0,1346,1,39,1,31,1,274,0,2,5,40,29,53,2,45,3,548,2,5,0,0,0,195,0,311,1,118,0,9,0,0,0,1,0,1,0,6,0,22,4,6,2,1,0,8,2,10,6,10,1,7,0,2,11,0,0,0,1,0,0,0,0,2,0,1,0,40,0,23,0,0,0,0,0,20,0,9,0,1,0,8,0,5,0,30,1,6,0,9,0,0,0,1,0,0,3,0,0,1,1,0,0,9,0,3,0,7,2,9,0
2,524,7,133,12,128,1,772,5,118,0,3,0,0,45,412,0,0,10,26,0,0,0,1,0,0,0,0,0,0,0,0,4,1488,0,0,1,34,0,2,1,16,0,0,0,0,0,0,0,1,0,0,0,2,0,0,0,0,0,0,1,747,0,1,1,3,0,692,0,3,0,8,1,34,6,222,3,503,0,15,0,0,0,13,0,198,0,0,1,9,0,0,1,0,0,0,0,0,0,2,0,0,0,0,0,0,1,1,1,1,0,0,3,1,0,0,0,0,0,1,0,0,0,1,1,21,0,76,0,5,0,0,0,2,0,27,0,12,0,0,0,0,0,0,0,57,1,4,0,3,0,0,1,0,8,13,0,0,0,0,0,0,0,3,0,0,0,1,0,0
637,121,1146,204,919,205,518,129,710,10,5,0,46,45,0,1990,0,0,607,73,2,1,1,0,0,0,0,0,0,0,0,0,209,15,0,0,2202,657,33,10,18,0,2,1,1,0,1,0,2,3,2,0,10,1,71,1,4,0,5,0,71,23,125,0,78,4,68,9,77,1,422,31,576,26,621,86,662,68,33,3,0,0,9,0,82,7,8,0,177,7,0,0,40,0,2,0,3,0,25,0,1,0,0,0,0,0,6,0,4,0,1,0,5,4,0,0,0,0,0,1,0,0,8,2,87,5,312,37,21,2,0,0,1,0,163,17,75,15,2,0,4,0,0,0,102,37,41,8,40,2,0,0,1,1,502,100,0,0,3,1,1,0,1,0,7,1,5,2,14,0
777,2548,485,2651,455,848,126,1078,128,69,0,0,6,412,1990,0,0,0,183,621,1,0,0,0,0,0,0,0,0,0,0,0,36,195,0,0,115,2015,4,116,5,106,5,3,1,0,0,4,0,7,0,35,0,1,8,15,1,0,1,1,21,558,10,9,16,54,11,154,7,21,30,560,379,933,183,597,116,993,12,63,0,0,0,0,31,78,2,1,43,114,0,0,10,5,2,1,5,1,11,15,8,0,1,1,9,0,14,4,4,11,12,2,28,9,0,0,1,1,0,11,0,2,0,14,9,77,57,661,7,150,0,0,1,18,20,213,19,115,1,0,1,0,0,2,23,397,9,105,10,12,0,0,5,0,173,283,0,0,0,3,0,1,1,53,5,7,9,11,8,1
0,0,1,7,0,1,0,0,0,0,0,0,0,0,0,0,0,2,1,1,76,14,100,20,13,22,0,14,28,0,0,0,78,1,0,0,0,0,2,0,8,0,0,0,13,0,0,0,0,0,0,0,0,0,0,0,0,0,0,0,0,0,0,0,0,0,0,0,0,0,0,0,0,0,53,28,61,3,0,0,0,0,0,0,0,0,1,0,0,0,0,0,0,0,0,0,0,0,0,0,0,0,0,0,0,0,0,0,0,0,0,0,0,0,0,0,0,0,0,0,0,0,0,0,0,0,0,0,0,0,0,0,0,0,0,0,0,0,0,0,0,0,0,0,0,0,0,0,0,0,352,1,58,2,19,2,416,4,0,0,0,0,0,0,0,0,0,0,0,0
0,0,2,52,2,7,0,0,0,0,0,8,0,0,0,0,2,0,9,123,10,476,3,582,0,399,0,73,0,2,0,0,0,14,0,0,0,2,0,0,0,0,0,0,0,0,0,0,0,0,0,0,0,0,0,0,0,0,0,0,0,0,0,0,0,0,0,0,0,0,0,0,0,0,2,42,1,85,0,0,0,0,0,0,0,0,0,26,0,0,0,0,0,0,0,0,0,0,0,0,0,0,0,0,0,0,0,0,0,0,0,0,0,0,0,0,0,0,0,0,0,0,0,0,0,0,0,0,0,0,0,0,0,0,0,0,0,0,0,0,0,0,0,0,0,0,0,0,0,0,14,149,13,71,2,238,0,116,0,0,0,0,0,0,0,0,0,0,0,0
58,23,2754,751,2399,663,34,255,729,173,165,51,15,10,607,183,1,9,0,848,418,32,61,8,6,11,5,6,65,1,18,3,690,47,0,0,263,246,2,19,0,3,1,1,0,1,0,0,0,0,1,3,0,0,0,0,2,0,0,1,12,4,7,0,23,2,16,5,2,0,12,16,8,2,827,490,573,119,54,6,0,0,3,0,14,3,37,1,44,2,1,0,21,0,0,0,0,0,8,0,0,0,1,0,0,0,1,0,2,0,0,0,0,0,0,0,0,0,0,1,1,1,0,0,32,8,26,5,3,0,0,0,0,0,43,12,13,2,1,0,1,0,1,0,15,23,5,0,3,0,13,17,472,116,486,207,3,0,1,0,0,0,0,0,1,0,1,2,3,1
1,63,113,2940,138,955,2,861,62,421,19,93,0,26,73,621,1,123,848,0,55,482,4,89,3,9,1,4,4,2,3,5,105,131,0,0,33,1216,0,119,1,19,0,2,0,4,0,1,0,0,0,31,0,1,0,0,0,0,0,3,0,14,0,0,3,1,0,11,1,2,2,87,0,8,69,907,58,517,9,14,0,0,0,1,1,6,3,19,2,3,0,0,0,4,0,0,0,0,2,0,0,0,0,0,0,0,1,1,0,0,0,0,2,0,0,0,0,0,0,0,1,8,0,1,3,28,1,13,0,3,0,2,0,2,2,47,2,5,0,0,0,0,0,0,1,57,0,8,0,1,144,303,363,1335,357,1157,0,10,0,0,0,0,0,0,0,0,0,0,0,0
1,0,356,111,212,33,1,0,50,4,236,10,0,0,2,1,76,10,418,55,0,36,786,37,103,92,23,49,416,0,15,0,473,5,0,0,0,3,0,0,1,1,0,0,0,0,0,0,0,0,0,0,0,0,0,0,0,0,0,0,0,0,0,0,0,0,1,0,0,0,1,0,1,0,658,652,214,9,20,0,0,0,1,0,2,0,106,1,3,0,2,0,1,0,0,0,0,0,0,0,0,0,0,0,0,0,0,0,0,0,0,0,0,0,0,0,0,0,0,0,1,0,0,0,0,0,2,0,0,0,2,0,1,0,1,0,2,0,0,0,0,0,0,0,0,0,0,0,1,0,62,12,103,16,3,25,48,10,0,0,0,0,0,0,0,0,0,0,0,0
0,0,8,81,2,3,0,1,0,0,0,5,0,0,1,0,14,476,32,482,36,0,5,831,0,87,0,14,0,2,0,0,4,3,0,0,0,2,0,0,0,0,0,0,0,0,0,0,0,0,0,0,0,0,0,0,0,0,0,0,0,0,0,0,0,0,0,0,0,0,0,0,0,0,9,42,2,13,0,0,0,0,0,0,0,0,0,2,0,0,0,0,0,0,0,0,0,0,0,0,0,0,0,0,0,0,0,0,0,0,0,0,0,0,0,0,0,0,0,0,0,0,0,0,0,1,0,0,0,0,0,0,0,0,0,0,0,0,0,0,0,0,0,0,0,0,0,0,0,0,120,600,44,307,12,58,0,21,1,0,0,0,0,0,0,0,0,0,0,0
0,0,216,11,107,3,1,0,13,0,124,1,0,0,1,0,100,3,61,4,786,5,0,37,1020,2,135,1,550,0,4,0,246,0,0,0,0,0,0,0,0,0,0,0,0,0,0,0,0,0,0,0,0,0,0,0,0,0,0,0,0,0,0,0,0,0,0,0,0,0,0,0,0,0,198,20,67,1,1,0,0,0,1,0,0,0,22,0,0,0,0,0,0,0,0,0,0,0,0,0,0,0,0,0,0,0,0,0,0,0,0,0,0,0,0,0,0,0,0,0,0,0,0,0,0,0,0,0,0,0,0,0,0,0,0,0,1,0,0,0,0,0,0,0,0,0,0,0,0,0,44,0,31,1,6,0,217,1,0,0,0,0,0,0,0,0,0,0,0,0
0,0,1,48,0,7,0,1,0,1,0,23,0,1,0,0,20,582,8,89,37,831,37,0,0,1598,0,81,0,14,0,1,2,72,0,0,0,1,0,0,0,0,0,0,0,0,0,0,0,0,0,0,0,0,0,0,0,0,0,0,0,0,0,0,0,0,0,0,0,0,0,0,0,0,4,68,1,61,0,0,0,0,0,0,0,0,0,5,0,0,0,0,0,1,0,0,0,0,0,0,0,0,0,0,0,0,0,0,0,0,0,0,0,0,0,0,0,0,0,0,0,0,0,0,0,0,0,0,0,0,0,0,0,0,0,0,0,0,0,0,0,0,0,0,0,0,0,0,0,0,63,82,28,21,1,10,0,49,0,0,0,0,0,0,0,0,0,0,0,0
1,0,183,0,64,0,1,0,3,0,50,0,0,0,0,0,13,0,6,3,103,0,1020,0,0,0,324,0,302,0,1,0,58,0,0,0,0,0,0,0,0,0,0,0,0,0,0,0,0,0,0,0,0,0,0,0,0,0,0,0,0,0,0,0,0,0,0,0,0,0,0,0,0,0,26,1,5,0,1,0,0,0,0,0,0,0,2,0,0,0,0,0,0,0,0,0,0,0,0,0,0,0,0,0,0,0,0,0,0,0,0,0,0,0,0,0,0,0,0,0,0,0,0,0,0,0,0,0,0,0,0,0,0,0,0,0,0,0,0,0,0,0,0,0,0,0,0,0,0,0,5,0,4,0,0,0,33,0,0,0,0,0,0,0,0,0,0,0,0,0
0,0,0,91,2,26,0,0,0,0,1,103,0,0,0,0,22,399,11,9,92,87,2,1598,0,0,0,356,0,49,0,5,0,143,0,0,0,0,1,0,0,2,0,0,0,7,0,0,0,0,0,0,0,0,0,0,0,0,0,1,0,0,0,0,0,0,0,0,0,0,0,0,0,0,16,177,2,201,0,0,0,0,0,0,0,0,0,38,0,1,0,0,0,3,0,0,0,0,0,0,0,0,0,0,0,0,0,0,0,0,0,0,0,0,0,0,0,0,0,0,0,0,0,0,0,0,0,0,0,0,0,0,0,0,0,0,0,0,0,0,0,0,0,0,0,0,0,0,0,0,72,40,39,4,3,4,1,47,0,0,0,0,0,0,0,0,0,0,0,0
0,0,188,0,103,0,0,0,1,0,113,0,0,0,0,0,0,0,5,1,23,0,135,0,324,0,0,0,128,0,4,0,30,0,0,0,0,0,0,0,0,0,0,0,0,0,0,0,0,0,0,0,0,0,0,0,0,0,0,0,0,0,0,0,0,0,0,0,0,0,0,0,0,0,1,0,7,0,1,0,0,0,0,0,0,0,3,0,0,0,0,0,0,0,0,0,0,0,0,0,0,0,0,0,0,0,0,0,0,0,0,0,0,0,0,0,0,0,0,0,0,0,0,0,0,0,0,0,0,0,0,0,0,0,0,0,0,0,0,0,0,0,0,0,0,0,0,0,0,0,0,0,1,0,0,0,0,0,0,0,0,0,0,0,0,0,0,0,0,0
0,0,1,84,1,298,0,2,0,1,0,524,0,0,0,0,14,73,6,4,49,14,1,81,0,356,0,0,0,193,0,80,0,144,0,0,0,0,0,0,0,4,0,0,0,4,0,0,0,0,0,0,0,0,0,0,0,0,0,2,0,0,0,0,0,0,0,0,0,0,0,0,0,0,1,122,2,158,0,0,0,0,0,0,0,0,0,66,0,1,0,3,0,3,0,0,0,0,0,0,0,0,0,0,0,0,0,0,0,0,0,0,0,0,0,0,0,0,0,0,0,0,0,0,0,0,0,0,0,0,0,0,0,0,0,0,0,0,0,0,0,0,0,0,0,0,0,0,0,0,70,23,25,2,6,4,0,42,0,0,0,0,0,0,0,0,0,0,0,0
0,0,122,12,137,1,0,2,14,2,886,0,0,0,0,0,28,0,65,4,416,0,550,0,302,0,128,0,0,0,58,0,535,1,0,0,0,0,3,0,0,0,0,0,0,0,0,0,0,0,0,0,0,0,0,0,0,0,0,0,0,0,0,0,0,0,1,0,0,0,0,0,0,0,35,3,58,0,1,0,0,0,0,0,0,0,5,0,0,0,0,0,0,0,0,0,1,0,0,0,0,0,0,0,0,0,0,0,0,0,0,0,0,0,0,0,0,0,0,0,0,0,0,0,0,0,1,0,0,0,0,0,0,0,0,0,0,0,0,0,0,0,0,0,0,0,0,0,0,0,5,0,6,1,0,0,116,0,0,0,0,0,0,0,0,0,0,0,0,0
0,0,0,37,0,44,0,0,0,5,0,523,0,0,0,0,0,2,1,2,0,2,0,14,0,49,0,193,0,0,0,73,0,321,0,0,0,0,0,0,0,3,0,1,0,5,0,0,0,0,0,0,0,0,0,0,0,0,0,0,0,0,0,0,0,0,0,0,0,0,0,0,0,0,0,12,0,68,0,0,0,0,0,0,0,0,0,41,0,1,0,1,0,3,0,0,0,0,0,0,0,0,0,0,0,0,0,0,0,0,0,0,0,0,0,0,0,0,0,0,0,0,0,0,0,0,0,0,0,0,0,0,0,0,0,0,0,0,0,0,0,0,0,0,0,0,0,0,0,0,0,0,0,0,0,2,0,10,0,0,0,0,0,0,0,0,0,0,0,0
0,0,27,2,156,0,0,0,21,0,485,0,0,0,0,0,0,0,18,3,15,0,4,0,1,0,4,0,58,0,0,0,120,1,0,0,0,0,0,0,0,0,0,0,0,0,0,0,0,0,0,0,0,0,0,0,0,0,0,0,0,0,0,0,0,0,0,0,0,0,0,0,0,0,2,3,45,1,1,0,0,0,0,0,0,0,5,0,1,0,0,0,0,0,0,0,0,0,0,0,0,0,0,0,0,0,0,0,0,0,0,0,0,0,0,0,0,0,0,0,0,0,0,0,0,0,0,0,0,0,0,0,0,0,0,0,0,0,0,0,0,0,0,0,0,0,0,0,0,0,0,0,0,1,1,1,0,0,0,0,0,0,0,0,0,0,0,0,0,0
0,0,0,50,0,102,0,1,0,47,0,382,0,0,0,0,0,0,3,5,0,0,0,1,0,5,0,80,0,73,0,0,0,55,0,0,0,0,0,0,0,2,0,0,0,2,0,0,0,0,0,1,0,0,0,0,0,0,0,1,0,1,0,0,0,0,0,0,0,0,0,0,0,0,0,32,0,36,0,0,0,0,0,0,0,0,0,12,0,1,0,0,0,2,0,0,0,0,0,0,0,0,0,0,0,0,0,0,0,0,0,0,0,0,0,0,0,0,0,0,0,0,0,0,0,0,0,0,0,0,0,0,0,0,0,0,0,0,0,0,0,0,0,0,0,0,0,0,0,0,3,0,1,0,0,1,0,1,0,0,0,0,0,0,0,0,0,0,0,0
293,2,588,90,681,61,1053,20,1916,15,1580,11,836,4,209,36,78,0,690,105,473,4,246,2,58,0,30,0,535,0,120,0,0,6,0,0,18,32,8,1,54,0,10,0,4,0,5,0,0,1,4,0,6,0,61,0,13,0,6,0,107,0,34,1,21,2,45,0,8,0,29,20,37,0,434,64,2127,19,14,0,0,0,126,0,171,0,167,1,88,0,0,0,9,0,2,1,5,0,16,2,2,1,0,0,3,0,5,1,2,0,2,0,0,9,0,0,0,0,0,0,0,0,0,1,8,1,48,0,13,0,0,0,0,0,21,0,12,0,10,0,9,0,11,0,38,3,7,0,7,0,3,1,27,19,9,41,79,0,3,1,1,0,8,0,1,0,2,1,1,0
7,266,8,326,5,475,2,887,4,895,1,855,0,1488,15,195,1,14,47,131,5,3,0,72,0,143,0,144,1,321,1,55,6,0,0,0,2,60,2,7,4,384,1,73,0,13,1,43,5,41,2,70,1,23,1,14,0,12,0,156,6,483,4,13,5,13,4,385,0,10,7,356,0,201,7,391,6,2425,1,20,0,0,2,56,2,480,1,260,0,152,0,10,0,51,0,0,1,0,0,4,0,5,0,4,2,0,2,2,1,4,1,0,3,2,1,0,0,0,1,1,0,5,0,0,0,9,0,54,0,21,0,2,0,1,0,14,0,8,0,47,0,2,0,10,2,60,1,14,0,5,4,0,15,3,13,30,0,3,0,0,0,0,0,4,0,3,0,2,2,0
0,0,0,0,0,0,0,0,0,0,0,0,0,0,0,0,0,0,0,0,0,0,0,0,0,0,0,0,0,0,0,0,0,0,0,0,0,0,0,0,0,0,0,0,0,0,0,0,0,0,0,0,0,0,0,0,0,0,0,0,0,0,0,0,0,0,0,0,0,0,0,0,0,0,0,0,0,0,0,0,0,0,0,0,0,0,0,0,0,0,0,0,0,0,0,0,0,0,0,0,0,0,0,0,0,0,0,0,0,0,0,0,0,0,0,0,0,0,0,0,0,0,0,0,0,0,0,0,0,0,0,0,0,0,0,0,0,0,0,0,0,0,0,0,0,0,0,0,0,0,0,0,0,0,0,0,0,0,0,0,0,0,0,0,0,0,0,0,0,0
0,0,0,0,0,0,0,0,0,0,0,0,0,0,0,0,0,0,0,0,0,0,0,0,0,0,0,0,0,0,0,0,0,0,0,0,0,0,0,0,0,0,0,0,0,0,0,0,0,0,0,0,0,0,0,0,0,0,0,0,0,0,0,0,0,0,0,0,0,0,0,0,0,0,0,0,0,0,0,0,0,0,0,0,0,0,0,0,0,0,0,0,0,0,0,0,0,0,0,0,0,0,0,0,0,0,0,0,0,0,0,0,0,0,0,0,0,0,0,0,0,0,0,0,0,0,0,0,0,0,0,0,0,0,0,0,0,0,0,0,0,0,0,0,0,0,0,0,0,0,0,0,0,0,0,0,0,0,0,0,0,0,0,0,0,0,0,0,0,0
108,10,25,18,27,22,5,24,13,5,1,0,14,1,2202,115,0,0,263,33,0,0,0,0,0,0,0,0,0,0,0,0,18,2,0,0,0,111,1258,14,19,0,0,0,0,0,210,0,274,1,6,0,124,0,55,1,2,0,7,0,98,1,381,0,109,1,65,1,39,0,4857,38,2289,4,58,11,35,8,2,0,0,0,11,0,48,2,2,0,45,0,0,0,8,0,0,0,2,0,5,0,0,0,1,0,1,1,1,0,1,0,1,0,2,4,0,0,0,0,0,0,0,0,0,0,1,1,13,0,10,0,1,0,0,0,6,0,1,1,3,0,6,0,3,0,32,3,4,0,12,1,0,0,20,0,607,7,2,0,0,0,0,0,2,0,0,0,0,0,1,0
511,255,147,505,141,266,32,267,54,126,1,7,18,34,657,2015,0,2,246,1216,3,2,0,1,0,0,0,0,0,0,0,0,32,60,0,0,111,0,17,871,9,100,0,7,0,0,0,13,1,7,0,114,0,1,9,3,0,2,1,4,208,83,90,3,109,44,48,88,7,37,284,1306,986,204,89,295,60,176,4,9,0,0,10,3,36,55,0,1,18,27,0,1,2,4,1,1,3,0,10,3,2,1,1,0,2,0,7,4,3,5,2,1,14,4,1,0,0,0,1,2,0,2,0,2,4,12,20,31,14,33,0,0,0,3,7,25,5,7,1,1,0,0,3,1,29,58,6,14,6,7,1,1,24,222,192,1287,0,0,0,1,1,0,0,7,3,1,2,1,12,3
45,1,10,0,5,1,2,0,0,0,0,0,2,0,33,4,2,0,2,0,0,0,0,0,0,1,0,0,3,0,0,0,8,2,0,0,1258,17,0,71,710,0,15,0,0,0,372,5,508,10,110,1,454,5,412,2,52,0,19,0,12,0,550,0,329,2,143,0,158,3,2635,102,26,1,11,2,29,2,0,0,0,0,40,1,135,5,5,1,103,2,0,0,13,0,9,0,1,0,2,0,1,0,1,0,0,0,3,0,0,1,0,0,0,2,0,0,0,1,0,0,0,0,0,0,0,0,0,0,2,0,1,0,0,0,1,0,0,0,10,0,16,0,13,0,69,1,2,0,2,0,8,0,78,0,239,0,3,0,2,0,0,0,4,0,1,0,0,0,0,0
14,7,2,42,7,24,0,28,4,11,0,0,1,2,10,116,0,0,19,119,0,0,0,0,0,0,0,0,0,0,0,0,1,7,0,0,14,871,71,0,608,90,5,6,1,0,60,35,100,11,27,26,211,3,273,3,33,0,14,3,7,2,116,0,129,4,43,4,46,8,295,1868,5,3,5,13,17,11,1,0,0,0,5,2,28,9,5,0,52,1,1,0,13,0,1,0,0,0,1,1,0,1,1,0,0,0,1,0,0,1,0,0,0,2,0,0,0,0,0,0,0,0,0,0,0,3,0,0,1,1,0,0,0,0,0,2,0,0,8,1,5,0,3,0,28,4,1,0,1,1,0,0,2,0,8,12,0,0,0,0,0,0,0,0,0,0,0,0,0,0
55,2,14,0,12,4,12,0,5,0,0,0,48,1,18,5,8,0,0,1,1,0,0,0,0,0,0,0,0,0,0,0,54,4,0,0,19,9,710,608,0,13,1649,1,126,0,126,43,43,104,597,2,87,27,403,2,194,0,390,1,124,1,59,0,35,1,42,2,26,7,405,1186,17,0,19,0,435,7,85,2,0,0,6,0,66,13,376,0,308,21,345,0,598,6,45,2,14,2,52,4,19,2,21,1,19,3,40,16,12,11,49,0,3,8,0,1,0,2,3,2,0,0,1,0,1,1,6,3,7,0,3,0,3,0,5,0,0,0,590,0,41,0,21,0,360,4,1,0,2,0,0,0,0,0,1,0,20,0,1,0,2,0,194,0,0,1,2,3,0,0
2,136,1,68,0,54,1,9,0,11,0,41,0,16,0,106,0,0,3,19,1,0,0,0,0,2,0,4,0,3,0,2,0,384,0,0,0,100,0,90,13,0,0,910,0,208,4,188,5,32,0,407,0,21,0,5,0,26,0,626,3,278,1,0,2,4,0,72,0,4,4,831,3,279,1,97,0,834,1,188,0,0,0,1,3,274,0,464,1,1517,0,301,0,716,0,3,1,0,6,26,0,8,0,2,1,1,11,11,0,22,8,1,15,14,9,0,0,1,2,2,0,3,0,7,0,16,1,28,0,23,0,3,0,3,0,12,0,1,1,623,0,152,0,179,4,2034,0,5,0,13,0,0,0,0,3,2,0,30,0,2,0,2,1,88,1,3,1,10,9,0
10,2,1,1,12,1,2,1,1,0,0,0,7,0,2,5,0,0,1,0,0,0,0,0,0,0,0,0,0,0,0,0,10,1,0,0,0,0,15,5,1649,0,0,21,80,0,24,0,4,0,616,0,16,1,38,0,28,0,590,0,15,3,9,0,7,0,11,1,1,1,192,7,2,10,20,4,45,9,24,13,0,0,2,0,16,1,20,0,45,1,74,0,103,0,53,36,77,12,13,49,51,4,20,11,109,41,184,155,23,41,52,2,1,1,1,1,2,13,4,0,0,0,0,0,15,8,11,24,0,0,0,0,0,0,1,0,0,0,6,0,3,0,1,0,15,2,0,0,0,0,0,0,1,0,0,0,0,0,60,17,6,3,14,4,7,10,1,13,0,0
1,0,0,6,0,6,0,1,0,3,0,1,0,0,1,3,0,0,1,2,0,0,0,0,0,0,0,0,0,1,0,0,0,73,0,0,0,7,0,6,1,910,21,0,0,138,0,21,1,4,2,528,0,2,0,3,0,35,0,813,2,0,0,0,0,0,0,0,0,0,0,113,0,0,1,0,4,56,3,6,0,0,0,0,0,98,0,94,0,240,0,118,0,88,3,42,4,12,3,29,4,35,1,13,10,21,11,68,0,36,4,2,0,1,16,0,1,4,2,0,0,0,0,0,0,4,2,1,0,0,0,0,0,0,0,0,0,0,0,31,0,2,0,2,3,31,0,1,0,1,0,0,0,1,0,0,0,1,4,100,1,16,5,42,0,23,0,1,0,0
1,0,0,0,1,1,0,0,1,0,0,0,0,0,1,1,13,0,0,0,0,0,0,0,0,0,0,0,0,0,0,0,4,0,0,0,0,0,0,1,126,0,80,0,0,0,0,0,0,0,2,0,0,0,9,0,1,0,12,0,0,1,0,0,0,0,0,0,0,0,0,0,0,0,7,0,210,0,79,0,0,0,0,0,0,0,470,0,8,0,67,0,29,0,1,0,1,0,0,1,0,0,0,0,0,0,0,1,0,0,0,0,1,0,0,0,0,0,0,0,3,0,0,0,26,0,2,0,0,0,3,0,7,0,21,0,0,0,7,0,1,0,0,0,1,0,0,1,0,0,0,0,0,0,0,0,18,0,3,0,1,0,25,0,0,0,0,0,0,0
0,0,0,17,0,6,0,0,0,0,0,13,0,0,0,0,0,0,1,4,0,0,0,0,0,7,0,4,0,5,0,2,0,13,0,0,0,0,0,0,0,208,0,138,0,0,0,1,1,0,0,1,0,0,0,0,0,1,0,14,0,0,0,0,0,0,0,0,0,0,0,0,0,0,0,3,0,208,0,162,0,0,0,0,0,2,0,1520,0,25,0,470,0,58,0,0,0,0,0,0,0,0,0,0,0,0,0,0,0,0,0,0,0,0,0,0,0,0,0,0,0,1,0,0,0,5,0,0,0,0,0,0,0,0,0,0,0,0,0,5,0,1,0,0,0,0,0,0,0,0,0,0,0,0,0,2,0,18,1,0,0,0,0,1,0,0,0,0,0,0
2,1,1,1,0,0,0,0,0,0,0,0,1,0,1,0,0,0,0,0,0,0,0,0,0,0,0,0,0,0,0,0,5,1,0,0,210,0,372,60,126,4,24,0,0,0,0,1169,4136,352,4058,369,2995,121,2051,102,517,39,321,25,1,1,120,0,11,0,1,0,9,0,1097,33,2,0,0,0,18,2,0,0,0,0,3,0,17,17,3,0,20,72,2,1,33,33,655,1,19,0,1,0,16,1,216,18,1,0,0,0,0,0,0,0,0,0,6,17,0,0,0,0,0,0,0,0,0,0,0,0,2,0,0,0,1,0,0,0,0,0,12,0,5,2,5,0,27,0,0,0,0,0,0,0,0,0,4,0,0,0,0,0,0,0,0,0,0,0,0,0,0,0
0,14,0,11,0,6,0,0,0,0,0,0,0,0,0,4,0,0,0,1,0,0,0,0,0,0,0,0,0,0,0,0,0,43,0,0,0,13,5,35,43,188,0,21,0,1,1169,0,1700,4104,32,2552,1,1183,2,1410,0,1169,0,304,0,7,1,2,2,1,1,4,2,3,7,1273,0,0,0,2,0,160,0,18,0,0,0,4,1,700,0,14,0,1048,0,1,0,398,1,2,0,1,1,5,0,6,1,34,0,0,1,1,0,5,1,1,3,2,77,6,0,1,0,1,0,1,0,1,0,1,0,2,0,1,0,1,0,1,0,1,0,0,0,25,0,18,0,4,6,139,0,0,0,0,0,0,0,0,0,0,0,0,0,0,0,0,0,6,0,1,0,2,4,0
3,8,0,1,0,0,0,0,0,0,0,0,1,0,2,0,0,0,0,0,0,0,0,0,0,0,0,0,0,0,0,0,0,5,0,0,274,1,508,100,43,5,4,1,0,1,4136,1700,0,912,439,291,3123,288,565,320,31,73,20,31,0,5,193,0,23,3,7,3,15,11,1241,119,3,1,0,0,6,14,2,2,0,0,1,1,12,64,1,0,16,214,0,0,6,94,4,0,0,0,0,0,0,0,5,4,1,0,0,0,0,0,0,0,1,0,7,0,0,0,0,0,0,0,0,0,0,0,0,0,0,0,0,0,0,0,1,0,0,0,2,0,5,0,2,1,11,4,1,0,1,0,0,0,0,0,1,0,0,0,0,0,0,0,1,0,0,0,1,0,0,0
2,66,0,21,0,3,0,1,1,1,0,0,0,1,3,7,0,0,0,0,0,0,0,0,0,0,0,0,0,0,0,0,1,41,0,0,1,7,10,11,104,32,0,4,0,0,352,4104,912,0,5,323,14,3603,16,3207,0,326,0,101,0,85,8,377,14,73,5,26,6,255,102,1534,0,33,0,3,4,56,0,4,0,0,1,3,2,303,0,9,3,865,0,0,1,378,0,0,0,0,2,1,0,0,0,12,1,0,0,0,0,2,0,0,3,0,4,1,0,0,0,0,0,0,0,1,0,1,0,2,0,2,0,1,0,0,0,0,0,0,3,4,0,1,0,2,11,70,0,1,0,0,0,0,0,0,0,0,0,0,0,0,0,0,0,5,0,0,0,1,1,0
6,0,5,1,3,0,0,0,0,0,0,0,1,0,2,0,0,0,1,0,0,0,0,0,0,0,0,0,0,0,0,0,4,2,0,0,6,0,110,27,597,0,616,2,2,0,4058,32,439,5,0,134,378,1,1126,0,1536,0,3226,19,3,0,15,0,6,0,7,0,7,0,591,22,0,0,1,0,82,4,1,0,0,0,1,0,24,21,20,2,88,25,10,0,238,10,1690,0,19,0,37,0,144,2,1028,0,2,0,1,1,0,0,3,0,0,14,13,16,1,0,0,0,0,0,0,0,1,0,0,0,1,0,0,0,0,0,0,0,0,0,39,1,17,1,17,1,64,2,0,0,0,0,0,0,0,0,1,0,0,0,0,0,0,0,1,0,0,0,0,0,0,0
0,8,1,8,3,6,0,7,0,1,0,1,0,0,0,35,0,0,3,31,0,0,0,0,0,0,0,0,0,0,0,1,0,70,0,0,0,114,1,26,2,407,0,528,0,1,369,2552,291,323,134,0,0,144,1,523,0,2341,0,3680,1,4,1,0,2,1,0,1,0,1,7,341,0,1,1,16,0,92,0,9,0,0,0,0,1,583,0,27,1,1066,0,13,0,873,0,14,0,0,0,41,0,302,0,608,0,0,2,0,1,0,1,1,8,257,343,40,0,0,0,3,0,0,0,0,0,0,0,2,0,0,0,0,0,3,1,6,0,0,0,31,0,5,0,6,0,72,0,3,0,1,0,0,0,0,2,4,0,0,0,0,0,0,0,2,0,0,0,2,47,0
7,0,1,0,3,0,0,0,1,0,0,0,1,0,10,0,0,0,0,0,0,0,0,0,0,0,0,0,0,0,0,0,6,1,0,0,124,0,454,211,87,0,16,0,0,0,2995,1,3123,14,378,0,0,5,3731,2,274,0,122,0,6,0,553,1,115,0,23,1,34,3,490,137,5,0,1,0,36,1,1,0,0,0,5,0,42,4,4,0,106,1,2,0,38,0,34,0,0,0,3,0,1,0,20,0,0,0,2,0,0,0,0,0,0,3,0,0,0,0,0,0,0,0,0,0,0,0,1,0,3,0,0,0,0,0,0,0,0,0,15,0,21,0,5,0,53,0,2,0,1,0,0,0,0,0,0,0,0,0,1,0,0,0,3,0,0,0,0,0,0,0
0,39,0,6,0,0,0,0,0,0,0,0,0,2,1,1,0,0,0,1,0,0,0,0,0,0,0,0,0,0,0,0,0,23,0,0,0,1,5,3,27,21,1,2,0,0,121,1183,288,3603,1,144,5,0,4,4628,2,331,0,55,1,69,2,942,4,68,3,21,1,626,32,496,0,10,0,3,1,27,0,5,0,0,0,1,1,158,0,0,0,493,0,1,0,198,0,0,0,0,0,2,0,2,0,1,0,0,0,0,0,1,0,0,0,1,0,1,0,0,0,0,0,0,0,0,0,0,0,0,0,0,0,0,0,0,0,0,0,0,0,10,0,0,0,1,8,40,0,0,0,1,0,0,0,0,0,0,0,0,0,0,0,0,0,1,1,1,0,0,2,0
26,1,18,2,7,0,3,0,1,0,0,0,3,0,71,8,0,0,0,0,0,0,0,0,0,0,0,0,0,0,0,0,61,1,0,0,55,9,412,273,403,0,38,0,9,0,2051,2,565,16,1126,1,3731,4,0,4,3821,0,1117,0,17,0,570,0,813,1,85,0,1130,0,272,185,7,2,21,0,246,1,9,0,0,0,28,0,304,3,47,0,2433,0,4,0,681,1,119,0,10,1,12,1,13,0,7,0,4,0,14,1,2,1,4,0,0,8,0,0,0,0,0,0,0,0,0,0,0,0,3,0,10,0,0,0,1,0,1,1,0,0,87,0,99,0,57,0,265,0,10,0,3,0,0,0,0,0,4,1,0,0,1,0,0,0,7,0,0,0,0,2,2,0
2,160,0,61,0,2,0,1,0,0,0,0,0,0,1,15,0,0,0,0,0,0,0,0,0,0,0,0,0,0,0,0,0,14,0,0,1,3,2,3,2,5,0,3,0,0,102,1410,320,3207,0,523,2,4628,4,0,0,1537,0,175,1,286,5,588,10,202,4,78,0,1093,49,539,0,39,0,2,1,15,0,1,0,0,0,0,1,94,0,0,2,2921,0,0,2,716,0,0,0,0,0,1,0,1,0,22,1,0,0,0,0,0,1,0,0,0,0,6,0,0,0,0,0,0,0,0,0,0,0,2,0,3,0,0,0,0,0,0,0,0,0,0,0,1,0,1,8,3,0,2,0,1,0,0,0,0,0,0,0,0,0,0,0,0,0,0,0,0,0,0,0,0
4,0,6,0,5,0,0,0,0,0,0,0,0,0,4,1,0,0,2,0,0,0,0,0,0,0,0,0,0,0,0,0,13,0,0,0,2,0,52,33,194,0,28,0,1,0,517,0,31,0,1536,0,274,2,3821,0,0,0,1838,1,1,0,26,0,6,0,0,0,6,0,64,10,1,0,0,0,111,0,2,0,0,0,0,0,34,0,24,0,197,0,7,0,416,0,198,0,2,0,1,0,10,0,9,0,2,1,2,0,0,0,0,0,0,0,0,0,0,0,0,0,0,0,0,0,1,0,0,0,5,0,1,0,0,0,1,0,0,0,35,0,22,0,10,0,54,0,0,0,0,0,0,0,0,0,0,0,0,0,1,0,0,0,0,0,0,0,0,0,0,0
0,0,0,1,0,1,0,0,0,0,0,1,0,0,0,0,0,0,0,0,0,0,0,0,0,0,0,0,0,0,0,0,0,12,0,0,0,2,0,0,0,26,0,35,0,1,39,1169,73,326,0,2341,0,331,0,1537,0,0,0,2124,0,0,0,1,0,0,0,1,0,0,1,11,0,0,0,0,0,6,0,1,0,0,0,0,0,96,0,10,0,385,0,4,0,1292,0,82,0,0,0,0,0,8,0,118,0,0,0,0,0,0,0,0,0,0,9,4,0,0,0,0,0,1,0,0,0,0,0,1,0,0,0,0,0,0,0,0,0,0,0,0,0,2,0,1,0,5,0,0,0,0,0,0,0,0,0,0,0,0,0,0,0,0,0,0,0,0,0,0,0,0
2,0,1,0,1,0,2,0,0,0,0,0,0,0,5,1,0,0,0,0,0,0,0,0,0,0,0,0,0,0,0,0,6,0,0,0,7,1,19,14,390,0,590,0,12,0,321,0,20,0,3226,0,122,0,1117,0,1838,0,0,0,1,0,9,0,3,0,2,0,14,0,30,3,1,0,2,0,85,0,4,0,0,0,0,0,13,0,53,0,154,0,142,0,2943,0,286,0,7,0,0,0,11,0,171,0,1,1,0,0,0,0,0,0,0,0,0,1,0,0,0,0,0,0,0,0,0,0,0,0,2,0,0,0,1,0,0,0,0,0,13,0,5,0,1,0,22,0,1,0,0,0,0,0,0,0,0,0,0,0,0,0,0,0,3,0,0,0,0,1,0,0
0,1,0,17,0,16,0,0,0,5,0,12,0,0,0,1,0,0,1,3,0,0,0,0,0,1,0,2,0,0,0,1,0,156,0,0,0,4,0,3,1,626,0,813,0,14,25,304,31,101,19,3680,0,55,0,175,1,2124,0,0,0,2,1,0,0,0,0,0,0,0,0,32,0,0,0,4,0,141,0,22,0,0,0,0,0,329,0,165,0,1037,0,874,0,2229,0,189,1,0,0,5,0,116,0,304,0,0,2,0,0,0,0,0,0,1,105,0,0,0,0,0,0,0,0,0,0,1,0,0,0,0,0,0,0,1,0,0,0,0,0,68,0,13,0,15,1,35,0,1,0,0,1,0,0,0,0,4,0,2,0,1,0,0,0,5,0,0,0,0,2,0
6321,2,60,6,54,1,155,1,76,1,1,0,1346,1,71,21,0,0,12,0,0,0,0,0,0,0,0,0,0,0,0,0,107,6,0,0,98,208,12,7,124,3,15,2,0,0,1,0,0,0,3,1,6,1,17,1,1,0,1,0,0,1,592,1,2043,9,1102,10,85,3,687,138,541,25,442,2,623,7,18,5,0,0,205,1,185,14,14,0,418,2,0,0,16,0,7,4,7,5,115,6,11,1,6,3,18,0,40,22,31,12,22,2,40,23,1,1,2,1,0,4,1,0,6,0,8,2,143,0,566,1,0,0,6,0,231,1,26,0,1,0,4,0,1,0,227,3,72,0,164,0,0,0,0,0,2,0,0,0,14,2,3,1,58,2,52,7,23,18,69,9
20,3486,13,165,2,153,3,140,1,37,0,2,1,747,23,558,0,0,4,14,0,0,0,0,0,0,0,0,0,0,0,1,0,483,0,0,1,83,0,2,1,278,3,0,1,0,1,7,5,85,0,4,0,69,0,286,0,0,0,2,1,0,2,1273,2,695,4,1354,0,480,32,1089,4,1301,7,238,3,811,2,121,0,0,1,4,1,107,0,0,1,587,0,0,0,17,6,1,6,1,13,20,3,0,3,0,11,2,25,11,4,10,14,5,46,7,0,0,0,1,0,7,0,1,0,7,0,12,3,238,1,265,0,0,0,14,0,78,0,33,0,3,0,0,0,0,1,132,0,75,0,15,0,0,1,0,0,0,0,0,2,1,0,1,0,79,2,6,4,14,6,2
152,4,27,3,16,0,17,0,9,0,0,0,39,0,125,10,0,0,7,0,0,0,0,0,0,0,0,0,0,0,0,0,34,4,0,0,381,90,550,116,59,1,9,0,0,0,120,1,193,8,15,1,553,2,570,5,26,0,9,1,592,2,0,2,1758,14,337,3,373,12,1654,244,234,4,114,3,54,5,1,2,0,0,44,2,125,16,2,0,204,6,0,0,24,1,3,0,3,0,40,2,8,0,3,0,7,0,10,1,8,1,3,0,5,22,0,0,1,0,0,1,0,0,0,0,3,0,4,0,42,0,0,0,0,1,20,0,4,0,7,0,19,0,18,0,161,3,13,0,75,0,0,0,0,0,6,0,0,0,2,0,0,0,4,0,6,0,4,1,11,0
1,76,0,50,0,10,0,4,0,0,0,0,1,1,0,9,0,0,0,0,0,0,0,0,0,0,0,0,0,0,0,0,1,13,0,0,0,3,0,0,0,0,0,0,0,0,0,2,0,377,0,0,1,942,0,588,0,1,0,0,1,1273,2,0,0,1427,1,235,1,915,17,1576,0,73,0,1,1,5,0,2,0,0,0,0,0,9,0,1,0,39,0,0,0,5,0,0,0,0,0,0,0,0,0,0,0,0,0,0,0,0,0,0,0,0,0,0,0,0,0,0,0,0,0,0,0,1,0,0,0,2,0,0,0,0,0,1,0,0,0,0,0,0,0,0,0,1,0,1,0,0,0,0,0,0,0,0,0,0,0,0,0,0,0,0,0,1,0,0,0,0
527,3,43,4,28,3,14,1,8,0,0,0,31,1,78,16,0,0,23,3,0,0,0,0,0,0,0,0,0,0,0,0,21,5,0,0,109,109,329,129,35,2,7,0,0,0,11,2,23,14,6,2,115,4,813,10,6,0,3,0,2043,2,1758,0,0,6,1202,3,2980,18,231,309,38,3,81,2,62,8,2,4,0,0,25,1,146,30,4,1,786,10,0,0,26,3,5,0,2,0,38,1,9,0,1,1,4,1,4,0,9,0,2,0,1,20,0,0,0,0,0,2,0,0,2,0,1,0,5,1,29,1,0,0,0,0,15,0,5,0,6,0,14,0,13,0,126,1,5,0,29,0,0,0,0,0,2,0,0,0,2,2,0,0,6,2,1,0,1,0,9,1
5,179,2,320,2,132,0,21,0,1,0,0,1,3,4,54,0,0,2,1,0,0,0,0,0,0,0,0,0,0,0,0,2,13,0,0,1,44,2,4,1,4,0,0,0,0,0,1,3,73,0,1,0,68,1,202,0,0,0,0,9,695,14,1427,6,0,9,1730,2,1952,41,1034,11,79,4,9,0,27,0,5,0,0,0,3,3,61,0,0,1,171,0,0,0,3,0,0,0,0,2,0,0,0,0,0,0,0,0,0,0,1,0,0,3,0,0,0,0,0,0,0,0,0,0,0,0,1,0,5,2,4,0,0,0,1,0,0,0,0,0,2,0,0,0,0,2,4,0,3,1,2,0,0,0,0,1,0,0,0,2,0,0,0,0,1,0,0,1,1,1,1
1168,0,65,1,131,2,274,0,99,0,1,0,274,0,68,11,0,0,16,0,1,0,0,0,0,0,0,0,1,0,0,0,45,4,0,0,65,48,143,43,42,0,11,0,0,0,1,1,7,5,7,0,23,3,85,4,0,0,2,0,1102,4,337,1,1202,9,0,10,443,16,161,152,49,1,105,1,97,4,5,2,0,0,72,2,752,14,7,1,512,6,0,0,9,0,4,1,13,0,50,0,10,0,0,1,6,0,16,3,8,1,3,0,2,31,0,1,0,0,0,0,0,0,0,0,2,0,15,1,28,0,0,0,0,0,10,0,3,0,0,0,21,0,16,0,162,0,16,0,60,0,0,0,0,0,2,0,0,0,3,2,1,0,10,0,7,0,5,2,14,0
2,715,1,171,3,297,1,626,3,20,0,1,0,692,9,154,0,0,5,11,0,0,0,0,0,0,0,0,0,0,0,0,0,385,0,0,1,88,0,4,2,72,1,0,0,0,0,4,3,26,0,1,1,21,0,78,0,1,0,0,10,1354,3,235,3,1730,10,0,3,701,18,449,12,262,4,52,2,359,1,55,0,0,0,17,1,762,0,0,0,488,0,0,1,2,0,0,2,0,4,14,1,0,0,0,1,0,6,1,2,1,2,1,21,5,0,0,0,2,2,3,0,0,0,0,3,9,2,24,0,72,0,0,0,4,0,12,0,1,0,3,0,0,0,0,1,33,0,5,1,10,0,0,0,0,4,0,0,0,0,4,0,0,0,15,0,0,2,6,9,1
40,0,12,2,7,0,2,0,3,0,0,0,2,0,77,7,0,0,2,1,0,0,0,0,0,0,0,0,0,0,0,0,8,0,0,0,39,7,158,46,26,0,1,0,0,0,9,2,15,6,7,0,34,1,1130,0,6,0,14,0,85,0,373,1,2980,2,443,3,0,2,70,66,14,0,7,0,26,3,2,1,0,0,14,0,355,2,4,0,984,3,1,0,64,0,1,0,0,0,4,0,2,0,0,0,3,0,0,0,1,0,0,0,1,1,0,0,0,0,0,0,0,0,0,0,0,0,1,1,7,0,0,0,0,0,1,0,0,0,5,0,20,0,12,0,41,0,1,0,3,0,0,0,0,0,7,0,0,0,0,0,0,0,0,0,0,0,0,0,2,0
0,194,2,85,0,26,0,17,0,1,0,0,5,3,1,21,0,0,0,2,0,0,0,0,0,0,0,0,0,0,0,0,0,10,0,0,0,37,3,8,7,4,1,0,0,0,0,3,11,255,0,1,3,626,0,1093,0,0,0,0,3,480,12,915,18,1952,16,701,2,0,72,855,0,46,1,3,0,23,1,8,0,0,2,6,3,548,0,0,2,1419,0,0,0,19,0,0,0,0,0,1,1,0,0,1,0,0,0,0,0,0,0,0,0,0,0,0,0,0,0,1,0,0,0,0,0,1,0,5,0,6,0,0,0,1,0,0,0,0,0,1,1,2,0,0,10,2,0,0,0,0,0,0,0,0,1,0,0,0,0,0,0,0,0,3,1,0,0,0,1,0
117,15,20,9,9,1,24,2,13,1,0,0,40,0,422,30,0,0,12,2,1,0,0,0,0,0,0,0,0,0,0,0,29,7,0,0,4857,284,2635,295,405,4,192,0,0,0,1097,7,1241,102,591,7,490,32,272,49,64,1,30,0,687,32,1654,17,231,41,161,18,70,72,0,893,933,26,145,6,37,8,1,1,0,0,23,2,114,52,1,0,49,57,1,0,7,7,18,0,1,0,33,3,1,1,4,1,2,1,3,1,0,0,1,0,7,5,0,0,0,0,0,0,0,0,3,0,0,1,13,1,91,0,0,0,0,0,21,1,5,0,9,2,10,0,12,1,131,7,14,0,46,0,0,0,0,0,28,1,0,0,1,0,1,0,9,2,13,1,3,3,11,1
48,332,18,317,13,57,6,52,2,9,0,0,29,8,31,560,0,0,16,87,0,0,0,0,0,0,0,0,0,0,0,0,20,356,0,0,38,1306,102,1868,1186,831,7,113,0,0,33,1273,119,1534,22,341,137,496,185,539,10,11,3,32,138,1089,244,1576,309,1034,152,449,66,855,893,0,73,833,30,74,34,334,1,51,0,0,15,42,114,466,0,3,67,338,0,3,15,55,1,2,7,2,20,24,5,3,0,0,7,3,15,8,6,14,10,2,60,21,6,0,2,3,1,9,0,1,0,2,0,12,4,31,6,74,0,0,1,3,1,18,0,1,15,12,13,3,7,1,114,749,10,4,9,23,0,0,0,0,6,11,0,0,2,6,1,0,0,29,4,4,5,12,28,2
1990,9,266,6,62,0,101,1,43,0,0,0,53,1,576,379,0,0,8,0,1,0,0,0,0,0,0,0,0,0,0,0,37,0,0,0,2289,986,26,5,17,3,2,0,0,0,2,0,3,0,0,0,5,0,7,0,1,0,1,0,541,4,234,0,38,11,49,12,14,0,933,73,0,99,362,5,386,2,5,1,0,0,5,0,21,2,4,0,22,0,1,0,4,0,3,2,3,0,45,3,2,0,1,0,6,0,7,10,11,2,8,0,11,5,0,0,0,0,1,1,0,0,6,0,5,0,310,3,198,3,0,0,0,1,139,1,45,0,0,0,2,0,0,0,114,3,64,1,66,1,0,0,0,0,4,0,0,0,7,2,1,0,9,0,17,0,6,4,11,3
69,866,9,250,8,52,1,20,0,8,1,0,2,34,26,933,0,0,2,8,0,0,0,0,0,0,0,0,0,0,0,0,0,201,0,0,4,204,1,3,0,279,10,0,0,0,0,0,1,33,0,1,0,10,2,39,0,0,0,0,25,1301,4,73,3,79,1,262,0,46,26,833,99,0,10,288,7,523,3,112,0,0,0,4,7,33,0,0,2,28,0,0,0,5,9,1,12,2,24,28,4,1,3,0,15,1,37,12,9,20,18,3,77,11,0,1,0,1,5,13,0,2,0,3,2,22,2,89,2,310,0,0,0,22,0,70,1,4,0,3,0,0,0,1,1,132,0,48,0,26,0,0,0,0,1,4,0,0,2,4,0,2,1,57,2,6,8,20,7,1
626,35,468,95,1273,99,297,59,1198,11,34,4,45,6,621,183,53,2,827,69,658,9,198,4,26,16,1,1,35,0,2,0,434,7,0,0,58,89,11,5,19,1,20,1,7,0,0,0,0,0,1,1,1,0,21,0,0,0,2,0,442,7,114,0,81,4,105,4,7,1,145,30,362,10,0,235,2605,32,455,3,0,0,23,1,46,3,41,1,22,4,3,0,9,0,8,3,9,2,96,9,12,1,3,1,13,1,19,4,13,4,6,2,40,17,1,1,0,1,1,3,74,0,26,0,230,4,568,5,234,0,36,0,27,0,878,6,219,4,3,0,10,0,4,0,360,8,90,0,159,2,132,1,396,7,218,62,63,13,13,0,4,0,13,2,28,4,26,12,50,4
10,388,94,1203,186,1454,5,1493,111,682,6,329,3,222,86,597,28,42,490,907,652,42,20,68,1,177,0,122,3,12,3,32,64,391,0,0,11,295,2,13,0,97,4,0,0,3,0,2,0,3,0,16,0,3,0,2,0,0,0,4,2,238,3,1,2,9,1,52,0,3,6,74,5,288,235,0,83,1840,12,394,0,0,0,8,1,45,4,8,5,18,0,0,0,1,6,0,7,0,24,21,5,2,3,0,3,2,17,2,3,16,7,3,74,11,0,0,0,2,4,11,0,112,0,18,3,268,4,292,0,264,0,55,0,41,3,682,1,94,0,3,0,4,0,1,1,397,0,45,0,53,155,15,550,63,105,166,0,35,10,1,1,1,3,40,1,24,12,16,15,3
1212,7,696,88,907,60,718,35,1026,16,216,2,548,3,662,116,61,1,573,58,214,2,67,1,5,2,7,2,58,0,45,0,2127,6,0,0,35,60,29,17,435,0,45,4,210,0,18,0,6,4,82,0,36,1,246,1,111,0,85,0,623,3,54,1,62,0,97,2,26,0,37,34,386,7,2605,83,0,19,892,6,0,0,46,0,265,3,1039,0,467,1,127,0,258,1,21,3,25,1,74,23,11,2,6,0,15,4,36,27,15,11,21,0,13,13,0,0,0,5,0,2,24,0,4,0,193,5,298,4,36,3,19,0,25,0,210,2,43,1,96,0,56,0,24,0,189,5,23,1,17,0,2,1,24,16,26,40,225,0,22,5,5,0,79,3,32,5,12,8,38,8
15,668,28,1087,47,919,3,939,23,357,4,588,2,503,68,993,3,85,119,517,9,13,1,61,0,201,0,158,0,68,1,36,19,2425,0,0,8,176,2,11,7,834,9,56,0,208,2,160,14,56,4,92,1,27,1,15,0,6,0,141,7,811,5,5,8,27,4,359,3,23,8,334,2,523,32,1840,19,0,2,997,0,0,0,4,2,474,1,625,2,209,1,60,0,94,10,1,6,1,12,12,6,2,3,7,8,1,9,8,4,4,6,0,24,12,5,0,0,1,3,7,0,26,0,8,1,431,1,435,0,52,0,4,0,20,1,124,0,29,0,96,0,31,1,16,0,260,0,34,0,9,6,3,45,6,57,88,0,422,5,1,0,3,3,133,0,11,7,5,14,3
25,0,38,5,64,9,15,7,77,3,8,0,5,0,33,12,0,0,54,9,20,0,1,0,1,0,1,0,1,0,1,0,14,1,0,0,2,4,0,1,85,1,24,3,79,0,0,0,2,0,1,0,1,0,9,0,2,0,4,0,18,2,1,0,2,0,5,1,2,1,1,1,5,3,455,12,892,2,0,2,0,0,1,0,8,1,13,0,7,0,18,0,12,0,5,3,13,3,37,16,5,0,3,0,12,5,20,13,6,11,10,0,16,3,0,0,1,1,0,2,28,0,0,0,37,3,14,2,4,1,5,0,6,0,82,0,5,0,14,0,11,0,3,0,13,0,2,0,1,0,0,0,4,1,1,5,65,0,24,8,4,1,236,1,14,4,8,7,8,2
4,74,1,36,1,21,0,15,1,2,0,7,0,15,3,63,0,0,6,14,0,0,0,0,0,0,0,0,0,0,0,0,0,20,0,0,0,9,0,0,2,188,13,6,0,162,0,18,2,4,0,9,0,5,0,1,0,1,0,22,5,121,2,2,4,5,2,55,1,8,1,51,1,112,3,394,6,997,2,0,0,0,0,1,0,35,0,70,0,20,0,29,0,21,1,0,8,0,15,8,5,1,0,2,12,1,19,4,5,8,8,0,19,5,0,0,0,0,0,1,0,57,0,2,2,222,1,31,0,10,0,30,0,21,0,123,0,7,0,31,2,9,0,8,2,69,0,2,1,0,1,0,0,0,0,1,0,170,4,3,0,0,7,153,2,21,7,13,4,3
0,0,0,0,0,0,0,0,0,0,0,0,0,0,0,0,0,0,0,0,0,0,0,0,0,0,0,0,0,0,0,0,0,0,0,0,0,0,0,0,0,0,0,0,0,0,0,0,0,0,0,0,0,0,0,0,0,0,0,0,0,0,0,0,0,0,0,0,0,0,0,0,0,0,0,0,0,0,0,0,0,0,0,0,0,0,0,0,0,0,0,0,0,0,0,0,0,0,0,0,0,0,0,0,0,0,0,0,0,0,0,0,0,0,0,0,0,0,0,0,0,0,0,0,0,0,0,0,0,0,0,0,0,0,0,0,0,0,0,0,0,0,0,0,0,0,0,0,0,0,0,0,0,0,0,0,0,0,0,0,0,0,0,0,0,0,0,0,0,0
0,0,0,0,0,0,0,0,0,0,0,0,0,0,0,0,0,0,0,0,0,0,0,0,0,0,0,0,0,0,0,0,0,0,0,0,0,0,0,0,0,0,0,0,0,0,0,0,0,0,0,0,0,0,0,0,0,0,0,0,0,0,0,0,0,0,0,0,0,0,0,0,0,0,0,0,0,0,0,0,0,0,0,0,0,0,0,0,0,0,0,0,0,0,0,0,0,0,0,0,0,0,0,0,0,0,0,0,0,0,0,0,0,0,0,0,0,0,0,0,0,0,0,0,0,0,0,0,0,0,0,0,0,0,0,0,0,0,0,0,0,0,0,0,0,0,0,0,0,0,0,0,0,0,0,0,0,0,0,0,0,0,0,0,0,0,0,0,0,0
13,1,11,0,25,0,25,0,7,0,0,0,195,0,9,0,0,0,3,0,1,0,1,0,0,0,0,0,0,0,0,0,126,2,0,0,11,10,40,5,6,0,2,0,0,0,3,0,1,1,1,0,5,0,28,0,0,0,0,0,205,1,44,0,25,0,72,0,14,2,23,15,5,0,23,0,46,0,1,0,0,0,0,0,394,0,3,0,20,0,0,0,1,0,0,0,0,0,4,1,1,0,1,0,0,0,1,0,1,0,1,0,0,1,0,0,0,0,0,0,0,0,0,0,0,0,0,0,0,0,0,0,0,0,0,0,0,0,2,0,10,0,5,0,15,0,1,0,2,0,0,0,0,0,0,0,0,0,0,0,0,0,2,0,1,0,0,0,0,0
1,2,0,1,0,3,0,9,0,0,0,0,0,13,0,0,0,0,0,1,0,0,0,0,0,0,0,0,0,0,0,0,0,56,0,0,0,3,1,2,0,1,0,0,0,0,0,4,1,3,0,0,0,1,0,0,0,0,0,0,1,4,2,0,1,3,2,17,0,6,2,42,0,4,1,8,0,4,0,1,0,0,0,0,0,635,0,9,0,17,0,0,0,0,0,0,0,0,0,0,0,0,0,0,0,0,0,0,0,0,0,0,0,0,0,0,0,0,0,0,0,0,0,0,0,0,0,0,0,1,0,0,0,0,0,0,0,0,0,0,0,0,0,1,1,1,0,1,0,1,0,0,0,0,1,0,0,0,0,0,0,0,0,0,0,0,0,0,0,0
792,3,206,2,388,3,177,0,103,0,3,0,311,0,82,31,0,0,14,1,2,0,0,0,0,0,0,0,0,0,0,0,171,2,0,0,48,36,135,28,66,3,16,0,0,0,17,1,12,2,24,1,42,1,304,1,34,0,13,0,185,1,125,0,146,3,752,1,355,3,114,114,21,7,46,1,265,2,8,0,0,0,394,0,0,3,640,0,4004,10,2,0,35,1,7,0,2,0,31,2,10,0,1,0,3,0,10,0,4,1,4,0,1,6,1,0,0,0,0,0,0,0,1,0,1,0,7,1,19,0,0,0,0,0,7,0,6,0,30,0,53,0,27,0,120,2,12,0,19,0,0,0,0,0,1,2,0,0,0,1,0,0,4,0,3,0,1,0,2,0
2,282,3,66,4,112,1,209,0,10,0,1,1,198,7,78,0,0,3,6,0,0,0,0,0,0,0,0,0,0,0,0,0,480,0,0,2,55,5,9,13,274,1,98,0,2,17,700,64,303,21,583,4,158,3,94,0,96,0,329,14,107,16,9,30,61,14,762,2,548,52,466,2,33,3,45,3,474,1,35,0,0,0,635,3,0,0,1353,1,2006,0,3,0,115,2,1,0,0,5,10,0,15,0,67,3,0,2,3,1,3,0,0,6,7,30,4,0,2,1,2,0,1,0,0,1,6,0,13,0,6,0,1,0,1,1,2,0,0,1,147,1,25,1,18,13,69,0,2,0,3,0,0,0,0,0,0,0,0,0,1,0,0,0,12,0,0,0,7,5,0
31,0,41,2,37,0,15,0,6,0,26,0,118,0,8,2,1,0,37,3,106,0,22,0,2,0,3,0,5,0,5,0,167,1,0,0,2,0,5,5,376,0,20,0,470,0,3,0,1,0,20,0,4,0,47,0,24,0,53,0,14,0,2,0,4,0,7,0,4,0,1,0,4,0,41,4,1039,1,13,0,0,0,3,0,640,0,0,0,1688,0,305,0,608,0,5,0,0,0,1,1,0,0,1,0,0,0,0,0,0,0,0,0,1,0,0,0,0,0,0,0,1,0,0,0,7,0,2,0,1,0,4,0,6,0,5,0,2,0,23,0,5,0,2,0,17,0,1,0,0,0,0,0,3,0,2,3,5,0,0,0,1,0,6,0,0,0,1,0,0,0
0,1,0,141,0,99,0,0,0,9,0,153,0,0,0,1,0,26,1,19,1,2,0,5,0,38,0,66,0,41,0,12,1,260,0,0,0,1,1,0,0,464,0,94,0,1520,0,14,0,9,2,27,0,0,0,0,0,10,0,165,0,0,0,1,1,0,1,0,0,0,0,3,0,0,1,8,0,625,0,70,0,0,0,9,0,1353,0,0,0,213,0,287,0,227,0,0,1,0,0,0,0,2,0,1,0,0,0,1,1,0,1,0,0,0,1,0,0,0,0,0,0,1,0,0,0,1,0,2,0,0,0,1,0,0,0,2,0,0,0,34,0,2,0,11,0,4,0,0,0,0,1,2,3,1,1,4,0,42,0,0,0,0,0,2,0,1,0,0,1,0
729,2,285,2,240,2,15,4,13,0,0,0,9,1,177,43,0,0,44,2,3,0,0,0,0,0,0,0,0,0,1,0,88,0,0,0,45,18,103,52,308,1,45,0,8,0,20,0,16,3,88,1,106,0,2433,2,197,0,154,0,418,1,204,0,786,1,512,0,984,2,49,67,22,2,22,5,467,2,7,0,0,0,20,0,4004,1,1688,0,0,2,297,0,2454,0,25,1,3,0,11,1,3,0,1,0,0,0,8,1,0,0,3,1,0,2,0,0,0,0,0,1,0,0,0,0,3,0,6,0,16,0,1,0,0,0,10,0,0,0,62,0,79,0,43,0,161,1,2,1,3,0,0,0,0,0,7,3,0,0,2,0,0,0,12,0,1,0,1,0,0,0
1,1620,3,292,4,272,3,59,0,6,0,19,0,9,7,114,0,0,2,3,0,0,0,0,0,1,0,1,0,1,0,1,0,152,0,0,0,27,2,1,21,1517,1,240,0,25,72,1048,214,865,25,1066,1,493,0,2921,0,385,0,1037,2,587,6,39,10,171,6,488,3,1419,57,338,0,28,4,18,1,209,0,20,0,0,0,17,10,2006,0,213,2,0,0,617,0,2984,0,0,0,0,2,0,0,18,0,127,0,0,1,0,0,3,0,0,4,4,32,12,0,0,0,1,0,1,0,0,1,3,0,14,0,6,0,1,0,0,1,5,0,3,0,133,1,5,2,26,7,68,0,2,1,2,0,0,1,0,0,1,0,3,0,0,0,0,0,5,0,0,0,2,0,0
1,0,0,0,0,0,0,0,0,0,0,0,0,0,0,0,0,0,1,0,2,0,0,0,0,0,0,0,0,0,0,0,0,0,0,0,0,0,0,1,345,0,74,0,67,0,2,0,0,0,10,0,2,0,4,0,7,0,142,0,0,0,0,0,0,0,0,0,1,0,1,0,1,0,3,0,127,1,18,0,0,0,0,0,2,0,305,0,297,0,0,0,1021,0,0,0,0,0,1,0,0,0,0,0,0,1,0,0,0,0,0,0,0,0,0,0,0,0,0,0,4,0,0,0,7,0,0,0,0,0,3,0,2,0,2,0,0,0,9,0,1,0,0,0,8,0,0,0,0,0,0,0,0,0,0,0,0,0,0,0,0,0,6,0,0,1,0,0,0,0
0,0,0,12,0,7,0,0,0,1,0,13,0,0,0,0,0,0,0,0,0,0,0,0,0,0,0,3,0,1,0,0,0,10,0,0,0,1,0,0,0,301,0,118,0,470,1,1,0,0,0,13,0,1,0,0,0,4,0,874,0,0,0,0,0,0,0,0,0,0,0,3,0,0,0,0,0,60,0,29,0,0,0,0,0,3,0,287,0,617,0,0,0,965,0,0,0,0,0,0,0,0,0,1,0,0,0,0,0,0,0,0,0,0,0,1,0,0,0,0,0,1,0,0,0,0,0,0,0,0,0,1,0,0,0,0,0,0,0,4,0,0,0,1,0,1,0,0,0,0,0,0,0,0,1,1,0,8,0,0,0,0,0,0,0,0,0,0,0,0
32,0,27,1,18,1,1,3,4,0,0,0,1,1,40,10,0,0,21,0,1,0,0,0,0,0,0,0,0,0,0,0,9,0,0,0,8,2,13,13,598,0,103,0,29,0,33,0,6,1,238,0,38,0,681,2,416,0,2943,0,16,0,24,0,26,0,9,1,64,0,7,15,4,0,9,0,258,0,12,0,0,0,1,0,35,0,608,0,2454,0,1021,0,0,0,28,0,0,0,2,0,1,0,17,0,0,0,0,0,0,0,2,0,0,0,0,0,0,0,0,0,0,0,0,0,1,0,2,0,0,0,3,0,5,0,3,0,0,0,11,0,5,0,2,0,30,1,0,0,1,0,0,0,0,0,3,0,0,0,0,0,1,0,4,0,0,1,0,0,0,0
1,88,1,30,0,20,0,2,0,2,0,11,0,0,0,5,0,0,0,4,0,0,0,1,0,3,0,3,0,3,0,2,0,51,0,0,0,4,0,0,6,716,0,88,0,58,33,398,94,378,10,873,0,198,1,716,0,1292,0,2229,0,17,1,5,3,3,0,2,0,19,7,55,0,5,0,1,1,94,0,21,0,0,0,0,1,115,0,227,0,2984,0,965,0,0,0,3,0,0,0,2,0,3,0,116,0,0,0,0,0,0,0,0,0,0,9,5,0,0,0,0,0,0,0,0,0,3,0,1,0,0,0,0,0,1,0,0,0,0,0,10,1,0,0,1,2,12,0,0,0,0,0,0,0,0,1,1,0,4,0,0,0,0,0,2,0,0,0,0,0,0
7,6,1,1,3,0,2,1,3,0,0,0,1,0,2,2,0,0,0,0,0,0,0,0,0,0,0,0,0,0,0,0,2,0,0,0,0,1,9,1,45,0,53,3,1,0,655,1,4,0,1690,0,34,0,119,0,198,0,286,0,7,6,3,0,5,0,4,0,1,0,18,1,3,9,8,6,21,10,5,1,0,0,0,0,7,2,5,0,25,0,0,0,28,0,0,28,4473,43,454,39,1251,33,4492,42,318,19,242,82,208,37,76,5,20,23,42,36,258,40,10,9,0,0,0,0,2,4,6,6,2,4,0,0,0,0,3,1,0,0,6,0,6,1,3,0,18,0,0,0,0,0,0,0,0,0,0,0,0,0,21,18,3,2,3,4,10,8,0,49,5,1
5,0,0,0,0,0,0,0,0,0,0,0,0,0,0,1,0,0,0,0,0,0,0,0,0,0,0,0,0,0,0,0,1,0,0,0,0,1,0,0,2,3,36,42,0,0,1,2,0,0,0,14,0,0,0,0,0,82,0,189,4,1,0,0,0,0,1,0,0,0,0,2,2,1,3,0,3,1,3,0,0,0,0,0,0,1,0,0,1,0,0,0,0,3,28,0,63,3947,21,712,56,953,24,2865,51,383,114,630,25,214,46,51,26,27,63,43,834,146,50,2,0,0,0,0,2,0,3,3,0,0,0,0,0,0,1,0,0,0,1,0,0,0,0,0,1,0,0,0,0,0,0,0,0,0,0,0,0,0,3,6,0,3,3,4,1,0,0,2,0,0
8,6,3,0,3,0,2,0,0,0,0,0,6,0,3,5,0,0,0,0,0,0,0,0,0,0,0,0,1,0,0,0,5,1,0,0,2,3,1,0,14,1,77,4,1,0,19,0,0,0,19,0,0,0,10,0,2,0,7,1,7,6,3,0,2,0,13,2,0,0,1,7,3,12,9,7,25,6,13,8,0,0,0,0,2,0,0,1,3,0,0,0,0,0,4473,63,0,73,483,73,857,60,978,63,1305,39,945,150,431,57,126,6,19,53,131,64,133,134,19,18,0,0,0,2,2,6,10,10,1,3,0,0,2,0,7,2,0,0,2,0,2,0,2,0,6,4,1,1,0,0,0,0,0,0,0,0,0,0,20,30,6,3,7,9,15,14,6,53,4,1
1,0,0,0,0,0,0,0,0,0,1,0,0,0,0,1,0,0,0,0,0,0,0,0,0,0,0,0,0,0,0,0,0,0,0,0,0,0,0,0,2,0,12,12,0,0,0,1,0,0,0,0,0,0,1,0,0,0,0,0,5,1,0,0,0,0,0,0,0,0,0,2,0,2,2,0,1,1,3,0,0,0,0,0,0,0,0,0,0,0,0,0,0,0,43,3947,73,0,17,333,63,495,31,1095,41,783,113,514,21,128,38,23,62,40,147,62,201,100,53,3,0,0,0,0,2,0,0,0,0,0,0,0,0,0,0,0,0,0,0,0,0,1,0,0,0,2,0,0,0,0,0,0,0,0,0,0,0,0,0,2,0,2,1,1,0,1,0,2,0,0
80,9,18,4,18,1,13,3,12,0,2,0,22,0,25,11,0,0,8,2,0,0,0,0,0,0,0,0,0,0,0,0,16,0,0,0,5,10,2,1,52,6,13,3,0,0,1,1,0,2,37,0,3,0,12,0,1,0,0,0,115,13,40,0,38,2,50,4,4,0,33,20,45,24,96,24,74,12,37,15,0,0,4,0,31,5,1,0,11,2,1,0,2,0,454,21,483,17,0,160,862,234,399,37,364,6,541,23,786,65,80,15,164,417,287,61,25,40,18,53,0,0,0,1,20,6,50,7,6,8,0,0,1,1,24,8,1,0,1,0,9,0,13,0,42,7,2,1,4,0,0,0,0,0,0,1,0,0,12,4,7,0,2,4,57,72,20,29,97,5
5,18,2,3,2,0,4,2,1,1,0,0,4,2,0,15,0,0,0,0,0,0,0,0,0,0,0,0,0,0,0,0,2,4,0,0,0,3,0,1,4,26,49,29,1,0,0,5,0,1,0,41,0,2,1,1,0,0,0,5,6,20,2,0,1,0,0,14,0,1,3,24,3,28,9,21,23,12,16,8,0,0,1,0,2,10,1,0,1,0,0,0,0,2,39,712,73,333,160,0,127,841,25,553,73,311,236,905,54,636,133,61,112,336,141,15,12,60,176,57,0,0,0,1,5,6,8,21,0,5,0,0,0,1,0,7,0,1,2,2,0,5,0,3,3,26,0,7,1,5,0,0,0,0,0,0,0,0,35,47,3,13,10,9,4,18,2,39,22,2
4,2,1,0,1,0,0,0,0,0,0,0,6,0,1,8,0,0,0,0,0,0,0,0,0,0,0,0,0,0,0,0,2,0,0,0,0,2,1,0,19,0,51,4,0,0,16,0,0,0,144,0,1,0,13,0,10,0,11,0,11,3,8,0,9,0,10,1,2,1,1,5,2,4,12,5,11,6,5,5,0,0,1,0,10,0,0,0,3,0,0,0,1,0,1251,56,857,63,862,127,0,590,3913,136,554,39,570,95,306,37,144,5,11,226,1177,252,101,119,25,8,0,0,0,0,2,5,11,12,1,1,0,0,0,0,3,0,0,0,3,0,2,1,12,0,40,2,0,1,1,0,0,0,0,0,0,0,0,0,18,9,0,4,3,4,4,4,3,15,10,1
