0,96,1971,21,3093,30,579,14,330,11,0,0,1996,4,619,111,0,0,1,5,0,0,0,0,0,0,0,0,0,0,0,0,535,12,0,0,126,97,15,1,10,3,1,0,1,0,11,1,109,3,13,0,39,1,26,1,5,0,3,0,5901,28,536,10,378,1,485,16,482,0,384,29,2423,33,220,16,324,24,219,12,0,0,67,2,588,2,0,0,167,4,0,0,6,0,0,0,0,0,2,1,1,0,1,1,0,0,3,5,1,0,2,3,1,0,0,0,0,0,0,1,0,0,0,0,1,0,50,8,22,4,10,2,0,0,12,1,7,1,0,0,1,1,2,0,80,3,5,0,9,2,0,0,0,0,27,26,0,0,1,0,0,0,12,6,2,1,0,0,0,0
96,0,4,1567,5,1469,7,1129,2,289,0,4,5,1227,87,775,0,1,0,2,0,0,0,2,0,0,0,0,0,0,0,1,21,190,0,0,79,386,10,24,6,10,0,0,0,2,11,25,9,110,3,29,1,60,1,97,2,22,1,17,190,4644,17,417,10,237,8,746,10,138,94,647,164,966,8,332,42,540,37,208,0,0,3,66,9,989,0,0,1,557,0,0,0,40,2,4,0,0,2,9,1,0,0,0,1,1,10,5,1,1,3,4,0,0,0,4,0,0,0,1,0,2,0,0,0,8,17,157,11,56,3,41,0,3,1,61,0,18,1,0,0,1,1,4,19,91,2,28,2,25,0,0,0,0,60,16,0,0,1,7,0,0,6,55,0,4,0,0,0,0
1971,4,0,74,4796,40,163,2,523,19,224,8,43,0,2927,28,143,7,2073,150,75,44,73,12,105,0,282,0,153,12,80,0,782,20,0,0,343,58,4,0,5,1,0,0,1,1,10,0,33,1,7,0,2,0,1,0,0,0,0,0,125,0,52,0,19,1,39,0,80,1,171,1,512,1,183,16,236,33,168,9,0,0,11,0,22,0,0,2,8,0,0,0,0,0,0,0,0,0,2,0,0,0,0,0,0,0,2,0,1,0,2,3,0,1,0,1,0,0,0,0,0,0,0,0,10,3,41,2,10,0,9,1,0,0,27,0,11,0,1,0,0,0,0,0,48,1,1,0,0,0,64,21,55,202,249,121,35,0,0,0,1,0,1,2,1,0,0,0,0,0
21,1567,74,0,37,6668,10,309,10,618,4,398,0,58,73,1967,8,7,74,1794,2,85,0,66,0,117,1,370,2,160,0,39,26,731,0,0,32,412,2,1,0,12,0,0,0,5,1,8,1,12,1,5,0,6,0,7,0,2,0,3,19,403,5,37,3,16,2,92,2,34,7,83,18,136,122,520,27,701,24,288,0,0,2,52,3,104,0,44,0,23,0,0,0,3,0,0,0,1,0,0,1,0,0,0,1,0,6,6,1,1,3,0,0,1,0,0,0,0,0,1,0,0,0,0,1,17,4,29,7,7,0,8,0,2,2,23,1,9,0,0,0,2,1,0,8,9,0,8,1,5,2,4,4,99,50,211,2,9,0,6,0,1,3,28,2,5,0,0,0,0
3093,5,4796,37,0,54,733,7,2236,13,642,3,315,1,699,40,38,1,141,78,14,8,7,0,62,1,262,0,97,3,641,1,1253,14,0,0,95,80,12,1,4,0,0,0,1,0,0,0,20,1,10,0,3,0,3,0,2,0,3,1,657,3,221,4,102,1,81,3,29,1,89,11,91,3,414,20,295,30,194,17,0,0,80,0,169,0,0,0,14,0,0,0,1,0,0,0,1,0,1,0,0,0,0,0,0,0,3,2,1,0,0,1,1,0,0,0,0,0,0,0,0,0,0,0,6,2,38,2,8,2,6,2,1,0,24,3,7,0,0,0,1,0,0,1,36,0,5,3,0,0,13,4,3,50,61,71,3,0,1,0,0,0,0,2,1,0,0,0,1,0
30,1469,40,6668,54,0,9,1176,12,1893,2,601,5,441,128,881,4,6,29,216,0,34,0,70,0,88,0,463,0,139,0,118,27,1330,0,0,41,243,2,2,1,13,0,0,0,6,7,3,1,16,0,5,0,12,0,20,0,4,0,3,40,298,5,57,2,57,0,179,3,28,7,58,26,98,72,1217,38,755,33,378,0,0,1,184,1,405,0,42,0,16,0,0,0,5,0,0,1,0,0,5,2,0,0,0,0,0,6,11,2,0,1,2,0,1,0,1,0,0,0,1,0,0,0,0,2,28,9,62,3,10,2,17,0,2,6,60,1,7,0,0,0,0,1,0,13,17,1,10,1,5,0,5,2,29,89,203,2,11,1,7,0,8,0,46,1,11,0,0,2,0
579,7,163,10,733,9,0,5,1451,6,0,0,1552,2,574,32,0,0,3,6,0,0,0,0,0,0,0,0,0,0,0,0,523,0,0,0,70,32,1,0,0,0,0,0,0,0,2,0,11,0,1,0,1,0,1,0,0,0,0,0,137,0,25,0,7,0,41,0,13,0,62,0,219,2,144,8,33,11,9,1,0,0,2,0,5,0,0,0,2,0,0,0,0,0,0,0,0,0,0,0,0,0,0,0,0,0,1,0,0,0,0,0,0,0,0,0,0,0,0,0,0,0,0,0,0,0,6,1,1,0,1,2,0,0,2,0,1,0,0,0,0,0,0,0,6,0,1,0,0,0,0,0,0,0,37,17,0,0,0,0,0,0,0,1,0,0,0,0,0,1
14,1129,2,309,7,1176,5,0,5,959,0,9,0,2011,39,447,0,0,3,13,0,3,0,1,0,0,0,1,0,0,0,0,6,1223,0,0,15,88,0,0,1,1,0,0,0,0,1,0,1,4,0,0,0,1,0,1,0,0,0,0,23,173,1,13,0,3,0,16,0,1,3,33,18,121,13,422,9,220,9,91,0,0,0,11,0,21,0,0,0,7,0,0,0,0,0,0,1,0,0,2,0,0,0,0,1,0,3,1,0,0,0,1,0,0,0,1,0,0,0,0,0,0,0,0,0,8,1,14,2,7,1,7,0,1,1,11,1,2,0,0,0,1,0,0,3,16,0,3,0,3,0,0,0,0,24,32,0,0,1,1,0,0,0,12,0,3,0,0,2,0
330,2,523,10,2236,12,1451,5,0,5,1330,2,303,1,469,23,2,0,90,16,0,0,0,0,0,0,0,0,8,0,3,1,1370,10,0,0,79,56,0,0,4,0,0,0,0,0,0,0,3,0,1,0,1,0,0,0,0,0,0,0,85,0,47,0,30,0,37,0,5,0,38,2,58,3,518,6,77,10,37,5,0,0,2,0,5,1,0,0,1,0,0,0,0,0,0,0,0,0,0,0,0,0,0,0,0,0,0,0,0,0,0,0,0,0,0,0,0,0,0,0,0,0,0,0,1,0,9,0,2,1,2,0,0,0,4,1,4,0,0,0,0,0,0,0,9,0,1,0,3,0,0,0,2,7,65,28,0,0,0,0,0,0,0,0,0,0,0,0,0,0
11,289,19,618,13,1893,6,959,5,0,0,830,1,564,45,359,0,1,4,52,0,0,0,4,0,4,0,3,0,9,0,20,7,2203,0,0,12,136,1,2,0,8,0,0,0,1,0,3,2,6,3,1,1,1,0,2,0,0,0,1,7,107,4,6,0,2,0,18,0,1,1,24,8,56,9,434,14,343,5,102,0,0,0,11,1,22,0,15,0,5,0,0,0,2,0,0,0,0,0,2,0,0,0,1,0,0,3,2,0,0,0,0,0,1,0,0,0,0,0,0,0,0,0,0,1,7,1,11,1,6,1,2,0,0,0,11,0,2,0,0,0,0,0,0,1,3,0,1,0,0,0,0,0,6,14,34,0,3,0,3,0,3,1,6,0,1,0,0,0,0
0,0,224,4,642,2,0,0,1330,0,0,0,0,0,1,0,27,1,70,13,2,2,12,0,63,0,31,0,741,1,713,0,522,1,0,0,0,1,0,0,0,0,0,0,0,0,0,0,0,0,0,0,0,0,0,0,0,0,0,0,0,0,0,0,0,0,0,0,0,0,0,0,0,0,20,1,52,0,7,0,0,0,0,0,0,0,0,0,0,0,0,0,0,0,0,0,0,0,0,0,0,0,0,0,0,0,0,0,0,0,0,0,0,0,0,0,0,0,0,0,0,0,0,0,0,0,0,0,0,0,1,0,0,0,2,0,1,0,0,0,0,0,0,0,0,0,0,0,0,0,11,3,8,17,7,2,6,0,0,0,0,0,0,0,0,0,0,0,0,0
0,4,8,398,3,601,0,9,2,830,0,0,0,3,1,12,3,6,14,231,0,119,0,179,0,172,0,239,0,1024,0,770,4,1429,0,0,1,22,0,0,0,3,0,0,0,1,1,0,0,1,0,0,0,0,0,0,0,0,0,1,0,0,0,1,0,0,0,0,0,0,0,1,0,1,15,98,0,147,0,9,0,0,0,0,0,0,0,35,0,0,0,0,0,0,0,0,0,0,1,0,0,0,0,0,0,0,0,0,0,0,0,0,0,0,0,0,0,0,0,0,0,0,0,0,0,0,0,3,0,1,0,0,0,0,0,0,0,0,0,0,0,0,0,0,1,0,0,1,0,0,1,3,1,55,2,23,0,8,0,0,0,0,0,0,1,0,0,0,0,0
1996,5,43,0,315,5,1552,0,303,1,0,0,0,0,55,6,0,0,0,0,0,0,0,0,0,0,0,0,0,0,0,0,324,2,0,0,17,4,6,0,3,1,0,0,0,0,24,1,56,0,46,0,37,0,33,0,37,0,9,1,1970,2,22,0,19,0,178,1,4,0,49,3,50,2,21,4,13,3,10,5,0,0,47,0,283,1,0,0,19,0,0,0,6,0,0,0,0,0,0,0,0,0,0,0,0,0,0,0,0,0,1,2,0,0,0,0,0,0,0,0,0,0,0,0,0,0,3,0,1,6,0,0,0,0,0,0,2,0,0,0,0,0,0,0,8,1,1,1,0,1,0,0,0,0,5,3,0,0,0,1,0,0,2,2,0,0,0,0,0,0
4,1227,0,58,1,441,2,2011,1,564,0,3,0,0,5,58,0,0,0,1,0,1,0,0,0,0,0,0,0,0,0,0,4,237,0,0,2,21,0,4,1,3,0,0,0,0,2,3,0,5,0,3,0,4,0,1,1,1,0,2,1,1800,3,15,1,16,4,219,0,5,14,18,3,26,2,74,4,188,3,62,0,0,0,5,0,43,0,0,0,5,0,0,0,0,0,0,0,0,0,0,0,0,0,0,0,0,1,0,0,0,0,0,1,0,0,0,0,0,0,1,0,1,0,0,0,0,1,12,0,12,0,2,0,0,0,4,0,2,0,0,0,0,1,1,0,3,0,1,0,0,0,0,0,0,0,9,0,0,0,0,0,0,0,5,0,2,0,0,1,0
619,87,2927,73,699,128,574,39,469,45,1,1,55,5,0,269,1,0,371,17,0,0,0,1,0,0,0,0,0,0,0,1,519,27,0,0,1231,230,9,1,5,1,0,0,0,0,7,0,44,0,5,0,2,0,2,0,0,1,0,1,129,8,31,1,6,0,11,3,15,0,184,9,1283,7,149,34,535,63,298,47,0,0,6,4,7,1,0,1,3,2,0,0,0,0,1,0,0,1,9,1,3,1,0,1,0,0,8,3,0,0,1,2,0,0,0,0,0,0,0,0,0,0,0,0,5,6,57,12,16,7,17,2,0,0,19,9,10,2,0,0,1,0,1,0,90,5,4,2,3,2,0,0,0,3,196,67,0,1,5,2,0,1,8,7,1,1,0,0,3,0
111,775,28,1967,40,881,32,447,23,359,0,12,6,58,269,0,0,0,3,937,0,0,0,6,0,0,0,0,0,0,0,6,32,231,0,0,106,1559,1,9,5,10,1,0,0,4,2,17,3,31,3,3,0,3,0,2,1,0,0,1,135,212,9,45,4,7,4,13,2,7,34,230,129,1240,28,211,71,526,58,340,0,0,3,8,3,23,0,4,3,8,0,0,0,0,0,1,1,1,1,4,1,0,0,0,0,0,4,7,1,1,3,3,0,0,0,0,0,0,0,1,0,0,0,0,1,14,16,59,8,17,2,17,0,3,3,44,3,13,0,0,0,0,1,2,30,32,2,10,3,7,0,0,0,4,90,72,0,0,0,11,1,1,4,41,0,6,0,0,0,0
0,0,143,8,38,4,0,0,2,0,27,3,0,0,1,0,0,61,281,142,63,35,434,10,9,2,6,1,45,1,2,0,24,1,0,0,0,1,0,0,17,0,0,0,42,5,0,0,0,0,0,0,0,0,0,0,0,0,1,0,0,0,0,0,0,0,0,0,0,0,0,0,0,0,253,10,194,7,41,1,0,0,0,0,0,0,2,0,0,0,0,0,2,0,0,0,0,0,0,0,0,0,0,0,0,0,0,0,0,0,0,0,0,0,0,0,0,0,0,0,0,0,0,0,4,0,0,0,1,0,1,0,0,0,1,1,0,0,0,0,0,0,0,0,1,0,0,0,0,0,53,39,88,42,12,2,214,24,1,0,0,0,0,0,0,0,0,0,0,0
0,1,7,7,1,6,0,0,0,1,1,6,0,0,0,0,61,0,10,166,0,450,30,1042,0,62,0,1,0,80,0,3,2,26,0,0,0,3,0,0,0,20,0,1,0,489,0,0,0,0,0,0,0,0,0,0,0,0,0,0,0,1,0,0,0,0,0,0,0,0,0,0,0,0,287,111,1,305,0,2,0,0,0,0,0,0,0,13,0,0,0,0,0,0,0,0,0,0,0,0,0,0,0,0,0,0,0,0,0,0,0,0,0,0,0,0,0,0,0,0,0,0,0,0,0,3,0,0,0,0,0,1,0,0,0,1,0,0,0,0,0,0,0,0,0,0,0,0,0,0,1,75,1,35,1,3,46,70,0,0,0,0,0,0,0,0,0,0,0,0
1,0,2073,74,141,29,3,3,90,4,70,14,0,0,371,3,281,10,0,206,199,60,118,22,107,2,43,2,118,8,2,3,301,21,0,0,372,63,0,0,1,0,0,0,0,0,0,0,0,0,0,0,0,0,0,0,0,0,0,0,0,0,0,0,1,0,0,0,0,0,0,0,0,0,182,23,76,35,32,10,0,0,0,0,0,0,0,1,0,0,0,0,0,0,0,1,0,0,0,0,0,0,0,0,1,0,0,0,0,0,0,0,1,0,0,0,0,0,0,0,0,0,0,0,1,0,11,0,2,0,2,0,0,0,6,2,2,0,0,0,0,0,0,0,23,0,0,0,0,0,210,49,531,275,740,162,115,0,0,0,0,0,1,1,0,0,0,0,0,1
5,2,150,1794,78,216,6,13,16,52,13,231,0,1,17,937,142,166,206,0,2,770,23,223,4,99,0,131,9,120,1,14,54,265,0,0,24,690,0,1,0,2,0,0,0,4,0,0,0,0,0,0,0,0,0,1,0,0,0,0,1,0,0,0,1,1,0,1,0,0,0,6,2,0,229,137,24,270,9,62,0,0,0,1,0,0,0,25,0,1,0,0,0,0,0,0,1,0,0,1,0,0,0,0,0,0,1,1,0,0,0,1,0,0,0,0,0,0,0,0,0,0,0,0,2,1,1,2,0,0,0,2,0,1,2,2,0,1,0,0,0,0,0,1,2,1,0,1,0,2,65,157,31,1304,17,287,12,1,0,1,0,1,0,5,0,0,0,0,0,0
0,0,75,2,14,0,0,0,0,0,2,0,0,0,0,0,63,0,199,2,0,2,1109,2,368,0,61,0,105,0,5,0,20,1,0,0,0,0,0,0,0,0,0,0,0,0,0,0,0,0,0,0,0,0,0,0,0,0,0,0,0,0,0,0,0,0,0,0,0,0,0,0,0,0,45,1,2,0,0,0,0,0,0,0,0,0,0,0,0,0,0,0,0,0,0,0,0,0,0,0,0,0,0,0,0,0,0,0,0,0,0,0,0,0,0,0,0,0,0,0,0,0,0,0,0,0,0,0,0,0,0,0,0,0,0,0,0,0,0,0,0,0,0,0,0,0,0,0,0,0,109,1,157,2,3,3,108,0,0,0,0,0,0,0,0,0,0,0,0,0
0,0,44,85,8,34,0,3,0,0,2,119,0,1,0,0,35,450,60,770,2,0,173,1477,2,331,1,147,0,149,0,8,5,108,0,0,1,3,0,0,0,2,0,0,0,1,0,0,0,0,0,0,0,0,0,0,0,0,0,0,0,1,0,0,0,0,0,0,0,0,0,0,0,0,37,26,0,58,0,8,0,0,0,0,0,0,0,23,0,0,0,0,0,0,0,0,0,0,0,0,0,0,0,0,0,0,0,0,0,0,0,0,0,0,0,0,0,0,0,0,0,0,0,0,0,1,0,0,0,0,0,0,0,0,0,0,0,0,0,0,0,0,0,0,1,0,0,0,0,0,69,454,12,249,6,26,6,1,0,0,0,0,0,0,0,0,0,0,0,0
0,0,73,0,7,0,0,0,0,0,12,0,0,0,0,0,434,30,118,23,1109,173,0,972,672,5,41,0,158,10,1,0,46,2,0,0,0,0,0,0,12,0,4,0,22,0,0,0,0,0,0,0,0,0,0,0,0,0,0,0,0,0,0,0,0,0,0,0,0,0,0,0,0,0,17,1,75,2,0,0,0,0,0,0,0,0,0,0,0,0,0,0,0,0,0,0,0,0,0,0,0,0,0,0,0,0,0,0,0,0,0,0,0,0,0,0,0,0,0,0,0,0,0,0,0,0,0,0,0,0,0,0,0,0,0,0,0,0,0,0,0,0,0,0,0,0,0,0,0,0,171,12,214,15,1,0,33,0,0,0,0,0,0,0,0,0,0,0,0,0
0,2,12,66,0,70,0,1,0,4,0,179,0,0,1,6,10,1042,22,223,2,1477,972,0,0,441,0,124,1,127,0,12,5,100,0,0,0,3,2,0,0,2,0,0,0,61,0,0,0,0,0,0,0,0,0,0,0,0,0,0,0,0,0,0,0,0,0,1,0,0,0,0,0,0,18,174,0,180,0,19,0,0,0,0,0,0,0,23,0,0,0,0,0,1,0,0,0,0,0,0,0,0,0,0,0,0,0,0,0,0,0,0,0,0,0,0,0,0,0,0,0,0,0,0,0,0,0,0,0,0,1,0,0,0,0,0,0,0,0,0,0,0,0,0,0,0,0,0,0,0,20,39,2,53,1,0,3,8,0,0,0,0,0,3,0,0,0,0,0,0
0,0,105,0,62,0,0,0,0,0,63,0,0,0,0,0,9,0,107,4,368,2,672,0,0,0,270,0,393,0,16,0,31,0,0,0,0,0,0,0,0,0,0,0,0,0,0,0,0,0,0,0,0,0,0,0,0,0,0,0,0,0,0,0,0,0,0,0,0,0,0,0,0,0,6,0,1,0,0,0,0,0,0,0,0,0,0,0,0,0,0,0,0,0,0,0,0,0,0,0,0,0,0,0,0,0,0,0,0,0,0,0,0,0,0,0,0,0,0,0,0,0,0,0,0,0,0,0,0,0,0,0,0,0,0,0,0,0,0,0,0,0,0,0,0,0,0,0,0,0,14,1,66,2,1,0,4,0,0,0,0,0,0,0,0,0,0,0,0,0
0,0,0,117,1,88,0,0,0,4,0,172,0,0,0,0,2,62,2,99,0,331,5,441,0,0,0,661,0,119,0,15,0,87,0,0,0,2,0,0,0,2,0,0,0,2,0,0,0,0,0,0,0,0,0,0,0,0,0,0,0,0,0,0,0,0,0,0,0,0,0,0,0,0,3,14,0,60,0,5,0,0,0,0,0,0,0,19,0,0,0,0,0,0,0,0,0,0,0,0,0,0,0,0,0,0,0,0,0,0,0,0,0,0,0,0,0,0,0,0,0,0,0,0,0,0,0,0,0,0,0,0,0,0,0,0,0,0,0,0,0,0,0,0,0,0,0,0,0,0,5,3,0,21,1,1,1,2,0,0,0,0,0,0,0,0,0,0,0,0
0,0,282,1,262,0,0,0,0,0,31,0,0,0,0,0,6,0,43,0,61,1,41,0,270,0,0,0,112,0,51,0,12,0,0,0,0,0,0,0,0,0,0,0,0,0,0,0,0,0,0,0,0,0,0,0,0,0,0,0,0,0,0,0,0,0,0,0,0,0,0,0,0,0,0,0,1,0,0,0,0,0,0,0,0,0,0,0,0,0,0,0,0,0,0,0,0,0,0,0,0,0,0,0,0,0,0,0,0,0,0,0,0,0,0,0,0,0,0,0,0,0,0,0,0,0,0,0,0,0,0,0,0,0,0,0,0,0,0,0,0,0,0,0,0,0,0,0,0,0,1,1,4,2,1,0,3,0,0,0,0,0,0,0,0,0,0,0,0,0
0,0,0,370,0,463,0,1,0,3,0,239,0,0,0,0,1,1,2,131,0,147,0,124,0,661,0,0,0,52,0,26,0,40,0,0,0,2,0,0,0,0,0,0,0,1,0,0,0,0,0,0,0,0,0,0,0,0,0,0,0,1,0,0,0,0,0,0,0,0,0,0,0,0,4,4,0,4,0,3,0,0,0,0,0,0,0,4,0,0,0,0,0,0,0,0,0,0,0,0,0,0,0,0,0,0,0,0,0,0,0,0,0,0,0,0,0,0,0,0,0,0,0,0,0,0,0,0,0,0,0,0,0,0,0,0,0,0,0,0,0,0,0,0,0,0,0,0,0,0,1,0,0,20,0,2,0,0,0,0,0,0,0,0,0,0,0,0,0,0
0,0,153,2,97,0,0,0,8,0,741,0,0,0,0,0,45,0,118,9,105,0,158,1,393,0,112,0,0,1,59,0,232,0,0,0,0,0,0,0,0,0,0,0,0,0,0,0,0,0,0,0,0,0,0,0,0,0,0,0,0,0,0,0,0,0,0,0,0,0,0,0,0,0,5,0,18,1,0,0,0,0,0,0,0,0,0,0,0,0,0,0,0,0,0,0,0,0,0,0,0,0,0,0,0,0,0,0,0,0,0,0,0,0,0,0,0,0,0,0,0,0,0,0,0,0,0,0,0,0,0,0,0,0,0,0,0,0,0,0,0,0,0,0,0,0,0,0,0,0,14,2,25,4,0,2,3,0,0,0,0,0,0,0,0,0,0,0,0,0
0,0,12,160,3,139,0,0,0,9,1,1024,0,0,0,0,1,80,8,120,0,149,10,127,0,119,0,52,1,0,0,30,0,528,0,0,0,8,0,0,0,2,0,0,0,0,0,0,0,0,0,0,0,0,0,0,0,0,0,0,0,0,0,0,0,0,0,0,0,0,0,0,0,0,17,118,0,35,0,5,0,0,0,0,0,0,0,16,0,0,0,0,0,0,0,0,0,0,0,0,0,0,0,0,0,0,0,0,0,0,0,0,0,0,0,0,0,0,0,0,0,0,0,0,0,0,0,0,0,0,0,0,0,0,0,0,0,0,0,0,0,0,0,0,0,0,0,0,0,0,1,7,2,58,0,9,0,0,0,0,0,0,0,0,0,0,0,0,0,0
0,0,80,0,641,0,0,0,3,0,713,0,0,0,0,0,2,0,2,1,5,0,1,0,16,0,51,0,59,0,0,0,13,0,0,0,0,1,0,0,0,0,0,0,0,0,0,0,0,0,0,0,0,0,0,0,0,0,0,0,0,0,0,0,0,0,0,0,0,0,0,0,0,0,3,0,0,0,0,0,0,0,0,0,0,0,0,0,0,0,0,0,0,0,0,0,0,0,0,0,0,0,0,0,0,0,0,0,0,0,0,0,0,0,0,0,0,0,0,0,0,0,0,0,0,0,0,0,0,0,0,0,0,0,0,0,0,0,0,0,0,0,0,0,0,0,0,0,0,0,0,0,0,2,1,0,1,0,0,0,0,0,0,0,0,0,0,0,0,0
0,1,0,39,1,118,0,0,1,20,0,770,0,0,1,6,0,3,3,14,0,8,0,12,0,15,0,26,0,30,0,0,0,188,0,0,0,5,0,0,0,0,0,0,0,0,0,0,0,0,0,0,0,0,0,0,0,0,0,0,0,0,0,0,0,0,0,0,0,0,0,0,0,0,3,18,0,28,1,1,0,0,0,0,0,0,0,5,0,0,0,0,0,0,0,0,0,0,0,0,0,0,0,0,0,0,0,0,0,0,0,0,0,0,0,0,0,0,0,0,0,0,0,0,0,0,0,0,0,0,0,0,0,0,0,0,0,0,0,0,0,0,0,0,0,0,0,0,0,0,0,0,0,6,0,5,0,0,0,0,0,0,0,1,0,0,0,0,0,0
535,21,782,26,1253,27,523,6,1370,7,522,4,324,4,519,32,24,2,301,54,20,5,46,5,31,0,12,0,232,0,13,0,0,21,0,0,196,71,136,10,1026,12,74,0,0,0,28,20,112,18,179,3,54,1,36,3,60,1,211,2,430,12,288,7,170,3,286,8,24,7,306,60,154,19,150,13,969,30,127,27,0,0,48,12,92,17,1,1,54,3,0,0,112,0,0,1,1,0,7,3,0,0,0,1,1,0,5,4,1,4,4,10,1,3,0,1,0,0,0,2,0,0,0,0,6,3,42,5,33,15,20,4,1,0,18,1,6,1,3,0,6,0,0,0,60,6,5,2,6,4,15,4,19,61,97,41,2,0,1,0,3,0,6,0,5,0,0,0,1,1
12,190,20,731,14,1330,0,1223,10,2203,1,1429,2,237,27,231,1,26,21,265,1,108,2,100,0,87,0,40,0,528,0,188,21,0,0,0,11,155,15,59,8,650,1,43,0,2,49,43,10,72,7,176,3,41,2,67,4,66,0,587,11,132,3,9,2,11,3,83,4,10,12,104,3,14,27,328,22,1275,13,111,0,0,20,181,23,204,0,60,21,128,0,0,1,258,0,1,0,0,2,3,2,0,0,6,0,1,5,2,3,3,5,5,1,1,0,11,0,1,0,1,0,0,0,1,0,6,5,14,8,43,0,6,0,0,1,5,1,3,0,22,1,3,1,27,5,56,0,6,0,11,3,6,0,56,10,44,1,1,0,1,0,0,1,52,1,1,0,0,1,0
0,0,0,0,0,0,0,0,0,0,0,0,0,0,0,0,0,0,0,0,0,0,0,0,0,0,0,0,0,0,0,0,0,0,0,0,0,0,0,0,0,0,0,0,0,0,0,0,0,0,0,0,0,0,0,0,0,0,0,0,0,0,0,0,0,0,0,0,0,0,0,0,0,0,0,0,0,0,0,0,0,0,0,0,0,0,0,0,0,0,0,0,0,0,0,0,0,0,0,0,0,0,0,0,0,0,0,0,0,0,0,0,0,0,0,0,0,0,0,0,0,0,0,0,0,0,0,0,0,0,0,0,0,0,0,0,0,0,0,0,0,0,0,0,0,0,0,0,0,0,0,0,0,0,0,0,0,0,0,0,0,0,0,0,0,0,0,0,0,0
0,0,0,0,0,0,0,0,0,0,0,0,0,0,0,0,0,0,0,0,0,0,0,0,0,0,0,0,0,0,0,0,0,0,0,0,0,0,0,0,0,0,0,0,0,0,0,0,0,0,0,0,0,0,0,0,0,0,0,0,0,0,0,0,0,0,0,0,0,0,0,0,0,0,0,0,0,0,0,0,0,0,0,0,0,0,0,0,0,0,0,0,0,0,0,0,0,0,0,0,0,0,0,0,0,0,0,0,0,0,0,0,0,0,0,0,0,0,0,0,0,0,0,0,0,0,0,0,0,0,0,0,0,0,0,0,0,0,0,0,0,0,0,0,0,0,0,0,0,0,0,0,0,0,0,0,0,0,0,0,0,0,0,0,0,0,0,0,0,0
126,79,343,32,95,41,70,15,79,12,0,1,17,2,1231,106,0,0,372,24,0,1,0,0,0,0,0,0,0,0,0,0,196,11,0,0,0,391,1613,0,40,1,0,0,2,1,112,0,301,0,8,1,7,0,3,1,1,0,1,0,128,57,159,23,76,5,65,9,6,0,2184,162,743,227,167,20,385,44,329,26,0,0,8,0,13,4,0,0,9,2,0,0,0,0,1,0,1,1,9,3,0,0,1,0,0,0,6,9,4,2,6,7,0,3,0,0,0,0,0,0,0,0,0,0,4,0,69,18,80,10,26,12,0,0,7,4,7,3,0,0,1,0,2,3,113,5,11,2,22,3,0,0,5,6,689,63,1,0,3,0,0,0,32,2,0,3,0,0,0,0
97,386,58,412,80,243,32,88,56,136,1,22,4,21,230,1559,1,3,63,690,0,3,0,3,0,2,0,2,0,8,1,5,71,155,0,0,391,0,7,1788,22,27,1,0,0,4,6,90,8,71,9,32,3,7,0,2,0,1,0,1,156,163,22,180,42,21,31,122,8,8,161,2670,159,595,76,201,121,441,131,274,0,0,6,5,13,21,0,6,5,13,0,0,0,2,0,0,1,1,1,4,5,0,0,1,1,1,6,7,3,1,10,5,3,1,0,0,0,0,0,1,0,0,0,0,2,14,32,74,41,111,16,31,0,2,6,24,6,6,0,0,1,1,0,2,45,37,5,20,8,23,0,1,2,267,124,663,0,3,1,4,0,4,9,49,0,4,0,0,0,0
15,10,4,2,12,2,1,0,0,1,0,0,6,0,9,1,0,0,0,0,0,0,0,2,0,0,0,0,0,0,0,0,136,15,0,0,1613,7,0,160,160,32,2,15,1,0,520,98,247,20,127,164,26,4,61,3,91,1,18,8,16,4,11,3,31,2,30,19,34,5,1046,247,16,1,15,3,100,22,65,8,0,0,91,14,126,21,0,0,260,13,0,0,40,1,0,1,0,0,4,0,0,0,0,2,0,0,5,3,0,0,2,4,3,0,0,0,0,0,0,1,0,0,1,0,0,0,13,2,64,15,7,3,1,0,0,1,0,0,1,0,0,0,3,0,24,5,2,1,6,7,0,0,0,0,0,0,0,1,0,0,0,0,2,6,3,0,0,0,0,1
1,24,0,1,1,2,0,0,0,2,0,0,0,4,1,9,0,0,0,1,0,0,0,0,0,0,0,0,0,0,0,0,10,59,0,0,0,1788,160,0,14,131,0,11,0,0,163,313,21,156,39,247,6,19,0,26,2,5,0,18,1,13,2,8,0,3,4,52,0,13,261,1276,0,4,0,8,6,66,1,30,0,0,5,33,21,88,0,1,11,57,0,0,2,8,1,0,1,0,1,1,0,0,0,0,0,0,2,0,0,0,2,3,0,0,0,0,0,0,0,0,0,0,0,0,0,0,1,2,3,42,0,2,0,1,1,2,0,0,0,1,0,3,0,6,1,24,0,4,1,9,0,0,0,0,0,0,1,0,0,0,0,0,0,16,1,0,0,0,0,0
10,6,5,0,4,1,0,1,4,0,0,0,3,1,5,5,17,0,1,0,0,0,12,0,0,0,0,0,0,0,0,0,1026,8,0,0,40,22,160,14,0,5,1027,1,621,0,15,12,41,9,358,2,14,2,12,1,20,0,425,1,41,7,61,12,33,3,15,8,2,5,167,45,22,5,59,4,1451,5,480,5,0,0,7,4,856,6,797,0,148,0,18,0,591,0,2,1,3,1,34,3,11,1,2,3,1,0,38,16,6,4,16,25,19,15,1,0,2,0,0,10,1,0,20,0,14,1,59,1,199,7,13,2,5,0,12,2,2,0,457,1,17,0,174,0,469,3,11,1,22,2,0,0,0,1,2,0,16,0,6,0,13,0,191,1,18,3,0,0,13,1
3,10,1,12,0,13,0,1,0,8,0,3,1,3,1,10,0,20,0,2,0,2,0,2,0,2,0,0,0,2,0,0,12,650,0,0,1,27,32,131,5,0,0,1833,0,643,37,76,9,46,12,277,0,13,0,8,3,29,1,1056,3,34,5,22,8,12,1,13,0,13,32,169,1,10,0,97,9,2113,4,397,0,0,8,37,13,596,0,1516,12,450,0,72,0,325,1,1,2,0,1,4,2,0,3,3,0,0,12,13,14,6,44,21,1,3,0,4,0,0,0,3,0,1,0,3,1,1,3,11,3,38,0,1,0,1,1,7,0,1,0,614,1,32,0,122,3,235,2,3,1,13,0,0,0,2,0,3,1,18,0,3,0,6,1,617,2,3,0,1,0,1
1,0,0,0,0,0,0,0,0,0,0,0,0,0,0,1,0,0,0,0,0,0,4,0,0,0,0,0,0,0,0,0,74,1,0,0,0,1,2,0,1027,0,0,0,42,0,1,0,1,0,1599,1,1,0,1,0,1,0,1739,0,2,0,2,0,1,0,0,1,0,0,92,1,0,0,0,0,48,2,17,0,0,0,0,0,59,1,10,0,102,0,3,0,137,0,6,4,4,1,7,2,44,1,7,1,7,0,81,14,20,1,20,4,1,0,0,0,0,2,0,1,0,0,2,0,0,0,2,0,4,0,1,0,0,0,0,0,0,2,5,0,0,0,3,0,11,0,0,0,2,0,0,0,0,0,0,0,0,0,11,0,0,0,1,0,7,2,0,0,0,0
0,0,0,0,0,0,0,0,0,0,0,0,0,0,0,0,0,1,0,0,0,0,0,0,0,0,0,0,0,0,0,0,0,43,0,0,0,0,15,11,1,1833,0,0,0,493,8,42,0,2,16,713,0,0,0,1,0,0,0,1145,0,1,0,0,0,0,0,0,0,0,17,53,0,0,0,0,0,99,1,10,0,0,0,0,0,26,0,230,0,21,0,100,0,21,0,2,0,2,1,7,1,3,0,4,0,0,2,27,0,3,0,25,2,0,0,0,0,0,0,0,0,0,0,0,0,0,0,2,0,1,0,0,0,0,0,0,0,0,0,7,0,1,0,1,0,2,0,0,0,0,0,0,0,0,0,0,0,1,0,0,0,0,0,1,0,0,0,0,1,0
1,0,1,0,1,0,0,0,0,0,0,0,0,0,0,0,42,0,0,0,0,0,22,0,0,0,0,0,0,0,0,0,0,0,0,0,2,0,1,0,621,0,42,0,0,0,0,0,2,1,0,0,0,0,0,0,0,0,11,0,1,0,2,0,0,0,1,1,0,0,4,0,0,0,0,0,74,0,69,0,0,0,0,1,1,0,114,0,3,0,0,0,49,0,0,0,0,0,6,1,2,0,0,0,0,0,6,4,3,0,1,2,2,2,0,0,0,0,0,0,0,0,0,0,8,0,3,0,4,0,4,1,3,0,5,0,3,1,1,0,0,0,1,0,1,0,0,0,4,0,0,0,0,0,0,0,49,0,5,0,4,0,31,0,4,0,0,0,0,1
0,2,1,5,0,6,0,0,0,1,0,1,0,0,0,4,5,489,0,4,0,1,0,61,0,2,0,1,0,0,0,0,0,2,0,0,1,4,0,0,0,643,0,493,0,0,0,0,0,0,0,0,0,1,0,0,0,1,0,13,0,2,0,1,0,0,0,0,0,0,0,0,0,0,3,62,0,627,0,42,0,0,0,0,0,4,0,552,0,14,0,5,0,5,0,0,0,0,0,0,0,0,0,0,0,0,0,2,0,0,0,1,0,0,0,0,0,0,0,0,0,1,0,0,0,6,0,9,0,1,0,0,0,0,1,3,0,0,0,4,0,0,0,0,0,0,0,0,0,1,0,0,0,4,0,0,3,95,0,0,0,7,0,30,0,7,0,0,0,0
11,11,10,1,0,7,2,1,0,0,0,1,24,2,7,2,0,0,0,0,0,0,0,0,0,0,0,0,0,0,0,0,28,49,0,0,112,6,520,163,15,37,1,8,0,0,0,4261,3311,1038,2966,1263,2092,143,1644,64,339,27,148,87,22,26,27,5,43,1,4,18,21,16,2403,583,14,0,4,3,24,55,8,10,0,0,35,27,88,129,0,0,84,89,0,0,9,25,1,45,0,0,1,1,0,0,52,2,0,0,3,0,2,1,2,4,1,0,0,9,0,0,0,0,0,0,0,1,0,0,1,4,12,11,1,1,0,0,1,0,0,0,0,0,1,0,0,1,4,12,0,1,2,2,0,0,0,0,0,0,0,0,0,0,0,0,0,6,0,1,0,0,0,0
1,25,0,8,0,3,0,0,0,3,0,0,1,3,0,17,0,0,0,0,0,0,0,0,0,0,0,0,0,0,0,0,20,43,0,0,0,90,98,313,12,76,0,42,0,0,4261,0,996,5832,396,4864,35,1237,20,1853,21,697,5,524,2,38,1,20,0,7,0,25,1,18,379,1742,1,9,0,1,7,57,2,21,0,0,5,26,14,161,0,1,29,350,0,0,2,132,0,63,0,0,0,0,0,0,0,7,0,0,3,1,3,0,8,5,0,0,0,7,0,0,0,0,0,0,0,0,0,0,0,2,3,13,0,0,0,0,0,1,0,0,1,1,0,0,0,7,1,26,0,1,0,4,0,0,0,0,0,1,0,0,0,0,0,0,0,17,0,0,0,0,1,0
109,9,33,1,20,1,11,1,3,2,0,0,56,0,44,3,0,0,0,0,0,0,0,0,0,0,0,0,0,0,0,0,112,10,0,0,301,8,247,21,41,9,1,0,2,0,3311,996,0,703,293,160,2663,12,993,1,178,0,31,9,117,3,376,2,185,0,36,12,193,4,2172,95,140,2,4,2,93,17,44,13,0,0,72,3,125,10,0,1,166,6,0,0,25,0,1,1,0,1,1,0,0,1,3,0,1,0,6,4,1,1,5,6,1,2,0,1,0,0,0,2,0,0,0,0,1,0,4,3,44,11,4,1,0,0,0,0,0,0,0,0,5,0,6,0,7,2,1,0,2,3,0,0,0,0,0,0,0,0,0,0,0,1,3,6,3,0,0,0,0,0
3,110,1,12,1,16,0,4,0,6,0,1,0,5,0,31,0,0,0,0,0,0,0,0,0,0,0,0,0,0,0,0,18,72,0,0,0,71,20,156,9,46,0,2,1,0,1038,5832,703,0,33,428,1,1498,1,827,2,106,2,88,5,131,0,295,9,21,3,186,3,156,26,1751,1,45,2,10,16,102,4,47,0,0,19,34,21,121,0,1,13,108,0,0,2,37,0,11,0,0,0,3,2,0,0,0,0,0,3,2,2,1,10,1,2,0,0,4,0,0,0,0,0,0,0,0,0,1,1,14,4,31,0,8,0,1,1,1,0,0,0,2,0,1,2,4,5,16,0,0,0,11,0,0,0,0,0,1,0,0,0,0,0,0,2,31,0,2,0,0,0,0
13,3,7,1,10,0,1,0,1,3,0,0,46,0,5,3,0,0,0,0,0,0,0,0,0,0,0,0,0,0,0,0,179,7,0,0,8,9,127,39,358,12,1599,16,0,0,2966,396,293,33,0,296,305,5,1462,2,1776,2,1103,12,43,1,21,1,41,0,15,3,52,1,1041,228,5,0,54,5,145,7,65,1,0,0,196,1,798,3,0,0,544,4,0,0,132,1,79,2,2,2,95,5,70,0,30,0,0,0,14,4,7,3,5,13,12,187,2,1,0,1,0,5,0,0,5,0,12,0,25,4,35,3,12,1,0,0,7,2,9,0,22,0,5,0,25,1,74,1,3,0,4,1,0,0,0,1,1,2,0,0,0,0,0,0,5,1,5,1,0,0,21,1
0,29,0,5,0,5,0,0,0,1,0,0,0,3,0,3,0,0,0,0,0,0,0,0,0,0,0,0,0,0,0,0,3,176,0,0,1,32,164,247,2,277,1,713,0,0,1263,4864,160,428,296,0,4,194,2,848,6,2267,3,2250,2,29,1,7,1,5,1,31,0,17,223,1290,0,5,1,14,3,107,2,32,0,0,3,82,3,639,0,0,6,340,0,0,0,155,0,297,0,1,3,95,1,102,1,198,0,0,7,10,6,4,10,3,12,268,0,18,0,0,0,1,0,1,0,1,0,2,1,18,2,104,1,16,0,1,0,19,0,1,0,32,0,7,0,46,0,64,0,4,0,22,0,0,0,0,0,1,0,0,2,0,0,0,0,32,3,14,0,1,2,0
39,1,2,0,3,0,1,0,1,1,0,0,37,0,2,0,0,0,0,0,0,0,0,0,0,0,0,0,0,0,0,0,54,3,0,0,7,3,26,6,14,0,1,0,0,0,2092,35,2663,1,305,4,0,0,3918,0,228,1,29,2,63,1,725,1,186,0,16,1,175,0,397,10,22,0,2,1,29,1,10,0,0,0,63,0,82,1,0,0,188,1,0,0,39,0,5,0,0,0,2,1,0,0,1,1,0,0,0,0,1,0,0,4,0,1,0,1,0,0,1,1,0,0,0,0,1,0,0,1,20,2,1,0,0,0,1,0,0,0,1,0,2,0,0,0,7,1,0,1,1,0,0,0,0,0,0,0,1,0,1,0,1,0,2,1,0,0,0,0,0,0
1,60,0,6,0,12,0,1,0,1,0,0,0,4,0,3,0,0,0,0,0,0,0,0,0,0,0,0,0,0,0,0,1,41,0,0,0,7,4,19,2,13,0,0,0,1,143,1237,12,1498,5,194,0,0,1,2990,0,211,0,95,0,119,1,1042,0,34,0,128,0,488,1,559,0,3,1,5,3,45,1,18,0,0,3,16,3,106,0,0,6,295,0,0,0,81,0,17,0,0,1,0,0,0,0,4,1,0,1,2,0,0,4,2,0,0,0,3,0,0,0,0,0,0,0,0,0,1,0,7,2,16,0,1,0,1,0,0,0,1,0,1,0,0,0,1,0,9,1,1,0,2,0,0,0,0,0,0,0,2,0,0,0,0,0,10,0,1,0,0,0,0
26,1,1,0,3,0,1,0,0,0,0,0,33,0,2,0,0,0,0,0,0,0,0,0,0,0,0,0,0,0,0,0,36,2,0,0,3,0,61,0,12,0,1,0,0,0,1644,20,993,1,1462,2,3918,1,0,0,3554,0,263,1,58,0,1126,2,1541,0,8,1,2650,1,220,7,6,0,1,1,15,1,8,1,0,0,69,0,475,3,0,0,2227,1,0,0,264,1,57,0,0,0,0,0,0,0,3,0,0,1,1,2,0,1,0,0,0,1,0,0,0,0,0,1,0,0,0,0,0,0,0,0,4,2,0,0,0,0,0,0,0,0,0,0,0,0,1,0,4,0,0,0,0,1,0,0,0,0,0,0,0,0,0,1,0,0,0,1,1,0,0,0,0,0
1,97,0,7,0,20,0,1,0,2,0,0,0,1,0,2,0,0,0,1,0,0,0,0,0,0,0,0,0,0,0,0,3,67,0,0,1,2,3,26,1,8,0,1,0,0,64,1853,1,827,2,848,0,2990,0,0,0,1943,0,473,1,189,0,144,1,175,0,163,0,1831,1,260,1,6,0,4,3,74,5,26,0,0,2,28,2,255,0,0,1,2165,0,0,0,486,0,55,0,0,0,0,0,0,0,10,0,0,1,1,1,0,1,1,0,0,0,6,0,0,0,1,0,0,0,0,0,0,0,10,5,21,0,5,0,0,0,1,0,0,0,0,0,1,0,3,1,6,0,2,0,1,0,0,0,0,1,1,0,0,0,1,0,0,0,6,0,2,0,0,0,0
5,2,0,0,2,0,0,0,0,0,0,0,37,1,0,1,0,0,0,0,0,0,0,0,0,0,0,0,0,0,0,0,60,4,0,0,1,0,91,2,20,3,1,0,0,0,339,21,178,2,1776,6,228,0,3554,0,0,1,1619,5,25,0,23,0,37,0,11,1,53,0,130,22,3,0,3,0,19,2,10,0,0,0,110,1,629,3,0,0,1041,1,0,0,368,0,34,0,0,0,2,1,2,0,12,0,1,0,1,2,0,0,5,1,0,0,0,0,0,0,0,0,0,0,0,0,0,0,0,0,12,0,1,0,0,0,0,0,0,0,1,0,2,0,2,0,1,0,1,0,1,0,0,0,0,0,0,0,0,0,0,0,1,0,1,0,1,0,0,0,0,0
0,22,0,2,0,4,0,0,0,0,0,0,0,1,1,0,0,0,0,0,0,0,0,0,0,0,0,0,0,0,0,0,1,66,0,0,0,1,1,5,0,29,0,0,0,1,27,697,0,106,2,2267,1,211,0,1943,1,0,0,1299,0,16,0,3,0,3,0,9,0,7,0,27,1,1,0,0,0,33,0,8,0,0,0,38,1,349,0,0,0,232,0,0,0,951,0,137,0,0,0,0,0,0,0,36,0,0,0,0,1,0,1,0,0,0,0,0,0,0,0,1,0,0,0,0,0,0,0,0,0,5,0,0,0,0,0,0,0,0,0,3,0,0,0,1,0,13,0,1,0,1,0,0,0,0,0,0,0,0,0,0,0,0,0,4,0,1,0,0,0,0
3,1,0,0,3,0,0,0,0,0,0,0,9,0,0,0,1,0,0,0,0,0,0,0,0,0,0,0,0,0,0,0,211,0,0,0,1,0,18,0,425,1,1739,0,11,0,148,5,31,2,1103,3,29,0,263,0,1619,0,0,1,4,0,2,0,7,0,5,1,20,0,180,2,0,0,1,0,31,0,11,0,0,0,74,0,910,3,633,0,1107,0,179,0,1480,0,10,0,1,0,3,0,18,0,31,0,2,0,7,2,0,1,1,4,1,0,0,0,0,0,0,0,0,0,0,0,0,0,1,0,4,0,1,0,0,0,1,0,0,0,2,0,1,0,2,0,8,0,0,0,1,0,0,0,0,0,0,0,0,0,0,0,0,0,0,0,2,0,0,0,0,0
0,17,0,3,1,3,0,0,0,1,0,1,1,2,1,1,0,0,0,0,0,0,0,0,0,0,0,0,0,0,0,0,2,587,0,0,0,1,8,18,1,1056,0,1145,0,13,87,524,9,88,12,2250,2,95,1,473,5,1299,1,0,0,6,2,3,0,2,0,10,0,9,13,184,1,0,0,2,1,488,0,29,0,0,0,55,2,910,0,705,2,981,0,399,0,1889,1,56,0,1,0,1,0,0,0,188,1,1,3,2,0,0,5,4,3,1,0,2,0,0,0,0,0,0,0,1,0,0,0,2,1,11,0,0,0,0,0,0,0,0,0,31,0,1,0,15,0,25,0,0,0,4,0,0,0,0,0,0,0,0,0,0,0,0,0,19,0,1,0,0,1,1
5901,190,125,19,657,40,137,23,85,7,0,0,1970,1,129,135,0,0,0,1,0,0,0,0,0,0,0,0,0,0,0,0,430,11,0,0,128,156,16,1,41,3,2,0,1,0,22,2,117,5,43,2,63,0,58,1,25,0,4,0,0,35,2669,11,2612,4,2671,12,332,3,517,31,520,60,114,11,619,26,385,22,0,0,26,1,801,5,0,0,648,3,0,0,13,0,0,1,0,1,10,2,5,0,1,1,1,0,10,13,0,2,3,3,2,1,0,0,0,0,0,1,0,0,1,0,1,3,114,10,63,4,34,2,1,1,12,3,6,0,1,0,1,1,3,0,196,8,18,1,10,1,0,0,0,0,16,20,1,0,0,1,0,0,30,9,3,0,0,0,0,0
28,4644,0,403,3,298,0,173,0,107,0,0,2,1800,8,212,0,1,0,0,0,1,0,0,0,0,0,1,0,0,0,0,12,132,0,0,57,163,4,13,7,34,0,1,0,2,26,38,3,131,1,29,1,119,0,189,0,16,0,6,35,0,14,2216,16,1972,11,3399,1,337,62,746,48,611,7,138,22,800,31,346,0,0,1,9,4,298,0,0,6,727,0,0,0,25,1,2,2,2,2,4,3,2,1,3,1,0,11,9,4,2,2,2,0,2,0,2,0,0,0,3,0,1,0,0,0,7,6,167,22,125,1,56,1,3,0,32,0,5,0,1,1,2,1,6,10,58,1,28,2,25,0,0,0,2,4,2,0,1,1,4,1,1,1,85,0,2,0,0,2,0
536,17,52,5,221,5,25,1,47,4,0,0,22,3,31,9,0,0,0,0,0,0,0,0,0,0,0,0,0,0,0,0,288,3,0,0,159,22,11,2,61,5,2,0,2,0,27,1,376,0,21,1,725,1,1126,0,23,0,2,2,2669,14,0,9,2031,1,224,20,444,1,1630,30,376,16,54,8,590,20,439,16,0,0,5,1,26,1,0,0,151,2,0,0,9,0,1,1,0,0,4,2,2,1,0,1,0,0,6,4,1,0,5,14,2,0,1,0,0,0,0,1,0,0,0,0,0,0,41,13,109,14,38,5,2,0,2,2,1,0,0,1,2,0,5,0,57,3,20,1,14,1,0,0,0,0,1,2,0,0,3,1,0,0,24,2,4,0,0,0,5,0
10,417,0,37,4,57,0,13,0,6,0,1,0,15,1,45,0,0,0,0,0,0,0,0,0,0,0,0,0,0,0,0,7,9,0,0,23,180,3,8,12,22,0,0,0,1,5,20,2,295,1,7,1,1042,2,144,0,3,0,3,11,2216,9,0,12,753,13,133,4,241,15,1552,2,555,2,49,23,278,24,188,0,0,3,3,9,17,0,0,0,23,0,0,1,4,0,0,2,1,1,2,1,0,1,2,0,0,14,6,5,1,5,3,1,2,0,0,0,0,0,0,0,0,0,0,0,7,6,100,12,106,3,43,0,5,0,12,0,7,0,0,1,2,0,3,8,36,0,26,1,17,0,0,0,0,0,0,0,1,1,3,0,0,1,52,1,4,0,0,2,0
378,10,19,3,102,2,7,0,30,0,0,0,19,1,6,4,0,0,1,1,0,0,0,0,0,0,0,0,0,0,0,0,170,2,0,0,76,42,31,0,33,8,1,0,0,0,43,0,185,9,41,1,186,0,1541,1,37,0,7,0,2612,16,2031,12,0,4,906,15,1884,2,118,34,9,18,46,13,319,19,223,16,0,0,10,0,199,2,0,0,1077,1,0,0,15,1,1,0,1,1,2,0,1,0,0,0,1,0,3,2,1,2,1,3,0,1,1,0,0,0,0,2,0,0,0,0,0,0,18,5,58,11,17,3,2,0,3,1,3,0,1,0,0,1,3,0,34,3,6,4,9,0,0,0,0,0,0,0,1,0,1,1,0,0,8,6,2,0,0,0,0,0
1,237,1,16,1,57,0,3,0,2,0,0,0,16,0,7,0,0,0,1,0,0,0,0,0,0,0,0,0,0,0,0,3,11,0,0,5,21,2,3,3,12,0,0,0,0,1,7,0,21,0,5,0,34,0,175,0,3,0,2,4,1972,1,753,4,0,1,1424,1,937,3,31,3,17,2,21,3,180,7,139,0,0,0,3,2,36,0,0,2,235,0,0,0,9,0,1,0,0,1,2,0,0,0,0,0,0,4,4,1,0,2,2,2,0,0,0,0,0,0,0,0,0,0,0,0,6,0,67,5,44,0,21,0,0,0,9,0,2,0,0,0,2,0,0,0,19,1,9,0,7,0,0,0,0,0,0,0,0,0,1,0,0,1,24,0,2,0,0,0,0
485,8,39,2,81,0,41,0,37,0,0,0,178,4,11,4,0,0,0,0,0,0,0,0,0,0,0,0,0,0,0,0,286,3,0,0,65,31,30,4,15,1,0,0,1,0,4,0,36,3,15,1,16,0,8,0,11,0,5,0,2671,11,224,13,906,1,0,7,270,3,140,15,13,7,31,3,226,8,158,13,0,0,24,1,474,2,0,0,91,0,0,0,1,0,0,0,1,0,1,1,1,0,0,1,0,0,1,2,1,0,1,2,0,0,0,0,0,0,0,0,0,0,0,0,0,0,15,7,47,7,13,4,0,0,0,0,1,0,0,0,0,0,4,0,16,3,4,1,9,1,0,0,0,0,1,0,0,0,0,0,0,0,2,5,1,0,0,0,0,0
16,746,0,92,3,179,0,16,0,18,0,0,1,219,3,13,0,0,0,1,0,0,0,1,0,0,0,0,0,0,0,0,8,83,0,0,9,122,19,52,8,13,1,0,1,0,18,25,12,186,3,31,1,128,1,163,1,9,1,10,12,3399,20,133,15,1424,7,0,7,637,20,277,3,16,6,38,20,260,28,140,0,0,6,16,16,505,0,0,10,815,0,0,1,9,1,0,1,0,0,1,1,0,0,0,1,0,5,3,1,1,3,2,0,1,0,5,0,0,0,0,0,0,0,0,0,2,2,42,9,68,2,21,1,3,0,2,0,3,0,0,0,0,1,0,2,15,0,5,1,11,0,0,0,0,2,1,0,0,1,4,2,2,2,23,1,1,0,0,0,0
482,10,80,2,29,3,13,0,5,0,0,0,4,0,15,2,0,0,0,0,0,0,0,0,0,0,0,0,0,0,0,0,24,4,0,0,6,8,34,0,2,0,0,0,0,0,21,1,193,3,52,0,175,0,2650,0,53,0,20,0,332,1,444,4,1884,1,270,7,0,2,181,11,39,2,5,1,33,10,18,5,0,0,7,1,289,3,0,0,2253,1,0,0,13,0,1,1,0,0,1,0,0,0,1,0,0,0,0,0,0,1,3,1,0,0,0,0,0,0,0,0,0,0,0,0,0,0,3,2,9,9,2,0,0,0,0,0,0,0,0,0,1,0,0,0,2,1,0,1,0,3,0,0,0,0,0,0,0,0,0,0,0,0,2,1,1,0,0,0,0,0
0,138,1,34,1,28,0,1,0,1,0,0,0,5,0,7,0,0,0,0,0,0,0,0,0,0,0,0,0,0,0,0,7,10,0,0,0,8,5,13,5,13,0,0,0,0,16,18,4,156,1,17,0,488,1,1831,0,7,0,9,3,337,1,241,2,937,3,637,2,0,1,67,0,12,1,10,5,79,11,51,0,0,3,5,3,269,0,0,3,1275,0,0,0,27,0,2,1,0,0,0,1,0,0,1,0,1,5,0,0,0,1,3,1,1,0,0,0,0,0,1,0,0,0,0,0,1,1,40,4,27,1,11,0,1,0,1,0,3,0,0,0,0,0,1,2,6,0,2,0,4,0,0,0,0,1,0,0,0,0,1,0,0,0,17,0,1,0,0,0,0
384,94,171,7,89,7,62,3,38,1,0,0,49,14,184,34,0,0,0,0,0,0,0,0,0,0,0,0,0,0,0,0,306,12,0,0,2184,161,1046,261,167,32,92,17,4,0,2403,379,2172,26,1041,223,397,1,220,1,130,0,180,13,517,62,1630,15,118,3,140,20,181,1,0,551,1838,145,87,13,676,55,474,23,0,0,43,7,65,24,0,0,117,3,0,0,23,3,2,0,1,1,9,3,2,2,1,3,1,0,13,11,3,3,9,19,3,0,0,4,0,0,0,2,0,0,1,0,1,1,81,10,110,21,41,5,3,0,10,3,6,2,2,0,5,0,9,1,165,9,17,3,24,13,0,0,0,0,3,2,0,2,3,0,0,1,52,10,0,0,0,0,1,3
29,647,1,83,11,58,0,33,2,24,0,1,3,18,9,230,0,0,0,6,0,0,0,0,0,0,0,0,0,0,0,0,60,104,0,0,162,2670,247,1276,45,169,1,53,0,0,583,1742,95,1751,228,1290,10,559,7,260,22,27,2,184,31,746,30,1552,34,31,15,277,11,67,551,0,45,1354,7,96,71,364,79,206,0,0,35,44,68,137,0,0,70,152,0,0,5,52,0,3,1,1,3,6,1,3,3,6,0,0,14,14,13,0,17,13,3,2,0,8,0,0,0,3,0,1,1,0,0,1,7,111,33,155,6,35,0,1,2,26,0,4,0,6,1,2,4,16,23,86,5,23,8,28,0,0,0,1,1,2,0,1,0,6,0,0,6,105,2,7,0,0,3,1
2423,164,512,18,91,26,219,18,58,8,0,0,50,3,1283,129,0,0,0,2,0,0,0,0,0,0,0,0,0,0,0,0,154,3,0,0,743,159,16,0,22,1,0,0,0,0,14,1,140,1,5,0,22,0,6,1,3,1,0,1,520,48,376,2,9,3,13,3,39,0,1838,45,0,102,17,9,376,37,272,12,0,0,1,0,5,8,0,0,14,5,0,0,3,0,0,0,0,0,6,0,0,1,1,1,0,0,4,8,0,1,0,7,0,1,1,0,0,0,0,0,0,0,0,0,3,1,64,15,26,6,17,5,0,0,18,7,7,3,0,0,2,0,2,0,98,9,6,0,14,3,0,0,0,0,9,7,2,0,4,2,1,0,23,7,2,1,0,0,0,0
33,966,1,136,3,98,2,121,3,56,0,1,2,26,7,1240,0,0,0,0,0,0,0,0,0,0,0,0,0,0,0,0,19,14,0,0,227,595,1,4,5,10,0,0,0,0,0,9,2,45,0,5,0,3,0,6,0,1,0,0,60,611,16,555,18,17,7,16,2,12,145,1354,102,0,9,46,38,129,37,78,0,0,1,2,0,8,0,0,2,7,0,0,0,1,0,0,1,0,0,3,0,0,0,0,1,1,2,6,1,0,0,4,1,0,0,1,0,0,0,0,0,0,0,0,0,2,10,81,13,38,2,23,0,1,0,20,0,7,0,0,0,2,1,1,19,43,1,7,0,12,0,0,0,0,2,0,0,1,0,3,0,0,5,20,0,3,0,0,0,0
220,8,183,122,414,72,144,13,518,9,20,15,21,2,149,28,253,287,182,229,45,37,17,18,6,3,0,4,5,17,3,3,150,27,0,0,167,76,15,0,59,0,0,0,0,3,4,0,4,2,54,1,2,1,1,0,3,0,1,0,114,7,54,2,46,2,31,6,5,1,87,7,17,9,0,39,737,37,527,21,0,0,11,0,6,2,0,4,3,0,0,0,2,1,0,1,0,1,18,3,4,0,0,4,1,0,16,7,2,2,2,9,1,1,0,1,0,0,0,2,279,89,7,0,54,1,207,5,256,3,73,2,0,1,532,67,19,0,1,0,8,0,13,0,726,6,59,1,85,0,39,203,39,172,40,111,71,2,4,0,0,0,22,3,2,0,0,0,3,0
16,332,16,520,20,1217,8,422,6,434,1,98,4,74,34,211,10,111,23,137,1,26,1,174,0,14,0,4,0,118,0,18,13,328,0,0,20,201,3,8,4,97,0,0,0,62,3,1,2,10,5,14,1,5,1,4,0,0,0,2,11,138,8,49,13,21,3,38,1,10,13,96,9,46,39,0,16,2558,18,1038,0,0,2,13,6,21,0,34,2,7,0,0,0,2,1,0,1,6,5,36,7,3,1,3,1,3,34,34,15,7,18,12,9,10,0,2,0,2,0,2,0,23,0,7,0,317,2,748,14,616,3,236,2,41,3,614,1,108,0,4,0,9,2,15,7,712,0,132,0,226,4,7,0,24,31,71,1,244,6,43,0,26,1,255,4,36,0,1,18,5
324,42,236,27,295,38,33,9,77,14,52,0,13,4,535,71,194,1,76,24,2,0,75,0,1,0,1,0,18,0,0,0,969,22,0,0,385,121,100,6,1451,9,48,0,74,0,24,7,93,16,145,3,29,3,15,3,19,0,31,1,619,22,590,23,319,3,226,20,33,5,676,71,376,38,737,16,0,51,1924,23,0,0,19,4,52,13,1,0,20,2,0,0,24,0,1,2,0,0,29,7,5,1,1,2,0,1,26,23,4,12,9,37,14,2,0,0,0,0,0,4,0,0,6,0,48,4,147,14,128,22,26,4,3,1,79,5,31,0,60,0,4,0,4,1,405,9,15,3,26,11,5,0,4,8,134,41,229,0,34,2,28,0,79,5,12,1,0,0,4,2
24,540,33,701,30,755,11,220,10,343,0,147,3,188,63,526,7,305,35,270,0,58,2,180,0,60,0,4,1,35,0,28,30,1275,0,0,44,441,22,66,5,2113,2,99,0,627,55,57,17,102,7,107,1,45,1,74,2,33,0,488,26,800,20,278,19,180,8,260,10,79,55,364,37,129,37,2558,51,0,50,1935,0,0,17,87,26,188,0,789,27,149,0,11,1,146,0,3,0,0,2,7,2,0,2,2,0,0,14,7,12,1,30,11,4,1,0,3,0,1,0,2,0,3,0,2,0,14,5,85,14,94,6,23,0,1,5,29,3,8,0,50,0,4,2,36,10,105,3,10,1,23,1,2,0,47,30,118,3,306,4,14,0,2,2,106,1,8,0,2,2,0
219,37,168,24,194,33,9,9,37,5,7,0,10,3,298,58,41,0,32,9,0,0,0,0,0,0,0,0,0,0,0,1,127,13,0,0,329,131,65,1,480,4,17,1,69,0,8,2,44,4,65,2,10,1,8,5,10,0,11,0,385,31,439,24,223,7,158,28,18,11,474,79,272,37,527,18,1924,50,0,38,0,0,10,4,29,4,0,0,16,0,0,0,4,1,2,2,1,1,20,8,4,0,9,5,2,1,32,45,6,20,15,42,8,6,0,1,3,0,0,3,1,0,0,0,21,0,116,13,121,35,20,5,4,0,122,1,22,1,21,0,5,0,6,1,373,16,17,3,23,7,0,1,0,1,59,27,47,1,24,3,11,0,107,5,4,2,0,0,7,3
12,208,9,288,17,378,1,91,5,102,0,9,5,62,47,340,1,2,10,62,0,8,0,19,0,5,0,3,0,5,0,1,27,111,0,0,26,274,8,30,5,397,0,10,0,42,10,21,13,47,1,32,0,18,1,26,0,8,0,29,22,346,16,188,16,139,13,140,5,51,23,206,12,78,21,1038,23,1935,38,0,0,0,12,22,12,47,0,2,5,18,0,0,1,8,0,1,0,3,4,7,5,0,2,0,0,0,23,18,5,1,25,6,3,3,0,2,0,0,0,0,0,0,0,2,0,20,2,98,12,63,2,10,1,2,1,53,2,13,0,88,0,4,0,12,8,114,3,21,2,34,0,0,0,10,18,56,0,11,1,31,0,23,1,355,2,19,0,0,3,2
0,0,0,0,0,0,0,0,0,0,0,0,0,0,0,0,0,0,0,0,0,0,0,0,0,0,0,0,0,0,0,0,0,0,0,0,0,0,0,0,0,0,0,0,0,0,0,0,0,0,0,0,0,0,0,0,0,0,0,0,0,0,0,0,0,0,0,0,0,0,0,0,0,0,0,0,0,0,0,0,0,0,0,0,0,0,0,0,0,0,0,0,0,0,0,0,0,0,0,0,0,0,0,0,0,0,0,0,0,0,0,0,0,0,0,0,0,0,0,0,0,0,0,0,0,0,0,0,0,0,0,0,0,0,0,0,0,0,0,0,0,0,0,0,0,0,0,0,0,0,0,0,0,0,0,0,0,0,0,0,0,0,0,0,0,0,0,0,0,0
0,0,0,0,0,0,0,0,0,0,0,0,0,0,0,0,0,0,0,0,0,0,0,0,0,0,0,0,0,0,0,0,0,0,0,0,0,0,0,0,0,0,0,0,0,0,0,0,0,0,0,0,0,0,0,0,0,0,0,0,0,0,0,0,0,0,0,0,0,0,0,0,0,0,0,0,0,0,0,0,0,0,0,0,0,0,0,0,0,0,0,0,0,0,0,0,0,0,0,0,0,0,0,0,0,0,0,0,0,0,0,0,0,0,0,0,0,0,0,0,0,0,0,0,0,0,0,0,0,0,0,0,0,0,0,0,0,0,0,0,0,0,0,0,0,0,0,0,0,0,0,0,0,0,0,0,0,0,0,0,0,0,0,0,0,0,0,0,0,0
67,3,11,2,80,1,2,0,2,0,0,0,47,0,6,3,0,0,0,0,0,0,0,0,0,0,0,0,0,0,0,0,48,20,0,0,8,6,91,5,7,8,0,0,0,0,35,5,72,19,196,3,63,3,69,2,110,0,74,0,26,1,5,3,10,0,24,6,7,3,43,35,1,1,11,2,19,17,10,12,0,0,0,6,217,15,0,0,41,3,0,0,6,0,0,0,0,0,0,0,0,0,1,0,0,0,1,1,2,0,2,1,1,0,0,0,0,0,0,0,0,0,0,0,0,1,1,1,9,7,0,1,0,0,0,0,0,0,0,0,0,0,1,0,12,6,0,1,2,0,0,0,0,0,0,0,0,0,0,0,0,0,0,1,2,0,0,0,0,0
2,66,0,52,0,184,0,11,0,11,0,0,0,5,4,8,0,0,0,1,0,0,0,0,0,0,0,0,0,0,0,0,12,181,0,0,0,5,14,33,4,37,0,0,1,0,27,26,3,34,1,82,0,16,0,28,1,38,0,55,1,9,1,3,0,3,1,16,1,5,7,44,0,2,0,13,4,87,4,22,0,0,6,0,11,563,0,0,11,13,0,0,0,14,0,1,0,0,0,0,0,0,0,5,0,0,2,0,0,0,2,1,0,0,0,5,0,0,0,0,0,0,0,1,0,0,0,2,3,10,0,1,0,0,0,0,0,0,0,0,0,1,0,3,0,14,0,1,0,3,0,0,0,0,0,3,0,0,0,0,0,0,1,12,0,2,0,0,0,0
588,9,22,3,169,1,5,0,5,1,0,0,283,0,7,3,0,0,0,0,0,0,0,0,0,0,0,0,0,0,0,0,92,23,0,0,13,13,126,21,856,13,59,0,1,0,88,14,125,21,798,3,82,3,475,2,629,1,910,2,801,4,26,9,199,2,474,16,289,3,65,68,5,0,6,6,52,26,29,12,0,0,217,11,0,24,101,0,5766,4,0,0,1432,0,1,0,0,0,1,0,1,0,0,0,0,0,1,1,0,0,3,3,1,0,0,0,0,0,0,0,0,0,0,0,0,0,1,1,18,16,1,1,0,0,2,0,0,0,1,0,0,0,0,2,13,10,0,2,1,3,0,0,0,0,1,0,0,0,0,0,1,0,0,2,0,0,0,0,0,0
2,989,0,104,0,405,0,21,1,22,0,0,1,43,1,23,0,0,0,0,0,0,0,0,0,0,0,0,0,0,0,0,17,204,0,0,4,21,21,88,6,596,1,26,0,4,129,161,10,121,3,639,1,106,3,255,3,349,3,910,5,298,1,17,2,36,2,505,3,269,24,137,8,8,2,21,13,188,4,47,0,0,15,563,24,0,0,1572,22,2310,0,0,3,794,0,23,0,0,0,0,0,0,0,17,0,0,5,1,3,1,10,4,0,0,1,49,0,0,0,1,0,0,0,1,0,4,0,3,4,22,0,1,0,0,0,1,0,0,0,52,0,5,1,18,1,39,1,2,0,8,0,0,0,0,2,3,0,0,0,1,0,0,0,28,0,1,0,0,2,0
0,0,0,0,0,0,0,0,0,0,0,0,0,0,0,0,2,0,0,0,0,0,0,0,0,0,0,0,0,0,0,0,1,0,0,0,0,0,0,0,797,0,10,0,114,0,0,0,0,0,0,0,0,0,0,0,0,0,633,0,0,0,0,0,0,0,0,0,0,0,0,0,0,0,0,0,1,0,0,0,0,0,0,0,101,0,0,0,852,0,334,0,1297,0,0,0,0,0,0,0,0,0,0,0,0,0,0,0,0,0,0,0,0,0,0,0,0,0,0,0,0,0,0,0,0,0,0,0,0,0,0,0,0,0,0,0,0,0,0,0,0,0,0,0,0,0,0,0,0,0,0,0,0,0,0,0,2,0,0,0,0,0,0,0,0,0,0,0,0,0
0,0,2,44,0,42,0,0,0,15,0,35,0,0,1,4,0,13,1,25,0,23,0,23,0,19,0,4,0,16,0,5,1,60,0,0,0,6,0,1,0,1516,0,230,0,552,0,1,1,1,0,0,0,0,0,0,0,0,0,705,0,0,0,0,0,0,0,0,0,0,0,0,0,0,4,34,0,789,0,2,0,0,0,0,0,1572,0,0,0,667,0,2311,0,1010,0,0,0,0,0,0,0,0,0,0,0,0,0,0,0,0,0,0,0,0,0,0,0,0,0,0,0,0,0,0,0,1,0,0,0,0,0,0,0,0,0,0,0,0,0,1,0,0,0,0,0,0,0,0,0,0,0,0,0,10,2,5,0,4,0,0,0,0,0,0,0,0,0,0,0,0
167,1,8,0,14,0,2,0,1,0,0,0,19,0,3,3,0,0,0,0,0,0,0,0,0,0,0,0,0,0,0,0,54,21,0,0,9,5,260,11,148,12,102,0,3,0,84,29,166,13,544,6,188,6,2227,1,1041,0,1107,2,648,6,151,0,1077,2,91,10,2253,3,117,70,14,2,3,2,20,27,16,5,0,0,41,11,5766,22,852,0,0,4,225,0,5526,2,3,0,1,0,1,0,0,0,1,0,1,0,2,0,0,1,0,0,1,0,0,0,0,0,0,0,0,0,0,0,0,0,1,0,10,7,2,4,0,0,0,0,0,0,1,0,1,0,2,0,7,8,2,0,0,1,0,0,0,0,0,0,0,0,0,0,0,0,0,4,0,0,0,0,0,0
4,557,0,23,0,16,0,7,0,5,0,0,0,5,2,8,0,0,0,1,0,0,0,0,0,0,0,0,0,0,0,0,3,128,0,0,2,13,13,57,0,450,0,21,0,14,89,350,6,108,4,340,1,295,1,2165,1,232,0,981,3,727,2,23,1,235,0,815,1,1275,3,152,5,7,0,7,2,149,0,18,0,0,3,13,4,2310,0,667,4,0,0,347,0,5372,0,24,0,0,0,1,0,0,0,23,0,0,2,0,0,0,2,0,0,1,0,29,0,0,0,0,0,0,0,0,0,0,1,6,0,5,0,0,0,0,0,1,0,0,0,5,0,0,0,1,0,3,0,2,0,3,0,0,0,0,0,0,1,0,0,0,0,0,0,8,0,1,0,0,1,0
0,0,0,0,0,0,0,0,0,0,0,0,0,0,0,0,0,0,0,0,0,0,0,0,0,0,0,0,0,0,0,0,0,0,0,0,0,0,0,0,18,0,3,0,0,0,0,0,0,0,0,0,0,0,0,0,0,0,179,0,0,0,0,0,0,0,0,0,0,0,0,0,0,0,0,0,0,0,0,0,0,0,0,0,0,0,334,0,225,0,0,0,937,0,0,0,0,0,0,0,0,0,0,0,0,0,0,0,0,0,0,0,0,0,0,0,0,0,0,0,0,0,0,0,0,0,0,0,0,0,0,0,0,0,0,0,0,0,0,0,0,0,0,0,0,0,0,0,0,0,0,0,0,0,0,0,0,0,0,0,0,0,0,0,0,0,0,0,0,0
0,0,0,0,0,0,0,0,0,0,0,0,0,0,0,0,0,0,0,0,0,0,0,0,0,0,0,0,0,0,0,0,0,0,0,0,0,0,0,0,0,72,0,100,0,5,0,0,0,0,0,0,0,0,0,0,0,0,0,399,0,0,0,0,0,0,0,0,0,0,0,0,0,0,0,0,0,11,0,0,0,0,0,0,0,0,0,2311,0,347,0,0,0,989,0,0,0,0,0,0,0,0,0,0,0,0,0,0,0,0,0,0,0,0,0,0,0,0,0,0,0,0,0,0,0,0,0,0,0,0,0,0,0,0,0,0,0,0,0,0,0,0,0,0,0,0,0,0,0,0,0,0,0,0,0,0,0,0,0,0,0,0,0,0,0,0,0,0,0,0
6,0,0,0,1,0,0,0,0,0,0,0,6,0,0,0,2,0,0,0,0,0,0,0,0,0,0,0,0,0,0,0,112,1,0,0,0,0,40,2,591,0,137,0,49,0,9,2,25,2,132,0,39,0,264,0,368,0,1480,0,13,0,9,1,15,0,1,1,13,0,23,5,3,0,2,0,24,1,4,1,0,0,6,0,1432,3,1297,0,5526,0,937,0,0,0,0,0,0,0,0,0,0,0,1,1,0,0,0,0,0,0,0,0,0,0,0,0,0,0,0,0,0,0,0,0,1,0,0,0,0,0,0,0,0,0,0,0,0,0,0,0,0,0,0,0,0,0,0,0,0,0,0,0,0,0,0,0,1,0,0,0,0,0,0,0,0,0,0,0,0,0
0,40,0,3,0,5,0,0,0,2,0,0,0,0,0,0,0,0,0,0,0,0,0,1,0,0,0,0,0,0,0,0,0,258,0,0,0,2,1,8,0,325,0,21,0,5,25,132,0,37,1,155,0,81,1,486,0,951,0,1889,0,25,0,4,1,9,0,9,0,27,3,52,0,1,1,2,0,146,1,8,0,0,0,14,0,794,0,1010,2,5372,0,989,0,0,0,55,0,0,0,0,0,0,0,5,0,0,0,1,0,0,1,0,0,0,0,3,0,0,0,0,0,0,0,0,0,0,0,0,0,4,0,0,0,1,0,0,0,0,0,7,0,0,0,0,0,1,0,0,0,0,0,0,0,0,0,0,0,0,0,0,0,1,0,6,0,0,0,0,0,0
0,2,0,0,0,0,0,0,0,0,0,0,0,0,1,0,0,0,0,0,0,0,0,0,0,0,0,0,0,0,0,0,0,0,0,0,1,0,0,1,2,1,6,0,0,0,1,0,1,0,79,0,5,0,57,0,34,0,10,1,0,1,1,0,1,0,0,1,1,0,2,0,0,0,0,1,1,0,2,0,0,0,0,0,1,0,0,0,3,0,0,0,0,0,0,14,6892,22,109,7,796,22,4330,47,852,5,711,55,150,11,16,23,2,3,53,60,266,13,12,2,0,0,0,0,2,0,5,2,4,4,0,0,1,1,0,0,1,0,0,0,0,0,1,0,2,2,0,4,0,0,0,0,0,0,0,0,0,1,5,0,2,0,2,0,6,1,0,0,1,2
0,4,0,0,0,0,0,0,0,0,0,0,0,0,0,1,0,0,1,0,0,0,0,0,0,0,0,0,0,0,0,0,1,1,0,0,0,0,1,0,1,1,4,2,0,0,45,63,1,11,2,297,0,17,0,55,0,137,0,56,1,2,1,0,0,1,0,0,1,2,0,3,0,0,1,0,2,3,2,1,0,0,0,1,0,23,0,0,0,24,0,0,0,55,14,0,9,4356,6,289,25,650,52,6489,3,868,63,1983,23,341,21,33,7,4,112,180,184,13,5,6,0,0,0,0,0,0,1,2,4,4,0,1,0,1,0,1,0,0,0,1,0,0,2,0,5,1,0,1,0,1,0,0,0,0,0,0,0,0,2,1,0,0,1,0,3,1,0,1,3,1
0,0,0,0,1,1,0,1,0,0,0,0,0,0,0,1,0,0,0,1,0,0,0,0,0,0,0,0,0,0,0,0,1,0,0,0,1,1,0,1,3,2,4,0,0,0,0,0,0,0,2,0,0,0,0,0,0,0,1,0,0,2,0,2,1,0,1,1,0,1,1,1,0,1,0,1,0,0,1,0,0,0,0,0,0,0,0,0,1,0,0,0,0,0,6892,9,0,25,78,12,550,14,1365,17,2682,9,1058,60,137,12,18,20,2,5,49,61,338,80,6,3,0,0,0,0,1,1,1,4,4,7,2,2,0,1,0,1,0,0,0,0,0,0,2,0,5,1,0,0,0,2,0,0,0,0,1,0,0,0,10,0,1,0,2,1,0,1,0,0,5,0
0,0,0,1,0,0,0,0,0,0,0,0,0,0,1,1,0,0,0,0,0,0,0,0,0,0,0,0,0,0,0,0,0,0,0,0,1,1,0,0,1,0,1,2,0,0,0,0,1,0,2,1,0,0,0,0,0,0,0,1,1,2,0,1,1,0,0,0,0,0,1,1,0,0,1,6,0,0,1,3,0,0,0,0,0,0,0,0,0,0,0,0,0,0,22,4356,25,0,9,280,9,376,45,1071,6,2639,68,1689,17,232,9,16,1,2,35,100,165,132,17,1,0,0,0,0,0,0,0,3,7,4,0,0,0,0,0,2,0,0,1,0,0,0,1,1,1,1,0,1,0,3,0,0,0,0,0,0,0,0,3,1,0,0,1,0,7,1,0,0,2,0
2,2,2,0,1,0,0,0,0,0,0,1,0,0,9,1,0,0,0,0,0,0,0,0,0,0,0,0,0,0,0,0,7,2,0,0,9,1,4,1,34,1,7,1,6,0,1,0,1,0,95,3,2,1,0,0,2,0,3,0,10,2,4,1,2,1,1,0,1,0,9,3,6,0,18,5,29,2,20,4,0,0,0,0,1,0,0,0,1,0,0,0,0,0,109,6,78,9,0,40,638,26,277,17,111,2,673,45,1113,47,91,85,283,223,48,35,10,14,58,283,0,0,0,0,7,2,64,11,100,14,32,9,7,1,45,17,11,2,7,0,16,0,65,3,103,9,16,1,12,5,0,0,0,0,0,1,1,0,5,1,1,0,15,0,66,8,0,0,49,5
1,9,0,0,0,5,0,2,0,2,0,0,0,0,1,4,0,0,0,1,0,0,0,0,0,0,0,0,0,0,0,0,3,3,0,0,3,4,0,1,3,4,2,7,1,0,1,0,0,3,5,95,1,0,0,0,1,0,0,1,2,4,2,2,0,2,1,1,0,0,3,6,0,3,3,36,7,7,8,7,0,0,0,0,0,0,0,0,0,1,0,0,0,0,7,289,12,280,40,0,142,705,23,490,5,98,67,1787,61,784,81,443,124,332,174,75,7,22,27,51,0,0,0,0,2,7,7,52,9,67,9,19,4,1,4,49,3,6,1,7,2,12,4,35,11,78,1,8,2,28,0,0,0,1,0,0,0,0,4,3,0,0,5,2,41,15,0,0,54,4
1,1,0,1,0,2,0,0,0,0,0,0,0,0,3,1,0,0,0,0,0,0,0,0,0,0,0,0,0,0,0,0,0,2,0,0,0,5,0,0,11,2,44,1,2,0,0,0,0,2,70,1,0,0,0,0,2,0,18,0,5,3,2,1,1,0,1,1,0,1,2,1,0,0,4,7,5,2,4,5,0,0,0,0,1,0,0,0,0,0,0,0,0,0,796,25,550,9,638,142,0,325,2933,41,709,4,2433,121,606,47,586,82,2,281,1119,375,68,72,105,53,0,0,0,0,0,2,9,3,17,12,4,1,1,1,7,5,0,1,3,0,0,0,7,2,12,3,1,1,2,2,0,0,0,0,1,1,0,0,13,0,2,0,2,1,8,1,0,1,10,0
0,0,0,0,0,0,0,0,0,0,0,0,0,0,1,0,0,0,0,0,0,0,0,0,0,0,0,0,0,0,0,0,0,0,0,0,0,0,0,0,1,0,1,3,0,0,0,0,1,0,0,102,0,0,0,0,0,0,0,0,0,2,1,0,0,0,0,0,0,0,2,3,1,0,0,3,1,0,0,0,0,0,0,0,0,0,0,0,0,0,0,0,0,0,22,650,14,376,26,705,325,0,121,2336,14,138,88,1184,37,205,26,172,2,17,539,461,54,33,22,9,0,0,0,0,1,1,1,2,2,0,1,0,0,0,1,4,0,0,0,0,0,0,1,0,0,2,0,0,0,0,0,0,0,0,0,0,0,0,8,1,0,0,0,0,5,0,0,1,1,0
