0,234,2295,53,1287,89,723,30,224,9,6,2,241,10,732,144,0,0,8,1,0,0,0,0,0,0,0,0,2,0,2,0,238,12,0,0,131,88,18,2,34,3,4,2,0,0,7,0,43,2,4,1,60,5,223,0,10,0,7,0,5823,39,324,4,508,0,389,3,180,3,341,35,1198,45,327,18,583,38,257,30,0,0,21,2,324,3,2,0,453,7,0,0,11,0,4,4,0,5,16,8,1,2,1,2,2,6,5,10,7,8,8,8,3,1,0,1,0,0,1,2,3,0,0,0,49,1,571,14,118,10,70,2,7,0,83,2,18,1,1,0,4,0,20,3,67,11,22,4,12,3,0,0,0,1,29,21,1,1,10,3,3,1,4,0,3,1,6,8,1,6
234,0,91,2153,16,1863,27,1125,6,224,0,5,17,536,142,1474,0,0,3,8,0,0,0,0,0,0,0,0,0,4,0,0,14,233,0,0,110,536,2,6,2,18,3,1,0,2,5,22,14,88,0,11,4,82,6,148,0,5,1,1,58,7164,10,223,1,62,3,444,1,220,70,609,213,1451,23,206,47,583,10,442,0,0,0,15,5,125,1,1,2,366,0,0,0,45,5,0,0,5,7,27,3,2,0,0,1,1,3,0,4,8,7,1,5,0,1,0,1,0,0,0,0,0,0,2,3,12,40,315,16,211,10,63,0,0,8,62,0,34,1,3,1,0,2,16,16,111,4,48,1,25,0,0,0,0,32,15,1,0,0,3,0,6,0,2,0,6,1,6,10,9
2295,91,0,252,4177,250,481,75,763,56,108,1,130,1,941,128,6,20,1374,150,51,67,37,11,132,3,241,1,130,5,14,1,837,30,0,0,108,105,2,6,12,1,6,0,9,0,6,1,32,1,8,1,56,0,137,0,3,0,3,2,249,8,100,1,49,1,35,3,61,0,149,10,157,18,271,49,1015,58,170,28,0,0,19,0,84,2,83,4,95,3,3,0,19,1,2,3,0,6,17,6,1,0,1,3,1,1,4,5,3,2,4,7,1,0,1,0,0,0,0,0,1,1,0,2,110,3,243,20,44,14,44,1,2,0,120,9,23,6,4,0,1,0,16,3,93,19,7,6,6,6,1,6,14,47,125,96,4,1,0,1,5,2,4,1,2,0,5,5,3,6
53,2153,252,0,166,5470,34,398,49,543,2,101,2,43,128,3289,16,38,389,1925,58,159,21,63,4,55,0,57,2,157,0,23,39,370,0,0,54,370,1,21,2,32,1,4,0,27,4,4,3,50,0,1,3,35,2,9,0,5,0,33,10,224,2,68,2,5,1,17,1,22,12,632,22,328,33,525,56,829,14,236,0,0,2,1,1,13,3,87,1,56,0,11,1,23,0,4,1,1,6,18,3,0,0,0,0,0,1,2,2,3,2,0,1,1,1,0,0,0,0,0,0,3,0,1,17,53,23,155,2,63,4,16,0,3,12,92,2,34,0,4,0,0,0,10,10,121,1,21,0,10,7,9,153,96,68,350,1,22,1,2,0,1,0,9,2,3,3,9,4,7
1287,16,4177,166,0,133,566,27,2266,43,535,1,68,3,128,42,3,0,122,91,9,15,24,2,196,1,421,1,194,1,180,0,620,15,0,0,16,42,3,5,6,5,2,0,6,0,7,0,4,0,3,2,19,0,69,2,2,0,7,0,113,6,20,0,56,0,60,1,52,0,22,6,9,2,362,25,729,45,116,18,0,0,20,0,264,0,86,0,288,2,0,0,24,1,1,2,0,1,8,1,1,1,0,0,0,1,1,4,1,1,0,0,2,0,0,0,0,0,0,0,0,0,0,1,66,7,66,17,14,10,10,2,3,0,43,8,16,1,2,1,2,0,3,0,29,10,1,1,1,1,0,0,0,10,54,97,3,0,2,1,0,0,1,0,1,0,1,1,1,1
89,1863,250,5470,133,0,56,997,59,2921,0,576,17,65,145,792,6,36,185,316,17,29,4,45,2,136,1,715,0,249,0,171,42,578,0,0,64,317,0,25,3,39,0,8,0,35,0,10,8,97,1,2,2,80,4,52,0,4,1,45,17,227,4,57,1,15,4,133,1,48,6,254,45,100,22,705,61,1032,20,281,0,0,1,18,2,93,1,107,8,202,0,9,1,58,2,1,0,2,4,19,1,0,0,1,0,0,2,2,1,1,1,0,4,0,0,0,0,0,0,1,0,0,0,1,6,86,33,196,9,80,9,22,0,4,18,103,4,31,0,9,0,0,3,23,9,144,2,36,1,14,4,2,33,22,70,188,0,19,1,4,0,0,0,4,1,6,2,11,9,6
723,27,481,34,566,56,0,24,1058,3,14,0,834,3,183,38,0,0,22,2,0,0,0,0,0,0,0,0,0,0,1,0,831,6,0,0,28,16,2,0,1,1,0,0,0,0,2,0,3,0,0,1,9,0,32,0,2,0,1,1,226,1,8,2,16,0,88,2,10,0,28,7,21,1,33,7,78,11,16,6,0,0,17,0,125,1,1,1,62,2,0,0,0,0,0,1,0,1,1,0,0,0,0,0,0,0,0,0,0,0,1,0,0,0,0,0,0,0,0,0,0,0,0,0,3,0,18,9,7,2,4,0,1,0,10,4,2,0,1,0,1,0,3,3,7,5,2,0,0,2,0,0,0,0,15,16,0,0,0,0,0,0,0,1,0,0,1,0,0,0
30,1125,75,398,27,997,24,0,10,1560,1,23,9,750,52,545,0,1,8,28,0,0,0,0,0,0,0,1,0,4,0,3,13,993,0,0,9,139,1,12,3,4,1,0,0,0,1,3,4,21,0,2,0,11,2,13,1,0,0,3,10,105,3,10,1,5,2,149,0,19,8,76,14,51,7,135,14,226,8,103,0,0,1,7,2,71,0,1,0,78,0,0,0,4,0,0,0,0,0,1,0,0,0,0,0,0,1,1,0,1,0,2,0,0,0,0,0,0,0,1,0,0,0,2,3,5,14,55,2,31,0,10,0,1,6,11,1,5,0,2,0,1,1,2,3,31,0,7,2,5,0,0,0,1,35,61,0,2,0,0,0,1,0,1,0,3,0,0,1,0
224,6,763,49,2266,59,1058,10,0,14,1056,0,156,0,177,20,0,0,160,17,2,0,0,0,3,1,17,0,28,0,76,0,1345,3,0,0,34,15,2,0,0,0,1,0,0,0,0,0,1,0,3,0,7,0,17,1,2,0,2,0,63,2,12,2,11,0,54,0,6,0,18,1,9,1,117,6,303,14,52,4,0,0,20,0,126,1,20,0,57,2,0,0,11,0,0,0,0,0,2,1,1,0,0,1,1,0,0,1,1,0,1,0,0,0,0,0,0,0,0,0,0,0,0,0,39,2,28,7,5,0,9,0,2,1,31,2,9,2,1,0,1,0,1,1,11,5,1,1,1,0,0,0,0,0,24,35,0,0,0,0,1,0,3,0,0,0,1,0,1,0
9,224,56,543,43,2921,3,1560,14,0,1,896,2,127,32,418,0,0,27,77,0,1,0,0,0,3,0,9,0,38,0,25,10,1178,0,0,14,120,0,6,2,18,0,2,0,0,1,3,1,16,0,4,1,16,1,8,0,3,0,10,6,82,1,23,1,4,1,101,0,16,7,73,2,35,5,280,13,384,3,109,0,0,0,18,0,70,0,16,1,92,0,3,0,12,0,0,0,0,1,1,0,0,0,0,0,0,0,1,0,2,0,0,1,0,0,0,0,0,0,0,0,0,0,0,4,30,2,53,2,21,2,2,0,0,0,58,0,11,0,1,1,1,1,4,5,47,0,7,0,4,0,0,2,3,21,78,0,0,0,1,0,0,0,2,0,2,3,3,5,1
6,0,108,2,535,0,14,1,1056,1,0,0,2,0,4,0,2,0,14,1,5,0,9,0,65,0,125,0,685,0,453,0,751,0,0,0,3,1,0,0,5,0,0,0,1,0,0,0,0,0,0,0,0,0,1,0,1,0,5,0,2,0,1,0,0,0,0,0,1,0,1,0,0,0,18,1,238,1,20,0,0,0,0,0,3,0,98,0,5,0,2,0,11,0,0,0,0,0,0,0,0,0,0,0,0,0,0,0,0,0,0,0,0,0,0,0,0,0,0,0,0,0,0,0,2,0,1,1,0,0,0,0,0,0,0,0,0,0,0,0,0,0,1,0,0,0,0,0,0,0,0,0,0,1,0,2,0,0,0,0,0,0,0,0,0,0,0,0,0,0
2,5,1,101,1,576,0,23,0,896,0,0,0,7,1,6,0,9,1,7,3,6,0,11,0,49,0,296,0,1114,0,213,0,584,0,0,0,7,0,0,1,45,0,0,0,13,0,0,0,1,0,2,0,0,0,3,0,7,0,56,0,4,1,1,0,0,0,1,0,0,1,4,0,1,0,54,0,383,1,36,0,0,0,0,1,6,0,117,0,50,0,8,0,61,0,0,0,0,0,0,0,0,0,0,0,0,0,0,0,0,1,0,0,0,0,0,0,0,0,0,0,0,0,0,0,7,0,8,0,3,0,0,0,1,0,11,0,1,0,3,0,0,0,4,0,10,0,1,0,0,0,0,1,0,1,4,0,6,0,1,0,0,0,1,0,2,0,1,1,1
241,17,130,2,68,17,834,9,156,2,2,0,0,1,61,5,0,0,9,0,0,0,0,0,0,0,0,0,0,0,0,0,760,12,0,0,24,6,17,0,3,1,1,0,0,1,9,0,14,1,6,0,24,0,65,0,4,0,2,0,903,6,15,10,29,0,132,2,11,0,57,8,38,2,25,2,95,5,17,3,0,0,435,2,319,5,4,0,42,3,0,0,3,0,1,0,0,1,0,1,0,1,2,0,0,0,0,0,0,0,2,2,0,0,0,0,0,0,0,0,0,0,0,0,0,0,15,0,12,3,8,0,0,0,2,0,0,0,0,0,0,0,1,0,4,2,0,0,2,1,0,0,0,0,2,4,0,0,1,0,0,1,0,0,0,0,0,0,0,0
10,536,1,43,3,65,3,750,0,127,0,7,1,0,1,41,0,0,1,4,0,0,0,0,0,0,0,2,0,2,0,1,6,1003,0,0,8,44,2,16,5,10,1,0,0,0,11,46,15,73,1,37,8,32,7,28,0,12,0,12,17,434,6,30,8,4,4,543,0,18,34,97,3,18,2,23,15,157,11,58,0,0,6,375,22,901,0,7,19,42,0,0,0,10,1,3,0,0,1,2,0,0,0,2,0,1,0,0,0,0,0,0,0,0,0,4,0,0,0,0,0,0,0,0,0,0,3,16,13,15,0,2,0,0,3,2,0,1,0,0,1,0,0,2,5,7,0,1,4,5,0,0,0,0,3,7,0,0,0,0,0,0,0,2,0,1,1,2,0,2
732,142,941,128,128,145,183,52,177,32,4,1,61,1,0,172,0,0,1208,25,0,0,0,0,0,1,0,1,1,3,1,1,175,18,0,0,1571,119,9,1,3,2,1,0,0,1,7,0,20,2,1,0,27,2,32,0,0,0,0,0,129,27,61,1,19,0,11,4,11,2,480,30,1266,41,106,21,208,42,81,22,0,0,5,0,7,3,0,0,12,1,0,0,2,0,2,1,0,1,6,4,1,0,0,1,0,0,1,0,1,0,2,1,1,0,0,0,0,0,0,0,0,0,0,1,59,2,170,21,36,13,25,2,6,1,57,7,14,2,0,0,1,0,14,3,49,15,5,3,9,3,0,0,1,2,208,48,0,0,0,1,1,1,3,1,0,1,2,4,4,1
144,1474,128,3289,42,792,38,545,20,418,0,6,5,41,172,0,1,0,27,1032,0,1,0,0,0,0,0,0,0,5,0,3,26,155,0,0,114,2492,1,45,2,11,0,0,0,1,1,5,5,4,0,3,4,2,2,7,0,0,0,1,32,291,6,10,4,2,1,26,0,3,33,545,127,2239,19,124,35,400,20,281,0,0,0,3,3,15,0,0,2,9,0,0,0,1,2,1,0,4,5,25,2,1,0,0,0,0,3,1,4,6,4,3,7,2,0,0,0,0,0,0,0,1,0,4,11,32,34,244,7,118,8,24,1,3,7,63,2,25,0,10,1,2,2,21,14,104,1,35,0,27,1,0,0,0,37,114,2,2,0,2,0,3,0,5,0,9,1,13,7,7
0,0,6,16,3,6,0,0,0,0,2,0,0,0,0,1,0,79,19,19,436,89,462,43,107,1,10,1,35,1,0,0,47,2,0,0,15,0,0,0,28,3,5,0,23,6,0,0,0,0,0,0,0,0,0,0,1,0,1,1,0,0,0,0,0,0,0,0,0,0,0,0,0,0,30,67,60,8,0,0,0,0,0,0,0,0,39,6,3,0,2,2,6,3,0,0,0,0,0,0,0,0,0,0,0,0,0,0,0,0,0,0,0,0,0,0,0,0,0,0,0,6,0,0,0,0,0,0,0,0,0,0,0,0,0,0,0,0,0,0,0,0,0,0,0,0,0,0,0,0,110,8,73,11,54,5,431,27,0,0,0,0,0,0,0,0,0,0,0,0
0,0,20,38,0,36,0,1,0,0,0,9,0,0,0,0,79,0,26,19,19,378,89,841,1,88,0,14,0,47,0,7,0,156,0,0,4,0,0,0,2,24,0,1,0,47,0,0,0,0,0,0,0,0,0,1,0,2,0,7,0,0,0,0,0,0,0,0,0,0,0,0,0,0,140,68,0,100,0,2,0,0,0,0,0,0,0,23,0,3,0,2,0,4,0,0,0,0,0,0,0,0,0,0,0,0,0,0,0,0,0,0,0,0,0,0,0,0,0,0,0,0,0,0,1,0,0,1,0,0,0,0,0,0,1,2,0,0,0,0,0,0,0,0,0,0,0,0,0,0,6,262,12,33,1,114,7,207,0,0,0,0,0,0,0,0,0,0,0,0
8,3,1374,389,122,185,22,8,160,27,14,1,9,1,1208,27,19,26,0,347,432,157,74,30,23,5,2,0,18,5,1,3,164,23,0,0,187,83,5,0,4,1,0,1,3,0,3,0,2,1,2,0,1,0,3,0,1,1,3,5,8,1,0,1,1,0,0,0,1,0,4,1,4,1,210,58,269,58,35,12,0,0,4,1,12,1,33,5,10,2,0,0,3,1,0,0,0,0,5,2,0,0,0,0,0,0,0,0,1,0,0,0,0,0,0,0,0,0,0,0,0,0,1,0,31,2,24,7,6,2,3,0,1,0,18,3,5,0,1,2,0,0,5,1,10,4,0,0,1,0,7,20,189,164,490,145,7,5,0,0,0,0,0,0,0,0,0,0,0,0
1,8,150,1925,91,316,2,28,17,77,1,7,0,4,25,1032,19,19,347,0,67,639,13,86,4,20,0,3,0,16,0,2,15,76,0,0,13,788,1,25,2,6,0,0,1,3,0,0,0,0,0,0,0,0,0,0,0,1,0,10,0,5,0,1,0,0,0,0,0,0,2,11,0,3,28,137,22,159,2,47,0,0,0,0,1,2,3,11,0,3,0,0,0,7,0,0,0,0,0,2,0,0,0,0,0,0,0,0,1,0,1,0,2,0,0,0,0,0,0,1,0,1,0,0,7,14,4,14,2,9,0,1,0,1,1,18,2,2,0,1,0,0,0,0,4,27,0,3,0,2,13,69,194,793,68,539,4,10,0,0,0,0,0,2,0,1,1,0,0,1
0,0,51,58,9,17,0,0,2,0,5,3,0,0,0,0,436,19,432,67,0,107,547,17,93,3,17,0,52,0,1,0,55,1,0,0,2,1,1,0,0,0,0,0,1,0,0,0,0,0,1,0,0,0,0,0,0,0,0,0,0,0,0,0,0,0,0,0,0,0,0,0,1,0,62,28,54,4,1,0,0,0,0,0,1,0,16,1,1,0,1,0,4,0,0,0,0,0,0,0,0,0,0,0,0,0,0,0,0,0,0,0,0,0,0,0,0,0,0,0,0,0,0,0,0,0,1,0,0,0,0,0,0,0,0,0,0,0,0,0,0,0,0,0,1,0,0,0,0,0,143,23,342,27,21,17,129,7,0,0,0,0,0,0,0,0,0,0,0,0
0,0,67,159,15,29,0,0,0,1,0,6,0,0,0,1,89,378,157,639,107,0,51,846,9,130,1,14,1,50,0,1,2,30,0,0,0,16,0,2,1,2,0,4,0,8,0,0,0,0,0,0,0,0,0,0,0,0,0,3,0,0,0,0,0,0,0,0,0,0,0,0,0,0,87,141,13,36,0,0,0,0,0,0,0,0,2,21,0,2,0,3,0,3,0,0,0,0,0,0,0,0,0,0,0,0,0,0,0,0,0,0,0,0,0,0,0,0,0,0,0,0,0,0,0,1,1,0,0,0,0,0,0,0,0,5,0,1,0,0,0,0,0,0,0,0,0,0,0,0,21,594,110,261,9,237,2,36,0,0,0,0,0,0,0,0,0,0,0,0
0,0,37,21,24,4,0,0,0,0,9,0,0,0,0,0,462,89,74,13,547,51,0,610,589,2,35,0,150,1,0,0,101,0,0,0,3,0,0,0,4,14,0,0,11,0,0,0,0,0,0,0,0,0,0,0,0,0,1,0,0,0,0,0,0,0,0,0,0,0,0,0,0,0,67,9,69,1,0,0,0,0,0,0,1,0,34,1,6,0,1,0,4,0,0,0,0,0,0,0,0,0,0,0,0,0,0,0,0,0,0,0,0,0,0,0,0,0,0,0,0,0,0,0,0,0,0,0,0,0,0,0,0,0,0,0,0,0,0,0,0,0,0,0,1,0,0,0,0,0,98,6,47,9,17,4,143,2,0,0,0,0,0,0,0,0,0,0,0,0
0,0,11,63,2,45,0,0,0,0,0,11,0,0,0,0,43,841,30,86,17,846,610,0,1,614,0,61,1,135,0,6,0,78,0,0,0,2,0,0,0,3,0,3,0,23,0,0,0,0,0,0,0,0,0,0,0,0,0,4,0,0,0,0,0,0,0,0,0,0,0,0,0,0,22,117,2,47,0,3,0,0,0,0,0,0,0,34,0,1,0,0,0,2,0,0,0,0,0,0,0,0,0,0,0,0,0,0,0,0,0,0,0,0,0,0,0,0,0,0,0,0,0,0,0,1,0,0,0,0,0,0,0,0,0,1,0,0,0,0,0,0,0,0,0,0,0,0,0,0,7,159,22,76,0,70,3,181,0,0,0,0,0,0,0,0,0,0,0,0
0,0,132,4,196,2,0,0,3,0,65,0,0,0,0,0,107,1,23,4,93,9,589,1,0,0,374,0,319,0,5,0,156,0,0,0,0,1,0,0,2,0,0,0,5,0,0,0,0,0,0,0,0,0,0,0,0,0,1,0,0,0,0,0,0,0,0,0,0,0,0,0,0,0,25,6,64,0,2,0,0,0,0,0,1,0,24,0,1,0,0,0,4,0,0,0,0,0,0,0,0,0,0,0,0,0,0,0,0,0,0,0,0,0,0,0,0,0,0,0,0,0,0,0,0,0,0,0,0,0,0,0,0,0,0,0,0,0,0,0,0,0,0,0,0,0,0,0,0,0,1,1,5,2,1,2,63,1,0,0,0,0,0,0,0,0,0,0,0,0
0,0,3,55,1,136,0,0,1,3,0,49,0,0,1,0,1,88,5,20,3,130,2,614,0,0,0,572,0,329,0,24,0,247,0,0,0,0,0,0,0,0,0,4,0,8,0,0,0,0,0,0,0,0,0,0,0,0,0,3,0,0,0,0,0,0,0,0,0,0,0,0,0,0,7,27,0,16,0,0,0,0,0,0,0,0,0,47,0,0,0,1,0,1,0,0,0,0,0,0,0,0,0,0,0,0,0,0,0,0,0,0,0,0,0,0,0,0,0,0,0,0,0,0,0,1,0,0,0,0,0,0,0,0,0,1,0,0,0,0,0,0,0,0,0,0,0,0,0,0,0,1,8,4,0,1,0,55,0,0,0,0,0,0,0,0,0,0,0,0
0,0,241,0,421,1,0,0,17,0,125,0,0,0,0,0,10,0,2,0,17,1,35,0,374,0,0,0,172,0,66,0,61,0,0,0,0,0,0,0,2,0,0,0,5,0,0,0,0,0,0,0,0,0,0,0,0,0,1,0,0,0,0,0,0,0,0,0,0,0,0,0,0,0,8,0,29,0,0,0,0,0,0,0,0,0,14,0,2,0,1,0,2,0,0,0,0,0,0,0,0,0,0,0,0,0,0,0,0,0,0,0,0,0,0,0,0,0,0,0,0,0,0,0,0,0,0,0,0,0,0,0,0,0,0,0,0,0,0,0,0,0,0,0,0,0,0,0,0,0,0,0,0,0,0,0,1,0,0,0,0,0,0,0,0,0,0,0,0,0
0,0,1,57,1,715,0,1,0,9,0,296,0,2,1,0,1,14,0,3,0,14,0,61,0,572,0,0,0,326,0,158,0,147,0,0,0,0,0,0,0,5,0,4,0,8,0,0,0,0,0,0,0,0,0,0,0,0,0,5,0,0,0,0,0,0,0,0,0,0,0,0,0,0,1,11,0,36,0,1,0,0,0,0,0,0,0,45,0,1,0,6,0,3,0,0,0,0,0,0,0,0,0,0,0,0,0,0,0,0,0,0,0,0,0,0,0,0,0,0,0,0,0,0,0,1,0,0,0,0,0,0,0,0,0,0,0,0,0,0,0,0,0,0,0,0,0,0,0,0,0,0,1,3,0,0,0,10,0,0,0,0,0,0,0,0,0,0,0,0
2,0,130,2,194,0,0,0,28,0,685,0,0,0,1,0,35,0,18,0,52,1,150,1,319,0,172,0,0,0,88,0,534,1,0,0,0,1,0,0,1,0,0,0,11,0,0,0,0,0,0,0,0,0,1,0,0,0,1,0,2,0,0,1,0,0,0,0,0,0,0,0,0,0,11,1,169,0,4,0,0,0,0,0,5,0,167,0,11,0,2,0,8,0,0,0,0,0,1,0,0,0,0,0,0,0,0,0,0,0,0,0,0,0,0,0,0,0,0,0,0,0,0,0,0,1,0,0,0,0,0,0,0,0,0,0,0,0,0,0,0,0,0,0,0,0,0,0,0,0,1,0,5,0,0,0,25,0,0,0,0,0,0,0,0,0,0,0,0,0
0,4,5,157,1,249,0,4,0,38,0,1114,0,2,3,5,1,47,5,16,0,50,1,135,0,329,0,326,0,0,0,115,0,870,0,0,0,2,0,1,0,28,0,5,0,8,0,0,0,0,0,0,0,0,0,0,0,0,0,15,0,0,0,0,0,0,0,0,0,0,0,1,0,1,1,27,0,175,1,12,0,0,0,0,0,2,0,86,0,15,0,7,1,17,0,0,0,0,0,0,0,0,0,0,0,0,0,0,1,0,0,0,0,0,0,0,0,0,0,0,0,0,0,0,0,3,0,0,0,1,0,0,0,0,0,3,0,0,0,1,0,0,0,0,0,0,0,1,0,0,0,0,4,1,0,1,0,31,0,0,0,0,0,2,0,0,0,0,0,0
2,0,14,0,180,0,1,0,76,0,453,0,0,0,1,0,0,0,1,0,1,0,0,0,5,0,66,0,88,0,0,0,123,0,0,0,0,0,0,0,1,0,0,0,2,0,0,0,1,0,0,0,0,0,0,0,0,0,0,0,0,0,0,0,0,0,0,0,0,0,0,0,0,0,7,0,135,0,5,0,0,0,0,0,3,0,32,0,8,0,1,0,4,0,0,0,0,0,0,0,0,0,0,0,0,0,0,0,0,0,0,0,0,0,0,0,0,0,0,0,0,0,0,0,0,0,1,0,0,0,0,0,0,0,0,0,0,0,0,0,0,0,1,0,0,0,0,0,0,0,0,0,0,0,0,0,0,0,0,0,0,0,0,0,0,0,0,0,0,0
0,0,1,23,0,171,0,3,0,25,0,213,0,1,1,3,0,7,3,2,0,1,0,6,0,24,0,158,0,115,0,0,0,67,0,0,0,0,0,0,0,1,0,1,0,5,1,0,0,0,0,0,0,0,0,0,0,0,0,5,0,1,0,0,0,0,0,0,0,0,0,0,0,0,0,14,0,81,0,5,0,0,0,0,0,1,0,31,0,5,0,6,0,13,0,0,0,0,0,0,0,0,0,0,0,0,0,0,0,0,0,0,0,0,0,0,0,0,0,0,0,0,0,0,0,0,0,1,0,0,0,0,0,0,0,3,0,0,0,1,0,0,0,0,0,1,0,0,0,0,0,0,0,0,0,0,0,1,0,0,0,0,0,0,0,0,0,0,0,0
238,14,837,39,620,42,831,13,1345,10,751,0,760,6,175,26,47,0,164,15,55,2,101,0,156,0,61,0,534,0,123,0,0,13,0,0,44,17,21,2,70,1,8,0,9,0,56,2,36,2,51,1,54,4,126,0,65,1,71,1,525,1,45,2,40,0,90,4,18,3,64,19,21,0,83,3,572,18,40,12,0,0,123,3,236,15,112,0,250,5,1,0,49,2,1,0,1,1,3,1,1,1,4,0,0,0,0,0,1,0,2,0,0,0,0,0,0,0,0,0,2,0,2,0,12,1,21,8,16,9,1,0,0,0,6,3,3,0,15,0,5,1,4,2,44,4,3,1,3,0,0,0,8,3,16,22,16,0,0,1,0,0,1,1,0,0,0,0,2,1
12,233,30,370,15,578,6,993,3,1178,0,584,12,1003,18,155,2,156,23,76,1,30,0,78,0,247,0,147,1,870,0,67,13,0,0,0,15,134,15,40,8,449,2,34,0,28,31,124,30,136,3,152,7,90,9,76,1,86,0,227,17,288,19,110,22,9,12,177,8,41,70,350,7,24,9,135,40,1420,19,108,0,0,15,292,47,794,0,199,28,345,0,12,4,236,0,3,0,0,3,9,0,1,0,1,0,0,0,0,0,0,3,3,0,0,0,14,0,0,0,0,0,3,0,9,1,17,4,55,21,116,2,3,0,0,5,23,1,3,0,51,0,17,1,18,2,94,0,22,0,34,0,1,6,2,16,34,1,17,0,0,0,1,2,3,0,0,0,0,1,1
0,0,0,0,0,0,0,0,0,0,0,0,0,0,0,0,0,0,0,0,0,0,0,0,0,0,0,0,0,0,0,0,0,0,0,0,0,0,0,0,0,0,0,0,0,0,0,0,0,0,0,0,0,0,0,0,0,0,0,0,0,0,0,0,0,0,0,0,0,0,0,0,0,0,0,0,0,0,0,0,0,0,0,0,0,0,0,0,0,0,0,0,0,0,0,0,0,0,0,0,0,0,0,0,0,0,0,0,0,0,0,0,0,0,0,0,0,0,0,0,0,0,0,0,0,0,0,0,0,0,0,0,0,0,0,0,0,0,0,0,0,0,0,0,0,0,0,0,0,0,0,0,0,0,0,0,0,0,0,0,0,0,0,0,0,0,0,0,0,0
0,0,0,0,0,0,0,0,0,0,0,0,0,0,0,0,0,0,0,0,0,0,0,0,0,0,0,0,0,0,0,0,0,0,0,0,0,0,0,0,0,0,0,0,0,0,0,0,0,0,0,0,0,0,0,0,0,0,0,0,0,0,0,0,0,0,0,0,0,0,0,0,0,0,0,0,0,0,0,0,0,0,0,0,0,0,0,0,0,0,0,0,0,0,0,0,0,0,0,0,0,0,0,0,0,0,0,0,0,0,0,0,0,0,0,0,0,0,0,0,0,0,0,0,0,0,0,0,0,0,0,0,0,0,0,0,0,0,0,0,0,0,0,0,0,0,0,0,0,0,0,0,0,0,0,0,0,0,0,0,0,0,0,0,0,0,0,0,0,0
131,110,108,54,16,64,28,9,34,14,3,0,24,8,1571,114,15,4,187,13,2,0,3,0,0,0,0,0,0,0,0,0,44,15,0,0,0,277,690,3,3,3,2,0,1,0,112,0,86,2,14,0,16,0,8,0,1,0,0,0,119,96,54,5,33,1,24,14,4,1,2305,75,835,74,103,15,58,22,22,31,0,0,8,2,21,5,2,0,10,2,0,0,0,0,0,3,0,0,7,2,0,1,0,0,0,0,0,2,2,1,4,5,1,1,0,0,0,0,0,0,0,0,0,0,8,0,38,15,56,34,9,6,0,1,10,4,1,3,1,0,1,0,6,0,13,9,1,2,5,1,6,0,70,1,1048,34,10,0,1,0,2,0,0,0,2,1,3,0,0,0
88,536,105,370,42,317,16,139,15,120,1,7,6,44,119,2492,0,0,83,788,1,16,0,2,1,0,0,0,1,2,0,0,17,134,0,0,277,0,12,666,1,22,0,3,0,3,1,20,5,15,0,8,4,7,3,3,0,0,0,4,49,297,16,31,14,13,15,55,1,8,127,1940,145,372,27,167,23,241,12,174,0,0,0,16,9,31,0,3,4,11,0,0,0,3,0,1,0,1,6,12,0,0,0,0,0,0,1,1,2,2,6,3,0,1,0,0,0,0,0,0,0,0,0,4,8,15,15,143,14,115,3,25,0,1,8,28,4,15,0,1,0,3,2,13,6,76,3,24,0,14,1,2,17,92,85,731,1,0,0,1,0,0,0,0,1,2,0,8,5,6
18,2,2,1,3,0,2,1,2,0,0,0,17,2,9,1,0,0,5,1,1,0,0,0,0,0,0,0,0,0,0,0,21,15,0,0,690,12,0,69,26,5,3,0,0,0,363,73,236,18,26,4,90,7,50,7,7,4,2,2,3,1,18,0,46,1,33,7,27,0,1157,37,2,1,23,2,37,11,16,3,0,0,13,6,94,19,2,0,121,8,0,0,13,7,1,0,0,1,4,1,0,1,0,0,0,0,0,0,0,1,2,4,1,1,0,0,0,0,0,0,0,0,0,0,1,0,6,0,51,4,3,0,0,0,1,0,0,0,0,0,1,0,4,1,16,3,2,1,14,0,0,0,1,0,52,0,0,0,0,0,2,0,1,0,0,0,0,0,2,0
2,6,6,21,5,25,0,12,0,6,0,0,0,16,1,45,0,0,0,25,0,2,0,0,0,0,0,0,0,1,0,0,2,40,0,0,3,666,69,0,3,7,0,0,0,0,196,290,104,81,11,14,72,28,52,12,8,6,4,1,1,5,1,4,1,3,6,18,2,26,93,905,0,2,0,5,9,37,3,11,0,0,2,11,13,53,0,5,33,64,1,0,11,22,0,0,0,1,0,2,1,0,0,0,0,0,0,0,0,0,0,0,0,0,0,0,0,0,0,0,0,0,0,1,0,2,1,9,3,11,0,1,0,0,1,2,0,0,0,2,1,0,0,2,2,9,0,0,0,6,0,0,0,1,2,8,0,0,0,0,0,0,0,0,0,0,1,0,1,0
34,2,12,2,6,3,1,3,0,2,5,1,3,5,3,2,28,2,4,2,0,1,4,0,2,0,2,0,1,0,1,0,70,8,0,0,3,1,26,3,0,13,2100,3,267,7,62,55,21,5,596,9,10,5,28,2,51,2,714,5,65,3,31,2,12,1,13,3,4,0,154,49,8,0,40,4,1153,17,937,8,0,0,1,2,147,6,437,11,257,11,165,1,945,9,2,1,2,1,32,7,7,0,7,1,1,0,7,10,9,4,13,5,1,0,1,1,0,0,0,0,16,2,12,0,18,0,39,0,85,4,6,0,7,0,15,0,0,0,511,0,41,2,49,1,431,7,2,0,30,1,0,1,0,1,1,1,85,8,1,1,6,0,191,0,6,2,5,7,1,8
3,18,1,32,5,39,1,4,0,18,0,45,1,10,2,11,3,24,1,6,0,2,14,3,0,0,0,5,0,28,0,1,1,449,0,0,3,22,5,7,13,0,2,1950,1,323,18,248,8,26,8,598,1,9,6,12,0,41,3,651,2,27,5,16,2,3,3,2,0,1,25,482,4,13,3,57,26,573,6,1223,0,0,2,14,4,244,5,513,9,777,1,308,11,452,3,3,0,1,1,8,2,1,1,1,1,2,3,1,2,6,4,9,1,0,5,4,0,0,0,1,0,10,0,26,0,36,1,50,3,105,0,6,0,1,1,14,0,6,0,221,0,34,0,51,2,325,1,27,0,27,0,0,1,0,0,4,8,70,1,5,1,1,0,66,0,6,1,0,2,2
4,3,6,1,2,0,0,1,1,0,0,0,1,1,1,0,5,0,0,0,0,0,0,0,0,0,0,0,0,0,0,0,8,2,0,0,2,0,3,0,2100,2,0,20,373,0,77,8,15,0,641,0,8,0,11,0,18,1,820,0,5,1,4,2,2,0,0,0,1,0,38,5,3,0,3,0,36,12,44,42,0,0,1,0,16,1,139,0,24,0,16,0,45,0,35,8,15,12,16,6,48,2,30,5,21,5,71,19,35,10,22,14,0,0,2,1,0,1,0,2,1,0,1,0,1,0,2,0,10,5,0,0,0,0,2,0,1,0,5,1,3,0,1,0,23,0,0,0,3,0,0,0,0,0,0,0,3,0,27,3,1,0,23,1,1,0,1,0,1,2
2,1,0,4,0,8,0,0,0,2,0,0,0,0,0,0,0,1,1,0,0,4,0,3,0,4,0,4,0,5,0,1,0,34,0,0,0,3,0,0,3,1950,20,0,0,995,2,30,4,1,1,537,0,0,2,1,0,10,0,1000,1,0,0,2,0,0,2,0,0,0,3,45,0,1,0,2,2,30,1,16,0,0,0,0,3,8,0,536,0,16,0,474,1,49,10,50,3,37,6,160,11,35,10,31,7,12,20,56,14,21,11,31,0,1,10,1,0,0,1,1,0,0,0,1,0,1,0,2,1,20,0,0,0,0,0,1,0,0,0,19,0,4,0,1,1,10,0,2,0,2,0,0,0,0,0,0,0,7,0,0,0,1,0,2,0,0,0,0,1,7
0,0,9,0,6,0,0,0,0,0,1,0,0,0,0,0,23,0,3,1,1,0,11,0,5,0,5,0,11,0,2,0,9,0,0,0,1,0,0,0,267,1,373,0,0,3,0,0,0,0,0,0,0,0,0,0,0,0,3,0,0,0,0,0,1,0,0,0,0,0,0,0,0,0,7,0,151,3,57,0,0,0,0,0,5,0,231,0,19,0,30,0,39,1,0,0,0,0,3,1,0,0,0,0,0,0,1,0,1,2,0,1,1,0,0,0,0,1,0,0,0,0,0,0,8,0,3,0,4,0,0,0,2,0,2,0,0,0,8,0,1,0,0,0,0,0,0,0,0,0,0,0,0,0,0,0,102,2,0,0,0,0,17,0,0,0,0,1,1,0
0,2,0,27,0,35,0,0,0,0,0,13,1,0,1,1,6,47,0,3,0,8,0,23,0,8,0,8,0,8,0,5,0,28,0,0,0,3,0,0,7,323,0,995,3,0,0,0,0,0,0,1,0,0,0,1,0,1,3,113,0,0,1,0,0,0,0,0,0,0,0,1,0,0,1,23,26,211,2,55,0,0,0,0,0,4,0,1155,3,51,1,259,4,93,0,0,0,1,0,0,0,0,0,0,0,0,0,0,0,2,0,1,2,0,0,0,0,0,0,0,0,2,0,0,0,17,0,3,1,3,0,1,0,3,0,13,0,3,0,29,0,1,0,2,1,20,0,1,0,0,0,0,0,3,0,0,11,359,0,0,0,0,0,18,1,5,0,3,2,3
7,5,6,4,7,0,2,1,0,1,0,0,9,11,7,1,0,0,3,0,0,0,0,0,0,0,0,0,0,0,0,1,56,31,0,0,112,1,363,196,62,18,77,2,0,0,0,3363,4490,612,4006,1714,2393,212,1477,127,605,74,228,50,5,2,3,1,7,0,4,1,9,5,1332,199,3,0,2,1,83,24,19,3,0,0,29,12,103,84,1,5,173,118,0,1,27,108,280,18,0,1,2,0,0,0,200,144,0,0,0,3,0,0,1,3,0,0,5,43,0,0,0,0,0,0,0,1,1,1,4,1,11,3,2,0,0,0,1,0,0,0,1,1,3,0,1,0,15,6,0,0,4,0,0,0,0,0,0,0,0,0,0,0,0,0,1,0,0,0,0,0,1,0
0,22,1,4,0,10,0,3,0,3,0,0,0,46,0,5,0,0,0,0,0,0,0,0,0,0,0,0,0,0,0,0,2,124,0,0,0,20,73,290,55,248,8,30,0,0,3363,0,995,2789,325,3241,56,1120,88,1258,11,1001,32,174,2,2,1,13,0,1,0,6,0,5,471,1476,0,0,0,3,11,45,1,9,0,0,1,31,8,290,0,4,16,588,0,0,6,277,1,31,0,0,0,0,0,0,1,60,0,0,1,0,0,0,0,0,0,0,23,72,0,0,0,0,0,0,0,2,0,1,1,3,0,7,0,0,0,1,0,0,0,0,0,1,0,2,0,4,9,28,0,2,0,2,0,0,0,0,0,0,0,0,0,0,0,0,0,0,0,0,0,0,0,0
43,14,32,3,4,8,3,4,1,1,0,0,14,15,20,5,0,0,2,0,0,0,0,0,0,0,0,0,0,0,1,0,36,30,0,0,86,5,236,104,21,8,15,4,0,0,4490,995,0,1428,356,74,2908,115,986,124,29,12,9,7,16,2,237,5,64,2,17,6,60,2,1861,81,39,4,15,1,59,17,31,11,0,0,36,9,60,53,0,1,129,76,0,0,9,42,2,0,0,1,1,3,0,0,0,0,0,2,2,1,1,0,3,1,0,0,0,1,0,0,0,0,0,0,0,0,1,0,9,2,30,5,1,1,0,0,5,1,0,0,0,0,0,0,0,0,8,3,0,0,3,0,0,0,0,0,1,0,0,0,0,0,0,0,0,0,0,0,0,0,0,0
2,88,1,50,0,97,0,21,0,16,0,1,1,73,2,4,0,0,1,0,0,0,0,0,0,0,0,0,0,0,0,0,2,136,0,0,2,15,18,81,5,26,0,1,0,0,612,2789,1428,0,22,286,26,2943,47,1890,9,156,3,24,2,33,2,204,1,20,0,38,1,169,50,1186,1,3,0,0,4,60,1,15,0,0,1,50,10,220,1,0,16,527,0,0,2,172,0,3,0,1,1,0,0,0,0,5,0,1,0,1,0,0,0,0,0,0,1,12,0,0,0,0,0,0,0,0,0,0,0,2,4,14,0,2,0,0,0,1,0,1,0,4,0,0,0,2,2,8,0,0,1,5,0,0,0,0,1,1,0,0,0,0,0,0,0,0,0,0,0,1,1,0
4,0,8,0,3,1,0,0,3,0,0,0,6,1,1,0,0,0,2,0,1,0,0,0,0,0,0,0,0,0,0,0,51,3,0,0,14,0,26,11,596,8,641,1,0,0,4006,325,356,22,0,90,347,5,1048,4,1084,9,2331,8,4,1,0,0,2,0,3,0,0,0,694,96,3,0,4,0,107,2,29,1,0,0,15,1,110,3,9,0,136,6,2,1,135,7,375,1,0,0,17,1,7,0,1003,1,0,0,0,0,0,0,5,1,0,2,1,34,0,0,0,0,0,0,0,0,0,0,4,0,13,0,2,0,0,0,0,0,0,0,10,0,5,0,8,0,23,19,0,0,7,0,0,0,0,0,0,0,1,1,0,0,1,0,0,0,0,0,1,0,0,0
1,11,1,1,2,2,1,2,0,4,0,2,0,37,0,3,0,0,0,0,0,0,0,0,0,0,0,0,0,0,0,0,1,152,0,0,0,8,4,14,9,598,0,537,0,1,1714,3241,74,286,90,0,1,116,3,340,0,1664,2,2581,1,5,0,3,0,0,0,2,0,2,32,648,1,1,0,6,1,85,1,31,0,0,0,24,0,382,1,23,3,265,0,0,1,161,0,187,0,0,1,29,0,1,0,918,0,0,1,1,2,2,1,0,0,19,79,256,0,0,0,0,0,0,0,0,0,3,0,11,0,115,0,5,0,1,1,5,0,1,0,10,0,17,0,26,6,105,0,23,0,13,0,0,0,0,0,0,0,2,0,0,0,0,0,0,0,1,1,3,36,0
60,4,56,3,19,2,9,0,7,1,0,0,24,8,27,4,0,0,1,0,0,0,0,0,0,0,0,0,0,0,0,0,54,7,0,0,16,4,90,72,10,1,8,0,0,0,2393,56,2908,26,347,1,0,12,5570,5,125,2,28,0,25,5,268,1,126,0,15,6,168,4,1343,34,25,0,6,1,103,12,48,9,0,0,58,6,88,17,3,0,312,27,0,0,18,15,11,1,0,1,6,2,0,0,8,1,0,1,1,4,0,2,2,1,0,0,0,0,0,0,0,0,0,0,0,0,1,0,11,4,35,1,2,0,0,0,2,0,0,0,0,0,1,0,5,0,13,0,3,0,8,0,0,0,0,0,1,1,1,0,0,0,0,0,1,0,0,1,1,0,1,0
5,82,0,35,0,80,0,11,0,16,0,0,0,32,2,2,0,0,0,0,0,0,0,0,0,0,0,0,0,0,0,0,4,90,0,0,0,7,7,28,5,9,0,0,0,0,212,1120,115,2943,5,116,12,0,27,4696,3,256,2,25,0,39,0,1237,1,39,1,33,1,299,22,918,3,0,0,3,2,56,2,14,0,0,1,27,5,188,0,1,5,687,0,0,0,184,0,1,0,0,0,1,1,0,0,11,0,0,0,0,0,0,1,0,0,0,0,8,0,0,0,0,0,0,0,0,0,0,0,3,3,6,0,2,0,1,0,1,0,0,0,1,0,0,0,0,2,4,0,1,2,0,0,0,0,0,0,0,0,0,0,0,0,0,0,0,0,1,0,0,0,0
223,6,137,2,69,4,32,2,17,1,1,0,65,7,32,2,0,0,3,0,0,0,0,0,0,0,0,0,1,0,0,0,126,9,0,0,8,3,50,52,28,6,11,2,0,0,1477,88,986,47,1048,3,5570,27,0,5,2842,3,702,2,76,0,643,1,750,0,32,4,1655,0,469,50,25,0,7,2,238,7,78,9,0,0,123,2,499,22,8,0,2901,38,0,0,219,22,116,0,0,2,2,0,2,2,38,0,0,1,1,4,4,1,3,5,0,0,0,0,0,1,0,1,1,0,0,0,2,0,16,0,25,1,2,0,0,0,7,0,0,0,1,1,5,0,5,0,22,1,0,0,9,0,0,0,0,0,1,2,0,0,2,0,1,0,0,0,0,0,0,1,1,0
0,148,0,9,2,52,0,13,1,8,0,3,0,28,0,7,0,1,0,0,0,0,0,0,0,0,0,0,0,0,0,0,0,76,0,0,0,3,7,12,2,12,0,1,0,1,127,1258,124,1890,4,340,5,4696,5,0,4,1748,1,147,1,78,0,489,0,51,0,32,0,928,21,419,0,0,1,2,0,42,0,13,0,0,0,19,1,240,0,4,5,2871,0,1,0,574,0,3,2,0,0,0,0,0,0,7,0,0,0,0,0,0,1,0,0,0,1,8,0,0,0,0,0,0,0,0,0,0,0,6,3,8,1,1,0,0,0,0,0,0,0,0,0,0,0,0,0,2,0,2,1,3,0,0,0,0,0,1,0,0,0,0,0,0,0,0,0,0,0,0,0,0
10,0,3,0,2,0,2,1,2,0,1,0,4,0,0,0,1,0,1,0,0,0,0,0,0,0,0,0,0,0,0,0,65,1,0,0,1,0,7,8,51,0,18,0,0,0,605,11,29,9,1084,0,125,3,2842,4,0,0,3193,1,8,0,3,0,4,0,6,2,4,1,39,10,1,0,2,0,92,1,16,0,0,0,25,0,217,6,5,0,519,10,0,0,643,4,439,0,0,0,3,0,0,0,16,0,0,0,0,1,1,0,2,0,0,0,0,0,0,0,0,0,0,0,2,0,0,1,1,0,5,0,0,0,0,0,2,0,0,0,4,1,2,1,3,0,15,0,1,0,2,0,0,0,0,0,0,1,1,0,0,0,0,0,0,0,0,0,0,0,0,0
0,5,0,5,0,4,0,0,0,3,0,7,0,12,0,0,0,2,1,1,0,0,0,0,0,0,0,0,0,0,0,0,1,86,0,0,0,0,4,6,2,41,1,10,0,1,74,1001,12,156,9,1664,2,256,3,1748,0,0,0,1973,0,1,0,1,0,0,0,1,0,0,5,29,0,0,0,2,1,48,0,2,0,0,0,5,2,222,0,20,2,975,0,0,0,1485,0,159,0,0,0,0,0,0,0,40,0,0,0,0,0,0,0,0,0,0,2,14,0,0,0,0,0,1,0,1,0,0,0,0,0,0,0,0,0,0,0,1,0,0,0,7,0,1,0,2,0,3,0,0,0,0,0,0,0,0,0,0,1,1,0,0,0,0,0,0,0,0,0,0,0,0
7,1,3,0,7,1,1,0,2,0,5,0,2,0,0,0,1,0,3,0,0,0,1,0,1,0,1,0,1,0,0,0,71,0,0,0,0,0,2,4,714,3,820,0,3,3,228,32,9,3,2331,2,28,2,702,1,3193,0,0,0,7,0,1,0,1,0,2,0,1,0,48,21,2,0,3,0,216,2,55,2,0,0,13,0,208,1,262,0,402,3,435,1,3081,6,456,1,0,1,6,0,6,0,296,0,0,0,3,0,0,1,2,1,0,1,0,1,0,0,0,0,3,0,1,0,3,0,6,0,7,0,0,0,0,0,2,0,0,0,8,0,5,0,6,0,31,7,0,0,0,0,0,0,0,0,0,0,4,1,0,0,0,0,2,0,1,0,1,0,0,1
0,1,2,33,0,45,1,3,0,10,0,56,0,12,0,1,1,7,5,10,0,3,0,4,0,3,0,5,0,15,0,5,1,227,0,0,0,4,2,1,5,651,0,1000,0,113,50,174,7,24,8,2581,0,25,2,147,1,1973,0,0,0,1,0,0,0,0,1,2,0,0,5,44,0,1,0,9,13,149,2,10,0,0,1,3,0,284,0,444,3,994,2,1254,4,3317,0,131,0,0,1,1,0,0,0,492,0,0,0,0,0,1,0,0,0,0,1,46,0,0,0,0,0,0,0,0,0,5,0,2,0,3,0,0,0,0,0,3,0,0,0,12,0,4,0,2,0,18,0,1,0,1,0,1,1,0,0,4,7,29,0,0,0,0,0,0,0,0,0,0,0,0
5823,58,249,10,113,17,226,10,63,6,2,0,903,17,129,32,0,0,8,0,0,0,0,0,0,0,0,0,2,0,0,0,525,17,0,0,119,49,3,1,65,2,5,1,0,0,5,2,16,2,4,1,25,0,76,1,8,0,7,0,0,67,1391,10,1779,4,1351,12,92,1,1042,63,1143,26,202,9,887,19,372,34,0,0,28,9,211,9,2,0,119,2,0,0,2,1,4,9,0,5,24,8,3,2,2,2,2,6,6,5,2,3,8,13,1,1,1,1,0,1,0,1,0,0,0,0,29,0,271,3,307,12,83,2,2,0,40,2,4,0,3,0,5,0,13,0,21,4,7,1,15,1,0,0,0,0,5,3,2,0,3,3,7,0,3,1,2,0,5,3,1,8
39,7164,8,224,6,227,1,105,2,82,0,4,6,434,27,291,0,0,1,5,0,0,0,0,0,0,0,0,0,0,0,1,1,288,0,0,96,297,1,5,3,27,1,0,0,0,2,2,2,33,1,5,5,39,0,78,0,1,0,1,67,0,25,914,11,877,22,2044,1,351,86,1160,92,1768,25,49,7,364,13,417,0,0,5,17,11,100,0,0,2,219,0,0,0,9,1,1,0,0,4,11,2,0,1,1,1,0,3,3,3,4,10,4,3,2,1,1,0,1,0,0,0,0,0,0,1,8,12,112,21,186,3,30,0,1,2,11,1,7,1,2,0,1,0,1,0,33,0,12,0,9,0,0,0,0,0,4,0,0,1,3,0,1,0,2,1,3,0,6,5,4
324,10,100,2,20,4,8,3,12,1,1,1,15,6,61,6,0,0,0,0,0,0,0,0,0,0,0,0,0,0,0,0,45,19,0,0,54,16,18,1,31,5,4,0,0,1,3,1,237,2,0,0,268,0,643,0,3,0,1,0,1391,25,0,5,1735,4,89,20,599,3,2596,24,182,6,46,3,196,27,122,6,0,0,15,10,27,20,0,0,87,4,0,0,1,1,2,0,0,2,5,8,2,0,1,0,2,1,1,7,2,0,5,5,0,0,0,0,0,0,0,0,0,0,0,0,1,0,86,2,193,15,14,0,0,0,8,1,0,0,0,0,3,0,6,1,14,0,1,1,6,4,0,0,0,0,1,0,1,0,2,2,1,0,0,0,0,0,2,0,2,1
4,223,1,68,0,57,2,10,2,23,0,1,10,30,1,10,0,0,1,1,0,0,0,0,0,0,0,0,1,0,0,0,2,110,0,0,5,31,0,4,2,16,2,2,0,0,1,13,5,204,0,3,1,1237,1,489,0,1,0,0,10,914,5,0,11,779,5,233,0,662,17,2025,6,185,4,13,1,122,2,75,0,0,0,4,9,37,0,0,1,100,0,0,0,6,1,0,0,0,0,5,0,0,1,1,0,0,1,1,2,1,2,1,0,1,0,0,0,0,0,0,0,0,0,0,0,1,0,13,11,45,1,8,0,0,1,1,0,0,0,0,0,0,1,0,4,3,0,3,0,1,0,0,0,0,0,0,0,0,0,1,0,3,0,1,0,0,0,2,0,0
508,1,49,2,56,1,16,1,11,1,0,0,29,8,19,4,0,0,1,0,0,0,0,0,0,0,0,0,0,0,0,0,40,22,0,0,33,14,46,1,12,2,2,0,1,0,7,0,64,1,2,0,126,1,750,0,4,0,1,0,1779,11,1735,11,0,4,1660,20,1839,2,770,47,26,2,37,4,109,30,61,18,0,0,13,10,255,21,0,0,297,5,0,0,3,0,0,1,1,0,6,1,0,1,0,0,0,0,1,3,0,0,5,1,1,0,1,0,0,0,0,0,1,0,0,0,2,0,45,2,127,14,15,1,0,0,4,1,1,0,0,0,1,0,3,0,8,0,9,2,1,2,0,0,0,0,0,0,0,0,2,1,1,0,0,0,0,0,0,0,1,2
0,62,1,5,0,15,0,5,0,4,0,0,0,4,0,2,0,0,0,0,0,0,0,0,0,0,0,0,0,0,0,0,0,9,0,0,1,13,1,3,1,3,0,0,0,0,0,1,2,20,0,0,0,39,0,51,0,0,0,0,4,877,4,779,4,0,3,1851,0,1098,10,189,0,0,1,1,4,10,1,3,0,0,1,2,1,41,0,0,2,88,0,0,0,1,0,0,0,0,0,1,0,0,0,0,0,0,0,0,0,0,1,0,0,0,0,0,0,0,0,0,0,0,0,0,0,0,0,1,4,1,2,0,0,0,2,0,0,0,0,0,0,0,0,0,1,0,0,0,3,0,0,0,0,0,0,0,0,0,0,0,0,0,0,0,0,0,0,0,0,0
389,3,35,1,60,4,88,2,54,1,0,0,132,4,11,1,0,0,0,0,0,0,0,0,0,0,0,0,0,0,0,0,90,12,0,0,24,15,33,6,13,3,0,2,0,0,4,0,17,0,3,0,15,1,32,0,6,0,2,1,1351,22,89,5,1660,3,0,10,148,0,107,34,30,2,36,2,130,13,61,6,0,0,32,9,1648,6,0,0,796,1,0,0,1,1,0,0,0,0,3,4,0,1,0,0,0,0,2,4,1,2,1,1,0,0,0,0,1,1,0,0,0,0,0,0,1,0,30,3,111,10,9,0,0,0,4,0,1,0,0,0,0,0,3,1,8,0,0,0,4,0,0,0,0,0,0,1,0,0,1,0,3,0,2,0,1,0,0,1,1,1
3,444,3,17,1,133,2,149,0,101,0,1,2,543,4,26,0,0,0,0,0,0,0,0,0,0,0,0,0,0,0,0,4,177,0,0,14,55,7,18,3,2,0,0,0,0,1,6,6,38,0,2,6,33,4,32,2,1,0,2,12,2044,20,233,20,1851,10,0,2,735,38,224,7,16,4,16,16,96,14,48,0,0,9,38,32,1186,0,0,10,370,0,0,0,8,0,0,0,0,0,3,0,1,0,0,0,0,1,0,0,0,1,1,1,0,0,0,0,0,0,0,0,0,0,0,0,2,1,8,22,33,0,4,0,1,3,3,1,0,0,0,0,0,0,1,0,4,1,1,1,3,0,0,0,0,1,1,0,1,0,0,0,1,0,0,0,1,0,1,1,0
180,1,61,1,52,1,10,0,6,0,1,0,11,0,11,0,0,0,1,0,0,0,0,0,0,0,0,0,0,0,0,0,18,8,0,0,4,1,27,2,4,0,1,0,0,0,9,0,60,1,0,0,168,1,1655,0,4,0,1,0,92,1,599,0,1839,0,148,2,0,0,282,8,10,1,4,0,53,3,12,1,0,0,24,2,282,6,0,0,1620,1,0,0,9,0,0,0,0,0,1,0,0,0,0,0,0,0,1,0,0,0,1,0,0,0,0,0,0,0,0,0,0,0,0,0,1,0,14,0,12,1,4,0,0,0,2,1,0,0,0,0,1,0,0,0,1,0,0,0,0,1,0,0,0,0,1,0,0,0,0,0,0,0,2,0,0,0,0,1,0,0
3,220,0,22,0,48,0,19,0,16,0,0,0,18,2,3,0,0,0,0,0,0,0,0,0,0,0,0,0,0,0,0,3,41,0,0,1,8,0,26,0,1,0,0,0,0,5,5,2,169,0,2,4,299,0,928,1,0,0,0,1,351,3,662,2,1098,0,735,0,0,19,441,0,2,0,2,10,41,1,10,0,0,0,7,5,1005,0,0,7,1132,0,0,0,23,0,0,0,0,1,0,0,0,0,0,0,0,1,0,0,0,0,0,0,0,0,0,0,0,0,0,0,0,0,0,0,0,1,2,4,3,0,1,0,0,0,2,0,0,0,0,1,0,0,0,1,0,0,0,0,0,0,0,0,0,0,2,0,0,0,0,0,0,0,0,0,0,0,0,0,0
341,70,149,12,22,6,28,8,18,7,1,1,57,34,480,33,0,0,4,2,0,0,0,0,0,0,0,0,0,0,0,0,64,70,0,0,2305,127,1157,93,154,25,38,3,0,0,1332,471,1861,50,694,32,1343,22,469,21,39,5,48,5,1042,86,2596,17,770,10,107,38,282,19,0,1320,1306,51,126,12,203,71,186,36,0,0,40,28,87,62,0,1,139,34,0,0,18,17,6,5,1,3,20,7,1,6,11,1,2,1,3,13,3,8,11,6,1,0,0,1,0,0,0,0,0,0,0,0,10,1,171,13,305,45,58,6,1,0,21,2,2,0,3,0,4,1,12,1,44,28,5,2,25,3,0,0,0,0,9,4,1,0,5,0,1,1,3,0,4,2,2,0,3,3
35,609,10,632,6,254,7,76,1,73,0,4,8,97,30,545,0,0,1,11,0,0,0,0,0,0,0,0,0,1,0,0,19,350,0,0,75,1940,37,905,49,482,5,45,0,1,199,1476,81,1186,96,648,34,918,50,419,10,29,21,44,63,1160,24,2025,47,189,34,224,8,441,1320,0,52,270,24,59,42,362,26,236,0,0,9,62,59,186,1,2,41,240,0,0,5,75,2,3,1,0,8,23,0,0,6,2,0,1,4,2,5,5,11,7,3,3,5,1,1,0,0,0,0,0,0,0,3,5,16,71,31,220,3,24,0,0,7,12,3,8,2,6,4,5,3,7,16,96,0,6,13,4,0,0,0,0,5,14,0,1,0,2,2,3,1,1,0,4,3,2,3,4
1198,213,157,22,9,45,21,14,9,2,0,0,38,3,1266,127,0,0,4,0,1,0,0,0,0,0,0,0,0,0,0,0,21,7,0,0,835,145,2,0,8,4,3,0,0,0,3,0,39,1,3,1,25,3,25,0,1,0,2,0,1143,92,182,6,26,0,30,7,10,0,1306,52,0,95,181,12,92,26,71,29,0,0,1,1,8,1,0,0,9,1,0,0,2,0,1,0,0,1,7,4,1,0,0,0,0,2,3,3,0,4,0,1,3,0,0,0,0,0,0,2,1,0,0,0,10,1,215,23,82,17,23,4,1,0,34,5,4,2,1,0,0,0,10,1,28,3,5,4,6,0,0,0,0,0,7,1,0,0,0,0,1,0,2,0,2,1,2,3,4,3
45,1451,18,328,2,100,1,51,1,35,0,1,2,18,41,2239,0,0,1,3,0,0,0,0,0,0,0,0,0,1,0,0,0,24,0,0,74,372,1,2,0,13,0,1,0,0,0,0,4,3,0,1,0,0,0,0,0,0,0,1,26,1768,6,185,2,0,2,16,1,2,51,270,95,0,14,48,7,109,5,158,0,0,0,2,0,5,0,0,1,4,0,0,0,0,0,1,0,0,5,12,4,0,1,0,0,0,0,0,1,3,5,1,1,1,0,0,0,0,0,0,0,0,0,0,0,3,12,109,9,126,2,21,0,0,3,12,0,4,0,2,0,0,0,3,0,28,1,19,1,7,0,0,0,0,6,1,0,0,0,1,0,3,0,2,0,3,2,2,0,3
327,23,271,33,362,22,33,7,117,5,18,0,25,2,106,19,30,140,210,28,62,87,67,22,25,7,8,1,11,1,7,0,83,9,0,0,103,27,23,0,40,3,3,0,7,1,2,0,15,0,4,0,6,0,7,1,2,0,3,0,202,25,46,4,37,1,36,4,4,0,126,24,181,14,0,123,1882,18,466,14,0,0,3,7,20,1,9,1,15,1,0,0,4,1,3,4,0,4,43,12,3,1,0,0,1,3,5,5,12,7,5,6,4,2,0,0,0,0,0,0,45,66,25,1,354,3,810,3,401,10,100,0,18,0,570,7,56,0,26,0,17,0,82,1,585,3,54,1,113,2,5,24,19,9,32,11,33,9,3,3,10,3,43,0,11,2,11,5,5,7
18,206,49,525,25,705,7,135,6,280,1,54,2,23,21,124,67,68,58,137,28,141,9,117,6,27,0,11,1,27,0,14,3,135,0,0,15,167,2,5,4,57,0,2,0,23,1,3,1,0,0,6,1,3,2,2,0,2,0,9,9,49,3,13,4,1,2,16,0,2,12,59,12,48,123,0,15,2465,6,976,0,0,1,9,3,4,1,5,1,16,1,3,0,5,0,2,0,2,12,35,1,1,0,0,3,0,1,4,5,10,8,1,9,2,1,0,0,0,0,0,0,35,0,22,4,185,4,436,3,447,1,66,0,3,2,401,0,65,0,15,0,5,0,37,3,517,1,69,1,77,6,17,16,27,14,59,11,146,0,11,0,5,0,29,2,20,8,26,14,20
583,47,1015,56,729,61,78,14,303,13,238,0,95,15,208,35,60,0,269,22,54,13,69,2,64,0,29,0,169,0,135,0,572,40,0,0,58,23,37,9,1153,26,36,2,151,26,83,11,59,4,107,1,103,2,238,0,92,1,216,13,887,7,196,1,109,4,130,16,53,10,203,42,92,7,1882,15,0,62,1209,32,0,0,36,10,245,51,307,20,439,24,17,6,330,21,6,2,1,5,34,11,5,1,16,0,0,1,13,4,17,5,14,4,4,4,0,0,0,0,0,0,8,0,4,2,148,1,118,8,138,18,24,1,10,0,134,3,21,0,196,2,79,0,112,2,367,4,15,3,17,4,1,1,5,4,27,25,594,16,3,1,9,1,71,1,12,1,9,2,8,8
38,583,58,829,45,1032,11,226,14,384,1,383,5,157,42,400,8,100,58,159,4,36,1,47,0,16,0,36,0,175,0,81,18,1420,0,0,22,241,11,37,17,573,12,30,3,211,24,45,17,60,2,85,12,56,7,42,1,48,2,149,19,364,27,122,30,10,13,96,3,41,71,362,26,109,18,2465,62,0,26,1388,0,0,13,55,40,139,9,190,26,166,1,42,8,125,4,5,1,2,13,36,5,1,1,3,1,1,5,6,11,4,7,5,4,2,0,8,0,0,0,0,1,3,0,8,10,77,13,102,23,194,3,14,0,4,5,65,0,15,0,99,0,27,1,18,6,127,1,21,4,32,1,1,10,14,24,80,22,483,0,11,0,8,2,55,1,14,5,4,12,12
257,10,170,14,116,20,16,8,52,3,20,1,17,11,81,20,0,0,35,2,1,0,0,0,2,0,0,0,4,1,5,0,40,19,0,0,22,12,16,3,937,6,44,1,57,2,19,1,31,1,29,1,48,2,78,0,16,0,55,2,372,13,122,2,61,1,61,14,12,1,186,26,71,5,466,6,1209,26,0,51,0,0,5,7,58,13,33,2,54,6,8,0,50,3,8,16,3,10,87,24,13,6,9,7,5,8,28,27,23,18,34,23,7,5,1,0,1,0,0,2,5,3,0,0,149,1,79,9,68,12,13,0,16,0,148,2,6,0,78,0,37,0,20,2,110,3,3,2,6,0,0,0,0,1,4,11,116,7,14,4,15,2,206,6,14,1,17,9,18,16
30,442,28,236,18,281,6,103,4,109,0,36,3,58,22,281,0,2,12,47,0,0,0,3,0,0,0,1,0,12,0,5,12,108,0,0,31,174,3,11,8,1223,42,16,0,55,3,9,11,15,1,31,9,14,9,13,0,2,2,10,34,417,6,75,18,3,6,48,1,10,36,236,29,158,14,976,32,1388,51,0,0,0,2,20,14,39,0,10,5,30,0,1,3,5,24,5,11,6,47,108,37,1,9,0,13,3,34,10,19,25,43,8,18,4,2,0,1,1,0,4,0,3,0,2,2,93,14,94,14,83,1,16,0,7,0,43,1,14,1,26,0,5,0,6,5,54,0,10,8,20,0,0,1,1,16,23,2,68,0,38,1,42,4,200,2,51,13,52,35,43
0,0,0,0,0,0,0,0,0,0,0,0,0,0,0,0,0,0,0,0,0,0,0,0,0,0,0,0,0,0,0,0,0,0,0,0,0,0,0,0,0,0,0,0,0,0,0,0,0,0,0,0,0,0,0,0,0,0,0,0,0,0,0,0,0,0,0,0,0,0,0,0,0,0,0,0,0,0,0,0,0,0,0,0,0,0,0,0,0,0,0,0,0,0,0,0,0,0,0,0,0,0,0,0,0,0,0,0,0,0,0,0,0,0,0,0,0,0,0,0,0,0,0,0,0,0,0,0,0,0,0,0,0,0,0,0,0,0,0,0,0,0,0,0,0,0,0,0,0,0,0,0,0,0,0,0,0,0,0,0,0,0,0,0,0,0,0,0,0,0
0,0,0,0,0,0,0,0,0,0,0,0,0,0,0,0,0,0,0,0,0,0,0,0,0,0,0,0,0,0,0,0,0,0,0,0,0,0,0,0,0,0,0,0,0,0,0,0,0,0,0,0,0,0,0,0,0,0,0,0,0,0,0,0,0,0,0,0,0,0,0,0,0,0,0,0,0,0,0,0,0,0,0,0,0,0,0,0,0,0,0,0,0,0,0,0,0,0,0,0,0,0,0,0,0,0,0,0,0,0,0,0,0,0,0,0,0,0,0,0,0,0,0,0,0,0,0,0,0,0,0,0,0,0,0,0,0,0,0,0,0,0,0,0,0,0,0,0,0,0,0,0,0,0,0,0,0,0,0,0,0,0,0,0,0,0,0,0,0,0
21,0,19,2,20,1,17,1,20,0,0,0,435,6,5,0,0,0,4,0,0,0,0,0,0,0,0,0,0,0,0,0,123,15,0,0,8,0,13,2,1,2,1,0,0,0,29,1,36,1,15,0,58,1,123,0,25,0,13,1,28,5,15,0,13,1,32,9,24,0,40,9,1,0,3,1,36,13,5,2,0,0,0,2,440,10,1,0,70,7,0,0,8,0,1,0,0,0,0,1,0,0,0,0,0,0,0,2,0,0,0,0,0,0,0,0,0,0,0,0,0,0,0,0,1,0,0,0,6,1,0,0,0,0,0,1,0,0,0,1,0,1,0,0,0,0,0,0,1,3,0,0,0,0,0,0,0,0,0,0,0,0,0,0,0,0,0,0,0,0
2,15,0,1,0,18,0,7,0,18,0,0,2,375,0,3,0,0,1,0,0,0,0,0,0,0,0,0,0,0,0,0,3,292,0,0,2,16,6,11,2,14,0,0,0,0,12,31,9,50,1,24,6,27,2,19,0,5,0,3,9,17,10,4,10,2,9,38,2,7,28,62,1,2,7,9,10,55,7,20,0,0,2,0,14,667,0,13,13,25,0,0,3,9,0,0,0,0,0,0,0,0,0,0,0,0,1,0,1,0,0,1,0,0,0,2,1,0,0,0,0,0,0,0,0,0,2,3,11,14,0,0,0,0,0,0,0,0,0,0,0,1,0,0,4,1,0,1,3,4,0,0,0,0,0,0,0,0,0,0,0,0,1,0,0,0,2,0,0,1
324,5,84,1,264,2,125,2,126,0,3,1,319,22,7,3,0,0,12,1,1,0,1,0,1,0,0,0,5,0,3,0,236,47,0,0,21,9,94,13,147,4,16,3,5,0,103,8,60,10,110,0,88,5,499,1,217,2,208,0,211,11,27,9,255,1,1648,32,282,5,87,59,8,0,20,3,245,40,58,14,0,0,440,14,0,62,599,2,3761,22,2,0,209,3,16,1,0,0,3,0,0,0,12,1,0,0,1,0,1,1,0,0,0,0,0,0,0,1,0,0,0,0,1,1,1,0,12,4,20,11,3,1,0,0,5,0,0,0,4,0,1,0,3,2,17,0,1,1,2,4,0,0,0,0,0,4,3,1,0,0,0,0,0,0,0,1,0,1,0,0
3,125,2,13,0,93,1,71,1,70,0,6,5,901,3,15,0,0,1,2,0,0,0,0,0,0,0,0,0,2,0,1,15,794,0,0,5,31,19,53,6,244,1,8,0,4,84,290,53,220,3,382,17,188,22,240,6,222,1,284,9,100,20,37,21,41,6,1186,6,1005,62,186,1,5,1,4,51,139,13,39,0,0,10,667,62,0,0,844,38,2961,0,8,2,277,1,14,0,0,1,2,0,0,1,10,0,0,1,0,0,0,1,3,0,0,1,28,0,0,0,0,0,2,0,3,0,1,2,12,18,33,2,1,0,0,2,5,1,0,0,22,0,5,3,7,12,38,2,9,3,16,0,0,0,0,0,4,0,2,0,0,0,0,1,1,0,0,0,1,0,0
2,1,83,3,86,1,1,0,20,0,98,0,4,0,0,0,39,0,33,3,16,2,34,0,24,0,14,0,167,0,32,0,112,0,0,0,2,0,2,0,437,5,139,0,231,0,1,0,0,1,9,1,3,0,8,0,5,0,262,0,2,0,0,0,0,0,0,0,0,0,0,1,0,0,9,1,307,9,33,0,0,0,1,0,599,0,0,6,687,0,290,1,443,5,0,0,0,0,1,0,0,0,1,0,0,0,0,0,0,0,0,0,0,0,0,0,0,0,0,0,0,1,0,0,1,0,2,0,0,0,0,0,1,0,3,0,1,0,4,0,0,0,1,0,0,0,0,0,0,0,1,0,2,1,0,1,55,4,0,0,1,0,1,0,0,0,1,0,0,0
0,1,4,87,0,107,1,1,0,16,0,117,0,7,0,0,6,23,5,11,1,21,1,34,0,47,0,45,0,86,0,31,0,199,0,0,0,3,0,5,11,513,0,536,0,1155,5,4,1,0,0,23,0,1,0,4,0,20,0,444,0,0,0,0,0,0,0,0,0,0,1,2,0,0,1,5,20,190,2,10,0,0,0,13,2,844,6,0,4,601,0,1495,3,446,0,1,0,0,1,0,0,0,0,1,0,1,0,0,0,0,0,0,0,0,0,3,0,0,0,0,0,0,0,1,0,3,0,2,1,4,0,0,0,0,0,6,0,2,0,14,0,0,0,4,1,22,0,3,0,1,0,0,4,2,0,3,8,52,0,0,0,0,0,0,0,1,0,0,0,1
453,2,95,1,288,8,62,0,57,1,5,0,42,19,12,2,3,0,10,0,1,0,6,0,1,0,2,0,11,0,8,0,250,28,0,0,10,4,121,33,257,9,24,0,19,3,173,16,129,16,136,3,312,5,2901,5,519,2,402,3,119,2,87,1,297,2,796,10,1620,7,139,41,9,1,15,1,439,26,54,5,0,0,70,13,3761,38,687,4,0,48,749,2,3824,15,13,0,0,1,3,2,0,1,11,0,0,1,2,1,2,2,0,1,0,0,0,1,0,0,0,0,0,0,0,0,2,0,19,2,12,3,4,0,0,0,4,1,2,0,6,0,1,0,0,1,15,1,1,0,3,4,0,0,0,0,1,1,18,2,0,0,0,0,0,0,0,0,1,1,0,0
7,366,3,56,2,202,2,78,2,92,0,50,3,42,1,9,0,3,2,3,0,2,0,1,0,0,0,1,0,15,0,5,5,345,0,0,2,11,8,64,11,777,0,16,0,51,118,588,76,527,6,265,27,687,38,2871,10,975,3,994,2,219,4,100,5,88,1,370,1,1132,34,240,1,4,1,16,24,166,6,30,0,0,7,25,22,2961,0,601,48,0,0,489,7,6205,0,7,0,0,1,3,0,0,0,10,0,0,1,0,1,0,3,0,1,0,0,11,0,0,0,0,0,1,0,1,0,3,6,10,11,10,1,2,0,1,0,5,0,3,1,11,0,1,0,6,4,13,0,2,2,0,0,0,0,0,1,3,2,7,0,0,0,0,0,0,0,1,0,1,0,0
0,0,3,0,0,0,0,0,0,0,2,0,0,0,0,0,2,0,0,0,1,0,1,0,0,0,1,0,2,0,1,0,1,0,0,0,0,0,0,1,165,1,16,0,30,1,0,0,0,0,2,0,0,0,0,0,0,0,435,2,0,0,0,0,0,0,0,0,0,0,0,0,0,0,0,1,17,1,8,0,0,0,0,0,2,0,290,0,749,0,0,0,1426,0,0,0,0,0,0,0,0,0,0,0,0,0,0,0,0,0,0,0,0,0,0,0,0,0,0,0,0,0,0,0,1,0,0,0,0,0,0,0,0,0,0,0,0,0,0,0,0,0,0,0,0,0,0,0,0,0,0,0,0,0,0,0,8,2,0,0,0,0,0,0,0,0,0,1,0,0
0,0,0,11,0,9,0,0,0,3,0,8,0,0,0,0,2,2,0,0,0,3,0,0,0,1,0,6,0,7,0,6,0,12,0,0,0,0,0,0,1,308,0,474,0,259,1,0,0,0,1,0,0,0,0,1,0,0,1,1254,0,0,0,0,0,0,0,0,0,0,0,0,0,0,0,3,6,42,0,1,0,0,0,0,0,8,1,1495,2,489,0,0,3,1141,0,0,0,1,0,0,0,0,0,0,0,0,0,0,0,0,0,0,0,0,0,0,0,0,0,0,0,0,0,0,0,0,0,1,0,0,0,0,0,0,0,0,0,0,0,2,0,0,0,1,0,2,0,1,0,0,0,0,0,1,0,0,4,34,0,0,0,0,0,0,0,0,0,0,0,0
11,0,19,1,24,1,0,0,11,0,11,0,3,0,2,0,6,0,3,0,4,0,4,0,4,0,2,0,8,1,4,0,49,4,0,0,0,0,13,11,945,11,45,1,39,4,27,6,9,2,135,1,18,0,219,0,643,0,3081,4,2,0,1,0,3,0,1,0,9,0,18,5,2,0,4,0,330,8,50,3,0,0,8,3,209,2,443,3,3824,7,1426,3,0,8,8,0,0,0,0,0,0,0,3,0,0,0,1,0,0,0,0,0,0,0,0,0,0,0,0,0,0,0,0,0,1,0,2,0,3,0,0,0,0,0,0,0,0,0,3,0,0,0,0,0,3,1,0,0,0,0,0,0,0,0,1,0,34,3,0,0,0,0,0,0,0,0,0,0,0,0
0,45,1,23,1,58,0,4,0,12,0,61,0,10,0,1,3,4,1,7,0,3,0,2,0,1,0,3,0,17,0,13,2,236,0,0,0,3,7,22,9,452,0,49,1,93,108,277,42,172,7,161,15,184,22,574,4,1485,6,3317,1,9,1,6,0,1,1,8,0,23,17,75,0,0,1,5,21,125,3,5,0,0,0,9,3,277,5,446,15,6205,0,1141,8,0,0,61,0,3,1,2,0,1,0,13,0,0,0,1,0,0,0,0,0,0,0,9,0,0,0,0,0,0,0,0,0,4,1,3,1,3,0,0,0,0,0,2,0,1,0,8,0,3,0,4,3,10,0,1,0,1,0,0,1,0,1,1,5,31,0,0,0,0,0,0,0,0,0,0,0,0
4,5,2,0,1,2,0,0,0,0,0,0,1,1,2,2,0,0,0,0,0,0,0,0,0,0,0,0,0,0,0,0,1,0,0,0,0,0,1,0,2,3,35,10,0,0,280,1,2,0,375,0,11,0,116,0,439,0,456,0,4,1,2,1,0,0,0,0,0,0,6,2,1,0,3,0,6,4,8,24,0,0,1,0,16,1,0,0,13,0,0,0,8,0,0,42,2477,53,259,32,1095,38,2054,43,854,31,1429,93,409,41,85,48,22,13,92,82,66,12,16,11,0,0,0,0,1,0,11,1,5,1,0,1,0,0,3,0,0,0,0,0,0,0,2,0,3,0,0,0,0,0,0,0,0,0,0,1,0,0,4,0,0,0,1,2,4,1,6,2,2,6
4,0,3,4,2,1,1,0,0,0,0,0,0,3,1,1,0,0,0,0,0,0,0,0,0,0,0,0,0,0,0,0,0,3,0,0,3,1,0,0,1,3,8,50,0,0,18,31,0,3,1,187,1,1,0,3,0,159,1,131,9,1,0,0,1,0,0,0,0,0,5,3,0,1,4,2,2,5,16,5,0,0,0,0,1,14,0,1,0,7,0,0,0,61,42,0,22,5613,24,416,40,615,29,2828,18,993,82,1889,40,229,35,101,35,15,78,62,107,14,10,3,0,0,0,0,2,0,6,4,5,6,0,2,0,0,0,0,0,0,0,0,0,0,0,1,0,0,0,0,1,1,0,0,0,0,0,0,0,0,0,3,0,1,2,0,2,0,4,2,3,8
0,0,0,1,0,0,0,0,0,0,0,0,0,0,0,0,0,0,0,0,0,0,0,0,0,0,0,0,0,0,0,0,1,0,0,0,0,0,0,0,2,0,15,3,0,0,0,0,0,0,0,0,0,0,0,2,0,0,0,0,0,0,0,0,1,0,0,0,0,0,1,1,0,0,0,0,1,1,3,11,0,0,0,0,0,0,0,0,0,0,0,0,0,0,2477,22,0,86,101,14,329,16,405,11,3200,9,1280,45,202,20,22,27,10,24,50,68,453,26,12,4,0,0,0,0,1,1,2,0,2,1,0,0,1,0,0,0,0,0,0,0,0,0,0,0,1,0,0,0,1,0,0,0,0,0,0,0,0,0,2,2,0,0,0,0,3,1,1,2,4,0
5,5,6,1,1,2,1,0,0,0,0,0,1,0,1,4,0,0,0,0,0,0,0,0,0,0,0,0,0,0,0,0,1,0,0,0,0,1,1,1,1,1,12,37,0,1,1,0,1,1,0,0,1,0,2,0,0,0,1,0,5,0,2,0,0,0,0,0,0,0,3,0,1,0,4,2,5,2,10,6,0,0,0,0,0,0,0,0,1,0,0,1,0,3,53,5613,86,0,27,310,48,267,30,586,33,2929,116,2368,59,409,52,181,27,19,59,60,544,22,16,5,0,0,1,0,0,1,3,6,5,3,0,1,0,0,0,2,0,0,0,1,0,0,0,0,1,1,0,0,1,1,0,0,0,0,0,0,0,0,0,2,1,0,0,0,1,1,5,9,0,4
16,7,17,6,8,4,1,0,2,1,0,0,0,1,6,5,0,0,5,0,0,0,0,0,0,0,0,0,1,0,0,0,3,3,0,0,7,6,4,0,32,1,16,6,3,0,2,0,1,1,17,1,6,0,2,0,3,0,6,1,24,4,5,0,6,0,3,0,1,1,20,8,7,5,43,12,34,13,87,47,0,0,0,0,3,1,1,1,3,1,0,0,0,1,259,24,101,27,0,131,1071,89,294,23,70,9,297,65,521,69,207,50,92,230,135,18,18,85,58,43,0,0,1,0,24,8,76,14,172,23,20,3,8,2,64,2,4,0,5,0,6,0,41,1,36,2,4,1,25,2,0,0,0,0,1,2,2,0,6,21,10,2,20,2,69,21,15,29,148,47
8,27,6,18,1,19,0,1,1,1,0,0,1,2,4,25,0,0,2,2,0,0,0,0,0,0,0,0,0,0,0,0,1,9,0,0,2,12,1,2,7,8,6,160,1,0,0,0,3,0,1,29,2,1,0,0,0,0,0,1,8,11,8,5,1,1,4,3,0,0,7,23,4,12,12,35,11,36,24,108,0,0,1,0,0,2,0,0,2,3,0,0,0,2,32,416,14,310,131,0,96,1251,39,468,17,80,74,546,45,418,63,110,26,95,151,27,14,17,19,18,0,0,0,0,10,16,16,58,26,150,4,16,3,7,7,29,0,6,1,6,0,7,2,11,6,8,5,13,5,10,0,0,0,0,0,2,1,2,1,14,0,13,4,3,16,20,21,18,216,87
1,3,1,3,1,1,0,0,1,0,0,0,0,0,1,2,0,0,0,0,0,0,0,0,0,0,0,0,0,0,0,0,1,0,0,0,0,0,0,1,7,2,48,11,0,0,0,0,0,0,7,0,0,1,2,0,0,0,6,0,3,2,2,0,0,0,0,0,0,0,1,0,1,4,3,1,5,5,13,37,0,0,0,0,0,0,0,0,0,0,0,0,0,0,1095,40,329,48,1071,96,0,375,2136,54,290,13,547,80,271,42,109,46,27,156,887,112,128,66,22,10,0,0,0,0,2,0,4,0,19,3,4,0,0,0,5,0,1,0,0,0,1,0,14,1,19,1,0,0,1,0,0,0,0,0,0,1,0,0,8,3,3,1,1,3,1,2,3,1,9,8
