0,57,1738,5,1598,2,1179,3,300,1,1,0,795,12,1279,6,0,0,19,0,0,0,0,0,0,0,0,0,0,0,0,0,862,5,0,0,317,759,21,1,4,2,1,0,0,0,31,16,29,5,7,8,6,2,51,0,2,0,0,0,4802,25,454,2,298,1,906,10,96,0,374,22,2751,10,73,45,209,18,93,2,0,0,3,1,223,6,0,0,379,0,0,0,0,0,1,0,0,0,3,0,0,0,0,0,0,0,0,0,0,0,0,0,0,0,1,0,0,0,0,0,0,1,0,0,3,2,28,5,9,6,7,1,0,0,1,2,1,0,0,0,0,0,0,0,5,8,0,0,1,1,0,0,0,0,146,57,0,0,0,0,1,1,1,0,0,2,1,0,0,0
57,0,15,1361,39,1662,53,1206,24,262,0,2,5,491,306,613,0,0,19,1,0,0,0,0,0,0,0,0,0,1,0,0,17,92,0,0,720,805,1,7,1,12,0,1,0,0,0,6,18,16,0,3,0,1,0,19,0,2,0,0,6,3199,0,245,0,55,1,1037,0,164,28,559,23,418,7,224,12,505,9,99,0,0,0,11,0,431,0,1,4,236,0,0,0,20,2,0,0,0,3,2,1,0,0,0,0,0,1,4,3,0,1,0,1,0,0,0,0,0,1,0,0,3,0,1,1,54,3,275,0,133,0,50,0,6,0,143,0,44,0,1,0,0,0,14,0,220,0,30,0,23,0,0,0,0,98,74,0,0,1,1,0,0,0,3,2,10,2,1,3,1
1738,15,0,61,5146,62,144,13,445,20,171,7,40,3,3976,13,34,11,4663,33,283,37,50,8,118,4,286,4,238,3,77,1,318,17,0,0,223,29,7,0,3,1,0,0,1,1,21,5,22,2,7,2,10,0,46,0,12,0,2,0,52,4,24,0,46,1,72,2,59,0,68,5,1242,1,129,194,160,36,72,2,0,0,0,0,59,0,3,5,244,1,0,0,0,0,0,0,0,0,0,0,0,0,0,0,0,0,0,0,0,1,0,1,1,0,0,0,0,0,0,0,0,1,0,0,9,0,5,5,2,0,0,2,0,1,3,5,0,1,0,0,0,0,0,0,1,2,0,0,0,0,61,7,92,9,195,52,5,2,0,0,1,0,3,0,4,0,0,0,1,0
5,1361,61,0,110,6394,10,437,111,596,21,359,4,140,51,2032,20,44,209,1073,19,350,21,80,2,170,1,470,18,253,2,54,94,657,0,0,117,900,3,38,0,10,0,1,0,49,3,14,15,15,1,6,0,0,0,6,0,0,0,9,0,95,0,96,0,7,0,72,0,16,8,277,2,33,63,553,41,897,9,103,0,0,0,5,0,36,0,87,0,6,0,0,0,7,0,0,0,0,4,1,0,0,0,0,0,0,1,2,0,0,1,0,1,0,0,0,0,0,0,1,0,4,0,3,2,77,2,127,0,47,0,38,0,4,0,142,0,29,0,3,0,0,0,3,1,115,0,14,0,7,28,28,137,197,447,891,1,34,0,1,2,0,0,0,2,3,0,0,0,0
1598,39,5146,110,0,77,477,18,1753,21,362,20,103,4,740,17,23,4,1072,55,69,29,34,15,115,8,474,3,207,5,522,3,474,24,0,0,257,54,1,0,1,1,0,0,0,2,0,2,2,0,0,1,5,0,7,0,1,0,1,0,72,5,9,0,14,0,60,2,7,0,42,2,84,1,509,290,207,34,97,5,0,0,0,0,57,4,5,5,55,0,0,0,0,0,0,0,0,0,1,0,0,1,0,0,0,0,0,2,0,0,1,1,0,0,0,0,0,0,0,0,0,0,0,0,6,2,17,3,1,1,2,1,0,0,3,14,0,0,0,0,0,0,0,0,2,8,0,2,0,1,24,7,89,7,273,129,6,0,0,0,0,0,3,0,4,0,1,0,0,0
2,1662,62,6394,77,0,22,1248,109,3551,9,918,1,205,65,105,10,24,174,45,9,44,8,35,1,90,1,685,4,194,0,64,61,861,0,0,120,219,2,4,0,14,0,5,0,57,1,3,0,3,0,0,0,0,0,0,0,0,0,5,0,106,0,14,0,12,0,163,0,5,2,7,2,9,45,605,18,1036,13,92,0,0,0,15,0,145,0,80,0,9,0,3,0,8,1,0,1,0,0,0,0,0,0,0,0,0,1,1,0,0,0,0,1,0,0,0,0,0,0,0,0,10,0,0,2,55,2,77,0,24,0,25,0,6,0,118,0,20,0,1,1,0,0,4,0,68,0,5,0,0,8,5,60,42,531,570,0,29,0,0,0,0,0,2,0,5,0,0,0,0
1179,53,144,10,477,22,0,10,902,6,46,1,1335,13,844,6,0,0,33,2,0,1,0,0,0,0,0,0,1,0,0,0,1342,4,0,0,146,188,4,1,0,0,0,0,0,0,2,0,3,1,1,3,1,0,2,0,0,0,0,0,242,12,4,1,5,0,88,2,1,3,50,7,68,4,304,94,139,28,50,1,0,0,2,0,10,3,8,0,7,2,0,0,0,0,0,0,0,0,0,0,0,0,0,0,0,1,0,0,0,0,1,1,0,0,0,0,0,0,0,0,0,0,0,0,1,2,2,12,1,3,0,2,0,0,0,4,1,0,0,0,0,0,0,0,0,10,1,0,0,1,0,0,3,1,112,87,0,0,0,0,1,1,1,2,1,0,0,0,0,0
3,1206,13,437,18,1248,10,0,24,1898,0,18,0,1038,57,158,0,0,19,12,0,2,0,1,0,0,0,1,0,0,0,0,11,422,0,0,80,67,0,2,0,5,0,1,0,2,0,0,0,3,0,0,0,0,0,0,0,0,0,1,0,99,0,5,0,1,0,373,0,4,3,5,3,6,12,135,4,222,3,15,0,0,0,1,0,42,0,1,0,3,0,0,0,2,0,0,0,0,0,0,0,0,0,0,0,0,0,0,0,0,0,0,0,0,0,0,0,0,0,0,0,1,0,0,0,8,0,16,0,12,1,4,0,2,0,17,0,6,0,0,0,0,0,1,0,20,0,2,0,2,0,0,0,4,162,176,0,0,0,0,0,0,0,0,1,2,1,0,0,0
300,24,445,111,1753,109,902,24,0,24,1434,20,279,4,411,16,2,1,568,50,6,36,2,14,3,1,12,6,40,6,47,0,1927,28,0,0,263,53,2,0,2,1,0,0,0,2,1,2,1,0,0,0,0,0,0,0,0,0,0,0,59,7,4,0,2,0,14,3,0,0,28,2,21,1,937,392,290,55,109,3,0,0,0,2,3,4,31,6,3,0,0,0,0,1,0,0,0,0,0,0,0,0,1,0,0,0,0,0,0,1,0,1,0,1,0,0,0,0,0,0,0,1,0,0,9,1,14,6,1,2,2,2,0,0,1,12,1,2,0,0,0,0,0,0,1,6,0,1,0,0,7,4,71,13,248,103,0,0,0,0,0,0,7,0,0,0,0,0,0,0
1,262,20,596,21,3551,6,1898,24,0,0,817,0,681,17,101,0,2,31,24,0,8,0,26,0,16,0,20,0,42,0,62,12,739,0,0,26,59,0,3,0,5,0,1,0,12,0,0,0,1,0,1,0,0,0,1,0,0,0,4,1,66,0,15,0,5,0,70,0,0,1,3,0,1,5,194,5,331,4,13,0,0,0,14,0,39,0,18,0,1,0,0,0,7,0,0,0,0,0,0,0,0,0,0,0,0,0,0,0,0,0,0,0,0,0,0,0,0,0,0,0,0,0,0,0,12,0,13,0,3,0,4,0,0,0,22,0,4,0,1,0,0,0,0,0,12,0,3,0,0,0,1,2,3,160,198,0,0,0,0,0,0,2,0,0,2,0,0,0,0
1,0,171,21,362,9,46,0,1434,0,0,1,5,0,1,0,52,7,96,17,47,28,13,7,25,5,276,0,718,2,582,0,968,0,0,0,2,0,0,0,0,0,0,0,0,0,0,0,0,0,0,0,0,0,0,0,0,0,0,0,0,0,0,0,0,0,1,0,0,0,1,1,0,0,31,13,68,1,5,0,0,0,0,0,0,0,7,0,0,0,0,0,0,0,0,0,0,0,0,0,0,0,0,0,0,0,0,0,0,0,0,0,0,0,0,0,0,0,0,0,0,0,0,0,0,0,0,0,0,0,0,0,0,0,0,0,0,0,0,0,0,0,0,0,0,0,0,0,0,0,26,1,48,1,17,4,2,1,0,0,0,0,0,0,0,0,0,0,0,0
0,2,7,359,20,918,1,18,20,817,1,0,0,1,0,5,3,10,35,13,2,23,2,44,0,167,0,334,2,992,0,469,15,536,0,0,5,4,0,0,0,7,0,2,0,18,0,0,0,0,0,0,0,0,0,0,0,0,0,2,1,1,0,0,0,0,0,1,0,0,0,0,0,0,7,141,5,178,3,7,0,0,0,0,0,1,0,46,0,0,0,1,0,4,0,0,0,0,0,0,0,0,0,0,0,0,0,0,0,0,0,0,0,0,0,0,0,0,0,0,0,0,0,0,1,3,0,0,0,0,0,2,0,0,0,4,0,1,0,0,0,0,0,0,0,0,0,0,0,0,2,0,8,8,29,45,0,6,0,0,0,0,0,0,0,1,0,0,0,0
795,5,40,4,103,1,1335,0,279,0,5,0,0,3,106,0,1,0,7,1,1,0,1,0,0,0,1,0,1,0,0,0,386,1,0,0,25,25,39,1,5,3,1,0,0,0,31,53,33,4,2,15,3,4,9,3,0,3,0,4,1249,2,28,0,46,0,355,2,9,1,57,18,36,0,22,7,16,5,8,1,0,0,86,0,201,5,19,0,32,2,0,0,0,3,0,2,0,0,2,1,0,0,0,0,0,0,0,0,0,0,0,0,0,0,0,0,0,0,0,0,0,0,0,0,1,0,0,3,5,0,1,0,0,0,0,0,0,0,0,0,0,0,2,1,5,0,0,2,0,0,0,1,1,0,13,5,0,0,0,0,1,1,1,0,0,0,0,0,0,1
12,491,3,140,4,205,13,1038,4,681,0,1,3,0,48,70,0,0,5,0,0,1,0,0,0,0,0,0,0,0,0,0,0,446,0,0,76,92,2,6,0,16,2,0,0,1,0,0,1,6,0,2,0,0,0,2,0,1,0,0,12,468,0,68,0,16,3,491,0,14,4,35,5,55,2,42,7,810,4,174,0,0,0,59,0,128,0,0,0,3,0,0,0,1,3,0,0,0,1,1,4,0,0,0,0,0,2,2,1,0,0,0,3,0,0,0,0,0,0,3,0,2,0,1,1,26,3,185,1,75,0,35,0,5,0,58,0,16,0,0,0,0,0,2,0,48,0,15,0,4,0,0,0,0,24,17,0,0,1,0,2,2,0,6,1,4,2,0,2,0
1279,306,3976,51,740,65,844,57,411,17,1,0,106,48,0,36,0,0,534,2,0,0,0,0,0,0,0,0,0,0,0,0,196,18,0,0,928,457,20,4,8,4,1,0,0,0,17,9,52,3,6,2,10,0,27,1,5,1,2,1,109,114,20,4,53,4,105,13,16,3,491,16,1861,36,92,226,165,74,102,6,0,0,6,0,78,7,0,0,143,2,0,0,2,1,0,0,0,0,3,1,0,0,0,1,0,0,0,0,0,0,0,1,0,0,0,0,0,0,0,0,0,2,0,0,5,7,24,35,7,14,4,4,0,0,2,16,1,4,0,0,1,0,0,4,1,36,1,3,0,2,0,0,0,0,227,226,0,1,0,0,0,0,2,0,1,1,0,0,0,0
6,613,13,2032,17,105,6,158,16,101,0,5,0,70,36,0,0,0,11,979,0,2,0,2,0,1,0,0,0,0,1,1,2,79,0,0,153,3766,0,163,0,0,0,1,0,2,1,24,3,3,0,11,0,0,0,1,0,0,0,1,0,94,0,42,0,2,0,10,0,3,4,296,0,1528,5,114,5,235,1,15,0,0,0,0,0,3,0,1,0,3,0,0,0,1,0,0,0,0,0,1,0,0,0,0,0,0,0,0,0,0,1,0,0,1,0,0,0,0,0,0,0,1,0,3,0,23,0,79,0,31,0,13,0,0,0,43,0,15,0,0,0,0,0,2,0,81,0,9,2,11,0,0,3,21,143,481,0,0,0,1,0,0,0,0,0,1,0,0,0,0
0,0,34,20,23,10,0,0,2,0,52,3,1,0,0,0,0,5,31,13,333,1,429,29,33,0,9,1,104,3,13,0,87,3,0,0,0,0,0,0,63,0,6,0,120,3,0,0,0,0,0,0,0,0,0,0,0,0,0,0,0,0,0,0,0,0,0,0,0,0,0,0,0,0,186,4,389,4,0,0,0,0,0,0,10,0,81,1,6,0,1,0,0,2,0,0,0,0,0,0,0,0,0,0,0,0,0,0,0,0,0,0,0,0,0,0,0,0,0,0,0,0,0,0,0,1,0,0,0,0,0,0,0,0,0,0,0,0,1,0,0,0,0,0,0,0,0,0,0,0,318,0,114,3,19,2,390,2,0,0,0,0,2,0,0,0,0,0,0,0
0,0,11,44,4,24,0,0,1,2,7,10,0,0,0,0,5,0,12,16,9,270,8,433,0,21,1,13,4,4,2,3,2,28,0,0,0,0,0,1,0,42,0,0,0,56,0,0,0,0,0,0,0,0,0,0,0,0,0,0,0,0,0,0,0,0,0,0,0,0,0,0,0,0,233,191,8,136,0,9,0,0,0,0,0,0,0,0,0,0,0,0,0,1,0,0,0,0,0,0,0,0,0,0,0,0,0,0,0,0,0,0,0,0,0,0,0,0,0,0,0,2,0,0,0,5,0,0,0,0,0,0,0,2,0,12,0,2,0,0,0,0,0,0,0,0,0,0,0,0,8,126,39,4,3,0,8,486,0,0,0,0,0,1,0,6,0,0,0,0
19,19,4663,209,1072,174,33,19,568,31,96,35,7,5,534,11,31,12,0,115,354,103,49,35,32,15,27,7,118,12,31,6,405,30,0,0,331,32,2,0,1,0,0,1,1,3,0,0,2,0,0,0,0,0,0,0,0,0,0,0,0,3,0,0,1,0,1,1,0,0,4,0,0,0,249,436,169,83,60,1,0,0,0,0,4,1,10,10,1,0,0,1,0,0,0,0,0,0,0,0,0,0,0,0,0,0,0,1,0,1,1,1,0,0,0,0,0,0,0,0,0,1,0,0,9,4,6,13,1,2,2,1,0,0,0,9,1,5,0,0,0,0,0,0,2,6,1,0,0,0,107,30,497,25,588,39,5,2,0,0,0,0,3,0,0,0,0,0,0,0
0,1,33,1073,55,45,2,12,50,24,17,13,1,0,2,979,13,16,115,0,14,512,20,101,3,59,0,20,9,32,0,5,52,56,0,0,5,963,0,14,0,1,0,0,0,7,0,3,0,0,0,2,0,0,0,0,0,0,0,0,0,0,0,0,0,1,0,1,0,1,0,6,0,1,34,55,16,57,5,0,0,0,0,0,0,1,0,8,0,0,0,0,0,1,0,0,0,0,0,0,0,0,0,0,0,0,0,0,0,0,0,0,0,0,0,0,0,0,0,0,0,0,0,0,1,3,0,1,0,0,0,1,0,0,0,6,0,1,0,0,0,0,0,0,0,1,1,0,0,0,28,103,109,1231,147,914,0,6,0,0,0,0,0,0,0,0,0,0,0,0
0,0,283,19,69,9,0,0,6,0,47,2,1,0,0,0,333,9,354,14,0,8,1467,8,231,3,67,3,317,0,10,0,72,8,0,0,0,0,0,0,0,0,0,0,5,1,0,0,0,0,0,0,0,0,0,0,0,0,0,0,0,0,0,0,0,0,0,0,0,0,0,0,0,0,24,12,23,3,1,0,0,0,0,0,0,0,11,0,1,0,0,0,0,0,0,0,0,0,0,0,0,0,0,0,0,0,0,0,1,0,0,0,0,0,0,0,0,0,0,0,0,0,0,0,0,0,0,0,0,0,0,0,0,0,0,0,0,0,0,0,0,0,0,0,0,0,0,0,0,0,598,2,380,2,39,2,32,3,0,0,0,0,0,0,0,0,0,0,0,0
0,0,37,350,29,44,1,2,36,8,28,23,0,1,0,2,1,270,103,512,8,0,10,1508,2,407,1,195,10,93,7,2,60,102,0,0,0,7,0,0,0,0,0,1,0,4,0,0,0,0,0,0,0,0,0,0,0,0,0,1,0,0,0,0,0,0,0,0,0,0,0,0,0,0,74,46,27,17,2,1,0,0,0,0,0,0,3,8,0,0,0,0,0,0,0,0,0,0,0,0,0,0,0,0,0,0,0,0,0,0,0,0,0,0,0,0,0,0,0,0,0,0,0,0,0,0,0,0,0,0,0,0,0,0,0,1,0,0,0,0,0,0,0,0,0,0,0,0,0,0,27,400,134,320,36,87,1,25,0,0,0,0,0,0,0,0,0,0,0,0
0,0,50,21,34,8,0,0,2,0,13,2,1,0,0,0,429,8,49,20,1467,10,0,40,787,1,52,0,433,3,4,0,56,4,0,0,0,0,0,0,1,0,0,0,22,0,0,0,0,0,0,0,0,0,0,0,0,0,1,0,0,0,0,0,0,0,0,0,0,0,0,0,0,0,49,4,48,0,0,0,0,0,0,0,4,0,46,0,1,0,2,0,0,0,0,0,0,0,0,0,0,0,0,0,0,0,0,0,0,0,0,0,0,0,0,0,0,0,0,0,0,0,0,0,0,0,0,0,0,0,0,0,0,0,0,1,0,0,0,0,0,0,0,0,0,0,0,0,0,0,257,1,164,1,59,2,52,0,0,0,0,0,0,0,0,0,0,0,0,0
0,0,8,80,15,35,0,1,14,26,7,44,0,0,0,2,29,433,35,101,8,1508,40,0,1,670,1,99,10,33,2,10,9,119,0,0,0,1,0,0,0,0,0,0,1,2,0,0,0,0,0,0,0,0,0,0,0,0,0,0,0,0,0,0,0,0,0,0,0,0,0,0,0,0,58,67,9,22,0,0,0,0,0,0,0,0,0,2,0,0,0,0,0,0,0,0,0,0,0,0,0,0,0,0,0,0,0,0,0,0,0,0,0,0,0,0,0,0,0,0,0,0,0,0,0,1,0,0,0,0,0,0,0,0,0,0,0,0,0,0,0,0,0,0,0,0,0,0,0,0,11,115,44,15,10,6,0,288,0,0,0,0,1,0,0,0,0,0,0,0
0,0,118,2,115,1,0,0,3,0,25,0,0,0,0,0,33,0,32,3,231,2,787,1,0,1,174,1,503,2,9,0,42,0,0,0,0,0,0,0,1,0,1,0,16,0,0,0,0,0,0,0,0,0,0,0,0,0,0,0,0,0,0,0,0,0,0,0,0,0,0,0,0,0,13,0,15,1,1,0,0,0,0,0,2,0,24,0,0,0,0,0,0,0,0,0,0,0,0,0,0,0,0,0,0,0,0,0,0,0,0,0,0,0,0,0,0,0,0,0,0,0,0,0,0,0,0,0,0,0,0,0,0,0,0,0,0,0,0,0,0,0,0,0,0,0,0,0,0,0,25,0,45,1,0,0,3,0,0,0,0,0,0,0,0,0,0,0,0,0
0,0,4,170,8,90,0,0,1,16,5,167,0,0,0,1,0,21,15,59,3,407,1,670,1,0,0,539,5,86,1,9,8,115,0,0,0,1,0,0,0,1,0,0,0,1,0,0,0,0,0,0,0,0,0,0,0,0,0,0,0,0,0,0,0,0,0,0,0,0,0,0,0,0,13,13,3,11,0,0,0,0,0,0,0,0,2,2,0,0,0,0,0,0,0,0,0,0,0,0,0,0,0,0,0,0,0,0,0,0,0,0,0,0,0,0,0,0,0,0,0,0,0,0,0,0,0,0,0,0,0,0,0,0,0,0,0,0,0,0,0,0,0,0,0,0,0,0,0,0,5,41,8,4,3,1,0,8,0,0,0,0,0,0,0,0,0,0,0,0
0,0,286,1,474,1,0,0,12,0,276,0,1,0,0,0,9,1,27,0,67,1,52,1,174,0,0,0,319,0,154,0,26,0,0,0,0,0,0,0,0,0,0,0,0,0,0,0,0,0,0,0,0,0,0,0,0,0,0,0,0,0,0,0,0,0,0,0,0,0,0,0,0,0,6,0,17,0,0,0,0,0,0,0,0,0,2,0,0,0,0,0,0,0,0,0,0,0,0,0,0,0,0,0,0,0,0,0,0,0,0,0,0,0,0,0,0,0,0,0,0,0,0,0,0,0,0,0,0,0,0,0,0,0,0,0,0,0,0,0,0,0,0,0,0,0,0,0,0,0,6,0,5,0,1,0,4,0,0,0,0,0,0,0,0,0,0,0,0,0
0,0,4,470,3,685,0,1,6,20,0,334,0,0,0,0,1,13,7,20,3,195,0,99,1,539,0,0,0,276,0,54,1,148,0,0,0,0,0,0,0,0,0,0,0,6,0,0,0,0,0,0,0,0,0,0,0,0,0,0,0,0,0,0,0,0,0,0,0,0,0,0,0,0,5,27,1,36,0,1,0,0,0,0,0,0,0,6,0,0,0,0,0,1,0,0,0,0,0,0,0,0,0,0,0,0,0,0,0,0,0,0,0,0,0,0,0,0,0,0,0,0,0,0,0,0,0,0,0,0,0,1,0,0,0,2,0,0,0,0,0,0,0,0,0,0,0,0,0,0,0,2,5,0,2,2,0,7,0,0,0,0,0,0,0,0,0,0,0,0
0,0,238,18,207,4,1,0,40,0,718,2,1,0,0,0,104,4,118,9,317,10,433,10,503,5,319,0,0,0,274,0,397,1,0,0,3,1,0,0,0,0,0,0,10,0,0,0,0,0,0,0,0,0,0,0,0,0,0,0,1,0,0,0,0,0,0,0,0,0,0,0,0,0,40,8,80,0,2,0,0,0,0,0,2,0,58,1,0,0,1,0,0,0,0,0,0,0,0,0,0,0,0,0,0,0,0,0,0,0,0,0,0,0,0,0,0,0,0,0,0,0,0,0,0,0,0,0,0,0,0,0,0,0,0,0,0,0,0,0,0,0,0,0,0,0,0,0,0,0,85,5,83,3,26,0,23,0,0,0,0,0,0,0,0,0,0,0,0,0
0,1,3,253,5,194,0,0,6,42,2,992,0,0,0,0,3,4,12,32,0,93,3,33,2,86,0,276,0,0,1,143,7,635,0,0,0,2,0,0,0,8,0,0,0,4,0,0,0,0,0,0,0,0,0,0,0,0,0,8,0,0,0,0,0,0,0,0,0,0,0,0,0,0,6,34,3,56,1,1,0,0,0,0,0,0,0,44,0,0,0,41,0,8,0,0,0,0,0,0,0,0,0,0,0,0,0,0,0,0,0,0,0,0,0,0,0,0,0,0,0,0,0,0,0,0,0,0,0,0,0,0,0,0,0,1,0,0,0,0,0,0,0,0,0,0,0,0,0,0,2,8,11,9,9,7,0,2,0,0,0,0,0,0,0,0,0,0,0,0
0,0,77,2,522,0,0,0,47,0,582,0,0,0,0,1,13,2,31,0,10,7,4,2,9,1,154,0,274,1,0,0,48,0,0,0,0,0,0,0,0,0,0,0,0,0,0,0,0,0,0,0,0,0,0,0,0,0,0,0,0,0,0,0,0,0,0,0,0,0,0,0,0,0,7,1,6,0,1,0,0,0,0,0,0,0,0,0,0,0,0,0,0,0,0,0,0,0,0,0,0,0,0,0,0,0,0,0,0,0,0,0,0,0,0,0,0,0,0,0,0,0,0,0,0,0,0,1,0,0,0,0,0,0,0,0,0,0,0,0,0,0,0,0,0,0,0,0,0,0,9,1,19,0,2,0,1,0,0,0,0,0,0,0,0,0,0,0,0,0
0,0,1,54,3,64,0,0,0,62,0,469,0,0,0,1,0,3,6,5,0,2,0,10,0,9,0,54,0,143,0,0,4,102,0,0,0,1,0,0,0,0,0,0,0,6,0,0,0,0,0,0,0,0,0,0,0,0,0,0,0,0,0,0,0,0,0,0,0,0,0,0,0,0,2,33,1,30,0,1,0,0,0,0,0,0,0,9,0,0,0,0,0,0,0,0,0,0,0,0,0,0,0,0,0,0,0,0,0,0,0,0,0,0,0,0,0,0,0,0,0,0,0,0,0,0,0,0,0,0,0,0,0,0,0,0,0,0,0,0,0,0,0,0,0,0,0,0,0,0,0,0,4,2,4,10,0,1,0,0,0,0,0,0,0,0,0,0,0,0
862,17,318,94,474,61,1342,11,1927,12,968,15,386,0,196,2,87,2,405,52,72,60,56,9,42,8,26,1,397,7,48,4,0,26,0,0,327,189,39,4,91,9,11,1,60,1,23,37,31,6,1,18,14,2,9,6,0,2,1,5,1216,14,300,5,128,6,348,9,10,6,558,38,499,3,1082,214,1369,32,84,2,0,0,164,2,787,15,174,2,15,6,2,0,0,2,2,1,0,0,4,1,0,0,0,0,0,0,0,5,0,0,0,2,1,0,1,0,0,0,0,2,0,0,0,1,8,4,12,5,8,8,4,4,0,1,3,5,1,1,11,0,0,0,2,0,6,13,1,0,1,1,44,14,91,8,160,56,18,0,0,0,1,0,3,4,1,1,0,2,0,0
5,92,17,657,24,861,4,422,28,739,0,536,1,446,18,79,3,28,30,56,8,102,4,119,0,115,0,148,1,635,0,102,26,0,0,0,48,92,21,56,6,155,5,11,0,81,8,28,17,54,0,170,1,13,1,44,0,65,0,342,11,106,5,55,12,19,6,73,8,14,15,60,5,14,27,232,9,2612,9,124,0,0,0,55,3,476,0,378,0,383,0,15,0,358,4,15,2,0,6,5,6,0,4,8,0,0,6,13,1,3,3,3,14,5,0,1,0,0,0,2,0,0,0,0,1,21,1,65,3,85,1,22,0,2,0,32,0,3,0,3,1,0,0,10,2,29,1,9,1,2,3,9,28,17,96,138,2,12,6,2,3,14,1,18,5,11,3,0,7,0
0,0,0,0,0,0,0,0,0,0,0,0,0,0,0,0,0,0,0,0,0,0,0,0,0,0,0,0,0,0,0,0,0,0,0,0,0,0,0,0,0,0,0,0,0,0,0,0,0,0,0,0,0,0,0,0,0,0,0,0,0,0,0,0,0,0,0,0,0,0,0,0,0,0,0,0,0,0,0,0,0,0,0,0,0,0,0,0,0,0,0,0,0,0,0,0,0,0,0,0,0,0,0,0,0,0,0,0,0,0,0,0,0,0,0,0,0,0,0,0,0,0,0,0,0,0,0,0,0,0,0,0,0,0,0,0,0,0,0,0,0,0,0,0,0,0,0,0,0,0,0,0,0,0,0,0,0,0,0,0,0,0,0,0,0,0,0,0,0,0
0,0,0,0,0,0,0,0,0,0,0,0,0,0,0,0,0,0,0,0,0,0,0,0,0,0,0,0,0,0,0,0,0,0,0,0,0,0,0,0,0,0,0,0,0,0,0,0,0,0,0,0,0,0,0,0,0,0,0,0,0,0,0,0,0,0,0,0,0,0,0,0,0,0,0,0,0,0,0,0,0,0,0,0,0,0,0,0,0,0,0,0,0,0,0,0,0,0,0,0,0,0,0,0,0,0,0,0,0,0,0,0,0,0,0,0,0,0,0,0,0,0,0,0,0,0,0,0,0,0,0,0,0,0,0,0,0,0,0,0,0,0,0,0,0,0,0,0,0,0,0,0,0,0,0,0,0,0,0,0,0,0,0,0,0,0,0,0,0,0
317,720,223,117,257,120,146,80,263,26,2,5,25,76,928,153,0,0,331,5,0,0,0,0,0,0,0,0,3,0,0,0,327,48,0,0,0,533,1276,8,100,11,3,1,0,0,190,14,193,10,21,3,4,1,6,5,0,0,0,2,466,585,42,159,98,88,45,263,7,42,2149,207,215,369,163,432,405,190,286,52,0,0,6,16,10,59,0,1,15,24,0,0,0,3,2,0,1,1,9,3,1,0,1,0,0,0,2,3,0,2,4,5,2,0,5,0,0,0,0,0,0,1,0,1,27,24,113,140,93,97,28,35,0,2,3,65,1,11,0,1,0,0,1,7,6,91,4,14,3,14,0,0,1,0,687,114,0,0,0,0,5,1,39,5,5,1,1,0,5,2
759,805,29,900,54,219,188,67,53,59,0,4,25,92,457,3766,0,0,32,963,0,7,0,1,0,1,0,0,1,2,0,1,189,92,0,0,533,0,12,858,23,14,0,9,0,0,11,98,34,59,1,79,1,4,6,12,1,0,1,1,441,421,12,537,6,115,18,211,5,79,112,2719,403,1598,45,218,271,214,242,42,0,0,1,48,12,210,0,3,25,24,0,0,0,4,7,1,2,0,5,5,4,0,0,1,2,0,3,9,1,2,2,1,3,2,0,0,0,0,0,1,0,2,0,3,15,30,79,128,36,140,26,36,0,3,8,97,3,9,1,4,0,0,1,5,5,145,6,18,0,20,1,2,2,167,60,1174,0,0,3,1,0,1,14,5,4,5,4,2,1,2
21,1,7,3,1,2,4,0,2,0,0,0,39,2,20,0,0,0,2,0,0,0,0,0,0,0,0,0,0,0,0,0,39,21,0,0,1276,12,0,53,65,29,6,22,0,0,193,461,150,83,55,380,7,25,19,31,1,7,5,25,38,6,21,4,157,9,50,2,95,24,1065,234,3,0,8,3,28,19,9,4,0,0,29,8,66,121,0,1,41,38,0,0,1,12,1,4,0,0,8,2,4,0,0,1,1,0,4,1,2,2,3,1,4,2,19,0,0,0,0,0,0,1,0,2,0,0,4,2,23,28,1,6,0,1,0,8,0,4,0,0,0,0,1,3,4,22,1,9,2,6,0,0,0,0,2,1,0,0,0,0,1,7,5,7,0,0,2,2,5,1
1,7,0,38,0,4,1,2,0,3,0,0,1,6,4,163,0,1,0,14,0,0,0,0,0,0,0,0,0,0,0,0,4,56,0,0,8,858,53,0,14,82,3,11,0,0,83,382,59,160,29,218,3,26,22,64,4,16,2,39,3,10,6,8,10,12,6,8,3,50,84,1173,0,2,2,14,1,39,1,17,0,0,0,30,8,278,0,1,32,100,0,0,1,26,9,7,2,1,7,6,6,0,4,0,4,0,7,5,0,3,2,2,5,2,9,0,0,0,2,0,0,0,0,4,0,4,2,11,5,69,0,8,0,0,0,23,0,3,1,2,0,1,0,15,3,64,1,11,0,8,0,0,0,0,1,7,1,0,2,1,3,15,0,14,2,2,6,5,7,0
4,1,3,0,1,0,0,0,2,0,0,0,5,0,8,0,63,0,1,0,0,0,1,0,1,0,0,0,0,0,0,0,91,6,0,0,100,23,65,14,0,21,1351,2,602,0,5,66,9,12,90,79,1,2,3,2,0,1,635,8,23,2,24,3,9,2,10,3,1,5,165,51,11,0,186,2,444,7,827,5,0,0,10,5,194,16,555,0,55,2,353,0,86,0,16,1,8,5,16,5,11,2,5,8,3,1,9,53,3,12,8,24,2,7,3,0,0,0,1,1,3,1,3,0,9,1,80,3,38,2,2,1,2,0,2,1,0,0,385,0,4,0,37,1,184,4,7,1,19,0,2,0,0,0,1,0,26,0,0,0,1,0,3,1,3,1,4,5,2,1
2,12,1,10,1,14,0,5,1,5,0,7,3,16,4,0,0,42,0,1,0,0,0,0,0,1,0,0,0,8,0,0,9,155,0,0,11,14,29,82,21,0,8,1574,0,230,4,25,11,32,0,135,3,4,2,18,0,12,0,628,9,15,12,26,25,22,10,17,5,8,23,169,4,1,2,33,9,757,9,566,0,0,1,5,4,58,0,413,1,64,0,105,0,241,60,2,20,4,37,48,30,8,13,1,22,6,71,51,21,40,64,15,40,20,1,2,0,2,1,11,0,7,0,18,3,53,5,48,6,49,1,10,0,25,2,48,2,6,0,415,0,1,1,100,2,366,0,23,0,14,0,0,0,0,4,2,2,54,12,3,6,78,4,275,12,46,27,18,27,3
1,0,0,0,0,0,0,0,0,0,0,0,1,2,1,0,6,0,0,0,0,0,0,0,1,0,0,0,0,0,0,0,11,5,0,0,3,0,6,3,1351,8,0,0,662,0,21,10,4,4,830,8,1,1,3,0,0,0,1100,3,3,4,1,5,3,1,0,2,0,1,15,17,2,1,9,0,68,4,9,9,0,0,1,0,10,1,111,0,0,0,217,0,6,1,34,5,12,5,33,6,119,6,19,7,13,2,26,76,13,31,15,66,4,9,3,0,0,4,4,5,0,0,1,0,5,0,10,2,22,0,3,1,0,0,0,0,0,1,14,3,1,0,1,0,24,3,2,0,6,0,0,0,0,1,0,0,2,0,2,1,4,0,4,2,1,0,5,4,3,2
0,1,0,1,0,5,0,1,0,1,0,2,0,0,0,1,0,0,1,0,0,1,0,0,0,0,0,0,0,0,0,0,1,11,0,0,1,9,22,11,2,1574,0,0,0,729,25,107,2,22,1,627,0,1,1,0,1,8,0,1477,0,0,0,3,0,0,0,1,0,1,23,85,0,0,0,2,1,59,1,41,0,0,0,0,0,3,0,161,0,3,0,181,1,76,7,3,5,4,8,24,7,5,1,5,8,8,22,84,12,18,12,7,7,1,1,0,0,1,0,2,0,0,0,0,0,2,3,0,3,2,0,0,0,1,0,3,0,0,0,6,0,0,0,1,0,5,1,1,0,0,0,0,0,0,1,0,0,3,0,1,1,1,0,5,2,0,14,13,4,2
0,0,1,0,0,0,0,0,0,0,0,0,0,0,0,0,120,0,1,0,5,0,22,1,16,0,0,0,10,0,0,0,60,0,0,0,0,0,0,0,602,0,662,0,0,0,0,0,0,0,0,1,0,0,0,0,0,0,3,0,0,0,0,0,0,0,0,0,0,0,0,0,0,0,5,0,218,0,10,0,0,0,1,0,56,0,1021,0,25,0,332,0,7,0,0,0,0,0,0,0,0,0,0,0,0,0,0,0,0,0,1,0,0,0,0,0,0,0,0,0,0,0,0,0,0,0,0,0,0,0,1,0,0,0,0,0,0,0,15,0,0,0,0,0,1,0,0,0,0,0,3,0,0,0,1,0,47,0,0,0,0,0,0,0,0,0,0,0,0,0
0,0,1,49,2,57,0,2,2,12,0,18,0,1,0,2,3,56,3,7,1,4,0,2,0,1,0,6,0,4,0,6,1,81,0,0,0,0,0,0,0,230,0,729,0,0,0,0,0,0,0,0,0,0,0,0,0,0,0,41,0,0,0,0,0,1,0,0,0,0,0,0,0,0,2,55,16,660,32,430,0,0,0,0,0,0,0,992,0,2,0,39,0,20,0,0,0,0,0,0,0,0,0,0,0,0,0,0,0,1,0,0,0,0,0,0,0,0,0,0,0,17,0,0,0,53,0,2,0,0,0,1,0,10,1,26,0,1,0,2,0,0,0,0,0,0,0,1,0,0,0,1,2,1,5,2,85,226,0,0,0,0,0,5,0,8,0,0,0,0
31,0,21,3,0,1,2,0,1,0,0,0,31,0,17,1,0,0,0,0,0,0,0,0,0,0,0,0,0,0,0,0,23,8,0,0,190,11,193,83,5,4,21,25,0,0,0,1870,2344,942,3290,1345,1347,221,1916,145,257,47,94,57,27,7,36,0,74,1,56,1,104,18,1231,202,9,0,0,0,4,6,1,1,0,0,23,3,151,47,1,0,346,97,0,0,40,28,143,98,0,0,2,2,1,0,63,51,0,0,1,0,0,0,0,0,1,0,284,0,0,0,0,0,0,0,0,1,1,0,2,1,3,4,0,0,0,0,0,1,0,0,0,0,0,0,1,1,1,3,0,0,1,0,0,0,0,0,2,0,0,0,0,0,0,1,1,1,0,0,2,0,0,0
16,6,5,14,2,3,0,0,2,0,0,0,53,0,9,24,0,0,0,3,0,0,0,0,0,0,0,0,0,0,0,0,37,28,0,0,14,98,461,382,66,25,10,107,0,0,1870,0,903,2395,24,2001,3,1364,96,946,18,787,6,179,43,23,14,5,106,11,66,7,107,45,267,1015,7,1,3,0,27,12,5,3,0,0,45,7,255,112,1,2,391,154,0,0,6,45,7,40,0,0,6,1,4,0,2,13,1,0,3,3,1,1,1,1,1,3,18,0,0,0,0,0,2,0,1,0,2,1,8,3,17,6,0,2,1,0,2,3,1,1,12,0,1,0,11,2,28,4,2,1,8,2,0,0,0,1,0,7,0,0,0,0,0,5,5,5,1,6,1,2,2,1
29,18,22,15,2,0,3,0,1,0,0,0,33,1,52,3,0,0,2,0,0,0,0,0,0,0,0,0,0,0,0,0,31,17,0,0,193,34,150,59,9,11,4,2,0,0,2344,903,0,782,304,149,2668,211,1370,48,82,8,7,9,29,28,109,21,152,9,60,5,182,24,1651,521,30,2,2,3,19,12,1,3,0,0,20,9,105,54,2,0,228,20,0,0,11,6,15,2,0,0,6,1,1,0,0,0,0,0,1,2,0,1,0,0,1,1,12,0,0,0,0,0,0,0,0,0,0,3,1,7,10,10,1,4,0,0,0,7,0,2,1,0,0,0,0,0,1,10,0,3,0,1,0,0,0,0,0,0,0,0,1,0,1,3,2,0,1,0,1,0,2,0
5,16,2,15,0,3,1,3,0,1,0,0,4,6,3,3,0,0,0,0,0,0,0,0,0,0,0,0,0,0,0,0,6,54,0,0,10,59,83,160,12,32,4,22,0,0,942,2395,782,0,3,400,2,2957,6,773,1,117,0,64,11,54,4,74,13,29,5,23,2,254,107,2789,1,2,1,4,10,43,4,16,0,0,4,32,31,238,0,1,36,125,0,0,1,47,4,25,3,0,4,3,4,0,1,2,1,0,2,0,1,3,1,1,2,2,4,0,0,0,0,0,0,1,0,2,0,1,3,7,2,45,2,9,0,1,1,12,0,0,0,1,0,1,0,6,1,20,0,4,0,2,0,0,0,0,0,1,0,1,2,0,1,5,0,10,1,2,1,3,1,1
7,0,7,1,0,0,1,0,0,0,0,0,2,0,6,0,0,0,0,0,0,0,0,0,0,0,0,0,0,0,0,0,1,0,0,0,21,1,55,29,90,0,830,1,0,0,3290,24,304,3,0,145,187,1,648,2,773,0,1620,1,0,0,5,0,9,0,7,1,13,1,380,32,1,0,0,0,2,2,0,0,0,0,1,0,18,2,0,0,121,6,0,0,52,1,580,1,0,0,19,1,149,3,441,0,0,0,3,0,0,0,0,0,0,14,233,0,0,0,0,1,0,0,0,0,0,1,0,0,3,1,1,0,0,0,1,0,0,0,6,0,0,0,5,1,8,1,0,0,0,0,0,0,0,0,0,0,0,0,0,0,0,0,0,0,0,0,0,0,0,0
8,3,2,6,1,0,3,0,0,1,0,0,15,2,2,11,0,0,0,2,0,0,0,0,0,0,0,0,0,0,0,0,18,170,0,0,3,79,380,218,79,135,8,627,1,0,1345,2001,149,400,145,0,5,338,158,452,27,1908,5,2493,21,7,7,5,41,9,24,12,26,38,578,503,4,1,1,5,12,131,4,17,0,0,19,12,107,333,0,15,141,553,0,3,7,355,14,971,5,2,11,62,7,4,4,354,3,5,6,15,8,5,14,6,95,288,55,1,0,0,1,25,0,2,0,0,2,1,1,6,12,20,3,5,0,3,0,6,0,0,3,4,1,1,5,7,25,21,1,7,1,1,0,0,0,0,0,2,0,0,2,2,0,23,1,17,5,5,11,8,16,1
6,0,10,0,5,0,1,0,0,0,0,0,3,0,10,0,0,0,0,0,0,0,0,0,0,0,0,0,0,0,0,0,14,1,0,0,4,1,7,3,1,3,1,0,0,0,1347,3,2668,2,187,5,0,0,3076,0,80,0,5,1,5,1,407,0,55,1,11,0,56,0,1069,10,8,0,0,0,4,2,3,0,0,0,5,0,9,2,0,0,57,0,0,0,8,1,29,0,0,0,0,0,0,0,11,0,1,0,1,0,0,0,0,0,0,0,7,0,0,0,0,0,0,0,0,0,0,0,0,0,1,2,0,1,0,0,0,0,0,0,0,0,0,0,0,0,0,0,0,0,0,0,0,0,0,0,0,0,0,0,0,0,0,0,0,1,0,0,0,0,0,0
2,1,0,0,0,0,0,0,0,0,0,0,4,0,0,0,0,0,0,0,0,0,0,0,0,0,0,0,0,0,0,0,2,13,0,0,1,4,25,26,2,4,1,1,0,0,221,1364,211,2957,1,338,0,0,1,2527,2,350,0,69,1,36,1,60,3,16,2,16,2,437,7,726,0,0,0,0,4,7,0,3,0,0,1,9,8,61,0,0,16,65,0,0,0,25,0,40,0,0,0,0,0,0,0,3,0,0,0,0,0,0,0,1,1,0,0,0,0,0,0,0,0,1,0,0,0,0,1,0,0,7,0,0,0,0,0,2,0,0,0,0,0,0,0,1,0,0,0,1,0,0,0,0,0,0,0,0,0,0,0,0,0,1,0,0,0,0,0,0,0,0
51,0,46,0,7,0,2,0,0,0,0,0,9,0,27,0,0,0,0,0,0,0,0,0,0,0,0,0,0,0,0,0,9,1,0,0,6,6,19,22,3,2,3,1,0,0,1916,96,1370,6,648,158,3076,1,0,0,2971,0,295,4,30,0,365,0,970,0,18,0,1252,0,583,40,23,0,0,0,5,0,2,0,0,0,4,0,81,2,0,0,3765,0,0,0,210,0,158,0,0,0,0,0,0,0,11,0,0,0,0,0,0,0,0,0,0,0,61,0,0,0,0,0,0,0,0,0,0,0,0,0,0,0,0,0,0,0,0,0,0,0,0,0,0,0,1,0,0,2,0,0,0,0,0,0,0,0,1,0,0,0,0,0,0,0,0,0,0,0,0,0,0,0
0,19,0,6,0,0,0,0,0,1,0,0,3,2,1,1,0,0,0,0,0,0,0,0,0,0,0,0,0,0,0,0,6,44,0,0,5,12,31,64,2,18,0,0,0,0,145,946,48,773,2,452,0,2527,0,0,0,1730,0,308,2,45,4,51,5,67,9,47,4,1989,16,337,0,0,0,2,3,25,2,6,0,0,1,1,4,83,0,2,1,2352,0,0,0,757,3,88,1,0,0,0,0,0,0,11,0,0,2,0,0,1,5,1,0,0,0,0,0,0,0,0,0,0,0,0,0,1,0,4,1,10,0,0,0,0,0,2,0,1,0,0,0,0,0,1,1,3,0,1,0,1,0,0,0,0,0,0,0,0,0,0,0,2,2,2,1,0,0,0,1,0
2,0,12,0,1,0,0,0,0,0,0,0,0,0,5,0,0,0,0,0,0,0,0,0,0,0,0,0,0,0,0,0,0,0,0,0,0,1,1,4,0,0,0,1,0,0,257,18,82,1,773,27,80,2,2971,0,0,0,1208,0,1,0,6,0,7,0,4,0,22,0,43,7,2,0,0,0,0,0,0,0,0,0,2,0,24,0,0,0,561,0,0,0,746,0,208,0,0,0,0,0,0,0,9,0,0,0,0,0,0,0,0,0,0,0,14,0,0,0,0,0,0,0,0,0,0,0,0,0,0,0,0,0,0,0,0,0,0,0,0,0,0,0,0,0,0,0,0,0,0,0,0,0,0,0,0,0,0,0,0,0,0,0,0,0,0,0,0,0,0,0
0,2,0,0,0,0,0,0,0,0,0,0,3,1,1,0,0,0,0,0,0,0,0,0,0,0,0,0,0,0,0,0,2,65,0,0,0,0,7,16,1,12,0,8,0,0,47,787,8,117,0,1908,0,350,0,1730,0,0,0,1178,1,3,0,1,5,2,7,4,2,34,5,46,0,0,0,0,1,59,0,2,0,0,4,3,11,77,0,6,1,384,0,0,0,1016,0,254,0,0,1,0,0,0,0,15,1,0,1,1,0,1,0,0,1,0,0,0,0,0,0,0,0,0,0,0,0,0,0,1,1,4,0,1,0,0,0,1,0,0,0,0,0,0,0,0,0,4,0,2,1,0,0,0,0,0,0,0,0,0,0,0,0,3,0,3,0,0,1,0,0,0
0,0,2,0,1,0,0,0,0,0,0,0,0,0,2,0,0,0,0,0,0,0,1,0,0,0,0,0,0,0,0,0,1,0,0,0,0,1,5,2,635,0,1100,0,3,0,94,6,7,0,1620,5,5,0,295,0,1208,0,0,0,0,1,0,0,1,0,3,0,2,0,29,1,0,0,0,0,0,0,1,0,0,0,1,0,12,0,46,0,96,0,553,0,1699,0,353,2,29,3,13,3,1004,7,898,1,9,2,17,5,20,9,0,4,0,0,30,12,2,1,1,0,0,0,0,0,0,0,0,0,0,0,0,0,0,0,0,0,0,0,0,0,0,0,0,0,0,0,0,0,1,0,0,0,0,0,0,0,0,0,0,0,0,0,0,0,0,0,0,1,0,0
0,0,0,9,0,5,0,1,0,4,0,2,4,0,1,1,0,0,0,0,0,1,0,0,0,0,0,0,0,8,0,0,5,342,0,0,2,1,25,39,8,628,3,1477,0,41,57,179,9,64,1,2493,1,69,4,308,0,1178,0,0,1,4,2,1,9,0,2,0,6,12,13,80,0,0,1,2,1,539,0,44,0,0,12,8,15,214,0,463,5,432,0,675,0,2959,9,298,1,6,4,8,3,14,1,149,2,1,9,8,2,3,9,5,7,3,1,0,1,1,0,3,0,1,0,1,2,1,1,7,0,9,0,4,0,0,0,5,0,0,0,7,0,0,0,7,1,31,0,2,1,1,0,0,1,0,4,2,0,0,3,0,0,16,2,10,1,5,4,2,5,0
4802,6,52,0,72,0,242,0,59,1,0,1,1249,12,109,0,0,0,0,0,0,0,0,0,0,0,0,0,1,0,0,0,1216,11,0,0,466,441,38,3,23,9,3,0,0,0,27,43,29,11,0,21,5,1,30,2,1,1,0,1,0,26,2104,16,1175,22,2082,19,107,8,1057,45,1508,1,39,16,306,11,87,3,0,0,27,3,725,32,5,0,235,8,0,0,0,0,1,0,0,0,2,1,2,0,0,0,1,0,0,3,0,1,0,1,0,0,0,0,0,0,0,0,0,0,0,0,11,1,31,9,23,19,7,3,0,0,0,5,1,0,0,0,0,0,2,4,1,14,2,2,0,3,0,0,0,0,10,1,0,0,0,0,0,0,4,4,1,1,2,0,0,0
25,3199,4,95,5,106,12,99,7,66,0,1,2,468,114,94,0,0,3,0,0,0,0,0,0,0,0,0,0,0,0,0,14,106,0,0,585,421,6,10,2,15,4,0,0,0,7,23,28,54,0,7,1,36,0,45,0,3,1,4,26,0,0,1312,1,457,0,2595,0,243,29,745,59,643,2,434,13,719,17,354,0,0,0,7,0,164,0,0,2,407,0,0,0,75,16,1,8,1,5,10,8,0,1,1,0,0,5,20,0,4,2,3,5,4,1,0,0,0,0,4,0,7,0,1,2,95,7,820,5,462,1,161,0,5,1,348,0,54,0,6,0,0,0,22,0,380,0,64,2,67,0,0,0,0,9,10,0,1,4,5,2,5,0,19,7,14,8,2,6,1
454,0,24,0,9,0,4,0,4,0,0,0,28,0,20,0,0,0,0,0,0,0,0,0,0,0,0,0,0,0,0,0,300,5,0,0,42,12,21,6,24,12,1,0,0,0,36,14,109,4,5,7,407,1,365,4,6,0,0,2,2104,0,0,2,2630,0,48,2,384,6,2097,38,325,0,12,2,115,8,30,2,0,0,14,2,9,12,1,1,91,3,0,0,2,2,0,0,1,0,2,0,1,0,0,0,0,0,2,1,1,0,0,0,0,0,0,0,0,0,0,1,0,0,0,0,0,0,10,2,12,9,4,0,0,0,0,3,0,0,0,0,1,0,0,1,1,2,0,0,0,0,0,0,1,0,1,0,0,0,0,0,1,0,1,3,3,0,0,0,2,0
2,245,0,96,0,14,1,5,0,15,0,0,0,68,4,42,0,0,0,0,0,0,0,0,0,0,0,0,0,0,0,0,5,55,0,0,159,537,4,8,3,26,5,3,0,0,0,5,21,74,0,5,0,60,0,51,0,1,0,1,16,1312,2,0,3,855,1,281,0,434,57,1620,7,290,1,179,12,92,10,74,0,0,1,5,2,60,0,0,0,7,0,0,0,1,5,0,2,0,8,9,3,0,2,0,2,1,2,6,2,5,2,2,6,1,0,0,0,0,1,0,0,3,0,1,1,28,3,174,6,181,1,69,0,3,0,97,0,12,0,0,0,0,0,5,1,85,0,34,1,22,0,0,0,0,2,2,0,2,1,1,2,6,2,11,6,5,6,1,2,0
298,0,46,0,14,0,5,0,2,0,0,0,46,0,53,0,0,0,1,0,0,0,0,0,0,0,0,0,0,0,0,0,128,12,0,0,98,6,157,10,9,25,3,0,0,0,74,106,152,13,9,41,55,3,970,5,7,5,1,9,1175,1,2630,3,0,0,1358,3,1178,5,343,139,130,0,5,1,53,11,10,3,0,0,17,2,62,41,0,0,248,9,0,0,1,3,1,1,1,0,3,0,0,0,1,1,0,0,2,1,0,1,2,0,3,1,2,0,0,0,0,0,0,0,0,0,0,0,2,1,7,4,1,0,0,0,0,5,0,0,0,0,0,0,0,1,0,9,2,2,1,1,0,0,0,0,3,0,0,0,0,0,0,3,2,1,1,1,1,1,1,1
1,55,1,7,0,12,0,1,0,5,0,0,0,16,4,2,0,0,0,1,0,0,0,0,0,0,0,0,0,0,0,0,6,19,0,0,88,115,9,12,2,22,1,0,0,1,1,11,9,29,0,9,1,16,0,67,0,2,0,0,22,457,0,855,0,0,1,2606,0,1188,24,61,5,5,6,44,8,53,5,43,0,0,0,5,0,43,0,0,0,70,0,0,0,15,7,0,5,0,4,5,1,0,0,2,0,0,2,9,1,3,2,3,3,0,0,0,0,1,0,2,0,1,0,2,1,7,2,51,3,81,1,31,0,1,1,53,0,5,0,2,0,0,0,5,0,41,0,13,0,5,0,0,0,0,2,0,0,0,1,0,1,1,3,10,3,4,0,1,2,3
906,1,72,0,60,0,88,0,14,0,1,0,355,3,105,0,0,0,1,0,0,0,0,0,0,0,0,0,0,0,0,0,348,6,0,0,45,18,50,6,10,10,0,0,0,0,56,66,60,5,7,24,11,2,18,9,4,7,3,2,2082,0,48,1,1358,1,0,0,322,2,113,34,58,0,0,2,32,8,11,2,0,0,24,3,1160,16,0,0,275,2,0,0,2,1,0,2,1,0,1,1,1,0,0,1,0,0,0,1,0,0,1,0,1,0,0,0,0,0,0,0,0,0,0,0,0,0,0,0,4,3,2,1,0,0,0,2,0,0,0,0,0,0,0,0,0,1,0,1,1,2,0,0,0,0,7,0,0,0,0,0,0,0,0,1,1,0,0,0,1,1
10,1037,2,72,2,163,2,373,3,70,0,1,2,491,13,10,0,0,1,1,0,0,0,0,0,0,0,0,0,0,0,0,9,73,0,0,263,211,2,8,3,17,2,1,0,0,1,7,5,23,1,12,0,16,0,47,0,4,0,0,19,2595,2,281,3,2606,0,0,1,957,20,129,20,53,3,68,13,214,8,109,0,0,0,32,0,1108,0,3,1,294,0,0,0,37,2,0,2,0,3,0,1,0,1,1,0,0,1,7,1,4,0,0,5,0,0,0,0,1,0,0,0,0,0,0,0,16,5,146,7,89,2,42,0,3,0,59,0,8,0,0,0,0,0,1,0,54,2,10,1,6,0,0,0,0,1,8,0,0,1,2,1,1,1,8,1,7,1,1,2,3
96,0,59,0,7,0,1,0,0,0,0,0,9,0,16,0,0,0,0,0,0,0,0,0,0,0,0,0,0,0,0,0,10,8,0,0,7,5,95,3,1,5,0,0,0,0,104,107,182,2,13,26,56,2,1252,4,22,2,2,6,107,0,384,0,1178,0,322,1,0,1,125,36,53,0,1,0,7,7,1,0,0,0,2,1,68,2,0,1,909,6,0,0,2,3,4,0,0,0,1,2,0,0,0,0,0,0,0,0,0,0,0,0,0,0,1,0,0,0,0,0,0,0,0,0,0,0,1,0,0,2,0,1,0,0,0,0,0,0,0,0,0,0,0,0,0,1,0,1,0,0,0,0,0,0,0,0,0,0,0,1,0,1,0,0,0,0,0,0,0,0
0,164,0,16,0,5,3,4,0,0,0,0,1,14,3,3,0,0,0,1,0,0,0,0,0,0,0,0,0,0,0,0,6,14,0,0,42,79,24,50,5,8,1,1,0,0,18,45,24,254,1,38,0,437,0,1989,0,34,0,12,8,243,6,434,5,1188,2,957,1,0,33,287,3,2,3,12,11,25,7,13,0,0,0,11,2,483,0,0,2,1543,0,0,0,106,1,4,1,0,1,2,0,0,0,1,0,0,2,1,0,1,4,0,1,0,1,0,0,0,0,1,0,1,0,1,1,4,1,19,3,42,1,15,0,1,1,19,0,4,0,0,0,0,0,3,0,24,1,12,0,4,0,0,0,0,0,4,0,0,0,0,0,0,2,4,1,2,2,1,1,0
374,28,68,8,42,2,50,3,28,1,1,0,57,4,491,4,0,0,4,0,0,0,0,0,0,0,0,0,0,0,0,0,558,15,0,0,2149,112,1065,84,165,23,15,23,0,0,1231,267,1651,107,380,578,1069,7,583,16,43,5,29,13,1057,29,2097,57,343,24,113,20,125,33,0,560,1472,0,36,21,501,22,167,5,0,0,44,8,122,80,4,0,263,11,0,0,12,4,9,1,1,0,14,5,9,0,1,0,2,1,2,4,0,2,2,5,4,0,204,0,0,0,0,1,0,1,0,0,20,2,48,5,99,14,27,6,0,3,1,14,2,2,3,2,0,0,3,4,5,24,5,8,1,2,0,0,0,0,12,2,1,0,1,1,4,5,36,2,1,0,2,0,1,0
22,559,5,277,2,7,7,5,2,3,1,0,18,35,16,296,0,0,0,6,0,0,0,0,0,0,0,0,0,0,0,0,38,60,0,0,207,2719,234,1173,51,169,17,85,0,0,202,1015,521,2789,32,503,10,726,40,337,7,46,1,80,45,745,38,1620,139,61,34,129,36,287,560,0,16,1140,7,163,25,80,10,43,0,0,16,46,29,275,0,1,32,115,0,0,1,40,9,7,2,0,10,9,5,1,0,3,3,0,5,6,5,5,10,3,5,2,33,1,0,0,0,4,0,0,0,3,2,17,5,90,15,118,2,33,0,3,1,70,0,1,0,3,0,1,1,12,3,114,1,26,2,20,0,0,0,0,2,8,1,0,2,0,1,7,6,18,4,4,3,3,5,2
2751,23,1242,2,84,2,68,3,21,0,0,0,36,5,1861,0,0,0,0,0,0,0,0,0,0,0,0,0,0,0,0,0,499,5,0,0,215,403,3,0,11,4,2,0,0,0,9,7,30,1,1,4,8,0,23,0,2,0,0,0,1508,59,325,7,130,5,58,20,53,3,1472,16,0,7,29,30,402,9,211,6,0,0,2,0,25,4,0,0,39,1,0,0,1,1,1,0,0,0,1,2,2,0,0,0,0,0,0,0,1,1,2,2,1,0,0,0,0,0,0,0,0,0,0,0,10,1,79,16,25,8,14,1,0,0,4,8,1,1,0,0,1,0,1,2,8,13,7,1,3,3,0,0,0,0,37,3,0,0,0,0,3,0,4,0,3,0,1,0,0,0
10,418,1,33,1,9,4,6,1,1,0,0,0,55,36,1528,0,0,0,1,0,0,0,0,0,0,0,0,0,0,0,0,3,14,0,0,369,1598,0,2,0,1,1,0,0,0,0,1,2,2,0,1,0,0,0,0,0,0,0,0,1,643,0,290,0,5,0,53,0,2,0,1140,7,0,0,109,4,107,2,29,0,0,0,0,1,4,0,0,1,0,0,0,0,0,0,0,0,0,2,1,0,0,1,0,0,0,0,0,0,0,0,0,0,0,0,0,0,0,0,0,0,3,0,1,0,13,1,124,0,70,0,20,0,0,0,49,0,8,0,2,0,0,0,3,0,99,0,16,0,18,0,0,0,0,1,4,0,0,1,0,1,0,0,1,0,1,1,0,1,0
73,7,129,63,509,45,304,12,937,5,31,7,22,2,92,5,186,233,249,34,24,74,49,58,13,13,6,5,40,6,7,2,1082,27,0,0,163,45,8,2,186,2,9,0,5,2,0,3,2,1,0,1,0,0,0,0,0,0,0,1,39,2,12,1,5,6,0,3,1,3,36,7,29,0,0,263,1727,17,1633,5,0,0,0,0,9,9,60,2,2,1,0,0,0,0,5,0,1,1,41,3,6,1,2,2,1,0,5,30,2,6,12,13,4,1,0,1,0,2,0,1,11,55,2,0,298,0,1191,4,816,0,283,0,13,1,267,8,41,1,0,0,1,0,61,1,227,6,116,0,102,0,24,33,49,10,329,20,140,10,3,0,22,2,147,0,24,2,6,1,3,0
45,224,194,553,290,605,94,135,392,194,13,141,7,42,226,114,4,191,436,55,12,46,4,67,0,13,0,27,8,34,1,33,214,232,0,0,432,218,3,14,2,33,0,2,0,55,0,0,3,4,0,5,0,0,0,2,0,0,0,2,16,434,2,179,1,44,2,68,0,12,21,163,30,109,263,0,132,2480,66,606,0,0,0,0,0,17,1,48,2,3,0,2,0,0,3,0,2,0,2,2,1,1,3,0,0,0,2,3,1,0,2,5,3,0,0,0,0,0,0,0,0,16,0,4,10,190,5,316,5,248,2,69,0,16,1,281,1,37,0,2,0,0,1,13,0,305,0,39,0,67,10,19,41,35,513,226,0,152,0,2,3,1,2,9,2,10,1,3,3,0
209,12,160,41,207,18,139,4,290,5,68,5,16,7,165,5,389,8,169,16,23,27,48,9,15,3,17,1,80,3,6,1,1369,9,0,0,405,271,28,1,444,9,68,1,218,16,4,27,19,10,2,12,4,4,5,3,0,1,0,1,306,13,115,12,53,8,32,13,7,11,501,25,402,4,1727,132,0,17,1609,8,0,0,12,5,317,22,468,2,31,2,6,0,0,1,5,3,2,1,10,3,4,0,1,1,1,0,8,15,2,6,8,7,4,5,0,0,0,1,0,0,0,3,0,1,344,1,263,7,65,9,82,4,22,0,117,8,38,1,142,0,2,0,14,1,54,10,21,1,14,2,33,4,48,5,130,35,661,9,2,0,24,1,96,3,49,1,6,1,4,1
18,505,36,897,34,1036,28,222,55,331,1,178,5,810,74,235,4,136,83,57,3,17,0,22,1,11,0,36,0,56,0,30,32,2612,0,0,190,214,19,39,7,757,4,59,0,660,6,12,12,43,2,131,2,7,0,25,0,59,0,539,11,719,8,92,11,53,8,214,7,25,22,80,9,107,17,2480,17,0,12,2825,0,0,0,66,2,194,0,497,3,164,0,41,0,383,11,5,3,0,23,5,10,2,3,3,4,0,9,16,2,6,10,7,13,6,0,0,0,0,1,2,0,4,0,3,1,230,5,312,7,79,1,58,1,23,1,172,1,48,0,20,0,0,0,14,0,114,0,9,0,7,4,4,28,28,294,328,39,455,6,5,3,24,2,95,7,50,10,3,5,0
93,9,72,9,97,13,50,3,109,4,5,3,8,4,102,1,0,0,60,5,1,2,0,0,1,0,0,0,2,1,1,0,84,9,0,0,286,242,9,1,827,9,9,1,10,32,1,5,1,4,0,4,3,0,2,2,0,0,1,0,87,17,30,10,10,5,11,8,1,7,167,10,211,2,1633,66,1609,12,0,22,0,0,0,4,12,5,7,9,4,2,0,0,0,1,16,4,2,5,39,9,15,5,9,9,11,5,29,89,19,35,31,58,12,3,2,1,0,2,2,8,0,43,0,0,219,0,97,9,43,10,42,5,36,1,193,3,23,0,13,0,0,0,7,2,34,9,13,2,6,1,0,0,9,1,78,21,136,5,5,0,32,2,367,0,94,4,9,8,7,4
2,99,2,103,5,92,1,15,3,13,0,7,1,174,6,15,0,9,1,0,0,1,0,0,0,0,0,1,0,1,0,1,2,124,0,0,52,42,4,17,5,566,9,41,0,430,1,3,3,16,0,17,0,3,0,6,0,2,0,44,3,354,2,74,3,43,2,109,0,13,5,43,6,29,5,606,8,2825,22,0,0,0,0,8,0,45,0,151,0,15,0,15,0,21,31,3,7,2,32,27,24,6,10,2,13,1,17,78,4,29,21,10,19,4,1,0,1,1,4,3,0,9,0,0,2,272,2,124,8,15,4,38,1,129,2,164,1,17,0,212,0,0,0,7,0,23,1,6,0,4,0,0,0,1,22,20,1,106,25,39,25,51,5,614,29,377,31,14,12,1
0,0,0,0,0,0,0,0,0,0,0,0,0,0,0,0,0,0,0,0,0,0,0,0,0,0,0,0,0,0,0,0,0,0,0,0,0,0,0,0,0,0,0,0,0,0,0,0,0,0,0,0,0,0,0,0,0,0,0,0,0,0,0,0,0,0,0,0,0,0,0,0,0,0,0,0,0,0,0,0,0,0,0,0,0,0,0,0,0,0,0,0,0,0,0,0,0,0,0,0,0,0,0,0,0,0,0,0,0,0,0,0,0,0,0,0,0,0,0,0,0,0,0,0,0,0,0,0,0,0,0,0,0,0,0,0,0,0,0,0,0,0,0,0,0,0,0,0,0,0,0,0,0,0,0,0,0,0,0,0,0,0,0,0,0,0,0,0,0,0
0,0,0,0,0,0,0,0,0,0,0,0,0,0,0,0,0,0,0,0,0,0,0,0,0,0,0,0,0,0,0,0,0,0,0,0,0,0,0,0,0,0,0,0,0,0,0,0,0,0,0,0,0,0,0,0,0,0,0,0,0,0,0,0,0,0,0,0,0,0,0,0,0,0,0,0,0,0,0,0,0,0,0,0,0,0,0,0,0,0,0,0,0,0,0,0,0,0,0,0,0,0,0,0,0,0,0,0,0,0,0,0,0,0,0,0,0,0,0,0,0,0,0,0,0,0,0,0,0,0,0,0,0,0,0,0,0,0,0,0,0,0,0,0,0,0,0,0,0,0,0,0,0,0,0,0,0,0,0,0,0,0,0,0,0,0,0,0,0,0
3,0,0,0,0,0,2,0,0,0,0,0,86,0,6,0,0,0,0,0,0,0,0,0,0,0,0,0,0,0,0,0,164,0,0,0,6,1,29,0,10,1,1,0,1,0,23,45,20,4,1,19,5,1,4,1,2,4,1,12,27,0,14,1,17,0,24,0,2,0,44,16,2,0,0,0,12,0,0,0,0,0,0,0,342,0,12,0,1,2,0,0,1,3,0,1,0,0,2,1,1,0,0,0,0,0,0,0,0,1,0,0,0,0,0,0,0,0,0,0,0,0,0,0,0,0,3,1,4,0,0,0,0,0,0,0,0,0,0,0,0,0,2,1,8,0,0,0,1,0,0,0,0,0,0,0,0,0,0,0,0,0,1,0,0,0,0,0,0,0
1,11,0,5,0,15,0,1,2,14,0,0,0,59,0,0,0,0,0,0,0,0,0,0,0,0,0,0,0,0,0,0,2,55,0,0,16,48,8,30,5,5,0,0,0,0,3,7,9,32,0,12,0,9,0,1,0,3,0,8,3,7,2,5,2,5,3,32,1,11,8,46,0,0,0,0,5,66,4,8,0,0,0,0,0,1494,0,19,0,13,0,0,0,1,1,0,0,0,0,0,0,0,0,1,0,0,1,0,0,0,0,0,2,1,0,0,0,0,0,0,0,0,0,0,0,0,0,6,2,6,1,3,0,0,0,3,0,1,0,0,0,0,0,0,0,4,0,1,0,0,0,0,0,0,0,1,0,0,0,0,0,1,2,3,0,2,0,0,1,0
223,0,59,0,57,0,10,0,3,0,0,0,201,0,78,0,10,0,4,0,0,0,4,0,2,0,0,0,2,0,0,0,787,3,0,0,10,12,66,8,194,4,10,0,56,0,151,255,105,31,18,107,9,8,81,4,24,11,12,15,725,0,9,2,62,0,1160,0,68,2,122,29,25,1,9,0,317,2,12,0,0,0,342,0,0,0,939,0,2729,3,10,0,15,5,10,4,0,0,3,0,2,0,0,0,0,1,0,1,0,0,0,1,0,1,1,0,0,0,0,1,1,0,0,0,1,0,1,0,6,0,0,0,2,0,0,0,0,0,28,0,1,0,9,0,24,0,1,0,0,0,2,0,0,0,1,2,7,0,0,0,0,0,2,0,2,0,1,0,0,0
6,431,0,36,4,145,3,42,4,39,0,1,5,128,7,3,0,0,1,1,0,0,0,0,0,0,0,0,0,0,0,0,15,476,0,0,59,210,121,278,16,58,1,3,0,0,47,112,54,238,2,333,2,61,2,83,0,77,0,214,32,164,12,60,41,43,16,1108,2,483,80,275,4,4,9,17,22,194,5,45,0,0,0,1494,0,0,0,1311,1,2998,0,2,0,213,3,28,2,0,5,1,3,0,1,12,0,0,0,5,0,2,4,2,2,1,0,0,0,0,1,0,0,0,0,2,3,7,8,40,12,43,3,13,0,1,0,25,0,2,0,1,0,0,0,5,3,23,1,4,0,3,0,0,0,0,11,6,0,0,0,0,2,7,6,12,1,4,1,2,4,0
0,0,3,0,5,0,8,0,31,0,7,0,19,0,0,0,81,0,10,0,11,3,46,0,24,2,2,0,58,0,0,0,174,0,0,0,0,0,0,0,555,0,111,0,1021,0,1,1,2,0,0,0,0,0,0,0,0,0,46,0,5,0,1,0,0,0,0,0,0,0,4,0,0,0,60,1,468,0,7,0,0,0,12,0,939,0,0,0,966,1,835,0,196,0,0,0,0,0,0,0,0,0,0,0,0,0,0,0,0,0,0,0,0,0,0,0,0,0,0,0,0,0,0,0,0,0,0,0,0,0,0,0,0,0,1,0,0,0,3,0,0,0,1,0,0,0,0,0,0,0,25,3,5,0,3,0,39,0,0,0,1,0,0,0,1,0,0,0,0,0
0,1,5,87,5,80,0,1,6,18,0,46,0,0,0,1,1,0,10,8,0,8,0,2,0,2,0,6,1,44,0,9,2,378,0,0,1,3,1,1,0,413,0,161,0,992,0,2,0,1,0,15,0,0,0,2,0,6,0,463,0,0,1,0,0,0,0,3,1,0,0,1,0,0,2,48,2,497,9,151,0,0,0,19,0,1311,0,0,0,272,0,2578,0,694,0,0,0,0,0,1,0,0,0,0,0,0,0,0,0,0,0,0,0,0,0,0,0,0,0,1,0,1,0,0,0,6,0,0,0,1,0,0,0,0,0,1,0,0,0,0,0,0,0,2,0,1,0,0,0,0,0,0,2,9,8,14,4,9,0,0,0,1,0,0,0,0,0,1,0,0
379,4,244,0,55,0,7,0,3,0,0,0,32,0,143,0,6,0,1,0,1,0,1,0,0,0,0,0,0,0,0,0,15,0,0,0,15,25,41,32,55,1,0,0,25,0,346,391,228,36,121,141,57,16,3765,1,561,1,96,5,235,2,91,0,248,0,275,1,909,2,263,32,39,1,2,2,31,3,4,0,0,0,1,0,2729,1,966,0,0,0,234,0,1823,0,36,0,0,0,1,0,0,0,7,0,0,0,0,1,0,0,0,0,0,0,9,0,0,0,0,0,0,0,0,0,1,0,2,0,2,0,0,0,0,0,0,0,0,0,3,0,0,0,3,0,0,1,0,0,0,0,0,0,0,0,3,1,5,0,0,0,0,0,0,0,1,0,0,0,1,0
0,236,1,6,0,9,2,3,0,1,0,0,2,3,2,3,0,0,0,0,0,0,0,0,0,0,0,0,0,0,0,0,6,383,0,0,24,24,38,100,2,64,0,3,0,2,97,154,20,125,6,553,0,65,0,2352,0,384,0,432,8,407,3,7,9,70,2,294,6,1543,11,115,1,0,1,3,2,164,2,15,0,0,2,13,3,2998,1,272,0,0,0,913,0,4856,1,73,1,0,0,0,0,0,0,39,0,0,0,2,0,0,0,0,2,1,0,0,0,0,0,0,0,0,0,0,0,2,0,9,2,8,3,3,1,1,0,7,0,0,0,2,0,0,0,3,1,16,0,3,1,3,0,0,0,1,1,1,0,0,0,0,0,3,0,1,0,0,1,0,1,0
0,0,0,0,0,0,0,0,0,0,0,0,0,0,0,0,1,0,0,0,0,0,2,0,0,0,0,0,1,0,0,0,2,0,0,0,0,0,0,0,353,0,217,0,332,0,0,0,0,0,0,0,0,0,0,0,0,0,553,0,0,0,0,0,0,0,0,0,0,0,0,0,0,0,0,0,6,0,0,0,0,0,0,0,10,0,835,0,234,0,0,0,1807,0,0,0,0,0,0,0,0,0,0,0,0,0,0,0,0,0,0,0,0,0,0,0,0,0,0,0,0,0,0,0,0,0,0,0,0,0,0,0,0,0,0,0,0,0,0,0,0,0,0,0,0,0,0,0,0,0,0,0,0,0,0,0,0,0,0,0,0,0,0,0,0,0,0,0,0,0
0,0,0,0,0,3,0,0,0,0,0,1,0,0,0,0,0,0,1,0,0,0,0,0,0,0,0,0,0,41,0,0,0,15,0,0,0,0,0,0,0,105,0,181,0,39,0,0,0,0,0,3,0,0,0,0,0,0,0,675,0,0,0,0,0,0,0,0,0,0,0,0,0,0,0,2,0,41,0,15,0,0,0,0,0,2,0,2578,0,913,0,0,0,1259,0,0,0,0,0,0,0,0,0,0,0,0,0,0,0,0,0,0,0,0,0,0,0,0,0,0,0,0,0,0,0,0,0,0,0,0,0,0,0,0,0,0,0,0,0,0,0,0,0,0,0,0,0,0,0,0,0,0,0,1,0,0,1,1,0,0,0,0,0,0,0,0,0,0,0,0
0,0,0,0,0,0,0,0,0,0,0,0,0,0,2,0,0,0,0,0,0,0,0,0,0,0,0,0,0,0,0,0,0,0,0,0,0,0,1,1,86,0,6,1,7,0,40,6,11,1,52,7,8,0,210,0,746,0,1699,0,0,0,2,0,1,0,2,0,2,0,12,1,1,0,0,0,0,0,0,0,0,0,1,0,15,0,196,0,1823,0,1807,0,0,0,259,0,24,0,2,0,2,0,11,0,2,0,4,1,0,1,1,0,0,0,0,0,0,0,0,0,0,0,0,0,0,0,0,0,0,0,0,0,0,0,0,0,0,0,0,0,0,0,0,0,0,0,0,0,0,0,0,0,0,0,0,0,0,0,0,0,0,0,0,0,0,0,0,0,0,0
0,20,0,7,0,8,0,2,1,7,0,4,3,1,1,1,2,1,0,1,0,0,0,0,0,0,0,1,0,8,0,0,2,358,0,0,3,4,12,26,0,241,1,76,0,20,28,45,6,47,1,355,1,25,0,757,0,1016,0,2959,0,75,2,1,3,15,1,37,3,106,4,40,1,0,0,0,1,383,1,21,0,0,3,1,5,213,0,694,0,4856,0,1259,0,0,3,99,0,6,1,3,2,0,2,32,0,0,1,4,0,3,4,0,3,0,0,0,0,0,0,1,0,0,0,2,0,2,0,2,0,4,0,1,0,0,0,3,0,0,0,5,0,0,0,6,0,14,1,1,0,0,0,0,0,0,3,2,0,0,1,0,0,4,0,0,1,0,1,2,2,0
1,2,0,0,0,1,0,0,0,0,0,0,0,3,0,0,0,0,0,0,0,0,0,0,0,0,0,0,0,0,0,0,2,4,0,0,2,7,1,9,16,60,34,7,0,0,143,7,15,4,580,14,29,0,158,3,208,0,353,9,1,16,0,5,1,7,0,2,4,1,9,9,1,0,5,3,5,11,16,31,0,0,0,1,10,3,0,0,36,1,0,0,259,3,0,73,10526,98,221,42,602,58,5251,200,527,69,802,312,277,125,35,122,8,14,54,113,528,149,29,11,0,0,0,0,0,0,8,6,9,4,6,1,1,0,3,0,0,0,0,26,1,2,1,0,1,4,3,1,1,0,0,0,0,0,0,0,0,0,8,1,13,14,6,7,7,2,15,34,3,1
0,0,0,0,0,0,0,0,0,0,0,0,2,0,0,0,0,0,0,0,0,0,0,0,0,0,0,0,0,0,0,0,1,15,0,0,0,1,4,7,1,2,5,3,0,0,98,40,2,25,1,971,0,40,0,88,0,254,2,298,0,1,0,0,1,0,2,0,0,4,1,7,0,0,0,0,3,5,4,3,0,0,1,0,4,28,0,0,0,73,0,0,0,99,73,0,85,6087,3,182,29,516,75,5379,5,409,21,790,4,36,1,8,3,4,44,86,342,58,17,2,0,0,0,0,2,0,1,2,0,0,0,0,0,0,0,0,0,0,0,0,0,0,0,0,0,0,0,0,0,0,0,0,0,0,0,0,0,0,1,1,3,0,3,4,0,1,1,0,0,0
0,0,0,0,0,1,0,0,0,0,0,0,0,0,0,0,0,0,0,0,0,0,0,0,0,0,0,0,0,0,0,0,0,2,0,0,1,2,0,2,8,20,12,5,0,0,0,0,0,3,0,5,0,0,0,1,0,0,29,1,0,8,1,2,1,5,1,2,0,1,1,2,0,0,1,2,2,3,2,7,0,0,0,0,0,2,0,0,0,1,0,0,24,0,10526,85,0,363,159,31,441,32,893,72,2613,153,1100,220,235,78,28,61,4,22,59,60,122,205,21,8,0,0,0,0,1,0,3,0,9,1,4,0,0,0,0,0,0,0,0,6,1,1,1,1,2,2,0,0,0,0,0,0,0,0,0,0,0,0,3,0,10,3,4,2,2,3,7,19,2,0
0,0,0,0,0,0,0,0,0,0,0,0,0,0,0,0,0,0,0,0,0,0,0,0,0,0,0,0,0,0,0,0,0,0,0,0,1,0,0,1,5,4,5,4,0,0,0,0,0,0,0,2,0,0,0,0,0,0,3,6,0,1,0,0,0,0,0,0,0,0,0,0,0,0,1,0,1,0,5,2,0,0,0,0,0,0,0,0,0,0,0,0,0,6,98,6087,363,0,8,194,22,642,76,1945,19,2461,39,2148,9,80,3,6,6,4,53,120,324,123,39,1,0,0,0,0,0,1,2,3,0,0,0,0,0,0,0,0,0,0,0,4,0,0,0,0,0,0,0,0,0,0,0,0,0,0,0,0,0,0,7,0,1,0,2,4,1,2,2,1,0,0
3,3,0,4,1,0,0,0,0,0,0,0,2,1,3,0,0,0,0,0,0,0,0,0,0,0,0,0,0,0,0,0,4,6,0,0,9,5,8,7,16,37,33,8,0,0,2,6,6,4,19,11,0,0,0,0,0,1,13,4,2,5,2,8,3,4,1,3,1,1,14,10,1,2,41,2,10,23,39,32,0,0,2,0,3,5,0,0,1,0,0,0,2,1,221,3,159,8,0,63,546,73,260,17,141,7,371,112,1604,71,117,27,193,368,69,17,6,36,19,79,0,0,2,0,71,5,114,15,251,38,68,15,5,6,133,27,12,1,13,14,10,0,95,14,135,16,49,8,63,1,0,0,0,0,0,0,0,0,10,0,75,3,9,9,65,14,74,33,149,29
0,2,0,1,0,0,0,0,0,0,0,0,1,1,1,1,0,0,0,0,0,0,0,0,0,0,0,0,0,0,0,0,1,5,0,0,3,5,2,6,5,48,6,24,0,0,2,1,1,3,1,62,0,0,0,0,0,0,3,8,1,10,0,9,0,5,1,0,2,2,5,9,2,1,3,2,3,5,9,27,0,0,1,0,0,1,0,1,0,0,0,0,0,3,42,182,31,194,63,0,171,738,34,191,22,166,63,1618,49,337,30,75,188,156,408,23,8,42,86,54,0,0,0,0,2,4,18,11,11,15,9,6,0,3,11,9,0,1,0,29,0,1,0,8,1,13,2,1,1,0,0,0,0,0,0,0,1,0,6,1,6,5,8,17,15,7,26,76,19,6
0,1,0,0,0,0,0,0,0,0,0,0,0,4,0,0,0,0,0,0,0,0,0,0,0,0,0,0,0,0,0,0,0,6,0,0,1,4,4,6,11,30,119,7,0,0,1,4,1,4,149,7,0,0,0,0,0,0,1004,3,2,8,1,3,0,1,1,1,0,0,9,5,2,0,6,1,4,10,15,24,0,0,1,0,2,3,0,0,0,0,0,0,2,2,602,29,441,22,546,171,0,663,2432,112,246,45,672,238,485,129,415,68,31,198,1538,262,43,226,64,74,0,0,0,0,6,0,14,2,53,3,5,0,0,0,4,1,0,0,18,13,4,0,54,1,159,3,1,0,8,1,0,0,0,0,0,0,0,0,5,0,5,2,9,8,11,0,12,41,7,0
0,0,0,0,1,0,0,0,0,0,0,0,0,0,0,0,0,0,0,0,0,0,0,0,0,0,0,0,0,0,0,0,0,0,0,0,0,0,0,0,2,8,6,5,0,0,0,0,0,0,3,4,0,0,0,0,0,0,7,14,0,0,0,0,0,0,0,0,0,0,0,1,0,0,1,1,0,2,5,6,0,0,0,0,0,0,0,0,0,0,0,0,0,0,58,516,32,642,73,738,663,0,277,2510,22,305,65,1080,28,179,7,34,91,203,1812,410,54,98,159,31,0,0,0,0,2,0,2,3,1,1,1,0,0,0,0,0,1,0,0,3,0,0,0,1,1,1,0,0,0,0,0,0,0,0,0,0,0,0,3,0,2,2,3,4,2,0,2,21,0,0
