0,22,1668,40,3782,30,1857,17,268,12,1,1,715,7,390,210,0,0,3,13,0,0,0,0,0,0,0,0,0,0,0,0,439,21,0,0,637,100,24,0,34,1,9,0,0,1,9,0,10,0,5,0,12,0,55,0,6,0,1,0,6224,11,192,3,156,2,158,3,79,2,1625,1,819,5,138,9,434,22,99,14,0,0,66,0,321,13,33,0,309,2,0,0,27,0,0,0,0,0,13,3,4,0,0,1,0,0,0,0,1,0,1,1,1,2,0,0,0,0,0,0,0,0,8,1,23,1,225,4,68,4,51,2,3,0,127,9,11,0,1,0,3,1,1,0,205,3,6,2,11,0,0,0,0,24,54,72,0,0,0,1,2,0,11,0,12,0,1,4,5,1
22,0,4,1887,3,2717,3,1610,1,136,0,1,10,1200,25,1402,0,0,1,15,0,1,0,0,0,0,0,0,0,0,0,0,12,216,0,0,97,145,15,7,5,71,1,29,0,15,2,0,1,0,1,8,2,3,3,8,0,0,0,1,27,4758,9,70,6,281,4,370,1,261,146,40,147,555,3,474,11,875,6,628,0,0,5,10,11,106,0,16,10,244,0,0,1,1,0,0,0,1,1,32,0,0,0,1,0,0,1,4,0,1,2,2,1,5,0,0,0,0,0,1,0,3,0,0,0,23,3,114,20,305,4,47,0,2,4,41,0,0,0,5,1,39,0,43,5,102,0,30,2,14,0,0,0,1,12,7,0,2,1,4,0,3,1,6,0,11,1,5,2,0
1668,4,0,109,5046,18,333,15,622,27,295,9,142,5,2131,121,52,13,3402,166,109,168,241,30,186,1,82,1,32,0,221,0,468,46,0,0,1221,137,111,0,43,0,5,0,9,0,3,0,1,0,0,0,0,0,1,0,1,0,2,0,526,4,2,2,4,1,4,0,2,0,206,2,114,2,1290,27,1351,35,80,7,0,0,5,0,20,5,69,0,2,1,3,0,4,0,0,0,0,0,2,1,0,0,0,0,0,0,0,0,1,0,1,0,2,1,0,0,0,0,0,0,4,0,3,0,159,0,168,1,26,0,21,0,5,0,228,39,23,0,1,0,0,0,0,0,315,0,3,0,8,0,123,159,142,427,1478,704,57,10,0,0,0,0,5,0,11,1,0,1,2,1
40,1887,109,0,109,6506,31,620,34,804,3,134,4,188,111,2697,0,0,26,4165,0,164,6,13,1,33,1,68,0,23,1,10,22,849,0,0,38,180,5,1,2,18,0,3,0,1,1,0,0,0,0,3,0,1,1,3,0,0,0,1,50,193,0,24,0,92,1,228,0,94,15,3,47,42,206,363,45,718,7,170,0,0,0,1,2,174,5,8,1,216,0,0,1,0,0,0,0,0,0,3,0,0,0,1,0,0,0,0,0,0,0,0,1,0,0,0,0,0,0,0,0,0,0,0,9,1,9,26,6,30,3,6,0,0,12,3,1,0,0,2,0,2,0,11,22,14,0,4,0,2,0,1,6,130,206,469,2,0,0,1,0,1,1,4,0,2,2,0,3,0
3782,3,5046,109,0,25,1079,2,2224,16,709,0,83,7,226,64,22,1,123,92,0,19,19,4,109,0,211,0,54,1,542,0,335,41,0,0,300,102,155,0,22,0,0,0,5,0,2,0,1,0,1,0,0,0,11,0,4,0,2,0,588,4,8,0,19,1,11,4,8,0,116,1,61,1,997,10,1115,29,60,7,0,0,2,0,13,3,60,0,20,0,1,0,4,0,0,0,0,0,2,0,0,0,0,0,0,0,0,0,0,0,0,0,0,0,0,0,0,0,0,0,0,0,2,0,119,0,60,0,10,1,6,0,1,0,142,31,6,0,0,0,0,1,2,1,177,0,1,0,0,0,3,14,8,317,398,534,35,1,0,0,0,0,2,0,2,0,1,0,0,0
30,2717,18,6506,25,0,8,1998,6,2380,0,592,1,179,37,515,0,0,2,1165,1,133,0,31,0,107,0,455,0,78,0,136,5,990,0,0,15,121,2,5,2,14,0,4,0,2,2,0,0,0,0,2,2,6,3,1,0,0,0,0,21,262,0,19,1,144,0,518,0,117,17,4,24,19,36,549,9,587,1,175,0,0,1,2,1,234,2,8,3,127,0,0,1,0,0,0,0,0,0,1,0,0,0,0,0,0,0,0,0,1,0,1,2,1,0,0,0,0,0,0,0,1,0,0,4,1,5,26,1,29,0,3,0,2,4,8,0,0,0,0,0,4,0,4,6,13,0,4,0,1,0,0,0,43,99,366,0,0,0,1,0,3,0,3,0,3,0,0,0,0
1857,3,333,31,1079,8,0,2,1954,5,14,1,981,0,129,32,1,0,30,6,0,1,0,0,0,0,0,0,0,0,0,0,349,8,0,0,57,36,16,0,8,0,3,0,0,1,1,0,2,0,0,0,4,0,8,0,2,0,0,0,558,2,14,0,22,1,20,1,5,1,100,0,118,0,128,5,192,6,28,3,0,0,44,0,130,0,264,0,56,0,0,0,5,0,0,0,0,0,3,0,0,0,0,0,0,0,0,0,0,0,0,0,0,0,0,0,0,0,0,0,1,0,0,0,22,0,38,0,13,0,13,0,0,0,42,4,2,0,0,0,2,0,0,0,64,0,0,0,5,0,0,0,0,15,32,47,0,0,1,0,1,0,1,0,1,0,0,0,4,0
17,1610,15,620,2,1998,2,0,3,1484,0,12,3,393,40,538,0,0,0,54,0,2,0,0,0,0,0,0,0,1,0,2,7,404,0,0,8,48,1,3,0,7,0,4,0,0,0,0,0,0,0,2,0,1,1,1,0,0,0,0,23,158,1,20,0,47,0,466,0,40,21,1,22,27,9,215,7,177,2,88,0,0,3,11,1,121,0,15,5,26,0,0,0,0,0,1,0,0,1,3,0,0,0,0,0,0,0,0,0,0,0,1,0,0,0,0,0,0,0,0,0,0,0,0,1,3,5,15,3,9,0,7,0,0,5,4,0,1,0,0,0,3,0,7,5,14,0,3,0,2,0,0,0,1,11,41,0,0,0,1,0,0,3,3,1,2,0,0,0,0
268,1,622,34,2224,6,1954,3,0,9,1155,0,168,3,79,12,1,0,63,33,0,0,0,0,0,0,0,2,0,0,18,0,783,15,0,0,62,38,9,0,40,0,1,0,0,0,0,0,0,0,4,0,0,0,1,0,0,0,8,0,123,2,1,0,4,0,4,0,0,0,24,0,51,0,548,2,872,12,27,1,0,0,2,0,17,0,114,0,1,0,1,0,5,0,0,0,0,0,2,0,0,0,0,0,0,0,0,0,0,0,0,0,0,0,0,0,0,0,0,0,0,0,1,0,76,0,36,0,4,0,2,0,1,0,53,19,3,0,0,0,0,0,0,0,82,0,0,0,1,0,0,0,2,92,91,127,0,0,0,1,0,0,2,0,1,1,0,0,0,0
12,136,27,804,16,2380,5,1484,9,0,0,1081,4,118,36,384,0,0,4,354,0,5,0,1,0,5,0,10,0,27,0,22,11,1733,0,0,6,55,1,2,0,7,1,2,0,2,0,0,0,0,0,1,0,0,0,0,1,0,0,0,17,35,1,5,1,16,0,273,0,18,4,2,9,2,13,289,19,209,0,59,0,0,0,4,1,116,0,2,1,20,0,0,1,1,0,0,0,0,1,4,0,0,0,0,0,0,0,0,0,0,0,0,1,0,0,0,0,0,0,0,0,0,0,0,3,0,5,9,0,5,1,4,0,0,4,2,0,1,0,0,0,1,0,2,5,5,1,1,0,2,0,0,0,21,63,159,0,0,0,3,0,0,0,1,0,0,0,0,0,0
1,0,295,3,709,0,14,0,1155,0,0,1,1,0,2,2,128,0,7,7,0,6,30,1,110,0,97,0,1278,0,513,0,589,3,0,0,3,1,0,0,2,0,0,0,74,0,0,0,0,0,0,0,0,0,0,0,0,0,2,0,2,0,0,0,0,0,0,0,0,0,1,0,0,0,527,3,535,0,14,0,0,0,0,0,0,0,8,0,4,0,2,0,3,0,0,0,0,0,0,0,0,0,0,0,0,0,0,0,0,0,0,0,0,0,0,0,0,0,0,0,0,0,0,0,10,0,1,0,0,0,0,0,0,0,7,2,0,0,0,0,0,0,0,0,9,0,0,0,0,0,0,4,1,29,49,51,32,0,0,0,0,0,1,0,0,0,0,0,0,0
1,1,9,134,0,592,1,12,0,1081,1,0,0,4,1,6,0,0,0,166,0,136,1,59,0,62,0,463,0,765,0,405,0,1279,0,0,0,1,0,0,0,0,0,0,0,0,0,0,0,0,0,0,0,0,0,0,0,0,0,0,0,0,0,1,0,0,0,3,0,0,0,0,0,0,14,14,2,74,0,2,0,0,0,0,0,2,1,27,0,0,0,0,0,0,0,0,0,0,0,0,0,0,0,0,0,0,0,0,0,0,0,0,0,0,0,0,0,0,0,0,0,0,0,0,0,0,1,0,0,0,0,0,0,0,0,0,0,0,0,0,0,0,0,0,1,0,0,0,0,0,0,0,1,20,5,18,0,1,0,0,0,0,0,0,0,0,0,0,0,0
715,10,142,4,83,1,981,3,168,4,1,0,0,1,123,48,0,0,2,0,0,0,0,0,0,0,0,0,0,0,0,0,708,2,0,0,44,13,13,0,14,0,4,0,0,0,0,0,5,0,1,0,2,0,10,0,4,0,0,0,944,4,31,0,23,0,197,2,5,1,101,0,61,4,38,4,189,4,43,3,0,0,322,0,1242,2,277,0,144,0,0,0,6,0,1,0,0,1,3,2,1,0,0,0,0,0,0,0,1,0,0,1,1,0,0,0,0,0,0,0,0,0,0,0,4,0,42,2,12,0,10,0,0,0,16,1,3,0,0,0,0,0,1,0,37,0,1,0,2,0,0,0,0,3,9,8,0,0,0,1,0,0,1,0,2,1,1,1,0,0
7,1200,5,188,7,179,0,393,3,118,0,4,1,0,14,215,0,0,0,43,0,1,0,0,0,1,0,0,0,0,0,1,6,1171,0,0,22,45,3,5,2,33,0,8,0,5,1,0,1,0,0,9,0,3,4,4,0,0,0,0,14,1491,3,40,0,40,0,831,0,27,39,6,17,62,3,170,8,392,1,137,0,0,1,652,0,2034,1,297,2,34,0,0,1,0,0,1,0,2,0,5,0,0,0,1,0,0,0,0,0,0,0,2,1,2,0,0,0,0,0,0,0,1,0,0,1,2,4,18,2,53,0,5,0,1,0,6,0,0,0,5,0,13,0,5,4,18,0,8,1,6,0,0,0,1,17,73,0,0,0,1,0,0,1,0,0,2,0,0,2,0
390,25,2131,111,226,37,129,40,79,36,2,1,123,14,0,524,0,0,897,32,0,0,0,0,0,0,0,0,0,0,0,0,221,35,0,0,2521,371,167,0,18,1,5,0,0,0,4,0,0,0,3,0,0,0,1,0,1,0,0,0,394,10,1,1,6,4,12,4,0,2,84,0,1302,2,240,40,381,66,39,20,0,0,2,0,26,12,23,0,3,1,0,0,0,0,0,0,0,0,5,2,0,0,0,0,0,0,0,0,0,0,0,0,1,0,0,0,0,0,0,0,2,0,4,0,52,0,189,2,24,1,18,1,4,0,146,14,21,0,1,0,0,0,0,0,211,3,4,3,6,0,0,0,0,56,771,363,0,0,0,0,3,0,3,0,10,0,1,1,4,2
210,1402,121,2697,64,515,32,538,12,384,2,6,48,215,524,0,0,1,3,692,0,0,0,0,0,0,0,0,0,2,0,0,86,300,0,0,286,2143,14,4,10,33,1,7,0,6,1,0,3,1,0,8,0,6,3,7,0,0,0,0,274,683,14,476,24,119,17,138,5,158,147,67,386,959,53,322,113,553,24,288,0,0,2,8,26,140,2,17,12,139,0,0,1,3,0,1,0,0,3,15,0,0,0,0,1,0,0,0,1,0,0,1,4,2,0,0,0,0,0,1,0,0,1,0,4,3,58,60,36,54,20,15,0,0,53,17,2,0,0,0,0,10,2,10,61,32,3,16,5,2,0,0,0,33,105,218,0,0,0,1,0,2,3,6,3,5,2,2,5,1
0,0,52,0,22,0,1,0,1,0,128,0,0,0,0,0,0,6,53,3,302,22,616,5,284,0,34,0,70,0,7,0,64,0,0,0,0,0,0,0,7,0,0,0,96,1,0,0,0,0,0,0,0,0,0,0,0,0,0,0,0,0,0,0,0,0,0,0,0,0,1,0,0,0,19,2,174,1,2,0,0,0,0,0,0,0,0,0,0,0,1,0,1,0,0,0,0,0,0,0,0,0,0,0,0,0,0,0,0,0,0,0,0,0,0,0,0,0,0,0,0,17,0,0,0,1,0,0,0,0,0,0,1,0,1,3,0,0,0,0,0,0,0,0,0,2,0,0,0,0,290,33,116,2,283,24,536,29,0,0,1,0,4,0,3,0,0,0,0,0
0,0,13,0,1,0,0,0,0,0,0,0,0,0,0,1,6,0,4,5,2,288,15,931,9,60,5,1,0,21,0,0,0,31,0,0,0,0,1,0,0,29,6,1,0,32,0,0,0,0,0,0,0,0,0,0,0,0,0,3,0,0,0,1,0,0,0,0,0,0,0,0,0,0,11,81,2,84,0,3,0,0,0,0,0,2,0,95,0,100,0,14,0,3,0,0,0,0,0,1,0,0,0,0,0,0,0,0,0,0,0,0,0,0,0,0,0,0,0,0,0,0,0,0,0,5,0,0,0,0,0,0,0,1,0,1,0,0,0,0,0,0,0,2,0,3,0,1,0,1,1,251,3,4,0,85,15,434,0,0,0,1,0,1,0,0,0,0,0,0
3,1,3402,26,123,2,30,0,63,4,7,0,2,0,897,3,53,4,0,38,537,40,191,4,50,0,2,1,3,1,1,0,21,9,0,0,884,19,1,0,1,0,0,0,0,0,0,0,0,0,0,0,0,0,0,0,0,0,0,0,0,0,0,0,0,0,0,0,0,0,0,0,0,0,196,7,92,3,2,3,0,0,0,0,0,0,6,0,0,0,0,0,0,0,0,0,0,0,0,0,0,0,0,0,0,0,0,0,0,0,0,0,0,0,0,0,0,0,0,0,0,0,0,0,32,0,12,0,0,0,0,0,0,0,12,3,0,0,0,0,0,0,0,0,23,0,0,0,0,0,63,47,830,102,1626,263,13,1,0,0,0,0,0,0,0,0,0,0,0,0
13,15,166,4165,92,1165,6,54,33,354,7,166,0,43,32,692,3,5,38,0,3,721,25,73,16,79,20,63,3,53,1,13,8,864,0,0,3,70,0,0,1,2,0,0,0,0,0,0,0,0,0,2,0,0,0,1,0,0,0,0,4,7,0,3,0,2,0,43,0,3,0,0,2,1,307,206,14,503,0,66,0,0,0,1,0,32,0,1,0,15,0,0,0,0,0,0,0,0,0,2,1,0,0,0,0,0,0,0,0,0,1,0,0,0,0,0,0,0,0,0,0,0,0,0,3,0,1,2,0,0,0,0,0,0,5,3,0,0,0,0,0,0,0,0,4,2,0,0,0,0,1,5,26,215,126,396,20,9,0,0,0,0,0,1,0,0,0,0,0,0
0,0,109,0,0,1,0,0,0,0,0,0,0,0,0,0,302,2,537,3,0,32,886,7,30,0,0,0,0,0,0,0,0,1,0,0,0,0,0,0,0,0,0,0,0,0,0,0,0,0,0,0,0,0,0,0,0,0,0,0,0,0,0,0,0,0,0,0,0,0,0,0,0,0,19,6,2,0,0,0,0,0,0,0,0,0,0,0,0,0,0,0,0,0,0,0,0,0,0,0,0,0,0,0,0,0,0,0,0,0,0,0,0,0,0,0,0,0,0,0,0,0,0,0,0,0,0,0,0,0,0,0,0,0,0,0,0,0,0,0,0,0,0,0,0,0,0,0,0,0,197,20,262,6,125,19,21,2,0,0,0,0,0,0,0,0,0,0,0,0
0,1,168,164,19,133,1,2,0,5,6,136,0,1,0,0,22,288,40,721,32,0,70,1257,87,181,56,102,9,181,2,14,1,400,0,0,0,0,0,0,0,1,0,0,1,3,0,0,0,0,0,0,0,0,0,0,0,0,0,0,0,0,0,0,0,0,0,0,0,1,0,1,0,0,222,378,4,145,0,9,0,0,0,0,0,0,0,8,0,0,0,0,0,0,0,0,0,0,0,0,0,0,0,0,0,0,0,0,0,0,0,0,0,0,0,0,0,0,0,0,0,0,0,0,0,0,0,0,0,0,0,0,0,0,0,1,0,0,0,0,0,0,0,0,0,0,0,0,0,0,19,124,46,202,13,101,102,259,0,0,0,0,0,0,0,0,0,0,0,0
0,0,241,6,19,0,0,0,0,0,30,1,0,0,0,0,616,15,191,25,886,70,0,5,789,0,29,0,13,0,1,0,1,0,0,0,1,0,0,0,0,0,5,0,3,0,0,0,0,0,0,0,0,0,0,0,0,0,0,0,0,0,0,0,0,0,0,0,0,0,0,0,0,0,68,8,32,2,0,0,0,0,0,0,0,0,0,0,0,0,0,0,0,0,0,0,0,0,0,0,0,0,0,0,0,0,0,0,0,0,0,0,0,0,0,0,0,0,0,0,0,0,0,0,0,0,0,0,0,0,0,0,0,0,0,0,0,0,0,0,0,0,0,0,0,0,0,0,0,0,148,27,113,9,91,23,175,8,0,0,0,0,0,0,0,0,0,0,0,0
0,0,30,13,4,31,0,0,0,1,1,59,0,0,0,0,5,931,4,73,7,1257,5,0,11,483,1,121,0,210,0,4,0,294,0,0,0,0,0,0,0,0,0,0,0,1,0,0,0,0,0,0,0,0,0,0,0,0,0,0,0,0,0,0,0,0,0,0,0,0,0,0,0,0,26,146,2,79,0,3,0,0,0,0,0,0,0,8,0,1,0,0,0,0,0,0,0,0,0,0,0,0,0,0,0,0,0,0,0,0,0,0,0,0,0,0,0,0,0,0,0,0,0,0,0,0,0,0,0,0,0,0,0,0,0,0,0,0,0,0,0,0,0,0,0,0,0,0,0,0,0,263,9,20,1,90,14,446,0,0,0,0,0,0,0,1,0,0,0,0
0,0,186,1,109,0,0,0,0,0,110,0,0,0,0,0,284,9,50,16,30,87,789,11,0,0,203,0,172,0,0,0,177,0,0,0,0,0,0,0,0,0,0,0,8,0,0,0,0,0,0,0,0,0,0,0,0,0,0,0,0,0,0,0,0,0,0,0,0,0,0,0,0,0,181,9,66,0,0,0,0,0,0,0,0,0,0,0,0,0,0,0,0,0,0,0,0,0,0,0,0,0,0,0,0,0,0,0,0,0,0,0,0,0,0,0,0,0,0,0,0,0,0,0,0,0,0,0,0,0,0,0,0,0,0,0,0,0,0,0,0,0,0,0,0,0,0,0,0,0,16,12,6,6,8,8,285,2,0,0,0,0,0,0,0,0,0,0,0,0
0,0,1,33,0,107,0,0,0,5,0,62,0,1,0,0,0,60,0,79,0,181,0,483,0,0,0,476,0,259,0,6,0,158,0,0,0,0,0,0,0,0,0,0,0,0,0,0,0,0,0,0,0,0,0,0,0,0,0,0,0,0,0,0,0,0,0,0,0,0,0,0,0,0,6,1,0,13,0,0,0,0,0,0,0,0,0,0,0,0,0,0,0,0,0,0,0,0,0,0,0,0,0,0,0,0,0,0,0,0,0,0,0,0,0,0,0,0,0,0,0,0,0,0,0,0,0,0,0,0,0,0,0,0,0,0,0,0,0,0,0,0,0,0,0,0,0,0,0,0,0,8,0,2,1,3,0,8,0,0,0,0,0,0,0,0,0,0,0,0
0,0,82,1,211,0,0,0,0,0,97,0,0,0,0,0,34,5,2,20,0,56,29,1,203,0,0,0,101,0,7,0,35,0,0,0,0,0,0,0,0,0,0,0,4,0,0,0,0,0,0,0,0,0,0,0,0,0,0,0,0,0,0,0,0,0,0,0,0,0,0,0,0,0,132,2,54,0,0,0,0,0,0,0,0,0,0,0,0,0,0,0,1,0,0,0,0,0,0,0,0,0,0,0,0,0,0,0,0,0,0,0,0,0,0,0,0,0,0,0,0,0,0,0,0,0,0,0,0,0,0,0,0,0,0,0,0,0,0,0,0,0,0,0,0,0,0,0,0,0,2,11,0,8,4,4,41,1,0,0,0,0,0,0,0,0,0,0,0,0
0,0,1,68,0,455,0,0,2,10,0,463,0,0,0,0,0,1,1,63,0,102,0,121,0,476,0,0,0,115,0,64,0,168,0,0,0,0,0,0,0,0,0,0,0,0,0,0,0,0,0,0,0,0,0,0,0,0,0,0,0,0,0,0,0,0,0,0,0,0,0,0,0,0,1,2,0,23,0,0,0,0,0,0,0,0,0,3,0,0,0,0,0,0,0,0,0,0,0,0,0,0,0,0,0,0,0,0,0,0,0,0,0,0,0,0,0,0,0,0,0,0,0,0,0,0,0,0,0,0,0,0,0,0,0,0,0,0,0,0,0,0,0,0,0,0,0,0,0,0,0,0,0,0,0,4,0,1,0,0,0,0,0,0,0,0,0,0,0,0
0,0,32,0,54,0,0,0,0,0,1278,0,0,0,0,0,70,0,3,3,0,9,13,0,172,0,101,0,0,0,107,0,626,0,0,0,0,0,0,0,3,0,0,0,46,0,0,0,0,0,0,0,0,0,0,0,0,0,0,0,0,0,0,0,0,0,0,0,0,0,0,0,0,0,211,2,174,1,1,0,0,0,0,0,0,0,5,0,1,0,3,0,0,0,0,0,0,0,0,0,0,0,0,0,0,0,0,0,0,0,0,0,0,0,0,0,0,0,0,0,0,0,0,0,0,0,0,0,0,0,0,0,0,0,2,1,0,0,0,0,0,0,0,0,0,0,0,0,0,0,0,1,1,3,0,2,27,0,0,0,0,0,0,0,0,0,0,0,0,0
0,0,0,23,1,78,0,1,0,27,0,765,0,0,0,2,0,21,1,53,0,181,0,210,0,259,0,115,0,0,0,48,0,746,0,0,1,1,0,0,0,0,0,0,0,0,0,0,0,0,0,0,0,0,0,0,0,0,0,0,0,0,0,0,0,0,0,0,0,0,0,0,0,0,10,14,0,12,0,1,0,0,0,0,0,0,0,33,0,0,0,0,0,0,0,0,0,0,0,0,0,0,0,0,0,0,0,0,0,0,0,0,0,0,0,0,0,0,0,0,0,0,0,0,0,0,0,0,0,0,0,0,0,0,0,0,0,0,0,0,0,0,0,0,0,0,0,0,0,0,0,7,0,3,0,6,0,7,0,0,0,0,0,0,0,0,0,0,0,0
0,0,221,1,542,0,0,0,18,0,513,0,0,0,0,0,7,0,1,1,0,2,1,0,0,0,7,0,107,0,0,0,29,0,0,0,0,0,0,0,0,0,0,0,3,0,0,0,0,0,0,0,0,0,0,0,0,0,0,0,0,0,0,0,0,0,0,0,0,0,0,0,0,0,110,0,41,0,1,0,0,0,0,0,0,0,0,0,0,0,0,0,0,0,0,0,0,0,0,0,0,0,0,0,0,0,0,0,0,0,0,0,0,0,0,0,0,0,0,0,0,0,0,0,0,0,0,0,0,0,0,0,0,0,3,1,0,0,0,0,0,0,0,0,0,0,0,0,0,0,0,0,1,5,15,20,6,0,0,0,0,0,0,0,0,0,0,0,0,0
0,0,0,10,0,136,0,2,0,22,0,405,0,1,0,0,0,0,0,13,0,14,0,4,0,6,0,64,0,48,0,0,0,75,0,0,0,0,0,0,0,0,0,0,0,0,0,0,0,0,0,0,0,0,0,0,0,0,0,0,0,0,0,0,0,0,0,0,0,0,0,0,0,0,1,1,0,6,0,0,0,0,0,0,0,0,0,50,0,0,0,0,0,0,0,0,0,0,0,0,0,0,0,0,0,0,0,0,0,0,0,0,0,0,0,0,0,0,0,0,0,0,0,0,0,0,0,0,0,0,0,0,0,0,0,0,0,0,0,0,0,0,0,0,0,0,0,0,0,0,0,0,0,0,0,2,0,0,0,0,0,0,0,0,0,0,0,0,0,0
439,12,468,22,335,5,349,7,783,11,589,0,708,6,221,86,64,0,21,8,0,1,1,0,177,0,35,0,626,0,29,0,0,7,0,0,123,46,24,0,981,2,62,0,178,0,27,0,11,0,53,1,20,2,55,0,10,0,162,0,657,22,85,22,46,2,124,2,18,3,366,4,131,13,346,13,3707,18,186,4,0,0,79,1,411,5,695,0,396,3,191,0,556,0,0,1,0,1,15,6,0,0,0,0,1,1,3,3,4,0,0,5,3,1,0,0,0,0,0,2,0,0,1,0,29,1,58,2,108,3,14,1,1,0,54,16,5,0,8,0,9,0,10,1,101,6,2,1,8,0,1,0,1,31,44,47,9,0,1,1,1,1,7,5,3,0,5,1,8,3
21,216,46,849,41,990,8,404,15,1733,3,1279,2,1171,35,300,0,31,9,864,1,400,0,294,0,158,0,168,0,746,0,75,7,0,0,0,12,70,6,1,0,81,0,7,0,15,2,0,1,2,0,2,2,4,0,3,0,0,0,0,18,218,0,27,1,27,0,85,0,48,15,9,23,18,67,353,14,1971,1,90,0,0,0,123,1,379,1,439,2,39,0,2,0,0,0,0,0,0,1,6,0,0,0,0,0,0,0,0,0,0,0,0,0,0,0,0,0,0,0,0,0,0,1,0,3,2,1,12,2,11,0,5,0,0,6,4,0,0,0,2,0,3,0,3,12,8,0,6,0,2,0,8,1,133,88,215,0,28,0,2,0,1,0,0,0,0,2,0,0,0
0,0,0,0,0,0,0,0,0,0,0,0,0,0,0,0,0,0,0,0,0,0,0,0,0,0,0,0,0,0,0,0,0,0,0,0,0,0,0,0,0,0,0,0,0,0,0,0,0,0,0,0,0,0,0,0,0,0,0,0,0,0,0,0,0,0,0,0,0,0,0,0,0,0,0,0,0,0,0,0,0,0,0,0,0,0,0,0,0,0,0,0,0,0,0,0,0,0,0,0,0,0,0,0,0,0,0,0,0,0,0,0,0,0,0,0,0,0,0,0,0,0,0,0,0,0,0,0,0,0,0,0,0,0,0,0,0,0,0,0,0,0,0,0,0,0,0,0,0,0,0,0,0,0,0,0,0,0,0,0,0,0,0,0,0,0,0,0,0,0
0,0,0,0,0,0,0,0,0,0,0,0,0,0,0,0,0,0,0,0,0,0,0,0,0,0,0,0,0,0,0,0,0,0,0,0,0,0,0,0,0,0,0,0,0,0,0,0,0,0,0,0,0,0,0,0,0,0,0,0,0,0,0,0,0,0,0,0,0,0,0,0,0,0,0,0,0,0,0,0,0,0,0,0,0,0,0,0,0,0,0,0,0,0,0,0,0,0,0,0,0,0,0,0,0,0,0,0,0,0,0,0,0,0,0,0,0,0,0,0,0,0,0,0,0,0,0,0,0,0,0,0,0,0,0,0,0,0,0,0,0,0,0,0,0,0,0,0,0,0,0,0,0,0,0,0,0,0,0,0,0,0,0,0,0,0,0,0,0,0
637,97,1221,38,300,15,57,8,62,6,3,0,44,22,2521,286,0,0,884,3,0,0,1,0,0,0,0,0,0,1,0,0,123,12,0,0,0,358,1285,0,14,3,5,1,0,0,83,0,6,0,17,1,1,1,9,0,1,0,0,0,183,62,10,24,15,7,14,8,3,4,1294,11,513,70,93,22,173,34,27,17,0,0,10,0,35,3,13,1,17,2,0,0,2,0,1,2,0,0,3,3,0,0,0,1,0,1,0,0,0,2,1,0,1,3,0,0,0,0,0,2,0,1,2,0,33,2,50,1,70,8,23,0,0,0,45,4,5,0,0,0,1,2,3,2,65,11,1,2,4,1,0,0,0,15,456,80,0,0,1,0,1,0,4,0,2,0,3,0,2,1
100,145,137,180,102,121,36,48,38,55,1,1,13,45,371,2143,0,0,19,70,0,0,0,0,0,0,0,0,0,1,0,0,46,70,0,0,358,0,52,500,6,36,1,5,0,3,12,129,10,373,0,99,5,317,6,115,1,3,0,7,103,329,7,1346,9,151,5,34,4,276,232,2233,182,441,54,217,73,155,11,77,0,0,6,4,12,26,6,0,16,92,0,0,2,12,0,0,0,0,4,4,0,0,0,0,1,0,0,0,2,0,0,1,0,1,24,0,0,0,0,0,0,3,0,0,8,7,31,13,18,33,4,8,0,0,28,5,4,1,0,2,0,6,0,2,44,36,3,6,2,8,0,0,0,148,137,584,0,0,1,1,0,0,2,0,3,1,0,3,2,0
24,15,111,5,155,2,16,1,9,1,0,0,13,3,167,14,0,1,1,0,0,0,0,0,0,0,0,0,0,0,0,0,24,6,0,0,1285,52,0,50,27,99,1,11,0,3,296,233,149,26,22,22,61,101,25,118,13,14,3,17,10,37,5,119,3,22,7,33,3,92,974,157,5,27,5,1,19,12,2,1,0,0,3,2,8,37,5,0,31,77,0,0,4,20,0,0,0,0,1,3,0,0,0,0,0,0,0,0,0,0,0,1,0,0,2,0,0,0,0,1,0,0,0,0,4,1,5,0,8,5,0,1,0,0,5,0,0,0,0,5,0,3,0,2,12,18,1,0,1,0,0,0,0,2,8,9,0,0,0,1,0,0,0,2,0,0,0,0,0,1
0,7,0,1,0,5,0,3,0,2,0,0,0,5,0,4,0,0,0,0,0,0,0,0,0,0,0,0,0,0,0,0,0,1,0,0,0,500,50,0,0,183,0,12,0,8,39,527,12,267,0,60,9,409,1,433,3,64,0,55,1,18,1,235,0,36,0,65,0,196,39,1343,0,2,0,1,0,18,0,3,0,0,0,1,2,94,0,0,3,241,0,0,1,55,0,1,0,0,0,0,0,0,0,0,0,0,0,0,0,0,0,2,0,0,19,0,0,0,0,0,0,0,0,0,0,1,0,0,0,6,0,0,0,0,0,2,0,0,0,3,0,1,0,4,0,17,0,0,0,1,0,0,0,0,0,2,0,0,0,0,0,0,0,0,0,0,0,0,0,0
34,5,43,2,22,2,8,0,40,0,2,0,14,2,18,10,7,0,1,1,0,0,0,0,0,0,0,0,3,0,0,0,981,0,0,0,14,6,27,0,0,6,484,0,842,0,373,0,124,0,625,0,46,1,17,0,11,0,175,0,86,8,22,2,15,0,17,0,4,0,446,5,45,6,42,3,389,3,537,1,0,0,16,1,666,2,503,0,459,0,405,0,641,0,2,13,4,13,117,40,16,4,4,7,2,2,6,13,17,12,16,10,61,25,3,1,0,0,0,12,2,0,6,0,47,2,106,1,210,3,62,5,34,0,132,30,19,0,297,0,53,0,226,4,1164,5,32,0,43,1,0,0,0,0,2,5,48,0,11,7,4,3,199,3,49,4,27,11,93,17
1,71,0,18,0,14,0,7,0,7,0,0,0,33,1,33,0,29,0,2,0,1,0,0,0,0,0,0,0,0,0,0,2,81,0,0,3,36,99,183,6,0,3,182,0,682,397,71,124,25,43,289,58,168,17,743,2,279,1,205,2,136,0,87,0,46,0,51,0,346,202,186,2,13,1,154,2,568,0,283,0,0,2,10,1,492,0,69,14,1302,0,54,2,679,1,5,4,4,4,32,6,2,0,7,2,3,6,15,4,2,4,12,3,6,4,1,0,0,0,6,0,2,0,2,0,23,0,61,1,112,0,65,0,1,0,30,0,0,0,153,1,85,0,103,1,341,0,4,0,0,0,1,0,1,1,5,0,7,0,8,0,11,0,94,0,13,1,5,4,2
9,1,5,0,0,0,3,0,1,1,0,0,4,0,5,1,0,6,0,0,0,0,5,0,0,0,0,0,0,0,0,0,62,0,0,0,5,1,1,0,484,3,0,0,156,2,39,0,2,0,902,0,1,0,3,0,12,0,1735,0,22,3,4,4,7,0,3,0,1,0,103,0,10,1,4,2,21,3,52,0,0,0,0,0,143,0,193,0,287,0,79,0,563,0,2,12,4,8,63,19,7,4,1,8,3,1,8,17,19,17,14,25,7,3,5,1,2,0,0,19,0,0,1,0,0,0,13,2,15,0,2,1,0,0,2,1,0,0,4,0,5,0,6,1,11,3,0,0,0,0,0,0,0,1,0,0,0,0,5,3,0,1,20,7,2,1,10,3,7,1
0,29,0,3,0,4,0,4,0,2,0,0,0,8,0,7,0,1,0,0,0,0,0,0,0,0,0,0,0,0,0,0,0,7,0,0,1,5,11,12,0,182,0,0,0,373,31,27,3,2,7,1037,4,14,2,62,0,60,0,1448,0,163,0,39,0,21,0,13,0,59,59,32,2,5,0,42,0,27,0,110,0,0,0,2,2,20,0,62,4,39,0,141,0,12,0,1,0,0,2,58,30,122,0,3,0,1,0,1,0,5,2,5,6,1,16,0,0,0,0,1,0,0,0,0,0,6,0,14,1,18,1,6,0,0,0,0,0,0,0,14,0,3,0,1,1,20,0,0,0,0,0,0,0,0,0,3,0,0,2,5,0,3,0,17,1,2,2,1,6,1
0,0,9,0,5,0,0,0,0,0,74,0,0,0,0,0,96,0,0,0,0,1,3,0,8,0,4,0,46,0,3,0,178,0,0,0,0,0,0,0,842,0,156,0,0,0,0,0,0,0,0,0,0,0,0,0,0,0,24,0,0,0,0,0,0,0,0,0,0,0,0,0,0,0,10,0,301,0,103,0,0,0,0,0,0,0,420,0,16,0,213,0,40,0,0,0,0,0,0,0,0,0,0,0,0,0,0,0,0,0,0,0,0,0,0,0,0,0,0,0,0,0,0,0,5,0,0,0,0,0,1,0,7,0,14,8,0,0,0,0,0,0,0,0,7,0,0,0,0,0,1,0,0,0,0,0,126,0,0,0,0,0,1,0,3,0,0,0,0,0
1,15,0,1,0,2,1,0,0,2,0,0,0,5,0,6,1,32,0,0,0,3,0,1,0,0,0,0,0,0,0,0,0,15,0,0,0,3,3,8,0,682,2,373,0,0,1,1,1,0,0,12,0,8,0,40,0,5,0,24,0,26,0,6,0,2,0,13,0,26,8,13,0,0,1,45,0,202,0,77,0,0,0,6,0,64,0,566,0,223,0,210,0,51,1,1,2,1,0,26,3,1,1,1,1,0,3,2,2,1,0,2,0,6,0,0,0,0,1,2,0,2,0,0,0,49,0,18,0,14,0,13,0,1,0,12,0,0,0,4,0,2,0,7,1,26,0,5,0,3,0,0,0,0,0,0,0,180,0,5,0,11,0,36,0,10,5,1,3,1
9,2,3,1,2,2,1,0,0,0,0,0,0,1,4,1,0,0,0,0,0,0,0,0,0,0,0,0,0,0,0,0,27,2,0,0,83,12,296,39,373,397,39,31,0,1,0,1494,3227,385,4170,660,919,156,636,103,618,10,91,46,19,15,13,34,12,7,6,6,11,30,2320,360,2,4,0,0,2,5,4,0,0,0,11,0,19,21,0,0,397,41,0,0,302,13,46,20,0,0,0,0,3,3,115,106,0,0,0,1,0,0,0,0,0,0,3,10,1,0,0,0,0,0,0,1,1,0,2,1,2,0,0,0,0,0,6,0,0,0,0,3,2,0,0,1,134,239,0,0,1,0,0,0,0,0,0,1,0,0,0,0,0,0,0,0,0,0,0,0,0,0
0,0,0,0,0,0,0,0,0,0,0,0,0,0,0,0,0,0,0,0,0,0,0,0,0,0,0,0,0,0,0,0,0,0,0,0,0,129,233,527,0,71,0,27,0,1,1494,0,392,4276,168,2758,15,3390,3,2171,1,1026,0,200,1,1,0,2,0,0,0,0,0,6,154,1769,0,0,0,0,0,4,0,0,0,0,0,0,0,13,0,0,0,106,0,0,0,52,0,20,0,0,0,1,3,1,0,93,0,0,0,0,0,0,0,0,0,0,161,9,0,0,0,0,0,0,0,0,0,0,0,0,0,0,0,0,0,0,0,0,0,0,0,1,0,0,0,0,0,1,0,0,0,0,0,0,0,0,0,0,0,0,0,0,0,0,0,0,0,0,0,0,0,0
10,1,1,0,1,0,2,0,0,0,0,0,5,1,0,3,0,0,0,0,0,0,0,0,0,0,0,0,0,0,0,0,11,1,0,0,6,10,149,12,124,124,2,3,0,1,3227,392,0,175,386,22,3261,56,788,38,159,2,60,3,36,10,70,34,32,12,11,14,13,52,1045,105,1,4,3,1,5,8,4,1,0,0,20,5,28,21,0,0,298,26,0,0,118,1,0,1,0,0,1,1,1,0,4,0,0,0,1,0,0,0,0,1,0,0,1,0,0,0,0,0,0,0,0,1,0,0,1,1,4,3,1,0,0,0,0,1,0,0,2,0,2,1,0,2,11,70,0,0,1,0,0,0,0,0,0,1,0,0,0,0,0,0,1,1,0,0,0,0,0,0
0,0,0,0,0,0,0,0,0,0,0,0,0,0,0,1,0,0,0,0,0,0,0,0,0,0,0,0,0,0,0,0,0,2,0,0,0,373,26,267,0,25,0,2,0,0,385,4276,175,0,47,486,5,3365,1,448,0,48,0,16,0,1,0,68,0,1,0,3,0,14,18,2275,0,0,0,0,0,3,0,0,0,0,0,0,0,13,0,0,1,41,0,0,0,4,0,0,0,0,0,0,0,0,0,10,0,0,0,0,0,1,0,0,0,0,16,2,0,0,0,0,0,0,0,0,0,0,0,0,0,0,0,0,0,0,0,0,0,0,0,1,0,0,0,0,0,5,0,0,0,0,0,0,0,0,0,2,0,0,0,0,0,0,0,1,0,0,0,0,0,0
5,1,0,0,1,0,0,0,4,0,0,0,1,0,3,0,0,0,0,0,0,0,0,0,0,0,0,0,0,0,0,0,53,0,0,0,17,0,22,0,625,43,902,7,0,0,4170,168,386,47,0,45,327,13,689,1,1062,0,2193,5,31,0,7,4,30,1,10,5,21,8,1251,25,2,0,2,0,22,1,21,0,0,0,6,0,102,4,16,0,986,0,3,0,1161,0,3,2,0,0,81,2,87,0,264,1,0,0,0,1,2,1,0,0,19,86,14,1,0,0,0,2,0,0,0,0,2,0,10,1,7,1,7,0,0,0,6,0,1,0,5,0,1,0,6,0,64,18,0,1,2,0,0,0,0,0,1,0,0,0,0,0,0,0,5,0,11,0,10,1,40,12
0,8,0,3,0,2,0,2,0,1,0,0,0,9,0,8,0,0,0,2,0,0,0,0,0,0,0,0,0,0,0,0,1,2,0,0,1,99,22,60,0,289,0,1037,0,12,660,2758,22,486,45,0,1,429,2,699,0,1997,0,3295,2,46,0,31,0,14,1,5,0,54,51,375,0,2,0,14,0,29,2,34,0,0,1,1,0,23,0,0,4,107,0,0,0,51,0,668,0,0,3,50,17,218,0,1700,0,0,0,0,0,2,0,0,9,148,68,126,1,0,0,0,0,3,0,0,0,8,1,28,1,102,0,14,0,1,0,38,0,2,0,81,0,39,0,37,0,78,0,3,1,0,0,0,0,0,0,1,0,2,1,2,0,1,0,14,2,34,0,3,54,1
12,2,0,0,0,2,4,0,0,0,0,0,2,0,0,0,0,0,0,0,0,0,0,0,0,0,0,0,0,0,0,0,20,2,0,0,1,5,61,9,46,58,1,4,0,0,919,15,3261,5,327,1,0,16,4703,9,421,0,69,0,36,5,552,22,54,4,9,3,11,14,696,48,1,0,0,0,5,6,1,2,0,0,20,1,19,15,1,0,314,17,0,0,119,1,0,0,0,0,0,0,0,0,2,0,0,0,0,0,1,0,0,0,1,0,0,0,0,0,0,1,0,0,0,0,0,0,2,0,3,1,1,0,0,0,0,0,0,0,0,1,0,1,0,2,6,27,0,0,1,1,0,0,0,0,0,0,0,0,0,0,0,0,0,0,0,0,0,0,0,0
0,3,0,1,0,6,0,1,0,0,0,0,0,3,0,6,0,0,0,0,0,0,0,0,0,0,0,0,0,0,0,0,2,4,0,0,1,317,101,409,1,168,0,14,0,8,156,3390,56,3365,13,429,16,0,5,4252,2,230,0,139,0,3,0,447,1,24,0,23,0,410,111,1170,0,5,0,3,0,13,0,3,0,0,1,1,0,63,0,1,5,290,0,0,0,58,0,2,0,0,0,0,0,1,0,12,0,0,0,0,0,0,0,0,0,0,12,1,0,0,0,0,0,0,0,2,0,1,0,0,0,4,0,0,0,0,0,1,0,0,0,8,0,3,0,2,0,13,0,1,0,2,0,0,0,2,0,5,0,1,0,0,0,0,0,0,1,0,0,0,0,0
55,3,1,1,11,3,8,1,1,0,0,0,10,4,1,3,0,0,0,0,0,0,0,0,0,0,0,0,0,0,0,0,55,0,0,0,9,6,25,1,17,17,3,2,0,0,636,3,788,1,689,2,4703,5,0,1,3149,0,319,0,259,18,860,30,1124,8,88,12,1186,11,892,7,0,7,0,6,17,5,5,1,0,0,65,0,61,10,0,0,2684,6,0,0,406,1,0,1,0,0,2,4,1,0,5,0,0,0,0,1,1,0,1,0,0,0,0,0,0,0,0,0,0,1,0,0,0,0,2,3,16,3,1,0,1,0,2,1,0,0,1,3,1,2,0,3,4,14,0,1,4,1,0,0,0,0,1,0,0,0,1,0,0,0,0,0,1,0,1,1,1,0
0,8,0,3,0,1,0,1,0,0,0,0,0,4,0,7,0,0,0,1,0,0,0,0,0,0,0,0,0,0,0,0,0,3,0,0,0,115,118,433,0,743,0,62,0,40,103,2171,38,448,1,699,9,4252,1,0,0,2264,1,664,0,12,0,142,0,39,0,20,0,1231,101,1212,0,0,0,2,1,50,0,7,0,0,0,2,0,122,0,0,1,2196,0,3,1,335,0,4,0,0,0,3,0,2,0,26,0,0,0,0,0,0,1,3,0,0,25,1,0,0,0,0,0,1,0,0,0,1,0,1,1,7,0,1,0,0,0,3,0,0,0,6,0,2,0,9,0,30,0,0,0,0,0,0,0,1,0,2,0,0,0,0,0,1,0,6,0,0,0,0,0,0
6,0,1,0,4,0,2,0,0,1,0,0,4,0,1,0,0,0,0,0,0,0,0,0,0,0,0,0,0,0,0,0,10,0,0,0,1,1,13,3,11,2,12,0,0,0,618,1,159,0,1062,0,421,2,3149,0,0,0,1285,0,96,1,40,3,132,2,51,2,130,1,80,0,1,0,2,1,5,1,1,0,0,0,7,1,19,0,0,0,513,3,0,0,1359,0,0,0,0,0,1,0,1,0,9,0,0,0,0,1,0,0,1,0,1,0,0,0,0,0,0,0,0,0,0,0,0,0,0,0,2,2,0,0,0,0,0,1,0,0,0,2,0,0,0,0,1,4,0,0,0,0,0,0,0,0,0,0,0,0,0,0,0,0,0,0,0,0,0,0,0,0
0,0,0,0,0,0,0,0,0,0,0,0,0,0,0,0,0,0,0,0,0,0,0,0,0,0,0,0,0,0,0,0,0,0,0,0,0,3,14,64,0,279,0,60,0,5,10,1026,2,48,0,1997,0,230,0,2264,0,0,0,3015,0,0,0,0,0,0,0,0,0,1,4,181,0,0,0,0,0,3,0,0,0,0,0,0,0,4,0,1,0,403,0,1,0,936,0,120,0,0,0,0,1,7,0,394,0,0,0,0,0,0,0,0,0,0,5,2,0,0,0,0,0,0,0,0,0,0,0,0,0,1,0,0,0,0,0,0,0,0,0,0,0,0,0,1,0,1,0,0,0,0,0,0,0,0,0,0,0,0,0,0,0,0,0,3,0,0,0,0,0,0
1,0,2,0,2,0,0,0,8,0,2,0,0,0,0,0,0,0,0,0,0,0,0,0,0,0,0,0,0,0,0,0,162,0,0,0,0,0,3,0,175,1,1735,0,24,0,91,0,60,0,2193,0,69,0,319,1,1285,0,0,0,25,1,8,2,18,0,12,1,14,1,54,0,0,1,0,0,15,0,2,0,0,0,1,0,119,0,296,0,561,2,779,0,4322,0,0,0,0,0,0,1,0,0,68,0,0,0,0,0,0,0,0,0,0,0,1,0,0,0,0,0,0,0,0,0,0,0,0,0,0,0,0,0,1,0,0,0,0,0,0,1,0,0,0,0,0,1,0,0,0,0,0,0,0,0,0,0,0,0,0,0,0,0,0,0,0,0,0,0,0,0
0,1,0,1,0,0,0,0,0,0,0,0,0,0,0,0,0,3,0,0,0,0,0,0,0,0,0,0,0,0,0,0,0,0,0,0,0,7,17,55,0,205,0,1448,0,24,46,200,3,16,5,3295,0,139,0,664,0,3015,0,0,0,1,0,0,0,0,0,0,0,1,13,82,0,0,0,0,0,5,0,0,0,0,0,0,0,18,0,53,0,207,0,8,0,1272,0,75,0,0,0,15,12,462,0,299,0,0,0,0,0,0,0,0,0,0,19,27,0,0,0,0,0,0,0,0,0,0,0,0,0,0,0,0,0,0,0,0,0,0,0,0,0,0,0,0,0,0,0,0,0,0,0,0,0,0,0,0,0,0,0,0,0,0,0,0,0,0,0,0,0,0
6224,27,526,50,588,21,558,23,123,17,2,0,944,14,394,274,0,0,0,4,0,0,0,0,0,0,0,0,0,0,0,0,657,18,0,0,183,103,10,1,86,2,22,0,0,0,19,1,36,0,31,2,36,0,259,0,96,0,25,0,0,19,1729,7,3315,6,1758,2,376,1,1358,1,820,14,155,21,746,27,261,14,0,0,177,0,953,11,15,1,673,2,0,0,281,0,2,2,1,1,22,11,1,0,1,0,1,0,2,2,7,0,7,3,8,3,1,0,0,0,0,3,0,0,2,0,18,1,297,5,203,4,85,3,3,0,163,11,24,0,1,0,8,0,3,0,286,5,10,0,29,0,0,0,0,21,52,53,0,0,3,3,5,1,27,2,25,1,12,3,12,1
11,4758,4,193,4,262,2,158,2,35,0,0,4,1491,10,683,0,0,0,7,0,0,0,0,0,0,0,0,0,0,0,0,22,218,0,0,62,329,37,18,8,136,3,163,0,26,15,1,10,1,0,46,5,3,18,12,1,0,1,1,19,0,11,1058,11,501,4,1413,7,341,298,576,23,1410,4,144,6,792,6,517,0,0,12,22,17,246,0,6,73,280,0,0,12,2,1,7,0,2,4,61,0,1,1,3,0,2,2,8,1,9,3,12,4,6,0,0,0,0,0,4,0,20,0,3,0,43,4,68,16,478,3,38,0,1,0,29,0,1,0,48,3,133,0,111,1,233,0,20,4,48,0,1,0,4,1,22,0,3,2,4,0,10,1,30,1,11,1,9,11,0
192,9,2,0,8,0,14,1,1,1,0,0,31,3,1,14,0,0,0,0,0,0,0,0,0,0,0,0,0,0,0,0,85,0,0,0,10,7,5,1,22,0,4,0,0,0,13,0,70,0,7,0,552,0,860,0,40,0,8,0,1729,11,0,5,2950,2,139,1,465,0,2346,0,102,10,9,5,65,2,25,1,0,0,24,0,45,0,0,0,79,2,0,0,24,0,1,0,0,0,2,3,0,0,0,1,0,0,1,1,0,0,1,1,2,1,1,0,0,0,0,2,0,1,0,0,4,0,18,1,58,1,10,0,1,0,6,1,2,0,0,0,3,0,1,0,8,1,0,0,3,1,0,0,0,0,0,0,0,0,0,0,0,0,4,0,3,0,1,1,2,1
3,70,2,24,0,19,0,20,0,5,0,1,0,40,1,476,0,1,0,3,0,0,0,0,0,0,0,0,0,0,0,0,22,27,0,0,24,1346,119,235,2,87,4,39,0,6,34,2,34,68,4,31,22,447,30,142,3,0,2,0,7,1058,5,0,4,533,3,206,6,815,258,1874,3,447,2,21,7,83,2,32,0,0,8,21,11,135,0,0,50,98,0,0,9,7,0,1,1,0,0,22,0,0,0,0,0,0,1,2,1,2,1,3,0,2,2,0,0,0,0,0,0,14,0,6,0,20,1,16,5,94,1,4,0,1,1,6,0,0,0,22,1,32,0,30,0,143,1,4,6,16,0,2,0,12,2,80,0,0,0,2,0,2,0,5,0,0,0,0,0,0
156,6,4,0,19,1,22,0,4,1,0,0,23,0,6,24,0,0,0,0,0,0,0,0,0,0,0,0,0,0,0,0,46,1,0,0,15,9,3,0,15,0,7,0,0,0,12,0,32,0,30,0,54,1,1124,0,132,0,18,0,3315,11,2950,4,0,0,2138,1,2090,2,461,3,25,7,13,1,55,3,25,3,0,0,26,0,136,4,0,0,243,0,0,0,179,0,0,0,1,0,1,1,0,0,1,0,0,0,0,0,0,0,0,0,0,0,0,0,1,0,0,1,0,0,0,0,1,0,21,0,40,1,9,0,0,0,4,0,1,0,0,0,3,1,3,1,23,2,2,0,7,0,0,0,0,0,1,0,0,0,0,0,0,0,4,0,2,0,0,0,0,0
2,281,1,92,1,144,1,47,0,16,0,0,0,40,4,119,0,0,0,2,0,0,0,0,0,0,0,0,0,0,0,0,2,27,0,0,7,151,22,36,0,46,0,21,0,2,7,0,12,1,1,14,4,24,8,39,2,0,0,0,6,501,2,533,0,0,1,778,0,1658,41,7,3,16,0,21,0,77,3,23,0,0,3,9,1,91,0,0,7,170,0,0,1,1,0,0,0,0,0,8,0,0,0,0,0,0,0,1,0,1,0,1,0,0,0,0,0,0,0,0,0,0,0,2,1,2,1,7,0,45,0,1,0,0,0,3,0,0,0,11,0,18,0,21,0,39,0,3,0,5,0,0,0,2,4,3,0,0,0,1,0,0,0,2,0,0,0,0,0,0
158,4,4,1,11,0,20,0,4,0,0,0,197,0,12,17,0,0,0,0,0,0,0,0,0,0,0,0,0,0,0,0,124,0,0,0,14,5,7,0,17,0,3,0,0,0,6,0,11,0,10,1,9,0,88,0,51,0,12,0,1758,4,139,3,2138,1,0,2,267,1,219,2,27,4,8,0,89,1,45,2,0,0,31,0,1309,1,1,0,666,1,0,0,134,0,0,0,0,0,5,2,0,0,1,1,0,0,0,0,4,1,1,1,2,0,0,0,0,0,0,2,0,0,0,0,2,0,16,0,53,2,12,1,1,0,7,1,1,0,0,0,4,0,1,0,15,0,1,0,11,0,0,0,0,0,1,0,0,0,1,0,0,1,2,2,0,0,3,1,0,1
3,370,0,228,4,518,1,466,0,273,0,3,2,831,4,138,0,0,0,43,0,0,0,0,0,0,0,0,0,0,0,0,2,85,0,0,8,34,33,65,0,51,0,13,0,13,6,0,14,3,5,5,3,23,12,20,2,0,1,0,2,1413,1,206,1,778,2,0,1,965,98,14,10,14,2,98,3,111,2,26,0,0,2,39,4,908,2,5,12,379,0,0,2,0,0,1,0,0,0,5,0,0,0,0,0,0,0,2,0,0,0,0,0,0,0,0,0,0,0,0,0,1,0,0,1,1,2,2,1,13,0,0,0,0,0,1,0,0,0,5,0,5,0,5,2,13,0,1,1,1,0,0,0,0,9,38,0,0,0,0,0,1,0,0,1,0,0,0,0,0
79,1,2,0,8,0,5,0,0,0,0,0,5,0,0,5,0,0,0,0,0,0,0,0,0,0,0,0,0,0,0,0,18,0,0,0,3,4,3,0,4,0,1,0,0,0,11,0,13,0,21,0,11,0,1186,0,130,0,14,0,376,7,465,6,2090,0,267,1,0,0,80,1,3,4,2,1,7,0,1,0,0,0,12,0,43,1,0,0,1309,1,0,0,174,0,0,0,0,1,1,0,1,0,1,0,0,0,0,1,1,0,0,1,1,0,0,0,0,0,0,0,0,0,0,0,0,0,0,0,7,0,1,0,0,0,0,0,0,0,0,0,1,0,0,0,1,1,0,0,2,0,0,0,0,0,0,0,0,0,0,0,0,0,0,0,0,0,0,0,1,0
2,261,0,94,0,117,1,40,0,18,0,0,1,27,2,158,0,0,0,3,0,1,0,0,0,0,0,0,0,0,0,0,3,48,0,0,4,276,92,196,0,346,0,59,0,26,30,6,52,14,8,54,14,410,11,1231,1,1,1,1,1,341,0,815,2,1658,1,965,0,0,115,127,6,12,0,23,1,149,1,25,0,0,2,22,4,572,0,0,12,1069,0,0,3,7,0,1,0,3,0,7,0,1,0,0,0,1,0,2,0,2,0,0,1,0,0,0,0,0,0,1,0,2,0,3,0,5,0,6,1,56,0,2,0,0,0,12,0,0,0,32,0,25,0,26,2,106,0,5,0,5,0,0,0,0,1,10,0,1,0,1,0,0,0,2,0,2,0,1,0,0
1625,146,206,15,116,17,100,21,24,4,1,0,101,39,84,147,1,0,0,0,0,0,0,0,0,0,0,0,0,0,0,0,366,15,0,0,1294,232,974,39,446,202,103,59,0,8,2320,154,1045,18,1251,51,696,111,892,101,80,4,54,13,1358,298,2346,258,461,41,219,98,80,115,0,228,1301,156,55,31,284,49,173,26,0,0,104,8,277,101,4,1,513,101,0,0,84,11,0,5,3,4,33,23,17,2,10,2,1,3,4,6,5,8,17,8,13,6,13,0,0,0,1,5,0,5,1,5,18,9,73,11,358,46,66,3,10,0,36,11,1,0,3,12,11,24,3,14,171,145,8,4,57,7,0,0,0,0,1,4,0,0,5,4,5,0,25,4,7,1,16,10,8,4
1,40,2,3,1,4,0,1,0,2,0,0,0,6,0,67,0,0,0,0,0,1,0,0,0,0,0,0,0,0,0,0,4,9,0,0,11,2233,157,1343,5,186,0,32,0,13,360,1769,105,2275,25,375,48,1170,7,1212,0,181,0,82,1,576,0,1874,3,7,2,14,1,127,228,0,3,591,1,13,3,18,0,13,0,0,3,2,1,73,0,0,10,316,0,1,2,86,1,2,0,0,0,2,27,0,0,2,0,1,0,0,0,0,0,1,3,0,156,0,0,0,0,1,0,0,0,0,0,3,0,5,2,16,0,2,0,0,0,1,0,0,0,5,0,2,0,7,0,14,0,3,1,3,0,1,0,2,0,17,0,0,0,1,0,0,0,2,0,2,0,2,1,0
819,147,114,47,61,24,118,22,51,9,0,0,61,17,1302,386,0,0,0,2,0,0,0,0,0,0,0,0,0,0,0,0,131,23,0,0,513,182,5,0,45,2,10,2,0,0,2,0,1,0,2,0,1,0,0,0,1,0,0,0,820,23,102,3,25,3,27,10,3,6,1301,3,0,43,44,14,277,51,137,36,0,0,9,0,71,3,7,2,6,2,0,0,0,0,0,1,0,2,10,9,2,0,0,3,0,0,2,2,2,0,4,1,9,3,0,0,0,0,0,1,0,0,1,0,13,1,153,4,122,6,58,4,2,0,93,7,6,0,2,0,2,1,1,2,161,4,7,5,16,1,0,0,0,2,14,14,0,0,4,1,4,1,16,1,10,2,3,4,5,2
5,555,2,42,1,19,0,27,0,2,0,0,4,62,2,959,0,0,0,1,0,0,0,0,0,0,0,0,0,0,0,0,13,18,0,0,70,441,27,2,6,13,1,5,0,0,4,0,4,0,0,2,0,5,7,0,0,0,1,0,14,1410,10,447,7,16,4,14,4,12,156,591,43,0,1,52,8,93,3,88,0,0,4,0,9,4,0,2,18,1,0,0,0,0,0,0,0,1,4,10,0,0,0,0,0,0,0,0,0,0,0,2,3,3,0,0,0,0,0,1,0,3,0,1,1,5,1,22,10,71,3,8,0,1,1,11,0,0,0,1,0,10,0,7,4,25,1,1,8,4,0,0,0,0,0,4,0,1,0,3,0,0,1,5,0,2,0,0,1,1
138,3,1290,206,997,36,128,9,548,13,527,14,38,3,240,53,19,11,196,307,19,222,68,26,181,6,132,1,211,10,110,1,346,67,0,0,93,54,5,0,42,1,4,0,10,1,0,0,3,0,2,0,0,0,0,0,2,0,0,0,155,4,9,2,13,0,8,2,2,0,55,1,44,1,0,118,1320,50,300,5,0,0,4,0,22,0,11,1,9,1,0,0,1,0,0,0,0,0,11,5,1,0,0,0,0,1,2,3,2,1,2,1,3,0,0,0,0,0,0,1,1,0,7,0,50,0,217,2,205,0,64,0,3,1,138,14,15,0,1,0,2,1,2,0,264,1,7,0,44,0,3,21,41,440,149,138,38,32,0,0,0,0,15,2,15,1,2,1,5,1
9,474,27,363,10,549,5,215,2,289,3,14,4,170,40,322,2,81,7,206,6,378,8,146,9,1,2,2,2,14,0,1,13,353,0,0,22,217,1,1,3,154,2,42,0,45,0,0,1,0,0,14,0,3,6,2,1,0,0,0,21,144,5,21,1,21,0,98,1,23,31,13,14,52,118,0,15,4300,4,3111,0,0,3,3,5,71,0,13,10,23,0,0,1,1,1,4,2,1,5,103,5,0,0,4,2,0,7,5,3,7,2,4,15,18,1,0,1,1,0,9,0,18,0,3,1,447,2,1313,12,613,0,329,0,17,5,343,0,33,0,11,0,69,0,145,6,880,0,215,0,67,2,29,7,63,8,60,35,65,3,13,2,47,0,144,1,53,9,31,30,2
434,11,1351,45,1115,9,192,7,872,19,535,2,189,8,381,113,174,2,92,14,2,4,32,2,66,0,54,0,174,0,41,0,3707,14,0,0,173,73,19,0,389,2,21,0,301,0,2,0,5,0,22,0,5,0,17,1,5,0,15,0,746,6,65,7,55,0,89,3,7,1,284,3,277,8,1320,15,0,16,2775,3,0,0,36,0,181,2,39,0,92,1,25,0,48,0,0,5,1,2,19,4,0,0,0,0,0,1,1,0,0,1,1,1,18,2,0,0,0,0,0,3,5,0,3,0,144,1,281,1,57,1,67,0,31,0,468,204,25,0,5,0,10,0,6,2,251,3,4,0,10,0,2,4,11,43,130,120,523,1,2,1,5,0,41,0,86,0,12,6,23,3
22,875,35,718,29,587,6,177,12,209,0,74,4,392,66,553,1,84,3,503,0,145,2,79,0,13,0,23,1,12,0,6,18,1971,0,0,34,155,12,18,3,568,3,27,0,202,5,4,8,3,1,29,6,13,5,50,1,3,0,5,27,792,2,83,3,77,1,111,0,149,49,18,51,93,50,4300,16,0,0,1553,0,0,2,54,3,247,0,70,4,188,0,5,3,20,0,2,0,2,1,37,1,0,1,1,0,1,1,2,4,0,0,2,5,2,1,0,0,1,0,3,0,1,0,0,4,73,14,76,1,59,0,34,0,7,6,23,0,3,0,12,1,11,0,23,12,74,0,17,0,3,1,3,0,91,75,190,0,505,0,5,0,22,0,20,1,9,2,3,3,0
99,6,80,7,60,1,28,2,27,0,14,0,43,1,39,24,2,0,2,0,0,0,0,0,0,0,0,0,1,0,1,0,186,1,0,0,27,11,2,0,537,0,52,0,103,0,4,0,4,0,21,2,1,0,5,0,1,0,2,0,261,6,25,2,25,3,45,2,1,1,173,0,137,3,300,4,2775,0,0,4,0,0,10,0,71,0,5,0,24,0,1,0,16,0,1,8,0,6,90,44,5,2,0,2,3,0,0,2,11,13,2,2,91,27,4,0,1,1,0,8,1,0,1,0,163,1,118,0,96,4,63,2,44,0,291,156,10,0,7,0,17,2,11,3,109,7,4,2,11,0,0,0,2,3,9,7,7,0,11,7,6,2,90,2,122,3,42,15,109,36
14,628,7,170,7,175,3,88,1,59,0,2,3,137,20,288,0,3,3,66,0,9,0,3,0,0,0,0,0,1,0,0,4,90,0,0,17,77,1,3,1,283,0,110,0,77,0,0,1,0,0,34,2,3,1,7,0,0,0,0,14,517,1,32,3,23,2,26,0,25,26,13,36,88,5,3111,3,1553,4,0,0,0,2,7,3,40,1,0,5,27,0,0,1,0,2,3,1,6,6,114,4,1,0,1,2,0,5,14,3,9,8,7,9,23,0,1,0,0,1,11,0,0,0,0,1,160,3,156,0,88,0,40,0,4,0,34,1,4,0,1,0,28,0,16,4,96,0,16,0,9,0,0,0,7,22,83,0,53,5,22,0,56,1,129,1,25,4,20,32,4
0,0,0,0,0,0,0,0,0,0,0,0,0,0,0,0,0,0,0,0,0,0,0,0,0,0,0,0,0,0,0,0,0,0,0,0,0,0,0,0,0,0,0,0,0,0,0,0,0,0,0,0,0,0,0,0,0,0,0,0,0,0,0,0,0,0,0,0,0,0,0,0,0,0,0,0,0,0,0,0,0,0,0,0,0,0,0,0,0,0,0,0,0,0,0,0,0,0,0,0,0,0,0,0,0,0,0,0,0,0,0,0,0,0,0,0,0,0,0,0,0,0,0,0,0,0,0,0,0,0,0,0,0,0,0,0,0,0,0,0,0,0,0,0,0,0,0,0,0,0,0,0,0,0,0,0,0,0,0,0,0,0,0,0,0,0,0,0,0,0
0,0,0,0,0,0,0,0,0,0,0,0,0,0,0,0,0,0,0,0,0,0,0,0,0,0,0,0,0,0,0,0,0,0,0,0,0,0,0,0,0,0,0,0,0,0,0,0,0,0,0,0,0,0,0,0,0,0,0,0,0,0,0,0,0,0,0,0,0,0,0,0,0,0,0,0,0,0,0,0,0,0,0,0,0,0,0,0,0,0,0,0,0,0,0,0,0,0,0,0,0,0,0,0,0,0,0,0,0,0,0,0,0,0,0,0,0,0,0,0,0,0,0,0,0,0,0,0,0,0,0,0,0,0,0,0,0,0,0,0,0,0,0,0,0,0,0,0,0,0,0,0,0,0,0,0,0,0,0,0,0,0,0,0,0,0,0,0,0,0
66,5,5,0,2,1,44,3,2,0,0,0,322,1,2,2,0,0,0,0,0,0,0,0,0,0,0,0,0,0,0,0,79,0,0,0,10,6,3,0,16,2,0,0,0,0,11,0,20,0,6,1,20,1,65,0,7,0,1,0,177,12,24,8,26,3,31,2,12,2,104,3,9,4,4,3,36,2,10,2,0,0,0,0,484,4,3,0,347,0,0,0,3,0,0,2,0,0,2,1,0,0,0,0,0,0,0,1,1,0,0,1,1,0,0,0,0,0,0,0,0,0,0,0,1,0,5,1,14,2,6,0,1,0,3,0,0,0,0,0,4,1,1,1,7,2,1,0,7,1,0,0,0,0,0,0,0,0,0,0,0,0,1,0,0,0,1,0,0,0
0,10,0,1,0,2,0,11,0,4,0,0,0,652,0,8,0,0,0,1,0,0,0,0,0,0,0,0,0,0,0,0,1,123,0,0,0,4,2,1,1,10,0,2,0,6,0,0,5,0,0,1,1,1,0,2,1,0,0,0,0,22,0,21,0,9,0,39,0,22,8,2,0,0,0,3,0,54,0,7,0,0,0,0,0,409,0,20,3,8,0,0,1,1,0,0,0,0,0,1,0,0,0,0,0,0,0,0,0,0,0,0,0,0,0,0,0,0,0,0,0,0,0,0,0,0,0,0,0,0,0,0,0,0,0,0,0,0,0,3,0,0,0,0,0,1,0,0,0,0,0,0,0,0,0,2,0,0,0,0,0,0,0,0,0,0,0,0,0,0
321,11,20,2,13,1,130,1,17,1,0,0,1242,0,26,26,0,0,0,0,0,0,0,0,0,0,0,0,0,0,0,0,411,1,0,0,35,12,8,2,666,1,143,2,0,0,19,0,28,0,102,0,19,0,61,0,19,0,119,0,953,17,45,11,136,1,1309,4,43,4,277,1,71,9,22,5,181,3,71,3,0,0,484,0,0,5,488,0,4658,2,0,0,532,0,1,3,0,2,5,5,2,1,3,0,0,0,1,1,2,1,0,0,2,1,0,0,0,0,0,1,0,0,1,0,5,2,52,1,65,4,15,0,0,0,24,0,2,1,7,0,12,3,6,2,47,7,2,0,3,0,0,0,0,1,3,1,0,0,1,0,0,0,8,0,4,0,4,1,2,2
13,106,5,174,3,234,0,121,0,116,0,2,2,2034,12,140,0,2,0,32,0,0,0,0,0,0,0,0,0,0,0,0,5,379,0,0,3,26,37,94,2,492,0,20,0,64,21,13,21,13,4,23,15,63,10,122,0,4,0,18,11,246,0,135,4,91,1,908,1,572,101,73,3,4,0,71,2,247,0,40,0,0,4,409,5,0,0,322,17,5936,0,14,6,59,0,0,0,0,0,4,0,0,0,0,0,0,0,1,0,0,0,0,1,0,0,0,0,0,0,0,0,1,0,0,0,0,0,4,4,4,0,3,0,0,2,1,0,0,0,9,0,2,0,6,0,28,0,2,0,0,0,0,0,2,14,25,0,0,0,0,0,0,0,3,0,0,0,0,0,0
33,0,69,5,60,2,264,0,114,0,8,1,277,1,23,2,0,0,6,0,0,0,0,0,0,0,0,0,5,0,0,0,695,1,0,0,13,6,5,0,503,0,193,0,420,0,0,0,0,0,16,0,1,0,0,0,0,0,296,0,15,0,0,0,0,0,1,2,0,0,4,0,7,0,11,0,39,0,5,1,0,0,3,0,488,0,0,0,728,0,516,0,150,0,0,0,0,0,0,0,0,0,0,0,0,0,0,0,0,0,0,0,1,0,0,0,0,0,0,0,0,0,1,0,1,0,1,0,0,0,0,0,0,0,1,0,0,0,1,0,0,0,0,0,5,0,0,0,0,0,0,0,0,1,3,13,1,0,0,0,0,0,1,0,0,0,1,0,0,0
0,16,0,8,0,8,0,15,0,2,0,27,0,297,0,17,0,95,0,1,0,8,0,8,0,0,0,3,0,33,0,50,0,439,0,0,1,0,0,0,0,69,0,62,0,566,0,0,0,0,0,0,0,1,0,0,0,1,0,53,1,6,0,0,0,0,0,5,0,0,1,0,2,2,1,13,0,70,0,0,0,0,0,20,0,322,0,0,0,1536,0,1166,0,87,0,0,0,0,0,0,0,0,0,0,0,0,0,0,0,0,0,0,0,0,0,0,0,0,0,0,0,0,0,0,0,1,1,0,0,2,1,0,0,0,0,0,0,0,0,0,0,0,0,0,0,0,0,0,0,0,0,0,0,1,1,0,0,0,0,0,0,0,0,0,0,0,0,0,0,0
309,10,2,1,20,3,56,5,1,1,4,0,144,2,3,12,0,0,0,0,0,0,0,0,0,0,0,0,1,0,0,0,396,2,0,0,17,16,31,3,459,14,287,4,16,0,397,0,298,1,986,4,314,5,2684,1,513,0,561,0,673,73,79,50,243,7,666,12,1309,12,513,10,6,18,9,10,92,4,24,5,0,0,347,3,4658,17,728,0,0,9,219,0,3929,2,1,1,0,4,8,4,3,0,7,0,0,2,0,1,0,1,0,2,4,1,2,0,0,0,0,0,0,2,0,0,2,1,11,0,61,11,6,0,1,0,11,3,1,0,7,4,7,5,6,4,22,14,2,3,15,1,0,0,0,0,0,0,0,0,0,0,1,0,3,1,3,0,3,2,1,1
2,244,1,216,0,127,0,26,0,20,0,0,0,34,1,139,0,100,0,15,0,0,0,1,0,0,0,0,0,0,0,0,3,39,0,0,2,92,77,241,0,1302,0,39,0,223,41,106,26,41,0,107,17,290,6,2196,3,403,2,207,2,280,2,98,0,170,1,379,1,1069,101,316,2,1,1,23,1,188,0,27,0,0,0,8,2,5936,0,1536,9,0,0,732,2,2689,0,0,0,0,0,5,0,1,0,1,0,0,1,1,0,1,0,1,0,0,1,0,0,0,0,0,0,2,0,1,0,3,0,1,1,17,0,2,0,0,1,3,0,0,0,26,0,16,0,14,1,90,0,1,0,5,0,0,0,0,2,9,0,2,0,0,0,1,0,7,0,0,0,0,0,0
0,0,3,0,1,0,0,0,1,0,2,0,0,0,0,0,1,0,0,0,0,0,0,0,0,0,0,0,3,0,0,0,191,0,0,0,0,0,0,0,405,0,79,0,213,0,0,0,0,0,3,0,0,0,0,0,0,0,779,0,0,0,0,0,0,0,0,0,0,0,0,0,0,0,0,0,25,0,1,0,0,0,0,0,0,0,516,0,219,0,0,0,860,0,0,0,0,0,0,0,0,0,0,0,0,0,0,0,0,0,0,0,0,0,0,0,0,0,0,0,0,0,0,0,1,0,0,0,0,0,0,0,0,0,0,0,0,0,0,0,0,0,0,0,0,0,0,0,0,0,0,0,0,1,0,0,0,0,0,0,0,0,0,0,0,0,0,0,0,0
0,0,0,0,0,0,0,0,0,0,0,0,0,0,0,0,0,14,0,0,0,0,0,0,0,0,0,0,0,0,0,0,0,2,0,0,0,0,0,0,0,54,0,141,0,210,0,0,0,0,0,0,0,0,0,3,0,1,0,8,0,0,0,0,0,0,0,0,0,0,0,1,0,0,0,0,0,5,0,0,0,0,0,0,0,14,0,1166,0,732,0,0,0,50,0,0,0,0,0,0,0,0,0,0,0,0,0,0,0,0,0,0,0,0,0,0,0,0,0,0,0,0,0,0,0,0,0,0,0,0,0,0,0,0,0,0,0,0,0,0,0,0,0,0,0,1,0,0,0,0,0,0,0,0,0,0,0,0,0,0,0,0,0,0,0,0,0,0,0,0
27,1,4,1,4,1,5,0,5,1,3,0,6,1,0,1,1,0,0,0,0,0,0,0,0,0,1,0,0,0,0,0,556,0,0,0,2,2,4,1,641,2,563,0,40,0,302,0,118,0,1161,0,119,0,406,1,1359,0,4322,0,281,12,24,9,179,1,134,2,174,3,84,2,0,0,1,1,48,3,16,1,0,0,3,1,532,6,150,0,3929,2,860,0,0,0,0,1,0,0,2,0,6,0,6,0,0,0,0,0,0,0,0,0,0,0,5,0,0,0,0,0,0,0,0,0,0,0,2,1,5,1,1,0,0,0,1,1,0,0,1,0,0,1,0,2,4,5,0,0,0,0,0,0,0,0,0,1,1,0,0,0,0,0,0,0,0,0,1,1,0,0
0,1,0,0,0,0,0,0,0,1,0,0,0,0,0,3,0,3,0,0,0,0,0,0,0,0,0,0,0,0,0,0,0,0,0,0,0,12,20,55,0,679,0,12,0,51,13,52,1,4,0,51,1,58,1,335,0,936,0,1272,0,2,0,7,0,1,0,0,0,7,11,86,0,0,0,1,0,20,0,0,0,0,0,1,0,59,0,87,2,2689,0,50,0,0,0,0,0,0,0,0,0,16,0,3,0,0,0,0,0,0,0,0,0,0,2,0,0,0,0,0,0,0,0,0,0,0,0,0,0,0,0,0,0,0,0,0,0,0,0,0,0,1,0,0,0,5,0,0,0,0,0,0,0,0,0,0,0,0,0,1,0,1,0,1,0,0,0,0,0,0
0,0,0,0,0,0,0,0,0,0,0,0,1,0,0,0,0,0,0,0,0,0,0,0,0,0,0,0,0,0,0,0,0,0,0,0,1,0,0,0,2,1,2,0,0,1,46,0,0,0,3,0,0,0,0,0,0,0,0,0,2,1,1,0,0,0,0,0,0,0,0,1,0,0,0,1,0,0,1,2,0,0,0,0,1,0,0,0,1,0,0,0,0,0,0,30,2315,25,61,16,962,12,2917,61,404,2,364,30,145,26,81,19,3,5,33,107,245,8,11,2,0,0,0,0,0,0,0,0,1,1,0,0,0,0,0,0,0,0,0,0,0,0,0,0,2,0,0,0,0,0,0,0,0,0,0,0,0,0,1,3,0,1,1,0,0,0,1,5,0,0
0,0,0,0,0,0,0,1,0,0,0,0,0,1,0,1,0,0,0,0,0,0,0,0,0,0,0,0,0,0,0,0,1,0,0,0,2,0,0,1,13,5,12,1,0,1,20,20,1,0,2,668,0,2,1,4,0,120,0,75,2,7,0,1,0,0,0,1,0,1,5,2,1,0,0,4,5,2,8,3,0,0,2,0,3,0,0,0,1,0,0,0,1,0,30,0,29,3788,41,439,104,180,16,5368,27,107,140,732,100,641,52,102,156,25,129,87,250,69,43,49,0,0,0,0,0,1,1,1,6,3,1,0,0,0,0,0,0,0,0,2,1,0,0,0,1,0,0,0,0,0,0,0,0,0,0,0,0,0,10,8,0,1,6,3,1,3,16,41,0,1
0,0,0,0,0,0,0,0,0,0,0,0,0,0,0,0,0,0,0,0,0,0,0,0,0,0,0,0,0,0,0,0,0,0,0,0,0,0,0,0,4,4,4,0,0,2,0,0,0,0,0,0,0,0,0,0,0,0,0,0,1,0,0,1,1,0,0,0,0,0,3,0,0,0,0,2,1,0,0,1,0,0,0,0,0,0,0,0,0,0,0,0,0,0,2315,29,0,30,68,23,856,14,691,40,1479,6,472,46,175,32,76,30,5,4,16,26,43,10,4,1,0,0,0,0,0,0,0,0,0,0,0,0,0,0,0,0,0,0,0,0,0,0,0,0,0,0,0,0,0,0,0,0,0,0,0,0,0,0,4,0,0,0,0,7,0,0,0,8,0,0
0,1,0,0,0,0,0,0,0,0,0,0,1,2,0,0,0,0,0,0,0,0,0,0,0,0,0,0,0,0,0,0,1,0,0,0,0,0,0,0,13,4,8,0,0,1,0,0,0,0,0,0,0,0,0,0,0,0,0,0,1,2,0,0,0,0,0,0,1,3,4,0,2,1,0,1,2,2,6,6,0,0,0,0,2,0,0,0,4,0,0,0,0,0,25,3788,30,0,24,196,88,83,14,341,32,696,124,1712,72,577,45,75,105,32,141,105,404,121,46,47,0,0,0,0,0,0,0,0,7,2,0,0,0,0,0,0,0,0,0,0,0,0,0,0,0,0,0,0,0,0,0,0,0,0,0,0,0,0,3,0,0,1,2,3,0,0,15,35,3,1
13,1,2,0,2,0,3,1,2,1,0,0,3,0,5,3,0,0,0,0,0,0,0,0,0,0,0,0,0,0,0,0,15,1,0,0,3,4,1,0,117,4,63,2,0,0,0,0,1,0,81,3,0,0,2,0,1,0,0,0,22,4,2,0,1,0,5,0,1,0,33,0,10,4,11,5,19,1,90,6,0,0,2,0,5,0,0,0,8,0,0,0,2,0,61,41,68,24,0,101,678,12,79,28,35,7,278,60,1366,39,71,30,84,240,68,18,21,288,46,132,0,0,0,0,7,3,38,8,78,9,54,1,1,0,29,2,5,0,25,0,20,6,47,3,65,3,4,1,8,0,0,0,0,0,0,0,0,0,27,16,2,2,25,14,40,9,57,33,267,28
3,32,1,3,0,1,0,3,0,4,0,0,2,5,2,15,0,1,0,2,0,0,0,0,0,0,0,0,0,0,0,0,6,6,0,0,3,4,3,0,40,32,19,58,0,26,0,1,1,0,2,50,0,0,4,3,0,0,1,15,11,61,3,22,1,8,2,5,0,7,23,2,9,10,5,103,4,37,44,114,0,0,1,1,5,4,0,0,4,5,0,0,0,0,16,439,23,196,101,0,119,1483,15,657,18,20,133,256,62,352,24,199,99,220,463,57,29,13,11,30,0,1,0,0,1,24,11,50,24,109,8,34,0,1,0,22,0,2,2,13,10,49,9,15,24,16,0,7,2,0,0,0,0,0,0,1,0,6,40,89,1,28,12,84,13,67,80,58,73,19
4,0,0,0,0,0,0,0,0,0,0,0,1,0,0,0,0,0,0,1,0,0,0,0,0,0,0,0,0,0,0,0,0,0,0,0,0,0,0,0,16,6,7,30,0,3,3,3,1,0,87,17,0,0,1,0,1,1,0,12,1,0,0,0,0,0,0,0,1,0,17,27,2,0,1,5,0,1,5,4,0,0,0,0,2,0,0,0,3,0,0,0,6,0,962,104,856,88,678,119,0,55,2061,108,519,11,1746,73,592,71,182,71,38,223,978,203,140,165,121,53,0,0,0,0,0,0,5,1,7,1,2,0,0,0,8,0,0,0,0,0,0,0,3,1,8,0,0,0,3,1,0,0,0,0,0,0,0,0,7,1,0,1,2,10,4,1,13,18,44,1
0,0,0,0,0,0,0,0,0,0,0,0,0,0,0,0,0,0,0,0,0,0,0,0,0,0,0,0,0,0,0,0,0,0,0,0,0,0,0,0,4,2,4,122,0,1,3,1,0,0,0,218,0,1,0,2,0,7,0,462,0,1,0,0,0,0,0,0,0,1,2,0,0,0,0,0,0,0,2,1,0,0,0,0,1,0,0,0,0,1,0,0,0,16,12,180,14,83,12,1483,55,0,13,2470,2,4,36,102,30,356,19,454,122,88,600,195,41,29,17,33,0,0,0,0,0,0,1,0,0,0,0,0,0,0,0,0,0,0,1,0,0,0,0,0,1,0,0,0,0,0,0,0,0,0,0,0,0,0,0,2,0,0,1,0,0,1,1,48,1,0
