0,57,1770,63,1672,31,1272,15,473,10,4,0,561,4,779,181,1,0,18,3,3,0,2,0,0,0,0,0,0,0,2,0,178,4,0,0,523,265,82,7,114,12,9,3,7,1,14,1,15,0,9,1,31,0,201,1,24,0,9,0,5501,11,323,6,427,4,371,7,154,2,458,27,517,13,264,17,641,20,31,1,0,0,30,0,473,5,51,0,677,2,0,0,246,1,0,11,6,19,74,32,7,4,4,3,4,4,6,16,20,4,3,11,55,16,1,1,0,0,0,5,3,0,2,0,41,0,92,0,6,2,2,4,14,0,368,4,35,2,4,0,22,0,8,2,272,7,8,2,1,0,0,0,0,0,51,38,3,1,13,7,8,1,88,9,76,3,6,6,53,15
57,0,16,1465,2,1632,1,945,1,190,0,2,1,328,21,1143,0,0,2,17,0,0,0,0,0,2,0,0,0,0,0,0,0,125,0,0,11,331,1,11,4,144,6,10,0,7,6,2,1,6,1,6,2,8,0,99,0,6,0,1,37,3609,4,185,4,306,3,462,0,360,12,166,15,425,20,526,5,592,2,46,0,0,0,5,4,241,0,4,6,439,0,0,0,50,2,1,7,5,8,40,4,2,1,0,5,2,13,5,7,4,6,2,28,6,2,1,0,0,0,7,0,0,0,0,0,9,1,9,3,21,0,43,0,2,3,49,0,12,0,4,1,10,1,16,5,72,0,43,0,4,0,0,0,1,9,27,1,15,5,14,1,25,1,60,0,21,2,7,25,5
1770,16,0,190,4685,125,440,25,357,57,298,4,100,4,2461,92,7,7,1336,115,97,5,33,2,79,0,113,1,35,0,136,0,450,12,0,0,324,163,47,7,83,7,8,2,17,4,9,0,6,1,3,0,21,0,65,3,10,0,7,0,378,2,156,6,80,2,87,4,28,3,423,10,201,5,301,23,1021,82,38,0,0,0,2,0,49,3,85,1,73,1,8,0,87,0,1,8,5,5,36,21,4,0,3,0,3,1,3,5,6,9,1,0,22,9,0,0,0,1,0,1,0,0,1,0,54,1,35,0,6,1,11,3,14,0,370,11,25,3,1,0,13,1,3,1,118,5,4,0,0,0,4,7,14,73,483,364,13,0,12,4,10,7,54,8,34,1,5,4,18,6
63,1465,190,0,56,5094,3,255,4,367,1,135,3,57,135,1919,15,34,236,1762,52,65,6,32,0,95,0,68,1,15,0,9,3,99,0,0,32,612,0,16,2,51,2,1,2,19,3,1,0,7,0,11,1,26,2,111,0,2,0,9,25,131,2,95,3,36,1,55,0,62,10,208,8,77,174,220,13,674,0,19,0,0,0,3,0,69,1,14,1,178,0,1,1,32,0,1,5,3,9,20,7,2,4,0,2,2,10,2,2,1,1,1,13,2,0,0,0,0,0,0,0,1,0,0,1,1,0,1,0,5,0,16,1,0,4,79,0,14,0,2,0,5,0,4,2,27,0,22,0,0,19,13,63,328,76,437,5,21,3,13,1,15,4,41,1,12,1,1,10,3
1672,2,4685,56,0,50,959,7,1972,16,484,1,137,0,83,28,0,3,61,40,21,0,20,0,24,0,82,0,27,0,278,0,397,3,0,0,53,60,17,5,47,1,3,1,16,1,2,0,11,1,7,0,15,0,52,2,11,1,6,0,303,7,43,1,62,0,71,1,12,0,98,4,34,3,177,7,710,21,24,1,0,0,15,0,114,2,58,0,122,1,3,0,73,0,2,3,3,1,27,9,2,0,0,3,1,0,3,3,7,0,2,0,23,5,0,0,1,0,0,1,0,2,0,0,52,0,17,0,2,0,4,1,15,0,276,3,32,0,3,0,10,0,3,1,66,0,3,3,0,0,2,2,1,18,55,135,8,2,5,4,10,2,34,4,31,2,3,3,22,7
31,1632,125,5094,50,0,2,1029,1,2313,0,706,2,113,68,385,5,4,110,325,12,15,2,13,0,51,0,195,1,29,0,18,4,269,0,0,15,211,4,8,2,54,3,2,0,16,3,1,0,5,0,2,1,3,0,20,0,4,0,11,21,152,3,33,1,46,1,176,2,108,4,48,3,41,173,482,4,804,0,14,0,0,0,8,3,230,0,22,3,328,0,3,2,36,0,1,1,0,5,24,6,1,2,2,1,1,5,2,5,4,2,1,5,2,0,0,0,1,0,2,0,1,0,1,0,7,0,3,0,9,0,24,1,4,1,80,1,30,0,2,0,7,0,7,1,25,0,17,0,1,7,5,24,67,64,344,3,13,3,17,0,16,2,38,1,20,0,6,13,5
1272,1,440,3,959,2,0,0,1115,1,21,0,872,0,112,5,0,0,8,1,3,0,0,0,0,0,0,0,1,0,5,0,674,0,0,0,44,13,11,1,18,1,1,0,3,0,1,0,1,0,1,0,1,0,6,0,0,0,3,0,372,1,29,1,14,1,74,1,4,1,57,1,14,5,38,1,179,2,9,0,0,0,15,0,176,0,33,0,36,2,0,0,11,0,0,0,0,1,7,4,1,0,0,1,2,0,2,0,0,1,0,0,3,0,0,0,0,0,0,0,0,1,1,0,6,0,7,0,2,0,0,0,0,0,53,0,4,0,0,0,4,0,1,0,21,0,0,0,0,0,0,0,0,2,7,2,1,0,0,0,1,1,9,0,5,0,2,0,2,2
15,945,25,255,7,1029,0,0,2,1133,0,7,0,1352,21,312,0,0,2,20,0,0,0,0,0,0,0,0,0,1,0,0,1,1108,0,0,2,54,1,3,3,15,1,0,1,4,0,0,0,1,0,2,0,1,0,10,0,1,0,1,7,120,1,13,2,31,3,253,1,20,3,26,0,15,39,292,0,313,0,7,0,0,0,7,0,206,0,2,0,32,0,0,0,3,0,0,1,1,3,4,2,0,0,0,0,0,2,0,0,1,0,2,3,0,0,0,0,0,0,0,0,0,0,0,0,2,0,1,0,10,0,8,0,0,1,22,0,8,0,1,2,4,0,0,4,14,0,8,0,0,0,0,0,2,23,54,0,1,2,3,0,0,1,10,2,4,1,1,5,2
473,1,357,4,1972,1,1115,2,0,1,1021,0,215,0,52,5,0,0,23,3,3,0,4,0,1,0,3,0,16,0,50,0,598,0,0,0,22,4,5,0,12,0,1,0,4,0,0,0,0,0,0,0,1,0,2,0,0,0,0,0,90,0,14,0,8,0,13,0,1,0,16,0,6,0,62,1,228,5,8,0,0,0,6,0,27,0,12,0,16,0,0,0,9,0,0,0,0,0,8,3,1,0,0,0,0,1,1,0,2,1,0,1,6,2,1,0,0,0,0,0,0,0,0,0,15,0,4,0,0,0,4,0,4,0,88,0,7,1,0,0,0,0,0,0,18,1,0,0,0,0,1,0,0,0,17,5,0,0,1,0,1,0,8,0,8,0,1,0,0,2
10,190,57,367,16,2313,1,1133,1,0,0,794,0,217,32,173,0,0,30,91,2,0,0,1,0,1,0,3,0,5,0,1,0,1346,0,0,7,128,1,8,2,16,0,2,0,13,1,0,0,1,1,0,1,1,0,3,0,0,0,5,6,92,1,6,0,0,0,60,0,3,5,20,0,32,51,202,2,415,1,2,0,0,0,7,0,97,0,2,0,16,0,0,0,1,0,0,1,0,1,2,1,0,0,0,1,1,2,2,0,0,0,2,4,0,0,0,0,0,0,0,0,0,0,0,0,0,0,0,0,2,0,7,0,0,2,23,0,7,0,1,0,1,0,2,1,8,0,2,0,1,0,0,2,13,19,119,0,1,0,1,0,1,0,10,0,2,0,1,3,3
4,0,298,1,484,0,21,0,1021,0,0,0,5,0,5,0,4,0,16,0,40,0,73,0,102,0,247,0,583,0,250,0,813,0,0,0,4,0,0,0,26,0,2,0,23,0,1,0,0,0,1,0,0,0,0,0,0,0,5,0,5,0,1,0,2,0,0,0,0,0,1,0,2,0,15,0,306,0,3,0,0,0,0,0,3,0,132,0,12,0,6,0,27,0,0,0,0,0,0,0,0,0,0,0,0,0,0,0,0,0,0,0,0,0,0,0,0,0,0,0,0,0,0,0,2,0,1,0,0,0,3,0,1,0,6,0,0,0,0,0,0,0,1,0,1,0,0,0,0,0,0,0,0,0,1,5,5,0,0,0,0,0,3,0,1,0,0,0,0,1
0,2,4,135,1,706,0,7,0,794,0,0,0,4,0,8,0,4,8,53,1,22,0,35,0,158,0,280,0,324,1,283,0,418,0,0,0,2,0,1,0,18,0,2,0,53,0,1,0,0,0,3,0,0,0,1,0,3,0,5,0,2,0,1,0,1,0,0,0,0,1,1,0,3,5,85,0,580,0,1,0,0,0,0,0,4,0,31,0,3,0,2,0,3,0,0,0,0,1,0,0,0,0,0,0,0,0,0,0,0,0,0,1,0,0,0,0,0,0,0,0,1,0,0,0,0,0,0,0,0,0,0,0,1,0,3,0,0,0,1,0,0,0,0,0,0,0,0,0,0,1,1,2,10,2,14,0,3,0,1,0,0,0,0,0,0,1,0,0,0
561,1,100,3,137,2,872,0,215,0,5,0,0,2,73,8,0,0,2,0,1,0,0,0,0,0,0,0,0,0,1,0,786,2,0,0,41,39,19,1,34,2,3,2,4,0,2,0,2,0,0,0,5,0,12,0,0,1,1,0,1096,6,27,1,24,1,260,0,7,1,39,2,50,1,32,1,309,2,19,0,0,0,206,0,1052,1,184,0,25,1,0,0,5,0,0,3,0,2,19,3,0,0,2,0,0,2,1,4,3,2,1,3,10,3,0,0,0,0,0,1,0,0,1,0,3,0,7,0,1,0,2,0,1,0,29,0,0,0,1,0,3,0,1,0,32,0,2,0,0,0,0,0,1,0,3,2,1,0,1,1,1,2,14,0,13,0,0,1,8,2
4,328,4,57,0,113,0,1352,0,217,0,4,2,0,7,82,0,0,1,7,0,0,0,1,0,0,0,1,0,0,0,0,1,673,0,0,2,28,0,2,2,20,0,1,0,1,2,0,1,3,0,1,1,1,0,1,0,0,0,0,2,671,2,11,5,6,0,707,0,4,2,25,2,16,9,48,1,149,0,5,0,0,0,250,1,1045,0,115,4,5,0,0,0,1,0,0,0,0,3,0,0,0,0,0,0,0,0,2,0,0,1,1,2,0,0,0,0,0,0,0,0,0,2,0,0,0,1,1,1,2,0,3,0,0,1,8,0,3,0,1,1,1,0,3,1,4,0,2,0,0,0,0,0,1,2,11,0,1,0,1,0,2,0,3,1,1,0,0,3,1
779,21,2461,135,83,68,112,21,52,32,5,0,73,7,0,252,1,1,421,119,3,1,0,0,0,0,1,0,0,0,3,0,57,6,0,0,1987,190,27,1,23,6,3,0,1,0,1,0,4,0,1,1,4,0,5,1,1,0,4,0,207,5,62,3,15,1,16,4,2,2,253,15,479,6,116,8,191,37,11,0,0,0,1,2,24,8,12,0,16,2,0,0,5,1,4,2,3,1,17,7,1,3,0,0,1,1,3,3,6,4,1,1,13,5,1,0,0,0,0,2,1,0,2,0,21,0,26,1,4,0,0,2,7,0,147,5,14,4,2,1,7,0,0,1,66,3,0,0,1,0,0,0,1,4,608,200,1,0,11,3,3,2,26,4,16,1,2,1,7,1
181,1143,92,1919,28,385,5,312,5,173,0,8,8,82,252,0,0,0,21,620,0,0,0,1,0,0,0,0,0,0,0,0,9,70,0,0,100,1832,2,32,7,152,5,8,0,12,8,2,2,11,0,8,2,12,6,85,0,3,0,1,138,450,17,177,16,36,6,70,4,56,33,522,90,752,127,322,18,569,2,47,0,0,1,0,7,110,2,0,5,86,0,0,1,9,2,1,5,5,19,49,13,1,3,0,3,2,16,3,13,8,4,7,24,6,1,1,0,0,0,6,0,0,0,0,0,2,3,13,0,23,0,56,0,1,6,84,0,36,0,1,4,17,2,16,6,61,0,39,0,3,0,0,1,1,62,99,2,11,4,26,0,25,3,61,4,31,5,7,31,16
1,0,7,15,0,5,0,0,0,0,4,0,0,0,1,0,0,6,53,18,321,11,796,3,184,0,0,0,33,1,0,0,34,0,0,0,22,0,0,0,6,1,3,0,104,1,0,0,0,0,0,0,0,0,0,0,0,0,1,0,0,0,0,0,0,0,0,0,0,0,0,0,0,0,37,18,82,7,3,0,0,0,0,0,0,0,17,0,0,0,1,0,2,0,0,0,0,0,0,0,0,0,0,0,0,0,0,0,0,0,0,0,0,0,0,0,0,0,0,0,2,0,0,0,0,0,0,0,0,0,0,0,0,0,1,0,0,0,0,0,0,0,0,0,0,0,0,0,0,0,329,2,115,5,59,13,491,14,0,0,0,0,0,0,0,0,0,0,0,0
0,0,7,34,3,4,0,0,0,0,0,4,0,0,1,0,6,0,21,176,41,787,90,959,0,112,1,4,0,13,0,0,1,34,0,0,1,10,0,4,0,12,0,3,0,130,0,0,0,0,0,0,0,0,0,1,0,0,0,3,0,0,0,0,0,0,0,0,0,0,0,1,0,0,113,108,1,267,0,1,0,0,0,0,0,1,1,109,0,0,0,7,0,1,0,0,0,0,0,1,0,0,0,0,0,0,0,0,0,0,0,0,0,0,0,0,0,0,0,0,0,1,0,0,0,1,0,0,0,0,0,0,0,0,1,2,0,0,0,0,0,0,0,0,1,0,0,0,0,0,12,266,13,65,0,280,11,473,0,0,0,0,0,0,0,0,0,0,1,0
18,2,1336,236,61,110,8,2,23,30,16,8,2,1,421,21,53,21,0,424,319,26,43,6,7,4,3,2,7,0,6,0,84,3,0,0,185,88,19,2,6,5,0,2,1,2,1,0,0,0,1,1,0,0,0,0,1,0,1,0,7,1,2,0,0,0,3,0,1,0,3,2,2,3,76,27,167,78,5,0,0,0,0,0,1,0,11,1,5,1,2,0,4,1,0,0,0,0,5,3,0,0,0,0,0,0,0,0,0,0,0,0,1,0,0,0,0,0,0,2,1,0,0,0,9,0,2,0,0,0,2,2,2,1,46,9,4,0,0,0,0,0,0,1,2,0,0,0,0,0,63,15,676,123,749,344,15,0,3,0,1,1,11,1,2,0,1,1,1,1
3,17,115,1762,40,325,1,20,3,91,0,53,0,7,119,620,18,176,424,0,71,243,13,181,1,50,0,6,0,12,0,0,4,37,0,0,20,644,3,22,1,14,0,3,2,12,2,1,0,0,0,3,0,0,0,0,0,2,0,1,1,5,0,6,1,1,0,1,0,0,2,31,1,5,134,87,12,265,0,2,0,0,0,0,0,0,1,19,0,2,0,2,1,2,1,0,1,0,1,4,0,1,0,0,0,0,0,0,0,0,1,0,1,0,0,0,0,0,0,0,0,0,0,0,0,0,0,0,0,1,0,6,0,0,4,12,1,3,0,1,0,1,0,2,0,7,0,1,0,0,118,104,90,1152,37,461,5,37,2,3,0,0,2,8,0,7,0,2,1,0
3,0,97,52,21,12,3,0,3,2,40,1,1,0,3,0,321,41,319,71,0,20,629,8,25,3,19,0,29,1,4,1,27,1,0,0,6,2,2,1,7,0,1,0,6,0,0,0,0,0,0,0,0,0,0,0,0,0,1,1,2,0,1,0,0,0,1,0,0,0,0,0,1,0,70,48,76,12,2,0,0,0,0,0,0,0,17,0,2,0,2,0,4,0,0,0,0,0,0,0,0,0,0,0,0,0,0,0,0,0,0,0,1,0,0,0,0,0,0,0,0,2,0,0,0,0,0,0,0,0,1,0,0,0,2,1,0,0,2,0,0,0,0,0,1,0,0,0,0,0,123,12,190,21,16,22,145,6,0,0,0,0,0,0,0,0,0,0,1,0
0,0,5,65,0,15,0,0,0,0,0,22,0,0,1,0,11,787,26,243,20,0,30,1055,0,114,0,13,0,17,0,1,0,2,0,0,0,11,0,8,0,4,0,1,0,21,0,1,0,0,0,0,0,0,0,0,0,0,0,1,0,0,0,0,0,0,0,0,0,1,0,2,0,2,28,59,2,63,0,0,0,0,0,0,0,1,0,20,0,0,0,0,1,1,0,0,0,0,0,0,0,0,0,0,0,0,0,0,0,0,0,0,0,0,0,0,0,0,0,0,0,0,0,0,0,2,0,0,0,0,0,1,0,0,0,0,0,0,0,0,0,0,0,0,0,0,0,0,0,0,53,557,17,257,2,202,0,79,0,0,0,0,0,2,1,0,0,0,0,0
2,0,33,6,20,2,0,0,4,0,73,0,0,0,0,0,796,90,43,13,629,30,0,187,630,2,58,0,148,0,6,0,122,0,0,0,2,0,0,0,14,0,0,0,72,3,0,0,0,0,0,0,0,0,0,0,0,0,0,0,1,0,0,0,0,0,0,0,0,0,0,0,0,0,59,21,93,1,5,0,0,0,0,0,0,0,67,4,7,0,12,0,8,0,0,0,0,0,0,0,0,0,0,0,0,0,0,0,0,0,0,0,0,0,0,0,0,0,0,0,2,1,0,0,0,0,0,0,0,0,0,0,0,0,0,0,0,0,3,0,0,0,0,0,0,0,0,0,0,0,28,2,20,1,3,1,324,17,0,0,0,0,0,0,1,0,0,0,0,0
0,0,2,32,0,13,0,0,0,1,0,35,0,1,0,1,3,959,6,181,8,1055,187,0,1,916,0,29,0,132,0,0,0,65,0,0,0,0,0,1,0,28,0,7,0,138,0,0,0,0,0,0,0,0,0,0,0,2,0,3,0,1,0,0,0,0,0,0,0,0,0,1,0,0,4,70,0,103,0,0,0,0,0,0,0,2,0,183,0,5,0,8,0,3,0,0,0,0,0,0,0,0,0,0,0,0,0,0,0,0,0,0,0,0,0,0,0,0,0,0,0,1,0,0,0,2,0,0,0,0,0,0,0,0,1,1,0,0,0,1,0,0,0,0,0,0,0,0,0,0,6,109,1,28,1,20,4,161,0,0,0,0,0,1,0,1,0,0,0,0
0,0,79,0,24,0,0,0,1,0,102,0,0,0,0,0,184,0,7,1,25,0,630,1,0,0,279,0,175,0,6,0,125,0,0,0,0,0,0,0,4,0,0,0,36,0,0,0,0,0,0,0,0,0,1,0,0,0,1,0,0,0,0,0,0,0,0,0,0,0,0,0,0,0,10,2,29,0,0,0,0,0,0,0,0,0,57,0,4,0,0,0,4,0,0,0,0,0,0,0,0,0,0,0,0,0,0,0,0,0,0,0,0,0,0,0,0,0,0,0,0,0,0,0,0,0,0,0,0,0,0,0,0,0,0,0,0,0,0,0,0,0,0,0,0,0,0,0,0,0,0,0,0,1,0,0,3,0,0,0,0,0,0,0,0,0,0,0,0,0
0,2,0,95,0,51,0,0,0,1,0,158,0,0,0,0,0,112,4,50,3,114,2,916,0,0,0,338,0,84,0,6,0,25,0,0,0,4,0,0,0,13,0,2,0,71,0,1,0,0,0,2,0,0,0,1,0,0,0,1,0,0,0,0,0,0,0,0,0,0,0,1,0,1,3,46,0,58,0,0,0,0,0,0,0,0,0,71,0,7,0,3,0,1,0,0,0,0,0,0,0,0,0,0,0,0,0,0,0,0,0,0,0,0,0,0,0,0,0,0,0,0,0,0,0,0,0,0,0,0,0,0,0,0,0,1,0,0,0,0,0,0,0,2,0,0,0,0,0,0,1,2,2,11,1,3,1,12,0,0,0,1,0,0,0,0,0,0,1,0
0,0,113,0,82,0,0,0,3,0,247,0,0,0,1,0,0,1,3,0,19,0,58,0,279,0,0,0,72,0,7,0,17,0,0,0,0,0,0,0,0,0,0,0,2,0,0,0,0,0,0,0,0,0,0,0,0,0,0,0,0,0,0,0,0,0,0,0,0,0,0,0,0,0,3,0,15,0,0,0,0,0,0,0,0,0,6,0,2,0,0,0,1,0,0,0,0,0,0,0,0,0,0,0,0,0,0,0,0,0,0,0,0,0,0,0,0,0,0,0,0,0,0,0,0,0,0,0,0,0,0,0,0,0,0,0,0,0,0,0,0,0,0,0,0,0,0,0,0,0,0,0,0,0,0,0,1,0,0,0,0,0,0,0,0,0,0,0,0,0
0,0,1,68,0,195,0,0,0,3,0,280,0,1,0,0,0,4,2,6,0,13,0,29,0,338,0,0,0,53,0,7,0,16,0,0,0,0,0,0,0,2,0,0,0,3,0,0,0,0,0,0,0,0,0,0,0,0,0,0,0,0,0,0,0,0,0,0,0,0,0,0,0,0,2,14,0,18,0,0,0,0,0,0,0,0,0,5,0,0,0,1,0,0,0,0,0,0,0,0,0,0,0,0,1,0,0,0,0,0,0,0,0,0,0,0,0,0,0,0,0,0,0,0,0,0,0,0,0,0,0,0,0,0,0,0,0,0,0,0,0,0,0,0,0,0,0,0,0,0,0,0,0,2,0,0,0,2,0,0,0,0,0,0,0,0,0,0,0,0
0,0,35,1,27,1,1,0,16,0,583,0,0,0,0,0,33,0,7,0,29,0,148,0,175,0,72,0,0,0,25,0,269,0,0,0,1,0,0,0,0,0,0,0,10,0,0,0,0,0,0,0,0,0,1,0,1,0,0,0,0,0,0,0,0,0,0,0,0,0,0,0,0,0,3,1,47,0,1,0,0,0,0,0,0,0,54,0,7,0,3,0,4,0,0,0,0,0,0,0,0,0,0,0,0,0,0,0,0,0,0,0,0,0,0,0,0,0,0,0,0,0,0,0,0,0,0,0,0,0,0,0,0,0,1,0,0,0,0,0,0,0,0,0,0,0,0,0,0,0,0,0,0,0,0,0,4,0,0,0,0,0,0,0,0,0,0,0,0,0
0,0,0,15,0,29,0,1,0,5,0,324,0,0,0,0,1,13,0,12,1,17,0,132,0,84,0,53,0,0,0,5,0,131,0,0,0,1,0,0,0,124,0,5,0,48,0,1,0,0,0,5,0,2,0,3,0,3,0,40,0,1,0,0,0,0,0,0,0,0,0,2,0,0,0,31,0,39,0,0,0,0,0,0,0,49,0,652,0,47,0,18,0,26,0,0,0,0,0,0,0,0,0,0,0,0,0,0,0,0,0,0,0,0,0,0,0,0,0,0,0,0,0,0,0,0,0,0,0,0,0,0,0,0,0,0,0,0,0,1,0,0,0,0,0,1,0,0,0,0,0,3,0,1,0,2,0,4,0,0,0,0,0,1,0,0,0,0,0,0
2,0,136,0,278,0,5,0,50,0,250,1,1,0,3,0,0,0,6,0,4,0,6,0,6,0,7,0,25,0,0,0,51,0,0,0,0,0,0,0,2,0,0,0,10,0,0,0,0,0,0,0,0,0,0,0,0,0,1,0,2,0,0,0,0,0,0,0,0,0,0,0,0,0,8,1,79,1,1,0,0,0,0,0,0,0,22,0,2,0,1,0,4,0,0,0,0,0,0,0,0,0,0,0,0,0,0,0,0,0,0,0,0,0,0,0,0,0,0,0,0,1,0,0,0,0,0,0,0,0,0,0,1,0,3,0,0,0,0,0,0,0,0,0,0,0,0,0,0,0,0,0,0,0,0,1,2,0,0,0,0,0,0,0,0,0,0,0,0,0
0,0,0,9,0,18,0,0,0,1,0,283,0,0,0,0,0,0,0,0,1,1,0,0,0,6,0,7,0,5,0,0,1,8,0,0,0,0,0,1,0,0,0,0,0,2,0,0,0,0,0,0,0,0,0,0,0,0,0,0,0,0,0,0,0,0,0,0,0,0,0,0,0,0,0,3,0,5,0,0,0,0,0,0,0,0,0,1,0,0,0,0,0,0,0,0,0,0,0,0,0,0,0,0,0,0,0,0,0,0,0,0,0,0,0,0,0,0,0,0,0,0,0,0,0,0,0,0,0,0,0,0,0,0,0,0,0,0,0,0,0,0,0,0,0,0,0,0,0,0,0,0,0,1,0,0,0,0,0,0,0,0,0,0,0,0,0,0,0,0
178,0,450,3,397,4,674,1,598,0,813,0,786,1,57,9,34,1,84,4,27,0,122,0,125,0,17,0,269,0,51,1,0,6,0,0,21,25,36,3,113,6,7,0,63,0,27,0,18,0,47,0,44,1,118,3,31,0,63,1,168,3,31,4,34,4,39,2,11,10,52,24,18,4,44,6,1155,6,21,0,0,0,134,1,278,10,326,0,98,6,5,0,76,0,2,2,0,1,10,1,1,0,2,0,1,1,2,1,2,3,2,0,4,4,0,0,0,0,0,1,0,1,0,0,9,0,6,0,1,0,1,1,1,0,41,0,0,0,2,0,17,2,6,0,20,0,0,0,0,0,0,0,0,2,17,8,5,1,1,2,2,2,6,1,7,0,2,0,12,3
4,125,12,99,3,269,0,1108,0,1346,0,418,2,673,6,70,0,34,3,37,1,2,0,65,0,25,0,16,0,131,0,8,6,0,0,0,6,53,1,16,5,115,1,21,0,88,29,12,5,14,2,16,9,15,2,32,1,12,1,27,2,238,3,72,3,35,6,69,3,19,9,158,0,35,20,59,4,1117,0,6,0,0,1,144,4,757,0,194,5,69,0,4,1,9,0,0,0,1,3,6,0,0,0,0,0,0,2,2,0,1,2,5,3,2,0,0,0,0,0,1,0,1,0,0,0,3,0,2,0,2,0,0,0,0,0,12,0,3,0,7,0,17,0,11,2,5,0,7,0,0,0,0,3,8,3,28,0,1,0,1,0,6,0,5,2,2,0,0,10,2
0,0,0,0,0,0,0,0,0,0,0,0,0,0,0,0,0,0,0,0,0,0,0,0,0,0,0,0,0,0,0,0,0,0,0,0,0,0,0,0,0,0,0,0,0,0,0,0,0,0,0,0,0,0,0,0,0,0,0,0,0,0,0,0,0,0,0,0,0,0,0,0,0,0,0,0,0,0,0,0,0,0,0,0,0,0,0,0,0,0,0,0,0,0,0,0,0,0,0,0,0,0,0,0,0,0,0,0,0,0,0,0,0,0,0,0,0,0,0,0,0,0,0,0,0,0,0,0,0,0,0,0,0,0,0,0,0,0,0,0,0,0,0,0,0,0,0,0,0,0,0,0,0,0,0,0,0,0,0,0,0,0,0,0,0,0,0,0,0,0
0,0,0,0,0,0,0,0,0,0,0,0,0,0,0,0,0,0,0,0,0,0,0,0,0,0,0,0,0,0,0,0,0,0,0,0,0,0,0,0,0,0,0,0,0,0,0,0,0,0,0,0,0,0,0,0,0,0,0,0,0,0,0,0,0,0,0,0,0,0,0,0,0,0,0,0,0,0,0,0,0,0,0,0,0,0,0,0,0,0,0,0,0,0,0,0,0,0,0,0,0,0,0,0,0,0,0,0,0,0,0,0,0,0,0,0,0,0,0,0,0,0,0,0,0,0,0,0,0,0,0,0,0,0,0,0,0,0,0,0,0,0,0,0,0,0,0,0,0,0,0,0,0,0,0,0,0,0,0,0,0,0,0,0,0,0,0,0,0,0
523,11,324,32,53,15,44,2,22,7,4,0,41,2,1987,100,22,1,185,20,6,0,2,0,0,0,0,0,1,0,0,0,21,6,0,0,0,288,824,0,28,0,5,0,1,0,14,0,105,0,2,0,14,0,9,0,0,0,1,0,270,4,81,1,42,0,57,4,7,0,2039,4,1623,3,81,8,101,21,6,1,0,0,4,0,39,0,3,0,22,1,0,0,5,0,1,0,1,2,25,5,2,0,1,0,0,0,3,2,7,5,1,2,20,4,0,0,0,0,0,2,2,0,4,1,9,0,19,0,2,1,0,1,2,0,51,1,7,1,1,0,10,1,3,0,62,2,0,1,1,0,39,0,88,1,1447,104,5,0,4,0,1,1,7,6,7,0,0,2,21,5
265,331,163,612,60,211,13,54,4,128,0,2,39,28,190,1832,0,10,88,644,2,11,0,0,0,4,0,0,0,1,0,0,25,53,0,0,288,0,29,432,23,142,5,39,1,5,9,8,10,29,0,20,8,4,16,12,0,0,1,1,313,248,84,57,106,20,72,79,22,6,164,2217,354,521,202,232,30,311,2,11,0,0,4,5,52,26,0,0,20,11,0,1,1,0,3,0,4,3,26,47,6,1,1,2,5,3,9,4,6,11,5,4,37,15,0,0,0,1,0,11,0,2,0,0,2,8,7,2,2,10,0,29,3,1,23,39,1,11,0,5,5,14,2,23,36,29,0,27,0,1,1,4,5,293,59,1233,0,7,3,11,0,18,10,38,8,17,3,8,34,14
82,1,47,0,17,4,11,1,5,1,0,0,19,0,27,2,0,0,19,3,2,0,0,0,0,0,0,0,0,0,0,0,36,1,0,0,824,29,0,189,80,12,11,9,3,0,729,154,508,39,19,13,277,29,82,17,14,3,7,3,68,3,110,4,59,5,38,3,72,11,1503,90,23,1,36,1,62,11,3,1,0,0,25,3,103,16,2,0,136,14,0,0,27,8,0,1,0,2,33,5,2,0,0,0,1,1,6,2,3,4,3,0,11,4,0,0,0,0,0,0,0,0,1,0,1,0,3,0,4,0,0,0,1,0,22,0,1,0,3,1,12,4,4,1,45,1,0,0,0,0,1,0,1,1,82,5,0,0,2,1,0,3,7,3,13,2,3,1,14,9
7,11,7,16,5,8,1,3,0,8,0,1,1,2,1,32,0,4,2,22,1,8,0,1,0,0,0,0,0,0,0,1,3,16,0,0,0,432,189,0,13,107,1,72,0,0,127,787,58,177,11,59,71,119,19,39,3,18,2,25,5,4,17,9,5,15,5,13,13,34,50,1799,1,2,4,8,10,37,1,0,0,0,1,14,16,85,1,1,19,34,1,0,2,15,0,0,0,2,3,9,0,0,0,0,0,1,0,2,2,2,1,1,3,3,0,0,0,0,0,0,0,0,0,0,1,2,0,0,0,0,0,0,0,1,3,1,1,1,0,1,2,8,0,3,6,5,0,1,0,0,0,1,0,41,2,13,0,0,1,2,0,0,0,1,0,0,0,1,3,1
114,4,83,2,47,2,18,3,12,2,26,0,34,2,23,7,6,0,6,1,7,0,14,0,4,0,0,0,0,0,2,0,113,5,0,0,28,23,80,13,0,32,910,13,485,1,90,70,36,15,321,11,33,11,72,10,43,5,213,4,232,2,70,8,47,7,29,7,6,7,264,81,40,4,27,0,220,6,36,0,0,0,3,4,110,16,513,1,133,4,315,0,331,3,1,3,5,5,98,15,22,4,1,4,1,4,11,6,16,6,15,9,18,27,2,0,0,0,0,1,3,3,2,0,19,0,8,0,0,0,2,0,9,0,37,1,6,0,251,0,89,2,113,0,851,19,0,0,1,0,0,0,0,1,2,3,48,0,2,4,4,2,66,6,18,2,5,3,36,4
12,144,7,51,1,54,1,15,0,16,0,18,2,20,6,152,1,12,5,14,0,4,0,28,0,13,0,2,0,124,0,0,6,115,0,0,0,142,12,107,32,0,18,820,0,396,48,130,6,29,25,325,8,26,8,47,3,80,12,572,20,300,12,51,7,21,6,48,7,13,46,477,6,175,8,160,7,426,2,14,0,0,0,16,8,232,1,651,7,494,0,442,1,414,1,1,1,9,5,21,4,0,0,0,1,2,3,6,5,5,6,8,12,3,0,0,0,0,0,3,0,9,0,1,0,12,0,6,0,4,0,8,0,2,2,26,0,9,0,385,2,100,0,221,13,648,0,12,0,1,0,0,2,2,3,6,4,24,1,5,1,13,2,57,0,8,0,4,14,5
9,6,8,2,3,3,1,1,1,0,2,0,3,0,3,5,3,0,0,0,1,0,0,0,0,0,0,0,0,0,0,0,7,1,0,0,5,5,11,1,910,18,0,6,688,0,114,39,16,7,809,7,13,12,18,5,52,5,1742,1,18,1,10,1,7,0,1,0,1,1,252,42,3,1,7,2,36,0,0,0,0,0,0,1,13,4,166,0,15,3,129,0,181,2,6,16,17,31,84,8,26,4,7,10,17,10,32,30,23,13,65,13,3,2,2,1,0,0,0,1,0,0,0,0,0,1,0,0,0,0,0,0,0,0,4,1,0,0,4,0,30,0,4,0,22,2,0,0,0,0,0,0,0,0,0,0,5,0,1,2,2,1,1,9,6,1,3,1,2,2
3,10,2,1,1,2,0,0,0,2,0,2,2,1,0,8,0,3,2,3,0,1,0,7,0,2,0,0,0,5,0,0,0,21,0,0,0,39,9,72,13,820,6,0,0,718,12,173,5,33,4,781,4,7,1,4,0,47,0,2368,7,30,3,17,1,2,0,17,2,0,14,391,0,19,0,11,2,41,0,1,0,0,0,4,2,23,0,235,3,35,0,375,1,124,1,17,1,30,0,16,4,23,2,6,1,18,4,33,4,6,3,26,0,0,2,0,1,0,0,0,0,0,0,0,0,1,0,0,0,0,0,0,0,0,0,2,0,1,0,9,0,0,0,0,4,28,0,0,0,0,0,0,0,0,0,3,0,1,0,0,0,3,2,5,0,2,1,4,0,0
7,0,17,2,16,0,3,1,4,0,23,0,4,0,1,0,104,0,1,2,6,0,72,0,36,0,2,0,10,0,10,0,63,0,0,0,1,1,3,0,485,0,688,0,0,0,1,1,1,0,5,0,0,0,3,0,6,0,15,1,10,0,2,0,1,0,0,0,0,0,3,0,1,1,4,2,81,0,30,0,0,0,0,0,8,0,924,0,14,0,195,0,26,0,0,0,0,0,1,1,0,0,0,0,0,0,0,0,0,1,1,0,0,1,1,0,0,0,0,0,0,9,0,0,5,0,0,0,0,0,0,0,1,0,10,0,0,0,8,0,5,0,3,1,19,0,0,0,0,0,2,0,0,1,2,0,108,1,0,0,0,0,32,1,7,0,0,0,0,0
1,7,4,19,1,16,0,4,0,13,0,53,0,1,0,12,1,130,2,12,0,21,3,138,0,71,0,3,0,48,0,2,0,88,0,0,0,5,0,0,1,396,0,718,0,0,1,3,0,0,1,5,0,3,0,4,0,7,0,60,0,3,0,0,0,0,0,1,0,0,1,4,0,2,5,21,0,264,1,10,0,0,0,1,0,19,0,982,0,31,0,455,0,33,0,0,0,0,1,4,0,0,0,0,0,1,0,0,0,0,0,0,2,0,0,0,0,0,0,0,1,2,0,0,0,10,0,0,0,0,0,3,0,2,0,17,0,3,0,17,0,2,0,4,0,13,0,2,0,0,0,0,2,4,0,5,6,155,0,2,0,2,0,10,1,3,0,1,1,0
14,6,9,3,2,3,1,0,0,1,1,0,2,2,1,8,0,0,1,2,0,0,0,0,0,0,0,0,0,0,0,0,27,29,0,0,14,9,729,127,90,48,114,12,1,1,0,483,5685,241,3700,190,2106,250,1316,135,526,25,129,11,17,6,18,6,6,8,0,4,3,71,970,309,2,3,1,9,45,70,0,3,0,0,1,16,52,165,7,12,62,108,1,0,74,55,3,0,0,0,8,3,1,0,55,0,0,0,0,2,3,2,2,0,0,2,2,4,0,0,0,1,0,0,0,0,0,0,0,1,0,2,0,0,0,0,5,1,1,0,3,11,6,14,6,8,24,7,0,1,0,0,0,0,0,0,0,2,0,1,1,1,0,1,0,0,0,1,0,0,5,1
1,2,0,1,0,1,0,0,0,0,0,1,0,0,0,2,0,0,0,1,0,1,0,0,0,1,0,0,0,1,0,0,0,12,0,0,0,8,154,787,70,130,39,173,1,3,483,0,392,4737,120,4765,18,2092,1,1973,2,1089,25,210,0,0,0,6,0,0,0,2,0,5,149,1079,0,0,1,1,2,40,0,1,0,0,0,0,3,40,1,10,0,204,0,1,2,180,0,0,0,0,0,0,0,29,2,0,0,0,1,0,0,0,0,0,1,0,35,0,0,0,0,0,0,0,0,0,0,0,0,0,0,0,0,0,0,0,0,2,0,0,0,12,0,6,0,3,5,12,0,0,0,0,0,0,0,0,0,0,0,0,0,0,0,0,0,0,0,0,0,0,0,0
15,1,6,0,11,0,1,0,0,0,0,0,2,1,4,2,0,0,0,0,0,0,0,0,0,0,0,0,0,0,0,0,18,5,0,0,105,10,508,58,36,6,16,5,1,0,5685,392,0,256,420,51,2339,64,878,23,45,3,34,1,13,1,105,5,7,2,4,4,14,8,1628,99,3,0,3,1,19,20,2,0,0,0,6,8,23,24,2,2,37,18,0,0,21,14,0,0,0,2,6,1,0,0,4,0,0,0,0,0,1,1,1,0,3,0,2,0,0,0,0,0,0,0,1,0,2,0,0,0,0,0,0,0,0,0,1,0,1,0,0,3,4,1,1,3,7,2,1,0,0,0,0,0,0,0,2,0,0,0,0,0,0,0,0,0,0,1,1,0,2,0
0,6,1,7,1,5,0,1,0,1,0,0,0,3,0,11,0,0,0,0,0,0,0,0,0,0,0,0,0,0,0,0,0,14,0,0,0,29,39,177,15,29,7,33,0,0,241,4737,256,0,27,684,33,2883,7,1042,3,144,7,34,0,12,1,61,0,9,0,15,1,104,72,1005,0,3,0,2,3,47,0,2,0,0,1,13,3,101,0,3,6,123,0,0,1,87,0,0,0,1,0,1,0,5,0,0,0,0,0,0,0,1,0,0,0,0,31,0,0,0,0,0,0,0,0,0,0,0,0,0,0,0,0,0,0,0,1,0,0,0,0,5,0,4,0,0,2,2,0,0,0,0,0,0,0,0,1,0,0,0,0,0,0,0,0,0,0,1,1,0,0,0
9,1,3,0,7,0,1,0,0,1,1,0,0,0,1,0,0,0,1,0,0,0,0,0,0,0,0,0,0,0,0,0,47,2,0,0,2,0,19,11,321,25,809,4,5,1,3700,120,420,27,0,21,205,22,854,11,1877,8,2485,7,8,0,1,1,0,1,1,1,3,3,523,110,0,0,1,0,108,5,3,0,0,0,1,0,101,12,39,1,98,9,1,0,125,5,52,0,5,2,66,1,114,6,139,1,0,0,2,1,2,1,2,1,1,65,36,21,2,0,0,1,0,0,0,0,0,0,0,0,0,0,0,0,0,0,0,0,0,0,3,2,8,1,5,1,23,11,0,0,0,0,0,0,0,0,1,0,1,1,0,0,0,0,1,0,2,0,2,0,12,0
1,6,0,11,0,2,0,2,0,0,0,3,0,1,1,8,0,0,1,3,0,0,0,0,0,2,0,0,0,5,0,0,0,16,0,0,0,20,13,59,11,325,7,781,0,5,190,4765,51,684,21,0,1,306,0,233,0,1432,7,1717,1,6,0,3,0,2,0,5,0,2,12,508,0,3,1,11,0,54,0,0,0,0,0,2,2,69,0,19,0,186,0,4,0,172,3,229,2,12,11,116,6,135,40,207,2,5,3,1,3,2,1,0,10,210,87,48,4,4,1,0,0,0,0,0,0,0,0,0,0,0,0,0,0,0,1,4,0,0,0,19,0,11,0,13,7,50,0,0,0,0,0,0,0,0,0,1,0,2,1,0,0,2,0,3,1,1,0,0,76,0
31,2,21,1,15,1,1,0,1,1,0,0,5,1,4,2,0,0,0,0,0,0,0,0,0,0,0,0,0,0,0,0,44,9,0,0,14,8,277,71,33,8,13,4,0,0,2106,18,2339,33,205,1,0,29,3576,16,213,3,94,2,22,3,755,1,109,4,12,3,105,14,516,90,3,1,6,1,60,29,0,0,0,0,18,6,88,41,5,0,98,21,0,0,66,5,1,0,0,1,4,1,0,1,8,0,1,0,0,3,0,0,1,0,3,3,0,0,0,0,0,2,0,0,0,0,0,0,1,0,2,0,0,0,0,0,2,0,1,0,0,1,4,2,3,1,11,0,0,0,0,0,0,0,0,0,1,0,0,0,1,0,0,1,2,0,6,0,3,1,4,1
0,8,0,26,0,3,0,1,0,1,0,0,0,1,0,12,0,0,0,0,0,0,0,0,0,0,0,0,0,2,0,0,1,15,0,0,0,4,29,119,11,26,12,7,0,3,250,2092,64,2883,22,306,29,0,2,4392,4,540,11,80,1,10,5,697,0,29,0,10,0,335,72,583,0,4,1,3,1,45,0,0,0,0,1,16,1,134,0,10,0,448,0,0,1,300,0,0,0,0,0,2,0,0,2,0,2,0,0,0,0,0,0,0,0,0,2,0,0,0,0,0,0,0,0,0,0,0,0,0,0,1,0,0,0,0,0,1,0,0,0,3,0,6,0,2,0,0,0,0,0,1,0,0,0,0,1,1,0,0,0,0,0,2,0,0,0,0,0,0,0,1
201,0,65,2,52,0,6,0,2,0,0,0,12,0,5,6,0,0,0,0,0,0,0,0,1,0,0,0,1,0,0,0,118,2,0,0,9,16,82,19,72,8,18,1,3,0,1316,1,878,7,854,0,3576,2,0,1,4035,0,577,0,124,1,595,3,1425,5,27,3,1597,4,142,43,4,0,9,0,168,11,7,0,0,0,45,2,299,10,29,0,2365,6,3,0,810,1,19,0,0,1,7,2,2,0,6,1,2,0,0,1,5,0,1,1,1,2,0,0,0,0,0,0,0,0,0,0,0,0,4,0,0,0,0,0,0,0,7,0,2,0,1,0,10,2,3,3,16,0,0,0,2,0,0,0,0,0,1,2,1,0,0,0,0,0,2,1,1,1,1,0,2,0
1,99,3,111,2,20,0,10,0,3,0,1,0,1,1,85,0,1,0,0,0,0,0,0,0,1,0,0,0,3,0,0,3,32,0,0,0,12,17,39,10,47,5,4,0,4,135,1973,23,1042,11,233,16,4392,1,0,0,2686,6,155,1,37,1,133,0,95,0,15,0,1476,50,479,0,8,0,7,2,84,1,1,0,0,0,28,3,261,0,16,2,3278,0,2,1,1117,0,0,0,1,0,0,0,0,0,0,0,0,0,0,0,1,1,0,1,0,0,0,0,0,0,0,0,0,0,0,0,0,0,1,0,0,0,0,0,0,0,2,0,0,0,2,2,5,1,4,0,3,0,0,0,0,0,0,0,0,1,2,0,0,0,0,0,1,0,3,0,0,0,0,0,1
24,0,10,0,11,0,0,0,0,0,0,0,0,0,1,0,0,0,1,0,0,0,0,0,0,0,0,0,1,0,0,0,31,1,0,0,0,0,14,3,43,3,52,0,6,0,526,2,45,3,1877,0,213,4,4035,0,0,0,1352,0,6,0,16,1,10,0,1,0,14,0,14,5,3,0,3,0,73,2,2,0,0,0,3,0,72,2,32,0,210,1,2,0,1007,0,22,1,0,1,3,1,0,0,3,0,0,0,0,1,1,0,0,0,1,0,0,0,0,0,0,0,0,0,0,0,0,0,2,0,0,0,0,0,0,0,2,0,0,0,1,0,4,1,4,0,7,1,0,0,0,0,0,0,0,0,0,0,2,0,0,1,0,1,2,0,1,0,0,0,3,1
0,6,0,2,1,4,0,1,0,0,0,3,1,0,0,3,0,0,0,2,0,0,0,2,0,0,0,0,0,3,0,0,0,12,0,0,0,0,3,18,5,80,5,47,0,7,25,1089,3,144,8,1432,3,540,0,2686,0,0,1,2230,0,2,0,0,0,0,0,0,0,3,21,39,0,0,0,0,0,46,0,0,0,0,0,0,0,66,0,18,0,606,0,3,0,2035,0,0,0,0,0,1,0,0,0,0,0,0,0,0,0,0,0,0,0,0,0,0,0,0,0,0,0,0,0,0,0,0,0,0,0,0,0,0,0,0,0,0,0,0,0,10,0,1,0,2,0,4,0,0,0,0,0,0,0,0,0,0,0,0,0,0,0,0,0,2,0,0,0,0,0,0
9,0,7,0,6,0,3,0,0,0,5,0,1,0,4,0,1,0,1,0,1,0,0,0,1,0,0,0,0,0,1,0,63,1,0,0,1,1,7,2,213,12,1742,0,15,0,129,25,34,7,2485,7,94,11,577,6,1352,1,0,1,6,0,5,0,3,0,1,0,3,0,59,35,3,0,3,0,131,4,3,1,0,0,0,0,112,3,135,0,180,6,568,0,3337,3,66,3,15,2,2,0,11,0,333,0,6,0,7,0,1,1,1,0,1,0,0,2,1,0,0,1,0,0,0,0,0,0,0,0,0,0,0,0,0,0,1,0,0,0,3,0,1,0,9,0,19,0,0,0,0,0,0,0,0,0,0,0,0,0,0,0,0,0,0,0,2,0,0,0,3,0
0,1,0,9,0,11,0,1,0,5,0,5,0,0,0,1,0,3,0,1,1,1,0,3,0,1,0,0,0,40,0,0,1,27,0,0,0,1,3,25,4,572,1,2368,1,60,11,210,1,34,7,1717,2,80,0,155,0,2230,1,0,0,1,0,0,0,0,0,0,0,1,3,65,0,1,0,2,0,78,0,1,0,0,0,0,0,84,0,165,0,576,0,874,0,4941,0,64,1,6,0,1,0,11,0,238,0,1,1,3,0,0,0,1,1,2,2,0,3,0,0,0,0,0,0,0,0,2,0,0,0,0,0,1,0,1,0,1,0,1,0,12,0,2,0,10,1,27,0,0,0,0,0,0,1,0,0,1,0,5,0,0,0,0,0,0,0,0,0,0,0,0
5501,37,378,25,303,21,372,7,90,6,5,0,1096,2,207,138,0,0,7,1,2,0,1,0,0,0,0,0,0,0,2,0,168,2,0,0,270,313,68,5,232,20,18,7,10,0,17,0,13,0,8,1,22,1,124,1,6,0,6,0,0,10,915,6,2442,6,1473,3,181,2,483,14,417,22,287,18,765,13,89,2,0,0,64,2,528,4,48,0,476,0,1,0,123,0,3,10,7,25,136,48,8,2,1,4,8,8,18,24,22,15,12,19,96,29,1,3,2,0,0,12,0,0,3,0,31,0,111,1,11,0,5,2,15,0,276,3,38,1,2,0,38,1,12,2,292,5,5,4,1,0,0,0,1,0,18,20,8,0,29,11,10,3,105,14,85,8,10,9,77,29
11,3609,2,131,7,152,1,120,0,92,0,2,6,671,5,450,0,0,1,5,0,0,0,1,0,0,0,0,0,1,0,0,3,238,0,0,4,248,3,4,2,300,1,30,0,3,6,0,1,12,0,6,3,10,1,37,0,2,0,1,10,0,11,1285,19,1055,5,1233,12,273,18,436,6,883,9,191,8,543,0,66,0,0,1,17,13,85,0,4,2,82,0,0,2,4,1,2,3,6,8,64,5,0,0,2,2,5,11,9,8,14,7,5,19,7,1,1,0,0,0,4,0,0,0,0,2,6,1,2,0,9,0,11,0,2,7,25,0,4,0,3,2,19,0,12,2,30,0,15,0,1,0,0,0,0,0,12,1,4,3,15,1,29,2,56,4,26,2,15,26,8
323,4,156,2,43,3,29,1,14,1,1,0,27,2,62,17,0,0,2,0,1,0,0,0,0,0,0,0,0,0,0,0,31,3,0,0,81,84,110,17,70,12,10,3,2,0,18,0,105,1,1,0,755,5,595,1,16,0,5,0,915,11,0,11,1122,9,97,13,244,16,901,45,73,9,34,5,96,12,18,0,0,0,24,3,82,13,2,2,60,2,0,0,21,0,0,2,1,2,47,12,3,0,0,2,0,3,2,4,10,3,4,4,28,14,0,0,0,0,0,4,1,0,1,0,5,1,11,1,7,0,0,1,0,0,34,1,1,0,3,1,35,3,2,3,51,2,1,1,0,0,0,0,0,0,11,3,1,0,2,0,0,1,14,3,26,1,6,2,28,5
6,185,6,95,1,33,1,13,0,6,0,1,1,11,3,177,0,0,0,6,0,0,0,0,0,0,0,0,0,0,0,0,4,72,0,0,1,57,4,9,8,51,1,17,0,0,6,6,5,61,1,3,1,697,3,133,1,0,0,0,6,1285,11,0,9,658,4,250,5,831,24,684,0,88,7,21,7,146,0,5,0,0,1,24,9,47,0,1,10,33,0,0,0,5,0,0,0,1,8,15,0,0,0,1,0,3,0,3,0,1,0,3,10,3,0,0,0,0,0,1,0,0,0,1,0,0,0,0,0,2,0,0,0,0,0,7,0,0,0,0,1,10,0,6,5,2,0,7,0,0,0,0,0,0,2,5,0,3,0,2,0,9,0,4,1,2,0,0,13,2
427,4,80,3,62,1,14,2,8,0,2,0,24,5,15,16,0,0,0,1,0,0,0,0,0,0,0,0,0,0,0,0,34,3,0,0,42,106,59,5,47,7,7,1,1,0,6,0,7,0,0,0,109,0,1425,0,10,0,3,0,2442,19,1122,9,0,8,1508,9,2267,5,82,21,37,9,26,9,128,7,21,1,0,0,7,3,67,10,10,0,237,0,0,0,56,0,0,2,1,2,34,8,4,0,0,1,0,0,5,5,3,1,5,1,17,4,0,0,0,1,0,1,0,0,0,0,3,0,6,0,7,0,0,0,5,0,27,1,2,0,1,0,21,2,2,0,36,1,1,1,1,0,0,0,0,0,3,1,0,0,3,5,4,0,13,2,23,1,4,1,22,8
4,306,2,36,0,46,1,31,0,0,0,1,1,6,1,36,0,0,0,1,0,0,0,0,0,0,0,0,0,0,0,0,4,35,0,0,0,20,5,15,7,21,0,2,0,0,8,0,2,9,1,2,4,29,5,95,0,0,0,0,6,1055,9,658,8,0,1,1175,4,1409,13,167,0,13,4,12,11,36,0,0,0,0,2,25,9,19,0,0,11,47,0,0,2,5,0,0,0,0,0,2,0,0,0,0,1,0,0,1,0,0,0,0,4,2,0,0,0,0,0,1,0,0,0,0,0,1,1,0,0,4,0,0,0,1,0,2,0,0,0,0,1,4,0,1,5,2,0,0,0,0,0,0,0,0,1,2,0,0,0,0,0,3,1,0,1,0,0,0,5,0
371,3,87,1,71,1,74,3,13,0,0,0,260,0,16,6,0,0,3,0,1,0,0,0,0,0,0,0,0,0,0,0,39,6,0,0,57,72,38,5,29,6,1,0,0,0,0,0,4,0,1,0,12,0,27,0,1,0,1,0,1473,5,97,4,1508,1,0,2,224,0,66,8,27,10,30,2,82,4,18,0,0,0,17,0,1219,2,5,0,564,0,0,0,23,0,0,3,1,3,29,7,0,0,0,0,1,0,1,1,4,2,0,1,8,1,0,0,0,0,0,1,0,0,0,0,3,0,14,0,3,0,0,0,4,0,19,1,2,0,1,0,8,0,0,0,29,0,0,1,0,0,0,0,0,0,5,0,1,0,2,1,0,0,6,4,15,1,0,1,15,3
7,462,4,55,1,176,1,253,0,60,0,0,0,707,4,70,0,0,0,1,0,0,0,0,0,0,0,0,0,0,0,0,2,69,0,0,4,79,3,13,7,48,0,17,0,1,4,2,4,15,1,5,3,10,3,15,0,0,0,0,3,1233,13,250,9,1175,2,0,3,327,14,176,3,53,6,53,11,113,1,8,0,0,2,23,16,575,0,3,12,60,0,0,3,3,0,1,0,4,3,6,0,0,0,0,0,0,1,3,0,2,1,3,4,1,0,0,0,0,0,0,0,0,0,0,1,0,2,0,0,1,0,1,0,0,0,8,1,1,0,0,2,9,0,4,3,3,0,1,0,0,1,0,0,0,0,3,0,1,0,0,0,7,0,5,2,3,0,1,5,4
154,0,28,0,12,2,4,1,1,0,0,0,7,0,2,4,0,0,1,0,0,0,0,0,0,0,0,0,0,0,0,0,11,3,0,0,7,22,72,13,6,7,1,2,0,0,3,0,14,1,3,0,105,0,1597,0,14,0,3,0,181,12,244,5,2267,4,224,3,0,7,71,11,0,2,4,3,26,7,0,1,0,0,8,1,75,3,2,0,1214,0,0,0,80,0,0,0,0,1,1,0,0,0,1,0,0,0,0,0,0,0,0,0,2,0,0,0,0,0,0,0,0,0,0,0,1,0,1,0,0,0,0,0,0,0,3,0,1,0,0,0,2,2,0,2,9,0,0,0,0,0,0,0,0,0,0,1,0,0,1,0,0,0,3,0,0,0,0,0,3,2
2,360,3,62,0,108,1,20,0,3,0,0,1,4,2,56,0,0,0,0,0,1,0,0,0,0,0,0,0,0,0,0,10,19,0,0,0,6,11,34,7,13,1,0,0,0,71,5,8,104,3,2,14,335,4,1476,0,3,0,1,2,273,16,831,5,1409,0,327,7,0,39,420,0,10,1,10,17,54,0,1,0,0,3,19,11,295,0,3,14,1647,0,0,2,38,0,0,0,0,4,1,0,0,0,0,0,0,2,0,0,0,0,1,6,3,0,0,0,0,0,1,0,0,0,0,0,0,0,0,0,0,0,2,0,0,0,2,0,1,0,0,1,4,1,0,2,3,0,0,0,0,0,0,0,0,0,0,0,1,0,0,0,3,0,3,0,1,0,1,4,0
458,12,423,10,98,4,57,3,16,5,1,1,39,2,253,33,0,0,3,2,0,0,0,0,0,0,0,0,0,0,0,0,52,9,0,0,2039,164,1503,50,264,46,252,14,3,1,970,149,1628,72,523,12,516,72,142,50,14,21,59,3,483,18,901,24,82,13,66,14,71,39,0,172,454,14,81,10,103,46,10,0,0,0,22,18,102,67,3,9,76,55,1,0,27,23,0,1,2,4,45,10,1,1,4,0,2,1,5,4,16,4,5,2,25,10,0,0,0,0,0,5,1,0,3,0,4,0,23,0,6,1,0,0,2,0,77,4,8,0,2,2,26,7,5,5,60,4,0,1,1,0,0,0,1,0,66,20,0,0,2,4,0,3,20,0,30,3,2,2,30,3
27,166,10,208,4,48,1,26,0,20,0,1,2,25,15,522,0,1,2,31,0,2,0,1,0,1,0,0,0,2,0,0,24,158,0,0,4,2217,90,1799,81,477,42,391,0,4,309,1079,99,1005,110,508,90,583,43,479,5,39,35,65,14,436,45,684,21,167,8,176,11,420,172,0,3,124,13,61,28,316,3,8,0,0,2,106,30,384,1,13,23,223,0,1,4,76,2,1,5,8,8,29,0,1,0,0,0,1,2,5,5,4,3,7,13,8,2,0,0,0,0,6,0,0,0,0,1,0,0,0,0,4,0,4,0,2,1,14,0,1,0,24,6,49,1,16,28,43,0,15,0,0,1,0,0,9,8,28,1,3,1,6,0,11,1,8,7,6,1,5,20,3
517,15,201,8,34,3,14,0,6,0,2,0,50,2,479,90,0,0,2,1,1,0,0,0,0,0,0,0,0,0,0,0,18,0,0,0,1623,354,23,1,40,6,3,0,1,0,2,0,3,0,0,0,3,0,4,0,3,0,3,0,417,6,73,0,37,0,27,3,0,0,454,3,0,9,142,11,86,13,13,0,0,0,1,1,9,2,4,0,3,1,0,0,2,0,1,3,3,3,25,5,1,3,1,0,1,2,2,3,4,4,2,5,26,10,0,1,0,0,0,2,0,0,0,0,12,0,26,1,4,0,1,0,7,0,98,0,7,0,1,0,10,0,3,0,105,4,5,3,1,0,0,0,0,0,17,6,0,0,7,1,1,0,30,5,28,0,4,2,22,7
13,425,5,77,3,41,5,15,0,32,0,3,1,16,6,752,0,0,3,5,0,2,0,0,0,1,0,0,0,0,0,0,4,35,0,0,3,521,1,2,4,175,1,19,1,2,3,0,0,3,0,3,1,4,0,8,0,0,0,1,22,883,9,88,9,13,10,53,2,10,14,124,9,0,15,124,2,232,0,32,0,0,1,1,6,7,0,1,2,8,0,0,0,0,4,3,0,5,6,52,2,1,1,1,1,2,9,8,5,6,3,8,26,9,2,1,0,1,0,2,0,2,0,0,0,4,0,3,0,8,0,11,0,3,3,17,0,2,0,3,2,22,1,4,9,28,0,20,0,0,0,0,0,0,4,13,1,10,3,13,3,17,0,38,4,9,0,13,13,9
264,20,301,174,177,173,38,39,62,51,15,5,32,9,116,127,37,113,76,134,70,28,59,4,10,3,3,2,3,0,8,0,44,20,0,0,81,202,36,4,27,8,7,0,4,5,1,1,3,0,1,1,6,1,9,0,3,0,3,0,287,9,34,7,26,4,30,6,4,1,81,13,142,15,0,201,889,86,55,1,0,0,0,0,10,3,6,1,10,1,2,0,6,0,1,2,2,1,17,11,0,0,0,0,0,1,4,1,3,3,1,1,13,3,0,0,0,0,0,1,13,10,19,0,64,0,81,0,3,0,2,3,3,0,92,44,14,6,1,1,3,0,4,1,139,2,3,3,5,0,4,14,5,31,43,326,95,22,1,5,1,5,8,5,13,7,0,3,12,2
17,526,23,220,7,482,1,292,1,202,0,85,1,48,8,322,18,108,27,87,48,59,21,70,2,46,0,14,1,31,1,3,6,59,0,0,8,232,1,8,0,160,2,11,2,21,9,1,1,2,0,11,1,3,0,7,0,0,0,2,18,191,5,21,9,12,2,53,3,10,10,61,11,124,201,0,12,1642,2,77,0,0,1,3,3,69,1,5,3,25,0,0,0,3,2,3,6,6,27,81,11,3,6,1,6,3,9,9,12,8,5,5,50,6,1,1,1,0,0,8,1,19,0,12,0,91,1,55,0,55,0,104,0,8,6,638,0,195,0,14,2,34,0,34,6,252,0,96,0,15,5,5,12,14,21,76,10,367,7,28,0,31,3,99,6,54,4,17,40,15
641,5,1021,13,710,4,179,0,228,2,306,0,309,1,191,18,82,1,167,12,76,2,93,0,29,0,15,0,47,0,79,0,1155,4,0,0,101,30,62,10,220,7,36,2,81,0,45,2,19,3,108,0,60,1,168,2,73,0,131,0,765,8,96,7,128,11,82,11,26,17,103,28,86,2,889,12,0,12,277,1,0,0,24,3,212,13,149,1,124,5,16,0,104,1,0,2,0,4,35,14,3,1,4,0,1,5,5,4,10,2,4,3,28,7,0,0,0,0,0,1,7,5,0,0,44,0,18,0,3,1,3,0,19,0,106,8,10,0,11,0,11,0,18,1,94,1,0,1,0,1,1,1,2,2,24,18,991,1,8,3,14,0,115,4,31,2,5,5,11,8
20,592,82,674,21,804,2,313,5,415,0,580,2,149,37,569,7,267,78,265,12,63,1,103,0,58,0,18,0,39,1,5,6,1117,0,0,21,311,11,37,6,426,0,41,0,264,70,40,20,47,5,54,29,45,11,84,2,46,4,78,13,543,12,146,7,36,4,113,7,54,46,316,13,232,86,1642,12,0,1,265,0,0,1,90,14,279,1,217,16,107,0,22,1,54,8,2,4,3,11,25,5,0,1,1,5,1,6,7,4,7,3,0,17,2,0,0,0,0,0,1,0,11,0,1,0,24,0,8,0,17,0,22,0,6,6,67,0,38,0,31,0,17,0,32,5,52,0,19,0,3,9,1,29,74,35,183,14,1277,10,17,0,30,1,92,2,21,3,7,20,5
31,2,38,0,24,0,9,0,8,1,3,0,19,0,11,2,3,0,5,0,2,0,5,0,0,0,0,0,1,0,1,0,21,0,0,0,6,2,3,1,36,2,0,0,30,1,0,0,2,0,3,0,0,0,7,1,2,0,3,0,89,0,18,0,21,0,18,1,0,0,10,3,13,0,55,2,277,1,0,0,0,0,0,0,13,1,2,0,4,1,2,0,2,0,0,0,0,0,3,3,0,0,1,0,1,0,0,0,0,2,0,0,3,1,0,0,0,0,0,1,3,2,0,0,5,0,1,0,1,0,2,0,0,0,43,0,7,0,3,0,2,0,1,0,11,0,0,0,1,0,0,0,0,0,1,0,38,0,3,0,4,0,14,0,2,0,1,0,1,1
1,46,0,19,1,14,0,7,0,2,0,1,0,5,0,47,0,1,0,2,0,0,0,0,0,0,0,0,0,0,0,0,0,6,0,0,1,11,1,0,0,14,0,1,0,10,3,1,0,2,0,0,0,0,0,1,0,0,1,1,2,66,0,5,1,0,0,8,1,1,0,8,0,32,1,77,1,265,0,0,0,0,0,0,1,4,0,1,0,2,0,0,1,1,0,0,0,0,2,0,0,0,0,0,0,0,2,2,0,0,0,0,4,0,1,0,0,0,0,1,0,2,0,0,0,2,0,0,0,2,0,2,0,0,0,14,0,5,0,1,0,0,0,0,0,7,0,3,0,0,0,0,0,0,1,1,1,14,0,0,0,2,0,11,0,2,1,0,2,1
0,0,0,0,0,0,0,0,0,0,0,0,0,0,0,0,0,0,0,0,0,0,0,0,0,0,0,0,0,0,0,0,0,0,0,0,0,0,0,0,0,0,0,0,0,0,0,0,0,0,0,0,0,0,0,0,0,0,0,0,0,0,0,0,0,0,0,0,0,0,0,0,0,0,0,0,0,0,0,0,0,0,0,0,0,0,0,0,0,0,0,0,0,0,0,0,0,0,0,0,0,0,0,0,0,0,0,0,0,0,0,0,0,0,0,0,0,0,0,0,0,0,0,0,0,0,0,0,0,0,0,0,0,0,0,0,0,0,0,0,0,0,0,0,0,0,0,0,0,0,0,0,0,0,0,0,0,0,0,0,0,0,0,0,0,0,0,0,0,0
0,0,0,0,0,0,0,0,0,0,0,0,0,0,0,0,0,0,0,0,0,0,0,0,0,0,0,0,0,0,0,0,0,0,0,0,0,0,0,0,0,0,0,0,0,0,0,0,0,0,0,0,0,0,0,0,0,0,0,0,0,0,0,0,0,0,0,0,0,0,0,0,0,0,0,0,0,0,0,0,0,0,0,0,0,0,0,0,0,0,0,0,0,0,0,0,0,0,0,0,0,0,0,0,0,0,0,0,0,0,0,0,0,0,0,0,0,0,0,0,0,0,0,0,0,0,0,0,0,0,0,0,0,0,0,0,0,0,0,0,0,0,0,0,0,0,0,0,0,0,0,0,0,0,0,0,0,0,0,0,0,0,0,0,0,0,0,0,0,0
30,0,2,0,15,0,15,0,6,0,0,0,206,0,1,1,0,0,0,0,0,0,0,0,0,0,0,0,0,0,0,0,134,1,0,0,4,4,25,1,3,0,0,0,0,0,1,0,6,1,1,0,18,1,45,0,3,0,0,0,64,1,24,1,7,2,17,2,8,3,22,2,1,1,0,1,24,1,0,0,0,0,0,1,571,2,3,0,89,0,0,0,1,0,0,0,0,0,3,1,1,0,0,0,0,0,0,0,1,0,0,0,2,1,0,0,0,0,0,0,0,0,0,0,0,0,0,0,0,0,0,0,0,0,1,0,0,0,0,0,0,0,0,0,2,1,0,0,0,0,0,0,0,0,0,1,1,0,0,0,0,0,1,0,0,0,0,0,0,0
0,5,0,3,0,8,0,7,0,7,0,0,0,250,2,0,0,0,0,0,0,0,0,0,0,0,0,0,0,0,0,0,1,144,0,0,0,5,3,14,4,16,1,4,0,1,16,0,8,13,0,2,6,16,2,28,0,0,0,0,2,17,3,24,3,25,0,23,1,19,18,106,1,1,0,3,3,90,0,0,0,0,1,0,5,314,0,12,8,13,0,0,3,5,0,0,0,0,0,1,0,0,0,0,0,1,0,1,0,0,0,0,0,0,0,0,0,0,0,0,0,0,0,0,0,0,1,0,0,1,0,0,0,0,0,0,0,0,1,1,1,4,0,1,1,2,0,1,0,1,0,0,0,0,0,0,0,0,0,0,0,0,0,0,0,1,0,0,1,0
473,4,49,0,114,3,176,0,27,0,3,0,1052,1,24,7,0,0,1,0,0,0,0,0,0,0,0,0,0,0,0,0,278,4,0,0,39,52,103,16,110,8,13,2,8,0,52,3,23,3,101,2,88,1,299,3,72,0,112,0,528,13,82,9,67,9,1219,16,75,11,102,30,9,6,10,3,212,14,13,1,0,0,571,5,0,12,603,1,3486,2,3,0,124,0,2,3,0,0,17,2,1,2,2,1,1,0,1,4,4,1,1,0,7,4,1,2,0,0,0,0,1,0,1,0,2,0,5,0,2,0,0,0,1,0,17,0,2,1,2,0,11,2,2,2,28,0,0,0,0,0,0,0,0,0,0,1,0,0,4,5,0,2,4,0,8,1,2,0,11,2
5,241,3,69,2,230,0,206,0,97,0,4,1,1045,8,110,0,1,0,0,0,1,0,2,0,0,0,0,0,49,0,0,10,757,0,0,0,26,16,85,16,232,4,23,0,19,165,40,24,101,12,69,41,134,10,261,2,66,3,84,4,85,13,47,10,19,2,575,3,295,67,384,2,7,3,69,13,279,1,4,0,0,2,314,12,0,0,1182,11,3126,1,35,2,81,0,1,1,0,1,4,1,0,0,0,0,0,2,2,0,2,1,1,2,3,0,0,0,0,0,1,0,0,1,0,0,0,0,0,1,4,0,1,0,0,1,9,0,3,0,17,3,14,0,13,2,22,0,2,0,0,0,0,0,1,3,5,0,2,1,0,0,0,0,5,0,4,0,2,6,0
51,0,85,1,58,0,33,0,12,0,132,0,184,0,12,2,17,1,11,1,17,0,67,0,57,0,6,0,54,0,22,0,326,0,0,0,3,0,2,1,513,1,166,0,924,0,7,1,2,0,39,0,5,0,29,0,32,0,135,0,48,0,2,0,10,0,5,0,2,0,3,1,4,0,6,1,149,1,2,0,0,0,3,0,603,0,0,0,1114,0,597,0,502,0,0,0,0,0,1,0,0,0,1,0,0,0,0,0,0,0,1,0,0,0,0,0,0,0,0,1,0,1,0,0,4,0,2,0,0,0,0,0,1,0,3,0,0,0,5,0,6,0,2,0,14,0,0,0,0,1,1,1,1,1,3,2,16,0,0,0,1,0,2,0,1,0,0,0,0,1
0,4,1,14,0,22,0,2,0,2,0,31,0,115,0,0,0,109,1,19,0,20,4,183,0,71,0,5,0,652,0,1,0,194,0,0,0,0,0,1,1,651,0,235,0,982,12,10,2,3,1,19,0,10,0,16,0,18,0,165,0,4,2,1,0,0,0,3,0,3,9,13,0,1,1,5,1,217,0,1,0,0,0,12,1,1182,0,0,0,509,0,1140,0,199,0,0,0,0,0,1,0,0,0,0,0,0,0,0,0,0,0,1,0,0,0,0,0,0,0,0,0,1,0,0,0,2,0,0,0,0,0,0,0,1,0,0,0,0,0,9,0,1,0,0,0,6,0,1,0,0,1,2,3,7,0,4,2,11,0,0,0,1,0,1,0,1,0,0,0,0
677,6,73,1,122,3,36,0,16,0,12,0,25,4,16,5,0,0,5,0,2,0,7,0,4,0,2,0,7,0,2,0,98,5,0,0,22,20,136,19,133,7,15,3,14,0,62,0,37,6,98,0,98,0,2365,2,210,0,180,0,476,2,60,10,237,11,564,12,1214,14,76,23,3,2,10,3,124,16,4,0,0,0,89,8,3486,11,1114,0,0,4,662,0,3380,0,3,0,0,0,3,6,0,0,2,0,0,0,0,1,0,1,0,0,2,2,0,0,0,0,0,1,0,0,0,0,2,0,3,0,0,0,0,0,2,0,8,1,1,0,2,0,5,4,1,1,11,1,0,1,0,0,0,0,0,0,2,0,5,0,0,0,0,2,5,1,2,1,0,0,3,3
2,439,1,178,1,328,2,32,0,16,0,3,1,5,2,86,0,0,1,2,0,0,0,5,0,7,0,0,0,47,0,0,6,69,0,0,1,11,14,34,4,494,3,35,0,31,108,204,18,123,9,186,21,448,6,3278,1,606,6,576,0,82,2,33,0,47,0,60,0,1647,55,223,1,8,1,25,5,107,1,2,0,0,0,13,2,3126,0,509,4,0,0,673,1,4668,0,0,0,0,2,2,0,0,0,0,1,0,1,0,0,1,0,0,1,1,0,0,0,0,0,0,0,0,0,0,0,1,1,0,0,1,0,2,0,0,0,0,0,4,0,5,1,1,0,4,1,7,0,4,0,0,0,0,0,4,1,3,0,5,0,0,0,3,0,4,0,4,0,1,0,0
0,0,8,0,3,0,0,0,0,0,6,0,0,0,0,0,1,0,2,0,2,0,12,0,0,0,0,0,3,0,1,0,5,0,0,0,0,0,0,1,315,0,129,0,195,0,1,0,0,0,1,0,0,0,3,0,2,0,568,0,1,0,0,0,0,0,0,0,0,0,1,0,0,0,2,0,16,0,2,0,0,0,0,0,3,1,597,0,662,0,0,0,1293,0,0,0,0,0,0,0,0,0,0,0,0,0,0,0,0,0,0,0,0,0,0,0,0,0,0,0,0,0,0,0,0,0,0,0,0,0,0,0,0,0,1,0,0,0,1,0,1,0,0,0,1,0,0,0,0,0,0,0,0,0,0,0,6,0,0,0,0,0,0,0,1,0,0,0,0,0
0,0,0,1,0,3,0,0,0,0,0,2,0,0,0,0,0,7,0,2,0,0,0,8,0,3,0,1,0,18,0,0,0,4,0,0,0,1,0,0,0,442,0,375,0,455,0,1,0,0,0,4,0,0,0,2,0,3,0,874,0,0,0,0,0,0,0,0,0,0,0,1,0,0,0,0,0,22,0,0,0,0,0,0,0,35,0,1140,0,673,0,0,0,1097,0,0,0,0,0,0,0,0,0,0,0,0,0,0,0,0,0,0,0,0,0,0,0,0,0,0,0,0,0,0,0,0,0,0,0,0,0,0,0,0,0,1,0,0,0,0,0,0,0,0,0,2,0,0,0,0,0,0,0,0,0,0,0,4,0,0,0,0,0,0,0,1,0,0,0,0
246,0,87,1,73,2,11,0,9,0,27,0,5,0,5,1,2,0,4,1,4,1,8,0,4,0,1,0,4,0,4,0,76,1,0,0,5,1,27,2,331,1,181,1,26,0,74,2,21,1,125,0,66,1,810,1,1007,0,3337,0,123,2,21,0,56,2,23,3,80,2,27,4,2,0,6,0,104,1,2,1,0,0,1,3,124,2,502,0,3380,1,1293,0,0,0,28,1,1,0,5,1,0,0,2,0,0,0,0,0,0,0,0,0,1,0,0,0,0,0,0,0,0,0,0,0,0,0,0,0,0,0,0,0,0,0,4,0,0,0,1,0,3,0,4,0,15,1,0,0,0,0,0,0,0,1,2,0,7,0,1,0,1,0,1,0,0,0,0,0,2,0
1,50,0,32,0,36,0,3,0,1,0,3,0,1,1,9,0,1,1,2,0,1,0,3,0,1,0,0,0,26,0,0,0,9,0,0,0,0,8,15,3,414,2,124,0,33,55,180,14,87,5,172,5,300,1,1117,0,2035,3,4941,0,4,0,5,0,5,0,3,0,38,23,76,0,0,0,3,1,54,0,1,0,0,0,5,0,81,0,199,0,4668,0,1097,0,0,0,117,0,3,0,1,0,0,0,3,0,1,0,1,0,0,0,1,0,0,0,0,1,1,0,0,0,0,0,0,0,0,0,0,0,0,0,0,0,0,0,1,0,0,0,5,0,3,0,0,0,2,0,0,0,0,0,0,0,0,2,0,1,1,0,0,0,0,0,0,0,0,0,0,0,0
0,2,1,0,2,0,0,0,0,0,0,0,0,0,4,2,0,0,0,1,0,0,0,0,0,0,0,0,0,0,0,0,2,0,0,0,1,3,0,0,1,1,6,1,0,0,3,0,0,0,52,3,1,0,19,0,22,0,66,0,3,1,0,0,0,0,0,0,0,0,0,2,1,4,1,2,0,8,0,0,0,0,0,0,2,0,0,0,3,0,0,0,28,0,0,23,5588,83,139,18,1059,20,6246,68,479,32,566,45,171,26,39,11,4,8,72,156,177,24,17,5,0,0,0,0,0,0,0,0,0,0,0,0,0,0,0,0,0,0,0,0,0,1,0,0,0,0,0,0,0,0,0,0,0,0,0,2,0,0,2,1,0,2,0,1,0,0,0,7,0,0
11,1,8,1,3,1,0,0,0,0,0,0,3,0,2,1,0,0,0,0,0,0,0,0,0,0,0,0,0,0,0,0,2,0,0,0,0,0,1,0,3,1,16,17,0,0,0,0,0,0,0,229,0,0,0,0,1,0,3,64,10,2,2,0,2,0,3,1,0,0,1,1,3,3,2,3,2,2,0,0,0,0,0,0,3,1,0,0,0,0,0,0,1,117,23,0,61,7765,23,256,87,477,51,6021,61,800,159,602,84,167,62,190,12,41,140,220,359,19,17,3,0,0,0,0,0,0,0,0,0,0,0,0,0,0,0,0,0,0,0,0,2,0,0,0,0,0,0,0,0,0,0,0,0,0,0,0,0,0,4,2,0,8,2,1,1,1,1,3,1,1
6,7,5,5,3,1,0,1,0,1,0,0,0,0,3,5,0,0,0,1,0,0,0,0,0,0,0,0,0,0,0,0,0,0,0,0,1,4,0,0,5,1,17,1,0,0,0,0,0,0,5,2,0,0,0,0,0,0,15,1,7,3,1,0,1,0,1,0,0,0,2,5,3,0,2,6,0,4,0,0,0,0,0,0,0,1,0,0,0,0,0,0,1,0,5588,61,0,161,220,36,999,53,2258,111,3219,103,1858,120,376,62,62,30,9,18,87,120,327,38,15,6,0,0,0,0,0,0,0,0,0,0,0,0,1,0,0,0,0,0,0,0,0,3,0,0,0,0,0,0,0,0,0,0,0,0,0,1,0,0,3,1,1,0,0,0,0,4,0,6,1,0
19,5,5,3,1,0,1,1,0,0,0,0,2,0,1,5,0,0,0,0,0,0,0,0,0,0,0,0,0,0,0,0,1,1,0,0,2,3,2,2,5,9,31,30,0,0,0,0,2,1,2,12,1,0,1,1,1,0,2,6,25,6,2,1,2,0,3,4,1,0,4,8,3,5,1,6,4,3,0,0,0,0,0,0,0,0,0,0,0,0,0,0,0,3,83,7765,161,0,50,288,149,315,95,1591,88,3757,319,2371,150,421,114,164,42,95,198,327,553,106,46,11,0,0,0,0,0,0,0,0,0,0,0,0,1,0,1,1,0,1,0,0,0,2,1,0,2,0,0,1,0,0,0,0,0,0,0,0,0,0,7,2,0,15,2,1,1,0,2,13,0,5
74,8,36,9,27,5,7,3,8,1,0,1,19,3,17,19,0,0,5,1,0,0,0,0,0,0,0,0,0,0,0,0,10,3,0,0,25,26,33,3,98,5,84,0,1,1,8,0,6,0,66,11,4,0,7,0,3,0,2,0,136,8,47,8,34,0,29,3,1,4,45,8,25,6,17,27,35,11,3,2,0,0,3,0,17,1,1,0,3,2,0,0,5,0,139,23,220,50,0,127,992,53,296,34,167,29,480,76,1258,93,111,24,197,314,117,47,19,40,29,241,1,1,0,0,1,1,0,0,1,0,0,1,1,1,23,7,2,1,3,0,37,4,15,3,62,4,0,2,0,0,0,0,0,1,2,1,0,2,37,41,5,17,11,10,85,42,35,22,178,21
32,40,21,20,9,24,4,4,3,2,0,0,3,0,7,49,0,1,3,4,0,0,0,0,0,0,0,0,0,0,0,0,1,6,0,0,5,47,5,9,15,21,8,16,1,4,3,0,1,1,1,116,1,2,2,0,1,1,0,1,48,64,12,15,8,2,7,6,0,1,10,29,5,52,11,81,14,25,3,0,0,0,1,1,2,4,0,1,6,2,0,0,1,1,18,256,36,288,127,0,138,1379,28,563,27,119,89,518,98,428,58,158,94,309,253,49,15,17,25,36,0,0,0,1,0,1,0,1,1,1,0,0,0,1,2,17,1,1,0,2,3,25,1,33,1,8,0,4,0,0,0,0,0,0,0,6,0,2,25,66,1,58,3,10,34,22,3,20,127,37
7,4,4,7,2,6,1,2,1,1,0,0,0,0,1,13,0,0,0,0,0,0,0,0,0,0,0,0,0,0,0,0,1,0,0,0,2,6,2,0,22,4,26,4,0,0,1,0,0,0,114,6,0,0,2,0,0,0,11,0,8,5,3,0,4,0,0,0,0,0,1,0,1,2,0,11,3,5,0,0,0,0,1,0,1,1,0,0,0,0,0,0,0,0,1059,87,999,149,992,138,0,528,4546,178,669,45,1178,119,631,106,188,22,41,298,1076,230,91,120,28,37,0,0,0,0,0,0,0,0,0,1,0,0,0,0,2,0,0,0,0,1,6,1,0,1,23,4,1,0,0,0,0,0,0,0,1,0,0,0,3,5,1,2,2,5,2,0,2,4,10,0
4,2,0,2,0,1,0,0,0,0,0,0,0,0,3,1,0,0,0,1,0,0,0,0,0,0,0,0,0,0,0,0,0,0,0,0,0,1,0,0,4,0,4,23,0,0,0,29,0,5,6,135,1,0,0,0,0,0,0,11,2,0,0,0,0,0,0,0,0,0,1,1,3,1,0,3,1,0,0,0,0,0,0,0,2,0,0,0,0,0,0,0,0,0,20,477,53,315,53,1379,528,0,94,3327,34,84,139,308,82,185,45,355,50,122,1148,125,50,62,25,34,0,0,0,0,0,0,0,0,0,0,0,0,0,0,0,0,0,0,0,0,0,0,0,0,1,0,0,0,0,0,0,0,0,0,0,0,0,0,1,1,0,11,0,2,0,2,0,11,0,0
