0,152,1294,51,1235,57,973,17,240,5,1,0,316,8,309,384,0,0,2,0,0,0,0,0,0,0,0,0,1,0,0,0,183,2,0,0,196,255,22,9,44,8,2,0,2,0,12,0,6,1,6,0,22,1,84,1,8,0,10,0,4558,24,394,3,365,1,458,3,83,1,184,34,790,30,81,35,981,24,72,9,0,0,14,1,620,10,18,0,497,0,0,0,110,0,1,4,2,9,87,5,7,0,1,1,6,3,11,16,6,7,1,2,8,8,1,0,0,0,1,6,1,0,0,0,11,0,51,0,12,6,5,0,2,2,75,15,24,6,4,1,4,2,7,0,38,12,23,5,6,0,0,0,0,0,24,11,0,0,16,3,27,1,58,29,76,11,7,11,25,11
152,0,53,1224,33,1779,14,1045,5,191,0,3,11,345,110,510,0,1,4,6,0,0,0,1,0,1,0,1,0,0,0,0,7,71,0,0,23,248,2,1,3,54,1,2,0,0,0,8,0,23,0,8,2,39,0,150,0,10,0,5,15,3368,7,213,7,131,2,548,0,120,17,316,53,484,10,494,32,251,3,61,0,0,0,3,5,160,1,0,2,522,0,0,0,94,3,3,1,0,5,12,0,1,0,0,0,0,6,6,4,3,0,2,16,3,1,0,1,0,0,4,0,1,0,1,0,2,3,5,1,12,0,0,0,2,7,46,7,13,1,15,0,12,0,1,5,28,2,8,0,0,0,0,0,0,38,51,1,7,5,19,3,31,4,130,11,44,3,10,19,5
1294,53,0,189,4882,222,278,35,524,45,220,5,133,10,1467,258,3,2,2349,136,152,18,17,7,39,2,359,1,251,3,22,1,519,15,0,0,230,106,15,6,15,6,4,0,2,0,3,1,7,2,2,0,34,0,66,0,20,1,6,2,179,4,367,0,100,0,60,2,33,1,281,21,263,11,66,48,551,45,73,9,0,0,12,1,123,1,105,2,98,2,11,0,64,3,0,3,1,6,23,1,1,0,2,0,4,0,6,9,3,2,2,1,5,0,0,0,0,0,0,0,0,0,1,0,4,0,32,2,2,3,7,1,2,0,57,27,35,4,5,0,4,1,2,0,16,8,10,0,1,0,15,69,13,41,154,133,0,1,10,5,16,2,30,8,30,4,4,5,14,1
51,1224,189,0,129,6519,6,378,18,530,26,276,3,38,96,2300,5,45,283,2003,23,227,4,101,1,224,3,404,24,159,1,13,63,263,0,0,51,813,7,36,0,64,0,3,1,9,0,5,0,15,0,3,0,31,1,35,1,2,0,23,5,126,5,48,4,10,1,36,2,10,36,734,38,186,10,454,63,704,6,130,0,0,1,9,5,44,20,128,3,87,1,6,4,31,1,1,0,1,3,10,0,0,0,0,0,3,5,9,1,4,3,0,21,5,0,0,0,0,0,1,0,0,0,1,0,5,8,5,0,24,0,18,0,14,12,171,4,35,0,10,1,20,0,4,0,36,0,10,0,0,26,114,105,232,153,524,6,40,6,25,4,44,3,69,12,46,0,14,23,4
1235,33,4882,129,0,197,808,34,2076,41,462,3,264,3,254,184,3,0,507,93,15,5,3,4,10,1,129,0,148,0,130,1,840,11,0,0,61,78,10,1,19,6,3,0,3,0,6,2,3,0,6,0,16,0,47,0,11,0,7,2,127,2,102,4,61,0,195,2,45,0,32,12,20,4,92,37,612,38,115,3,0,0,43,1,405,4,82,0,201,5,11,0,80,1,0,0,0,2,21,2,2,0,3,0,1,0,5,6,2,1,0,0,2,1,0,0,0,0,0,0,0,0,0,0,6,2,36,1,6,3,1,4,0,1,56,25,46,11,1,1,4,2,4,1,17,5,6,1,3,0,3,19,7,19,176,177,1,0,10,2,11,2,25,2,29,6,2,3,7,3
57,1779,222,6519,197,0,18,2056,47,2854,12,721,3,77,180,563,3,18,256,358,7,24,2,45,0,91,4,527,10,125,1,76,46,506,0,0,58,306,9,23,3,34,1,5,0,7,2,3,0,20,0,4,0,22,0,61,0,6,0,22,6,148,9,33,2,64,1,250,0,33,18,239,9,93,14,911,64,813,14,113,0,0,2,20,8,191,10,82,3,280,1,8,2,94,0,2,1,1,3,13,0,1,0,1,3,0,3,1,2,2,0,1,16,4,1,1,0,0,1,1,0,2,0,5,0,5,6,6,0,14,0,30,0,9,3,283,4,79,0,5,0,10,1,5,3,43,1,14,0,1,6,38,45,80,186,667,6,24,7,24,1,44,5,49,13,41,1,8,29,3
973,14,278,6,808,18,0,7,893,1,1,0,942,0,198,52,0,0,4,1,0,0,0,0,0,0,0,0,0,0,0,0,643,2,0,0,40,42,7,2,15,0,1,0,0,0,1,0,0,0,0,0,2,0,11,0,2,0,1,0,405,2,25,0,41,0,224,1,10,1,18,8,29,0,43,6,263,2,19,2,0,0,6,0,80,2,57,0,23,1,0,0,4,0,0,0,1,1,10,0,2,0,0,0,0,0,0,3,3,2,1,0,0,0,0,0,0,0,0,0,0,0,0,0,1,0,12,2,1,1,1,0,1,0,8,5,6,2,2,1,0,0,1,0,9,2,1,0,1,0,0,0,0,0,13,10,0,0,7,1,5,2,9,2,11,0,1,0,3,2
17,1045,35,378,34,2056,7,0,2,1352,0,6,3,899,51,470,0,0,9,12,0,0,0,4,0,0,0,1,0,0,0,0,5,885,0,0,9,59,2,8,0,8,0,0,0,0,1,1,0,1,0,4,0,3,0,7,1,1,0,2,3,75,4,6,3,20,4,188,0,10,2,38,0,25,4,388,14,319,2,59,0,0,0,4,0,80,0,1,0,51,0,0,0,7,0,0,0,1,2,3,1,0,0,0,1,2,2,2,2,0,2,0,11,1,0,0,0,0,0,3,0,0,0,0,0,1,3,4,0,2,0,1,0,5,2,49,2,16,0,5,0,3,0,0,0,17,0,6,0,0,0,0,0,0,40,48,2,1,1,11,2,21,1,25,8,14,1,3,10,2
240,5,524,18,2076,47,893,2,0,14,2170,0,473,1,136,40,1,0,196,19,0,0,1,0,2,0,16,0,90,0,61,0,1505,0,0,0,28,23,3,0,10,0,0,0,0,0,1,0,0,0,0,0,0,0,4,0,1,0,3,0,35,0,5,0,8,0,76,0,0,0,6,4,2,4,15,8,201,10,38,3,0,0,12,0,43,0,38,0,14,0,4,0,11,0,0,0,1,0,5,0,0,0,0,0,0,0,0,1,0,0,1,0,1,1,0,0,0,0,0,0,0,0,0,0,0,0,6,0,1,0,0,1,0,0,7,4,4,2,1,0,0,0,0,0,4,0,1,0,0,0,0,1,3,3,35,35,0,0,6,0,4,1,7,1,8,1,0,0,1,0
5,191,45,530,41,2854,1,1352,14,0,2,1211,0,163,37,209,0,1,52,138,1,2,0,4,0,5,0,8,2,10,1,6,9,1790,0,0,6,85,0,7,0,32,0,4,0,4,0,0,0,0,0,1,0,2,0,3,0,1,0,7,1,120,0,12,0,9,1,132,0,3,1,38,1,23,1,636,11,739,2,56,0,0,0,29,2,85,2,42,0,39,1,4,0,26,0,0,0,1,1,4,0,0,0,0,0,0,2,2,1,0,1,0,6,0,0,0,0,0,0,0,0,1,0,1,0,5,0,5,0,2,0,16,0,3,0,114,1,27,1,7,0,4,0,1,0,12,0,3,0,0,0,5,4,7,43,161,1,3,4,7,0,14,1,26,0,14,0,4,3,1
1,0,220,26,462,12,1,0,2170,2,0,2,3,0,2,0,1,0,124,8,21,4,14,3,10,0,106,0,1149,0,506,0,574,0,0,0,1,1,1,0,1,0,0,0,2,0,0,0,0,0,0,0,0,0,0,0,0,0,0,0,1,0,0,0,1,0,0,0,0,0,0,0,0,0,3,3,77,3,3,1,0,0,0,0,5,0,95,1,18,0,6,0,4,0,0,0,0,0,1,0,0,0,0,0,0,0,0,0,0,0,0,0,0,0,0,0,0,0,0,0,0,0,0,0,0,0,1,0,0,0,0,0,0,0,1,1,1,0,0,0,1,0,0,0,0,0,0,0,0,0,0,14,3,14,5,9,0,0,0,0,1,0,0,0,2,0,0,0,0,0
0,3,5,276,3,721,0,6,0,1211,2,0,0,1,1,5,3,29,15,37,1,20,0,49,0,64,0,245,1,1239,1,278,0,859,0,0,1,5,0,0,0,30,0,1,0,15,0,0,0,1,0,0,0,0,0,0,0,0,0,18,0,7,1,0,0,0,0,0,0,0,0,4,0,1,0,128,3,418,0,20,0,0,0,1,0,2,1,137,0,20,0,9,1,19,0,0,0,0,0,0,0,0,0,0,0,0,0,0,0,0,0,0,0,0,0,0,0,0,0,0,0,1,0,0,0,8,0,0,0,0,0,5,0,2,0,26,0,1,0,4,0,0,0,0,0,1,0,1,0,0,0,9,6,12,3,30,3,16,0,0,0,2,0,8,0,5,0,1,0,0
316,11,133,3,264,3,942,3,473,0,3,0,0,1,67,31,0,0,2,0,0,0,0,0,0,0,0,0,0,0,0,0,549,2,0,0,33,29,15,1,32,2,1,0,0,0,1,0,0,0,0,1,4,0,3,0,1,0,1,0,1089,3,23,1,24,0,350,1,3,1,20,14,24,1,20,1,209,2,44,1,0,0,154,0,187,9,288,0,8,0,0,0,0,0,0,0,0,2,10,0,1,0,0,0,1,1,0,1,0,0,0,1,1,1,0,0,0,0,0,1,0,0,3,0,2,0,8,0,4,1,0,0,0,0,7,1,6,0,0,0,2,1,0,0,8,2,2,0,1,0,0,0,0,0,3,3,0,0,3,0,11,2,15,4,11,2,1,2,5,3
8,345,10,38,3,77,0,899,1,163,0,1,1,0,6,49,0,1,3,5,0,1,0,1,0,0,0,0,0,0,0,0,2,1105,0,0,4,17,1,1,1,13,0,0,0,0,0,3,0,1,0,2,2,3,1,3,0,1,0,2,6,680,0,8,3,15,3,467,0,1,5,51,4,4,1,84,1,372,1,37,0,0,0,39,1,213,0,3,0,9,0,0,0,0,0,0,1,2,1,4,0,0,0,0,0,0,1,0,0,0,1,0,3,1,0,0,0,0,0,0,0,0,0,1,0,0,1,0,0,5,0,2,0,0,0,15,0,6,0,2,0,3,0,2,0,5,0,1,0,1,0,1,0,0,2,4,1,1,1,3,0,11,1,30,1,4,1,1,5,1
309,110,1467,96,254,180,198,51,136,37,2,1,67,6,0,725,0,0,802,24,0,0,1,0,1,0,0,0,1,0,0,0,145,13,0,0,2087,303,40,2,9,4,0,0,0,0,5,1,6,1,0,1,29,1,18,0,2,0,5,0,82,12,278,1,15,0,17,4,2,2,592,23,876,28,51,47,305,35,46,14,0,0,10,0,39,3,8,0,14,5,0,0,11,1,0,1,3,0,24,6,3,0,0,0,0,0,5,8,1,3,0,0,3,3,0,0,0,0,0,1,0,0,0,0,1,0,52,1,2,4,4,0,1,2,63,28,34,10,1,1,2,3,2,0,11,4,4,7,4,0,0,1,2,3,175,145,0,0,9,6,6,8,23,15,29,6,4,4,17,4
384,510,258,2300,184,563,52,470,40,209,0,5,31,49,725,0,0,1,75,648,0,0,0,1,0,1,0,0,1,0,1,0,42,61,0,0,207,2967,8,96,6,48,2,0,0,1,0,1,2,5,0,2,4,8,4,9,1,2,2,0,53,340,29,80,9,10,7,28,1,5,48,521,170,734,42,311,151,256,35,149,0,0,1,2,20,23,4,2,7,18,0,0,4,9,3,1,5,2,25,24,2,1,1,0,4,4,7,11,8,8,1,0,34,5,0,1,0,0,0,3,0,1,0,3,3,5,34,8,5,29,1,5,0,12,34,172,15,76,1,14,0,26,2,3,11,66,8,26,2,1,0,1,1,0,169,213,2,8,17,35,1,61,8,124,27,78,4,27,63,7
0,0,3,5,3,3,0,0,1,0,1,3,0,0,0,0,0,31,32,16,208,21,676,11,11,4,0,0,49,1,0,0,15,0,0,0,19,0,1,0,12,2,2,0,14,5,0,0,0,0,0,0,0,0,0,0,0,0,0,0,0,0,0,0,0,0,0,0,0,0,0,0,0,0,52,6,410,5,0,2,0,0,0,0,0,0,13,2,0,0,0,0,0,1,0,0,0,0,0,0,0,0,0,0,0,0,0,0,0,0,0,0,0,0,0,0,0,0,0,0,0,0,0,0,0,0,0,0,0,0,0,0,0,0,0,1,0,0,0,0,0,0,0,0,0,0,0,0,0,0,121,8,50,7,44,0,388,10,0,0,0,0,0,0,0,0,0,0,0,0
0,1,2,45,0,18,0,0,0,1,0,29,0,1,0,1,31,0,15,44,72,227,104,894,2,147,1,22,0,13,0,2,0,12,0,0,0,11,0,0,0,3,0,3,0,43,0,0,0,0,0,0,0,0,0,0,0,0,0,1,0,0,0,0,0,0,0,0,0,0,0,0,0,0,15,29,0,307,0,6,0,0,0,0,0,0,0,63,0,1,0,2,0,1,0,0,0,0,0,0,0,0,0,0,0,0,0,0,0,0,0,0,0,0,0,0,0,0,0,0,0,0,0,0,0,0,0,0,0,0,0,3,0,2,0,5,0,0,0,0,0,0,0,0,0,0,0,0,0,0,6,151,22,32,3,147,3,276,0,0,0,0,0,0,0,3,0,0,0,0
2,4,2349,283,507,256,4,9,196,52,124,15,2,3,802,75,32,15,0,346,420,79,87,33,42,9,47,4,221,4,10,0,332,12,0,0,273,88,17,6,1,8,0,0,3,1,1,0,1,0,0,0,2,0,3,0,2,0,1,4,0,2,5,0,2,0,1,0,1,0,14,6,1,1,13,58,220,71,42,10,0,0,1,0,2,3,145,10,18,2,9,1,6,1,0,0,0,0,2,0,0,0,0,0,0,0,1,0,0,0,0,0,1,0,0,0,0,0,0,2,0,0,0,0,1,2,3,0,0,3,1,4,0,1,9,33,13,2,0,1,0,1,0,0,2,1,0,1,0,0,24,167,318,138,469,181,5,1,5,2,2,3,2,5,4,1,1,4,4,2
0,6,136,2003,93,358,1,12,19,138,8,37,0,5,24,648,16,44,346,0,51,738,19,270,2,70,3,10,15,33,2,2,42,50,0,0,35,1221,4,19,0,29,1,4,0,7,0,0,0,0,0,0,0,0,0,0,0,2,0,10,1,7,0,2,1,0,0,2,0,1,1,11,0,4,3,145,34,251,4,31,0,0,0,2,0,2,14,52,3,12,0,5,1,11,0,0,0,2,2,1,0,0,0,0,0,0,0,0,1,0,0,0,3,0,0,0,0,0,0,0,0,3,0,0,0,2,0,3,0,1,0,11,0,7,0,66,0,13,0,2,0,2,0,0,0,9,0,3,0,0,53,245,144,1244,184,741,3,12,0,2,0,10,0,6,4,8,0,0,3,2
0,0,152,23,15,7,0,0,0,1,21,1,0,0,0,0,208,72,420,51,0,103,953,42,292,10,98,3,253,2,0,1,96,0,0,0,1,3,1,0,1,0,22,0,9,1,0,0,0,0,0,1,0,0,0,0,0,0,0,0,0,0,0,0,0,0,0,0,0,0,0,0,0,0,9,2,16,5,1,1,0,0,0,0,0,0,137,0,0,0,3,0,2,0,0,0,0,0,0,0,0,0,0,0,0,0,0,0,0,0,0,0,0,0,0,0,0,0,0,0,0,0,0,0,0,0,0,0,0,0,0,0,0,0,1,1,0,0,0,0,0,0,0,0,0,0,0,0,0,0,195,159,316,15,3,5,66,0,1,0,0,0,0,0,1,0,0,1,0,0
0,0,18,227,5,24,0,0,0,2,4,20,0,1,0,0,21,227,79,738,103,0,185,1419,0,299,0,44,6,34,0,2,3,8,0,0,1,21,0,0,0,3,0,0,1,1,0,0,0,0,0,0,0,0,0,0,0,0,0,1,0,2,0,0,0,0,0,1,0,0,0,0,0,0,6,8,1,52,0,1,0,0,0,0,0,1,1,5,1,2,1,0,0,0,0,0,0,0,0,0,0,0,0,0,0,0,0,0,0,0,0,0,0,0,0,0,0,0,0,0,0,0,0,0,0,0,0,0,0,0,0,1,0,1,0,3,0,0,0,0,0,0,0,0,0,0,0,0,0,0,58,684,83,336,8,189,0,20,0,0,0,0,0,0,0,1,0,0,0,0
0,0,17,4,3,2,0,0,1,0,14,0,0,0,1,0,676,104,87,19,953,185,0,339,878,4,77,1,258,0,0,0,51,0,0,0,11,1,2,0,0,0,16,0,14,0,0,0,0,0,0,0,0,0,0,0,0,0,0,0,0,0,0,0,0,0,0,0,0,0,0,0,0,0,18,0,39,6,2,0,0,0,0,0,0,0,94,0,0,0,2,0,0,0,0,0,0,0,0,0,0,0,0,0,0,0,0,0,0,0,0,0,0,0,0,0,0,0,0,0,0,0,0,0,0,0,0,0,0,0,0,0,0,0,0,2,1,0,0,0,0,0,0,0,0,0,0,0,0,0,271,53,82,21,31,5,438,3,0,0,0,0,0,0,0,0,0,0,0,0
0,1,7,101,4,45,0,4,0,4,3,49,0,1,0,1,11,894,33,270,42,1419,339,0,0,1055,2,71,2,144,0,3,1,64,0,0,0,16,0,0,0,4,0,0,0,21,0,0,0,0,0,1,0,0,0,0,0,0,0,3,0,0,1,0,0,0,0,0,0,0,0,1,0,0,2,32,0,243,0,16,0,0,0,0,0,0,0,62,1,3,0,8,0,3,0,0,0,0,0,0,0,0,0,0,0,0,0,0,0,0,0,0,0,0,0,0,0,0,0,0,0,0,0,0,0,1,0,1,0,0,0,4,0,3,0,15,0,1,0,1,0,0,0,0,0,1,0,1,0,0,20,220,32,93,4,91,0,25,0,0,0,1,0,5,0,0,0,0,0,0
0,0,39,1,10,0,0,0,2,0,10,0,0,0,1,0,11,2,42,2,292,0,878,0,0,1,86,0,503,0,0,0,58,0,0,0,1,0,0,0,0,0,41,0,4,0,0,0,0,0,0,0,0,0,0,0,0,0,0,0,0,0,0,0,0,0,0,0,0,0,0,0,0,0,4,2,13,0,3,0,0,0,0,0,0,0,118,1,0,0,0,0,0,0,0,0,0,0,0,0,0,0,0,0,0,0,0,0,0,0,0,0,0,0,0,0,0,0,0,0,0,0,0,0,0,0,0,0,0,0,0,0,0,0,1,0,0,0,0,0,0,0,0,0,0,0,0,0,0,0,4,4,26,1,2,0,71,0,0,0,0,0,0,0,0,0,0,0,0,0
0,1,2,224,1,91,0,0,0,5,0,64,0,0,0,1,4,147,9,70,10,299,4,1055,1,0,0,311,1,170,0,11,0,57,0,0,0,2,0,0,0,4,0,0,0,7,0,0,0,0,0,0,0,0,0,0,0,0,0,5,0,1,0,0,0,0,0,0,0,0,0,0,0,0,0,11,0,82,0,2,0,0,0,1,0,0,0,26,0,5,0,2,1,1,0,0,0,0,0,0,0,0,0,0,0,0,0,1,0,0,0,0,0,0,0,0,0,0,0,0,0,0,0,0,0,0,0,0,0,0,0,1,0,0,0,3,0,1,0,0,0,0,0,0,0,0,0,0,0,0,8,16,13,14,1,5,0,8,0,0,0,1,0,3,0,0,0,0,1,0
0,0,359,3,129,4,0,0,16,0,106,0,0,0,0,0,0,1,47,3,98,0,77,2,86,0,0,0,89,0,12,0,60,0,0,0,0,0,0,0,0,0,1,0,0,0,0,0,0,0,0,0,0,0,0,0,0,0,0,0,0,0,0,0,0,0,0,0,0,0,0,0,0,0,0,0,24,0,4,0,0,0,0,0,1,0,17,0,0,0,0,0,0,0,0,0,0,0,0,0,0,0,0,0,0,0,0,0,1,0,0,0,0,0,0,0,0,0,0,0,0,0,0,0,0,0,0,0,0,0,0,0,0,0,2,0,2,0,0,0,0,0,0,0,0,0,0,0,0,0,0,3,1,0,1,0,0,0,0,0,1,0,0,0,1,0,0,0,0,0
0,1,1,404,0,527,0,1,0,8,0,245,0,0,0,0,0,22,4,10,3,44,1,71,0,311,0,0,0,220,0,50,0,66,0,0,0,0,0,0,0,3,0,0,0,4,0,0,0,0,0,0,0,0,0,0,0,0,0,1,0,0,0,0,0,0,0,1,0,0,0,1,0,0,0,12,0,44,0,1,0,0,0,1,0,1,0,50,0,7,0,10,0,5,0,0,0,0,0,0,0,0,0,0,0,0,0,0,0,0,0,0,0,0,0,0,0,0,0,0,0,0,0,0,0,0,0,0,0,0,0,0,0,0,0,3,0,0,0,0,0,0,0,0,0,0,0,0,0,0,0,6,2,4,0,0,1,5,0,0,0,0,0,0,0,0,0,0,0,0
1,0,251,24,148,10,0,0,90,2,1149,1,0,0,1,1,49,0,221,15,253,6,258,2,503,1,89,0,0,2,248,1,486,2,0,0,0,2,2,0,1,0,174,0,2,1,0,0,0,0,0,0,0,0,0,0,0,0,0,1,1,0,0,0,0,0,0,0,0,0,0,0,0,0,18,2,120,5,9,0,0,0,0,0,7,0,637,0,12,0,4,0,5,0,0,0,0,0,0,0,0,0,0,0,0,0,0,0,0,0,0,0,0,0,0,0,0,0,0,0,0,0,0,0,0,0,0,0,0,0,0,0,0,0,0,4,1,2,0,0,0,0,1,0,0,0,0,0,0,0,1,18,27,13,11,10,30,0,1,0,0,0,0,0,0,0,0,0,0,0
0,0,3,159,0,125,0,0,0,10,0,1239,0,0,0,0,1,13,4,33,2,34,0,144,0,170,0,220,2,0,0,184,0,351,0,0,0,1,1,0,0,7,0,2,0,2,0,0,0,0,0,0,0,0,0,0,0,0,0,2,0,0,0,0,0,0,0,0,0,0,0,0,0,0,0,17,0,80,0,2,0,0,0,0,0,4,0,38,0,6,0,4,0,0,0,0,0,0,0,0,0,0,0,0,0,0,0,0,0,0,0,0,0,0,0,0,0,0,0,0,0,0,0,0,0,1,0,0,0,0,0,0,0,0,0,0,1,0,0,0,0,0,0,0,0,1,0,0,0,0,1,8,8,4,0,7,0,8,0,1,0,0,0,1,0,0,0,0,0,0
0,0,22,1,130,1,0,0,61,1,506,1,0,0,0,1,0,0,10,2,0,0,0,0,0,0,12,0,248,0,0,0,62,0,0,0,0,1,0,0,0,0,0,0,0,0,0,0,1,0,0,0,0,0,0,0,0,0,0,0,0,0,0,0,0,0,0,0,0,0,0,0,0,0,2,2,17,0,0,0,0,0,0,0,0,0,7,0,2,0,1,0,0,0,0,0,0,0,0,0,0,0,0,0,0,0,0,0,0,0,0,0,0,0,0,0,0,0,0,0,0,0,0,0,1,0,0,0,0,0,0,0,0,0,0,0,0,0,0,0,0,0,0,0,0,0,0,0,0,0,2,1,1,0,0,2,0,0,1,0,0,0,0,0,0,0,0,0,0,0
0,0,1,13,1,76,0,0,0,6,0,278,0,0,0,0,0,2,0,2,1,2,0,3,0,11,0,50,1,184,0,0,1,18,0,0,0,1,0,0,0,0,0,0,0,1,0,0,0,0,0,0,0,0,0,0,0,0,0,0,0,0,0,0,0,0,0,0,0,0,0,0,0,0,0,5,0,11,0,1,0,0,0,0,0,0,0,8,0,0,0,0,0,1,0,0,0,0,0,0,0,0,0,0,0,0,0,0,0,0,0,0,0,0,0,0,0,0,0,0,0,0,0,0,0,0,0,0,0,0,0,0,0,0,0,1,0,0,0,0,0,0,0,0,0,0,0,0,0,0,0,2,1,0,0,0,0,1,0,0,0,0,0,1,0,0,0,0,0,0
183,7,519,63,840,46,643,5,1505,9,574,0,549,2,145,42,15,0,332,42,96,3,51,1,58,0,60,0,486,0,62,1,0,4,0,0,53,34,32,8,120,2,34,0,42,0,34,0,16,1,28,0,43,0,82,0,29,0,33,0,164,1,47,2,36,0,31,4,10,2,55,18,17,1,105,10,1055,15,128,1,0,0,99,1,232,5,563,2,112,1,23,1,42,0,7,0,1,1,54,4,7,0,1,0,2,1,6,2,5,1,0,1,5,7,0,0,0,0,0,1,0,0,1,0,2,0,9,2,1,1,1,2,0,0,22,7,12,0,9,1,15,1,6,0,21,4,12,1,5,0,4,13,23,15,45,38,19,0,12,1,15,0,34,3,30,2,1,2,11,3
2,71,15,263,11,506,2,885,0,1790,0,859,2,1105,13,61,0,12,12,50,0,8,0,64,0,57,0,66,2,351,0,18,4,0,0,0,3,35,5,16,0,93,1,18,0,68,3,7,2,13,0,27,1,10,3,17,0,13,0,57,4,187,10,71,9,5,4,119,2,14,20,223,1,13,3,169,8,1312,2,26,0,0,3,320,2,729,0,387,3,97,0,11,0,48,0,0,0,0,2,2,0,0,0,0,0,0,0,1,0,0,1,0,3,2,0,0,0,0,0,0,0,0,0,0,0,2,0,2,3,4,0,1,0,1,0,22,0,8,0,14,0,8,0,4,2,16,2,4,0,0,0,1,1,7,10,36,0,2,0,2,0,2,0,29,3,3,0,0,3,1
0,0,0,0,0,0,0,0,0,0,0,0,0,0,0,0,0,0,0,0,0,0,0,0,0,0,0,0,0,0,0,0,0,0,0,0,0,0,0,0,0,0,0,0,0,0,0,0,0,0,0,0,0,0,0,0,0,0,0,0,0,0,0,0,0,0,0,0,0,0,0,0,0,0,0,0,0,0,0,0,0,0,0,0,0,0,0,0,0,0,0,0,0,0,0,0,0,0,0,0,0,0,0,0,0,0,0,0,0,0,0,0,0,0,0,0,0,0,0,0,0,0,0,0,0,0,0,0,0,0,0,0,0,0,0,0,0,0,0,0,0,0,0,0,0,0,0,0,0,0,0,0,0,0,0,0,0,0,0,0,0,0,0,0,0,0,0,0,0,0
0,0,0,0,0,0,0,0,0,0,0,0,0,0,0,0,0,0,0,0,0,0,0,0,0,0,0,0,0,0,0,0,0,0,0,0,0,0,0,0,0,0,0,0,0,0,0,0,0,0,0,0,0,0,0,0,0,0,0,0,0,0,0,0,0,0,0,0,0,0,0,0,0,0,0,0,0,0,0,0,0,0,0,0,0,0,0,0,0,0,0,0,0,0,0,0,0,0,0,0,0,0,0,0,0,0,0,0,0,0,0,0,0,0,0,0,0,0,0,0,0,0,0,0,0,0,0,0,0,0,0,0,0,0,0,0,0,0,0,0,0,0,0,0,0,0,0,0,0,0,0,0,0,0,0,0,0,0,0,0,0,0,0,0,0,0,0,0,0,0
196,23,230,51,61,58,40,9,28,6,1,1,33,4,2087,207,19,0,273,35,1,1,11,0,1,0,0,0,0,0,0,0,53,3,0,0,0,169,1366,8,33,3,4,0,0,0,24,1,138,0,2,0,65,0,14,0,9,0,4,0,241,11,177,1,90,0,47,6,2,0,2907,28,667,17,78,11,215,13,26,5,0,0,13,1,32,7,4,0,16,2,0,0,2,0,0,0,2,1,57,1,6,0,0,0,0,0,2,4,3,4,0,0,8,3,0,0,0,0,0,2,0,0,1,0,12,0,38,1,7,3,3,0,0,0,21,13,21,6,5,1,5,1,3,0,18,3,7,0,10,0,21,1,83,0,728,41,5,1,10,4,10,5,37,4,43,3,5,6,27,5
255,248,106,813,78,306,42,59,23,85,1,5,29,17,303,2967,0,11,88,1221,3,21,1,16,0,2,0,0,2,1,1,1,34,35,0,0,169,0,36,1124,11,60,2,6,0,1,1,13,2,10,0,16,8,5,7,8,0,0,0,2,135,256,62,148,68,7,22,21,3,4,132,1328,198,236,36,125,109,129,12,36,0,0,6,5,12,25,1,4,8,18,0,0,0,7,1,3,0,1,27,10,2,0,0,1,1,1,7,4,2,4,2,1,12,8,0,0,0,0,0,3,1,2,1,0,7,3,17,2,9,27,2,7,2,3,19,50,16,18,0,2,1,14,2,2,29,18,14,6,4,0,0,11,5,128,122,988,0,2,5,11,5,23,17,86,13,25,1,19,24,9
22,2,15,7,10,9,7,2,3,0,1,0,15,1,40,8,1,0,17,4,1,0,2,0,0,0,0,0,2,1,0,0,32,5,0,0,1366,36,0,81,81,3,9,0,0,0,819,162,251,17,249,22,113,8,79,3,26,8,40,5,22,0,120,1,41,0,57,3,13,1,1672,50,7,0,22,4,27,6,3,0,0,0,38,7,117,22,0,0,59,17,0,0,21,5,4,0,1,0,22,0,4,0,4,0,3,0,3,0,2,2,0,0,1,3,0,0,0,0,0,3,0,0,10,0,2,0,8,0,10,0,2,0,0,0,8,0,9,0,3,1,8,0,8,0,50,3,13,0,14,0,1,0,31,0,70,2,0,0,1,0,4,1,4,1,7,0,2,2,6,3
9,1,6,36,1,23,2,8,0,7,0,0,1,1,2,96,0,0,6,19,0,0,0,0,0,0,0,0,0,0,0,0,8,16,0,0,8,1124,81,0,38,71,5,24,0,0,228,680,20,44,44,157,32,10,22,3,7,30,9,85,3,2,25,1,12,3,6,8,2,1,159,1065,0,3,7,6,12,16,1,6,0,0,3,6,28,19,2,2,13,28,0,0,6,6,1,0,0,0,3,0,1,0,0,0,0,0,0,0,0,0,1,0,2,2,0,0,0,0,0,0,0,0,0,0,0,0,2,0,0,0,0,1,0,0,1,8,0,0,0,1,1,0,3,0,10,1,2,0,6,0,0,0,0,0,2,7,0,0,0,0,1,0,2,2,2,1,0,2,2,0
44,3,15,0,19,3,15,0,10,0,1,0,32,1,9,6,12,0,1,0,1,0,0,0,0,0,0,0,1,0,0,0,120,0,0,0,33,11,81,38,0,16,2666,4,1153,0,179,453,38,18,364,81,29,8,84,6,49,23,480,38,107,1,65,1,72,0,26,4,6,1,288,79,21,3,32,2,464,6,335,2,0,0,9,0,67,18,138,2,97,21,391,0,452,5,6,3,4,3,26,1,5,0,16,0,1,0,7,9,10,11,7,0,1,6,0,0,1,0,1,1,1,0,4,0,5,1,3,0,1,0,2,0,0,0,11,0,6,0,521,2,22,1,34,0,363,0,12,0,5,0,0,0,0,0,0,1,20,0,20,4,11,1,205,0,12,0,3,10,8,10
8,54,6,64,6,34,0,8,0,32,0,30,2,13,4,48,2,3,8,29,0,3,0,4,0,4,0,3,0,7,0,0,2,93,0,0,3,60,3,71,16,0,1,2149,0,551,3,80,0,3,3,309,0,8,0,7,0,28,2,956,9,59,4,12,4,1,0,2,0,0,9,447,5,63,1,108,1,640,1,238,0,0,1,12,1,123,0,317,1,415,0,169,0,605,0,2,3,1,1,27,0,13,3,0,1,0,1,4,3,9,2,3,10,6,1,1,0,0,0,4,0,2,1,6,0,4,0,1,0,7,0,1,0,1,1,16,0,0,0,558,0,29,0,51,1,346,0,20,0,3,0,0,3,8,3,8,14,84,2,3,0,3,0,158,4,6,0,8,10,0
2,1,4,0,3,1,1,0,0,0,0,0,1,0,0,2,2,0,0,1,22,0,16,0,41,0,1,0,174,0,0,0,34,1,0,0,4,2,9,5,2666,1,0,1,371,0,72,54,6,1,732,5,5,2,13,0,15,1,1245,3,1,1,4,0,4,0,1,1,1,0,121,6,1,2,5,1,31,0,7,1,0,0,0,0,1,1,67,0,8,0,139,0,264,2,11,5,29,11,25,8,45,0,11,2,16,3,36,17,18,7,9,1,0,0,1,0,2,0,0,0,0,0,0,0,0,0,1,0,0,0,0,0,0,0,0,0,1,0,10,1,0,0,0,0,7,0,2,0,1,0,0,0,2,0,0,0,5,0,3,1,1,0,1,0,2,1,3,3,1,5
0,2,0,3,0,5,0,0,0,4,0,1,0,0,0,0,0,3,0,4,0,0,0,0,0,0,0,0,0,2,0,0,0,18,0,0,0,6,0,24,4,2149,1,0,0,612,2,108,0,2,1,1024,0,4,0,2,0,15,0,946,0,1,0,1,0,0,1,0,0,0,3,158,0,1,0,2,2,73,0,8,0,0,0,0,0,13,0,144,0,66,0,186,0,150,0,0,0,0,0,59,0,38,0,0,0,0,1,0,1,2,1,0,0,0,0,0,0,0,0,0,0,0,0,0,0,0,0,0,0,0,0,0,0,0,0,1,0,0,0,15,0,1,0,0,0,11,0,0,0,0,0,0,1,0,0,1,0,4,0,0,0,1,0,4,0,0,0,0,1,0
2,0,2,1,3,0,0,0,0,0,2,0,0,0,0,0,14,0,3,0,9,1,14,0,4,0,0,0,2,0,0,0,42,0,0,0,0,0,0,0,1153,0,371,0,0,0,0,0,0,0,1,0,0,0,1,0,0,0,3,0,0,0,1,0,0,0,0,0,0,0,1,0,0,0,12,0,241,0,58,0,0,0,0,0,0,0,52,0,64,0,85,0,20,0,0,0,0,0,4,0,0,0,0,0,0,0,0,0,0,0,0,0,0,0,0,0,0,0,0,0,0,0,0,0,0,0,0,0,0,0,0,0,0,0,0,0,0,0,0,0,0,0,0,0,0,0,0,0,0,0,0,1,1,0,0,0,28,0,0,0,2,0,63,0,0,0,0,0,0,0
0,0,0,9,0,7,0,0,0,4,0,15,0,0,0,1,5,43,1,7,1,1,0,21,0,7,0,4,1,2,0,1,0,68,0,0,0,1,0,0,0,551,0,612,0,0,0,0,0,0,0,1,0,0,0,0,0,0,0,107,0,0,0,0,0,0,0,0,0,0,0,0,0,0,0,3,0,179,0,143,0,0,0,0,0,1,0,546,0,23,0,89,0,87,0,0,0,0,0,0,0,0,0,0,0,0,0,0,0,0,0,0,0,0,0,0,0,0,0,0,0,0,0,0,0,4,0,0,0,0,0,0,0,2,0,1,0,0,0,11,0,0,0,0,0,0,0,0,0,0,0,0,0,1,0,0,6,111,0,0,0,0,0,0,0,2,0,0,0,0
12,0,3,0,6,2,1,1,1,0,0,0,1,0,5,0,0,0,1,0,0,0,0,0,0,0,0,0,0,0,0,0,34,3,0,0,24,1,819,228,179,3,72,2,0,0,0,475,5495,172,4787,72,1902,74,1049,9,452,27,203,15,3,1,9,0,2,0,4,0,0,0,1270,332,0,1,4,0,59,2,4,0,0,0,6,5,73,15,9,0,81,31,0,0,53,23,94,0,0,0,6,0,0,0,106,0,0,0,0,0,0,0,0,0,0,1,0,0,0,0,0,0,1,0,2,0,0,0,1,0,3,0,0,0,0,0,1,0,1,0,19,0,5,0,2,0,26,1,3,0,1,0,0,0,0,0,0,0,0,0,0,0,0,0,1,0,3,0,0,1,1,0
0,8,1,5,2,3,0,1,0,0,0,0,0,3,1,1,0,0,0,0,0,0,0,0,0,0,0,0,0,0,0,0,0,7,0,0,1,13,162,680,453,80,54,108,0,0,475,0,205,3452,485,4947,10,1204,16,613,11,656,91,616,1,3,0,18,0,0,0,5,0,3,488,1313,0,0,0,0,1,28,0,1,0,0,0,10,2,148,0,11,0,165,0,0,5,82,0,0,0,0,0,0,0,2,2,0,0,0,0,0,0,0,0,0,1,0,0,0,0,0,0,0,0,0,0,0,0,0,0,0,0,1,0,0,0,0,0,0,0,0,0,5,0,0,0,0,0,8,0,3,0,0,0,0,0,0,0,0,0,0,0,0,0,1,0,3,0,0,0,0,0,0
6,0,7,0,3,0,0,0,0,0,0,0,0,0,6,2,0,0,1,0,0,0,0,0,0,0,0,0,0,0,1,0,16,2,0,0,138,2,251,20,38,0,6,0,0,0,5495,205,0,235,169,15,1913,61,465,6,43,5,29,1,4,0,22,2,1,0,10,2,1,0,867,68,2,0,1,0,24,1,3,0,0,0,8,2,48,8,1,0,45,5,0,0,18,3,4,0,0,0,7,0,0,0,2,0,0,0,0,0,0,0,0,0,1,0,0,0,0,0,0,0,0,0,1,0,1,0,0,0,0,0,0,0,0,0,3,0,0,0,1,0,1,0,5,0,9,0,1,0,0,0,0,0,0,0,0,1,0,0,0,0,0,0,1,0,0,0,1,0,0,0
1,23,2,15,0,20,0,1,0,0,0,1,0,1,1,5,0,0,0,0,0,0,0,0,0,0,0,0,0,0,0,0,1,13,0,0,0,10,17,44,18,3,1,2,0,0,172,3452,235,0,26,423,6,3256,6,836,5,259,3,69,2,14,1,106,2,4,0,27,0,43,71,1265,0,5,0,1,0,24,0,1,0,0,0,21,1,146,0,4,1,175,0,0,1,43,0,0,0,0,0,0,0,0,0,0,0,0,0,0,0,1,0,0,2,0,0,0,0,0,0,0,0,0,0,0,0,0,0,0,0,1,0,0,0,0,0,0,0,0,0,1,1,0,0,0,0,0,0,0,0,0,0,0,0,0,0,1,0,0,0,0,0,0,0,1,0,0,0,1,2,2
6,0,2,0,6,0,0,0,0,0,0,0,0,0,0,0,0,0,0,0,0,0,0,0,0,0,0,0,0,0,0,0,28,0,0,0,2,0,249,44,364,3,732,1,1,0,4787,485,169,26,0,43,240,8,880,1,1363,9,1542,20,4,0,6,1,2,1,1,0,0,0,846,60,0,0,0,0,85,1,6,0,0,0,2,1,71,4,30,1,91,4,2,0,160,2,187,0,0,0,68,0,28,0,253,0,0,0,1,1,0,0,0,0,0,12,0,0,0,0,0,0,0,0,0,0,1,0,0,0,0,0,1,0,0,0,6,0,1,0,19,0,7,0,0,1,48,0,0,0,3,0,0,0,0,0,1,0,0,0,0,0,0,0,0,0,1,0,0,0,1,1
0,8,0,3,0,4,0,4,0,1,0,0,1,2,1,2,0,0,0,0,1,0,0,1,0,0,0,0,0,0,0,0,0,27,0,0,0,16,22,157,81,309,5,1024,0,1,72,4947,15,423,43,0,0,240,2,221,0,1348,5,1201,1,4,3,3,2,0,0,5,0,2,46,576,0,1,0,9,0,103,0,8,0,0,2,6,0,325,0,35,0,474,0,1,0,242,0,1,0,0,0,50,0,21,0,1,0,1,1,1,0,0,0,0,16,113,0,1,0,0,0,0,0,1,0,0,0,0,1,0,0,2,1,0,0,0,0,1,0,0,0,15,0,6,0,11,0,35,0,1,0,0,0,0,0,0,1,0,0,0,0,0,0,0,0,0,1,1,0,2,31,0
22,2,34,0,16,0,2,0,0,0,0,0,4,2,29,4,0,0,2,0,0,0,0,0,0,0,0,0,0,0,0,0,43,1,0,0,65,8,113,32,29,0,5,0,0,0,1902,10,1913,6,240,0,0,2,3446,0,250,0,64,0,10,0,229,0,50,0,39,1,22,1,341,62,8,1,11,0,43,4,4,0,0,0,38,3,143,11,5,0,113,8,0,0,26,3,15,0,1,0,17,0,0,0,6,0,0,0,0,0,1,0,0,0,1,0,0,0,0,0,0,0,0,0,3,0,1,0,1,0,4,1,0,0,0,0,4,0,1,0,2,0,8,1,5,0,23,0,1,0,6,0,0,0,0,0,0,0,0,0,0,0,2,0,3,2,3,0,0,1,4,1
1,39,0,31,0,22,0,3,0,2,0,0,0,3,1,8,0,0,0,0,0,0,0,0,0,0,0,0,0,0,0,0,0,10,0,0,0,5,8,10,8,8,2,4,0,0,74,1204,61,3256,8,240,2,0,2,3455,1,438,1,66,0,43,1,884,1,32,0,44,0,416,34,968,1,4,0,3,0,20,0,2,0,0,0,18,4,138,0,2,1,292,0,0,0,71,0,0,0,0,0,0,0,0,0,0,0,0,0,0,0,0,0,0,0,0,0,0,0,0,0,0,0,0,0,0,0,0,0,0,0,1,0,0,0,0,0,0,0,0,0,1,0,1,0,1,2,0,0,0,0,0,0,0,0,0,0,0,0,0,0,0,0,0,0,2,0,1,0,0,0,0
84,0,66,1,47,0,11,0,4,0,0,0,3,1,18,4,0,0,3,0,0,0,0,0,0,0,0,0,0,0,0,0,82,3,0,0,14,7,79,22,84,0,13,0,1,0,1049,16,465,6,880,2,3446,2,0,0,2617,2,819,1,28,0,417,0,514,0,106,4,523,1,199,31,9,0,5,2,128,2,15,0,0,0,43,1,372,3,27,0,2223,1,4,0,454,0,53,0,1,1,15,0,3,0,10,0,1,1,1,1,4,1,0,0,1,4,0,0,0,0,0,0,1,0,2,0,0,0,2,0,2,0,0,0,0,0,8,0,2,0,22,1,13,0,9,0,49,0,3,0,8,0,0,0,0,0,1,0,0,0,1,1,4,1,7,3,7,1,2,1,2,2
1,150,0,35,0,61,0,7,0,3,0,0,0,3,0,9,0,0,0,0,0,0,0,0,0,0,0,0,0,0,0,0,0,17,0,0,0,8,3,3,6,7,0,2,0,0,9,613,6,836,1,221,0,3455,0,0,0,2172,1,195,0,139,4,247,1,63,1,135,0,1386,12,323,3,4,0,2,0,24,0,4,0,0,0,12,1,148,0,3,0,2206,0,0,0,351,1,0,0,0,0,1,0,0,0,0,0,1,0,1,0,0,0,0,0,0,0,0,0,0,0,0,0,0,0,0,0,0,0,0,0,1,0,0,0,0,0,1,0,0,0,1,0,2,0,0,0,0,0,0,0,0,0,0,0,0,0,0,0,0,0,1,0,2,0,4,0,2,0,0,0,0
8,0,20,1,11,0,2,1,1,0,0,0,1,0,2,1,0,0,2,0,0,0,0,0,0,0,0,0,0,0,0,0,29,0,0,0,9,0,26,7,49,0,15,0,0,0,452,11,43,5,1363,0,250,1,2617,0,0,0,1104,1,3,0,11,0,21,0,5,0,12,0,60,12,0,0,2,0,68,0,3,0,0,0,4,0,75,0,24,0,324,1,3,0,646,1,40,0,0,0,4,0,0,0,18,0,0,0,0,0,2,0,0,0,0,1,0,1,0,0,0,0,0,0,0,0,1,0,0,0,0,0,0,0,0,0,2,0,0,0,9,0,2,0,6,0,26,0,5,0,0,0,0,0,0,0,0,0,0,0,1,0,2,0,1,0,0,0,0,0,1,0
0,10,1,2,0,6,0,1,0,1,0,0,0,1,0,2,0,0,0,2,0,0,0,0,0,0,0,0,0,0,0,0,0,13,0,0,0,0,8,30,23,28,1,15,0,0,27,656,5,259,9,1348,0,438,2,2172,0,0,2,1546,0,1,0,3,1,0,0,7,0,6,25,53,0,0,0,4,0,37,0,4,0,0,0,5,0,203,0,9,0,725,0,1,0,1114,0,0,0,0,0,0,0,0,0,0,0,0,0,0,0,0,0,0,0,0,0,0,0,0,0,0,0,0,0,0,0,0,0,0,0,1,0,0,0,0,0,0,0,0,0,1,0,0,0,2,0,7,0,0,0,0,0,0,0,0,1,0,0,0,0,0,0,0,0,2,0,1,0,0,0,0
10,0,6,0,7,0,1,0,3,0,0,0,1,0,5,2,0,0,1,0,0,0,0,0,0,0,0,0,0,0,0,0,33,0,0,0,4,0,40,9,480,2,1245,0,3,0,203,91,29,3,1542,5,64,1,819,1,1104,2,0,2,0,0,5,0,7,0,1,0,3,0,80,16,0,0,3,0,162,0,7,0,0,0,2,0,63,2,70,0,250,1,392,0,3346,0,83,0,0,0,4,0,0,0,126,0,1,1,0,0,1,0,0,0,0,0,0,0,0,0,0,0,0,0,1,0,0,0,0,0,0,0,1,0,0,0,0,0,1,0,20,0,4,0,2,1,20,0,4,0,1,0,0,0,0,0,0,0,2,0,1,0,1,0,0,0,2,0,0,0,1,0
0,5,2,23,2,22,0,2,0,7,0,18,0,2,0,0,0,1,4,10,0,1,0,3,0,5,0,1,1,2,0,0,0,57,0,0,0,2,5,85,38,956,3,946,0,107,15,616,1,69,20,1201,0,66,1,195,1,1546,2,0,0,5,0,3,0,0,0,0,0,1,23,148,1,0,0,7,2,251,0,27,0,0,0,2,0,278,0,142,1,744,0,337,0,3996,0,0,0,0,0,5,0,38,0,10,0,0,0,1,0,0,0,0,0,0,0,0,0,0,0,0,0,0,0,0,0,0,0,0,0,0,0,0,0,0,0,1,0,0,0,25,0,3,0,2,0,22,0,0,0,0,0,1,0,0,0,3,1,10,0,0,0,0,0,2,0,1,0,0,0,0
4558,15,179,5,127,6,405,3,35,1,1,0,1089,6,82,53,0,0,0,1,0,0,0,0,0,0,0,0,1,0,0,0,164,4,0,0,241,135,22,3,107,9,1,0,0,0,3,1,4,2,4,1,10,0,28,0,3,0,0,0,0,19,987,6,1337,2,1239,6,25,1,324,73,623,27,49,4,593,11,105,7,0,0,25,1,127,9,17,0,134,4,0,0,26,1,0,3,4,2,76,5,3,1,1,1,1,0,8,7,4,8,1,1,8,10,0,0,0,0,0,1,1,0,0,0,5,0,34,2,5,5,2,0,5,1,32,0,17,0,8,1,7,1,4,1,15,1,15,2,3,0,0,0,0,0,2,1,0,0,15,2,21,2,75,10,69,3,7,6,26,10
24,3368,4,126,2,148,2,75,0,120,0,7,3,680,12,340,0,0,2,7,0,2,0,0,0,1,0,0,0,0,0,0,1,187,0,0,11,256,0,2,1,59,1,1,0,0,1,3,0,14,0,4,0,43,0,139,0,1,0,5,19,0,7,2056,6,1119,1,926,0,272,7,480,21,812,6,103,12,453,2,89,0,0,0,3,1,43,0,2,1,234,0,0,1,24,0,0,2,0,4,6,1,2,0,0,1,0,3,0,3,1,2,0,8,1,0,0,0,0,0,5,0,0,0,0,0,0,3,5,3,17,0,0,0,0,1,10,2,3,0,5,0,10,0,0,2,3,1,0,0,0,0,0,1,1,7,2,0,4,4,6,1,21,2,102,7,21,0,7,4,3
394,7,367,5,102,9,25,4,5,0,0,1,23,0,278,29,0,0,5,0,0,0,0,1,0,0,0,0,0,0,0,0,47,10,0,0,177,62,120,25,65,4,4,0,1,0,9,0,22,1,6,3,229,1,417,4,11,0,5,0,987,7,0,5,997,0,153,9,337,4,1050,86,230,11,54,11,164,9,40,4,0,0,21,12,88,35,2,0,99,5,1,0,20,1,0,0,2,1,75,2,2,0,2,1,0,1,6,3,9,2,0,0,6,9,0,0,0,0,0,3,2,0,2,0,4,0,15,0,12,2,1,0,6,0,31,2,14,0,5,1,13,0,11,0,34,2,11,1,6,0,0,0,0,0,6,4,0,0,12,0,14,2,47,5,50,1,7,6,28,9
3,213,0,48,4,33,0,6,0,12,0,0,1,8,1,80,0,0,0,2,0,0,0,0,0,0,0,0,0,0,0,0,2,71,0,0,1,148,1,1,1,12,0,1,0,0,0,18,2,106,1,3,0,884,0,247,0,3,0,3,6,2056,5,0,3,1336,2,533,1,1155,4,611,2,184,1,9,2,91,1,17,0,0,0,24,0,32,0,1,0,66,0,0,0,8,0,0,0,0,2,1,0,0,0,0,0,0,0,1,0,3,0,0,4,1,0,0,0,0,0,0,0,0,0,0,0,0,0,0,0,15,0,0,1,1,0,3,0,0,0,0,0,2,0,0,0,0,0,1,1,0,0,0,0,0,2,0,0,0,0,4,0,3,0,24,1,2,0,3,7,0
365,7,100,4,61,2,41,3,8,0,1,0,24,3,15,9,0,0,2,1,0,0,0,0,0,0,0,0,0,0,0,0,36,9,0,0,90,68,41,12,72,4,4,0,0,0,2,0,1,2,2,2,50,1,514,1,21,1,7,0,1337,6,997,3,0,3,1978,21,1673,3,57,135,17,2,42,3,91,24,41,4,0,0,9,5,100,31,4,0,382,5,0,0,102,0,1,0,1,1,73,4,9,0,3,1,1,1,2,3,5,2,2,0,4,12,1,1,0,1,0,1,0,0,1,0,3,0,11,1,9,8,0,0,0,0,15,1,18,0,2,4,4,4,2,0,11,4,13,1,2,0,0,0,0,0,1,3,1,1,12,2,13,2,40,5,49,4,6,11,27,4
1,131,0,10,0,64,0,20,0,9,0,0,0,15,0,10,0,0,0,0,0,0,0,0,0,0,0,0,0,0,0,0,0,5,0,0,0,7,0,3,0,1,0,0,0,0,0,0,0,4,1,0,0,32,0,63,0,0,0,0,2,1119,0,1336,3,0,0,1265,0,1479,1,117,1,4,1,9,2,3,0,1,0,0,0,1,0,24,0,0,0,48,0,0,0,2,0,0,0,0,0,0,0,0,0,0,0,0,0,0,0,0,0,0,0,0,0,0,0,0,0,0,0,0,0,0,0,0,0,0,0,1,0,0,0,0,0,0,1,0,0,0,1,0,0,0,0,1,0,0,0,0,0,0,0,0,1,1,0,0,1,0,0,1,0,4,0,1,0,0,1,0
458,2,60,1,195,1,224,4,76,1,0,0,350,3,17,7,0,0,1,0,0,0,0,0,0,0,0,0,0,0,0,0,31,4,0,0,47,22,57,6,26,0,1,1,0,0,4,0,10,0,1,0,39,0,106,1,5,0,1,0,1239,1,153,2,1978,0,0,4,445,0,64,43,5,2,12,2,62,3,16,1,0,0,21,3,1143,10,3,0,588,2,0,0,41,0,0,0,1,0,25,0,4,0,0,0,0,0,1,0,0,1,0,0,2,3,0,0,0,0,0,0,0,0,1,0,0,0,3,0,3,1,0,0,0,0,10,0,0,0,4,0,2,0,1,0,2,2,5,0,3,0,0,0,0,0,0,0,0,0,4,0,6,1,14,2,14,0,4,3,11,0
3,548,2,36,2,250,1,188,0,132,0,0,1,467,4,28,0,0,0,2,0,1,0,0,0,0,0,1,0,0,0,0,4,119,0,0,6,21,3,8,4,2,1,0,0,0,0,5,2,27,0,5,1,44,4,135,0,7,0,0,6,926,9,533,21,1265,4,0,0,1104,11,253,0,16,1,34,2,65,1,12,0,0,4,13,4,1431,0,4,1,352,0,0,1,7,0,0,0,1,2,3,0,0,0,0,0,0,1,0,0,0,0,0,1,2,0,0,0,0,0,0,0,0,0,0,0,0,2,0,1,1,0,0,0,0,3,3,1,0,0,2,0,0,1,0,5,0,0,0,3,0,0,0,1,0,1,2,0,0,2,1,1,2,1,11,3,2,1,2,2,0
83,0,33,2,45,0,10,0,0,0,0,0,3,0,2,1,0,0,1,0,0,0,0,0,0,0,0,0,0,0,0,0,10,2,0,0,2,3,13,2,6,0,1,0,0,0,0,0,1,0,0,0,22,0,523,0,12,0,3,0,25,0,337,1,1673,0,445,0,0,0,32,9,0,1,3,0,16,0,4,0,0,0,3,2,120,4,2,0,1140,0,1,0,57,0,0,0,0,0,6,0,0,0,1,0,0,0,0,0,1,1,1,0,0,0,0,0,0,0,0,0,0,0,0,0,0,0,2,0,0,0,0,0,1,0,2,0,0,0,0,0,0,0,2,0,3,0,4,0,0,0,0,0,0,0,1,0,0,0,1,0,0,0,0,0,8,0,0,0,1,0
1,120,1,10,0,33,1,10,0,3,0,0,1,1,2,5,0,0,0,1,0,0,0,0,0,0,0,0,0,0,0,0,2,14,0,0,0,4,1,1,1,0,0,0,0,0,0,3,0,43,0,2,1,416,1,1386,0,6,0,1,1,272,4,1155,3,1479,0,1104,0,0,7,266,0,2,0,6,0,15,0,0,0,0,1,13,3,268,0,0,1,808,0,0,0,20,0,0,0,0,1,0,0,0,0,0,0,0,0,1,0,0,0,0,0,0,0,0,0,0,0,0,0,0,0,0,0,0,0,0,0,1,0,0,0,0,0,0,0,0,0,0,0,0,2,0,0,0,1,0,0,0,0,0,0,0,0,0,0,0,0,0,0,1,0,0,1,0,0,0,0,0
184,17,281,36,32,18,18,2,6,1,0,0,20,5,592,48,0,0,14,1,0,0,0,0,0,0,0,0,0,0,0,0,55,20,0,0,2907,132,1672,159,288,9,121,3,1,0,1270,488,867,71,846,46,341,34,199,12,60,25,80,23,324,7,1050,4,57,1,64,11,32,7,0,648,498,18,52,10,147,33,25,2,0,0,30,29,136,90,3,4,71,57,0,0,37,25,2,0,1,2,45,0,2,0,6,0,1,1,3,0,3,1,2,0,7,11,0,0,0,0,0,3,0,0,4,0,2,0,28,1,16,2,4,0,3,0,32,3,10,1,5,3,5,1,10,1,38,0,18,1,7,0,0,0,0,0,3,4,0,0,8,0,10,2,23,15,29,2,3,1,7,9
34,316,21,734,12,239,8,38,4,38,0,4,14,51,23,521,0,0,6,11,0,0,0,1,0,0,0,1,0,0,0,0,18,223,0,0,28,1328,50,1065,79,447,6,158,0,0,332,1313,68,1265,60,576,62,968,31,323,12,53,16,148,73,480,86,611,135,117,43,253,9,266,648,0,15,364,27,73,35,350,7,69,0,0,32,146,94,448,0,9,36,287,0,0,9,56,3,0,2,5,24,14,1,2,0,1,0,0,6,4,3,7,2,4,26,3,1,0,0,1,0,4,0,0,3,1,2,0,12,5,11,71,0,2,0,5,11,17,1,4,1,23,6,19,4,1,25,25,11,7,18,1,0,0,0,0,3,4,1,1,1,13,5,41,15,132,14,23,7,17,28,9
790,53,263,38,20,9,29,0,2,1,0,0,24,4,876,170,0,0,1,0,0,0,0,0,0,0,0,0,0,0,0,0,17,1,0,0,667,198,7,0,21,5,1,0,0,0,0,0,2,0,0,0,8,1,9,3,0,0,0,1,623,21,230,2,17,1,5,0,0,0,498,15,0,54,52,16,254,16,22,10,0,0,2,0,4,0,0,1,1,1,0,0,2,0,1,3,0,2,24,3,1,0,0,0,2,1,4,7,1,2,0,0,3,1,0,0,0,0,0,0,0,0,0,1,5,1,31,1,20,2,3,0,1,0,24,5,10,1,2,0,1,2,1,0,19,4,7,1,5,0,0,0,0,0,2,3,0,0,7,1,2,3,20,14,32,2,4,3,17,6
30,484,11,186,4,93,0,25,4,23,0,1,1,4,28,734,0,0,1,4,0,0,0,0,0,0,0,0,0,0,0,0,1,13,0,0,17,236,0,3,3,63,2,1,0,0,1,0,0,5,0,1,1,4,0,4,0,0,0,0,27,812,11,184,2,4,2,16,1,2,18,364,54,0,7,56,19,105,0,77,0,0,1,5,1,5,0,2,0,9,0,0,0,0,0,2,3,1,6,5,1,2,0,1,0,0,1,3,2,4,2,1,24,2,0,0,0,0,0,0,0,0,0,0,1,2,1,3,0,23,1,0,0,3,1,16,2,0,1,8,1,9,0,3,1,10,1,2,0,0,0,0,0,0,0,0,1,6,3,10,1,35,2,153,5,39,1,19,17,6
81,10,66,10,92,14,43,4,15,1,3,0,20,1,51,42,52,15,13,3,9,6,18,2,4,0,0,0,18,0,2,0,105,3,0,0,78,36,22,7,32,1,5,0,12,0,4,0,1,0,0,0,11,0,5,0,2,0,3,0,49,6,54,1,42,1,12,1,3,0,52,27,52,7,0,6,1200,8,271,1,0,0,6,4,13,4,42,0,11,3,7,0,3,0,0,3,1,6,107,3,4,0,1,0,0,3,6,5,6,3,2,2,9,6,2,0,0,0,0,2,130,10,39,0,49,1,239,0,63,1,23,0,6,0,383,6,198,1,5,1,5,1,8,1,145,1,87,0,36,0,1,36,4,1,11,14,63,2,24,1,16,2,70,5,101,4,6,5,35,14
35,494,48,454,37,911,6,388,8,636,3,128,1,84,47,311,6,29,58,145,2,8,0,32,2,11,0,12,2,17,2,5,10,169,0,0,11,125,4,6,2,108,1,2,0,3,0,0,0,1,0,9,0,3,2,2,0,4,0,7,4,103,11,9,3,9,2,34,0,6,10,73,16,56,6,0,15,771,4,188,0,0,1,6,4,17,3,13,4,25,0,2,1,15,1,2,5,5,15,40,3,0,1,0,0,1,14,12,6,7,4,3,92,21,0,0,0,0,0,13,0,24,0,53,0,27,2,54,1,135,0,17,0,18,12,502,1,90,0,29,1,50,1,7,1,170,3,73,0,2,1,11,13,42,43,119,8,127,6,48,2,102,2,237,21,138,4,62,83,15
981,32,551,63,612,64,263,14,201,11,77,3,209,1,305,151,410,0,220,34,16,1,39,0,13,0,24,0,120,0,17,0,1055,8,0,0,215,109,27,12,464,1,31,2,241,0,59,1,24,0,85,0,43,0,128,0,68,0,162,2,593,12,164,2,91,2,62,2,16,0,147,35,254,19,1200,15,0,21,795,8,0,0,30,4,174,9,340,0,293,2,191,0,356,0,5,6,6,14,96,12,4,0,12,1,5,4,22,17,9,10,6,1,10,8,0,0,0,0,0,2,1,0,5,3,69,1,90,0,10,1,19,0,11,0,180,10,80,1,65,2,16,0,15,0,83,3,10,0,2,0,4,8,12,14,43,40,124,0,43,2,50,4,126,8,118,6,14,11,45,12
24,251,45,704,38,813,2,319,10,739,3,418,2,372,35,256,5,307,71,251,5,52,6,243,0,82,0,44,5,80,0,11,15,1312,0,0,13,129,6,16,6,640,0,73,0,179,2,28,1,24,1,103,4,20,2,24,0,37,0,251,11,453,9,91,24,3,3,65,0,15,33,350,16,105,8,771,21,0,3,663,0,0,3,78,7,265,3,445,3,287,0,80,0,192,0,0,1,1,3,9,2,0,0,0,0,0,4,2,0,4,0,4,5,4,0,0,1,0,0,2,0,1,0,0,1,5,0,0,1,11,0,7,1,5,4,47,2,17,0,86,0,11,0,12,1,92,1,9,2,0,7,19,19,46,38,135,10,704,2,18,2,12,0,52,3,22,0,8,12,1
72,3,73,6,115,14,19,2,38,2,3,0,44,1,46,35,0,0,42,4,1,0,2,0,3,0,4,0,9,0,0,0,128,2,0,0,26,12,3,1,335,1,7,0,58,0,4,0,3,0,6,0,4,0,15,0,3,0,7,0,105,2,40,1,41,0,16,1,4,0,25,7,22,0,271,4,795,3,0,0,0,0,5,1,23,3,19,0,23,2,32,0,31,0,2,2,0,0,31,1,3,0,0,0,1,0,5,3,6,2,1,1,0,3,0,0,0,0,0,0,6,0,0,0,56,1,31,0,2,0,19,0,27,0,142,8,34,0,45,0,7,0,4,0,31,0,11,0,3,0,1,0,0,0,9,5,138,0,24,0,27,0,125,1,36,4,6,1,3,3
9,61,9,130,3,113,2,59,3,56,1,20,1,37,14,149,2,6,10,31,1,1,0,16,0,2,0,1,0,2,0,1,1,26,0,0,5,36,0,6,2,238,1,8,0,143,0,1,0,1,0,8,0,2,0,4,0,4,0,27,7,89,4,17,4,1,1,12,0,0,2,69,10,77,1,188,8,663,0,0,0,0,0,7,0,18,0,29,2,19,1,7,0,17,0,1,0,2,2,5,0,1,0,0,0,0,1,0,1,1,0,0,6,3,0,0,0,0,0,2,0,1,0,0,0,3,1,0,0,10,0,3,0,5,0,9,0,7,0,98,0,6,1,9,0,61,0,4,1,0,0,2,3,6,4,29,14,97,0,24,0,12,1,114,2,12,0,10,9,0
0,0,0,0,0,0,0,0,0,0,0,0,0,0,0,0,0,0,0,0,0,0,0,0,0,0,0,0,0,0,0,0,0,0,0,0,0,0,0,0,0,0,0,0,0,0,0,0,0,0,0,0,0,0,0,0,0,0,0,0,0,0,0,0,0,0,0,0,0,0,0,0,0,0,0,0,0,0,0,0,0,0,0,0,0,0,0,0,0,0,0,0,0,0,0,0,0,0,0,0,0,0,0,0,0,0,0,0,0,0,0,0,0,0,0,0,0,0,0,0,0,0,0,0,0,0,0,0,0,0,0,0,0,0,0,0,0,0,0,0,0,0,0,0,0,0,0,0,0,0,0,0,0,0,0,0,0,0,0,0,0,0,0,0,0,0,0,0,0,0
0,0,0,0,0,0,0,0,0,0,0,0,0,0,0,0,0,0,0,0,0,0,0,0,0,0,0,0,0,0,0,0,0,0,0,0,0,0,0,0,0,0,0,0,0,0,0,0,0,0,0,0,0,0,0,0,0,0,0,0,0,0,0,0,0,0,0,0,0,0,0,0,0,0,0,0,0,0,0,0,0,0,0,0,0,0,0,0,0,0,0,0,0,0,0,0,0,0,0,0,0,0,0,0,0,0,0,0,0,0,0,0,0,0,0,0,0,0,0,0,0,0,0,0,0,0,0,0,0,0,0,0,0,0,0,0,0,0,0,0,0,0,0,0,0,0,0,0,0,0,0,0,0,0,0,0,0,0,0,0,0,0,0,0,0,0,0,0,0,0
14,0,12,1,43,2,6,0,12,0,0,0,154,0,10,1,0,0,1,0,0,0,0,0,0,0,0,0,0,0,0,0,99,3,0,0,13,6,38,3,9,1,0,0,0,0,6,0,8,0,2,2,38,0,43,0,4,0,2,0,25,0,21,0,9,0,21,4,3,1,30,32,2,1,6,1,30,3,5,0,0,0,0,3,633,13,0,0,76,2,0,0,4,1,0,0,0,0,9,0,4,0,1,0,1,0,0,0,1,0,0,0,0,2,0,0,0,0,0,1,1,0,4,0,0,0,2,0,2,1,0,0,0,0,3,0,2,0,2,0,8,0,5,0,42,1,5,0,2,0,0,0,0,0,2,0,0,0,0,0,2,0,2,0,2,0,3,1,2,1
1,3,1,9,1,20,0,4,0,29,0,1,0,39,0,2,0,0,0,2,0,0,0,0,0,1,0,1,0,0,0,0,1,320,0,0,1,5,7,6,0,12,0,0,0,0,5,10,2,21,1,6,3,18,1,12,0,5,0,2,1,3,12,24,5,1,3,13,2,13,29,146,0,5,4,6,4,78,1,7,0,0,3,0,12,226,0,8,5,10,0,0,0,0,0,0,0,0,3,0,0,0,0,0,0,0,0,0,0,0,0,0,1,1,0,0,0,0,0,1,0,0,2,0,0,0,1,0,2,1,0,0,0,0,0,0,0,1,1,4,1,2,1,0,4,1,2,1,2,0,0,0,0,0,1,1,0,0,0,0,0,1,0,5,1,0,0,1,2,0
620,5,123,5,405,8,80,0,43,2,5,0,187,1,39,20,0,0,2,0,0,0,0,0,0,0,1,0,7,0,0,0,232,2,0,0,32,12,117,28,67,1,1,0,0,0,73,2,48,1,71,0,143,4,372,1,75,0,63,0,127,1,88,0,100,0,1143,4,120,3,136,94,4,1,13,4,174,7,23,0,0,0,633,12,0,34,653,1,3290,10,5,0,104,1,11,0,1,0,19,0,3,0,6,0,1,1,0,0,1,1,0,0,0,2,0,0,0,0,0,0,1,0,3,0,0,0,4,0,1,2,0,0,1,0,6,0,5,1,21,0,6,0,6,1,43,0,6,0,4,0,0,0,0,0,3,3,0,0,5,0,0,1,12,4,7,0,1,0,5,4
10,160,1,44,4,191,2,80,0,85,0,2,9,213,3,23,0,0,3,2,0,1,0,0,0,0,0,1,0,4,0,0,5,729,0,0,7,25,22,19,18,123,1,13,0,1,15,148,8,146,4,325,11,138,3,148,0,203,2,278,9,43,35,32,31,24,10,1431,4,268,90,448,0,5,4,17,9,265,3,18,0,0,13,226,34,0,1,1339,7,1837,0,10,1,120,0,0,0,0,7,2,1,1,0,0,0,0,0,0,0,1,1,2,7,1,0,0,0,0,0,0,1,0,0,2,0,0,1,0,1,2,0,0,0,1,3,2,0,1,0,13,1,11,1,6,6,8,5,6,2,1,0,0,0,0,1,3,0,1,1,6,0,2,1,18,3,4,2,1,0,1
18,1,105,20,82,10,57,0,38,2,95,1,288,0,8,4,13,0,145,14,137,1,94,0,118,0,17,0,637,0,7,0,563,0,0,0,4,1,0,2,138,0,67,0,52,0,9,0,1,0,30,0,5,0,27,0,24,0,70,0,17,0,2,0,4,0,3,0,2,0,3,0,0,0,42,3,340,3,19,0,0,0,0,0,653,1,0,0,1123,0,205,0,239,0,1,0,0,0,0,0,1,0,0,0,0,1,2,0,0,0,0,0,0,0,0,0,0,0,0,1,0,0,0,0,0,0,0,0,0,0,0,0,0,0,0,1,2,0,7,0,0,0,1,0,3,0,0,0,0,0,6,10,29,8,7,9,18,0,1,0,2,0,1,0,1,1,0,0,0,1
0,0,2,128,0,82,0,1,0,42,1,137,0,3,0,2,2,63,10,52,0,5,0,62,1,26,0,50,0,38,0,8,2,387,0,0,0,4,0,2,2,317,0,144,0,546,0,11,0,4,1,35,0,2,0,3,0,9,0,142,0,2,0,1,0,0,0,4,0,0,4,9,1,2,0,13,0,445,0,29,0,0,0,8,1,1339,0,0,1,375,0,853,0,173,0,0,0,0,0,0,0,0,0,0,0,0,0,0,0,0,1,0,0,0,0,0,0,1,0,0,1,0,0,0,0,0,0,0,0,1,0,2,0,0,0,2,0,0,0,10,0,2,0,1,0,7,0,0,0,0,0,6,2,15,1,13,1,18,0,0,0,0,0,4,0,0,0,0,1,0
497,2,98,3,201,3,23,0,14,0,18,0,8,0,14,7,0,0,18,3,0,1,0,1,0,0,0,0,12,0,2,0,112,3,0,0,16,8,59,13,97,1,8,0,64,0,81,0,45,1,91,0,113,1,2223,0,324,0,250,1,134,1,99,0,382,0,588,1,1140,1,71,36,1,0,11,4,293,3,23,2,0,0,76,5,3290,7,1123,1,0,4,452,0,3929,1,5,0,0,2,10,1,1,0,5,0,1,0,0,2,0,2,0,2,0,0,0,0,0,0,0,0,1,0,0,0,0,1,4,0,0,0,0,0,0,0,0,0,2,0,9,0,2,0,5,0,12,0,2,0,1,0,0,4,0,1,4,6,5,0,1,0,4,0,16,0,8,1,0,0,1,3
0,522,2,87,5,280,1,51,0,39,0,20,0,9,5,18,0,1,2,12,0,2,0,3,0,5,0,7,0,6,0,0,1,97,0,0,2,18,17,28,21,415,0,66,0,23,31,165,5,175,4,474,8,292,1,2206,1,725,1,744,4,234,5,66,5,48,2,352,0,808,57,287,1,9,3,25,2,287,2,19,0,0,2,10,10,1837,0,375,4,0,0,619,2,4476,0,0,0,0,3,2,0,0,0,0,0,0,0,2,0,0,1,0,1,0,0,0,0,0,0,0,0,0,1,0,0,0,1,0,2,2,0,0,0,0,0,3,1,0,0,15,0,1,2,1,3,11,0,4,3,0,0,0,2,2,2,7,0,6,1,3,0,2,1,21,0,3,0,2,1,0
0,0,11,1,11,1,0,0,4,1,6,0,0,0,0,0,0,0,9,0,3,1,2,0,0,0,0,0,4,0,1,0,23,0,0,0,0,0,0,0,391,0,139,0,85,0,0,0,0,0,2,0,0,0,4,0,3,0,392,0,0,0,1,0,0,0,0,0,1,0,0,0,0,0,7,0,191,0,32,1,0,0,0,0,5,0,205,0,452,0,0,0,1528,0,0,0,0,0,0,0,0,0,1,0,0,0,0,0,0,0,0,0,0,0,0,0,0,0,0,0,0,0,0,0,0,0,0,0,0,0,1,0,0,0,0,1,0,0,4,0,0,0,0,0,0,0,0,0,0,0,1,0,0,0,2,1,13,0,0,0,3,0,5,0,1,0,0,0,0,0
0,0,0,6,0,8,0,0,0,4,0,9,0,0,0,0,0,2,1,5,0,0,0,8,0,2,0,10,0,4,0,0,1,11,0,0,0,0,0,0,0,169,0,186,0,89,0,0,0,0,0,1,0,0,0,0,0,1,0,337,0,0,0,0,0,0,0,0,0,0,0,0,0,0,0,2,0,80,0,7,0,0,0,0,0,10,0,853,0,619,0,0,0,1311,0,0,0,0,0,0,0,1,0,0,0,0,0,0,0,0,0,0,0,0,0,0,0,0,0,0,0,0,0,0,0,0,0,0,0,0,0,0,0,0,0,0,0,0,0,1,0,0,0,0,0,0,0,0,0,0,0,0,0,4,0,0,0,9,0,0,0,0,0,0,0,0,0,0,0,0
110,0,64,4,80,2,4,0,11,0,4,1,0,0,11,4,0,0,6,1,2,0,0,0,0,1,0,0,5,0,0,0,42,0,0,0,2,0,21,6,452,0,264,0,20,0,53,5,18,1,160,0,26,0,454,0,646,0,3346,0,26,1,20,0,102,0,41,1,57,0,37,9,2,0,3,1,356,0,31,0,0,0,4,0,104,1,239,0,3929,2,1528,0,0,0,3,0,1,0,2,0,0,0,58,1,0,0,0,0,1,0,0,0,0,0,0,0,0,0,0,0,0,0,0,0,0,0,3,0,0,0,0,0,1,0,1,0,1,0,14,0,3,0,2,0,8,1,1,1,0,0,0,0,0,1,1,3,5,0,4,0,0,0,7,0,6,0,0,0,2,0
0,94,3,31,1,94,0,7,0,26,0,19,0,0,1,9,1,1,1,11,0,0,0,3,0,1,0,5,0,0,0,1,0,48,0,0,0,7,5,6,5,605,2,150,0,87,23,82,3,43,2,242,3,71,0,351,1,1114,0,3996,1,24,1,8,0,2,0,7,0,20,25,56,0,0,0,15,0,192,0,17,0,0,1,0,1,120,0,173,1,4476,0,1311,0,0,0,0,0,0,1,0,1,2,0,14,0,0,1,0,0,0,0,0,0,0,0,0,0,0,0,0,0,0,0,0,0,0,0,0,0,0,0,0,0,0,1,1,0,0,0,6,1,2,0,0,0,4,0,0,0,0,0,0,0,0,1,4,1,13,0,2,0,2,0,7,1,1,0,0,0,0
1,3,0,1,0,0,0,0,0,0,0,0,0,0,0,3,0,0,0,0,0,0,0,0,0,0,0,0,0,0,0,0,7,0,0,0,0,1,4,1,6,0,11,0,0,0,94,0,4,0,187,0,15,0,53,1,40,0,83,0,0,0,0,0,1,0,0,0,0,0,2,3,1,0,0,1,5,0,2,0,0,0,0,0,11,0,1,0,5,0,0,0,3,0,0,38,5435,51,168,9,793,27,4010,78,882,16,1267,72,308,57,41,5,3,18,88,93,128,7,1,11,0,0,0,0,0,0,0,0,0,0,0,0,0,0,0,0,0,0,1,0,2,0,0,0,2,0,0,0,0,0,0,0,0,0,0,0,0,0,13,4,6,1,1,0,1,2,3,28,0,4
4,3,3,1,0,2,0,0,0,0,0,0,0,0,1,1,0,0,0,0,0,0,0,0,0,0,0,0,0,0,0,0,0,0,0,0,0,3,0,0,3,2,5,0,0,0,0,0,0,0,0,1,0,0,0,0,0,0,0,0,3,0,0,0,0,0,0,0,0,0,0,0,3,2,3,2,6,0,2,1,0,0,0,0,0,0,0,0,0,0,0,0,0,0,38,0,44,7903,11,471,35,385,36,7397,21,528,76,1628,47,202,17,92,33,22,89,58,213,23,7,69,0,0,0,0,0,0,0,0,0,0,0,0,0,0,0,0,0,0,0,1,0,2,0,0,0,0,0,0,0,0,0,0,0,0,1,0,0,0,10,12,3,7,3,1,1,0,1,10,2,1
2,1,1,0,0,1,1,0,1,0,0,0,0,1,3,5,0,0,0,0,0,0,0,0,0,0,0,0,0,0,0,0,1,0,0,0,2,0,1,0,4,3,29,0,0,0,0,0,0,0,0,0,1,0,1,0,0,0,0,0,4,2,2,0,1,0,1,0,0,0,1,2,0,3,1,5,6,1,0,0,0,0,0,0,1,0,0,0,0,0,0,0,1,0,5435,44,0,56,234,27,753,33,1089,46,2921,31,1860,133,366,59,58,25,13,10,64,72,138,217,4,14,0,0,0,0,0,0,0,0,0,0,0,0,0,0,0,0,0,0,2,0,2,0,0,0,0,0,0,0,0,0,0,0,0,0,1,1,0,0,32,7,20,3,4,1,2,0,10,56,1,13
9,0,6,1,2,1,1,1,0,1,0,0,2,2,0,2,0,0,0,2,0,0,0,0,0,0,0,0,0,0,0,0,1,0,0,0,1,1,0,0,3,1,11,0,0,0,0,0,0,0,0,0,0,0,1,0,0,0,0,0,2,0,1,0,1,0,0,1,0,0,2,5,2,1,6,5,14,1,0,2,0,0,0,0,0,0,0,0,2,0,0,0,0,0,51,7903,56,0,18,553,60,255,28,1194,32,1662,157,2122,75,326,32,63,39,37,112,74,262,33,16,137,0,0,0,0,0,0,0,0,0,0,0,0,0,0,0,0,0,0,3,1,0,3,0,0,0,1,0,0,0,0,0,0,0,0,0,0,0,0,23,19,7,9,3,6,0,0,2,35,0,5
87,5,23,3,21,3,10,2,5,1,1,0,10,1,24,25,0,0,2,2,0,0,0,0,0,0,0,0,0,0,0,0,54,2,0,0,57,27,22,3,26,1,25,0,4,0,6,0,7,0,68,0,17,0,15,0,4,0,4,0,76,4,75,2,73,0,25,2,6,1,45,24,24,6,107,15,96,3,31,2,0,0,9,3,19,7,0,0,10,3,0,0,2,1,168,11,234,18,0,79,791,99,446,17,93,4,387,32,2088,60,45,12,206,218,160,35,12,28,29,340,0,0,4,0,1,0,9,0,4,1,5,0,8,3,106,5,3,0,21,2,29,0,59,0,89,7,14,2,9,0,0,0,0,0,2,2,0,0,145,27,68,4,41,5,382,26,39,121,710,151
5,12,1,10,2,13,0,3,0,4,0,0,0,4,6,24,0,0,0,1,0,0,0,0,0,0,0,0,0,0,0,0,4,2,0,0,1,10,0,0,1,27,8,59,0,0,0,0,0,0,0,50,0,0,0,1,0,0,0,5,5,6,2,1,4,0,0,3,0,0,0,14,3,5,3,40,12,9,1,5,0,0,0,0,0,2,0,0,1,2,0,0,0,0,9,471,27,553,79,0,78,1123,13,427,11,118,88,651,61,470,36,83,72,332,226,51,31,25,8,51,0,0,0,0,0,0,0,0,0,2,0,0,0,0,0,3,0,2,0,7,0,13,0,7,1,18,0,0,0,0,0,0,0,0,0,0,0,0,23,78,1,79,2,11,13,48,7,148,117,27
7,0,1,0,2,0,2,1,0,0,0,0,1,0,3,2,0,0,0,0,0,0,0,0,0,0,0,0,0,0,0,0,7,0,0,0,6,2,4,1,5,0,45,0,0,0,0,0,0,0,28,0,0,0,3,0,0,0,0,0,3,1,2,0,9,0,4,0,0,0,2,1,1,1,4,3,4,2,3,0,0,0,4,0,3,1,1,0,1,0,0,0,0,1,793,35,753,60,791,78,0,318,3818,94,288,18,762,133,980,100,131,29,4,108,1188,259,40,68,8,34,0,0,3,0,0,0,0,0,1,0,0,0,0,0,6,0,0,0,5,0,8,0,18,0,43,0,1,0,0,0,0,0,0,0,0,1,0,0,18,3,9,1,2,2,3,1,11,76,36,7
0,1,0,0,0,1,0,0,0,0,0,0,0,0,0,1,0,0,0,0,0,0,0,0,0,0,0,0,0,0,0,0,0,0,0,0,0,0,0,0,0,13,0,38,0,0,0,2,0,0,0,21,0,0,0,0,0,0,0,38,1,2,0,0,0,0,0,0,0,0,0,2,0,2,0,0,0,0,0,1,0,0,0,0,0,1,0,0,0,0,0,1,0,2,27,385,33,255,99,1123,318,0,71,3158,22,50,116,299,95,422,39,149,43,362,1881,429,66,72,14,55,0,0,0,0,0,0,0,0,0,0,0,0,0,0,0,1,0,0,0,0,0,1,0,0,0,2,0,0,0,0,0,0,0,0,0,0,0,0,1,5,1,1,1,0,0,0,2,59,0,3
