0,59,1100,13,1926,13,999,0,279,0,5,0,73,8,930,80,0,0,28,1,0,0,0,0,0,0,0,0,0,0,0,0,272,17,0,0,103,73,3,0,78,6,18,2,0,0,1,0,0,0,0,1,1,0,8,0,0,0,0,0,5126,16,66,10,469,0,56,5,43,0,128,18,1061,30,613,10,839,29,488,5,0,0,4,2,39,5,1,0,92,4,0,0,2,2,42,4,22,2,42,3,20,3,21,1,7,3,4,3,10,3,3,2,3,3,2,2,1,1,0,1,0,0,3,0,23,0,424,22,224,27,116,6,0,0,65,1,10,0,2,3,33,4,4,5,63,7,15,5,3,0,0,0,0,0,7,6,2,1,0,1,35,0,80,0,9,2,0,1,7,0
59,0,18,2000,33,2846,9,2221,15,305,1,15,1,698,248,1031,0,0,5,3,0,1,0,2,0,0,0,1,0,2,0,0,13,857,0,0,130,284,0,4,3,6,0,2,0,1,0,1,0,2,0,6,0,19,0,165,0,0,0,2,4,5531,8,177,4,186,0,108,0,208,7,65,44,245,11,136,17,1475,13,383,0,0,0,1,0,18,1,0,2,166,0,0,0,31,2,0,2,0,7,9,1,1,2,1,1,1,0,0,3,4,0,0,23,15,0,0,0,0,0,3,0,0,0,0,2,5,17,303,4,230,4,57,0,0,5,9,0,9,1,6,0,15,0,22,3,82,0,66,0,10,1,0,1,0,24,31,0,1,0,2,0,0,0,2,0,4,0,4,33,0
1100,18,0,74,6603,63,203,9,389,7,198,10,4,1,1316,44,12,3,3384,29,114,10,86,4,224,1,222,1,102,2,79,0,379,6,0,0,44,21,0,3,9,0,0,1,3,0,0,0,0,0,2,0,1,1,8,1,2,0,0,0,104,4,22,2,68,0,12,1,26,0,33,5,154,0,451,149,471,28,137,5,0,0,0,0,21,2,59,0,129,0,18,0,5,0,3,0,0,0,20,0,2,0,1,0,0,0,1,1,6,1,0,0,4,4,0,0,0,0,0,1,0,0,1,0,19,0,59,7,20,4,11,0,0,0,23,0,14,0,0,1,5,0,2,2,19,1,6,4,0,0,19,3,38,9,51,56,11,0,1,0,4,0,3,0,0,1,0,1,7,0
13,2000,74,0,108,6831,12,492,41,677,16,628,0,220,226,1347,4,11,335,1978,25,477,2,172,1,45,0,185,0,73,3,0,62,841,0,0,205,769,0,23,0,4,0,4,0,1,0,3,2,1,1,4,0,20,4,82,0,0,0,2,4,525,6,156,3,28,0,28,3,54,28,337,12,90,51,673,77,2092,19,453,0,0,0,2,1,13,6,0,9,67,0,1,0,16,0,1,0,0,5,1,0,0,0,0,0,0,0,0,2,1,0,0,6,10,0,0,0,0,0,2,0,0,0,0,5,83,6,390,3,139,5,39,0,0,2,97,2,52,0,2,1,7,1,27,4,93,2,130,0,17,10,149,219,393,402,813,0,3,1,0,0,0,0,2,0,2,0,2,22,0
1926,33,6603,108,0,86,1045,8,3101,6,737,11,9,1,534,77,14,1,1037,42,52,6,7,3,84,0,277,1,117,1,376,0,558,20,0,0,140,34,3,5,12,1,1,1,6,0,0,3,2,4,3,1,1,2,14,0,1,0,1,0,335,6,80,3,413,0,69,0,92,1,79,12,49,1,963,212,759,50,239,6,0,0,2,1,60,9,59,0,311,2,21,0,10,2,0,0,1,0,22,1,2,0,5,0,0,0,1,0,6,1,1,0,8,10,0,0,0,0,0,1,0,0,1,0,30,1,80,14,28,9,37,2,1,0,86,2,12,0,1,0,14,1,4,2,51,6,13,5,2,0,11,4,38,16,174,123,8,0,0,0,7,0,10,0,1,1,0,0,7,0
13,2846,63,6831,86,0,8,1446,39,4078,3,1068,0,148,187,225,0,1,265,125,9,29,0,11,0,11,0,432,1,92,0,7,51,710,0,0,177,255,0,17,0,1,1,1,0,0,0,7,1,4,0,2,0,41,0,314,0,2,0,2,3,327,5,70,4,102,1,37,1,210,15,75,11,4,38,951,53,1390,17,232,0,0,0,0,0,31,3,0,3,249,0,0,0,63,0,0,1,0,2,0,1,0,0,0,0,0,0,0,0,0,0,0,0,2,0,0,0,0,0,0,0,0,0,0,3,71,9,245,3,67,0,17,0,0,7,51,2,49,0,1,0,3,0,10,4,45,0,81,0,9,6,21,73,108,358,351,0,0,0,0,1,0,0,4,0,2,0,1,16,0
999,9,203,12,1045,8,0,0,1065,1,13,0,983,1,562,20,0,0,39,2,0,0,0,0,0,0,0,0,0,0,0,0,945,5,0,0,40,16,3,3,14,4,1,0,0,0,0,1,0,1,0,0,0,0,2,0,0,0,0,0,580,3,43,1,239,0,183,0,22,2,51,10,64,4,153,21,366,9,167,3,0,0,6,1,189,3,81,0,181,5,0,0,1,4,5,0,4,0,6,0,4,0,4,0,0,1,1,1,2,2,0,0,0,0,0,0,0,0,0,0,0,0,1,0,3,1,102,7,34,4,22,0,0,0,20,0,3,0,1,4,13,4,1,0,26,4,5,0,0,0,0,0,0,0,17,5,1,0,1,0,3,0,10,0,0,0,0,0,2,0
0,2221,9,492,8,1446,0,0,8,2812,1,28,0,585,18,69,0,0,29,28,1,0,0,0,0,0,0,1,0,2,0,0,4,333,0,0,23,69,0,7,0,0,0,0,0,0,0,1,0,2,0,2,0,9,0,63,0,1,0,0,0,165,1,31,1,94,0,40,0,102,2,26,1,5,2,139,1,141,1,25,0,0,0,0,1,32,0,0,0,211,0,0,0,63,0,0,0,0,1,0,0,0,0,0,0,0,0,0,0,0,0,0,0,1,0,0,0,0,0,0,0,0,0,0,0,8,0,34,1,10,0,0,0,0,0,6,1,4,0,0,0,0,0,0,1,6,0,8,0,2,0,0,7,0,41,58,0,0,0,0,0,0,0,0,0,0,0,0,0,0
279,15,389,41,3101,39,1065,8,0,7,1180,0,47,1,435,33,2,0,527,10,4,1,0,0,4,0,0,1,5,0,43,0,1489,7,0,0,79,13,3,2,11,0,0,0,1,0,0,0,0,0,0,1,2,0,12,1,1,0,0,0,117,1,42,2,147,1,105,0,35,1,67,9,27,0,395,67,405,22,120,2,0,0,3,0,195,2,24,0,303,2,4,0,4,1,3,0,4,0,12,0,1,0,2,0,0,0,1,0,6,0,0,0,1,1,0,0,0,0,0,1,1,0,1,0,21,1,64,4,14,6,15,1,0,0,39,0,5,0,0,0,5,0,0,1,20,0,5,1,0,1,0,0,5,1,56,28,2,0,0,1,4,0,4,1,1,2,0,0,0,0
0,305,7,677,6,4078,1,2812,7,0,1,1353,0,56,7,46,2,0,47,64,2,4,0,2,0,0,0,9,0,61,0,3,3,632,0,0,9,36,0,2,0,0,0,1,0,0,0,0,0,1,0,2,0,3,0,22,0,3,0,1,0,54,1,8,0,34,0,19,0,42,3,16,0,1,3,229,2,240,2,40,0,0,1,0,0,7,0,0,0,98,0,0,0,32,0,0,0,0,1,0,0,0,0,0,0,0,0,0,0,0,0,0,0,0,0,0,0,0,0,0,0,0,0,0,0,9,0,27,0,12,0,2,0,0,0,10,0,4,0,0,0,0,0,0,0,4,0,9,0,1,1,5,16,17,56,60,1,0,0,0,0,0,0,0,0,0,0,0,2,0
5,1,198,16,737,3,13,1,1180,1,0,1,1,0,12,1,12,0,130,5,45,3,25,1,80,0,201,0,1012,0,749,0,907,1,0,0,5,2,1,0,3,0,0,0,2,0,0,0,0,0,1,0,1,0,3,1,0,0,2,0,1,1,1,0,1,0,0,0,1,0,5,1,5,0,77,21,333,2,48,0,0,0,0,0,6,0,73,0,41,1,18,0,1,0,0,0,1,0,6,0,0,0,0,0,0,0,0,0,0,0,0,0,1,1,0,0,0,0,0,0,0,0,0,0,8,0,6,0,0,0,2,0,0,0,7,0,4,0,0,0,2,0,0,0,4,0,0,0,0,0,1,1,32,1,4,5,5,0,1,0,0,0,2,0,0,0,0,0,1,0
0,15,10,628,11,1068,0,28,0,1353,1,0,0,1,0,1,0,5,35,36,8,54,0,50,0,40,0,410,0,993,2,20,4,241,0,0,0,13,0,0,0,0,0,0,0,0,0,0,0,0,0,1,0,1,0,2,0,0,0,0,0,2,0,0,0,1,0,2,0,3,0,3,0,1,3,81,4,75,0,11,0,0,0,0,0,1,2,0,0,13,0,0,0,1,0,0,0,0,0,0,0,0,0,0,0,0,0,0,0,0,0,0,0,0,0,0,0,0,1,0,0,0,0,0,0,3,0,9,0,3,1,1,0,0,0,5,1,3,0,0,1,0,0,0,0,1,0,5,0,0,1,15,24,40,11,25,0,0,0,0,0,0,0,0,0,0,0,0,0,0
73,1,4,0,9,0,983,0,47,0,1,0,0,0,10,1,1,0,2,0,2,0,0,0,0,0,0,0,0,0,0,0,1686,4,0,0,7,4,11,2,7,8,0,0,0,0,0,0,0,3,0,0,0,0,8,4,0,0,0,0,1403,0,45,3,68,0,665,0,18,0,80,24,13,1,25,0,173,1,27,0,0,0,195,1,662,9,51,0,54,4,0,0,2,2,0,0,0,0,2,1,0,0,0,0,0,0,0,0,1,0,0,0,0,0,0,0,0,0,0,0,0,0,0,0,0,0,7,0,11,3,3,0,0,0,4,1,0,0,2,11,8,2,2,0,6,1,3,1,0,0,0,0,0,0,1,0,0,0,0,0,1,0,2,0,0,0,0,0,0,0
8,698,1,220,1,148,1,585,1,56,0,1,0,0,23,81,0,0,1,4,0,0,0,0,0,0,0,0,0,0,0,0,3,664,0,0,19,67,0,0,0,4,0,2,0,0,0,2,0,4,0,0,0,7,0,38,0,1,0,0,2,1115,0,187,0,210,0,1275,1,182,1,62,14,23,1,10,3,141,0,33,0,0,0,84,0,1317,0,0,0,450,0,0,0,133,0,1,0,0,0,0,0,0,0,1,0,0,0,0,0,0,0,0,0,0,0,0,0,0,0,0,0,0,0,0,0,2,1,14,0,13,1,2,0,0,0,0,0,1,0,3,1,0,0,3,0,5,0,5,0,0,0,0,0,1,4,3,0,0,0,0,0,0,2,0,0,0,0,0,2,0
930,248,1316,226,534,187,562,18,435,7,12,0,10,23,0,518,0,0,460,4,1,0,0,1,0,0,0,0,0,0,0,0,274,29,0,0,740,209,2,9,16,1,3,6,0,0,0,1,2,1,0,3,3,0,7,4,0,1,1,1,208,46,122,10,73,5,32,5,22,6,368,37,854,56,339,150,741,138,375,40,0,0,1,1,28,1,17,0,138,4,0,0,3,1,17,2,15,2,37,1,6,1,8,0,3,1,1,0,16,2,0,1,6,6,0,0,0,0,0,1,1,0,1,0,27,1,293,51,72,38,63,10,1,0,85,2,24,1,0,6,13,1,2,5,62,13,21,14,0,0,0,0,8,0,111,56,2,0,1,2,13,0,15,0,0,4,0,0,8,1
80,1031,44,1347,77,225,20,69,33,46,1,1,1,81,518,0,0,0,49,416,1,5,0,3,0,0,0,0,0,0,0,0,26,180,0,0,356,3406,0,10,0,1,0,4,0,1,0,2,0,1,0,2,0,2,2,7,0,0,0,0,9,708,9,93,8,6,0,16,2,9,17,194,64,826,30,263,46,810,26,178,0,0,0,0,0,4,0,0,4,6,0,0,0,5,1,0,0,0,0,4,1,0,0,0,0,0,0,1,1,1,0,0,10,6,0,0,0,0,0,3,0,0,0,0,3,14,19,265,4,153,4,50,0,0,4,16,2,9,0,1,1,6,0,17,2,61,0,77,0,9,1,6,7,14,189,394,0,0,0,0,0,1,1,2,0,5,0,1,14,1
0,0,12,4,14,0,0,0,2,2,12,0,1,0,0,0,0,112,28,4,360,8,1063,6,137,1,4,0,122,0,4,0,103,0,0,0,28,0,5,0,13,0,2,0,59,0,0,0,0,0,1,0,0,1,9,0,1,0,0,0,0,0,0,0,1,0,1,0,0,0,19,0,0,0,17,134,298,0,1,0,0,0,0,0,2,0,44,0,32,0,25,0,12,1,0,0,0,0,1,0,0,0,0,0,0,0,0,0,0,0,0,0,0,0,1,0,0,0,0,0,0,0,0,0,2,0,1,0,0,0,1,0,0,0,1,1,0,0,2,0,0,0,1,0,1,0,0,0,0,0,199,1,111,0,65,0,961,29,0,0,0,0,1,0,0,0,0,0,1,0
0,0,3,11,1,1,0,0,0,0,0,5,0,0,0,0,112,0,18,10,90,50,45,90,2,7,0,9,1,0,0,0,1,0,0,0,4,5,1,0,0,5,0,5,0,1,0,0,0,0,0,0,0,0,0,0,0,0,0,0,0,0,0,0,0,0,0,0,0,0,2,0,0,0,5,101,3,90,0,3,0,0,0,0,0,0,0,0,0,0,0,0,0,0,0,0,0,0,0,0,0,0,0,0,0,0,0,0,0,0,0,0,0,1,0,0,0,0,0,0,0,0,0,0,0,1,0,2,0,0,1,0,0,0,0,0,0,0,0,0,0,0,0,0,0,0,0,0,0,0,17,11,40,10,1,1,10,78,0,0,0,0,0,4,0,1,0,0,2,0
28,5,3384,335,1037,265,39,29,527,47,130,35,2,1,460,49,28,18,0,166,345,41,57,19,15,3,1,8,23,5,13,0,462,17,0,0,311,51,2,7,8,0,0,0,2,0,0,0,0,0,0,1,6,1,15,1,0,0,3,0,19,2,22,1,23,0,9,0,20,1,62,4,12,1,571,407,513,54,125,10,0,0,0,0,26,0,36,0,94,3,17,0,8,0,0,1,4,0,10,0,0,0,2,1,0,0,1,0,4,2,0,1,3,8,0,0,0,0,0,2,0,0,1,0,38,3,22,10,6,3,10,2,0,0,26,4,11,3,0,0,5,0,1,0,25,7,0,3,0,1,93,30,1109,63,422,136,8,2,0,0,2,0,2,1,1,3,0,0,3,0
1,3,29,1978,42,125,2,28,10,64,5,36,0,4,4,416,4,10,166,0,32,735,0,74,0,1,0,1,0,2,1,0,26,41,0,0,20,807,0,7,0,0,0,0,0,0,0,0,0,0,0,1,0,0,0,1,0,0,0,0,0,3,1,0,2,0,0,1,0,2,10,12,0,0,13,153,15,116,1,34,0,0,0,0,0,0,3,0,4,3,0,0,0,1,0,0,0,0,0,1,0,0,0,0,0,0,0,0,0,0,0,0,0,0,0,0,0,0,0,0,0,0,0,0,0,11,0,23,0,8,0,0,0,0,2,9,0,5,0,0,0,0,0,1,0,3,0,7,0,1,7,229,122,1295,184,672,0,0,0,0,0,0,0,1,0,1,0,0,1,0
0,0,114,25,52,9,0,1,4,2,45,8,2,0,1,1,360,90,345,32,0,43,1261,24,168,4,13,14,147,1,6,0,118,0,0,0,37,2,2,1,7,0,0,0,1,0,1,0,0,0,2,0,0,0,1,0,1,0,3,0,0,0,0,0,0,0,0,0,0,0,20,1,0,0,75,103,126,3,8,1,0,0,0,0,2,0,42,0,25,0,18,0,3,1,0,0,0,0,2,0,0,0,0,0,0,0,0,0,0,0,0,0,0,0,0,0,0,0,0,0,0,0,0,0,1,0,1,1,0,0,1,0,0,0,3,0,0,0,0,0,0,0,1,0,1,0,0,0,0,0,573,20,264,11,21,5,66,6,0,0,0,0,0,0,0,0,0,0,1,0
0,1,10,477,6,29,0,0,1,4,3,54,0,0,0,5,8,50,41,735,43,0,3,899,2,56,0,71,1,2,0,0,0,4,0,0,0,61,0,5,1,0,0,0,0,0,0,0,0,0,0,0,0,0,0,1,0,0,0,0,0,0,1,0,0,0,0,0,0,0,1,6,0,1,4,15,6,7,2,5,0,0,0,0,0,1,0,0,1,1,0,0,0,1,0,0,0,0,0,0,0,0,0,0,0,0,0,0,0,0,0,0,2,0,0,0,0,0,0,0,0,0,0,0,0,2,0,3,0,1,0,0,0,0,0,0,0,2,0,0,0,0,0,0,0,0,0,4,0,0,34,445,110,236,7,56,0,0,0,0,0,0,0,0,0,0,0,0,0,0
0,0,86,2,7,0,0,0,0,0,25,0,0,0,0,0,1063,45,57,0,1261,3,0,7,597,0,28,0,297,0,6,0,102,0,0,0,5,0,2,0,2,4,28,7,30,4,0,1,0,0,0,0,0,0,8,1,0,0,1,0,0,0,0,0,0,0,0,0,0,0,3,0,0,0,40,4,95,0,3,0,0,0,0,0,1,1,33,0,18,0,13,0,6,0,0,0,0,0,0,0,0,0,0,0,0,0,0,0,0,0,0,1,0,0,0,0,0,0,0,0,0,0,0,0,0,0,0,0,1,0,0,0,0,0,0,0,0,0,0,0,0,0,0,0,0,0,0,0,0,0,233,0,37,0,12,0,154,4,0,0,0,0,0,0,0,0,0,0,0,0
0,2,4,172,3,11,0,0,0,2,1,50,0,0,1,3,6,90,19,74,24,899,7,0,0,430,0,144,1,6,2,0,1,1,0,0,0,37,0,3,0,1,0,0,0,1,0,0,0,0,0,1,0,0,0,0,0,0,0,0,0,0,0,1,0,0,0,0,0,0,0,3,0,0,1,16,5,165,0,4,0,0,0,0,0,0,0,0,0,1,0,0,0,0,0,0,0,0,0,0,0,0,0,0,0,0,0,0,0,0,0,0,0,0,0,0,0,0,0,0,0,0,0,0,0,2,0,4,0,0,0,0,0,0,0,1,0,0,0,0,0,0,0,1,0,0,0,2,0,0,0,236,27,72,5,29,0,50,0,0,0,0,0,2,0,0,0,0,0,0
0,0,224,1,84,0,0,0,4,0,80,0,0,0,0,0,137,2,15,0,168,2,597,0,0,0,416,0,1088,0,16,0,145,0,0,0,0,0,1,0,5,0,0,0,1,0,0,0,0,0,0,0,0,0,2,0,2,0,1,0,0,0,0,0,1,0,0,0,0,0,0,0,0,0,19,1,42,0,7,0,0,0,0,0,1,0,28,0,13,0,14,0,4,0,0,0,0,0,1,0,0,0,1,0,0,0,0,0,0,0,0,0,0,0,0,0,0,0,0,0,0,0,0,0,0,0,1,0,0,0,0,0,0,0,0,1,1,0,0,0,0,0,0,0,0,0,0,0,0,0,3,0,3,0,1,0,48,0,0,0,0,0,0,0,0,0,0,0,0,0
0,0,1,45,0,11,0,0,0,0,0,40,0,0,0,0,1,7,3,1,4,56,0,430,0,0,0,262,0,4,0,0,0,0,0,0,0,3,0,0,0,0,0,0,0,0,0,0,0,0,0,0,0,0,0,0,0,0,0,0,0,0,0,0,0,0,0,0,0,0,0,0,0,0,0,2,0,1,0,0,0,0,0,0,0,0,0,0,0,0,0,0,0,0,0,0,0,0,0,0,0,0,0,0,0,0,0,0,0,0,0,0,0,0,0,0,0,0,0,0,0,0,0,0,0,0,0,0,0,0,0,0,0,0,0,0,0,0,0,0,0,0,0,0,0,0,0,0,0,1,1,13,9,1,0,0,0,0,0,0,0,0,0,0,0,0,0,0,0,0
0,0,222,0,277,0,0,0,0,0,201,0,0,0,0,0,4,0,1,0,13,0,28,0,416,0,0,0,209,0,30,0,27,0,0,0,0,0,0,0,0,0,0,0,0,0,0,0,0,0,0,0,0,0,2,0,0,0,0,0,0,0,0,0,0,0,0,0,0,0,0,0,0,0,1,0,7,0,0,0,0,0,0,0,0,0,3,0,0,0,2,0,1,0,0,0,0,0,0,0,0,0,0,0,0,0,0,0,0,0,0,0,0,0,0,0,0,0,0,0,0,0,0,0,0,0,0,0,0,0,0,0,0,0,1,0,0,0,0,0,0,0,0,0,0,0,0,0,0,0,1,0,0,0,0,1,3,0,0,0,0,0,0,0,0,0,0,0,0,0
0,1,1,185,1,432,0,1,1,9,0,410,0,0,0,0,0,9,8,1,14,71,0,144,0,262,0,0,0,54,0,3,0,0,0,0,0,1,0,1,0,0,0,0,0,0,0,0,0,0,0,0,0,0,0,0,0,0,0,0,0,0,0,0,0,0,0,0,0,0,0,0,0,0,0,4,0,3,0,0,0,0,0,0,0,0,0,0,0,0,0,0,0,0,0,0,0,0,0,0,0,0,0,0,0,0,0,0,0,0,0,0,0,0,0,0,0,0,0,0,0,0,0,0,0,0,0,2,0,1,0,0,0,0,0,0,0,0,0,0,0,0,0,0,0,0,0,0,0,0,4,14,24,3,1,2,0,0,0,0,0,0,0,0,0,0,0,0,0,0
0,0,102,0,117,1,0,0,5,0,1012,0,0,0,0,0,122,1,23,0,147,1,297,1,1088,0,209,0,0,0,232,0,406,0,0,0,2,0,0,1,3,0,1,0,1,0,0,0,0,0,0,0,0,0,1,0,0,0,1,0,0,0,0,0,0,0,0,0,0,0,0,0,0,0,13,2,48,0,8,0,0,0,0,0,5,0,36,0,15,0,14,0,0,0,0,0,0,0,0,0,0,0,0,0,0,0,0,0,0,0,0,0,0,1,0,0,0,0,0,0,0,0,0,0,1,0,0,0,0,0,0,0,0,0,0,0,1,0,1,0,0,0,1,0,1,0,0,1,0,0,9,0,12,0,0,0,24,0,0,0,0,0,1,0,0,0,0,0,0,0
0,2,2,73,1,92,0,2,0,61,0,993,0,0,0,0,0,0,5,2,1,2,0,6,0,4,0,54,0,0,0,59,2,7,0,0,1,0,0,0,0,0,0,0,0,0,0,0,0,0,0,0,0,0,0,0,0,0,0,0,0,0,0,0,0,0,0,0,0,0,0,0,0,0,0,18,1,8,0,2,0,0,0,0,0,0,0,0,1,0,0,0,0,0,0,0,0,0,0,0,0,0,0,0,0,0,0,0,0,0,0,0,0,0,0,0,0,0,0,0,0,0,0,0,0,0,0,0,0,0,0,1,0,0,0,0,0,0,0,0,0,0,0,0,0,0,0,1,0,0,0,1,4,2,0,0,0,0,0,0,0,0,0,0,0,0,0,0,0,0
0,0,79,3,376,0,0,0,43,0,749,2,0,0,0,0,4,0,13,1,6,0,6,2,16,0,30,0,232,0,0,0,85,0,0,0,0,0,0,0,2,0,1,0,0,0,0,0,0,0,0,0,0,0,3,0,0,0,0,0,0,0,0,0,0,0,0,0,0,0,0,0,0,0,2,3,63,0,9,0,0,0,0,0,1,0,27,0,10,0,9,0,4,0,0,0,0,0,0,0,0,0,0,0,0,0,0,0,1,0,0,0,0,0,0,0,0,0,0,0,0,0,0,0,2,0,0,0,0,0,1,0,0,0,0,0,0,0,1,0,1,0,0,0,1,0,0,0,0,0,3,0,5,0,1,0,1,0,0,0,0,0,0,0,0,0,0,0,0,0
0,0,0,0,0,7,0,0,0,3,0,20,0,0,0,0,0,0,0,0,0,0,0,0,0,0,0,3,0,59,0,0,0,0,0,0,0,0,0,0,0,0,0,0,0,0,0,0,0,0,0,0,0,0,0,0,0,0,0,0,0,0,0,0,0,0,0,0,0,0,0,0,0,0,0,0,0,0,0,1,0,0,0,0,0,0,0,0,0,0,0,0,0,0,0,0,0,0,0,0,0,0,0,0,0,0,0,0,0,0,0,0,0,0,0,0,0,0,0,0,0,0,0,0,0,0,0,0,0,0,0,0,0,0,0,0,0,0,0,0,0,0,0,0,0,0,0,0,0,0,0,0,0,0,0,0,0,0,0,0,0,0,0,0,0,0,0,0,0,0
272,13,379,62,558,51,945,4,1489,3,907,4,1686,3,274,26,103,1,462,26,118,0,102,1,145,0,27,0,406,2,85,0,0,10,0,0,62,22,14,7,26,3,10,0,71,0,2,2,1,7,3,2,7,2,43,1,1,0,10,1,499,2,106,4,111,0,114,0,54,0,150,26,92,3,243,62,1326,23,89,0,0,0,235,4,612,10,802,0,241,3,130,0,23,4,0,1,2,0,8,0,1,0,0,0,0,0,0,0,3,0,0,0,1,5,0,0,0,0,0,0,0,0,2,0,12,2,44,5,19,6,12,1,0,0,26,0,5,1,7,2,17,3,5,1,56,2,2,1,3,0,12,1,37,6,53,32,12,0,1,0,1,0,8,0,0,1,0,1,3,0
17,857,6,841,20,710,5,333,7,632,1,241,4,664,29,180,0,0,17,41,0,4,0,1,0,0,0,0,0,7,0,0,10,0,0,0,40,173,1,13,4,26,0,11,0,0,8,15,10,27,0,14,3,46,2,68,0,8,0,2,25,900,7,376,13,79,5,60,6,65,44,212,46,41,6,91,13,501,7,116,0,0,0,65,7,614,0,1,13,332,0,0,2,180,0,0,0,0,5,6,1,0,1,0,0,0,0,0,1,1,0,0,2,1,0,0,0,0,0,0,0,0,1,0,1,7,6,49,12,57,5,5,0,0,1,2,0,6,0,19,2,11,0,9,13,23,1,19,0,6,1,1,11,11,23,54,0,2,0,1,1,0,5,1,0,0,0,2,5,0
0,0,0,0,0,0,0,0,0,0,0,0,0,0,0,0,0,0,0,0,0,0,0,0,0,0,0,0,0,0,0,0,0,0,0,0,0,0,0,0,0,0,0,0,0,0,0,0,0,0,0,0,0,0,0,0,0,0,0,0,0,0,0,0,0,0,0,0,0,0,0,0,0,0,0,0,0,0,0,0,0,0,0,0,0,0,0,0,0,0,0,0,0,0,0,0,0,0,0,0,0,0,0,0,0,0,0,0,0,0,0,0,0,0,0,0,0,0,0,0,0,0,0,0,0,0,0,0,0,0,0,0,0,0,0,0,0,0,0,0,0,0,0,0,0,0,0,0,0,0,0,0,0,0,0,0,0,0,0,0,0,0,0,0,0,0,0,0,0,0
0,0,0,0,0,0,0,0,0,0,0,0,0,0,0,0,0,0,0,0,0,0,0,0,0,0,0,0,0,0,0,0,0,0,0,0,0,0,0,0,0,0,0,0,0,0,0,0,0,0,0,0,0,0,0,0,0,0,0,0,0,0,0,0,0,0,0,0,0,0,0,0,0,0,0,0,0,0,0,0,0,0,0,0,0,0,0,0,0,0,0,0,0,0,0,0,0,0,0,0,0,0,0,0,0,0,0,0,0,0,0,0,0,0,0,0,0,0,0,0,0,0,0,0,0,0,0,0,0,0,0,0,0,0,0,0,0,0,0,0,0,0,0,0,0,0,0,0,0,0,0,0,0,0,0,0,0,0,0,0,0,0,0,0,0,0,0,0,0,0
103,130,44,205,140,177,40,23,79,9,5,0,7,19,740,356,28,4,311,20,37,0,5,0,0,0,0,0,2,1,0,0,62,40,0,0,0,311,678,11,44,7,14,1,0,1,5,4,28,1,7,2,31,6,16,5,1,0,3,0,64,43,200,23,47,4,4,13,19,3,3428,89,517,35,146,117,150,122,40,23,0,0,1,4,14,14,6,0,12,7,0,0,1,2,3,0,3,0,5,2,2,0,1,0,0,0,0,0,3,1,0,0,8,5,0,0,0,0,0,0,0,0,0,0,11,2,52,35,31,52,15,6,0,0,13,7,4,2,0,7,9,12,1,8,30,22,3,16,0,2,59,1,97,1,868,57,15,1,0,0,4,0,4,1,0,4,0,0,5,0
73,284,21,769,34,255,16,69,13,36,2,13,4,67,209,3406,0,5,51,807,2,61,0,37,0,3,0,1,0,0,0,0,22,173,0,0,311,0,8,437,3,27,1,2,0,0,3,3,0,10,1,4,1,9,2,6,0,0,0,0,20,263,14,110,2,19,0,52,2,3,127,1856,89,379,23,253,36,499,14,86,0,0,0,13,4,46,1,0,2,20,0,0,0,3,1,0,2,0,3,5,1,0,0,0,1,0,0,0,2,2,0,0,9,6,0,0,0,0,0,0,0,0,0,0,3,13,25,173,19,140,3,46,0,0,5,12,1,8,0,37,4,25,0,25,9,65,2,57,0,12,3,84,19,449,113,864,0,7,0,0,0,1,1,2,1,4,0,5,17,0
3,0,0,0,3,0,3,0,3,0,1,0,11,0,2,0,5,1,2,0,2,0,2,0,1,0,0,0,0,0,0,0,14,1,0,0,678,8,0,298,145,2,21,0,4,0,236,19,502,19,103,0,529,8,462,7,60,0,33,1,15,0,133,4,62,0,20,0,67,0,2639,84,1,0,5,2,19,2,1,0,0,0,2,0,48,9,5,0,220,6,2,0,62,4,0,0,0,0,1,0,0,0,1,0,0,0,0,0,0,0,0,0,0,3,0,0,0,0,0,0,0,0,0,0,0,0,3,1,16,1,1,0,0,0,3,0,0,0,7,7,12,2,2,1,54,4,1,1,2,0,7,0,3,0,11,1,3,0,0,0,0,0,1,1,1,0,0,0,0,0
0,4,3,23,5,17,3,7,2,2,0,0,2,0,9,10,0,0,7,7,1,5,0,3,0,0,0,1,1,0,0,0,7,13,0,0,11,437,298,0,147,17,3,15,1,0,44,200,115,45,20,27,129,22,193,4,20,3,20,5,4,4,70,12,46,0,19,1,41,1,363,953,0,2,1,35,15,13,5,4,0,0,1,0,41,17,6,0,145,11,1,0,31,3,0,0,0,0,1,2,0,0,0,0,0,0,0,0,1,0,0,0,1,0,0,0,0,0,0,0,1,0,3,0,0,1,1,6,7,9,2,0,0,0,11,1,0,3,6,7,8,9,2,0,27,1,2,5,0,0,0,3,2,1,3,5,1,0,0,0,0,0,1,0,1,0,0,0,1,0
78,3,9,0,12,0,14,0,11,0,3,0,7,0,16,0,13,0,8,0,7,1,2,0,5,0,0,0,3,0,2,0,26,4,0,0,44,3,145,147,0,19,3882,45,270,0,95,393,62,165,458,77,80,68,367,16,67,3,611,19,65,1,52,9,37,0,13,0,53,0,412,151,67,3,38,1,109,6,264,2,0,0,2,1,42,10,134,0,300,5,282,0,336,12,11,12,6,2,9,7,1,2,3,3,3,3,4,6,21,8,4,3,2,1,2,1,1,0,0,0,0,0,1,0,3,0,37,1,20,0,2,0,0,0,16,2,1,0,499,3,76,0,156,1,546,38,5,1,1,0,1,1,4,0,12,2,11,3,3,1,0,0,17,0,0,4,0,0,3,0
6,6,0,4,1,1,4,0,0,0,0,0,8,4,1,1,0,5,0,0,0,0,4,1,0,0,0,0,0,0,0,0,3,26,0,0,7,27,2,17,19,0,2,1896,2,224,31,119,12,87,5,104,1,56,4,25,0,15,1,370,9,7,18,41,13,8,3,2,6,13,59,204,5,0,2,10,10,576,5,485,0,0,6,8,18,63,3,0,9,204,0,8,2,152,60,20,41,13,16,21,25,10,15,11,12,10,20,13,34,43,7,18,12,10,5,5,1,2,1,4,0,0,2,0,1,1,11,6,11,24,2,2,0,0,0,4,0,0,0,270,4,33,0,43,20,239,0,22,2,1,0,0,0,0,0,0,0,26,1,4,1,7,1,29,0,1,0,4,7,0
18,0,0,0,1,1,1,0,0,0,0,0,0,0,3,0,2,0,0,0,0,0,28,0,0,0,0,0,1,0,1,0,10,0,0,0,14,1,21,3,3882,2,0,0,626,1,27,4,17,2,544,0,18,0,42,0,64,0,1558,0,10,1,3,0,5,0,0,0,3,0,194,2,15,2,8,0,5,6,29,3,0,0,0,0,2,1,174,0,50,0,42,0,128,0,12,22,2,13,3,3,4,5,4,9,1,6,5,13,4,7,5,1,1,0,3,1,1,0,0,0,0,0,0,0,0,0,13,0,2,2,0,0,0,0,0,0,0,0,1,0,3,0,0,0,10,0,0,1,0,0,2,0,1,0,5,0,3,0,0,0,0,0,2,1,0,1,0,0,0,0
2,2,1,4,1,1,0,0,0,1,0,0,0,2,6,4,0,5,0,0,0,0,7,0,0,0,0,0,0,0,0,0,0,11,0,0,1,2,0,15,45,1896,0,0,2,1,5,113,8,70,4,564,1,31,2,11,0,13,0,1984,0,6,0,4,1,0,1,4,0,1,21,446,2,0,2,8,1,31,1,20,0,0,0,0,1,3,0,0,0,40,0,47,0,168,27,25,28,6,14,27,10,1,17,19,11,7,12,8,31,33,15,9,6,0,3,0,1,1,0,16,0,0,0,0,0,0,2,5,1,2,0,1,0,0,0,0,0,0,0,5,0,1,0,0,3,103,0,2,0,0,0,0,0,0,2,1,1,2,1,1,0,0,3,6,1,0,0,2,3,0
0,0,3,0,6,0,0,0,1,0,2,0,0,0,0,0,59,0,2,0,1,0,30,0,1,0,0,0,1,0,0,0,71,0,0,0,0,0,4,1,270,2,626,2,0,1,10,2,2,3,28,0,9,0,73,1,21,0,160,0,0,0,2,0,3,0,1,0,5,0,7,7,0,0,10,2,101,0,7,0,0,0,1,0,8,0,621,0,131,0,549,0,145,1,0,0,2,0,3,1,0,0,0,0,0,0,0,2,2,1,0,0,2,0,0,0,0,0,0,0,0,0,0,0,3,0,2,1,2,0,1,0,0,0,2,2,0,0,20,0,9,0,4,0,23,0,1,0,0,0,0,0,0,0,0,0,49,8,0,0,0,0,2,0,1,0,0,1,1,0
0,1,0,1,0,0,0,0,0,0,0,0,0,0,0,1,0,1,0,0,0,0,4,1,0,0,0,0,0,0,0,0,0,0,0,0,1,0,0,0,0,224,1,1,1,0,0,1,0,3,0,2,0,2,0,4,0,1,0,0,0,0,1,1,0,0,0,0,0,0,2,2,1,0,0,0,0,78,0,16,0,0,0,0,1,3,0,0,1,4,0,0,0,0,0,0,2,0,0,1,0,0,0,0,0,0,0,0,1,0,0,0,5,3,1,0,0,0,0,1,0,0,0,0,0,2,0,1,1,3,0,1,0,0,0,2,0,0,0,5,0,4,0,1,1,1,0,0,0,0,0,0,0,0,0,1,0,240,0,0,0,0,1,6,1,0,0,1,4,0
1,0,0,0,0,0,0,0,0,0,0,0,0,0,0,0,0,0,0,0,1,0,0,0,0,0,0,0,0,0,0,0,2,8,0,0,5,3,236,44,95,31,27,5,10,0,0,1251,4236,973,3167,1272,2094,290,1496,99,792,75,174,77,0,0,15,2,7,0,0,0,3,1,1646,74,0,0,1,0,7,3,0,0,0,0,0,0,2,72,2,0,62,181,6,0,40,151,0,105,0,0,0,2,0,0,13,98,0,0,0,0,0,0,0,0,1,0,0,123,0,0,0,0,0,0,0,0,0,0,0,0,1,5,0,0,0,0,0,0,0,0,3,17,2,6,0,0,6,11,0,1,0,0,0,0,0,0,0,0,0,0,0,0,0,0,0,2,0,0,0,1,4,0
0,1,0,3,3,7,1,1,0,0,0,0,0,2,1,2,0,0,0,0,0,0,1,0,0,0,0,0,0,0,0,0,2,15,0,0,4,3,19,200,393,119,4,113,2,1,1251,0,913,2513,66,2438,104,1279,187,1464,19,1258,20,187,1,2,30,14,19,0,4,2,18,3,124,1079,0,0,0,3,7,9,2,0,0,0,2,0,15,134,8,0,111,434,3,0,29,178,1,18,0,0,1,2,0,0,0,20,0,0,0,1,1,4,0,0,3,4,0,9,0,0,0,0,0,0,0,0,0,0,0,1,5,7,0,0,0,0,2,0,0,0,6,70,4,27,2,4,22,69,1,1,0,0,0,0,0,0,1,0,0,0,0,0,0,1,0,1,0,1,0,3,4,0
0,0,0,2,2,1,0,0,0,0,0,0,0,0,2,0,0,0,0,0,0,0,0,0,0,0,0,0,0,0,0,0,1,10,0,0,28,0,502,115,62,12,17,8,2,0,4236,913,0,749,122,44,2783,178,337,64,20,28,14,15,1,0,74,4,18,0,2,0,14,0,1232,160,0,0,0,0,5,3,0,0,0,0,0,0,15,34,6,0,68,61,2,0,16,37,0,3,0,0,0,1,0,0,0,0,0,0,0,0,0,0,0,0,0,0,0,0,0,0,0,0,0,0,0,0,0,0,0,0,2,0,0,0,0,0,2,0,0,0,6,2,4,1,5,1,12,6,0,0,0,0,0,1,0,0,2,0,2,0,0,0,0,0,0,0,0,0,0,0,1,0
0,2,0,1,4,4,1,2,0,1,0,0,3,4,1,1,0,0,0,0,0,0,0,0,0,0,0,0,0,0,0,0,7,27,0,0,1,10,19,45,165,87,2,70,3,3,973,2513,749,0,24,200,47,2740,83,611,5,212,8,78,4,2,51,115,26,4,13,9,21,22,156,1540,2,0,1,1,14,17,2,1,0,0,5,1,31,145,11,0,84,180,2,0,23,127,0,9,0,0,2,2,0,0,0,4,0,0,0,0,4,2,0,0,2,1,0,0,0,0,0,0,0,1,0,0,0,0,3,3,6,9,0,2,0,0,2,0,1,0,8,29,9,10,3,3,20,34,3,1,0,0,1,0,0,0,1,0,0,0,0,1,1,0,2,2,0,1,0,0,2,0
0,0,2,1,3,0,0,0,0,0,1,0,0,0,0,0,1,0,0,0,2,0,0,0,0,0,0,0,0,0,0,0,3,0,0,0,7,1,103,20,458,5,544,4,28,0,3167,66,122,24,0,294,220,3,837,2,1070,0,2587,7,0,0,4,0,3,0,0,0,0,0,1050,16,0,0,0,0,10,0,0,0,0,0,0,0,1,5,11,0,119,12,21,1,247,9,0,14,0,1,3,0,67,0,119,11,0,0,0,0,0,1,0,0,1,6,6,35,0,0,0,0,1,0,0,0,1,0,3,0,9,0,13,0,0,0,1,0,2,0,9,1,5,0,5,1,13,5,1,0,0,0,2,0,2,0,6,1,4,0,0,0,1,0,0,0,1,1,0,0,30,0
1,6,0,4,1,2,0,2,1,2,0,1,0,0,3,2,0,0,1,1,0,0,0,1,0,0,0,0,0,0,0,0,2,14,0,0,2,4,0,27,77,104,0,564,0,2,1272,2438,44,200,294,0,1,156,3,295,0,1655,3,1996,0,1,1,3,1,1,0,0,1,0,22,454,1,0,2,5,2,25,0,20,0,0,0,0,0,81,0,0,2,406,0,4,0,414,0,846,0,0,2,127,0,0,0,747,0,0,0,0,0,1,0,1,12,209,0,185,0,0,1,0,0,0,0,0,1,1,0,19,0,23,0,5,0,0,1,0,0,0,1,25,2,35,0,30,10,137,0,2,0,1,0,0,0,0,0,0,0,0,0,0,1,0,0,2,2,13,0,0,172,0
1,0,1,0,1,0,0,0,2,0,1,0,0,0,3,0,0,0,6,0,0,0,0,0,0,0,0,0,0,0,0,0,7,3,0,0,31,1,529,129,80,1,18,1,9,0,2094,104,2783,47,220,1,0,17,3129,4,142,1,77,0,0,0,248,2,68,0,5,0,30,1,624,35,1,0,0,0,29,0,1,0,0,0,1,0,21,0,8,0,235,3,3,0,49,3,0,0,0,0,0,0,0,0,0,0,0,0,0,0,0,0,0,0,0,0,0,0,0,0,0,0,0,0,0,0,1,0,2,0,5,0,0,0,0,0,5,0,0,0,11,1,9,0,4,0,38,0,1,0,0,0,2,1,0,0,6,0,1,0,0,0,0,0,2,0,0,0,0,0,0,0
0,19,1,20,2,41,0,9,0,3,0,1,0,7,0,2,1,0,1,0,0,0,0,0,0,0,0,0,0,0,0,0,2,46,0,0,6,9,8,22,68,56,0,31,0,2,290,1279,178,2740,3,156,17,0,27,3317,2,508,2,124,3,26,20,965,12,12,16,18,23,374,80,417,3,0,0,1,6,28,2,5,0,0,0,2,22,268,2,0,64,280,1,1,18,183,0,10,0,0,1,2,0,0,0,2,0,0,0,1,1,2,0,0,3,3,0,0,0,0,0,0,0,0,1,0,0,0,1,5,6,11,0,0,0,0,2,0,1,0,9,28,7,18,2,5,16,15,1,0,1,0,0,0,0,1,1,0,0,0,0,1,0,0,1,2,0,0,0,1,3,0
8,0,8,4,14,0,2,0,12,0,3,0,8,0,7,2,9,0,15,0,1,0,8,0,2,0,2,0,1,0,3,0,43,2,0,0,16,2,462,193,367,4,42,2,73,0,1496,187,337,83,837,3,3129,27,0,5,2880,0,725,1,15,0,726,7,984,0,28,0,1612,0,402,58,1,0,12,2,170,1,4,0,0,0,12,0,227,8,90,0,3521,8,34,0,649,7,1,0,1,0,5,1,0,0,1,0,0,0,0,1,0,0,0,1,1,0,0,0,0,0,0,0,1,0,1,0,5,0,4,0,24,0,2,0,0,0,23,0,0,0,87,2,64,1,44,0,185,1,4,1,5,0,2,0,2,0,2,0,1,0,1,0,2,0,7,0,0,1,0,0,1,0
0,165,1,82,0,314,0,63,1,22,1,2,4,38,4,7,0,0,1,1,0,1,1,0,0,0,0,0,0,0,0,0,1,68,0,0,5,6,7,4,16,25,0,11,1,4,99,1464,64,611,2,295,4,3317,5,0,0,2248,0,314,1,67,7,284,15,60,4,85,6,896,28,97,0,0,0,11,4,37,3,6,0,0,1,1,10,422,4,0,20,3187,0,0,1,448,0,7,0,0,2,4,0,0,0,6,0,0,0,0,2,3,0,0,1,1,0,0,0,0,0,0,0,0,0,0,2,2,1,4,5,9,1,2,0,0,0,1,0,0,3,17,6,9,0,2,8,14,0,5,0,0,0,0,0,0,1,3,1,1,0,0,0,0,0,2,0,0,0,1,1,0
0,0,2,0,1,0,0,0,1,0,0,0,0,0,0,0,1,0,0,0,1,0,0,0,2,0,0,0,0,0,0,0,1,0,0,0,1,0,60,20,67,0,64,0,21,0,792,19,20,5,1070,0,142,2,2880,0,0,0,1598,0,0,0,8,0,5,0,1,0,3,0,49,5,0,0,2,0,11,0,0,0,0,0,0,0,7,2,6,0,340,0,11,0,378,0,0,0,0,0,1,0,1,0,3,0,0,0,0,0,0,0,0,0,0,0,0,0,0,0,0,0,0,0,0,0,0,0,0,0,0,0,0,0,0,0,1,0,0,0,3,0,2,0,2,0,8,0,2,0,0,0,0,0,1,0,0,0,0,0,0,0,0,0,1,0,0,0,0,0,0,0
0,0,0,0,0,2,0,1,0,3,0,0,0,1,1,0,0,0,0,0,0,0,0,0,0,0,0,0,0,0,0,0,0,8,0,0,0,0,0,3,3,15,0,13,0,1,75,1258,28,212,0,1655,1,508,0,2248,0,0,0,1606,0,0,0,5,0,0,1,0,1,1,3,15,0,0,0,0,0,2,0,0,0,0,0,0,0,74,0,0,3,517,0,2,0,1489,0,30,0,0,0,1,0,0,0,26,0,0,0,0,0,0,0,0,0,0,0,0,0,0,0,0,0,0,0,0,1,0,0,0,0,0,0,0,0,0,0,0,0,0,0,2,1,3,0,1,0,13,0,0,0,0,0,0,0,0,0,0,0,0,0,0,0,0,0,0,0,0,0,0,0,0
0,0,0,0,1,0,0,0,0,0,2,0,0,0,1,0,0,0,3,0,3,0,1,0,1,0,0,0,1,0,0,0,10,0,0,0,3,0,33,20,611,1,1558,0,160,0,174,20,14,8,2587,3,77,2,725,0,1598,0,0,0,1,0,11,0,8,0,0,0,9,0,70,2,0,0,0,1,17,0,0,1,0,0,0,0,3,1,90,0,287,0,419,0,3115,1,0,0,1,0,0,0,2,0,13,0,0,0,0,0,1,0,0,0,0,0,0,0,0,0,0,0,0,0,0,0,0,0,0,0,3,0,0,0,0,0,1,0,0,0,6,0,1,0,1,0,6,0,0,0,0,0,0,0,1,0,0,0,0,0,0,0,0,0,0,0,0,0,0,0,0,0
0,2,0,2,0,2,0,0,0,1,0,0,0,0,1,0,0,0,0,0,0,0,0,0,0,0,0,0,0,0,0,0,1,2,0,0,0,0,1,5,19,370,0,1984,0,0,77,187,15,78,7,1996,0,124,1,314,0,1606,0,0,0,0,3,3,1,0,1,0,1,3,3,50,0,0,0,1,0,0,0,0,0,0,0,1,4,24,0,0,5,262,0,137,2,2924,0,326,0,0,1,2,0,12,0,528,0,0,0,0,0,1,0,0,1,0,0,6,0,0,0,0,0,0,0,0,0,0,0,1,0,1,0,0,0,0,0,0,0,0,2,8,0,3,0,0,2,59,0,1,0,0,0,0,0,0,0,0,0,0,0,0,0,0,0,0,0,0,0,0,0,0
5126,4,104,4,335,3,580,0,117,0,1,0,1403,2,208,9,0,0,19,0,0,0,0,0,0,0,0,0,0,0,0,0,499,25,0,0,64,20,15,4,65,9,10,0,0,0,0,1,1,4,0,0,0,3,15,1,0,0,1,0,0,5,569,14,1905,1,888,1,69,0,362,54,577,29,88,1,520,7,236,3,0,0,37,10,174,22,8,0,161,8,0,0,2,6,9,2,3,0,24,3,6,0,9,0,1,0,3,3,4,1,2,0,2,3,0,1,0,0,0,0,1,0,5,0,11,0,112,4,259,17,68,1,1,0,36,0,1,1,2,8,75,9,5,3,74,7,10,4,0,1,0,0,0,0,5,3,1,0,0,0,18,0,58,1,4,6,0,1,5,0
16,5531,4,525,6,327,3,165,1,54,1,2,0,1115,46,708,0,0,2,3,0,0,0,0,0,0,0,0,0,0,0,0,2,900,0,0,43,263,0,4,1,7,1,6,0,0,0,2,0,2,0,1,0,26,0,67,0,0,0,0,5,0,2,1214,1,877,1,1919,1,183,20,246,85,488,11,23,8,539,5,95,0,0,0,2,0,48,0,0,0,30,0,0,0,15,2,0,2,0,4,8,0,0,0,0,1,0,0,0,2,2,0,0,16,7,0,0,0,0,1,3,0,0,0,0,1,4,2,146,3,221,1,43,0,0,0,2,0,1,0,11,1,28,0,20,3,37,0,40,0,4,0,0,0,0,3,4,0,0,0,0,0,2,2,1,0,1,0,2,11,0
66,8,22,6,80,5,43,1,42,1,1,0,45,0,122,9,0,0,22,1,0,1,0,0,0,0,0,0,0,0,0,0,106,7,0,0,200,14,133,70,52,18,3,0,2,1,15,30,74,51,4,1,248,20,726,7,8,0,11,3,569,2,0,12,1973,1,85,1,619,1,1372,95,35,2,33,7,187,9,55,1,0,0,22,5,168,21,8,0,250,12,3,0,23,11,5,1,1,0,1,2,1,1,0,0,0,0,0,0,0,1,0,0,2,2,0,0,0,0,0,0,1,0,3,0,4,1,37,3,81,13,13,1,0,0,20,0,1,0,15,14,64,2,11,2,77,3,11,4,3,0,2,0,7,0,9,3,2,0,0,1,2,0,22,1,0,0,1,0,3,0
10,177,2,156,3,70,1,31,2,8,0,0,3,187,10,93,0,0,1,0,0,0,0,1,0,0,0,0,0,0,0,0,4,376,0,0,23,110,4,12,9,41,0,4,0,1,2,14,4,115,0,3,2,965,7,284,0,5,0,3,14,1214,12,0,18,900,8,488,5,732,64,1275,21,64,4,3,3,109,2,19,0,0,1,26,16,355,0,4,8,108,0,1,2,79,0,0,1,2,4,10,1,0,1,0,0,1,0,0,4,5,0,0,8,9,0,0,0,0,0,0,0,0,0,0,1,0,1,36,10,120,1,14,0,0,2,0,0,0,1,46,2,31,0,18,7,32,1,23,0,1,0,1,0,1,1,1,0,0,0,1,1,3,1,3,1,0,0,3,5,0
469,4,68,3,413,4,239,1,147,0,1,0,68,0,73,8,1,0,23,2,0,0,0,0,1,0,0,0,0,0,0,0,111,13,0,0,47,2,62,46,37,13,5,1,3,0,7,19,18,26,3,1,68,12,984,15,5,0,8,1,1905,1,1973,18,0,1,1820,1,1600,0,257,78,21,0,36,8,166,2,57,0,0,0,27,1,316,10,12,0,327,21,0,0,16,14,0,0,1,0,4,0,1,0,2,0,0,0,0,0,1,1,0,0,0,1,1,0,0,0,0,0,0,0,1,0,3,0,27,2,58,3,9,0,0,0,18,0,3,0,7,10,43,3,5,0,42,2,9,2,3,0,0,0,0,0,7,4,2,0,0,0,3,0,13,0,0,0,0,0,1,0
0,186,0,28,0,102,0,94,1,34,0,1,0,210,5,6,0,0,0,0,0,0,0,0,0,0,0,0,0,0,0,0,0,79,0,0,4,19,0,0,0,8,0,0,0,0,0,0,0,4,0,1,0,12,0,60,0,0,0,0,1,877,1,900,1,0,0,2331,0,1428,5,30,5,2,0,10,2,8,0,2,0,0,1,10,0,220,0,0,0,264,0,0,0,26,0,0,0,0,0,0,1,0,0,0,0,0,0,0,0,0,0,0,2,0,0,0,0,0,0,0,0,0,0,0,0,0,0,3,0,6,0,2,0,0,0,0,0,0,0,8,0,4,0,1,1,2,0,6,0,0,0,0,0,0,3,1,0,0,1,0,0,0,0,0,0,1,0,0,0,0
56,0,12,0,69,1,183,0,105,0,0,0,665,0,32,0,1,0,9,0,0,0,0,0,0,0,0,0,0,0,0,0,114,5,0,0,4,0,20,19,13,3,0,1,1,0,0,4,2,13,0,0,5,16,28,4,1,1,0,1,888,1,85,8,1820,0,0,0,349,1,78,30,5,0,9,1,60,2,18,0,0,0,20,1,1085,5,13,0,423,10,2,0,4,9,0,1,0,0,1,0,0,0,1,0,0,0,0,0,0,0,0,0,0,0,0,0,0,0,0,0,0,0,1,0,2,0,4,1,14,2,2,0,0,0,7,0,1,0,2,7,10,1,1,1,22,1,3,2,0,0,0,0,0,0,0,1,0,0,0,0,0,0,6,0,0,1,0,0,0,0
5,108,1,28,0,37,0,40,0,19,0,2,0,1275,5,16,0,0,0,1,0,0,0,0,0,0,0,0,0,0,0,0,0,60,0,0,13,52,0,1,0,2,0,4,0,0,0,2,0,9,0,0,0,18,0,85,0,0,0,0,1,1919,1,488,1,2331,0,0,0,944,14,109,22,7,0,1,2,10,1,2,0,0,0,5,0,1788,2,0,0,561,0,0,0,59,0,0,0,0,0,0,0,0,0,0,0,0,0,0,0,0,0,0,0,0,0,0,0,0,0,0,0,0,0,0,0,0,1,0,0,0,0,1,0,0,1,0,0,0,1,1,1,0,0,0,1,0,0,0,0,0,0,0,0,0,0,0,0,0,0,0,0,0,0,0,0,0,0,0,0,0
43,0,26,3,92,1,22,0,35,0,1,0,18,1,22,2,0,0,20,0,0,0,0,0,0,0,0,0,0,0,0,0,54,6,0,0,19,2,67,41,53,6,3,0,5,0,3,18,14,21,0,1,30,23,1612,6,3,1,9,1,69,1,619,5,1600,0,349,0,0,0,113,56,2,1,30,5,103,3,20,0,0,0,9,0,247,9,17,0,1850,16,3,0,34,14,2,0,0,0,2,1,0,0,3,0,0,0,0,0,0,0,1,0,0,1,0,0,0,1,0,0,2,0,1,0,2,0,11,0,34,0,5,0,0,0,13,0,1,0,22,5,41,2,7,0,57,0,3,0,0,0,0,0,1,0,5,2,0,1,0,0,0,0,3,0,0,0,0,0,1,0
0,208,0,54,1,210,2,102,1,42,0,3,0,182,6,9,0,0,1,2,0,0,0,0,0,0,0,0,0,0,0,0,0,65,0,0,3,3,0,1,0,13,0,1,0,0,1,3,0,22,0,0,1,374,0,896,0,1,0,3,0,183,1,732,0,1428,1,944,0,0,9,62,3,1,0,9,1,33,0,5,0,0,0,0,3,365,0,0,1,1225,0,0,0,50,0,0,0,0,0,0,0,0,0,0,0,0,0,0,0,0,0,0,0,1,0,0,0,0,0,0,0,0,0,0,0,0,0,7,1,1,0,0,0,0,2,0,0,0,0,7,1,5,0,2,4,3,0,4,1,0,0,0,0,0,4,1,0,0,0,0,0,0,0,0,0,0,0,1,0,0
128,7,33,28,79,15,51,2,67,3,5,0,80,1,368,17,19,2,62,10,20,1,3,0,0,0,0,0,0,0,0,0,150,44,0,0,3428,127,2639,363,412,59,194,21,7,2,1646,124,1232,156,1050,22,624,80,402,28,49,3,70,3,362,20,1372,64,257,5,78,14,113,9,0,973,873,49,90,32,236,44,82,9,0,0,40,16,185,72,18,0,250,59,1,0,30,37,11,0,0,0,10,3,4,1,2,1,1,0,1,1,3,0,1,1,5,4,0,0,0,0,0,1,2,0,7,0,18,0,75,12,232,27,40,6,0,0,46,0,7,0,19,35,77,15,15,6,150,14,19,7,4,3,34,3,43,0,115,19,22,0,0,0,3,0,38,4,2,5,0,2,4,0
18,65,5,337,12,75,10,26,9,16,1,3,24,62,37,194,0,0,4,12,1,6,0,3,0,0,0,0,0,0,0,0,26,212,0,0,89,1856,84,953,151,204,2,446,7,2,74,1079,160,1540,16,454,35,417,58,97,5,15,2,50,54,246,95,1275,78,30,30,109,56,62,973,0,68,50,11,73,50,144,17,18,0,0,4,23,77,294,13,0,125,127,3,0,12,89,1,2,2,0,4,10,2,1,3,7,0,2,0,2,1,8,0,1,11,4,0,1,0,0,0,1,1,0,2,0,4,3,16,50,49,128,5,13,0,0,24,4,1,2,20,93,25,46,6,34,60,75,1,41,2,5,0,2,2,2,11,19,0,0,0,2,1,0,6,1,0,1,0,3,9,0
1061,44,154,12,49,11,64,1,27,0,5,0,13,14,854,64,0,0,12,0,0,0,0,0,0,0,0,0,0,0,0,0,92,46,0,0,517,89,1,0,67,5,15,2,0,1,0,0,0,2,0,1,1,3,1,0,0,0,0,0,577,85,35,21,21,5,5,22,2,3,873,68,0,183,211,7,366,41,279,4,0,0,1,1,8,6,0,0,5,0,0,0,2,2,27,1,15,2,28,1,11,0,16,1,2,1,4,2,11,3,2,2,5,10,2,2,0,0,0,1,3,0,4,0,17,2,287,36,212,76,96,10,0,0,49,3,8,1,0,7,23,4,1,8,53,20,6,14,0,0,1,0,1,0,5,3,0,0,0,1,19,0,83,0,6,2,0,0,4,0
30,245,0,90,1,4,4,5,0,1,0,1,1,23,56,826,0,0,1,0,0,1,0,0,0,0,0,0,0,0,0,0,3,41,0,0,35,379,0,2,3,0,2,0,0,0,0,0,0,0,0,0,0,0,0,0,0,0,0,0,29,488,2,64,0,2,0,7,1,1,49,50,183,0,11,12,14,86,15,13,0,0,0,0,0,2,0,0,0,0,0,0,0,0,1,0,0,0,1,0,0,0,3,0,1,0,0,0,0,0,0,0,4,2,0,0,0,0,0,0,0,0,0,0,1,1,10,43,16,45,5,21,0,0,2,0,2,1,0,1,5,5,0,1,5,12,0,14,1,3,0,0,0,0,2,4,0,0,0,0,0,0,3,0,1,2,0,2,3,0
613,11,451,51,963,38,153,2,395,3,77,3,25,1,339,30,17,5,571,13,75,4,40,1,19,0,1,0,13,0,2,0,243,6,0,0,146,23,5,1,38,2,8,2,10,0,1,0,0,1,0,2,0,0,12,0,2,0,0,0,88,11,33,4,36,0,9,0,30,0,90,11,211,11,0,57,2384,25,854,9,0,0,10,3,33,4,26,0,41,4,4,0,5,5,43,6,26,2,123,5,18,0,20,0,5,5,11,2,40,11,6,1,38,34,3,2,1,0,1,3,50,0,65,0,333,0,1177,8,463,6,267,1,10,0,840,38,138,0,2,6,49,1,9,4,482,2,103,3,17,0,9,3,78,5,146,11,87,2,1,2,40,1,58,1,8,11,1,1,39,1
10,136,149,673,212,951,21,139,67,229,21,81,0,10,150,263,134,101,407,153,103,15,4,16,1,2,0,4,2,18,3,0,62,91,0,0,117,253,2,35,1,10,0,8,2,0,0,3,0,1,0,5,0,1,2,11,0,0,1,1,1,23,7,3,8,10,1,1,5,9,32,73,7,12,57,0,74,1467,27,260,0,0,0,5,4,1,4,0,6,17,4,0,0,3,1,1,0,0,5,3,0,0,0,0,0,0,0,0,0,0,0,0,5,7,0,0,0,0,0,0,0,11,0,4,2,43,5,187,4,96,5,30,0,0,10,31,4,23,0,1,2,5,0,17,9,44,0,52,0,6,46,65,151,95,207,230,12,62,0,0,1,0,1,2,1,6,0,1,10,0
839,17,471,77,759,53,366,1,405,2,333,4,173,3,741,46,298,3,513,15,126,6,95,5,42,0,7,0,48,1,63,0,1326,13,0,0,150,36,19,15,109,10,5,1,101,0,7,7,5,14,10,2,29,6,170,4,11,0,17,0,520,8,187,3,166,2,60,2,103,1,236,50,366,14,2384,74,0,30,1653,12,0,0,60,1,377,14,401,0,399,7,100,1,45,8,14,7,15,5,49,8,14,2,9,1,3,3,3,2,29,11,1,1,19,15,1,2,0,0,0,4,6,2,16,0,25,0,166,6,87,6,40,2,10,0,93,8,10,0,25,6,85,6,20,1,105,4,15,2,4,0,24,2,71,3,65,31,1084,15,2,1,25,0,53,3,4,6,0,1,18,2
29,1475,28,2092,50,1390,9,141,22,240,2,75,1,141,138,810,0,90,54,116,3,7,0,165,0,1,0,3,0,8,0,0,23,501,0,0,122,499,2,13,6,576,6,31,0,78,3,9,3,17,0,25,0,28,1,37,0,2,0,0,7,539,9,109,2,8,2,10,3,33,44,144,41,86,25,1467,30,0,24,2765,0,0,2,1,3,50,0,0,6,74,0,1,0,37,75,13,43,10,115,129,22,6,31,5,14,5,8,11,86,72,3,10,243,156,6,3,1,3,3,38,1,1,0,0,3,123,15,615,4,282,5,134,0,0,5,149,0,54,2,83,6,110,0,52,5,146,0,171,0,9,1,6,18,25,80,178,5,383,15,19,5,38,8,191,6,47,4,56,282,4
488,13,137,19,239,17,167,1,120,2,48,0,27,0,375,26,1,0,125,1,8,2,3,0,7,0,0,0,8,0,9,0,89,7,0,0,40,14,1,5,264,5,29,1,7,0,0,2,0,2,0,0,1,2,4,3,0,0,0,0,236,5,55,2,57,0,18,1,20,0,82,17,279,15,854,27,1653,24,0,12,0,0,2,1,21,2,9,0,21,3,0,0,0,1,62,15,37,11,94,11,37,6,32,4,10,10,18,15,105,34,9,3,46,23,7,4,1,1,0,12,3,0,2,0,12,3,142,2,54,12,58,1,1,0,49,1,15,1,3,3,31,1,4,0,22,3,7,2,0,0,2,0,7,0,20,8,52,1,5,5,38,2,69,0,10,6,0,5,32,0
5,383,5,453,6,232,3,25,2,40,0,11,0,33,40,178,0,3,10,34,1,5,0,4,0,0,0,0,0,2,0,1,0,116,0,0,23,86,0,4,2,485,3,20,0,16,0,0,0,1,0,20,0,5,0,6,0,0,1,0,3,95,1,19,0,2,0,2,0,5,9,18,4,13,9,260,12,2765,12,0,0,0,0,1,1,8,0,0,0,22,0,0,0,16,61,9,39,8,85,91,24,5,34,1,9,12,12,9,74,51,3,16,197,133,4,3,1,3,5,20,0,0,0,1,2,56,8,207,3,75,2,47,0,0,0,60,2,10,1,6,1,49,0,14,3,38,0,62,0,2,0,0,4,8,17,45,1,28,2,16,4,31,5,96,3,23,1,31,204,4
0,0,0,0,0,0,0,0,0,0,0,0,0,0,0,0,0,0,0,0,0,0,0,0,0,0,0,0,0,0,0,0,0,0,0,0,0,0,0,0,0,0,0,0,0,0,0,0,0,0,0,0,0,0,0,0,0,0,0,0,0,0,0,0,0,0,0,0,0,0,0,0,0,0,0,0,0,0,0,0,0,0,0,0,0,0,0,0,0,0,0,0,0,0,0,0,0,0,0,0,0,0,0,0,0,0,0,0,0,0,0,0,0,0,0,0,0,0,0,0,0,0,0,0,0,0,0,0,0,0,0,0,0,0,0,0,0,0,0,0,0,0,0,0,0,0,0,0,0,0,0,0,0,0,0,0,0,0,0,0,0,0,0,0,0,0,0,0,0,0
0,0,0,0,0,0,0,0,0,0,0,0,0,0,0,0,0,0,0,0,0,0,0,0,0,0,0,0,0,0,0,0,0,0,0,0,0,0,0,0,0,0,0,0,0,0,0,0,0,0,0,0,0,0,0,0,0,0,0,0,0,0,0,0,0,0,0,0,0,0,0,0,0,0,0,0,0,0,0,0,0,0,0,0,0,0,0,0,0,0,0,0,0,0,0,0,0,0,0,0,0,0,0,0,0,0,0,0,0,0,0,0,0,0,0,0,0,0,0,0,0,0,0,0,0,0,0,0,0,0,0,0,0,0,0,0,0,0,0,0,0,0,0,0,0,0,0,0,0,0,0,0,0,0,0,0,0,0,0,0,0,0,0,0,0,0,0,0,0,0
4,0,0,0,2,0,6,0,3,1,0,0,195,0,1,0,0,0,0,0,0,0,0,0,0,0,0,0,0,0,0,0,235,0,0,0,1,0,2,1,2,6,0,0,1,0,0,2,0,5,0,0,1,0,12,1,0,0,0,0,37,0,22,1,27,1,20,0,9,0,40,4,1,0,10,0,60,2,2,0,0,0,0,0,552,3,16,0,30,2,0,0,0,2,0,0,0,0,0,0,0,0,0,0,0,0,0,0,0,0,0,0,0,0,0,0,0,0,0,0,0,0,0,0,0,0,2,0,2,0,0,0,0,0,1,0,0,0,0,1,1,0,2,1,2,1,0,0,1,0,0,0,0,0,0,1,0,0,0,0,0,0,0,0,0,0,0,0,0,0
2,1,0,2,1,0,1,0,0,0,0,0,1,84,1,0,0,0,0,0,0,0,0,0,0,0,0,0,0,0,0,0,4,65,0,0,4,13,0,0,1,8,0,0,0,0,0,0,0,1,0,0,0,2,0,1,0,0,0,1,10,2,5,26,1,10,1,5,0,0,16,23,1,0,3,5,1,1,1,1,0,0,0,0,0,1076,0,6,2,19,0,0,0,0,0,0,0,0,0,1,0,0,0,0,0,0,0,0,0,1,0,0,1,0,0,0,0,0,0,0,0,0,1,0,0,0,1,2,5,6,0,0,0,0,1,0,0,0,0,4,4,1,0,3,3,5,1,1,0,0,0,0,0,0,0,0,0,0,0,0,0,0,0,0,0,0,0,0,0,0
39,0,21,1,60,0,189,1,195,0,6,0,662,0,28,0,2,0,26,0,2,0,1,0,1,0,0,0,5,0,1,0,612,7,0,0,14,4,48,41,42,18,2,1,8,1,2,15,15,31,1,0,21,22,227,10,7,0,3,4,174,0,168,16,316,0,1085,0,247,3,185,77,8,0,33,4,377,3,21,1,0,0,552,0,0,20,787,0,4959,31,16,0,11,17,0,0,0,0,3,0,0,0,1,0,0,0,0,0,1,0,0,0,1,0,0,0,0,0,0,0,3,0,5,0,3,0,8,1,22,1,1,0,0,0,10,2,0,0,27,11,40,2,15,3,72,3,3,0,3,0,0,0,2,0,2,0,2,0,0,0,0,0,5,0,0,0,0,0,0,0
5,18,2,13,9,31,3,32,2,7,0,1,9,1317,1,4,0,0,0,0,0,1,1,0,0,0,0,0,0,0,0,0,10,614,0,0,14,46,9,17,10,63,1,3,0,3,72,134,34,145,5,81,0,268,8,422,2,74,1,24,22,48,21,355,10,220,5,1788,9,365,72,294,6,2,4,1,14,50,2,8,0,0,3,1076,20,0,1,44,20,5705,1,2,4,188,2,6,0,0,1,5,0,0,2,7,0,0,0,0,2,1,0,0,2,1,0,0,0,0,0,0,0,0,0,0,0,0,3,3,11,24,0,2,0,0,8,0,2,0,0,41,5,21,0,12,8,6,0,5,0,0,0,0,0,0,4,0,0,1,0,1,0,1,1,1,0,1,0,2,3,1
1,1,59,6,59,3,81,0,24,0,73,2,51,0,17,0,44,0,36,3,42,0,33,0,28,0,3,0,36,0,27,0,802,0,0,0,6,1,5,6,134,3,174,0,621,0,2,8,6,11,11,0,8,2,90,4,6,0,90,0,8,0,8,0,12,0,13,2,17,0,18,13,0,0,26,4,401,0,9,0,0,0,16,0,787,1,0,0,786,0,360,0,63,1,0,1,0,0,2,1,0,0,0,0,0,0,0,0,0,0,0,0,0,1,0,0,0,0,0,0,0,0,0,0,0,0,0,0,1,0,0,0,0,0,8,0,1,0,32,0,16,0,8,1,26,1,0,0,1,0,2,0,11,0,2,0,6,0,0,0,3,0,3,0,1,0,0,0,0,0
0,0,0,0,0,0,0,0,0,0,0,0,0,0,0,0,0,0,0,0,0,0,0,0,0,0,0,0,0,0,0,0,0,1,0,0,0,0,0,0,0,0,0,0,0,0,0,0,0,0,0,0,0,0,0,0,0,0,0,0,0,0,0,4,0,0,0,0,0,0,0,0,0,0,0,0,0,0,0,0,0,0,0,6,0,44,0,0,0,0,0,0,0,0,0,0,0,0,0,0,0,0,0,0,0,0,0,0,0,0,0,0,0,0,0,0,0,0,0,0,0,0,0,0,0,0,0,0,0,0,0,0,0,0,0,0,0,0,0,0,0,0,0,0,0,0,0,0,0,0,0,0,0,0,0,0,0,0,0,0,0,0,0,0,0,0,0,0,0,0
92,2,129,9,311,3,181,0,303,0,41,0,54,0,138,4,32,0,94,4,25,1,18,0,13,0,0,0,15,1,10,0,241,13,0,0,12,2,220,145,300,9,50,0,131,1,62,111,68,84,119,2,235,64,3521,20,340,3,287,5,161,0,250,8,327,0,423,0,1850,1,250,125,5,0,41,6,399,6,21,0,0,0,30,2,4959,20,786,0,0,19,905,0,4473,19,2,0,1,0,7,0,1,0,1,1,0,0,0,1,2,0,0,0,4,0,1,0,0,0,0,0,3,1,0,0,4,0,6,1,24,1,1,0,0,0,12,1,2,0,75,6,46,1,19,1,121,3,2,5,2,0,4,0,5,0,6,2,3,0,0,0,3,1,10,0,0,0,0,1,3,0
4,166,0,67,2,249,5,211,2,98,1,13,4,450,4,6,0,0,3,3,0,1,0,1,0,0,0,0,0,0,0,0,3,332,0,0,7,20,6,11,5,204,0,40,0,4,181,434,61,180,12,406,3,280,8,3187,0,517,0,262,8,30,12,108,21,264,10,561,16,1225,59,127,0,0,4,17,7,74,3,22,0,0,2,19,31,5705,0,0,19,0,0,358,2,2944,0,47,1,2,0,3,0,0,0,60,0,0,0,2,0,0,0,0,1,0,0,6,0,0,0,1,1,0,3,0,4,0,4,10,9,8,0,2,0,0,6,0,0,0,1,57,3,13,1,7,11,16,2,9,1,0,0,0,0,0,2,5,0,1,0,0,0,0,1,3,0,0,0,0,2,0
0,0,18,0,21,0,0,0,4,0,18,0,0,0,0,0,25,0,17,0,18,0,13,0,14,0,2,0,14,0,9,0,130,0,0,0,0,0,2,1,282,0,42,0,549,0,6,3,2,2,21,0,3,1,34,0,11,0,419,0,0,0,3,0,0,0,2,0,3,0,1,3,0,0,4,4,100,0,0,0,0,0,0,0,16,1,360,0,905,0,0,0,1885,0,0,0,0,0,1,0,0,0,0,0,0,0,0,0,0,0,0,0,1,1,0,0,0,0,0,0,0,0,0,0,0,0,0,0,2,0,0,0,0,0,3,0,1,0,7,0,2,0,3,0,5,1,0,0,0,0,1,0,6,0,0,0,2,0,0,0,1,0,2,0,1,0,0,0,0,0
0,0,0,1,0,0,0,0,0,0,0,0,0,0,0,0,0,0,0,0,0,0,0,0,0,0,0,0,0,0,0,0,0,0,0,0,0,0,0,0,0,8,0,47,0,0,0,0,0,0,1,4,0,1,0,0,0,2,0,137,0,0,0,1,0,0,0,0,0,0,0,0,0,0,0,0,1,1,0,0,0,0,0,0,0,2,0,0,0,358,0,0,0,709,0,1,0,0,0,0,0,0,0,1,0,0,0,0,0,0,0,0,0,0,0,0,0,0,0,0,0,0,0,0,0,0,0,0,0,0,0,0,0,0,0,0,0,0,0,0,0,0,1,0,0,0,0,0,0,0,0,0,0,0,0,0,0,0,0,0,0,0,0,0,0,0,0,0,0,0
2,0,5,0,10,0,1,0,4,0,1,0,2,0,3,0,12,0,8,0,3,0,6,0,4,0,1,0,0,0,4,0,23,2,0,0,1,0,62,31,336,2,128,0,145,0,40,29,16,23,247,0,49,18,649,1,378,0,3115,2,2,0,23,2,16,0,4,0,34,0,30,12,2,0,5,0,45,0,0,0,0,0,0,0,11,4,63,0,4473,2,1885,0,0,1,0,0,0,0,1,0,0,0,0,0,0,0,0,0,1,0,0,0,0,0,0,0,0,0,0,0,0,0,0,0,0,0,0,0,2,0,0,0,0,0,4,0,0,0,17,0,6,0,3,0,10,0,0,0,1,0,0,0,1,0,0,1,4,0,0,0,0,0,1,0,0,0,0,0,0,0
2,31,0,16,2,63,4,63,1,32,0,1,2,133,1,5,1,0,0,1,1,1,0,0,0,0,0,0,0,0,0,0,4,180,0,0,2,3,4,3,12,152,0,168,1,0,151,178,37,127,9,414,3,183,7,448,0,1489,1,2924,6,15,11,79,14,26,9,59,14,50,37,89,2,0,5,3,8,37,1,16,0,0,2,0,17,188,1,0,19,2944,0,709,1,0,0,60,0,0,2,1,0,0,0,69,0,0,0,0,0,0,0,0,1,0,0,6,0,0,0,0,0,0,1,0,1,1,1,1,8,2,0,1,0,0,3,1,0,0,0,4,4,1,1,1,12,21,0,1,1,0,0,0,1,0,1,1,0,0,0,0,0,0,0,1,0,0,0,0,0,0
42,2,3,0,0,0,5,0,3,0,0,0,0,0,17,1,0,0,0,0,0,0,0,0,0,0,0,0,0,0,0,0,0,0,0,0,3,1,0,0,11,60,12,27,0,0,0,1,0,0,0,0,0,0,1,0,0,0,0,0,9,2,5,0,0,0,0,0,2,0,11,1,27,1,43,1,14,75,62,61,0,0,0,0,0,2,0,0,2,0,0,0,0,0,0,136,7491,140,343,85,404,63,3126,68,431,125,558,220,603,204,116,20,101,67,161,67,202,77,32,16,0,0,0,0,2,0,37,1,9,0,2,0,0,0,2,0,0,0,0,0,5,0,0,0,2,0,1,0,0,0,0,0,0,0,0,0,2,0,9,5,2,1,16,4,0,8,0,7,3,2
4,0,0,1,0,0,0,0,0,0,0,0,0,1,2,0,0,0,1,0,0,0,0,0,0,0,0,0,0,0,0,0,1,0,0,0,0,0,0,0,12,20,22,25,0,0,105,18,3,9,14,846,0,10,0,7,0,30,0,326,2,0,1,0,0,0,1,0,0,0,0,2,1,0,6,1,7,13,15,9,0,0,0,0,0,6,1,0,0,47,0,1,0,60,136,0,72,7627,97,665,69,739,107,4529,11,710,25,933,44,311,5,163,7,8,47,70,278,46,30,3,0,0,0,0,0,0,3,0,1,0,0,0,0,0,1,0,0,0,1,4,0,0,0,0,0,6,1,0,0,0,0,0,0,0,0,0,1,0,4,2,0,0,9,9,0,0,0,1,0,0
22,2,0,0,1,1,4,0,4,0,1,0,0,0,15,0,0,0,4,0,0,0,0,0,0,0,0,0,0,0,0,0,2,0,0,0,3,2,0,0,6,41,2,28,2,2,0,0,0,0,0,0,0,0,1,0,0,0,1,0,3,2,1,1,1,0,0,0,0,0,0,2,15,0,26,0,15,43,37,39,0,0,0,0,0,0,0,0,1,1,0,0,0,0,7491,72,0,62,336,58,225,49,443,41,3138,66,1771,122,936,137,169,33,116,102,142,57,224,155,37,23,0,0,0,0,4,0,34,0,4,0,1,1,0,0,0,0,1,0,0,0,3,2,0,0,1,0,0,0,0,0,0,0,0,0,0,0,4,0,3,9,2,3,5,4,1,10,0,6,2,1
2,0,0,0,0,0,0,0,0,0,0,0,0,0,2,0,0,0,0,0,0,0,0,0,0,0,0,0,0,0,0,0,0,0,0,0,0,0,0,0,2,13,13,6,0,0,0,0,0,0,1,0,0,0,0,0,0,0,0,0,0,0,0,2,0,0,0,0,0,0,0,0,2,0,2,0,5,10,11,8,0,0,0,0,0,0,0,0,0,2,0,0,0,0,140,7627,62,0,58,371,70,352,88,530,23,2754,33,2276,43,285,5,142,7,18,106,35,78,55,38,2,0,0,0,0,0,0,6,1,0,0,0,0,0,0,0,0,0,0,0,0,0,0,0,0,0,0,0,0,0,0,0,0,0,0,0,0,0,0,1,1,1,0,4,14,0,1,0,1,0,0
42,7,20,5,22,2,6,1,12,1,6,0,2,0,37,0,1,0,10,0,2,0,0,0,1,0,0,0,0,0,0,0,8,5,0,0,5,3,1,1,9,16,3,14,3,0,0,1,0,2,3,2,0,1,5,2,1,0,0,1,24,4,1,4,4,0,1,0,2,0,10,4,28,1,123,5,49,115,94,85,0,0,0,0,3,1,2,0,7,0,1,0,1,2,343,97,336,58,0,127,792,48,371,72,66,41,116,73,584,130,29,9,188,330,235,56,18,24,7,33,0,0,0,0,16,0,104,5,75,9,61,1,0,0,34,1,8,0,3,2,17,11,2,3,4,0,1,0,1,0,1,0,2,0,5,1,25,0,65,77,21,10,24,25,10,67,1,59,154,5
3,9,0,1,1,0,0,0,0,0,0,0,1,0,1,4,0,0,0,1,0,0,0,0,0,0,0,0,0,0,0,0,0,6,0,0,2,5,0,2,7,21,3,27,1,1,2,2,1,2,0,127,0,2,1,4,0,1,0,2,3,8,2,10,0,0,0,0,1,0,3,10,1,0,5,3,8,129,11,91,0,0,0,1,0,5,1,0,0,3,0,0,0,1,85,665,58,371,127,0,61,605,58,494,10,167,30,249,122,891,4,12,56,129,103,44,38,48,50,79,0,0,0,0,0,0,4,5,2,10,2,0,1,0,0,0,0,0,0,8,2,46,0,3,1,1,0,1,1,0,0,0,0,0,0,0,4,0,7,33,1,42,8,45,2,8,1,77,17,2
20,1,2,0,2,1,4,0,1,0,0,0,0,0,6,1,0,0,0,0,0,0,0,0,0,0,0,0,0,0,0,0,1,1,0,0,2,1,0,0,1,25,4,10,0,0,0,0,0,0,67,0,0,0,0,0,1,0,2,0,6,0,1,1,1,1,0,0,0,0,4,2,11,0,18,0,14,22,37,24,0,0,0,0,0,0,0,0,1,0,0,0,0,0,404,69,225,70,792,61,0,187,2369,63,47,46,80,87,352,134,58,14,14,276,1056,125,30,49,8,2,0,0,0,0,4,0,30,0,39,0,22,0,0,0,7,0,0,0,0,0,4,0,0,1,3,0,1,1,0,1,0,0,0,0,0,0,1,0,5,5,3,0,4,2,4,5,0,5,102,0
3,1,0,0,0,0,0,0,0,0,0,0,0,0,1,0,0,0,0,0,0,0,0,0,0,0,0,0,0,0,0,0,0,0,0,0,0,0,0,0,2,10,5,1,0,0,0,0,0,0,0,0,0,0,0,0,0,0,0,12,0,0,1,0,0,0,0,0,0,0,1,1,0,0,0,0,2,6,6,5,0,0,0,0,0,0,0,0,0,0,0,0,0,0,63,739,49,352,48,605,187,0,39,2437,9,103,16,127,48,307,3,31,3,64,528,114,56,28,8,3,0,0,0,0,0,0,1,0,0,0,0,0,0,0,0,0,0,0,0,0,0,0,0,0,0,0,0,0,0,0,0,0,0,0,0,0,0,0,2,0,0,0,5,6,0,1,0,2,0,0
