0,3,1327,7,2474,2,1128,1,648,0,16,0,432,3,651,59,0,0,1,0,1,0,0,0,0,0,0,0,0,0,0,0,232,0,0,0,189,152,3,3,3,0,0,1,0,0,0,0,0,0,0,0,0,0,0,0,0,0,0,0,5983,2,16,0,259,0,36,0,16,0,6,2,383,4,107,4,469,5,81,0,0,0,10,0,18,0,21,0,20,0,0,0,5,0,0,0,0,0,11,0,2,0,0,0,0,0,0,0,0,0,0,0,0,2,0,0,0,0,0,0,0,0,0,0,0,0,94,0,20,1,23,0,1,0,11,0,2,0,1,0,0,0,0,0,10,0,2,0,6,1,1,0,1,0,30,14,0,0,0,0,0,0,0,0,8,0,0,0,3,0
3,0,14,3259,9,3409,1,1329,9,181,0,1,0,513,12,380,0,0,0,4,0,0,0,0,0,0,0,0,0,0,0,0,3,241,0,0,8,238,0,7,0,0,0,0,0,0,0,0,0,1,0,1,0,1,0,9,0,0,0,0,0,3695,0,60,0,20,0,78,0,30,1,508,8,445,1,103,4,110,1,11,0,0,0,12,0,31,0,0,0,14,0,0,0,0,0,0,0,0,0,0,0,0,0,0,0,0,0,0,0,0,0,0,0,0,0,0,0,0,0,0,0,0,0,0,0,1,2,10,0,0,0,0,0,0,0,3,0,0,0,0,0,0,0,0,0,6,0,0,0,0,0,0,1,0,7,9,0,0,0,0,0,0,0,0,0,0,0,0,0,0
1327,14,0,23,5439,13,238,9,360,12,114,0,11,3,2386,128,1,0,853,2,1362,0,285,0,220,1,266,0,23,0,4,0,317,2,0,0,147,137,1,6,0,0,0,0,1,0,0,0,0,0,0,0,0,0,0,0,0,0,0,0,185,1,8,0,46,0,3,0,8,0,0,7,88,3,97,169,406,7,82,0,0,0,0,1,9,0,7,0,8,1,1,0,1,0,0,0,0,0,13,0,1,0,1,0,0,0,0,0,0,0,0,0,1,0,0,0,0,0,0,1,0,0,0,0,3,0,120,4,12,0,15,0,0,0,16,1,1,0,0,0,1,0,0,0,29,1,3,0,3,0,9,0,11,0,105,28,0,0,0,0,1,0,0,0,4,0,3,0,6,0
7,3259,23,0,39,5619,4,543,40,516,1,171,0,152,22,4605,8,51,62,4295,80,394,10,180,0,48,3,154,3,19,0,6,21,142,0,0,8,1198,0,5,0,1,0,9,0,0,0,0,0,0,0,8,1,0,1,0,0,0,0,0,2,111,0,3,1,1,0,1,0,2,0,103,2,240,31,1496,10,512,2,58,0,0,0,5,1,7,1,0,1,5,0,0,0,2,0,0,0,0,1,0,0,0,0,0,0,0,0,0,0,0,0,0,0,0,0,0,0,0,0,0,0,0,0,6,0,20,3,59,0,4,0,1,0,0,0,28,0,1,0,0,0,0,0,0,1,58,0,1,0,0,251,559,188,331,291,1470,2,6,0,0,0,0,0,0,0,1,0,0,0,0
2474,9,5439,39,0,45,960,12,2824,15,578,0,11,3,244,100,0,0,32,6,176,0,63,0,49,0,254,0,30,0,187,0,753,1,0,0,107,107,1,0,1,0,0,0,0,0,0,0,0,0,0,0,0,0,2,0,0,0,0,0,206,4,4,0,82,0,2,1,14,0,1,5,7,0,79,168,181,15,32,1,0,0,0,0,6,0,4,0,7,0,1,0,2,0,0,0,0,0,2,0,0,0,0,0,0,0,0,0,0,0,0,0,0,1,0,0,0,0,0,0,0,0,0,0,1,0,45,1,3,0,10,0,0,0,7,0,1,0,1,0,0,0,0,0,10,0,0,0,1,0,4,0,6,0,140,47,0,0,0,0,0,0,0,0,2,0,0,0,2,0
2,3409,13,5619,45,0,4,1754,36,2120,0,505,0,96,10,322,4,5,17,150,37,1,1,11,0,28,2,24,1,29,0,11,21,214,0,0,7,314,2,0,0,0,0,2,0,0,0,0,0,0,0,2,0,0,0,1,0,0,0,0,0,78,0,1,0,2,0,0,0,1,0,20,0,4,16,1741,17,510,3,57,0,0,0,2,1,7,0,0,0,0,1,1,0,0,0,0,0,0,0,0,0,0,0,0,0,0,0,0,0,0,0,0,0,0,0,0,0,0,0,0,0,0,0,5,0,17,3,32,0,2,0,0,0,0,0,16,0,0,0,0,0,0,0,0,0,32,0,0,0,0,99,56,101,7,139,302,2,0,0,0,0,0,0,0,0,0,0,0,0,0
1128,1,238,4,960,4,0,0,2013,1,35,0,692,1,75,17,0,0,0,3,1,0,0,0,0,0,0,0,0,0,1,0,661,0,0,0,23,17,6,4,1,0,0,0,0,0,0,0,0,0,0,0,0,0,2,0,0,0,0,0,347,0,13,0,173,0,132,0,17,0,0,2,4,0,12,16,68,3,9,0,0,0,0,0,38,0,74,0,18,0,0,0,0,0,0,0,0,0,1,0,0,0,0,0,0,0,0,0,0,0,0,0,0,0,0,0,0,0,0,0,0,0,0,0,0,0,10,0,2,0,7,0,0,0,0,0,0,0,0,0,1,0,0,0,3,0,0,0,1,0,0,0,0,0,16,5,0,0,0,0,0,0,0,0,1,0,0,0,0,0
1,1329,9,543,12,1754,0,0,13,1401,0,10,0,783,7,263,0,0,4,29,0,0,0,0,0,0,0,0,0,0,0,0,5,1074,0,0,1,161,0,3,0,2,0,2,0,0,0,1,0,0,0,2,0,0,0,10,0,0,0,0,1,245,0,3,0,15,0,25,0,47,0,28,0,14,1,466,6,212,1,21,0,0,0,16,0,23,0,0,0,141,0,0,0,5,0,0,0,0,0,0,0,0,0,0,0,0,0,0,0,0,0,0,0,0,0,0,0,0,0,0,0,0,0,1,0,5,0,20,0,1,0,0,0,0,0,8,0,0,0,0,0,0,0,0,0,22,0,0,0,0,0,0,5,0,38,56,0,0,0,0,0,0,0,0,0,0,0,0,0,0
648,9,360,40,2824,36,2013,13,0,9,1635,0,39,5,128,78,0,0,11,6,11,0,0,0,0,0,1,0,2,0,77,0,1290,1,0,0,24,51,1,3,0,0,0,0,0,0,0,0,0,0,0,0,0,0,0,0,0,0,0,0,174,0,6,0,89,0,38,0,7,1,0,0,0,1,34,108,25,6,0,0,0,0,0,0,11,0,10,0,7,0,0,0,3,0,0,0,0,0,0,0,0,0,0,0,0,0,0,0,0,0,0,0,0,0,0,0,0,0,0,0,0,0,0,0,0,0,3,0,2,0,1,0,0,0,0,0,1,0,0,0,0,0,0,0,3,0,0,0,0,0,1,0,1,0,91,47,0,0,0,0,0,0,0,0,1,0,0,0,1,0
0,181,12,516,15,2120,1,1401,9,0,0,1134,0,78,1,141,0,0,8,42,7,0,0,0,0,0,0,4,0,49,0,18,4,1243,0,0,0,82,1,1,0,0,0,0,0,0,0,0,0,0,0,0,0,0,0,1,0,0,0,0,0,16,0,0,0,5,0,8,0,4,0,2,0,1,2,986,3,357,2,33,0,0,0,0,0,6,0,0,0,29,0,0,0,2,0,0,0,0,0,0,0,0,0,0,0,0,0,0,0,0,0,0,0,0,0,0,0,0,0,0,0,0,0,1,0,2,1,5,0,0,0,0,0,0,0,8,0,1,0,0,0,0,0,0,0,7,0,0,0,0,2,0,20,1,40,93,1,1,0,0,0,0,0,0,0,1,0,0,0,0
16,0,114,1,578,0,35,0,1635,0,0,0,0,0,1,1,0,0,0,0,155,0,101,1,130,0,119,0,733,0,437,0,896,0,0,0,1,0,0,0,0,0,0,0,0,0,0,0,0,0,0,0,0,0,0,0,0,0,0,0,6,1,0,0,1,0,2,0,0,0,0,0,0,0,18,20,60,0,0,0,0,0,0,0,12,0,250,0,3,0,3,0,0,0,0,0,0,0,0,0,0,0,0,0,0,0,0,0,0,0,0,0,0,0,0,0,0,0,0,0,0,0,0,0,0,0,1,0,0,0,0,0,0,0,0,0,0,0,0,0,0,0,0,0,0,0,0,0,0,0,3,0,32,0,2,1,0,0,0,0,0,0,0,0,0,0,0,0,0,0
0,1,0,171,0,505,0,10,0,1134,0,0,0,0,0,1,1,17,2,4,5,0,0,5,0,78,0,239,0,951,0,177,0,545,0,0,0,1,0,0,0,7,0,1,0,2,0,0,0,0,0,0,0,0,0,0,0,0,0,1,0,0,0,0,0,0,0,0,0,0,0,0,0,0,1,665,1,482,0,39,0,0,0,0,0,1,0,1,0,6,0,1,0,4,0,0,0,0,0,0,0,0,0,0,0,0,0,0,0,0,0,0,0,0,0,0,0,0,0,0,0,0,0,0,0,1,0,0,0,1,0,0,0,0,0,1,0,0,0,1,0,0,0,0,0,0,0,0,0,0,11,6,5,2,3,17,0,7,0,0,0,0,0,0,0,0,0,1,0,0
432,0,11,0,11,0,692,0,39,0,0,0,0,0,14,0,0,0,0,0,0,0,0,0,0,0,0,0,0,0,0,0,1383,0,0,0,13,6,39,7,16,0,0,0,0,0,0,0,0,0,2,0,0,0,3,0,0,0,0,0,1602,0,63,0,182,0,498,0,7,0,4,15,2,1,5,0,276,0,31,0,0,0,113,0,514,0,131,0,55,0,1,0,9,0,4,0,2,0,18,0,12,0,2,0,0,0,0,1,0,0,0,0,0,2,0,0,0,0,0,0,1,0,0,0,0,0,14,0,28,0,0,0,0,0,4,0,1,0,6,0,3,0,12,0,11,0,0,0,2,0,0,0,0,0,1,0,0,0,0,0,0,0,0,0,3,0,2,0,3,0
3,513,3,152,3,96,1,783,5,78,0,0,0,0,1,167,0,0,0,7,0,0,0,0,0,0,0,1,0,0,0,0,0,1565,0,0,11,107,1,2,0,0,0,0,0,0,2,2,0,2,0,0,0,6,0,35,0,1,0,2,0,605,1,39,0,77,0,399,0,168,0,79,0,108,1,53,0,201,0,10,0,0,0,300,0,589,0,1,0,311,0,0,0,14,0,0,0,0,0,0,0,0,0,1,0,0,0,0,0,0,0,0,0,0,0,0,0,0,0,0,0,0,0,0,0,0,0,11,0,0,0,0,0,0,0,1,0,0,0,0,0,0,0,0,0,2,0,0,0,0,0,0,0,0,4,9,0,0,0,0,0,0,0,0,0,1,0,0,0,0
651,12,2386,22,244,10,75,7,128,1,1,0,14,1,0,249,0,0,752,0,0,0,0,0,0,0,0,0,0,0,1,0,112,4,0,0,2074,428,7,3,1,0,0,0,0,0,0,0,0,0,0,0,1,0,3,0,1,0,0,0,559,6,287,0,243,0,5,1,10,0,33,4,858,15,114,16,263,7,57,1,0,0,0,0,9,2,0,0,11,0,0,0,4,0,0,0,1,0,3,0,3,0,0,0,0,0,0,0,1,0,0,0,0,1,0,0,0,0,0,0,0,0,1,0,3,0,86,3,25,0,27,0,1,0,14,0,1,0,0,0,0,0,2,0,38,2,2,0,14,0,0,0,18,0,205,25,0,0,0,0,1,0,0,0,5,0,5,0,5,2
59,380,128,4605,100,322,17,263,78,141,1,1,0,167,249,0,0,0,2,642,2,0,0,0,0,0,0,0,0,0,0,0,29,127,0,0,106,2534,1,16,0,2,0,4,0,0,0,0,0,0,0,2,0,0,0,0,0,0,0,0,6,90,0,2,9,1,0,12,3,1,0,30,26,458,23,398,51,388,13,41,0,0,0,5,0,10,0,0,1,1,0,0,1,0,0,0,0,0,1,0,0,0,0,0,0,0,0,0,0,0,0,0,0,0,0,0,0,0,0,0,0,0,0,4,0,12,23,68,1,2,1,4,0,1,4,26,1,6,0,0,0,0,0,0,1,76,0,1,0,1,0,0,12,1,170,370,0,0,0,0,0,0,0,0,1,0,1,0,3,0
0,0,1,8,0,4,0,0,0,0,0,1,0,0,0,0,0,29,1,0,48,0,337,0,1,0,4,1,27,0,0,0,97,0,0,0,1,0,0,0,45,0,0,0,5,0,0,0,0,0,0,0,0,0,0,0,0,0,0,0,0,0,0,0,0,0,0,0,0,0,1,0,1,0,16,47,80,2,6,0,0,0,0,0,0,0,4,0,0,0,2,0,0,0,0,0,0,0,0,0,0,0,0,0,0,0,0,0,0,0,0,0,0,0,0,0,0,0,0,0,0,0,0,0,0,0,0,0,0,0,0,0,0,0,0,0,0,0,0,0,0,0,0,0,0,0,0,0,0,0,151,0,20,0,1,0,505,4,0,0,0,0,0,0,0,0,0,0,0,0
0,0,0,51,0,5,0,0,0,0,0,17,0,0,0,0,29,0,0,9,2,93,15,792,1,509,2,287,0,86,0,0,0,33,0,0,0,0,0,0,0,25,0,7,0,17,0,0,0,0,0,0,0,0,0,0,0,0,0,7,0,0,0,0,0,0,0,0,0,0,0,0,0,0,3,244,0,131,0,8,0,0,0,0,0,1,0,54,0,81,0,54,0,17,0,0,0,0,0,0,0,0,0,0,0,0,0,0,0,0,0,0,0,0,0,0,0,0,0,0,0,0,0,0,0,0,0,0,0,0,0,0,0,0,0,0,0,0,0,2,0,0,0,0,0,0,0,0,0,0,9,138,5,20,0,236,0,757,0,0,0,0,0,0,0,0,0,0,0,0
1,0,853,62,32,17,0,4,11,8,0,2,0,0,752,2,1,0,0,30,141,3,0,0,0,0,0,0,0,0,0,0,40,3,0,0,246,136,0,0,0,0,0,0,0,0,0,0,0,0,0,0,0,0,0,0,0,0,0,0,0,0,2,0,0,0,0,0,0,0,1,0,0,0,0,127,4,0,0,0,0,0,0,0,0,0,0,0,0,0,0,0,0,0,0,0,0,0,0,0,0,0,0,0,0,0,0,0,0,0,0,0,0,0,0,0,0,0,0,0,0,0,0,0,0,0,0,0,0,0,0,0,0,0,0,0,0,0,0,0,0,0,0,0,0,0,0,0,0,0,0,0,508,70,92,20,0,0,0,0,0,0,0,0,0,0,0,0,0,0
0,4,2,4295,6,150,3,29,6,42,0,4,0,7,0,642,0,9,30,0,11,900,3,86,1,6,1,10,0,0,0,0,4,5,0,0,0,1100,0,0,0,0,0,0,0,0,0,0,0,0,0,0,0,0,0,0,0,0,0,0,0,0,0,0,0,0,0,0,0,0,0,0,0,0,5,200,2,43,0,1,0,0,0,0,0,1,0,0,1,1,0,0,0,0,0,0,0,0,0,0,0,0,0,0,0,0,0,0,0,0,0,0,0,0,0,0,0,0,0,0,0,0,0,1,0,2,0,2,0,0,0,0,0,0,0,2,0,0,0,0,0,0,0,0,0,0,0,0,0,0,29,66,39,956,83,1187,0,3,0,0,0,0,0,0,0,0,0,0,0,0
1,0,1362,80,176,37,1,0,11,7,155,5,0,0,0,2,48,2,141,11,0,23,291,8,114,4,177,1,51,1,5,0,218,2,0,0,18,8,0,0,0,0,0,0,1,0,0,0,0,0,0,0,0,0,3,0,0,0,0,0,1,0,11,0,1,0,0,0,0,0,1,1,2,0,151,464,40,0,1,0,0,0,0,0,3,0,10,0,1,0,4,0,0,0,0,0,0,0,0,0,0,0,0,0,0,0,0,0,0,0,0,0,0,0,0,0,0,0,0,0,0,0,0,0,0,0,0,0,0,0,0,0,0,0,0,0,0,0,0,0,0,0,0,0,0,0,0,0,0,0,238,3,225,6,12,4,13,6,0,0,0,0,0,0,0,0,0,0,0,0
0,0,0,394,0,1,0,0,0,0,0,0,0,0,0,0,0,93,3,900,23,0,20,790,0,54,0,53,0,1,0,0,1,0,0,0,0,3,0,0,0,0,0,0,0,0,0,0,0,0,0,0,0,0,0,0,0,0,0,0,0,0,0,0,0,0,0,0,0,0,0,0,0,0,1,36,1,3,0,0,0,0,0,0,0,0,0,0,0,0,0,0,0,0,0,0,0,0,0,0,0,0,0,0,0,0,0,0,0,0,0,0,0,0,0,0,0,0,0,0,0,0,0,0,0,0,0,0,0,0,0,0,0,0,0,0,0,0,0,0,0,0,0,0,0,0,0,0,0,0,9,354,4,534,3,191,0,23,0,0,0,0,0,0,0,0,0,0,0,0
0,0,285,10,63,1,0,0,0,0,101,0,0,0,0,0,337,15,0,3,291,20,0,49,668,3,223,2,285,0,1,0,294,0,0,0,1,0,0,0,4,0,0,0,0,0,0,0,0,0,0,0,0,0,0,0,0,0,0,0,0,0,1,0,0,0,0,0,0,0,0,0,0,0,353,111,149,2,26,0,0,0,0,0,22,0,61,0,18,0,15,0,0,0,0,0,0,0,1,0,0,0,0,0,0,0,0,0,0,0,0,0,0,0,0,0,0,0,0,0,0,0,0,0,1,0,0,0,0,0,0,0,0,0,0,0,0,0,0,0,0,0,0,0,0,0,0,0,0,0,129,5,49,2,1,2,310,25,0,0,0,0,0,0,0,0,0,0,0,0
0,0,0,180,0,11,0,0,0,0,1,5,0,0,0,0,0,792,0,86,8,790,49,0,0,901,0,131,0,32,0,0,0,6,0,0,0,3,0,0,0,1,0,0,0,1,0,0,0,0,0,0,0,0,0,0,0,0,0,0,0,0,0,0,0,0,0,0,0,0,0,0,0,0,1,54,0,22,0,1,0,0,0,0,0,0,0,0,0,2,0,1,0,1,0,0,0,0,0,0,0,0,0,0,0,0,0,0,0,0,0,0,0,0,0,0,0,0,0,0,0,0,0,0,0,0,0,0,0,0,0,0,0,0,0,0,0,0,0,0,0,0,0,0,0,0,0,0,0,0,9,251,3,89,2,76,0,195,0,0,0,0,0,0,0,0,0,0,0,0
0,0,220,0,49,0,0,0,0,0,130,0,0,0,0,0,1,1,0,1,114,0,668,0,0,0,244,0,519,0,1,0,229,0,0,0,0,0,0,0,0,0,0,0,1,0,0,0,0,0,0,0,0,0,0,0,0,0,0,0,0,0,0,0,0,0,0,0,0,0,0,0,0,0,17,5,52,0,4,0,0,0,0,0,18,0,58,0,4,0,13,0,0,0,0,0,0,0,0,0,0,0,0,0,0,0,0,0,0,0,0,0,0,0,0,0,0,0,0,0,0,0,0,0,0,0,0,0,0,0,0,0,0,0,0,0,0,0,0,0,0,0,0,0,0,0,0,0,0,0,3,0,20,0,0,1,8,0,0,0,0,0,0,0,0,0,0,0,0,0
0,0,1,48,0,28,0,0,0,0,0,78,0,0,0,0,0,509,0,6,4,54,3,901,0,0,2,283,0,114,0,0,1,47,0,0,0,1,0,0,0,6,0,0,0,2,0,0,0,0,0,0,0,0,0,0,0,0,0,1,0,0,0,0,0,0,0,0,0,0,0,0,0,0,0,205,0,106,0,3,0,0,0,0,0,0,0,2,0,8,0,3,0,8,0,0,0,0,0,0,0,0,0,0,0,0,0,0,0,0,0,0,0,0,0,0,0,0,0,0,0,0,0,0,0,0,0,0,0,0,0,0,0,0,0,0,0,0,0,1,0,1,0,0,0,0,0,0,0,0,4,99,5,5,0,6,0,132,0,0,0,0,0,0,0,0,0,0,0,0
0,0,266,3,254,2,0,0,1,0,119,0,0,0,0,0,4,2,0,1,177,0,223,0,244,2,0,1,18,0,1,0,25,0,0,0,0,0,0,0,0,0,0,0,0,0,0,0,0,0,0,0,0,0,0,0,0,0,0,0,0,0,0,0,0,0,0,0,0,0,0,0,0,0,14,25,4,0,0,0,0,0,0,0,1,0,2,0,1,0,1,0,0,0,0,0,0,0,0,0,0,0,0,0,0,0,0,0,0,0,0,0,0,0,0,0,0,0,0,0,0,0,0,0,0,0,0,0,0,0,0,0,0,0,0,0,0,0,0,0,0,0,0,0,0,0,0,0,0,0,14,0,2,0,0,0,0,0,0,0,0,0,0,0,0,0,0,0,0,0
0,0,0,154,0,24,0,0,0,4,0,239,0,1,0,0,1,287,0,10,1,53,2,131,0,283,1,0,0,199,0,2,0,176,0,0,0,1,0,0,0,10,0,0,0,3,0,0,0,0,0,0,0,0,0,0,0,0,0,4,0,0,0,0,0,0,0,0,0,0,0,0,0,0,0,475,0,251,0,15,0,0,0,0,0,0,0,2,0,16,0,10,0,6,0,0,0,0,0,0,0,0,0,0,0,0,0,0,0,0,0,0,0,0,0,0,0,0,0,0,0,0,0,0,0,0,0,0,0,0,0,0,0,0,0,0,0,0,0,1,0,0,0,0,0,0,0,0,0,0,31,430,3,23,0,26,0,63,0,0,0,0,0,0,0,0,0,0,0,0
0,0,23,3,30,1,0,0,2,0,733,0,0,0,0,0,27,0,0,0,51,0,285,0,519,0,18,0,0,0,3,0,1224,0,0,0,0,0,0,0,0,0,0,0,0,0,0,0,0,0,0,0,0,0,0,0,0,0,0,0,0,0,1,0,0,0,0,0,0,0,0,0,0,0,26,2,71,0,5,0,0,0,0,0,12,0,259,0,3,0,16,0,0,0,0,0,0,0,0,0,0,0,0,0,0,0,0,0,0,0,0,0,0,0,0,0,0,0,0,0,0,0,0,0,0,0,0,0,0,0,0,0,0,0,0,0,0,0,0,0,0,0,0,0,0,0,0,0,0,0,30,0,6,0,0,0,48,0,0,0,0,0,0,0,1,0,0,0,0,0
0,0,0,19,0,29,0,0,0,49,0,951,0,0,0,0,0,86,0,0,1,1,0,32,0,114,0,199,0,0,0,44,0,605,0,0,0,0,0,0,0,6,0,2,0,0,0,0,0,0,0,0,0,0,0,0,0,0,0,5,0,0,0,0,0,0,0,0,0,0,0,0,0,0,0,98,0,160,0,8,0,0,0,0,0,10,0,52,0,6,0,9,0,5,0,0,0,0,0,0,0,0,0,0,0,0,0,0,0,0,0,0,0,0,0,0,0,0,0,0,0,0,0,0,0,0,0,0,0,0,0,0,0,0,0,0,0,0,0,1,0,1,0,0,0,0,0,0,0,0,1,1,1,0,0,2,0,2,0,0,0,0,0,0,0,0,0,0,0,0
0,0,4,0,187,0,1,0,77,0,437,0,0,0,1,0,0,0,0,0,5,0,1,0,1,0,1,0,3,0,0,0,92,0,0,0,0,0,0,0,0,0,0,0,0,0,0,0,0,0,0,0,0,0,0,0,0,0,0,0,0,0,0,0,0,0,0,0,0,0,0,0,0,0,1,1,1,0,0,0,0,0,0,0,0,0,3,0,0,0,0,0,0,0,0,0,0,0,0,0,0,0,0,0,0,0,0,0,0,0,0,0,0,0,0,0,0,0,0,0,0,0,0,0,0,0,0,0,0,0,0,0,0,0,0,0,0,0,0,0,0,0,0,0,0,0,0,0,0,0,0,0,0,0,0,0,0,0,0,0,0,0,0,0,0,0,0,0,0,0
0,0,0,6,0,11,0,0,0,18,0,177,0,0,0,0,0,0,0,0,0,0,0,0,0,0,0,2,0,44,0,0,0,21,0,0,0,0,0,0,0,0,0,0,0,0,0,0,0,0,0,0,0,0,0,0,0,0,0,0,0,0,0,0,0,0,0,0,0,0,0,0,0,0,1,28,0,7,0,4,0,0,0,0,0,0,0,0,0,1,0,0,0,0,0,0,0,0,0,0,0,0,0,0,0,0,0,0,0,0,0,0,0,0,0,0,0,0,0,0,0,0,0,0,0,0,0,0,0,0,0,0,0,0,0,0,0,0,0,0,0,0,0,0,0,0,0,0,0,0,0,0,1,0,0,1,0,0,0,0,0,0,0,0,0,0,0,0,0,0
232,3,317,21,753,21,661,5,1290,4,896,0,1383,0,112,29,97,0,40,4,218,1,294,0,229,1,25,0,1224,0,92,0,0,0,0,0,51,41,32,16,47,1,11,0,46,0,0,0,0,0,7,0,0,0,6,0,0,0,4,0,901,1,81,0,177,0,191,1,15,0,5,15,1,0,236,178,4679,9,474,0,0,0,151,0,655,1,514,0,252,0,186,0,45,0,8,0,3,0,101,0,83,0,5,0,3,0,4,0,2,0,1,0,3,20,0,0,0,0,0,2,0,0,1,0,56,0,106,0,573,1,47,0,2,0,32,0,2,0,12,0,32,0,55,0,162,1,18,0,31,0,39,0,23,0,55,48,75,0,2,0,4,0,2,0,23,0,12,1,14,2
0,241,2,142,1,214,0,1074,1,1243,0,545,0,1565,4,127,0,33,3,5,2,0,0,6,0,47,0,176,0,605,0,21,0,0,0,0,32,115,0,8,0,209,0,26,0,20,0,2,0,0,0,5,0,0,0,10,0,0,0,29,5,278,0,31,1,24,0,202,0,17,6,326,10,396,0,592,2,4268,2,279,0,0,0,82,0,368,0,438,0,344,0,106,0,25,1,0,0,0,1,6,2,1,1,0,0,0,5,3,2,2,3,0,10,8,0,0,0,0,0,1,0,0,0,1,0,5,0,54,1,262,0,7,0,1,0,9,0,1,0,33,0,5,0,3,0,10,0,0,0,2,0,0,2,0,6,13,0,3,1,3,0,2,1,9,1,7,0,15,17,2
0,0,0,0,0,0,0,0,0,0,0,0,0,0,0,0,0,0,0,0,0,0,0,0,0,0,0,0,0,0,0,0,0,0,0,0,0,0,0,0,0,0,0,0,0,0,0,0,0,0,0,0,0,0,0,0,0,0,0,0,0,0,0,0,0,0,0,0,0,0,0,0,0,0,0,0,0,0,0,0,0,0,0,0,0,0,0,0,0,0,0,0,0,0,0,0,0,0,0,0,0,0,0,0,0,0,0,0,0,0,0,0,0,0,0,0,0,0,0,0,0,0,0,0,0,0,0,0,0,0,0,0,0,0,0,0,0,0,0,0,0,0,0,0,0,0,0,0,0,0,0,0,0,0,0,0,0,0,0,0,0,0,0,0,0,0,0,0,0,0
0,0,0,0,0,0,0,0,0,0,0,0,0,0,0,0,0,0,0,0,0,0,0,0,0,0,0,0,0,0,0,0,0,0,0,0,0,0,0,0,0,0,0,0,0,0,0,0,0,0,0,0,0,0,0,0,0,0,0,0,0,0,0,0,0,0,0,0,0,0,0,0,0,0,0,0,0,0,0,0,0,0,0,0,0,0,0,0,0,0,0,0,0,0,0,0,0,0,0,0,0,0,0,0,0,0,0,0,0,0,0,0,0,0,0,0,0,0,0,0,0,0,0,0,0,0,0,0,0,0,0,0,0,0,0,0,0,0,0,0,0,0,0,0,0,0,0,0,0,0,0,0,0,0,0,0,0,0,0,0,0,0,0,0,0,0,0,0,0,0
189,8,147,8,107,7,23,1,24,0,1,0,13,11,2074,106,1,0,246,0,18,0,1,0,0,0,0,0,0,0,0,0,51,32,0,0,0,741,230,17,16,0,14,3,0,0,54,0,103,0,86,2,43,0,89,0,3,0,6,0,582,24,1672,5,443,8,24,22,54,0,2064,44,1363,116,82,11,63,21,12,5,0,0,2,3,15,5,1,0,73,1,2,0,33,0,2,0,2,0,7,0,14,0,0,0,0,0,0,0,0,0,0,0,0,0,0,0,0,0,0,0,0,0,1,0,2,0,28,6,14,14,6,0,0,0,8,0,0,0,3,1,5,2,3,0,54,0,0,1,16,0,16,0,228,0,937,19,0,0,0,0,0,0,0,0,0,0,1,2,1,0
152,238,137,1198,107,314,17,161,51,82,0,1,6,107,428,2534,0,0,136,1100,8,3,0,3,0,1,0,1,0,0,0,0,41,115,0,0,741,0,87,354,0,3,0,80,1,0,0,3,0,2,0,56,0,0,0,1,0,0,0,10,94,87,27,7,8,9,1,39,2,9,18,1038,110,370,56,614,51,201,17,14,0,0,0,15,1,41,0,1,3,5,0,0,0,0,0,0,1,0,0,1,1,0,1,0,0,0,0,2,0,1,0,0,0,0,1,0,0,0,0,0,0,0,0,1,1,2,28,22,3,19,4,0,0,0,5,9,0,1,1,4,0,0,1,0,10,12,1,0,1,1,5,0,5,215,180,763,0,0,0,1,0,0,0,1,1,1,0,3,4,1
3,0,1,0,1,2,6,0,1,1,0,0,39,1,7,1,0,0,0,0,0,0,0,0,0,0,0,0,0,0,0,0,32,0,0,0,230,87,0,106,149,1,8,2,1,0,226,123,63,39,26,1,45,3,87,7,2,0,6,0,120,1,597,1,143,0,54,0,53,12,1033,457,2,0,15,3,27,1,4,1,0,0,3,1,85,15,10,0,89,11,5,0,26,1,0,0,0,0,11,0,12,0,0,0,0,0,0,0,0,0,0,0,0,3,0,0,0,0,0,0,0,0,0,0,0,0,3,0,25,0,0,0,0,0,5,0,0,0,23,0,7,0,21,0,77,0,2,0,14,0,0,0,1,0,2,1,0,0,0,1,0,0,0,0,3,0,0,1,0,0
3,7,6,5,0,0,4,3,3,1,0,0,7,2,3,16,0,0,0,0,0,0,0,0,0,0,0,0,0,0,0,0,16,8,0,0,17,354,106,0,30,22,1,29,1,0,41,867,5,149,4,30,11,61,30,9,1,2,4,6,34,7,127,6,67,3,12,3,9,32,293,682,0,0,1,8,8,22,0,3,0,0,0,2,18,139,1,0,36,100,2,1,12,23,0,0,0,0,3,2,1,0,1,0,0,0,0,0,0,0,0,0,0,0,1,0,0,0,0,0,0,0,2,0,0,0,0,0,15,2,0,0,1,0,3,0,0,0,5,4,1,0,7,0,26,2,1,0,7,0,0,0,0,0,2,0,0,0,0,0,0,0,0,1,0,0,1,0,0,0
3,0,0,0,1,0,1,0,0,0,0,0,16,0,1,0,45,0,0,0,0,0,4,0,0,0,0,0,0,0,0,0,47,0,0,0,16,0,149,30,0,2,709,3,891,0,6,214,18,56,25,0,10,1,386,0,24,0,337,0,7,0,63,1,68,0,21,0,34,0,100,169,0,0,1,0,248,2,54,2,0,0,5,0,52,0,141,0,738,1,140,0,262,0,12,2,13,0,11,15,16,5,6,3,5,0,21,6,3,9,6,0,1,1,7,0,0,0,0,4,1,0,0,0,9,0,3,3,10,2,1,0,0,0,7,0,0,0,197,0,15,0,38,0,371,0,0,0,6,0,0,0,1,0,1,0,5,0,8,0,8,0,77,2,7,0,18,6,0,11
0,0,0,1,0,0,0,2,0,0,0,7,0,0,0,2,0,25,0,0,0,0,0,1,0,6,0,10,0,6,0,0,1,209,0,0,0,3,1,22,2,0,1,975,0,574,0,86,0,17,0,35,0,12,0,2,0,2,0,413,0,1,0,0,0,0,0,0,0,0,0,125,0,2,0,35,0,707,2,542,0,0,0,0,0,115,0,41,0,692,0,204,0,586,5,1,4,3,2,24,3,7,2,1,1,1,11,9,2,16,8,0,6,9,0,2,0,2,0,5,0,1,0,0,0,5,0,52,0,114,0,18,0,0,0,16,0,3,0,294,0,47,0,153,0,378,0,35,0,29,0,0,0,0,0,0,0,31,1,3,0,1,3,66,0,2,2,22,8,3
0,0,0,0,0,0,0,0,0,0,0,0,0,0,0,0,0,0,0,0,0,0,0,0,0,0,0,0,0,0,0,0,11,0,0,0,14,0,8,1,709,1,0,4,363,0,64,6,12,0,320,0,2,0,196,0,10,0,1454,0,0,0,11,0,5,0,0,0,1,0,219,1,0,0,0,0,33,1,12,19,0,0,0,0,0,0,85,0,53,0,35,0,64,0,6,6,11,3,4,54,22,3,9,5,6,3,30,6,6,12,12,0,0,0,3,1,1,1,0,2,0,0,0,0,1,0,0,1,1,3,0,0,0,0,0,0,0,0,2,0,1,0,0,0,1,0,0,0,0,0,0,0,0,0,0,0,2,0,64,7,0,2,0,8,0,0,12,25,0,25
1,0,0,9,0,2,0,2,0,0,0,1,0,0,0,4,0,7,0,0,0,0,0,0,0,0,0,0,0,2,0,0,0,26,0,0,3,80,2,29,3,975,4,0,1,284,0,52,0,0,0,508,0,1,0,0,0,8,0,2785,2,0,0,0,0,0,0,0,0,0,2,309,0,0,0,0,0,37,1,7,0,0,0,0,1,6,0,229,0,109,0,484,0,298,6,14,5,13,2,21,3,21,5,18,1,2,16,22,1,38,25,3,1,0,4,1,0,0,0,1,0,0,0,0,0,0,1,1,0,3,0,0,0,0,0,0,0,0,0,8,0,2,0,1,0,1,0,1,1,1,0,0,0,0,0,0,0,0,2,5,1,0,4,7,0,0,8,31,0,1
0,0,1,0,0,0,0,0,0,0,0,0,0,0,0,0,5,0,0,0,1,0,0,0,1,0,0,0,0,0,0,0,46,0,0,0,0,1,1,1,891,0,363,1,0,0,0,0,0,0,0,0,1,0,3,0,0,0,4,0,0,0,2,0,0,0,0,0,0,0,0,0,0,0,0,0,53,0,74,0,0,0,0,0,2,0,495,0,38,0,204,0,64,0,0,0,1,0,5,0,3,1,2,1,0,0,0,1,0,5,4,0,0,0,1,0,0,0,0,0,0,0,0,0,10,0,1,0,1,1,0,0,2,0,2,0,0,0,1,0,0,0,0,0,1,0,0,0,0,0,0,0,0,0,0,0,7,0,2,0,0,0,21,0,5,0,1,0,2,11
0,0,0,0,0,0,0,0,0,0,0,2,0,0,0,0,0,17,0,0,0,0,0,1,0,2,0,3,0,0,0,0,0,20,0,0,0,0,0,0,0,574,0,284,0,0,0,0,0,0,0,1,0,0,0,0,0,0,0,81,0,0,0,0,0,0,0,0,0,0,0,0,0,0,0,1,0,77,0,25,0,0,0,0,0,1,0,406,0,184,0,896,0,263,0,0,0,0,0,0,0,0,0,0,0,0,0,0,0,1,0,0,0,0,0,0,0,0,0,0,0,0,0,0,0,0,0,1,0,2,0,0,0,0,0,0,0,0,0,6,0,1,0,2,0,3,0,0,0,0,0,0,0,0,0,0,0,16,0,0,0,0,0,0,0,0,0,0,0,0
0,0,0,0,0,0,0,0,0,0,0,0,0,2,0,0,0,0,0,0,0,0,0,0,0,0,0,0,0,0,0,0,0,0,0,0,54,0,226,41,6,0,64,0,0,0,0,746,1833,381,4390,539,2475,199,3631,91,543,44,358,16,0,0,55,0,49,0,1,0,6,2,780,30,0,0,0,0,0,0,0,0,0,0,0,0,1,1,0,0,6,42,0,0,43,45,0,0,0,0,0,0,1,0,0,17,0,0,0,0,0,0,0,0,0,0,0,6,0,0,0,0,0,0,0,0,0,0,0,0,0,0,0,0,0,0,0,0,0,0,0,0,0,0,0,0,0,0,0,0,0,0,0,0,0,0,1,0,0,0,0,0,0,0,0,0,0,0,0,0,0,0
0,0,0,0,0,0,0,1,0,0,0,0,0,2,0,0,0,0,0,0,0,0,0,0,0,0,0,0,0,0,0,0,0,2,0,0,0,3,123,867,214,86,6,52,0,0,746,0,195,1796,70,3116,0,1237,0,955,0,624,0,153,0,2,0,4,0,2,0,1,0,56,178,1165,0,0,0,0,0,10,0,0,0,0,0,1,0,74,0,0,0,1023,0,0,0,511,0,7,0,0,0,0,0,12,0,35,0,0,1,0,0,0,0,0,0,0,0,23,0,0,0,0,0,0,0,0,0,0,0,0,0,1,0,0,0,0,0,0,0,0,0,3,0,0,0,0,0,0,0,0,0,0,0,0,0,0,0,0,0,0,0,1,0,0,0,0,0,0,0,0,0,0
0,0,0,0,0,0,0,0,0,0,0,0,0,0,0,0,0,0,0,0,0,0,0,0,0,0,0,0,0,0,0,0,0,0,0,0,103,0,63,5,18,0,12,0,0,0,1833,195,0,282,541,28,1961,142,378,62,17,18,23,3,1,0,89,0,21,0,2,0,10,4,853,2,0,0,0,0,0,0,0,0,0,0,0,0,3,0,0,0,13,24,0,0,12,6,0,0,0,0,0,0,3,0,0,0,0,0,0,0,0,0,0,0,0,0,0,0,0,0,0,0,0,0,0,0,0,0,0,0,1,0,0,0,0,0,0,0,0,0,0,0,0,0,0,0,1,0,0,0,0,0,0,0,1,0,2,0,0,0,0,0,0,0,0,0,1,0,0,0,0,0
0,1,0,0,0,0,0,0,0,0,0,0,0,2,0,0,0,0,0,0,0,0,0,0,0,0,0,0,0,0,0,0,0,0,0,0,0,2,39,149,56,17,0,0,0,0,381,1796,282,0,9,322,0,1860,0,1089,0,205,0,49,0,12,0,32,0,2,0,3,0,86,63,816,0,0,0,0,0,0,0,0,0,0,0,1,0,4,0,0,0,215,0,0,0,57,0,1,0,0,0,0,0,0,0,5,0,0,0,0,0,0,0,0,0,0,0,0,0,0,0,0,0,0,0,0,0,0,0,0,0,0,0,0,0,0,0,0,0,0,0,0,0,0,0,0,0,0,0,0,0,0,0,0,0,0,0,0,0,0,0,0,0,0,0,0,0,0,0,0,0,0
0,0,0,0,0,0,0,0,0,0,0,0,2,0,0,0,0,0,0,0,0,0,0,0,0,0,0,0,0,0,0,0,7,0,0,0,86,0,26,4,25,0,320,0,0,0,4390,70,541,9,0,69,322,3,969,2,1030,1,1225,1,0,0,11,0,11,0,0,0,1,0,367,8,0,0,0,0,2,0,1,0,0,0,0,0,0,0,0,0,2,4,1,0,39,2,0,0,0,0,1,0,1,0,6,2,0,0,0,0,0,0,0,0,0,0,0,0,0,0,0,0,0,0,0,0,0,0,0,0,2,0,0,0,0,0,0,0,0,0,0,0,0,0,2,0,30,0,0,0,0,0,0,0,0,0,0,0,0,0,0,0,1,0,0,0,0,0,0,0,0,0
0,1,0,8,0,2,0,2,0,0,0,0,0,0,0,2,0,0,0,0,0,0,0,0,0,0,0,0,0,0,0,0,0,5,0,0,2,56,1,30,0,35,0,508,0,1,539,3116,28,322,69,0,0,192,0,302,0,1184,0,1086,5,2,1,1,0,0,0,0,0,11,5,599,1,1,0,2,0,7,0,7,0,0,0,0,0,22,0,1,0,582,0,1,0,1019,0,57,2,1,2,67,0,118,0,79,0,0,1,0,0,8,0,0,29,174,0,25,0,2,0,0,0,0,0,0,0,1,0,3,0,20,0,2,0,0,0,0,0,0,0,3,0,2,0,19,0,4,0,1,0,1,0,0,0,0,0,0,0,0,0,2,0,0,0,0,5,5,0,16,151,1
0,0,0,1,0,0,0,0,0,0,0,0,0,0,1,0,0,0,0,0,0,0,0,0,0,0,0,0,0,0,0,0,0,0,0,0,43,0,45,11,10,0,2,0,1,0,2475,0,1961,0,322,0,0,0,2421,0,88,0,61,0,0,0,315,0,357,0,5,0,9,0,171,0,0,0,0,0,0,0,0,0,0,0,0,0,3,0,0,0,8,0,1,0,19,0,0,0,0,0,0,0,0,0,0,0,0,0,0,0,0,0,0,0,0,0,0,0,0,0,0,0,0,0,0,0,0,0,0,0,0,0,0,0,0,0,0,0,0,0,3,0,2,0,1,0,2,0,0,0,1,0,0,0,0,0,3,0,0,0,0,0,0,0,0,0,1,0,0,0,0,0
0,1,0,0,0,0,0,0,0,0,0,0,0,6,0,0,0,0,0,0,0,0,0,0,0,0,0,0,0,0,0,0,0,0,0,0,0,0,3,61,1,12,0,1,0,0,199,1237,142,1860,3,192,0,0,0,3238,0,266,0,38,0,50,0,367,0,38,0,29,0,196,45,755,0,0,0,0,0,0,0,0,0,0,0,0,0,9,0,0,0,149,0,0,0,29,0,4,0,0,0,0,0,0,0,4,0,0,0,0,0,0,0,0,0,0,0,2,0,0,0,0,0,0,0,0,0,0,0,0,0,0,0,0,0,0,0,0,0,0,0,0,0,0,0,0,0,0,0,0,0,0,0,0,0,0,0,0,0,0,0,0,0,0,0,0,0,0,0,0,0,0
0,0,0,1,2,0,2,0,0,0,0,0,3,0,3,0,0,0,0,0,3,0,0,0,0,0,0,0,0,0,0,0,6,0,0,0,89,0,87,30,386,0,196,0,3,0,3631,0,378,0,969,0,2421,0,0,0,2020,0,1450,0,2,0,447,0,529,0,16,0,627,0,244,2,1,0,2,0,20,0,1,0,0,0,0,0,41,0,4,0,1200,0,10,0,1116,0,0,0,1,0,0,0,5,0,2,0,0,0,0,0,0,0,0,0,0,1,0,0,0,0,0,0,0,0,0,0,3,0,0,0,8,0,0,0,0,0,1,0,0,0,32,0,7,0,15,0,47,0,0,0,6,0,3,0,8,0,10,1,0,0,1,0,0,0,1,0,1,0,0,0,0,0
0,9,0,0,0,1,0,10,0,1,0,0,0,35,0,0,0,0,0,0,0,0,0,0,0,0,0,0,0,0,0,0,0,10,0,0,0,1,7,9,0,2,0,0,0,0,91,955,62,1089,2,302,0,3238,0,0,0,1170,0,94,0,71,0,262,0,29,0,50,0,1291,13,273,0,0,0,0,0,1,0,0,0,0,0,1,0,13,0,0,0,2586,0,0,0,409,0,4,0,0,0,0,0,0,0,6,0,0,0,0,0,0,0,0,0,0,0,2,0,0,0,0,0,0,0,0,0,0,0,0,0,0,0,0,0,0,0,0,0,0,0,0,0,0,0,0,0,0,0,0,0,0,0,0,0,0,0,0,0,0,0,0,0,0,0,0,0,0,0,0,0,0
0,0,0,0,0,0,0,0,0,0,0,0,0,0,1,0,0,0,0,0,0,0,0,0,0,0,0,0,0,0,0,0,0,0,0,0,3,0,2,1,24,0,10,0,0,0,543,0,17,0,1030,0,88,0,2020,0,0,0,1527,0,0,0,2,0,2,0,0,0,7,0,8,0,0,0,0,0,2,0,0,0,0,0,0,0,0,0,1,0,306,0,0,0,662,0,0,0,0,0,0,0,0,0,7,0,0,0,0,0,0,0,0,0,0,0,0,0,0,0,0,0,0,0,0,0,0,0,0,0,0,0,0,0,0,0,0,0,0,0,0,0,0,0,2,0,1,0,0,0,0,0,0,0,0,0,0,0,0,0,0,0,0,0,0,0,0,0,0,0,0,0
0,0,0,0,0,0,0,0,0,0,0,0,0,1,0,0,0,0,0,0,0,0,0,0,0,0,0,0,0,0,0,0,0,0,0,0,0,0,0,2,0,2,0,8,0,0,44,624,18,205,1,1184,0,266,0,1170,0,0,0,1640,0,0,0,0,0,1,0,0,0,11,1,11,0,0,0,0,0,0,0,0,0,0,0,0,0,0,0,0,0,289,0,0,0,1092,0,39,0,0,0,0,0,6,0,26,0,0,0,0,0,0,0,0,0,0,0,3,0,0,0,0,0,0,0,0,0,0,0,0,0,0,0,0,0,0,0,0,0,0,0,0,0,0,0,0,0,0,0,0,0,0,0,0,0,0,0,0,0,0,0,0,0,0,0,0,0,0,0,0,0,0
0,0,0,0,0,0,0,0,0,0,0,0,0,0,0,0,0,0,0,0,0,0,0,0,0,0,0,0,0,0,0,0,4,0,0,0,6,0,6,4,337,0,1454,0,4,0,358,0,23,0,1225,0,61,0,1450,0,1527,0,0,0,2,0,9,0,11,0,1,0,14,0,30,0,0,0,0,0,8,0,1,0,0,0,0,0,0,0,166,0,201,0,400,0,1710,0,0,0,0,0,0,0,14,0,13,0,0,0,0,0,0,0,0,0,0,0,0,0,0,0,0,0,0,0,0,0,0,0,0,0,0,0,1,0,0,0,0,0,0,0,1,0,0,0,1,0,3,0,0,0,0,0,0,0,0,0,0,0,0,0,0,0,0,0,0,0,1,0,0,0,0,0
0,0,0,0,0,0,0,0,0,0,0,1,0,2,0,0,0,7,0,0,0,0,0,0,0,1,0,4,0,5,0,0,0,29,0,0,0,10,0,6,0,413,0,2785,0,81,16,153,3,49,1,1086,0,38,0,94,0,1640,0,0,0,0,0,1,0,0,0,0,0,4,0,29,0,0,0,2,0,64,0,2,0,0,0,0,0,17,0,13,0,559,0,1226,0,5757,1,14,0,0,0,1,0,20,0,6,0,0,0,0,0,0,0,0,0,0,0,3,0,0,0,0,0,0,0,0,0,1,0,0,0,1,0,0,0,0,0,0,0,0,0,9,0,1,0,4,0,3,0,1,0,0,0,0,0,0,0,0,0,2,0,0,0,0,0,0,0,0,0,0,0,0
5983,0,185,2,206,0,347,1,174,0,6,0,1602,0,559,6,0,0,0,0,1,0,0,0,0,0,0,0,0,0,0,0,901,5,0,0,582,94,120,34,7,0,0,2,0,0,0,0,1,0,0,5,0,0,2,0,0,0,2,0,0,5,530,2,1723,1,635,2,40,1,298,43,494,2,173,1,146,5,19,0,0,0,175,3,273,2,36,1,71,1,1,0,9,0,1,0,0,0,16,0,19,0,1,0,0,0,0,0,0,0,0,0,0,4,0,0,0,0,0,1,1,0,0,0,1,0,16,0,118,1,3,0,0,0,14,0,2,0,0,0,0,0,19,0,99,0,8,0,41,0,4,0,8,0,37,5,0,0,0,0,0,0,1,0,1,0,1,1,0,0
2,3695,1,111,4,78,0,245,0,16,1,0,0,605,6,90,0,0,0,0,0,0,0,0,0,0,0,0,0,0,0,0,1,278,0,0,24,87,1,7,0,1,0,0,0,0,0,2,0,12,0,2,0,50,0,71,0,0,0,0,5,0,1,1649,0,893,0,1211,0,227,0,835,3,544,1,7,1,70,0,6,0,0,0,10,0,82,0,0,0,36,0,0,0,2,0,0,0,0,0,1,0,0,0,0,0,0,0,1,0,0,0,0,0,0,0,0,0,0,0,0,0,0,0,0,0,0,1,0,0,6,0,0,0,0,0,0,0,0,0,1,0,1,0,0,0,0,0,0,0,0,0,0,0,0,3,0,0,0,0,0,0,0,0,0,0,1,0,1,1,0
16,0,8,0,4,0,13,0,6,0,0,0,63,1,287,0,0,0,2,0,11,0,1,0,0,0,0,0,1,0,0,0,81,0,0,0,1672,27,597,127,63,0,11,0,2,0,55,0,89,0,11,1,315,0,447,0,2,0,9,0,530,1,0,0,807,0,123,2,220,0,1473,27,162,0,37,1,56,2,8,0,0,0,8,1,95,0,6,0,134,0,4,0,42,0,2,0,1,0,18,0,27,0,0,0,1,0,0,1,0,0,0,0,0,3,0,0,0,0,0,0,0,0,0,0,1,0,2,0,79,0,3,0,0,0,9,0,1,0,27,0,12,0,39,0,132,0,0,0,46,0,16,0,50,0,50,0,0,0,1,0,0,0,0,0,2,0,0,0,1,0
0,60,0,3,0,1,0,3,0,0,0,0,0,39,0,2,0,0,0,0,0,0,0,0,0,0,0,0,0,0,0,0,0,31,0,0,5,7,1,6,1,0,0,0,0,0,0,4,0,32,0,1,0,367,0,262,0,0,0,1,2,1649,0,0,0,1184,0,316,0,1243,19,807,0,13,0,0,0,7,0,1,0,0,0,5,0,11,0,0,0,25,0,0,0,2,1,0,0,0,0,0,0,0,0,0,0,0,0,1,0,0,0,0,0,1,0,0,0,0,0,0,0,0,0,0,0,0,0,0,0,2,0,0,0,0,0,0,0,0,0,0,0,0,0,0,0,0,0,0,0,0,0,0,0,0,0,0,0,0,0,0,0,0,0,0,0,0,0,0,0,0
259,0,46,1,82,0,173,0,89,0,1,0,182,0,243,9,0,0,0,0,1,0,0,0,0,0,0,0,0,0,0,0,177,1,0,0,443,8,143,67,68,0,5,0,0,0,49,0,21,0,11,0,357,0,529,0,2,0,11,0,1723,0,807,0,0,0,1361,0,1603,0,73,11,8,0,8,0,79,0,7,0,0,0,14,0,285,0,11,0,435,0,2,0,50,0,4,0,1,0,22,0,31,0,2,0,1,0,1,0,0,0,0,0,0,1,0,0,0,0,0,0,0,0,2,0,2,0,4,0,94,0,1,0,1,0,13,0,0,0,9,0,9,0,36,0,98,0,4,0,34,0,3,0,3,0,11,2,1,0,0,0,0,0,0,0,3,0,0,0,0,1
0,20,0,1,0,2,0,15,0,5,0,0,0,77,0,1,0,0,0,0,0,0,0,0,0,0,0,0,0,0,0,0,0,24,0,0,8,9,0,3,0,0,0,0,0,0,0,2,0,2,0,0,0,38,0,29,0,1,0,0,1,893,0,1184,0,0,0,1394,0,2362,1,257,0,14,0,0,0,1,0,0,0,0,0,3,0,52,0,0,0,63,0,0,0,0,0,0,0,0,0,0,0,0,0,0,0,0,0,0,0,0,0,0,0,0,0,0,0,0,0,0,0,0,0,0,0,0,0,0,0,0,0,0,0,0,0,0,0,0,0,0,0,0,0,0,0,0,0,0,0,0,0,0,0,0,0,0,0,0,0,0,0,0,0,0,0,0,0,0,0,0
36,0,3,0,2,0,132,0,38,0,2,0,498,0,5,0,0,0,0,0,0,0,0,0,0,0,0,0,0,0,0,0,191,0,0,0,24,1,54,12,21,0,0,0,0,0,1,0,2,0,0,0,5,0,16,0,0,0,1,0,635,0,123,0,1361,0,0,0,193,0,8,4,0,0,1,0,11,0,1,0,0,0,13,0,1388,0,6,0,365,0,4,0,29,0,0,0,0,0,1,0,0,0,0,0,1,0,0,0,0,0,0,0,0,0,0,0,0,0,0,0,0,0,0,0,0,0,0,0,5,0,0,0,0,0,0,0,0,0,3,0,1,0,1,0,1,0,0,0,0,0,0,0,0,0,0,0,1,0,0,0,1,0,0,0,1,0,0,0,0,0
0,78,0,1,1,0,0,25,0,8,0,0,0,399,1,12,0,0,0,0,0,0,0,0,0,0,0,0,0,0,0,0,1,202,0,0,22,39,0,3,0,0,0,0,0,0,0,1,0,3,0,0,0,29,0,50,0,0,0,0,2,1211,2,316,0,1394,0,0,0,806,2,293,1,100,0,0,0,12,0,1,0,0,0,11,1,1594,0,0,0,440,0,0,0,1,0,0,0,0,0,1,0,0,0,0,0,0,0,0,0,0,0,0,0,0,0,0,0,0,0,0,0,0,0,0,0,0,0,0,0,1,0,0,0,0,0,0,0,0,0,0,0,0,0,0,0,0,0,0,0,0,0,0,0,0,0,0,0,0,0,0,0,0,0,0,0,0,0,0,0,0
16,0,8,0,14,0,17,0,7,0,0,0,7,0,10,3,0,0,0,0,0,0,0,0,0,0,0,0,0,0,0,0,15,0,0,0,54,2,53,9,34,0,1,0,0,0,6,0,10,0,1,0,9,0,627,0,7,0,14,0,40,0,220,0,1603,0,193,0,0,0,22,6,0,0,1,0,7,0,1,0,0,0,0,0,253,0,4,0,721,0,2,0,54,0,0,0,0,0,4,0,1,0,0,0,0,0,0,0,0,0,0,0,0,0,0,0,0,0,0,0,0,0,0,0,0,0,1,0,3,0,0,0,0,0,1,0,0,0,7,0,0,0,3,0,13,0,0,0,5,0,0,0,3,0,4,0,0,0,0,0,0,0,0,0,1,0,1,0,1,0
0,30,0,2,0,1,0,47,1,4,0,0,0,168,0,1,0,0,0,0,0,0,0,0,0,0,0,0,0,0,0,0,0,17,0,0,0,9,12,32,0,0,0,0,0,0,2,56,4,86,0,11,0,196,0,1291,0,11,0,4,1,227,0,1243,0,2362,0,806,0,0,3,194,0,7,3,0,0,0,0,0,0,0,0,11,0,269,0,0,0,1247,0,0,0,41,0,0,0,0,0,0,0,0,0,0,0,0,0,0,0,0,0,0,0,0,0,1,0,0,0,0,0,0,0,0,0,0,0,0,2,0,0,0,0,0,0,0,0,0,0,0,0,0,0,0,0,0,0,0,0,0,0,0,0,0,0,0,0,0,0,0,0,0,0,0,0,0,0,0,0,0
6,1,0,0,1,0,0,0,0,0,0,0,4,0,33,0,1,0,1,0,1,0,0,0,0,0,0,0,0,0,0,0,5,6,0,0,2064,18,1033,293,100,0,219,2,0,0,780,178,853,63,367,5,171,45,244,13,8,1,30,0,298,0,1473,19,73,1,8,2,22,3,0,1240,525,0,6,0,5,0,2,0,0,0,0,0,5,5,3,0,51,6,1,0,28,0,0,0,0,0,1,0,1,0,1,0,0,0,0,0,0,1,0,0,0,0,0,0,0,0,0,0,0,0,0,0,0,0,1,0,3,0,0,0,0,0,6,0,0,0,8,0,2,0,9,0,27,0,0,0,2,0,5,0,8,0,46,0,0,0,0,0,0,0,1,0,1,0,0,0,0,0
2,508,7,103,5,20,2,28,0,2,0,0,15,79,4,30,0,0,0,0,1,0,0,0,0,0,0,0,0,0,0,0,15,326,0,0,44,1038,457,682,169,125,1,309,0,0,30,1165,2,816,8,599,0,755,2,273,0,11,0,29,43,835,27,807,11,257,4,293,6,194,1240,0,7,139,13,4,3,147,0,7,0,0,0,54,7,178,0,2,5,222,0,2,3,79,2,0,0,0,0,4,2,2,0,0,0,0,3,1,1,2,0,0,2,1,1,0,0,0,0,0,0,0,0,0,0,0,1,1,8,19,0,0,0,0,3,0,0,0,2,4,0,1,2,1,14,1,1,0,2,1,0,0,1,0,1,1,0,0,0,2,0,0,0,0,0,3,0,4,2,0
383,8,88,2,7,0,4,0,0,0,0,0,2,0,858,26,1,0,0,0,2,0,0,0,0,0,0,0,0,0,0,0,1,10,0,0,1363,110,2,0,0,0,0,0,0,0,0,0,0,0,0,1,0,0,1,0,0,0,0,0,494,3,162,0,8,0,0,1,0,0,525,7,0,37,26,0,20,3,6,0,0,0,1,0,0,2,1,0,0,0,0,0,1,0,0,0,0,0,1,0,1,0,0,0,0,0,0,0,0,0,0,0,0,0,0,0,0,0,0,0,0,0,0,0,1,0,11,0,4,0,1,0,0,0,3,0,0,0,0,0,0,0,0,0,1,0,0,0,0,0,0,0,1,0,16,0,0,0,0,0,0,0,0,0,0,0,0,0,0,0
4,445,3,240,0,4,0,14,1,1,0,0,1,108,15,458,0,0,0,0,0,0,0,0,0,0,0,0,0,0,0,0,0,396,0,0,116,370,0,0,0,2,0,0,0,0,0,0,0,0,0,1,0,0,0,0,0,0,0,0,2,544,0,13,0,14,0,100,0,7,0,139,37,0,1,4,0,151,0,11,0,0,0,2,0,8,0,0,0,3,0,0,0,0,0,0,1,0,1,1,0,0,0,0,0,0,0,1,0,1,0,0,1,3,0,0,0,0,0,0,0,0,0,0,0,0,1,0,0,24,0,0,0,0,1,0,0,0,0,5,0,3,0,0,0,0,0,0,0,2,0,0,0,0,2,0,0,1,0,3,0,3,0,0,0,0,0,1,1,1
107,1,97,31,79,16,12,1,34,2,18,1,5,1,114,23,16,3,0,5,151,1,353,1,17,0,14,0,26,0,1,1,236,0,0,0,82,56,15,1,1,0,0,0,0,0,0,0,0,0,0,0,0,0,2,0,0,0,0,0,173,1,37,0,8,0,1,0,1,3,6,13,26,1,0,96,898,4,245,0,0,0,0,0,15,1,18,0,5,0,4,0,0,0,0,0,0,0,15,0,1,0,0,0,0,0,1,0,0,0,0,0,6,3,0,0,0,0,0,0,14,1,42,0,70,0,940,1,537,1,125,0,0,0,247,0,31,0,1,0,1,0,12,0,614,0,51,0,164,0,97,1,63,0,30,18,103,12,0,0,3,0,0,0,9,0,2,0,15,1
4,103,169,1496,168,1741,16,466,108,986,20,665,0,53,16,398,47,244,127,200,464,36,111,54,5,205,25,475,2,98,1,28,178,592,0,0,11,614,3,8,0,35,0,0,0,1,0,0,0,0,0,2,0,0,0,0,0,0,0,2,1,7,1,0,0,0,0,0,0,0,0,4,0,4,96,0,30,1170,7,436,0,0,0,0,0,0,1,1,0,3,2,1,0,1,0,0,0,0,4,1,0,0,0,0,0,0,1,0,1,0,0,0,4,3,0,0,0,0,0,0,0,13,0,66,0,86,4,980,0,527,1,48,0,1,0,195,0,19,0,3,0,2,0,5,1,611,0,19,0,49,263,244,542,9,70,315,13,228,0,1,0,0,0,1,0,12,0,3,20,1
469,4,406,10,181,17,68,6,25,3,60,1,276,0,263,51,80,0,4,2,40,1,149,0,52,0,4,0,71,0,1,0,4679,2,0,0,63,51,27,8,248,0,33,0,53,0,0,0,0,0,2,0,0,0,20,0,2,0,8,0,146,1,56,0,79,0,11,0,7,0,5,3,20,0,898,30,0,6,1905,0,0,0,168,0,294,0,296,0,291,1,160,0,75,0,43,1,22,0,141,5,105,1,38,1,9,0,27,1,4,8,1,0,6,14,2,0,0,0,1,6,2,1,2,0,266,0,413,2,190,1,103,0,8,0,254,0,26,0,18,0,21,0,29,0,251,0,26,0,57,0,36,0,16,0,43,34,537,0,18,2,10,0,3,1,56,2,30,6,39,8
5,110,7,512,15,510,3,212,6,357,0,482,0,201,7,388,2,131,0,43,0,3,2,22,0,106,0,251,0,160,0,7,9,4268,0,0,21,201,1,22,2,707,1,37,0,77,0,10,0,0,0,7,0,0,0,1,0,0,0,64,5,70,2,7,0,1,0,12,0,0,0,147,3,151,4,1170,6,0,9,2312,0,0,0,9,0,138,0,52,0,372,0,83,1,83,8,2,6,5,9,14,1,2,4,2,6,4,12,5,5,9,9,0,12,9,1,2,1,1,0,0,0,54,0,66,1,351,1,694,0,75,0,41,0,16,0,370,0,29,0,155,0,10,0,8,0,216,0,10,0,10,1,4,6,2,18,28,4,803,6,7,0,1,5,92,1,16,2,24,19,11
81,1,82,2,32,3,9,1,0,2,0,0,31,0,57,13,6,0,0,0,1,0,26,0,4,0,0,0,5,0,0,0,474,2,0,0,12,17,4,0,54,2,12,1,74,0,0,0,0,0,1,0,0,0,1,0,0,0,1,0,19,0,8,0,7,0,1,0,1,0,2,0,6,0,245,7,1905,9,0,10,0,0,8,0,5,0,13,0,25,0,17,0,9,0,46,7,21,4,219,31,99,5,45,10,16,1,30,12,15,21,10,4,19,22,7,1,3,3,0,14,8,2,0,0,163,0,64,8,30,11,48,0,22,0,180,0,9,0,5,0,4,0,3,0,81,1,6,0,12,0,9,0,1,0,10,13,363,0,95,10,44,2,26,1,151,3,227,26,105,85
0,11,0,58,1,57,0,21,0,33,0,39,0,10,1,41,0,8,0,1,0,0,0,1,0,3,0,15,0,8,0,4,0,279,0,0,5,14,1,3,2,542,19,7,0,25,0,0,0,0,0,7,0,0,0,0,0,0,0,2,0,6,0,1,0,0,0,1,0,0,0,7,0,11,0,436,0,2312,10,0,0,0,0,0,0,0,0,1,0,14,0,3,0,7,28,5,29,2,33,70,13,3,25,2,12,4,52,17,6,16,18,0,75,35,3,0,1,1,0,6,3,39,0,17,1,287,2,155,1,85,0,46,0,38,0,172,0,10,0,42,0,11,0,10,0,43,0,7,0,7,0,0,0,1,5,10,68,264,36,103,0,22,4,300,15,175,19,78,108,82
0,0,0,0,0,0,0,0,0,0,0,0,0,0,0,0,0,0,0,0,0,0,0,0,0,0,0,0,0,0,0,0,0,0,0,0,0,0,0,0,0,0,0,0,0,0,0,0,0,0,0,0,0,0,0,0,0,0,0,0,0,0,0,0,0,0,0,0,0,0,0,0,0,0,0,0,0,0,0,0,0,0,0,0,0,0,0,0,0,0,0,0,0,0,0,0,0,0,0,0,0,0,0,0,0,0,0,0,0,0,0,0,0,0,0,0,0,0,0,0,0,0,0,0,0,0,0,0,0,0,0,0,0,0,0,0,0,0,0,0,0,0,0,0,0,0,0,0,0,0,0,0,0,0,0,0,0,0,0,0,0,0,0,0,0,0,0,0,0,0
0,0,0,0,0,0,0,0,0,0,0,0,0,0,0,0,0,0,0,0,0,0,0,0,0,0,0,0,0,0,0,0,0,0,0,0,0,0,0,0,0,0,0,0,0,0,0,0,0,0,0,0,0,0,0,0,0,0,0,0,0,0,0,0,0,0,0,0,0,0,0,0,0,0,0,0,0,0,0,0,0,0,0,0,0,0,0,0,0,0,0,0,0,0,0,0,0,0,0,0,0,0,0,0,0,0,0,0,0,0,0,0,0,0,0,0,0,0,0,0,0,0,0,0,0,0,0,0,0,0,0,0,0,0,0,0,0,0,0,0,0,0,0,0,0,0,0,0,0,0,0,0,0,0,0,0,0,0,0,0,0,0,0,0,0,0,0,0,0,0
10,0,0,0,0,0,0,0,0,0,0,0,113,0,0,0,0,0,0,0,0,0,0,0,0,0,0,0,0,0,0,0,151,0,0,0,2,0,3,0,5,0,0,0,0,0,0,0,0,0,0,0,0,0,0,0,0,0,0,0,175,0,8,0,14,0,13,0,0,0,0,0,1,0,0,0,168,0,8,0,0,0,0,0,259,0,3,0,40,0,0,0,3,0,3,0,0,0,4,0,4,0,0,0,0,0,1,0,0,0,0,0,0,1,0,0,0,0,0,0,0,0,0,0,1,0,0,0,2,0,0,0,0,0,0,0,0,0,0,0,0,0,1,0,0,0,1,0,1,0,0,0,0,0,0,0,1,0,0,0,0,0,0,0,1,0,1,1,0,0
0,12,1,5,0,2,0,16,0,0,0,0,0,300,0,5,0,0,0,0,0,0,0,0,0,0,0,0,0,0,0,0,0,82,0,0,3,15,1,2,0,0,0,0,0,0,0,1,0,1,0,0,0,0,0,1,0,0,0,0,3,10,1,5,0,3,0,11,0,11,0,54,0,2,0,0,0,9,0,0,0,0,0,0,0,572,0,99,0,15,0,0,0,0,0,0,0,0,0,0,0,0,0,0,0,0,0,0,0,0,0,0,0,0,0,0,0,0,0,0,0,0,0,0,0,0,0,2,0,0,0,0,0,0,0,1,0,0,0,0,0,0,0,0,0,2,0,0,0,0,0,0,0,0,0,0,0,0,0,0,0,0,0,0,0,0,0,0,0,0
18,0,9,1,6,1,38,0,11,0,12,0,514,0,9,0,0,0,0,0,3,0,22,0,18,0,1,0,12,0,0,0,655,0,0,0,15,1,85,18,52,0,0,1,2,0,1,0,3,0,0,0,3,0,41,0,0,0,0,0,273,0,95,0,285,0,1388,1,253,0,5,7,0,0,15,0,294,0,5,0,0,0,259,0,0,0,661,0,3195,0,21,0,81,0,1,0,0,0,6,0,6,0,1,0,0,0,0,0,0,0,0,0,0,0,0,0,0,0,0,0,0,0,1,0,3,0,3,0,5,0,0,0,0,0,3,0,0,0,13,0,2,0,8,0,18,0,0,0,3,0,7,0,1,0,0,0,6,0,2,0,0,0,0,0,2,0,0,0,1,0
0,31,0,7,0,7,0,23,0,6,0,1,0,589,2,10,0,1,0,1,0,0,0,0,0,0,0,0,0,10,0,0,1,368,0,0,5,41,15,139,0,115,0,6,0,1,1,74,0,4,0,22,0,9,0,13,0,0,0,17,2,82,0,11,0,52,0,1594,0,269,5,178,2,8,1,0,0,138,0,0,0,0,0,572,0,0,0,1824,0,2257,0,96,0,12,0,0,0,0,0,1,0,0,0,0,1,0,0,0,0,2,0,0,0,0,0,0,0,0,0,0,0,0,0,0,0,1,0,2,0,8,0,0,0,0,0,0,0,0,0,4,0,1,0,1,3,5,0,0,0,2,0,0,0,0,0,0,0,0,0,0,0,0,0,1,0,0,0,3,1,0
21,0,7,1,4,0,74,0,10,0,250,0,131,0,0,0,4,0,0,0,10,0,61,0,58,0,2,0,259,0,3,0,514,0,0,0,1,0,10,1,141,0,85,0,495,0,0,0,0,0,0,0,0,0,4,0,1,0,166,0,36,0,6,0,11,0,6,0,4,0,3,0,1,0,18,1,296,0,13,0,0,0,3,0,661,0,0,0,1253,0,1130,0,154,0,0,0,0,0,3,0,2,0,0,0,0,0,0,0,0,0,0,0,0,0,0,0,0,0,0,0,0,0,0,0,9,0,0,0,0,0,0,0,0,0,1,0,0,0,5,0,0,0,1,0,0,0,0,0,0,0,15,0,2,0,0,0,24,0,0,0,2,0,2,0,2,0,2,0,1,1
0,0,0,0,0,0,0,0,0,0,0,1,0,1,0,0,0,54,0,0,0,0,0,0,0,2,0,2,0,52,0,0,0,438,0,0,0,1,0,0,0,41,0,229,0,406,0,0,0,0,0,1,0,0,0,0,0,0,0,13,1,0,0,0,0,0,0,0,0,0,0,2,0,0,0,1,0,52,0,1,0,0,0,99,0,1824,0,0,0,258,0,1378,0,11,0,0,0,0,0,0,0,0,0,0,0,0,0,0,0,1,0,0,0,0,0,0,0,0,0,0,0,0,0,0,0,0,0,0,0,0,0,0,0,0,0,0,0,0,0,2,0,0,0,0,0,0,0,0,0,0,0,0,0,0,0,0,0,0,0,0,0,0,0,0,0,0,0,0,0,0
20,0,8,1,7,0,18,0,7,0,3,0,55,0,11,1,0,0,0,1,1,0,18,0,4,0,1,0,3,0,0,0,252,0,0,0,73,3,89,36,738,0,53,0,38,0,6,0,13,0,2,0,8,0,1200,0,306,0,201,0,71,0,134,0,435,0,365,0,721,0,51,5,0,0,5,0,291,0,25,0,0,0,40,0,3195,0,1253,0,0,0,677,0,4937,0,0,0,0,0,5,1,4,0,2,0,0,0,0,1,1,0,0,0,1,0,0,0,0,0,0,1,0,0,0,0,17,0,6,1,10,0,0,0,1,0,2,0,0,0,81,0,8,0,30,0,98,0,0,0,6,0,2,0,1,0,6,0,18,0,5,0,3,0,5,0,8,0,1,0,4,4
0,14,1,5,0,0,0,141,0,29,0,6,0,311,0,1,0,81,0,1,0,0,0,2,0,8,0,16,0,6,0,1,0,344,0,0,1,5,11,100,1,692,0,109,0,184,42,1023,24,215,4,582,0,149,0,2586,0,289,0,559,1,36,0,25,0,63,0,440,0,1247,6,222,0,3,0,3,1,372,0,14,0,0,0,15,0,2257,0,258,0,0,0,867,0,3065,0,1,0,0,0,1,1,4,0,10,0,0,0,1,0,1,0,0,3,0,0,3,0,0,0,1,0,0,0,0,0,1,0,1,0,11,0,0,0,0,0,1,0,0,0,38,0,3,0,4,0,9,0,1,0,4,0,0,0,0,0,3,0,4,0,0,0,0,0,0,0,0,0,3,0,0
0,0,1,0,1,1,0,0,0,0,3,0,1,0,0,0,2,0,0,0,4,0,15,0,13,0,1,0,16,0,0,0,186,0,0,0,2,0,5,2,140,0,35,0,204,0,0,0,0,0,1,0,1,0,10,0,0,0,400,0,1,0,4,0,2,0,4,0,2,0,1,0,0,0,4,2,160,0,17,0,0,0,0,0,21,0,1130,0,677,0,0,0,2176,0,0,0,0,0,3,0,2,0,0,1,0,0,0,0,0,0,0,0,0,0,0,0,0,0,0,0,0,0,0,0,7,0,1,0,1,0,0,0,2,0,1,0,0,0,3,0,0,0,1,0,3,0,0,0,0,0,3,0,1,0,0,0,9,0,2,0,1,0,3,0,2,0,2,0,2,0
0,0,0,0,0,1,0,0,0,0,0,1,0,0,0,0,0,54,0,0,0,0,0,1,0,3,0,10,0,9,0,0,0,106,0,0,0,0,0,1,0,204,0,484,0,896,0,0,0,0,0,1,0,0,0,0,0,0,0,1226,0,0,0,0,0,0,0,0,0,0,0,2,0,0,0,1,0,83,0,3,0,0,0,0,0,96,0,1378,0,867,0,0,0,998,0,0,0,0,0,0,0,0,0,0,0,0,0,0,0,0,0,0,0,1,0,0,0,0,0,0,0,0,0,0,0,0,0,0,0,0,0,0,0,0,0,0,0,0,0,7,0,0,0,0,0,1,0,0,0,0,0,0,0,0,0,0,0,1,0,0,0,0,0,0,0,0,0,0,0,0
5,0,1,0,2,0,0,0,3,0,0,0,9,0,4,1,0,0,0,0,0,0,0,0,0,0,0,0,0,0,0,0,45,0,0,0,33,0,26,12,262,0,64,0,64,0,43,0,12,0,39,0,19,0,1116,0,662,0,1710,0,9,0,42,0,50,0,29,0,54,0,28,3,1,0,0,0,75,1,9,0,0,0,3,0,81,0,154,0,4937,0,2176,0,0,0,0,0,0,0,8,1,1,0,1,1,0,0,0,1,0,0,0,0,0,0,0,0,0,0,0,0,0,0,1,0,3,0,1,0,2,0,0,0,0,0,1,0,0,0,6,0,0,0,5,0,15,0,0,0,1,0,0,0,0,0,1,0,3,0,2,0,1,0,1,0,2,0,1,0,1,0
0,0,0,2,0,0,0,5,0,2,0,4,0,14,0,0,0,17,0,0,0,0,0,1,0,8,0,6,0,5,0,0,0,25,0,0,0,0,1,23,0,586,0,298,0,263,45,511,6,57,2,1019,0,29,0,409,0,1092,0,5757,0,2,0,2,0,0,0,1,0,41,0,79,0,0,0,1,0,83,0,7,0,0,0,0,0,12,0,11,0,3065,0,998,0,0,0,26,0,2,0,4,1,11,0,16,0,0,0,4,0,1,0,0,2,0,0,1,0,0,0,0,0,1,0,0,0,0,0,0,0,1,0,0,0,0,0,0,0,0,0,6,0,1,0,2,0,0,0,0,0,1,0,0,0,0,0,0,0,4,1,0,0,0,0,0,0,0,0,0,0,0
0,0,0,0,0,0,0,0,0,0,0,0,4,0,0,0,0,0,0,0,0,0,0,0,0,0,0,0,0,0,0,0,8,1,0,0,2,0,0,0,12,5,6,6,0,0,0,0,0,0,0,0,0,0,0,0,0,0,0,1,1,0,2,1,4,0,0,0,0,0,0,2,0,0,0,0,43,8,46,28,0,0,3,0,1,0,0,0,0,0,0,0,0,0,0,15,4032,22,169,37,400,25,3161,29,621,4,1421,28,428,34,32,0,15,26,80,100,95,36,13,83,0,0,0,0,1,0,13,8,8,2,0,0,0,0,0,0,0,0,1,1,1,0,0,0,0,0,0,0,0,0,0,0,0,0,0,0,0,0,25,15,3,4,2,10,1,1,115,51,5,46
0,0,0,0,0,0,0,0,0,0,0,0,0,0,0,0,0,0,0,0,0,0,0,0,0,0,0,0,0,0,0,0,0,0,0,0,0,0,0,0,2,1,6,14,0,0,0,7,0,1,0,57,0,4,0,4,0,39,0,14,0,0,0,0,0,0,0,0,0,0,0,0,0,0,0,0,1,2,7,5,0,0,0,0,0,0,0,0,0,1,0,0,0,26,15,0,22,3815,5,335,10,429,10,3524,6,788,42,1526,13,191,28,152,17,3,34,35,108,55,10,27,0,0,0,0,0,0,0,1,0,1,0,0,0,0,0,0,0,0,0,0,0,0,0,0,0,0,0,0,0,0,0,0,0,0,0,0,0,0,6,1,0,1,5,17,0,0,5,5,0,4
0,0,0,0,0,0,0,0,0,0,0,0,2,0,1,0,0,0,0,0,0,0,0,0,0,0,0,0,0,0,0,0,3,0,0,0,2,1,0,0,13,4,11,5,1,0,0,0,0,0,0,2,0,0,1,0,0,0,0,0,0,0,1,0,1,0,0,0,0,0,0,0,0,1,0,0,22,6,21,29,0,0,0,0,0,0,0,0,0,0,0,0,0,0,4032,22,0,64,103,61,139,23,783,39,3504,4,2377,47,561,55,29,7,10,17,86,45,289,62,11,84,0,0,0,0,1,0,9,4,5,7,0,0,0,0,0,0,0,0,0,1,0,1,0,0,0,1,0,0,0,0,0,0,0,0,0,0,0,0,8,13,2,3,3,6,3,0,87,51,2,22
0,0,0,0,0,0,0,0,0,0,0,0,0,0,0,0,0,0,0,0,0,0,0,0,0,0,0,0,0,0,0,0,0,0,0,0,0,0,0,0,0,3,3,13,0,0,0,0,0,0,0,1,0,0,0,0,0,0,0,0,0,0,0,0,0,0,0,0,0,0,0,0,0,0,0,0,0,5,4,2,0,0,0,0,0,0,0,0,0,0,0,0,0,2,22,3815,64,0,0,218,8,172,14,845,16,2069,58,2876,10,244,25,243,21,6,52,46,86,138,16,30,0,0,0,0,0,0,1,3,0,2,0,0,0,0,0,0,0,0,0,1,0,0,0,0,0,0,0,0,0,0,0,0,0,0,0,0,0,0,3,3,0,0,4,12,0,0,3,8,0,3
11,0,13,1,2,0,1,0,0,0,0,0,18,0,3,1,0,0,0,0,0,0,1,0,0,0,0,0,0,0,0,0,101,1,0,0,7,0,11,3,11,2,4,2,5,0,0,0,0,0,1,2,0,0,0,0,0,0,0,0,16,0,18,0,22,0,1,0,4,0,1,0,1,1,15,4,141,9,219,33,0,0,4,0,6,0,3,0,5,0,3,0,8,0,169,5,103,0,0,58,932,54,431,12,25,0,110,6,614,18,6,2,151,161,145,51,8,5,2,446,0,0,0,0,25,2,108,27,100,54,34,5,4,0,23,1,3,0,2,1,4,3,4,2,12,6,5,1,7,8,0,0,1,0,1,0,0,0,74,23,72,5,28,1,241,26,115,27,500,136
0,0,0,0,0,0,0,0,0,0,0,0,0,0,0,0,0,0,0,0,0,0,0,0,0,0,0,0,0,0,0,0,0,6,0,0,0,1,0,2,15,24,54,21,0,0,0,0,0,0,0,67,0,0,0,0,0,0,0,1,0,1,0,0,0,0,0,1,0,0,0,4,0,1,0,1,5,14,31,70,0,0,0,0,0,1,0,0,1,1,0,0,1,4,37,335,61,218,58,0,62,942,50,474,31,78,120,391,47,765,38,77,200,113,144,32,34,32,17,94,0,0,0,0,2,0,1,37,1,66,0,1,0,0,0,0,0,0,1,3,0,7,0,15,0,7,0,1,0,5,0,0,0,0,0,0,0,0,59,108,3,22,20,38,7,27,40,156,45,43
2,0,1,0,0,0,0,0,0,0,0,0,12,0,3,0,0,0,0,0,0,0,0,0,0,0,0,0,0,0,0,0,83,2,0,0,14,1,12,1,16,3,22,3,3,0,1,0,3,0,1,0,0,0,5,0,0,0,14,0,19,0,27,0,31,0,0,0,1,0,1,2,1,0,1,0,105,1,99,13,0,0,4,0,6,0,2,0,4,1,2,0,1,1,400,10,139,8,932,62,0,169,2713,31,25,6,132,14,963,33,24,6,20,227,1285,182,34,34,17,128,0,0,0,0,3,0,22,6,67,4,6,0,4,0,5,0,0,0,4,1,0,0,13,0,49,0,3,0,1,1,0,0,0,0,0,0,0,0,70,30,10,6,6,8,24,0,107,37,70,50
0,0,0,0,0,0,0,0,0,0,0,0,0,0,0,0,0,0,0,0,0,0,0,0,0,0,0,0,0,0,0,0,0,1,0,0,0,0,0,0,5,7,3,21,1,0,0,12,0,0,0,118,0,0,0,0,0,6,0,20,0,0,0,0,0,0,0,0,0,0,0,2,0,0,0,0,1,2,5,3,0,0,0,0,0,0,0,0,0,4,0,0,0,11,25,429,23,172,54,942,169,0,19,2482,9,36,46,177,49,171,24,44,24,91,614,191,73,76,17,57,0,0,0,0,0,0,0,1,0,0,0,0,0,0,0,0,0,0,1,1,0,0,0,0,0,0,0,0,0,0,0,0,0,0,0,0,0,0,8,5,0,0,3,13,0,0,12,5,0,5
0,0,1,0,0,0,0,0,0,0,0,0,2,0,0,0,0,0,0,0,0,0,0,0,0,0,0,0,0,0,0,0,5,1,0,0,0,1,0,1,6,2,9,5,2,0,0,0,0,0,6,0,0,0,2,0,7,0,13,0,1,0,0,0,2,0,0,0,0,0,1,0,0,0,0,0,38,4,45,25,0,0,0,0,1,0,0,0,2,0,0,0,1,0,3161,10,783,14,431,50,2713,19,0,35,105,4,604,22,961,34,35,4,28,34,128,303,111,61,23,170,0,0,0,0,3,0,15,7,6,5,0,0,0,0,0,0,0,0,2,1,0,0,0,0,0,1,0,0,0,0,0,0,0,0,0,0,0,0,34,18,3,0,4,9,4,0,147,34,9,45
0,0,0,0,0,0,0,0,0,0,0,0,0,1,0,0,0,0,0,0,0,0,0,0,0,0,0,0,0,0,0,0,0,0,0,0,0,0,0,0,3,1,5,18,1,0,17,35,0,5,2,79,0,4,0,6,0,26,0,6,0,0,0,0,0,0,0,0,0,0,0,0,0,0,0,0,1,2,10,2,0,0,0,0,0,0,0,0,0,10,1,0,1,16,29,3524,39,845,12,474,31,2482,35,0,16,244,56,1324,46,201,26,142,18,39,124,574,525,138,13,52,0,0,0,0,0,0,0,1,1,0,0,0,0,0,0,0,0,0,0,2,0,0,0,0,1,0,0,0,0,0,0,0,0,0,0,0,0,0,4,3,0,0,5,11,0,0,3,6,0,2
0,0,0,0,0,0,0,0,0,0,0,0,0,0,0,0,0,0,0,0,0,0,0,0,0,0,0,0,0,0,0,0,3,0,0,0,0,0,0,0,5,1,6,1,0,0,0,0,0,0,0,0,0,0,0,0,0,0,0,0,0,0,1,0,1,0,1,0,0,0,0,0,0,0,0,0,9,6,16,12,0,0,0,0,0,1,0,0,0,0,0,0,0,0,621,6,3504,16,25,31,25,9,105,16,0,5,3137,23,183,26,19,3,1,5,19,9,68,21,4,32,0,0,0,0,0,0,0,0,2,3,0,0,0,0,0,0,0,0,0,1,0,0,0,0,0,0,0,0,0,0,0,0,0,0,0,0,0,0,10,6,0,3,0,5,1,0,64,27,0,16
