0,138,2290,58,1895,104,1117,34,319,16,10,0,373,15,1259,160,0,0,53,10,0,1,0,0,0,0,1,0,3,0,0,0,228,6,0,0,347,77,33,3,57,8,4,4,1,0,9,0,8,0,9,0,11,0,58,0,12,0,3,0,5471,26,338,6,381,2,387,7,164,3,250,13,717,15,841,183,187,18,108,6,0,0,22,4,738,8,4,0,522,4,0,0,41,0,3,3,1,1,39,5,2,0,3,0,2,0,5,7,2,10,0,5,9,11,3,1,0,1,0,2,0,0,0,0,12,1,14,0,10,4,0,6,2,1,94,6,2,6,0,0,0,0,3,1,99,3,3,2,0,0,0,0,2,0,46,5,0,0,4,0,15,2,57,4,19,2,5,10,10,1
138,0,41,1892,20,1557,26,849,7,153,0,6,6,599,136,2161,0,1,5,14,0,1,0,0,0,0,0,0,0,1,0,4,14,121,0,0,186,378,1,17,2,58,17,1,0,5,0,5,2,16,0,5,0,8,3,12,0,0,0,2,60,5201,12,84,9,47,4,614,1,86,25,159,69,221,92,931,4,190,11,79,0,0,0,15,5,262,0,6,4,201,0,0,4,22,1,2,1,1,12,5,3,0,1,0,1,1,6,1,0,5,2,2,22,4,1,0,1,0,2,2,0,0,0,1,2,8,4,22,1,24,0,50,0,1,12,107,0,19,0,0,0,0,0,6,9,44,0,50,0,1,0,0,0,0,18,29,0,0,1,7,3,10,6,76,1,35,3,3,28,1
2290,41,0,119,5376,144,282,26,618,37,398,6,73,13,2252,100,80,4,2394,110,247,15,56,8,122,1,196,1,117,2,72,3,346,8,0,0,150,47,13,3,13,1,0,0,2,0,4,2,7,0,6,0,13,0,27,0,8,0,2,0,218,8,66,1,36,0,35,3,28,2,69,7,206,3,287,167,165,19,99,1,0,0,7,0,135,3,31,0,104,3,3,0,23,1,1,0,0,1,13,0,0,1,0,0,0,1,1,1,1,2,2,1,4,1,0,0,0,0,0,1,0,1,0,0,1,2,4,0,2,2,0,1,0,3,39,8,2,3,0,0,0,0,0,0,24,0,1,0,1,0,66,5,115,30,198,42,10,0,0,0,11,0,17,2,5,1,1,1,7,0
58,1892,119,0,92,4776,27,518,42,440,41,269,3,90,142,2458,21,63,154,2081,15,144,23,63,2,123,0,80,17,117,4,42,53,182,0,0,71,463,3,39,3,29,6,7,0,23,3,3,1,13,2,1,0,3,1,3,0,1,0,4,23,107,12,41,6,8,5,85,0,10,6,228,14,137,98,370,26,282,23,63,0,0,0,10,6,78,10,43,8,48,1,11,0,10,0,1,1,0,2,6,2,0,0,0,1,0,4,4,2,3,2,0,7,3,0,0,0,0,0,2,0,6,0,1,2,37,0,9,0,9,0,16,0,11,6,88,0,38,0,0,0,0,1,0,2,6,0,18,0,0,71,31,60,106,81,337,3,18,0,5,4,6,8,24,1,27,1,3,15,2
1895,20,5376,92,0,139,588,24,2049,26,739,3,113,7,588,75,51,0,581,85,76,10,28,3,114,1,345,2,225,2,212,0,533,10,0,0,146,40,8,3,10,1,1,0,0,3,3,0,2,0,2,0,3,0,14,0,4,0,2,0,127,5,28,0,33,0,49,5,11,0,18,6,27,0,703,229,267,16,173,1,0,0,13,1,159,7,43,0,83,1,5,0,8,0,1,1,0,1,5,3,1,0,0,2,0,3,2,8,1,3,1,0,2,0,0,0,0,0,0,2,0,1,0,0,8,1,2,1,0,2,1,2,3,1,69,7,3,4,0,0,0,0,2,0,23,0,0,1,0,0,28,1,34,21,144,38,4,1,3,0,19,0,27,3,10,2,2,1,2,1
104,1557,144,4776,139,0,49,1523,77,2160,24,665,14,196,252,625,16,56,206,347,12,62,11,86,7,184,0,507,10,218,0,46,73,454,0,0,114,279,9,32,4,55,9,11,0,34,5,4,0,5,1,8,2,9,1,5,4,0,1,10,30,236,8,22,9,25,7,289,2,49,17,109,14,53,141,1216,38,593,31,84,0,0,3,42,21,377,3,64,10,235,1,14,3,31,1,2,2,2,6,6,5,0,0,0,0,0,2,3,3,2,1,2,17,2,1,0,1,0,0,0,0,11,0,0,3,59,0,12,0,10,0,32,1,16,18,147,0,59,0,1,0,0,0,1,11,9,1,19,0,0,19,9,31,39,112,208,3,36,2,5,6,11,7,42,0,33,0,7,22,1
1117,26,282,27,588,49,0,13,1007,10,71,1,1177,6,388,44,1,0,93,6,0,0,0,0,0,0,0,0,9,0,3,0,740,2,0,0,145,10,3,1,10,1,0,0,0,0,2,0,2,0,0,0,1,0,8,0,4,0,2,0,354,3,18,3,47,0,112,1,12,3,24,4,51,1,292,38,102,2,88,2,0,0,24,0,298,3,40,0,18,0,0,0,3,1,2,2,2,2,6,1,2,0,0,0,0,1,0,4,0,5,0,1,4,1,0,0,0,0,0,0,0,0,0,0,2,0,2,0,3,0,0,0,1,0,36,3,0,0,0,0,0,0,0,0,35,1,1,0,0,0,0,0,0,0,27,6,0,0,0,1,8,1,19,3,3,0,1,1,3,0
34,849,26,518,24,1523,13,0,6,1025,1,22,4,1256,70,645,0,1,4,46,0,0,0,2,0,0,0,0,1,0,0,1,10,776,0,0,28,157,2,20,2,15,3,3,0,0,1,2,0,1,0,2,0,1,0,0,0,0,0,0,5,136,0,5,2,4,2,260,1,10,4,47,2,28,40,556,4,123,2,28,0,0,0,25,5,203,0,8,1,28,0,1,0,5,1,2,1,0,4,5,0,0,0,0,0,0,2,1,1,0,0,0,6,0,0,0,0,0,0,0,0,2,0,0,0,11,1,2,0,3,0,11,0,1,3,39,0,14,0,1,0,0,0,0,4,3,0,6,0,0,1,0,0,1,16,37,0,0,0,1,2,5,1,18,0,9,0,3,10,1
319,7,618,42,2049,77,1007,6,0,14,917,3,379,0,315,25,2,0,460,42,4,3,1,1,2,0,0,0,99,0,29,0,1405,4,0,0,134,24,3,1,3,2,0,0,0,0,0,0,3,0,0,0,1,0,2,0,2,0,1,0,74,2,6,0,7,0,23,0,4,0,10,2,16,1,416,102,269,9,118,0,0,0,8,0,114,3,36,1,20,1,2,0,4,1,0,0,0,1,4,1,0,0,0,0,1,0,0,1,0,0,0,0,4,1,0,0,0,0,0,0,0,0,0,0,4,0,0,1,1,0,0,0,1,0,57,0,0,1,0,0,0,0,0,0,18,0,0,1,0,0,3,0,20,8,117,21,0,0,1,0,5,1,6,0,5,2,1,1,5,0
16,153,37,440,26,2160,10,1025,14,0,5,969,0,431,41,290,1,2,52,225,4,7,1,3,2,1,0,6,0,22,0,79,17,836,0,0,35,212,1,14,0,19,1,0,0,2,2,1,0,0,0,1,0,0,1,0,0,0,0,3,6,71,5,10,1,0,2,49,1,1,0,25,2,20,23,656,5,363,7,63,0,0,1,37,3,87,1,14,2,6,0,8,0,11,0,0,0,1,2,3,1,0,0,2,2,0,2,0,3,0,1,0,11,1,0,1,0,0,0,0,0,4,0,0,0,47,0,4,0,1,0,12,0,4,2,48,0,21,0,1,0,0,0,0,2,2,0,6,0,0,1,0,13,5,46,87,0,3,0,3,1,1,1,24,0,16,1,2,6,2
10,0,398,41,739,24,71,1,917,5,0,2,8,0,9,4,17,4,282,36,100,3,34,2,105,0,284,0,976,0,827,0,719,1,0,0,7,5,0,0,10,0,0,0,0,0,0,0,0,0,0,0,0,0,0,0,1,0,0,0,8,0,2,0,1,0,0,0,0,0,0,0,1,0,48,35,168,4,21,1,0,0,0,0,11,0,703,2,20,0,7,0,8,0,0,0,0,0,0,0,0,0,0,1,0,0,0,0,0,0,0,0,0,0,0,0,0,0,0,0,0,0,0,0,1,0,0,0,0,0,0,0,0,0,6,0,0,0,0,0,0,0,0,0,2,0,0,0,0,0,22,1,31,10,27,14,5,1,0,0,0,0,2,0,1,1,1,1,0,0
0,6,6,269,3,665,1,22,3,969,2,0,0,16,2,7,0,38,17,126,0,52,2,58,0,234,0,320,0,1060,0,532,2,575,0,0,2,23,0,0,1,19,0,11,0,24,0,0,0,0,0,0,0,0,0,0,0,1,0,13,1,1,0,0,0,0,0,1,0,0,0,1,0,4,9,111,7,231,0,20,0,0,0,0,1,5,0,117,1,14,0,31,0,16,0,0,0,0,2,0,0,0,0,0,0,0,0,0,0,0,0,0,1,1,0,0,0,0,0,0,0,1,0,0,0,20,0,0,0,0,0,5,0,6,0,15,0,2,0,0,0,0,0,0,0,0,0,0,0,0,6,6,4,14,8,49,1,11,0,0,0,1,0,2,0,8,0,2,0,0
373,6,73,3,113,14,1177,4,379,0,8,0,0,2,125,17,0,0,30,2,1,0,0,0,0,0,0,0,3,0,2,0,726,1,0,0,53,5,9,0,43,1,0,1,1,0,2,0,1,1,2,0,0,0,10,0,2,0,1,0,1368,2,18,5,64,0,252,1,3,0,17,4,44,0,126,13,116,0,49,0,0,0,272,0,739,0,78,0,22,0,0,0,2,0,3,0,0,2,12,2,0,2,0,1,1,0,2,5,1,3,3,1,2,1,0,0,0,0,0,0,0,0,0,0,1,0,2,0,2,0,0,0,0,0,18,0,0,0,0,0,0,0,1,0,20,0,0,1,0,0,0,1,1,0,20,2,0,0,1,0,5,0,21,1,5,0,0,2,0,1
15,599,13,90,7,196,6,1256,0,431,0,16,2,0,19,236,0,0,2,10,0,0,0,0,0,0,0,1,0,1,0,8,1,990,0,0,13,96,2,4,4,53,5,0,0,0,1,4,1,0,1,2,0,1,0,3,0,0,0,0,8,910,10,17,5,7,5,861,1,21,3,33,6,44,9,172,1,355,4,55,0,0,1,274,3,208,0,74,0,5,0,1,0,6,1,2,2,0,6,8,4,0,2,0,1,1,7,3,3,2,3,2,6,6,0,1,0,1,0,4,0,0,0,0,0,2,0,3,0,7,0,8,0,0,2,29,0,2,0,1,0,0,0,3,4,13,0,14,0,0,0,0,0,1,5,10,0,0,0,7,2,5,1,21,2,6,0,4,21,1
1259,136,2252,142,588,252,388,70,315,41,9,2,125,19,0,347,0,0,928,27,0,3,1,0,0,1,0,0,7,0,0,0,189,16,0,0,873,115,19,2,21,6,2,1,1,0,9,0,19,0,6,0,14,2,42,0,4,0,0,0,321,25,213,2,39,0,51,9,26,1,334,10,1074,7,274,128,121,27,139,8,0,0,9,6,146,12,2,0,84,7,1,0,18,1,0,4,0,1,23,6,3,0,0,2,0,1,3,10,1,4,0,3,7,2,2,1,0,1,0,0,0,0,1,0,12,3,8,3,7,2,1,7,3,0,80,28,3,12,0,1,0,0,3,2,68,2,1,3,0,0,0,0,3,1,266,25,0,0,2,0,24,1,35,9,4,2,5,5,8,0
160,2161,100,2458,75,625,44,645,25,290,4,7,17,236,347,0,1,1,50,796,0,1,0,0,0,0,0,0,0,2,0,2,36,130,0,0,278,2560,5,94,7,89,14,4,2,4,13,4,2,4,3,5,0,1,4,1,0,0,1,0,76,425,15,50,9,8,0,60,4,6,32,338,95,455,87,405,17,274,16,108,0,0,1,14,15,65,0,6,10,16,0,1,1,3,6,1,1,1,16,11,2,0,2,0,2,0,11,7,5,8,3,3,26,5,1,1,1,0,1,1,0,4,0,2,2,31,0,22,3,37,0,46,2,0,19,159,0,61,0,1,0,4,0,7,8,45,0,56,0,0,2,0,1,1,98,299,0,0,4,8,2,18,11,84,2,36,4,9,51,4
0,0,80,21,51,16,1,0,2,1,17,0,0,0,0,1,0,4,117,22,293,12,276,1,42,1,12,2,59,5,4,0,95,0,0,0,1,3,0,0,18,0,2,0,143,0,0,0,0,0,0,0,0,0,0,0,0,0,1,0,0,0,0,0,0,0,0,0,0,0,0,0,0,0,134,12,368,5,5,2,0,0,0,0,0,0,44,1,15,0,17,0,12,0,0,0,0,0,0,0,0,0,0,0,0,0,0,0,0,0,0,0,0,0,0,0,0,0,0,0,0,0,0,0,0,0,0,0,0,0,0,0,0,0,2,0,0,0,0,0,0,0,1,0,0,0,0,0,0,0,202,1,171,7,66,3,435,1,0,0,0,0,0,0,0,0,0,0,0,0
0,1,4,63,0,56,0,1,0,2,4,38,0,0,0,1,4,0,7,126,6,652,36,722,1,72,0,11,0,93,0,15,0,113,0,0,1,3,0,0,0,1,0,3,0,187,0,0,0,0,0,0,0,0,0,0,0,0,0,0,0,0,0,0,0,0,0,0,0,0,0,0,0,0,19,125,1,264,0,1,0,0,0,0,0,0,1,36,0,0,0,3,0,1,0,0,0,0,0,0,0,0,0,0,0,0,0,0,0,0,0,0,0,0,0,0,0,0,0,0,0,0,0,0,0,0,0,0,0,0,0,0,0,0,0,0,0,0,0,0,0,0,0,0,0,0,0,0,0,0,2,261,5,79,2,118,3,588,0,0,0,0,0,1,0,0,0,0,0,0
53,5,2394,154,581,206,93,4,460,52,282,17,30,2,928,50,117,7,0,171,219,18,134,6,82,3,30,0,147,4,51,3,458,23,0,0,429,70,16,5,12,1,2,0,2,0,4,0,2,1,1,0,3,0,2,0,0,0,1,1,18,3,20,0,11,0,5,3,2,0,20,3,10,0,231,229,196,36,99,5,0,0,4,0,13,2,40,6,14,0,9,0,10,0,0,1,1,0,5,0,1,1,0,0,0,1,1,0,0,1,0,0,2,2,0,0,0,0,0,1,0,1,0,0,1,5,1,1,0,0,0,2,1,0,43,9,3,3,0,1,0,0,0,1,9,0,0,1,0,1,113,9,375,48,553,63,24,4,2,1,19,0,7,1,5,3,2,3,4,0
10,14,110,2081,85,347,6,46,42,225,36,126,2,10,27,796,22,126,171,0,13,1046,21,214,5,60,0,30,17,114,1,27,62,98,0,0,48,758,1,14,0,4,0,6,0,18,2,0,0,0,0,0,0,0,0,0,0,0,0,4,4,5,1,1,1,1,0,1,0,0,4,9,2,5,89,282,26,188,16,23,0,0,0,2,1,3,4,28,1,4,1,10,2,1,0,0,0,0,1,4,2,0,1,0,0,0,0,0,0,0,0,0,5,0,0,0,0,0,0,0,0,3,0,0,0,22,0,0,0,0,0,5,0,6,4,38,0,20,0,0,0,0,0,0,0,1,0,1,0,0,113,179,59,894,135,487,4,23,0,3,2,2,1,12,1,9,0,1,8,1
0,0,247,15,76,12,0,0,4,4,100,0,1,0,0,0,293,6,219,13,0,7,1148,1,348,0,59,0,281,0,24,0,92,0,0,0,1,2,1,0,8,0,1,0,3,0,0,0,0,0,0,0,0,0,0,0,1,0,1,0,0,0,0,0,0,0,0,0,0,0,0,0,0,0,9,14,24,3,1,0,0,0,0,0,2,0,80,1,14,0,17,0,4,0,1,0,0,0,0,0,0,0,0,0,0,0,0,0,0,0,0,0,1,0,0,0,0,0,0,0,0,0,0,0,0,0,0,0,0,0,0,0,0,0,0,0,0,0,0,0,0,0,0,0,0,0,0,0,0,0,132,0,91,5,50,2,117,1,0,0,0,0,0,0,0,0,0,0,0,0
1,1,15,144,10,62,0,0,3,7,3,52,0,0,3,1,12,652,18,1046,7,0,75,1018,1,161,0,54,3,138,1,12,2,57,0,0,0,21,0,0,0,1,0,8,0,34,0,0,0,0,0,0,0,0,0,0,0,0,0,0,1,0,0,0,0,0,0,0,0,0,1,0,0,0,52,79,2,20,1,0,0,0,0,0,0,0,1,37,0,0,0,7,0,0,0,0,0,0,0,0,0,0,0,0,0,0,0,0,0,0,0,0,0,0,0,0,0,0,0,0,0,2,0,0,0,2,0,2,0,0,0,1,0,0,0,6,1,3,0,0,0,0,0,0,0,0,0,1,0,0,37,433,8,463,10,237,3,56,0,0,0,0,0,2,0,1,0,0,0,0
0,0,56,23,28,11,0,0,1,1,34,2,0,0,1,0,276,36,134,21,1148,75,0,219,660,7,38,0,242,4,6,1,195,4,0,0,0,3,0,0,12,0,1,0,36,0,0,0,0,0,0,0,0,0,0,0,1,0,0,0,0,0,0,0,0,0,0,0,0,0,0,0,0,0,9,6,29,2,0,0,0,0,0,0,0,0,69,1,15,0,13,1,5,0,0,0,0,0,0,0,0,0,0,0,0,0,0,0,0,0,0,0,0,0,0,0,0,0,0,0,0,0,0,0,0,0,0,0,0,0,0,0,0,1,0,0,0,0,0,0,0,0,0,0,0,0,0,0,0,0,168,8,97,9,83,12,135,3,0,0,0,0,0,0,0,0,0,0,0,0
0,0,8,63,3,86,0,2,1,3,2,58,0,0,0,0,1,722,6,214,1,1018,219,0,0,547,0,77,0,142,0,7,0,66,0,0,0,9,0,0,0,1,0,3,0,80,0,0,0,0,0,0,0,0,0,0,0,0,0,0,0,0,0,0,0,0,0,0,0,0,0,0,0,1,9,42,0,23,0,0,0,0,0,0,0,0,0,29,0,2,0,6,0,1,0,0,0,0,0,0,0,0,0,0,0,0,0,0,0,0,0,0,0,0,0,0,0,0,0,0,0,0,0,0,0,2,0,0,0,0,0,0,0,0,0,3,0,0,0,0,0,0,0,0,0,0,0,0,0,0,5,68,4,71,3,70,0,135,0,0,0,0,0,0,0,0,0,0,0,0
0,0,122,2,114,7,0,0,2,2,105,0,0,0,0,0,42,1,82,5,348,1,660,0,0,0,172,0,365,0,25,0,83,0,0,0,0,2,0,0,4,0,0,0,1,0,0,0,0,0,0,0,0,0,0,0,0,0,0,0,0,0,0,0,0,0,0,0,0,0,0,0,0,0,3,10,13,2,1,0,0,0,0,0,1,0,31,0,7,0,3,0,6,0,0,0,0,0,1,0,0,0,0,0,0,0,0,0,0,0,0,0,0,0,0,0,0,0,0,0,0,0,0,0,0,0,0,0,0,0,0,0,0,0,2,0,0,0,0,0,0,0,0,0,0,0,0,0,0,0,28,0,47,2,28,2,13,0,0,0,0,0,0,0,0,0,0,0,0,0
0,0,1,123,1,184,0,0,0,1,0,234,0,0,1,0,1,72,3,60,0,161,7,547,0,0,0,841,0,310,0,22,0,90,0,0,0,3,0,0,0,0,0,1,0,5,0,0,0,0,0,0,0,0,0,0,0,0,0,0,0,0,0,0,0,0,0,0,0,0,0,0,0,0,0,8,0,5,0,0,0,0,0,0,0,1,0,28,0,1,0,3,0,0,0,0,0,0,0,0,0,0,0,0,0,0,0,0,0,0,0,0,0,0,0,0,0,0,0,0,0,0,0,0,0,1,0,0,0,0,0,0,0,0,0,2,0,0,0,0,0,0,0,0,0,0,0,0,0,0,4,5,2,13,1,4,1,42,0,0,0,0,0,0,0,0,0,0,0,0
1,0,196,0,345,0,0,0,0,0,284,0,0,0,0,0,12,0,30,0,59,0,38,0,172,0,0,0,99,0,14,0,21,0,0,0,0,0,0,0,0,0,0,0,0,0,0,0,0,0,0,0,0,0,0,0,0,0,0,0,0,0,0,0,0,0,0,0,0,0,0,0,1,0,1,1,8,0,0,0,0,0,0,0,1,0,4,0,2,0,1,0,1,0,0,0,0,0,0,0,0,0,0,0,0,0,0,0,0,0,0,0,0,0,0,0,0,0,0,0,0,0,0,0,0,0,0,0,0,0,0,0,0,0,0,0,0,0,0,0,0,0,0,0,0,0,0,0,0,0,2,0,0,1,3,0,18,0,0,0,0,0,0,0,0,0,0,0,0,0
0,0,1,80,2,507,0,0,0,6,0,320,0,1,0,0,2,11,0,30,0,54,0,77,0,841,0,0,0,147,0,11,0,42,0,0,0,1,0,0,0,0,0,2,0,7,0,0,0,0,0,0,0,0,0,0,0,0,0,0,0,0,0,0,0,0,0,0,0,0,0,0,0,1,2,6,0,13,0,0,0,0,0,0,0,0,1,23,0,0,0,7,0,0,0,0,0,0,0,0,0,0,0,0,0,0,0,0,0,0,0,0,0,0,0,0,0,0,0,0,0,0,0,0,0,1,0,0,0,0,0,0,0,0,0,1,0,1,0,0,0,0,0,0,0,0,0,0,0,0,0,1,0,3,0,1,0,3,0,0,0,0,0,1,0,2,0,0,0,0
3,0,117,17,225,10,9,1,99,0,976,0,3,0,7,0,59,0,147,17,281,3,242,0,365,0,99,0,0,2,101,0,653,0,0,0,2,2,0,0,5,0,0,0,1,0,0,0,0,0,1,0,0,0,0,0,1,0,3,0,2,0,0,0,0,0,1,0,0,0,3,0,2,0,20,10,53,3,8,0,0,0,0,0,5,0,895,0,23,1,9,0,7,0,1,0,0,0,0,0,0,0,0,0,0,0,0,0,0,0,0,0,0,0,0,0,0,0,0,0,0,0,0,0,0,0,0,0,0,0,0,0,0,0,3,2,0,0,0,0,0,0,0,0,0,0,0,0,0,0,48,1,49,3,28,4,27,1,0,0,2,0,2,0,2,0,0,0,0,0
0,1,2,117,2,218,0,0,0,22,0,1060,0,1,0,2,5,93,4,114,0,138,4,142,0,310,0,147,2,0,0,275,1,785,0,0,0,0,0,1,0,28,0,7,0,14,0,0,0,0,0,3,0,0,0,0,0,1,0,18,0,3,0,1,0,0,0,1,0,0,0,0,0,0,0,15,1,54,0,2,0,0,0,0,0,20,0,193,0,37,0,45,0,21,0,0,0,0,0,1,0,0,0,0,0,0,0,0,0,0,0,0,0,0,0,0,0,0,0,0,0,1,0,0,0,4,0,0,0,0,0,1,0,0,0,0,0,0,0,0,0,0,0,0,0,0,0,0,0,0,6,1,1,12,4,11,0,25,0,0,0,0,0,0,0,1,0,1,0,0
0,0,72,4,212,0,3,0,29,0,827,0,2,0,0,0,4,0,51,1,24,1,6,0,25,0,14,0,101,0,0,0,77,1,0,0,0,1,0,0,1,0,0,0,1,0,0,0,0,0,0,0,0,0,0,0,0,0,0,0,1,0,0,0,0,0,0,0,0,0,0,0,0,0,3,5,29,0,4,0,0,0,1,0,0,0,31,0,2,0,2,0,0,0,0,0,0,0,0,0,0,0,0,0,0,0,0,0,0,0,0,0,0,0,0,0,0,0,0,0,0,0,0,0,0,0,0,0,0,0,0,0,0,0,1,0,0,0,0,0,0,0,0,0,0,0,0,0,0,0,4,0,2,2,4,1,2,0,0,0,0,0,0,0,0,0,0,0,0,0
0,4,3,42,0,46,0,1,0,79,0,532,0,8,0,2,0,15,3,27,0,12,1,7,0,22,0,11,0,275,0,0,0,145,0,0,0,3,0,0,0,6,0,0,0,4,0,0,0,0,0,0,0,1,0,0,0,0,0,0,1,0,0,0,0,0,0,0,0,0,0,1,0,0,1,20,0,65,0,5,0,0,0,0,0,0,0,24,0,4,0,6,0,4,0,0,0,0,0,0,0,0,0,0,0,0,0,0,0,0,0,0,0,0,0,0,0,0,0,0,0,0,0,0,0,5,0,0,0,0,0,0,0,1,0,1,0,0,0,0,0,0,0,0,0,1,0,0,0,0,0,0,0,8,1,10,0,7,1,0,0,1,0,2,0,1,0,0,0,0
228,14,346,53,533,73,740,10,1405,17,719,2,726,1,189,36,95,0,458,62,92,2,195,0,83,0,21,0,653,1,77,0,0,6,0,0,169,26,38,2,130,4,31,0,24,1,31,3,21,1,63,1,17,2,62,1,55,0,81,1,339,5,63,2,64,0,70,1,18,1,72,10,82,1,449,85,685,14,70,2,0,0,98,2,477,6,425,1,204,6,20,0,80,4,22,1,1,0,16,2,1,0,2,1,0,3,2,9,2,6,0,0,2,1,0,1,0,0,0,3,0,0,1,0,3,4,10,0,2,0,0,2,1,1,52,1,1,1,0,0,0,0,4,0,42,0,3,3,2,0,27,0,63,9,97,17,50,0,1,0,16,1,19,4,8,1,1,3,10,0
6,121,8,182,10,454,2,776,4,836,1,575,1,990,16,130,0,113,23,98,0,57,4,66,0,90,0,42,0,785,1,145,6,0,0,0,11,132,16,36,3,135,4,17,0,8,4,38,3,33,1,26,0,40,3,36,0,13,0,62,9,135,14,43,11,4,15,99,7,30,22,137,4,35,14,290,7,755,1,22,0,0,3,89,9,332,1,172,15,64,0,14,2,37,2,0,0,0,7,8,2,0,0,0,1,0,2,3,1,2,3,0,2,3,0,1,0,0,0,0,0,1,0,0,0,6,0,4,0,7,0,3,0,1,3,32,1,16,0,3,0,0,0,1,6,17,0,8,0,2,3,2,6,7,14,45,1,21,1,2,0,7,3,19,1,10,1,1,4,0
0,0,0,0,0,0,0,0,0,0,0,0,0,0,0,0,0,0,0,0,0,0,0,0,0,0,0,0,0,0,0,0,0,0,0,0,0,0,0,0,0,0,0,0,0,0,0,0,0,0,0,0,0,0,0,0,0,0,0,0,0,0,0,0,0,0,0,0,0,0,0,0,0,0,0,0,0,0,0,0,0,0,0,0,0,0,0,0,0,0,0,0,0,0,0,0,0,0,0,0,0,0,0,0,0,0,0,0,0,0,0,0,0,0,0,0,0,0,0,0,0,0,0,0,0,0,0,0,0,0,0,0,0,0,0,0,0,0,0,0,0,0,0,0,0,0,0,0,0,0,0,0,0,0,0,0,0,0,0,0,0,0,0,0,0,0,0,0,0,0
0,0,0,0,0,0,0,0,0,0,0,0,0,0,0,0,0,0,0,0,0,0,0,0,0,0,0,0,0,0,0,0,0,0,0,0,0,0,0,0,0,0,0,0,0,0,0,0,0,0,0,0,0,0,0,0,0,0,0,0,0,0,0,0,0,0,0,0,0,0,0,0,0,0,0,0,0,0,0,0,0,0,0,0,0,0,0,0,0,0,0,0,0,0,0,0,0,0,0,0,0,0,0,0,0,0,0,0,0,0,0,0,0,0,0,0,0,0,0,0,0,0,0,0,0,0,0,0,0,0,0,0,0,0,0,0,0,0,0,0,0,0,0,0,0,0,0,0,0,0,0,0,0,0,0,0,0,0,0,0,0,0,0,0,0,0,0,0,0,0
347,186,150,71,146,114,145,28,134,35,7,2,53,13,873,278,1,1,429,48,1,0,0,0,0,0,0,0,2,0,0,0,169,11,0,0,0,227,805,3,74,17,6,1,2,1,47,2,40,2,13,1,28,1,66,2,13,0,5,0,318,51,380,9,69,1,57,15,37,1,3041,14,871,36,406,173,118,23,66,9,0,0,11,0,86,18,2,1,54,8,0,0,16,1,4,3,0,2,35,10,1,2,0,2,1,2,7,19,3,10,1,4,6,2,1,0,0,1,0,0,0,0,2,0,9,2,13,1,21,6,0,4,0,0,81,8,1,2,0,1,0,0,2,0,60,4,6,3,1,0,2,0,35,2,999,22,0,0,2,1,10,3,28,10,12,5,7,3,17,1
77,378,47,463,40,279,10,157,24,212,5,23,5,96,115,2560,3,3,70,758,2,21,3,9,2,3,0,1,2,0,1,3,26,132,0,0,227,0,11,1163,7,128,7,1,0,2,26,22,2,17,0,24,2,11,6,13,0,4,0,5,54,391,16,110,10,46,8,176,5,37,29,1502,62,224,43,402,16,180,13,49,0,0,1,31,13,85,0,0,6,20,0,3,1,7,3,3,0,1,19,16,6,2,4,0,2,3,16,8,4,9,5,3,19,5,0,0,0,0,0,1,0,2,0,0,1,19,0,13,0,26,0,20,0,4,9,91,0,31,0,4,0,4,2,3,11,22,1,25,0,0,8,10,13,241,80,908,1,2,0,3,4,8,6,40,2,33,0,12,25,4
33,1,13,3,8,9,3,2,3,1,0,0,9,2,19,5,0,0,16,1,1,0,0,0,0,0,0,0,0,0,0,0,38,16,0,0,805,11,0,71,73,38,25,7,0,0,972,175,273,88,251,18,102,17,158,11,155,6,75,3,17,3,35,5,41,5,41,8,118,10,1099,173,7,0,30,8,20,13,5,1,0,0,17,7,137,49,2,4,208,20,0,0,92,18,48,0,0,3,5,2,0,2,4,3,0,0,3,4,0,5,2,1,3,3,0,1,0,0,0,5,0,0,1,0,0,0,4,1,7,0,1,1,0,0,6,1,0,0,0,0,0,2,6,0,32,1,0,0,1,0,0,0,16,0,93,1,0,0,1,0,3,1,13,9,5,2,1,1,13,0
3,17,3,39,3,32,1,20,1,14,0,0,0,4,2,94,0,0,5,14,0,0,0,0,0,0,0,0,0,1,0,0,2,36,0,0,3,1163,71,0,41,194,5,69,0,0,133,548,34,251,30,150,7,58,8,41,6,22,12,46,2,15,2,39,3,15,5,30,4,57,76,803,0,2,0,6,2,46,0,1,0,0,2,29,10,159,0,12,9,73,0,0,2,43,3,1,0,1,3,4,0,0,0,3,1,0,2,1,0,1,1,0,6,1,0,0,0,0,0,0,0,0,0,0,0,0,0,0,0,1,0,0,0,0,0,4,0,2,0,1,0,2,0,2,5,7,0,2,0,0,0,0,0,0,3,8,0,0,1,0,1,1,0,16,0,0,0,4,4,1
57,2,13,3,10,4,10,2,3,0,10,1,43,4,21,7,18,0,12,0,8,0,12,0,4,0,0,0,5,0,1,0,130,3,0,0,74,7,73,41,0,74,618,7,403,0,32,68,10,27,167,8,16,1,45,4,48,0,296,3,226,6,165,6,144,4,116,3,19,0,122,116,43,3,87,7,600,6,107,1,0,0,7,6,245,9,339,2,446,5,529,0,582,3,36,4,0,1,45,9,4,3,2,4,2,5,6,15,7,14,2,6,7,1,1,0,0,0,0,6,2,4,14,0,14,0,10,1,3,0,0,0,12,0,24,11,0,0,189,1,0,0,57,1,533,3,3,1,2,0,1,0,5,0,7,2,29,1,10,0,11,1,125,6,15,0,2,4,21,1
8,58,1,29,1,55,1,15,2,19,0,19,1,53,6,89,0,1,1,4,0,1,0,1,0,0,0,0,0,28,0,6,4,135,0,0,17,128,38,194,74,0,6,361,0,271,17,143,4,13,10,203,2,16,4,18,1,36,3,528,3,201,17,51,9,9,12,55,4,8,79,367,2,96,5,90,5,509,3,50,0,0,0,7,15,52,1,423,9,340,0,379,8,773,7,2,10,3,14,37,5,1,4,1,6,2,13,13,14,11,10,1,22,13,1,2,1,1,2,7,0,2,0,1,0,32,0,10,0,19,1,8,0,5,2,9,1,0,0,216,0,76,0,95,14,491,0,33,1,3,1,0,0,1,2,4,1,17,1,5,1,26,0,190,2,33,1,13,42,3
4,17,0,6,1,9,0,3,0,1,0,0,0,5,2,14,2,0,2,0,1,0,1,0,0,0,0,0,0,0,0,0,31,4,0,0,6,7,25,5,618,6,0,0,173,0,128,6,5,2,695,0,3,1,8,1,10,0,1731,0,3,14,4,2,3,0,4,4,3,0,151,10,1,6,4,16,64,5,11,1,0,0,0,1,44,0,25,0,63,1,90,0,136,0,36,34,4,22,11,6,12,9,9,11,4,11,33,63,10,32,10,10,1,0,9,3,1,0,1,2,0,0,1,0,1,0,0,1,0,0,0,0,0,0,0,2,0,0,0,0,0,0,7,0,16,1,0,0,0,0,0,0,0,0,0,0,1,0,120,2,3,0,18,3,1,0,0,15,2,0
4,1,0,7,0,11,0,3,0,0,0,11,1,0,1,4,0,3,0,6,0,8,0,3,0,1,0,2,0,7,0,0,0,17,0,0,1,1,7,69,7,361,0,0,0,623,3,57,0,2,3,541,1,0,0,1,0,11,2,1371,5,5,0,2,2,0,0,1,0,2,8,158,2,4,0,4,2,94,0,8,0,0,0,1,1,14,0,72,1,46,0,225,0,77,1,17,3,20,2,31,0,5,1,3,1,8,11,25,7,13,2,0,3,1,0,1,3,0,2,1,0,0,0,0,0,2,0,1,0,0,0,1,0,0,0,0,0,0,0,9,0,2,0,3,2,15,0,5,0,1,2,1,0,0,0,1,0,3,0,0,0,0,0,3,1,2,0,9,4,0
1,0,2,0,0,0,0,0,0,0,0,0,1,0,1,2,143,0,2,0,3,0,36,0,1,0,0,0,1,0,1,0,24,0,0,0,2,0,0,0,403,0,173,0,0,0,0,0,0,0,1,0,0,0,0,0,1,0,0,0,2,1,1,0,1,0,1,0,0,0,2,1,0,0,8,0,198,0,59,0,0,0,0,0,0,0,91,0,40,0,139,0,28,0,1,1,0,0,1,0,0,0,1,0,0,0,1,0,0,0,0,1,2,0,0,0,0,0,0,0,0,4,0,0,6,0,0,0,0,0,0,0,8,0,8,1,0,0,1,0,0,0,0,0,4,0,0,0,0,0,3,0,1,0,0,0,107,2,0,0,0,0,12,0,4,0,0,0,0,0
0,5,0,23,3,34,0,0,0,2,0,24,0,0,0,4,0,187,0,18,0,34,0,80,0,5,0,7,0,14,0,4,1,8,0,0,1,2,0,0,0,271,0,623,0,0,0,0,0,2,0,1,0,0,0,0,0,0,0,63,0,2,0,1,0,0,1,1,0,0,0,2,1,3,0,27,0,299,1,57,0,0,0,0,0,1,0,338,0,10,0,307,0,38,0,1,0,0,1,1,0,0,0,0,0,0,0,0,0,1,1,0,4,1,0,0,0,0,0,0,0,3,0,0,0,48,0,0,0,0,0,6,0,9,0,5,0,3,0,5,0,1,0,1,0,5,0,0,0,0,1,1,0,4,0,3,3,260,1,0,0,4,0,39,1,25,0,2,3,0
9,0,4,3,3,5,2,1,0,2,0,0,2,1,9,13,0,0,4,2,0,0,0,0,0,0,0,0,0,0,0,0,31,4,0,0,47,26,972,133,32,17,128,3,0,0,0,537,6343,359,4227,69,2400,87,999,17,462,11,120,10,6,3,40,5,15,1,9,0,18,5,1925,259,6,0,7,0,28,18,3,0,0,0,13,3,103,46,0,9,150,34,0,0,47,32,470,1,0,1,4,2,1,0,153,0,0,0,1,4,0,3,1,0,2,0,0,0,0,0,0,1,0,0,0,0,0,0,0,0,1,0,0,0,0,0,2,1,0,0,0,0,0,0,4,1,9,0,1,1,0,0,0,0,0,0,2,0,0,0,3,1,1,1,6,2,0,0,1,1,7,0
0,5,2,3,0,4,0,2,0,1,0,0,0,4,0,4,0,0,0,0,0,0,0,0,0,0,0,0,0,0,0,0,3,38,0,0,2,22,175,548,68,143,6,57,0,0,537,0,159,3903,115,2918,27,2089,24,1318,30,572,31,323,2,15,1,27,3,4,0,10,2,20,323,1597,0,0,0,1,4,77,1,1,0,0,1,10,16,244,0,29,26,253,0,1,25,146,14,9,1,2,1,2,0,0,0,4,0,1,1,0,1,0,2,0,4,0,0,0,0,0,0,0,0,0,0,0,0,0,0,1,0,1,0,1,0,0,0,0,0,0,0,3,0,2,0,0,2,2,0,0,0,0,0,0,0,0,0,0,0,0,0,0,1,3,0,6,0,0,0,0,3,0
8,2,7,1,2,0,2,0,3,0,0,0,1,1,19,2,0,0,2,0,0,0,0,0,0,0,0,0,0,0,0,0,21,3,0,0,40,2,273,34,10,4,5,0,0,0,6343,159,0,189,471,18,3535,65,963,3,113,4,36,1,6,1,136,1,34,0,5,1,18,1,1376,44,8,0,7,1,18,3,3,0,0,0,8,4,68,8,0,1,63,8,0,0,46,4,30,1,0,0,2,1,1,1,6,0,1,0,1,1,0,0,0,0,1,0,0,0,0,0,0,0,0,0,0,0,0,0,1,0,0,0,0,0,0,0,0,0,0,0,0,0,0,0,1,0,6,0,0,0,0,0,0,0,0,0,3,0,0,0,1,0,0,0,2,0,1,0,1,3,1,0
0,16,0,13,0,5,0,1,0,0,0,0,1,0,0,4,0,0,1,0,0,0,0,0,0,0,0,0,0,0,0,0,1,33,0,0,2,17,88,251,27,13,2,2,0,2,359,3903,189,0,49,333,18,3989,27,820,25,146,5,25,1,50,3,385,5,48,1,38,1,77,118,2226,0,2,1,2,3,30,0,0,0,0,0,24,10,223,0,9,10,225,0,1,12,86,8,0,0,1,1,2,0,0,1,0,0,1,1,0,0,0,0,0,2,0,0,0,1,0,0,0,0,0,0,0,0,0,0,0,0,2,0,1,0,0,0,0,0,0,0,0,0,1,0,1,2,2,0,1,1,0,0,0,0,0,0,0,0,0,0,0,0,0,0,5,1,0,0,1,2,0
9,0,6,2,2,1,0,0,0,0,0,0,2,1,6,3,0,0,1,0,0,0,0,0,0,0,0,0,1,0,0,0,63,1,0,0,13,0,251,30,167,10,695,3,1,0,4227,115,471,49,0,18,511,12,1574,2,1283,2,1253,1,11,0,9,3,4,0,1,2,5,0,1049,60,4,1,9,0,60,6,3,0,0,0,10,1,153,4,5,2,197,1,0,0,151,10,760,2,8,2,55,2,290,1,135,1,1,1,6,2,3,4,1,0,3,10,7,10,1,0,1,5,0,0,1,0,1,0,1,0,1,0,0,0,0,0,1,0,0,0,0,0,0,0,5,0,19,1,0,0,0,0,0,0,0,0,1,1,0,0,1,0,0,0,4,0,1,0,0,4,8,0
0,5,0,1,0,8,0,2,0,1,0,0,0,2,0,5,0,0,0,0,0,0,0,0,0,0,0,0,0,3,0,0,1,26,0,0,1,24,18,150,8,203,0,541,0,1,69,2918,18,333,18,0,3,497,8,661,5,938,2,1387,0,8,0,12,0,8,1,8,0,3,26,877,0,5,0,4,1,84,0,2,0,0,0,9,3,190,1,43,7,444,0,4,10,280,4,59,1,2,3,60,4,25,3,233,1,0,4,0,3,6,1,0,32,202,5,101,9,0,2,1,0,0,0,0,0,1,0,2,0,2,0,0,0,0,0,0,0,0,0,4,0,2,1,2,3,5,0,3,0,0,0,0,0,0,0,0,0,0,0,0,0,1,0,2,0,0,0,4,5,1
11,0,13,0,3,2,1,0,1,0,0,0,0,0,14,0,0,0,3,0,0,0,0,0,0,0,0,0,0,0,0,0,17,0,0,0,28,2,102,7,16,2,3,1,0,0,2400,27,3535,18,511,3,0,5,4823,1,374,1,60,0,11,3,685,5,77,2,5,0,76,0,599,16,9,0,3,1,15,1,3,0,0,0,19,1,71,5,1,0,99,2,0,0,40,2,80,0,0,0,3,1,0,1,6,0,0,0,0,1,0,2,1,1,0,0,0,0,0,0,0,1,0,0,1,0,0,0,3,0,2,0,0,0,0,0,1,0,0,0,0,0,0,0,1,0,7,1,0,0,0,0,0,0,0,0,2,0,0,0,0,0,0,0,4,2,2,0,0,0,1,0
0,8,0,3,0,9,0,1,0,0,0,0,0,1,2,1,0,0,0,0,0,0,0,0,0,0,0,0,0,0,0,1,2,40,0,0,1,11,17,58,1,16,1,0,0,0,87,2089,65,3989,12,497,5,0,3,4444,4,430,2,67,0,65,1,905,1,138,1,49,1,579,19,432,0,1,0,2,0,36,0,0,0,0,0,23,5,180,0,10,6,469,0,0,7,154,1,1,1,0,0,0,0,0,0,0,0,0,0,0,0,0,0,0,0,0,0,0,0,0,0,0,0,0,0,0,0,0,0,0,1,0,0,1,0,0,0,0,0,0,0,1,0,1,0,0,0,0,0,1,0,0,0,0,0,0,0,0,0,0,0,0,0,1,1,4,0,0,0,0,3,0
58,3,27,1,14,1,8,0,2,1,0,0,10,0,42,4,0,0,2,0,0,0,0,0,0,0,0,0,0,0,0,0,62,3,0,0,66,6,158,8,45,4,8,0,0,0,999,24,963,27,1574,8,4823,3,0,2,3772,0,485,0,72,2,805,8,881,2,34,2,1386,1,442,31,14,1,28,2,61,4,5,0,0,0,29,3,282,9,4,0,2588,3,0,0,412,6,316,0,1,0,9,2,0,0,1,0,0,1,2,4,1,4,4,4,2,2,1,0,0,1,0,6,2,0,1,0,2,0,3,0,3,0,2,1,1,0,8,0,1,0,0,0,0,3,4,1,26,0,0,0,3,0,0,0,0,0,10,0,0,0,0,0,3,0,13,1,3,0,2,4,3,0
0,12,0,3,0,5,0,0,0,0,0,0,0,3,0,1,0,0,0,0,0,0,0,0,0,0,0,0,0,0,0,0,1,36,0,0,2,13,11,41,4,18,1,1,0,0,17,1318,3,820,2,661,1,4444,2,0,2,2687,1,69,0,149,3,268,3,194,1,84,0,1571,14,171,1,1,0,1,1,36,0,2,0,0,1,31,1,215,0,8,6,3379,0,1,3,667,0,0,0,0,0,1,0,0,0,0,0,0,2,0,0,0,0,0,0,1,0,0,0,0,0,0,0,0,0,0,0,0,0,0,0,0,0,0,0,0,0,2,0,0,0,0,0,0,0,1,1,0,0,0,0,0,0,0,0,0,0,0,0,0,0,0,1,0,0,0,0,0,0,2,0,1
12,0,8,0,4,4,4,0,2,0,1,0,2,0,4,0,0,0,0,0,1,0,1,0,0,0,0,0,1,0,0,0,55,0,0,0,13,0,155,6,48,1,10,0,1,0,462,30,113,25,1283,5,374,4,3772,2,0,2,1509,0,11,1,12,0,18,0,5,0,14,2,91,19,6,0,1,1,45,3,6,1,0,0,2,1,167,8,11,0,598,6,0,0,1086,0,402,0,0,0,3,3,2,0,12,1,1,0,2,1,0,2,2,1,2,0,1,1,0,0,0,1,0,0,1,0,1,0,2,0,2,0,0,0,0,0,0,1,0,0,0,0,0,0,7,1,13,0,0,0,0,0,1,0,1,0,0,0,0,0,1,0,0,0,5,0,2,0,2,0,5,0
0,0,0,1,0,0,0,0,0,0,0,1,0,0,0,0,0,0,0,0,0,0,0,0,0,0,0,0,0,1,0,0,0,13,0,0,0,4,6,22,0,36,0,11,0,0,11,572,4,146,2,938,1,430,0,2687,2,0,0,1398,1,2,1,3,0,1,0,1,0,3,6,65,0,0,0,0,1,18,0,0,0,0,0,7,2,78,0,32,1,427,0,4,7,1140,1,3,0,0,0,0,0,0,0,0,0,0,0,0,1,0,1,0,0,0,0,0,0,0,0,0,0,0,0,0,0,0,0,0,0,1,0,0,0,0,0,0,0,0,0,0,0,1,0,1,1,1,0,0,0,0,0,0,0,0,0,0,0,0,0,0,0,0,0,0,0,0,0,0,1,0
3,0,2,0,2,1,2,0,1,0,0,0,1,0,0,1,1,0,1,0,1,0,0,0,0,0,0,0,3,0,0,0,81,0,0,0,5,0,75,12,296,3,1731,2,0,0,120,31,36,5,1253,2,60,2,485,1,1509,0,0,1,6,1,4,0,6,0,0,0,1,0,155,8,0,0,8,0,102,0,6,0,0,0,1,0,182,2,78,1,352,2,803,0,2419,0,837,1,0,2,7,0,25,0,38,1,0,1,0,2,0,0,0,0,0,0,4,0,0,0,0,0,0,0,0,0,0,0,1,0,1,0,0,0,0,0,1,0,0,0,1,0,0,0,8,0,30,1,0,0,0,0,0,0,0,0,0,0,1,0,1,0,0,0,4,0,1,0,1,1,2,0
0,2,0,4,0,10,0,0,0,3,0,13,0,0,0,0,0,0,1,4,0,0,0,0,0,0,0,0,0,18,0,0,1,62,0,0,0,5,3,46,3,528,0,1371,0,63,10,323,1,25,1,1387,0,67,0,69,0,1398,1,0,0,2,0,3,0,0,0,0,0,0,14,152,0,0,0,6,1,191,0,5,0,0,0,1,0,108,0,313,0,714,0,509,2,3498,2,34,0,0,2,2,0,0,1,29,0,0,2,0,0,0,1,0,0,1,1,0,0,0,0,1,0,1,0,0,0,0,0,0,0,0,0,1,0,0,0,0,0,0,0,7,0,7,0,4,1,9,0,1,0,0,0,0,0,0,0,0,1,3,0,0,0,0,0,6,0,0,0,1,1,0
5471,60,218,23,127,30,354,5,74,6,8,1,1368,8,321,76,0,0,18,4,0,1,0,0,0,0,0,0,2,0,1,1,339,9,0,0,318,54,17,2,226,3,3,5,2,0,6,2,6,1,11,0,11,0,72,0,11,1,6,0,0,22,1088,7,2114,0,1411,8,135,1,522,12,973,6,827,81,270,14,72,3,0,0,171,2,570,6,4,0,375,1,0,0,29,1,6,12,4,7,47,7,7,1,0,4,3,3,3,29,4,27,3,14,12,7,1,2,1,1,0,4,2,0,0,0,7,0,22,1,40,2,2,3,2,0,86,4,2,2,0,2,0,1,3,0,111,2,5,0,1,0,1,0,3,1,27,2,0,0,3,0,20,2,95,4,35,6,4,15,26,2
26,5201,8,107,5,236,3,136,2,71,0,1,2,910,25,425,0,0,3,5,0,0,0,0,0,0,0,0,0,3,0,0,5,135,0,0,51,391,3,15,6,201,14,5,1,2,3,15,1,50,0,8,3,65,2,149,1,2,1,2,22,0,32,3110,13,1061,16,2072,5,282,21,317,28,865,15,286,9,349,3,60,0,0,0,18,12,172,0,4,4,459,0,1,0,62,15,1,4,0,22,20,5,0,7,3,1,1,15,10,14,14,6,1,42,14,1,1,0,1,0,2,0,1,0,0,0,8,1,14,2,46,0,27,0,0,2,79,0,12,0,4,0,3,0,5,7,36,0,44,0,0,0,0,0,0,7,10,0,0,1,8,0,16,7,56,0,46,4,18,55,2
338,12,66,12,28,8,18,0,6,5,2,0,18,10,213,15,0,0,20,1,0,0,0,0,0,0,0,0,0,0,0,0,63,14,0,0,380,16,35,2,165,17,4,0,1,0,40,1,136,3,9,0,685,1,805,3,12,1,4,0,1088,32,0,13,886,8,80,21,518,7,1037,23,347,12,151,25,93,6,36,3,0,0,11,12,70,16,4,0,126,1,1,1,12,0,5,7,1,6,44,4,5,2,1,0,1,2,11,16,5,15,1,3,16,6,3,3,0,1,0,2,0,0,0,0,10,0,11,0,33,4,1,0,1,0,34,3,0,0,0,0,0,0,4,1,71,2,0,1,1,0,0,0,2,0,55,1,0,0,0,1,16,2,49,2,17,5,6,5,18,1
6,84,1,41,0,22,3,5,0,10,0,0,5,17,2,50,0,0,0,1,0,0,0,0,0,0,0,0,0,1,0,0,2,43,0,0,9,110,5,39,6,51,2,2,0,1,5,27,1,385,3,12,5,905,8,268,0,3,0,3,7,3110,13,0,11,1136,6,704,12,980,19,1293,1,466,3,20,1,51,0,4,0,0,0,21,12,69,1,1,17,91,0,0,1,13,2,1,0,0,9,5,2,1,2,0,2,1,7,2,2,4,3,0,6,3,1,0,0,1,0,3,0,0,0,0,0,0,1,1,1,7,0,3,0,0,0,9,0,1,0,3,0,1,1,0,6,1,0,0,1,0,0,0,0,0,2,1,0,0,2,1,2,3,4,11,1,5,3,6,12,1
381,9,36,6,33,9,47,2,7,1,1,0,64,5,39,9,0,0,11,1,0,0,0,0,0,0,0,0,0,0,0,0,64,11,0,0,69,10,41,3,144,9,3,2,1,0,15,3,34,5,4,0,77,1,881,3,18,0,6,0,2114,13,886,11,0,6,1744,15,2280,5,142,28,46,1,124,9,87,7,11,3,0,0,12,8,189,16,1,0,432,4,0,0,26,1,7,5,1,6,28,6,2,0,0,2,3,2,2,16,0,14,5,5,14,6,1,1,0,1,0,2,0,0,1,0,4,0,13,0,25,1,1,1,3,0,29,1,1,0,0,0,1,0,2,0,54,1,1,1,0,0,0,0,0,0,12,3,1,0,4,0,8,0,45,6,17,1,1,5,16,2
2,47,0,8,0,25,0,4,0,0,0,0,0,7,0,8,0,0,0,1,0,0,0,0,0,0,0,0,0,0,0,0,0,4,0,0,1,46,5,15,4,9,0,0,0,0,1,4,0,48,0,8,2,138,2,194,0,1,0,0,0,1061,8,1136,6,0,3,2621,0,1233,8,114,1,0,0,1,2,9,0,0,0,0,3,5,4,30,0,0,4,80,0,0,0,3,0,1,1,0,0,1,0,0,0,0,0,0,0,1,0,1,1,0,2,0,0,0,0,0,0,0,0,0,1,0,1,0,0,0,0,2,0,0,0,0,0,1,0,2,0,0,0,0,1,0,2,0,0,0,0,0,0,0,0,0,0,1,0,0,0,1,0,0,0,0,0,0,0,0,0,0
387,4,35,5,49,7,112,2,23,2,0,0,252,5,51,0,0,0,5,0,0,0,0,0,0,0,0,0,1,0,0,0,70,15,0,0,57,8,41,5,116,12,4,0,1,1,9,0,5,1,1,1,5,1,34,1,5,0,0,0,1411,16,80,6,1744,3,0,6,200,6,65,22,31,1,97,4,81,8,20,4,0,0,33,2,849,11,1,0,248,3,1,0,7,0,2,3,0,5,24,4,2,1,0,4,2,2,4,13,3,14,1,2,9,4,1,2,0,0,0,2,0,0,0,0,3,0,8,0,11,3,0,0,0,0,22,2,0,0,0,1,0,0,0,0,38,2,2,1,1,0,0,0,0,0,11,0,0,0,4,0,13,3,39,4,12,7,5,3,13,1
7,614,3,85,5,289,1,260,0,49,0,1,1,861,9,60,0,0,3,1,0,0,0,0,0,0,0,0,0,1,0,0,1,99,0,0,15,176,8,30,3,55,4,1,0,1,0,10,1,38,2,8,0,49,2,84,0,1,0,0,8,2072,21,704,15,2621,6,0,4,565,14,241,3,50,6,53,1,105,1,4,0,0,1,40,11,630,0,0,6,140,0,0,0,8,1,0,1,0,4,5,0,0,1,0,1,0,2,2,0,0,2,1,7,3,0,0,0,0,0,1,0,0,0,0,0,2,1,1,0,3,0,3,1,0,2,12,0,3,0,1,0,1,0,1,4,4,0,3,0,0,0,0,0,0,2,1,0,0,0,0,1,5,2,12,0,4,0,6,15,1
164,1,28,0,11,2,12,1,4,1,0,0,3,1,26,4,0,0,2,0,0,0,0,0,0,0,0,0,0,0,0,0,18,7,0,0,37,5,118,4,19,4,3,0,0,0,18,2,18,1,5,0,76,1,1386,0,14,0,1,0,135,5,518,12,2280,0,200,4,0,0,166,18,11,4,22,6,24,9,4,0,0,0,15,7,317,25,2,2,2184,7,0,0,38,0,3,0,0,1,3,0,0,1,0,0,1,0,1,3,0,1,0,0,4,0,0,0,0,0,0,1,0,0,1,0,0,0,1,0,1,0,0,0,2,0,5,1,0,0,0,0,0,1,4,0,11,0,1,0,0,0,0,0,0,0,1,0,0,0,1,0,5,1,8,1,3,0,0,2,3,1
3,86,2,10,0,49,3,10,0,1,0,0,0,21,1,6,0,0,0,0,0,0,0,0,0,0,0,0,0,0,0,0,1,30,0,0,1,37,10,57,0,8,0,2,0,0,5,20,1,77,0,3,0,579,1,1571,2,3,0,0,1,282,7,980,5,1233,6,565,0,0,11,184,1,2,1,3,2,15,0,2,0,0,0,32,5,532,0,2,6,1714,0,0,1,21,1,0,0,0,1,0,0,0,0,0,0,0,0,0,0,1,0,0,1,0,0,0,0,0,0,0,0,0,0,0,0,0,0,0,0,0,0,0,0,0,0,0,0,0,0,1,0,1,0,0,1,1,0,0,0,0,0,0,0,0,0,1,0,0,0,0,0,1,0,1,0,2,0,3,0,0
250,25,69,6,18,17,24,4,10,0,0,0,17,3,334,32,0,0,20,4,0,1,0,0,0,0,0,0,3,0,0,0,72,22,0,0,3041,29,1099,76,122,79,151,8,2,0,1925,323,1376,118,1049,26,599,19,442,14,91,6,155,14,522,21,1037,19,142,8,65,14,166,11,0,230,1120,15,146,19,87,38,17,1,0,0,29,8,148,67,2,7,219,33,0,1,115,27,34,6,0,7,31,6,2,4,3,1,3,2,6,10,4,11,4,2,6,1,2,4,0,0,0,2,0,0,2,0,5,0,18,0,33,4,0,1,1,0,28,6,0,1,0,1,0,2,4,1,67,4,1,2,0,1,0,0,4,0,84,1,1,0,2,0,7,4,40,4,8,6,5,13,21,3
13,159,7,228,6,109,4,47,2,25,0,1,4,33,10,338,0,0,3,9,0,0,0,0,0,0,0,0,0,0,0,1,10,137,0,0,14,1502,173,803,116,367,10,158,1,2,259,1597,44,2226,60,877,16,432,31,171,19,65,8,152,12,317,23,1293,28,114,22,241,18,184,230,0,6,603,13,46,12,182,2,8,0,0,4,78,42,321,0,16,53,180,0,2,19,86,8,1,4,1,20,12,10,2,3,0,2,1,18,12,5,9,9,1,26,15,0,1,0,0,0,2,0,0,1,0,0,2,0,3,0,27,0,10,0,0,2,21,0,6,0,4,0,3,1,3,14,14,0,5,0,0,0,0,0,0,2,6,0,0,0,4,2,16,5,41,2,5,2,15,38,5
717,69,206,14,27,14,51,2,16,2,1,0,44,6,1074,95,0,0,10,2,0,0,0,0,0,0,1,0,2,0,0,0,82,4,0,0,871,62,7,0,43,2,1,2,0,1,6,0,8,0,4,0,9,0,14,1,6,0,0,0,973,28,347,1,46,1,31,3,11,1,1120,6,0,23,253,59,76,3,19,2,0,0,4,0,41,2,0,0,31,0,1,0,10,1,1,4,0,2,20,2,0,2,0,2,0,0,3,4,0,7,0,4,5,7,0,0,0,0,0,0,0,1,1,0,6,1,12,1,5,1,0,2,2,0,44,1,0,0,0,0,0,0,0,0,48,2,5,2,0,0,0,0,0,0,13,0,0,0,1,2,8,0,30,4,15,2,3,0,5,0
15,221,3,137,0,53,1,28,1,20,0,4,0,44,7,455,0,0,0,5,0,0,0,1,0,0,0,1,0,0,0,0,1,35,0,0,36,224,0,2,3,96,6,4,0,3,0,0,0,2,1,5,0,1,1,1,0,0,0,0,6,865,12,466,1,0,1,50,4,2,15,603,23,0,4,113,3,145,0,21,0,0,0,2,2,7,0,0,0,3,0,0,0,0,1,1,5,0,6,1,7,0,1,2,2,0,7,3,8,4,2,1,12,3,0,0,0,0,0,1,0,1,0,0,0,2,1,16,0,24,0,17,0,0,0,38,0,5,0,0,0,2,0,4,1,29,0,30,0,0,0,0,0,0,0,4,0,0,0,9,0,5,1,23,1,23,0,11,13,4
841,92,287,98,703,141,292,40,416,23,48,9,126,9,274,87,134,19,231,89,9,52,9,9,3,0,1,2,20,0,3,1,449,14,0,0,406,43,30,0,87,5,4,0,8,0,7,0,7,1,9,0,3,0,28,0,1,0,8,0,827,15,151,3,124,0,97,6,22,1,146,13,253,4,0,710,817,21,361,3,0,0,10,1,127,4,9,0,91,2,1,0,12,1,6,5,0,2,55,7,2,2,3,3,2,3,9,13,3,14,2,5,18,11,3,0,0,0,1,0,0,56,5,0,108,1,59,0,41,0,2,6,5,0,236,42,3,6,0,1,0,0,2,0,177,3,9,0,7,0,5,5,142,28,565,30,46,42,4,1,39,2,79,9,27,7,5,10,22,2
183,931,167,370,229,1216,38,556,102,656,35,111,13,172,128,405,12,125,229,282,14,79,6,42,10,8,1,6,10,15,5,20,85,290,0,0,173,402,8,6,7,90,16,4,0,27,0,1,1,2,0,4,1,2,2,1,1,0,0,6,81,286,25,20,9,1,4,53,6,3,19,46,59,113,710,0,49,2731,31,298,0,0,0,8,21,44,4,13,11,11,1,6,1,4,2,2,0,1,19,17,3,0,2,0,1,1,8,6,1,8,1,4,31,3,0,0,1,1,0,0,0,22,1,1,1,100,2,38,0,69,0,48,0,8,20,187,1,81,0,3,0,2,1,7,12,39,0,76,0,0,14,8,65,48,87,234,11,194,2,8,6,19,6,83,4,45,5,16,55,4
187,4,165,26,267,38,102,4,269,5,168,7,116,1,121,17,368,1,196,26,24,2,29,0,13,0,8,0,53,1,29,0,685,7,0,0,118,16,20,2,600,5,64,2,198,0,28,4,18,3,60,1,15,0,61,1,45,1,102,1,270,9,93,1,87,2,81,1,24,2,87,12,76,3,817,49,0,10,1013,0,0,0,8,1,219,7,181,5,226,10,96,1,278,3,13,2,1,2,14,4,5,0,1,1,2,1,2,10,3,6,3,2,7,2,0,0,0,0,0,3,0,16,2,0,73,2,7,0,8,0,1,0,10,0,177,5,4,2,0,0,0,0,18,0,118,0,2,0,2,0,16,0,27,7,46,11,318,9,5,0,18,1,47,3,13,0,2,2,15,2
18,190,19,282,16,593,2,123,9,363,4,231,0,355,27,274,5,264,36,188,3,20,2,23,2,5,0,13,3,54,0,65,14,755,0,0,23,180,13,46,6,509,5,94,0,299,18,77,3,30,6,84,1,36,4,36,3,18,0,191,14,349,6,51,7,9,8,105,9,15,38,182,3,145,21,2731,10,0,9,590,0,0,2,41,18,150,0,211,13,131,1,112,2,135,4,3,1,1,13,10,1,0,1,1,3,1,12,7,4,1,6,0,6,1,0,0,0,1,0,1,0,8,0,1,2,51,0,6,0,26,0,10,1,7,1,38,0,13,0,35,0,13,1,13,7,56,0,21,0,3,5,7,14,31,22,84,8,870,1,5,2,7,2,73,3,23,3,11,22,1
108,11,99,23,173,31,88,2,118,7,21,0,49,4,139,16,5,0,99,16,1,1,0,0,1,0,0,0,8,0,4,0,70,1,0,0,66,13,5,0,107,3,11,0,59,1,3,1,3,0,3,0,3,0,5,0,6,0,6,0,72,3,36,0,11,0,20,1,4,0,17,2,19,0,361,31,1013,9,0,1,0,0,3,0,49,4,10,0,17,0,15,0,12,2,5,0,0,0,11,2,0,1,1,3,0,0,2,2,0,3,0,4,5,0,1,1,0,0,0,1,0,4,0,0,19,1,7,0,1,1,1,0,6,0,95,3,6,0,0,0,0,0,2,1,31,0,1,0,0,0,4,0,9,2,30,4,28,4,0,0,7,0,25,0,5,1,1,3,7,0
6,79,1,63,1,84,2,28,0,63,1,20,0,55,8,108,2,1,5,23,0,0,0,0,0,0,0,0,0,2,0,5,2,22,0,0,9,49,1,1,1,50,1,8,0,57,0,1,0,0,0,2,0,0,0,2,1,0,0,5,3,60,3,4,3,0,4,4,0,2,1,8,2,21,3,298,0,590,1,0,0,0,1,6,1,9,0,18,0,7,0,8,0,8,1,0,0,1,2,5,0,0,1,0,0,0,3,3,0,0,0,0,9,1,1,0,0,0,0,2,0,0,0,0,0,34,0,1,0,3,0,5,0,13,0,13,0,8,0,3,0,0,1,1,2,8,0,6,0,0,1,0,0,2,6,17,0,22,0,1,0,5,0,58,0,33,1,0,18,0
0,0,0,0,0,0,0,0,0,0,0,0,0,0,0,0,0,0,0,0,0,0,0,0,0,0,0,0,0,0,0,0,0,0,0,0,0,0,0,0,0,0,0,0,0,0,0,0,0,0,0,0,0,0,0,0,0,0,0,0,0,0,0,0,0,0,0,0,0,0,0,0,0,0,0,0,0,0,0,0,0,0,0,0,0,0,0,0,0,0,0,0,0,0,0,0,0,0,0,0,0,0,0,0,0,0,0,0,0,0,0,0,0,0,0,0,0,0,0,0,0,0,0,0,0,0,0,0,0,0,0,0,0,0,0,0,0,0,0,0,0,0,0,0,0,0,0,0,0,0,0,0,0,0,0,0,0,0,0,0,0,0,0,0,0,0,0,0,0,0
0,0,0,0,0,0,0,0,0,0,0,0,0,0,0,0,0,0,0,0,0,0,0,0,0,0,0,0,0,0,0,0,0,0,0,0,0,0,0,0,0,0,0,0,0,0,0,0,0,0,0,0,0,0,0,0,0,0,0,0,0,0,0,0,0,0,0,0,0,0,0,0,0,0,0,0,0,0,0,0,0,0,0,0,0,0,0,0,0,0,0,0,0,0,0,0,0,0,0,0,0,0,0,0,0,0,0,0,0,0,0,0,0,0,0,0,0,0,0,0,0,0,0,0,0,0,0,0,0,0,0,0,0,0,0,0,0,0,0,0,0,0,0,0,0,0,0,0,0,0,0,0,0,0,0,0,0,0,0,0,0,0,0,0,0,0,0,0,0,0
22,0,7,0,13,3,24,0,8,1,0,0,272,1,9,1,0,0,4,0,0,0,0,0,0,0,0,0,0,0,1,0,98,3,0,0,11,1,17,2,7,0,0,0,0,0,13,1,8,0,10,0,19,0,29,1,2,0,1,0,171,0,11,0,12,3,33,1,15,0,29,4,4,0,10,0,8,2,3,1,0,0,0,0,190,4,0,0,45,2,0,0,3,2,2,0,0,0,4,0,0,0,0,0,0,0,1,2,0,0,0,0,0,0,0,0,0,0,0,0,0,0,1,0,0,0,0,0,2,0,0,0,0,0,3,0,0,0,0,0,0,0,1,0,14,0,0,0,1,0,0,0,0,0,3,0,0,0,0,0,1,0,0,0,0,0,0,2,1,0
4,15,0,10,1,42,0,25,0,37,0,0,0,274,6,14,0,0,0,2,0,0,0,0,0,0,0,0,0,0,0,0,2,89,0,0,0,31,7,29,6,7,1,1,0,0,3,10,4,24,1,9,1,23,3,31,1,7,0,1,2,18,12,21,8,5,2,40,7,32,8,78,0,2,1,8,1,41,0,6,0,0,0,0,12,272,0,3,11,13,0,0,4,2,0,0,0,0,4,1,0,0,0,0,0,0,1,0,1,0,1,0,5,1,0,0,0,0,0,0,0,0,0,0,0,0,0,0,0,0,0,2,0,1,0,2,0,1,0,0,0,0,0,0,2,0,0,0,0,0,0,0,0,0,1,1,0,0,1,1,1,0,0,3,0,1,0,0,3,0
738,5,135,6,159,21,298,5,114,3,11,1,739,3,146,15,0,0,13,1,2,0,0,0,1,0,1,0,5,0,0,0,477,9,0,0,86,13,137,10,245,15,44,1,0,0,103,16,68,10,153,3,71,5,282,1,167,2,182,0,570,12,70,12,189,4,849,11,317,5,148,42,41,2,127,21,219,18,49,1,0,0,190,12,0,35,756,2,4025,15,1,0,261,8,80,4,0,0,19,3,2,2,4,0,0,1,2,10,2,6,1,7,8,4,1,1,0,0,0,3,0,0,2,1,2,0,10,0,11,1,0,0,4,0,28,1,1,1,1,0,0,2,4,1,67,0,0,1,2,0,1,0,1,0,9,0,0,0,5,1,4,0,43,10,6,4,6,6,18,0
8,262,3,78,7,377,3,203,3,87,0,5,0,208,12,65,0,0,2,3,0,0,0,0,0,1,0,0,0,20,0,0,6,332,0,0,18,85,49,159,9,52,0,14,0,1,46,244,8,223,4,190,5,180,9,215,8,78,2,108,6,172,16,69,16,30,11,630,25,532,67,321,2,7,4,44,7,150,4,9,0,0,4,272,35,0,0,1099,33,2466,0,17,13,80,3,0,0,1,5,6,1,0,2,0,0,0,2,1,0,1,1,0,2,0,0,0,0,0,0,0,0,0,1,0,0,0,1,0,1,1,0,2,0,0,0,10,0,3,0,5,0,0,1,0,9,4,0,3,0,0,0,0,0,0,0,3,0,0,2,0,1,2,6,4,0,3,0,2,6,0
4,0,31,10,43,3,40,0,36,1,703,0,78,0,2,0,44,1,40,4,80,1,69,0,31,0,4,1,895,0,31,0,425,1,0,0,2,0,2,0,339,1,25,0,91,0,0,0,0,0,5,1,1,0,4,0,11,0,78,0,4,0,4,1,1,0,1,0,2,0,2,0,0,0,9,4,181,0,10,0,0,0,0,0,756,0,0,1,1353,1,753,0,580,0,8,0,0,0,1,0,0,0,0,0,0,0,0,0,0,0,0,0,0,0,0,0,0,0,0,0,0,0,0,0,1,0,0,0,0,0,0,0,0,2,1,0,0,0,1,0,0,0,1,0,1,0,0,0,0,0,28,0,22,1,7,3,19,1,0,0,0,0,0,0,0,0,0,0,0,0
0,6,0,43,0,64,0,8,1,14,2,117,0,74,0,6,1,36,6,28,1,37,1,29,0,28,0,23,0,193,0,24,1,172,0,0,1,0,4,12,2,423,0,72,0,338,9,29,1,9,2,43,0,10,0,8,0,32,1,313,0,4,0,1,0,0,0,0,2,2,7,16,0,0,0,13,5,211,0,18,0,0,0,3,2,1099,1,0,1,577,0,1762,1,612,0,2,1,0,0,0,0,0,0,0,0,0,0,0,0,0,0,0,1,0,0,0,0,0,0,0,0,1,0,0,0,3,0,0,0,0,0,0,0,3,0,0,0,1,0,5,0,0,0,0,0,3,0,0,0,0,3,1,1,11,0,6,0,12,0,0,0,0,1,4,0,0,0,0,1,0
522,4,104,8,83,10,18,1,20,2,20,1,22,0,84,10,15,0,14,1,14,0,15,0,7,0,2,0,23,0,2,0,204,15,0,0,54,6,208,9,446,9,63,1,40,0,150,26,63,10,197,7,99,6,2588,6,598,1,352,0,375,4,126,17,432,4,248,6,2184,6,219,53,31,0,91,11,226,13,17,0,0,0,45,11,4025,33,1353,1,0,14,730,1,4495,15,128,2,1,2,10,5,1,0,6,0,0,0,2,6,0,4,2,1,3,1,0,1,0,0,1,1,0,1,0,0,4,0,9,0,5,1,1,0,1,1,9,0,0,0,0,0,0,0,3,1,38,0,1,0,0,0,8,0,7,0,10,2,5,0,0,0,3,2,15,4,6,1,1,1,6,0
4,201,3,48,1,235,0,28,1,6,0,14,0,5,7,16,0,0,0,4,0,0,0,2,0,1,0,0,1,37,0,4,6,64,0,0,8,20,20,73,5,340,1,46,0,10,34,253,8,225,1,444,2,469,3,3379,6,427,2,714,1,459,1,91,4,80,3,140,7,1714,33,180,0,3,2,11,10,131,0,7,0,0,2,13,15,2466,1,577,14,0,0,799,16,4185,1,9,0,0,1,0,0,1,0,0,0,0,0,0,0,0,0,0,1,0,0,0,0,0,0,0,0,0,0,0,1,0,0,1,0,0,0,4,0,0,0,1,0,0,0,5,0,0,0,1,5,3,0,1,0,0,0,0,0,0,3,3,0,0,0,0,0,1,0,8,0,0,0,0,1,0
0,0,3,1,5,1,0,0,2,0,7,0,0,0,1,0,17,0,9,1,17,0,13,0,3,0,1,0,9,0,2,0,20,0,0,0,0,0,0,0,529,0,90,0,139,0,0,0,0,0,0,0,0,0,0,0,0,0,803,0,0,0,1,0,0,0,1,0,0,0,0,0,1,0,1,1,96,1,15,0,0,0,0,0,1,0,753,0,730,0,0,0,2220,0,2,0,0,0,1,0,0,0,0,0,0,0,0,0,0,0,0,0,0,0,0,0,0,0,0,0,0,1,0,0,2,0,0,0,0,0,0,0,2,0,0,0,0,0,0,0,0,0,0,0,1,0,0,0,0,0,5,0,6,0,6,2,12,1,0,0,0,0,0,0,1,0,0,0,0,0
0,0,0,11,0,14,0,1,0,8,0,31,0,1,0,1,0,3,0,10,0,7,1,6,0,3,0,7,0,45,0,6,0,14,0,0,0,3,0,0,0,379,0,225,0,307,0,1,0,1,0,4,0,0,0,1,0,4,0,509,0,1,1,0,0,0,0,0,0,0,1,2,0,0,0,6,1,112,0,8,0,0,0,0,0,17,0,1762,1,799,0,0,0,2541,0,0,0,0,0,0,0,0,0,0,0,0,1,0,0,0,0,0,0,0,0,0,0,0,0,0,0,0,0,0,0,7,0,0,0,0,0,1,0,4,0,3,0,0,0,0,0,0,0,1,0,2,0,0,0,0,0,0,0,0,0,1,1,16,0,0,0,0,0,3,0,2,0,0,1,0
41,4,23,0,8,3,3,0,4,0,8,0,2,0,18,1,12,0,10,2,4,0,5,0,6,0,1,0,7,0,0,0,80,2,0,0,16,1,92,2,582,8,136,0,28,0,47,25,46,12,151,10,40,7,412,3,1086,7,2419,2,29,0,12,1,26,0,7,0,38,1,115,19,10,0,12,1,278,2,12,0,0,0,3,4,261,13,580,1,4495,16,2220,0,0,8,453,0,0,0,2,0,1,0,3,0,0,0,1,0,0,0,0,1,0,0,0,0,0,0,0,0,0,1,1,0,0,0,0,0,1,0,0,1,0,0,1,0,0,0,3,0,0,0,4,0,9,0,0,0,0,0,1,0,4,1,2,0,4,0,0,0,1,0,1,2,0,0,0,0,2,0
0,22,1,10,0,31,1,5,1,11,0,16,0,6,1,3,0,1,0,1,0,0,0,1,0,0,0,0,0,21,0,4,4,37,0,0,1,7,18,43,3,773,0,77,0,38,32,146,4,86,10,280,2,154,6,667,0,1140,0,3498,1,62,0,13,1,3,0,8,0,21,27,86,1,0,1,4,3,135,2,8,0,0,2,2,8,80,0,612,15,4185,0,2541,8,0,2,3,0,0,0,0,0,0,0,1,0,0,0,0,0,0,0,0,0,0,0,0,0,0,0,0,0,0,0,0,0,2,0,0,0,0,0,0,0,0,0,1,0,0,0,1,0,0,0,0,1,2,0,0,0,0,2,0,0,1,1,0,1,7,0,0,1,0,0,5,0,0,0,0,2,0
3,1,1,0,1,1,2,1,0,0,0,0,3,1,0,6,0,0,0,0,1,0,0,0,0,0,0,0,1,0,0,0,22,2,0,0,4,3,48,3,36,7,36,1,1,0,470,14,30,8,760,4,80,1,316,0,402,1,837,2,6,15,5,2,7,0,2,1,3,1,34,8,1,1,6,2,13,4,5,1,0,0,2,0,80,3,8,0,128,1,2,0,453,2,0,47,3934,41,217,25,969,22,5654,44,467,23,3312,174,474,86,36,32,7,16,56,121,371,43,10,7,0,0,0,0,0,0,0,0,0,0,0,0,1,0,3,0,0,0,0,0,0,0,1,0,6,0,1,1,0,0,0,0,1,0,0,0,0,0,9,1,0,3,2,4,3,0,6,39,0,1
3,2,0,1,1,2,2,2,0,0,0,0,0,2,4,1,0,0,1,0,0,0,0,0,0,0,0,0,0,0,0,0,1,0,0,0,3,3,0,1,4,2,34,17,1,1,1,9,1,0,2,59,0,1,0,0,0,3,1,34,12,1,7,1,5,1,3,0,0,0,6,1,4,1,5,2,2,3,0,0,0,0,0,0,4,0,0,2,2,9,0,0,0,3,47,0,26,5322,27,676,79,710,44,7469,34,402,145,3200,61,317,21,99,9,44,65,86,195,27,21,7,0,0,0,0,0,0,0,0,0,0,0,0,0,0,1,0,0,0,0,0,0,0,0,0,0,1,0,0,0,0,0,0,0,0,0,0,0,0,4,14,1,7,1,2,0,0,2,17,1,0
1,1,0,1,0,2,2,1,0,0,0,0,0,2,0,1,0,0,1,0,0,0,0,0,0,0,0,0,0,0,0,0,1,0,0,0,0,0,0,0,0,10,4,3,0,0,0,1,0,0,8,1,0,1,1,0,0,0,0,0,4,4,1,0,1,1,0,1,0,0,0,4,0,5,0,0,1,1,0,0,0,0,0,0,0,0,0,1,1,0,0,0,0,0,3934,26,0,33,120,16,480,20,696,43,3661,17,3841,108,177,52,27,20,8,9,51,114,368,46,12,9,0,0,0,0,0,0,0,0,0,0,0,0,0,0,1,1,0,0,0,0,0,0,0,0,1,0,0,0,0,0,0,0,0,0,0,0,0,0,1,2,0,4,0,3,0,0,1,24,2,1
1,1,1,0,1,2,2,0,1,1,0,0,2,0,1,1,0,0,0,0,0,0,0,0,0,0,0,0,0,0,0,0,0,0,0,0,2,1,3,1,1,3,22,20,0,0,1,2,0,1,2,2,0,0,0,0,0,0,2,0,7,0,6,0,6,0,5,0,1,0,7,1,2,0,2,1,2,1,0,1,0,0,0,0,0,1,0,0,2,0,0,0,0,0,41,5322,33,0,26,257,68,238,42,541,30,2018,118,3231,58,169,28,44,3,37,96,75,239,45,15,7,0,0,0,0,0,0,0,0,0,1,0,0,0,0,0,0,0,0,0,0,0,0,0,1,1,1,0,0,0,0,0,0,0,0,0,0,0,0,1,5,0,4,0,2,0,0,4,17,1,0
39,12,13,2,5,6,6,4,4,2,0,2,12,6,23,16,0,0,5,1,0,0,0,0,1,0,0,0,0,0,0,0,16,7,0,0,35,19,5,3,45,14,11,2,1,1,4,1,2,1,55,3,3,0,9,0,3,0,7,2,47,22,44,9,28,0,24,4,3,1,31,20,20,6,55,19,14,13,11,2,0,0,4,4,19,5,1,0,10,1,1,0,2,0,217,27,120,26,0,51,555,31,284,23,153,12,356,86,446,95,62,32,132,247,133,55,26,31,21,125,1,0,0,0,1,0,2,0,4,0,0,0,1,0,24,3,0,0,1,0,0,2,9,0,46,2,0,1,0,0,0,0,0,1,2,2,1,0,44,0,9,7,15,2,30,10,32,59,173,2
5,5,0,6,3,6,1,5,1,3,0,0,2,8,6,11,0,0,0,4,0,0,0,0,0,0,0,0,0,1,0,0,2,8,0,0,10,16,2,4,9,37,6,31,0,1,2,2,1,2,2,60,1,0,2,1,3,0,0,2,7,20,4,5,6,1,4,5,0,0,6,12,2,1,7,17,4,10,2,5,0,0,0,1,3,6,0,0,5,0,0,0,0,0,25,676,16,257,51,0,134,1328,25,407,11,96,69,764,47,553,35,53,44,99,438,34,8,13,37,28,0,0,0,0,0,0,0,1,0,3,0,0,0,0,3,3,0,0,0,1,0,8,1,16,4,6,0,4,0,0,0,0,1,0,0,0,0,1,2,11,1,16,3,6,6,9,5,189,19,0
2,3,0,2,1,5,2,0,0,1,0,0,0,4,3,2,0,0,1,2,0,0,0,0,0,0,0,0,0,0,0,0,1,2,0,0,1,6,0,0,4,5,12,0,0,0,1,0,1,0,290,4,0,0,0,0,2,0,25,0,7,5,5,2,2,0,2,0,0,0,2,10,0,7,2,3,5,1,0,0,0,0,0,0,2,1,0,0,1,0,0,0,1,0,969,79,480,68,555,134,0,322,3621,87,287,31,731,228,458,144,135,42,14,97,1495,474,167,173,59,45,0,0,0,0,0,0,0,0,0,1,0,0,0,0,0,0,0,0,0,0,0,1,0,0,1,0,0,2,0,0,0,0,0,0,1,2,0,0,19,1,1,7,2,1,0,1,11,55,1,0
