0,63,1863,20,1832,49,1284,20,301,5,7,1,258,12,569,103,0,0,13,8,1,1,0,0,0,0,1,0,5,0,0,0,311,3,0,0,314,119,10,0,8,2,6,0,1,0,0,0,4,0,0,0,11,0,73,0,0,0,0,0,4448,6,304,0,668,2,221,4,124,1,360,2,809,1,80,6,221,13,199,23,0,0,21,0,79,0,1,1,36,0,2,0,3,0,1,0,2,0,28,4,2,1,0,0,0,0,1,0,1,1,0,0,7,15,1,0,1,0,0,0,0,0,0,0,17,1,236,26,248,17,92,1,2,0,52,0,7,0,61,3,22,0,7,2,83,8,14,2,1,0,0,0,0,1,37,22,3,0,0,0,2,0,6,2,7,3,2,0,33,2
63,0,31,2034,14,2156,11,935,9,145,0,4,5,630,93,1315,0,1,7,48,0,2,0,0,0,0,0,1,0,0,0,0,15,144,0,0,84,446,1,1,1,36,0,3,1,0,0,0,0,0,0,2,0,0,1,0,0,0,0,0,74,4051,2,40,2,76,1,123,0,50,3,12,3,365,17,34,20,386,40,137,0,0,0,8,3,18,1,6,1,3,0,1,0,0,0,0,0,0,0,5,0,0,0,1,0,0,0,1,0,0,0,0,0,1,0,0,0,0,0,0,0,0,1,0,7,1,64,127,9,321,4,2,0,0,7,0,6,0,1,178,0,29,3,33,13,47,1,6,0,5,0,1,0,3,22,30,0,1,0,0,0,0,0,1,0,0,0,1,0,0
1863,31,0,75,6316,136,397,35,684,57,236,16,98,13,2278,42,22,2,2799,207,404,138,152,28,190,5,207,5,38,0,7,0,265,68,0,0,536,73,13,1,11,0,2,1,0,0,4,0,2,0,1,0,2,0,17,0,0,0,1,0,535,9,34,0,30,2,36,8,27,0,243,17,153,0,137,12,850,92,290,36,0,0,4,0,34,0,13,0,35,0,6,0,1,0,1,0,0,1,5,1,2,0,1,0,1,0,0,0,0,0,0,0,3,3,0,0,0,0,0,0,4,0,5,0,266,3,410,37,109,13,36,1,0,0,93,0,16,0,20,2,10,1,4,2,81,2,11,1,3,0,157,42,323,62,304,209,8,2,0,1,0,0,1,1,1,0,0,0,14,0
20,2034,75,0,85,6688,19,364,37,536,20,187,8,92,36,2262,5,11,56,3299,10,336,2,233,11,156,11,252,1,7,1,0,10,400,0,0,34,232,1,0,0,18,0,1,0,2,0,0,0,0,0,1,0,0,1,0,0,0,0,0,16,261,2,11,2,14,0,37,0,4,0,8,1,154,51,52,35,550,13,218,0,0,0,0,0,3,1,5,1,3,0,1,0,2,0,0,1,0,0,9,0,0,0,0,0,0,0,0,0,1,0,0,0,0,0,0,0,0,0,0,0,0,2,0,18,19,46,156,5,244,4,4,0,0,10,0,3,0,0,81,0,19,0,22,4,41,0,9,0,0,33,38,22,123,44,149,1,4,0,0,0,0,0,2,0,1,0,0,3,0
1832,14,6316,85,0,148,645,54,1588,48,586,17,40,12,267,40,0,1,149,186,14,82,6,12,54,2,71,3,40,0,173,0,117,92,0,0,272,63,18,0,5,2,1,0,0,0,3,0,6,0,0,0,7,0,31,0,1,0,0,0,179,8,64,0,51,0,11,12,32,0,352,8,45,1,158,7,377,116,93,67,0,0,1,0,17,1,3,0,15,1,1,0,4,0,0,0,0,0,0,0,2,0,0,0,0,0,0,0,1,0,0,0,0,0,0,0,0,0,0,0,5,0,3,0,84,4,135,49,24,9,13,2,0,0,31,0,6,0,3,0,2,1,1,0,35,8,2,0,2,0,26,22,85,74,363,299,3,1,0,0,0,0,2,1,0,0,0,0,1,1
49,2156,136,6688,148,0,49,716,76,2811,13,991,18,44,73,596,1,4,72,770,8,79,1,29,7,72,2,140,2,15,0,17,34,430,0,0,56,346,1,0,1,7,0,0,0,0,2,0,1,0,0,0,0,0,3,0,0,0,0,0,28,294,4,15,1,39,1,45,5,35,2,6,2,4,89,77,71,571,38,143,0,0,0,1,3,5,0,1,5,5,0,0,0,0,0,0,0,0,0,1,0,0,0,0,0,0,0,0,0,0,0,0,0,0,0,0,0,0,0,0,1,0,4,0,36,12,93,130,8,49,7,1,0,0,19,0,1,0,0,9,0,1,0,5,14,11,3,2,0,0,24,12,27,139,130,341,0,1,0,0,0,0,1,1,0,1,0,0,0,0
1284,11,397,19,645,49,0,33,1304,14,9,1,464,6,131,30,1,0,88,53,1,0,0,0,0,0,0,0,2,0,0,0,483,5,0,0,205,27,23,2,1,0,1,0,0,0,4,0,10,0,1,0,26,0,120,0,3,0,4,0,359,4,87,1,214,1,59,4,247,0,170,0,14,0,358,5,53,19,30,22,0,0,3,0,138,0,210,0,223,0,1,0,17,0,0,0,0,0,2,0,0,0,0,0,0,0,0,0,0,0,0,0,0,1,0,0,0,0,0,0,1,0,0,0,18,0,36,30,7,7,4,1,0,0,8,0,0,0,2,2,0,1,1,1,7,5,0,0,0,0,1,0,1,1,100,70,0,1,0,0,0,0,1,0,0,0,0,0,1,0
20,935,35,364,54,716,33,0,35,1691,1,41,9,464,37,309,0,2,33,317,0,6,0,2,0,1,0,0,0,0,0,0,16,832,0,0,17,238,0,0,0,0,0,0,0,0,0,0,0,0,0,0,1,0,1,0,0,0,0,0,7,295,2,5,5,27,0,72,1,7,3,8,0,9,34,160,18,126,18,48,0,0,0,0,4,0,0,12,0,0,0,0,1,0,0,0,0,0,0,0,0,0,0,0,0,0,0,0,0,0,0,0,0,0,0,0,0,0,0,0,1,0,0,0,17,2,39,65,4,32,3,2,0,0,2,0,0,0,0,8,0,1,0,2,9,5,0,1,0,0,1,2,1,23,34,117,0,0,0,0,0,0,1,1,0,1,0,0,0,0
301,9,684,37,1588,76,1304,35,0,37,815,4,84,5,41,10,0,1,106,87,4,7,4,1,1,0,2,0,5,0,18,0,685,21,0,0,94,32,12,1,2,0,0,0,0,0,2,0,6,0,0,0,11,0,57,0,0,0,1,0,160,7,55,0,90,0,23,8,79,0,66,0,12,0,274,3,516,51,61,27,0,0,1,0,32,1,19,0,78,0,2,0,7,0,0,1,0,0,0,0,0,0,0,0,0,0,0,0,0,0,0,0,0,1,0,0,0,0,0,0,5,0,1,0,129,2,66,19,5,9,1,0,1,0,31,0,3,0,2,0,0,0,2,2,11,4,0,1,0,0,4,2,25,74,199,201,0,0,0,0,0,0,0,1,1,0,0,0,0,0
5,145,57,536,48,2811,14,1691,37,0,3,1297,3,68,5,104,0,0,24,422,1,32,0,10,0,1,3,2,0,8,0,2,6,979,0,0,9,108,0,0,0,1,0,0,0,0,0,0,0,0,0,0,0,0,0,0,0,0,0,0,3,88,0,6,0,16,0,34,0,10,0,6,0,0,28,107,40,217,5,32,0,0,0,0,0,2,1,3,1,0,0,0,0,0,0,0,0,0,0,0,0,0,0,0,0,0,0,0,0,0,0,0,0,0,0,0,0,0,0,0,0,0,2,0,11,4,7,20,0,18,1,2,0,0,1,0,0,0,0,1,0,0,0,0,1,3,0,1,1,0,5,3,11,85,25,117,0,0,0,0,0,0,0,1,0,0,0,0,0,0
7,0,236,20,586,13,9,1,815,3,0,3,5,0,10,0,4,1,14,24,5,32,10,7,169,1,132,0,1033,0,143,0,364,6,0,0,7,3,2,5,15,0,1,0,1,0,12,0,8,0,0,0,3,0,6,0,0,0,1,0,4,0,1,0,2,0,2,1,0,0,11,2,2,0,43,0,846,15,46,2,0,0,0,0,8,1,9,0,19,0,7,0,3,0,0,0,0,0,1,0,0,0,0,0,0,0,0,0,0,0,0,0,0,0,0,0,0,0,0,0,5,0,2,0,89,1,20,2,0,1,0,0,0,0,16,0,1,0,1,0,2,0,0,0,2,1,0,0,0,0,18,7,36,2,14,11,11,0,0,0,0,0,0,0,0,0,0,0,0,0
1,4,16,187,17,991,1,41,4,1297,3,0,0,1,2,2,0,4,4,54,2,49,1,17,4,54,1,434,0,638,0,11,2,922,0,0,0,3,0,0,0,2,0,0,0,0,0,0,0,0,0,0,0,0,0,1,0,0,0,0,0,4,0,1,0,1,0,1,0,1,0,0,0,0,7,6,7,398,2,12,0,0,0,0,0,3,0,3,0,8,0,0,0,0,0,0,0,0,0,0,0,0,0,0,0,0,0,0,0,0,0,0,0,0,0,0,0,0,0,0,1,0,0,0,4,2,0,1,0,0,0,0,0,0,0,0,0,1,0,1,0,0,0,0,0,0,0,0,0,0,10,4,5,24,2,18,0,1,0,0,0,0,0,0,0,0,0,0,0,0
258,5,98,8,40,18,464,9,84,3,5,0,0,5,114,15,0,0,14,7,0,0,0,0,1,0,0,0,1,0,0,0,917,2,0,0,132,31,5,5,4,0,0,2,1,0,1,0,5,0,0,0,5,0,30,0,0,0,1,0,806,3,23,0,106,0,349,1,106,0,56,0,69,0,90,1,80,2,86,8,0,0,292,0,1190,1,29,0,498,0,1,0,27,0,0,1,0,0,0,0,0,0,1,0,0,0,0,1,0,0,0,0,0,0,0,0,0,0,0,0,0,0,1,0,10,0,61,6,10,3,5,0,0,0,4,0,3,0,3,0,0,1,2,0,14,1,0,0,0,1,0,0,1,1,23,11,0,0,0,0,0,0,7,0,2,0,0,0,2,0
12,630,13,92,12,44,6,464,5,68,0,1,5,0,15,201,0,0,2,41,1,0,0,1,0,0,0,0,1,0,0,0,5,1141,0,0,12,146,3,4,0,21,0,1,0,3,0,0,0,0,0,0,0,0,0,0,0,0,0,2,10,1186,1,9,1,30,0,1311,0,6,2,7,1,37,7,66,3,190,10,36,0,0,0,109,2,894,0,88,3,32,0,2,0,2,0,0,0,0,0,1,0,0,0,0,0,0,0,0,0,0,0,0,0,0,0,0,0,0,0,0,0,0,1,0,0,3,12,45,1,38,1,0,0,0,2,0,0,0,0,61,1,7,0,6,2,4,1,1,1,0,0,0,1,3,12,22,0,5,0,0,0,0,0,6,0,0,0,0,0,1
569,93,2278,36,267,73,131,37,41,5,10,2,114,15,0,174,1,0,674,11,0,0,0,1,0,0,0,0,4,0,2,0,187,12,0,0,1900,266,5,0,9,0,0,0,1,0,3,0,0,0,0,0,4,0,17,0,0,0,0,0,640,11,30,0,38,1,69,6,16,1,178,2,700,1,85,7,244,32,362,33,0,0,10,0,48,0,2,0,22,0,1,0,0,0,0,0,0,0,17,0,3,0,2,0,0,0,0,0,4,1,0,0,3,9,0,0,0,0,0,0,0,0,6,0,36,0,611,48,254,52,108,2,0,0,123,0,21,1,35,4,16,2,20,2,175,8,21,1,8,1,1,0,5,1,98,32,1,2,0,0,0,0,9,0,12,3,1,0,30,0
103,1315,42,2262,40,596,30,309,10,104,0,2,15,201,174,0,1,0,24,706,0,5,0,1,1,0,1,0,0,0,0,0,20,132,0,0,187,2803,2,0,1,34,0,6,0,0,0,0,0,0,0,3,0,1,1,0,0,0,0,0,100,1020,1,107,8,16,2,89,4,6,7,201,5,926,26,103,37,501,61,294,0,0,2,0,5,12,0,3,1,3,0,0,1,0,0,1,0,0,3,8,2,0,1,0,0,0,0,0,0,0,0,0,0,1,0,0,0,0,0,1,0,0,0,1,6,10,122,392,16,778,12,9,0,0,17,0,1,0,0,212,0,60,2,75,29,133,0,20,0,18,3,3,0,27,70,95,0,4,0,0,0,0,0,2,0,1,0,0,1,0
0,0,22,5,0,1,1,0,0,0,4,0,0,0,1,1,0,212,9,4,264,18,1209,27,270,5,17,0,28,0,0,0,73,2,0,0,35,2,2,1,71,36,3,0,103,0,4,0,1,0,0,0,0,0,2,0,0,0,1,0,1,0,0,0,1,0,0,0,0,0,3,6,0,0,78,9,171,5,49,1,0,0,0,0,2,0,6,0,8,1,9,0,10,0,0,0,0,0,1,0,1,0,0,0,0,0,0,0,0,0,0,0,0,0,0,0,0,0,0,0,1,0,0,0,7,0,0,1,0,0,0,0,0,0,2,0,0,0,7,1,1,0,1,0,1,0,0,0,0,0,60,39,87,5,128,4,411,0,0,0,0,0,0,0,0,0,0,0,1,0
0,1,2,11,1,4,0,2,1,0,1,4,0,0,0,0,212,0,2,28,5,480,49,1350,78,122,4,16,0,38,0,0,0,86,0,0,7,26,1,1,2,7,2,2,7,71,0,0,0,1,0,1,0,1,0,1,0,1,0,1,0,2,0,0,0,0,0,0,0,0,0,41,0,2,124,11,4,396,0,36,0,0,0,0,0,17,0,46,0,52,0,27,0,10,0,0,0,0,0,2,0,0,0,0,0,0,0,0,0,0,0,0,1,0,0,0,0,0,0,0,0,0,0,0,1,10,0,3,0,0,0,0,0,0,0,0,0,1,0,1,0,0,0,0,0,1,0,0,0,0,17,148,8,62,4,44,14,227,0,0,0,0,0,1,0,1,0,0,0,1
13,7,2799,56,149,72,88,33,106,24,14,4,14,2,674,24,9,2,0,148,601,25,52,8,1,0,2,0,1,0,1,0,40,33,0,0,839,26,17,0,0,0,0,0,0,0,0,0,1,0,0,0,0,0,0,0,0,0,0,0,8,1,1,1,2,1,1,4,3,0,19,3,7,1,46,5,123,48,35,18,0,0,1,0,2,0,3,0,5,0,1,0,0,0,0,0,0,0,1,0,0,0,0,0,0,0,0,0,0,0,0,0,0,0,0,0,0,0,0,0,2,0,3,0,80,1,79,14,8,7,0,1,0,0,13,0,1,0,1,0,0,0,1,1,11,2,0,0,0,0,55,13,862,35,814,177,4,0,0,0,0,0,0,0,0,0,0,0,0,0
8,48,207,3299,186,770,53,317,87,422,24,54,7,41,11,706,4,28,148,0,20,809,6,107,14,2,8,2,1,0,3,1,19,309,0,0,25,802,2,0,0,5,0,0,0,0,0,0,0,0,0,0,0,0,2,0,1,0,0,0,0,54,2,2,1,14,1,59,1,1,2,14,0,8,92,44,85,306,26,147,0,0,1,0,0,2,1,0,1,3,0,1,0,0,0,0,0,0,0,0,0,0,0,0,0,0,0,0,0,0,0,0,0,0,0,0,0,0,0,0,5,0,4,0,40,13,37,108,4,32,3,4,0,0,8,0,3,0,0,1,0,2,0,6,9,9,2,2,0,1,41,74,40,875,64,299,0,3,0,0,0,0,0,1,0,0,0,0,2,0
1,0,404,10,14,8,1,0,4,1,5,2,0,1,0,0,264,5,601,20,0,41,1016,15,36,3,6,4,1,0,0,0,2,6,0,0,10,1,0,0,1,1,0,0,0,0,0,0,0,0,0,0,0,0,0,0,0,0,0,0,0,0,0,0,0,0,0,0,0,0,0,1,0,1,5,1,25,12,2,0,0,0,0,0,0,0,0,0,1,0,0,0,0,0,0,0,0,0,0,0,0,0,0,0,0,0,0,0,0,0,0,0,0,0,0,0,0,0,0,0,0,0,0,0,2,0,0,0,0,0,1,0,0,0,0,0,0,0,0,0,0,0,0,0,0,0,0,0,0,0,353,13,415,4,26,8,23,0,0,0,0,0,0,0,0,0,0,0,0,0
1,2,138,336,82,79,0,6,7,32,32,49,0,0,0,5,18,480,25,809,41,0,31,960,71,30,30,17,3,3,3,0,6,80,0,0,5,36,2,0,0,0,0,0,0,2,0,0,0,0,0,0,0,0,0,0,0,0,0,0,0,0,0,0,1,0,0,2,0,1,0,6,0,0,29,112,45,154,4,13,0,0,0,0,0,1,0,1,0,4,0,2,0,0,0,0,0,0,0,0,0,0,0,0,0,0,0,0,0,0,0,0,0,0,0,0,0,0,0,0,0,0,0,0,3,3,3,6,0,2,0,0,0,0,4,0,0,0,0,1,0,0,0,0,0,1,0,0,0,0,128,662,17,368,9,65,0,108,0,0,0,0,0,0,0,0,0,0,0,0
0,0,152,2,6,1,0,0,4,0,10,1,0,0,0,0,1209,49,52,6,1016,31,0,112,532,4,36,1,48,0,0,0,70,1,0,0,13,5,0,0,6,0,2,0,13,0,1,0,0,0,0,0,0,0,1,0,1,0,1,0,1,0,0,0,0,0,0,1,0,0,1,5,0,0,7,9,127,5,5,0,0,0,0,0,0,0,1,0,5,0,5,0,1,0,0,0,0,0,1,0,0,0,0,0,0,0,0,0,0,0,0,0,0,0,0,0,0,0,0,0,1,0,0,0,0,0,0,0,0,0,0,0,0,0,0,0,0,0,0,0,0,0,0,0,1,0,0,0,0,0,481,16,98,4,13,4,296,0,0,0,0,0,0,0,0,0,0,0,0,0
0,0,28,233,12,29,0,2,1,10,7,17,0,1,1,1,27,1350,8,107,15,960,112,0,52,349,16,62,1,37,1,0,1,174,0,0,7,7,0,1,0,8,0,1,0,16,0,0,0,0,0,0,0,0,0,0,0,0,0,1,0,1,0,0,0,0,0,1,0,1,0,3,0,0,7,124,10,286,1,5,0,0,0,1,0,14,0,25,0,44,0,18,0,5,0,0,0,0,0,0,0,0,0,0,0,0,0,0,0,0,0,0,0,0,0,0,0,0,0,0,0,0,0,0,0,0,1,0,0,0,0,0,0,0,1,0,1,0,0,2,0,0,0,0,0,1,0,0,0,0,53,338,5,51,5,11,0,210,0,0,0,0,0,0,0,0,0,0,0,0
0,0,190,11,54,7,0,0,1,0,169,4,1,0,0,1,270,78,1,14,36,71,532,52,0,6,480,6,468,0,1,0,350,3,0,0,13,6,3,4,40,0,7,0,17,0,8,0,4,0,3,0,2,0,4,0,0,0,2,0,2,0,1,0,0,0,1,0,0,0,5,8,1,0,12,11,365,14,7,0,0,0,0,0,1,0,13,0,20,0,9,0,4,0,0,0,0,0,0,0,0,0,1,0,0,0,0,0,0,0,0,0,0,0,0,0,0,0,0,0,1,0,0,0,1,0,1,1,2,0,0,0,0,0,1,0,0,0,3,0,1,0,0,0,1,0,0,0,0,0,102,30,14,5,7,9,149,0,0,0,0,0,0,0,0,0,0,0,0,0
0,0,5,156,2,72,0,1,0,1,1,54,0,0,0,0,5,122,0,2,3,30,4,349,6,0,1,699,0,296,0,1,0,429,0,0,0,0,0,0,0,12,0,2,0,8,0,0,0,0,0,0,0,0,0,0,0,0,0,2,0,0,0,0,0,0,0,1,0,1,0,0,0,0,0,23,3,162,0,2,0,0,0,0,0,9,0,34,0,41,0,20,0,9,0,0,0,0,0,0,0,0,0,0,0,0,0,0,0,0,0,0,0,0,0,0,0,0,0,0,0,0,0,0,0,1,0,1,0,0,0,0,0,0,0,0,0,0,0,5,0,0,0,0,0,0,0,0,0,0,10,12,1,1,1,0,0,9,0,0,0,0,0,0,0,0,0,0,0,0
1,0,207,11,71,2,0,0,2,3,132,1,0,0,0,1,17,4,2,8,6,30,36,16,480,1,0,0,85,0,0,0,33,2,0,0,8,3,2,2,4,0,2,0,2,0,4,0,0,0,0,0,1,0,2,0,0,0,0,0,0,0,0,0,0,0,1,0,0,0,1,2,0,0,6,0,166,5,1,0,0,0,0,0,1,0,1,0,5,0,0,0,1,0,0,0,0,0,0,1,0,0,0,0,0,0,0,0,0,0,0,0,0,0,0,0,0,0,0,0,0,0,0,0,1,0,0,1,0,0,0,0,0,0,1,0,0,0,0,1,0,0,0,0,0,0,0,0,0,0,44,10,14,1,2,2,18,0,0,0,0,0,0,0,0,0,0,0,1,0
0,1,5,252,3,140,0,0,0,2,0,434,0,0,0,0,0,16,0,2,4,17,1,62,6,699,0,0,1,281,0,0,0,384,0,0,1,0,0,0,0,5,0,0,0,3,0,0,0,0,0,0,0,0,0,0,0,1,0,2,0,0,0,0,0,0,0,1,0,0,0,0,0,0,0,6,1,152,0,0,0,0,0,0,0,5,0,14,0,19,0,11,0,2,0,0,0,0,0,0,0,0,0,0,0,0,0,0,0,0,0,0,0,0,0,0,0,0,0,0,0,0,0,0,0,0,0,0,0,0,0,0,0,0,0,0,0,0,0,0,0,0,0,0,0,0,0,0,0,0,4,1,0,1,0,1,0,1,0,0,0,0,0,0,0,0,0,0,0,0
5,0,38,1,40,2,2,0,5,0,1033,0,1,1,4,0,28,0,1,1,1,3,48,1,468,0,85,1,0,0,0,0,566,1,0,0,2,1,1,1,22,0,3,0,6,1,9,0,3,0,1,0,5,0,2,0,3,0,4,0,3,0,0,0,0,0,0,0,0,0,2,0,0,0,4,0,122,2,5,0,0,0,0,0,8,1,26,0,33,1,16,0,14,0,0,0,0,0,0,0,0,1,0,0,0,0,0,0,0,0,0,0,0,0,0,0,0,0,0,0,0,0,1,0,4,0,3,0,1,0,0,0,0,0,2,0,0,0,1,0,1,0,0,0,2,0,0,0,0,0,6,2,1,0,1,0,2,0,0,0,0,0,0,0,0,0,0,0,0,0
0,0,0,7,0,15,0,0,0,8,0,638,0,0,0,0,0,38,0,0,0,3,0,37,0,296,0,281,0,0,0,1,0,649,0,0,0,0,0,0,0,7,0,2,0,1,0,0,0,0,0,0,0,0,0,0,0,0,0,1,0,0,0,0,0,0,0,0,0,0,0,0,0,0,0,0,0,19,0,0,0,0,0,0,0,7,0,28,0,13,0,9,0,2,0,0,0,0,0,0,0,0,0,0,0,0,0,0,0,0,0,0,0,0,0,0,0,0,0,0,0,0,0,0,0,0,0,1,0,0,0,0,0,0,0,0,0,0,0,0,0,0,0,0,0,0,0,0,0,0,0,0,0,0,0,0,0,1,0,0,0,0,0,0,0,0,0,0,0,0
0,0,7,1,173,0,0,0,18,0,143,0,0,0,2,0,0,0,1,3,0,3,0,1,1,0,0,0,0,0,0,0,5,1,0,0,0,0,0,0,0,0,0,0,0,0,0,0,0,0,0,0,0,0,1,0,0,0,0,0,0,0,0,0,0,0,0,0,0,0,0,0,0,0,1,0,23,1,2,0,0,0,0,0,0,0,0,0,0,0,0,0,0,0,0,0,0,0,0,0,0,0,0,0,0,0,0,0,0,0,0,0,0,0,0,0,0,0,0,0,0,0,0,0,0,0,0,0,0,0,0,0,0,0,1,0,0,0,0,1,0,0,0,0,0,0,0,0,0,0,0,1,3,0,0,1,0,0,0,0,0,0,0,0,0,0,0,0,0,0
0,0,0,0,0,17,0,0,0,2,0,11,0,0,0,0,0,0,0,1,0,0,0,0,0,1,0,0,0,1,0,0,0,1,0,0,0,0,0,0,0,0,0,0,0,0,0,0,0,0,0,0,0,0,0,0,0,0,0,0,0,0,0,0,0,0,0,0,0,0,0,0,0,0,0,0,0,1,0,0,0,0,0,0,0,0,0,0,0,0,0,0,0,0,0,0,0,0,0,0,0,0,0,0,0,0,0,0,0,0,0,0,0,0,0,0,0,0,0,0,0,0,0,0,0,0,0,0,0,0,0,0,0,0,0,0,0,0,0,0,0,0,0,0,0,0,0,0,0,0,0,0,0,0,0,0,0,0,0,0,0,0,0,0,0,0,0,0,0,0
311,15,265,10,117,34,483,16,685,6,364,2,917,5,187,20,73,0,40,19,2,6,70,1,350,0,33,0,566,0,5,0,0,10,0,0,127,63,16,13,137,1,29,1,80,0,58,0,25,0,17,0,21,0,54,0,5,0,15,0,398,4,17,0,60,0,223,3,36,0,103,7,257,1,199,2,640,13,107,7,0,0,100,2,874,3,517,0,780,1,259,0,122,0,1,0,0,0,8,0,2,0,1,1,1,0,0,0,1,0,0,0,1,2,0,0,0,0,0,0,1,0,0,0,47,0,60,11,39,3,12,0,0,0,19,0,3,0,16,5,12,0,3,0,31,4,2,0,0,0,1,0,12,12,53,47,11,0,0,0,0,0,6,0,1,0,1,0,2,1
3,144,68,400,92,430,5,832,21,979,6,922,2,1141,12,132,2,86,33,309,6,80,1,174,3,429,2,384,1,649,1,1,10,0,0,0,10,124,2,1,0,30,0,42,0,65,0,0,0,0,0,0,0,1,1,1,0,0,0,8,7,205,0,6,1,10,0,635,2,3,0,6,0,37,22,113,24,1406,11,31,0,0,0,88,0,342,0,422,0,131,1,120,0,24,0,0,0,0,0,4,0,0,0,0,0,0,0,0,0,0,0,0,0,0,0,0,0,0,0,0,1,0,0,0,9,5,11,27,2,9,2,1,0,0,8,0,1,0,0,24,1,1,0,7,0,4,0,1,0,0,17,12,23,67,20,91,0,14,0,0,0,0,0,2,0,0,0,0,1,1
0,0,0,0,0,0,0,0,0,0,0,0,0,0,0,0,0,0,0,0,0,0,0,0,0,0,0,0,0,0,0,0,0,0,0,0,0,0,0,0,0,0,0,0,0,0,0,0,0,0,0,0,0,0,0,0,0,0,0,0,0,0,0,0,0,0,0,0,0,0,0,0,0,0,0,0,0,0,0,0,0,0,0,0,0,0,0,0,0,0,0,0,0,0,0,0,0,0,0,0,0,0,0,0,0,0,0,0,0,0,0,0,0,0,0,0,0,0,0,0,0,0,0,0,0,0,0,0,0,0,0,0,0,0,0,0,0,0,0,0,0,0,0,0,0,0,0,0,0,0,0,0,0,0,0,0,0,0,0,0,0,0,0,0,0,0,0,0,0,0
0,0,0,0,0,0,0,0,0,0,0,0,0,0,0,0,0,0,0,0,0,0,0,0,0,0,0,0,0,0,0,0,0,0,0,0,0,0,0,0,0,0,0,0,0,0,0,0,0,0,0,0,0,0,0,0,0,0,0,0,0,0,0,0,0,0,0,0,0,0,0,0,0,0,0,0,0,0,0,0,0,0,0,0,0,0,0,0,0,0,0,0,0,0,0,0,0,0,0,0,0,0,0,0,0,0,0,0,0,0,0,0,0,0,0,0,0,0,0,0,0,0,0,0,0,0,0,0,0,0,0,0,0,0,0,0,0,0,0,0,0,0,0,0,0,0,0,0,0,0,0,0,0,0,0,0,0,0,0,0,0,0,0,0,0,0,0,0,0,0
314,84,536,34,272,56,205,17,94,9,7,0,132,12,1900,187,35,7,839,25,10,5,13,7,13,0,8,1,2,0,0,0,127,10,0,0,0,554,439,19,11,2,3,0,2,0,3,0,16,0,0,1,2,0,18,0,0,0,0,0,357,16,23,2,55,1,96,4,21,2,1396,1,527,2,64,9,159,23,186,22,0,0,13,4,78,5,3,0,56,0,1,0,3,1,1,0,1,1,19,0,3,0,4,2,0,0,0,0,1,0,0,0,1,9,0,0,0,0,0,0,1,0,1,0,67,0,397,27,139,29,55,0,0,0,98,0,9,0,33,13,22,3,4,9,129,12,10,4,5,4,25,1,159,2,426,35,10,0,0,0,1,0,4,0,3,3,1,0,9,0
119,446,73,232,63,346,27,238,32,108,3,3,31,146,266,2803,2,26,26,802,1,36,5,7,6,0,3,0,1,0,0,0,63,124,0,0,554,0,73,649,21,34,4,14,3,3,3,10,2,41,0,9,7,0,8,7,1,0,0,2,141,327,10,102,17,10,69,92,4,14,110,2348,185,653,48,84,53,261,55,198,0,0,2,35,62,110,3,18,49,29,1,1,11,6,1,0,2,0,12,4,2,0,2,1,0,0,0,0,1,1,0,0,1,8,0,0,1,0,0,0,1,0,1,0,35,9,136,219,62,280,22,3,2,0,28,0,6,2,16,182,24,35,13,66,94,147,9,15,3,11,19,35,2,398,86,727,0,12,0,0,1,0,4,4,2,1,0,0,14,0
10,1,13,1,18,1,23,0,12,0,2,0,5,3,5,2,2,1,17,2,0,2,0,0,3,0,2,0,1,0,0,0,16,2,0,0,439,73,0,168,65,34,75,8,5,3,514,7,293,13,84,4,68,2,75,1,14,0,17,4,6,8,18,1,31,0,23,3,26,6,1198,46,1,6,2,2,14,12,11,1,0,0,2,73,40,99,2,3,140,37,0,6,42,7,1,0,0,0,7,0,1,0,2,0,0,0,0,0,0,0,0,0,1,2,0,0,0,0,0,0,0,0,0,0,4,1,16,4,6,4,1,0,2,0,6,0,1,1,13,68,16,5,5,14,11,32,3,0,2,2,1,0,4,0,3,0,2,0,1,0,2,0,2,0,0,3,1,0,5,0
0,1,1,0,0,0,2,0,1,0,5,0,5,4,0,0,1,1,0,0,0,0,0,1,4,0,2,0,1,0,0,0,13,1,0,0,19,649,168,0,44,74,5,68,1,3,262,240,246,159,12,44,126,53,100,9,17,1,13,48,0,1,3,1,3,0,2,4,5,34,433,1384,1,1,1,1,13,11,1,0,0,0,0,33,21,96,1,5,149,55,0,4,64,11,0,0,0,0,4,4,1,0,1,0,0,0,0,0,1,0,0,0,1,2,0,0,0,0,0,1,0,0,0,0,1,0,1,2,3,4,1,0,0,0,1,0,0,0,18,48,9,2,4,11,9,19,0,0,0,0,0,1,0,0,0,2,1,0,0,0,0,0,1,0,1,0,1,0,2,0
8,1,11,0,5,1,1,0,2,0,15,0,4,0,9,1,71,2,0,0,1,0,6,0,40,0,4,0,22,0,0,0,137,0,0,0,11,21,65,44,0,25,1372,77,660,0,74,1,21,1,132,1,21,0,44,0,10,0,485,1,20,1,2,0,9,0,4,0,1,1,79,4,20,0,4,0,45,2,35,13,0,0,6,3,27,7,210,0,220,0,441,0,604,0,10,22,9,4,36,105,37,13,14,50,4,1,2,4,29,32,2,6,17,25,3,2,0,0,0,25,0,0,0,0,7,0,43,1,89,2,12,0,0,0,57,0,5,0,382,4,70,0,59,1,528,3,20,0,14,0,0,0,1,0,1,0,67,0,21,7,3,0,18,29,9,2,14,23,41,22
2,36,0,18,2,7,0,0,0,1,0,2,0,21,0,34,36,7,0,5,1,0,0,8,0,12,0,5,0,7,0,0,1,30,0,0,2,34,34,74,25,0,12,436,1,208,13,79,9,38,0,43,2,115,4,236,0,40,0,233,1,27,1,1,3,0,1,19,2,163,17,56,1,10,0,8,0,85,35,237,0,0,0,2,5,94,0,100,5,401,1,84,0,240,56,14,20,17,39,20,25,3,39,19,4,1,6,6,29,52,3,8,8,1,4,3,2,0,0,18,0,0,0,0,0,0,4,5,0,10,0,0,0,0,1,0,0,2,2,294,0,3,0,19,0,30,0,0,0,0,0,1,0,1,0,0,0,3,1,4,0,0,2,9,1,1,8,14,3,8
6,0,2,0,1,0,1,0,0,0,1,0,0,0,0,0,3,2,0,0,0,0,2,0,7,0,2,0,3,0,0,0,29,0,0,0,3,4,75,5,1372,12,0,111,1419,1,89,0,15,0,599,1,2,0,15,0,7,0,1485,1,1,0,0,0,1,0,3,0,0,0,134,4,8,0,0,0,5,0,5,5,0,0,1,1,4,3,373,0,87,0,188,0,357,0,50,15,46,9,44,46,39,5,39,14,9,3,28,7,29,25,14,5,3,7,5,2,0,1,0,2,0,0,0,1,1,0,1,0,2,0,0,0,0,0,1,0,0,0,10,1,4,0,0,0,6,0,0,0,0,0,0,0,0,0,0,0,6,0,6,0,1,1,2,9,0,1,5,3,9,2
0,3,1,1,0,0,0,0,0,0,0,0,2,1,0,6,0,2,0,0,0,0,0,1,0,2,0,0,0,2,0,0,1,42,0,0,0,14,8,68,77,436,111,0,0,1042,16,201,6,17,0,525,1,12,0,15,0,9,1,2433,0,0,0,0,1,0,0,1,0,1,3,265,0,1,0,1,0,22,17,68,0,0,0,0,1,3,0,297,0,24,0,194,0,43,52,17,11,2,51,47,44,9,35,22,6,0,12,7,11,26,4,5,8,0,2,4,1,0,1,18,0,0,0,0,0,0,1,2,0,1,0,0,0,0,0,0,0,0,2,176,0,0,0,1,0,0,0,0,0,0,0,0,0,0,0,0,0,0,0,7,0,4,0,1,0,0,1,8,0,3
1,1,0,0,0,0,0,0,0,0,1,0,1,0,1,0,103,7,0,0,0,0,13,0,17,0,2,0,6,0,0,0,80,0,0,0,2,3,5,1,660,1,1419,0,0,0,13,0,4,0,9,0,2,0,4,0,1,0,56,0,1,0,2,0,0,0,1,0,0,0,5,3,4,0,0,0,30,0,38,0,0,0,0,0,6,0,960,0,69,0,580,0,185,0,0,0,2,1,1,0,0,0,0,0,0,0,0,0,4,1,0,0,0,2,0,0,0,0,0,0,0,1,0,0,0,0,2,0,2,1,2,0,1,0,0,0,0,0,35,0,8,0,1,0,11,0,1,0,0,0,0,0,0,0,0,0,94,0,1,0,1,0,13,0,1,0,0,0,2,0
0,0,0,2,0,0,0,0,0,0,0,0,0,3,0,0,0,71,0,0,0,2,0,16,0,8,0,3,1,1,0,0,0,65,0,0,0,3,3,3,0,208,1,1042,0,0,0,2,2,2,0,3,1,10,1,24,0,3,0,54,0,1,0,0,0,0,1,6,0,20,1,2,0,1,0,1,0,103,0,3,0,0,0,0,0,48,0,1071,0,243,0,330,0,105,0,0,0,0,4,4,0,1,0,0,0,0,0,0,0,0,0,0,4,0,0,0,0,0,0,0,0,0,0,0,0,0,0,0,0,0,0,1,0,0,0,0,0,0,1,35,0,1,0,3,1,3,0,0,0,0,0,0,0,0,0,0,0,83,0,0,0,0,0,4,0,1,1,1,1,1
0,0,4,0,3,2,4,0,2,0,12,0,1,0,3,0,4,0,0,0,0,0,1,0,8,0,4,0,9,0,0,0,58,0,0,0,3,3,514,262,74,13,89,16,13,0,0,124,2480,164,2821,132,1096,21,1253,4,1587,2,622,30,1,0,1,0,0,0,5,0,3,7,962,144,1,0,1,0,14,0,4,0,0,0,0,1,25,3,29,0,428,14,15,0,876,6,3,78,1,5,1,0,0,2,0,54,0,0,0,1,1,2,0,0,1,3,0,1,0,0,0,0,0,0,0,0,0,0,2,0,6,0,2,0,0,0,0,0,0,0,11,2,2,0,0,1,7,0,0,0,0,0,0,0,0,0,1,0,0,0,0,0,0,0,0,0,0,0,0,0,2,0
0,0,0,0,0,0,0,0,0,0,0,0,0,0,0,0,0,0,0,0,0,0,0,0,0,0,0,0,0,0,0,0,0,0,0,0,0,10,7,240,1,79,0,201,0,2,124,0,186,3898,1,2741,7,1198,3,795,0,497,0,821,0,0,0,1,0,0,0,1,0,5,7,927,0,0,0,0,0,3,0,0,0,0,0,0,1,2,0,0,0,64,0,3,1,169,0,0,0,0,0,0,0,0,0,0,0,0,0,0,0,0,0,0,0,0,0,0,0,0,0,0,0,0,0,0,0,0,0,0,0,0,0,0,0,0,0,0,0,0,0,2,0,0,0,0,0,0,0,0,0,0,0,0,0,0,0,0,0,0,0,0,0,0,0,0,0,0,0,0,0,0
4,0,2,0,6,1,10,0,6,0,8,0,5,0,0,0,1,0,1,0,0,0,0,0,4,0,0,0,3,0,0,0,25,0,0,0,16,2,293,246,21,9,15,6,4,2,2480,186,0,168,113,11,1696,37,994,11,63,0,25,7,4,0,43,0,5,0,4,1,9,21,1126,206,1,0,0,0,8,2,1,0,0,0,0,4,40,5,0,0,282,20,1,0,116,3,1,0,1,0,1,0,0,0,1,0,0,0,0,0,1,0,0,0,0,0,0,0,0,0,0,0,0,0,0,0,2,0,3,0,1,1,1,0,0,0,2,0,1,0,11,0,7,0,2,0,5,0,0,0,0,0,0,0,1,0,0,0,2,0,0,0,0,0,0,0,0,1,0,0,1,0
0,0,0,0,0,0,0,0,0,0,0,0,0,0,0,0,0,1,0,0,0,0,0,0,0,0,0,0,0,0,0,0,0,0,0,0,0,41,13,159,1,38,0,17,0,2,164,3898,168,0,2,350,9,3440,7,761,0,48,0,66,0,0,0,107,0,0,0,1,0,22,23,1730,0,0,0,0,0,2,0,0,0,0,0,0,1,14,0,1,1,116,0,4,1,36,0,0,0,0,0,0,0,1,0,0,0,0,0,0,0,0,0,0,0,0,0,0,0,0,0,0,0,0,0,0,0,0,0,0,0,1,0,0,0,0,0,0,0,0,0,4,0,0,0,0,0,1,0,0,0,0,0,1,0,0,0,0,0,0,0,0,0,0,0,0,0,0,0,0,0,0
0,0,1,0,0,0,1,0,0,0,0,0,0,0,0,0,0,0,0,0,0,0,0,0,3,0,0,0,1,0,0,0,17,0,0,0,0,0,84,12,132,0,599,0,9,0,2821,1,113,2,0,1,46,0,116,0,1311,0,1558,1,0,0,0,0,0,0,1,0,1,1,261,3,0,0,1,0,2,0,0,3,0,0,0,1,2,0,6,0,90,0,10,0,503,0,53,21,10,60,6,2,569,13,332,9,0,2,3,9,2,4,2,1,0,58,63,3,1,0,0,0,0,0,0,0,0,0,0,1,5,0,0,0,1,0,0,0,0,0,1,0,9,0,7,0,3,0,0,0,0,0,0,0,0,0,0,0,1,0,0,0,0,0,0,0,0,0,0,0,11,0
0,2,0,1,0,0,0,0,0,0,0,0,0,0,0,3,0,1,0,0,0,0,0,0,0,0,0,0,0,0,0,0,0,0,0,0,1,9,4,44,1,43,1,525,0,3,132,2741,11,350,1,0,2,153,0,196,0,293,2,1760,0,1,0,0,0,0,0,0,0,2,1,263,1,5,0,0,1,5,4,22,0,0,0,0,0,0,0,0,2,14,0,8,0,110,27,1156,17,88,14,49,16,111,43,1281,6,4,7,30,18,34,8,18,12,99,35,230,31,0,0,0,0,0,0,0,0,2,2,29,0,72,0,10,0,0,0,0,0,0,2,30,0,120,0,55,0,27,0,0,0,0,0,0,0,0,0,0,0,0,1,1,1,0,1,5,2,7,3,0,6,5
11,0,2,0,7,0,26,1,11,0,3,0,5,0,4,0,0,0,0,0,0,0,0,0,2,0,1,0,5,0,0,0,21,0,0,0,2,7,68,126,21,2,2,1,2,1,1096,7,1696,9,46,2,0,4,3222,0,201,0,66,2,4,0,356,0,21,0,9,0,12,6,753,102,3,0,0,0,8,0,2,0,0,0,0,0,22,2,6,0,283,9,3,0,154,2,0,0,0,0,2,0,0,0,0,0,0,0,0,0,1,0,0,0,0,0,0,0,0,0,0,0,0,0,0,0,0,0,2,0,2,0,2,0,0,0,2,0,0,0,7,0,6,0,0,0,2,3,1,0,0,1,0,0,1,0,1,0,2,0,0,0,0,0,1,0,0,0,0,0,1,0
0,0,0,0,0,0,0,0,0,0,0,0,0,0,0,1,0,1,0,0,0,0,0,0,0,0,0,0,0,0,0,0,0,1,0,0,0,0,2,53,0,115,0,12,0,10,21,1198,37,3440,0,153,4,0,0,4346,0,193,0,136,0,3,0,855,0,50,0,3,0,715,3,603,1,1,0,0,0,5,1,0,0,0,0,0,0,40,0,1,0,435,0,10,0,143,0,0,0,0,0,1,0,0,0,0,0,0,0,0,0,0,0,0,0,0,0,0,0,0,0,0,0,0,0,0,0,0,0,2,0,1,0,0,0,0,0,0,0,0,0,8,0,0,0,5,0,6,0,0,0,0,0,0,0,0,0,0,0,0,0,0,0,0,0,0,0,0,0,0,0,1
73,1,17,1,31,3,120,1,57,0,6,0,30,0,17,1,2,0,0,2,0,0,1,0,4,0,2,0,2,0,1,0,54,1,0,0,18,8,75,100,44,4,15,0,4,1,1253,3,994,7,116,0,3222,0,0,0,2533,0,330,0,44,0,1261,0,496,0,31,0,791,6,735,76,5,0,3,0,16,1,5,1,0,0,0,0,84,0,8,0,2678,4,4,0,406,1,0,0,0,0,0,0,1,0,1,0,0,0,0,0,0,2,0,0,1,1,0,0,0,0,0,0,0,0,0,0,0,0,3,0,5,0,0,0,0,0,0,0,0,0,19,4,8,0,4,0,3,3,0,0,0,0,0,0,0,1,5,2,1,0,0,0,0,0,1,0,0,0,0,0,1,0
0,0,0,0,0,0,0,0,0,0,0,1,0,0,0,0,0,1,0,0,0,0,0,0,0,0,0,0,0,0,0,0,0,1,0,0,0,7,1,9,0,236,0,15,0,24,4,795,11,761,0,196,0,4346,0,0,0,1939,0,657,0,0,0,83,0,6,0,29,0,1855,1,98,0,0,0,0,0,11,0,0,0,0,0,0,0,56,0,2,0,2753,0,22,0,534,0,1,0,0,0,0,0,0,0,0,0,0,0,0,0,0,0,0,0,0,0,0,0,0,0,0,0,0,0,0,0,0,0,1,0,4,0,0,0,0,0,0,0,0,0,19,0,0,0,4,0,12,0,0,0,1,0,0,0,0,0,0,0,1,0,0,0,0,0,1,0,0,0,0,0,0
0,0,0,0,1,0,3,0,0,0,0,0,0,0,0,0,0,0,0,1,0,0,1,0,0,0,0,0,3,0,0,0,5,0,0,0,0,1,14,17,10,0,7,0,1,0,1587,0,63,0,1311,0,201,0,2533,0,0,0,1109,0,0,0,0,0,1,0,0,0,3,0,11,10,0,0,0,0,1,0,0,0,0,0,0,0,2,3,0,0,328,2,3,0,458,0,0,0,0,0,0,0,0,0,0,0,0,0,0,0,0,0,0,0,0,0,0,0,0,0,0,0,0,0,0,0,0,0,0,0,0,0,0,0,0,0,0,0,0,0,1,0,0,0,0,0,0,0,0,0,0,0,0,0,0,0,0,0,0,0,0,0,0,0,0,0,0,0,0,0,1,0
0,0,0,0,0,0,0,0,0,0,0,0,0,0,0,0,0,1,0,0,0,0,0,0,0,0,0,1,0,0,0,0,0,0,0,0,0,0,0,1,0,40,0,9,0,3,2,497,0,48,0,293,0,193,0,1939,0,0,0,1776,0,0,0,0,0,0,0,0,0,3,0,6,0,0,0,0,0,0,0,0,0,0,0,0,0,0,0,0,0,111,0,4,0,608,0,9,0,0,0,0,0,0,0,0,0,0,0,0,0,0,0,0,0,0,0,0,0,0,0,0,0,0,0,0,0,0,0,0,0,0,0,0,0,0,0,0,0,0,0,0,0,0,0,0,0,2,0,0,0,0,0,0,0,0,0,0,0,0,0,0,0,0,0,0,0,0,0,0,0,0
0,0,1,0,0,0,4,0,1,0,1,0,1,0,0,0,1,0,0,0,0,0,1,0,2,0,0,0,4,0,0,0,15,0,0,0,0,0,17,13,485,0,1485,1,56,0,622,0,25,0,1558,2,66,0,330,0,1109,0,0,1,0,0,0,0,0,0,0,0,0,2,37,16,0,0,0,0,2,0,2,1,0,0,0,0,0,1,46,0,94,0,398,0,3310,0,252,6,6,3,26,3,1117,18,931,9,2,0,2,0,10,7,7,1,0,4,67,11,3,0,0,1,0,0,0,0,1,0,0,0,0,0,0,0,0,0,1,0,0,0,4,0,0,0,0,0,5,0,0,0,0,0,0,0,0,0,0,0,1,0,0,0,0,0,1,0,0,0,1,0,0,0
0,0,0,0,0,0,0,0,0,0,0,0,0,2,0,0,0,1,0,0,0,0,0,1,0,2,0,2,0,1,0,0,0,8,0,0,0,2,4,48,1,233,1,2433,0,54,30,821,7,66,1,1760,2,136,0,657,0,1776,1,0,0,0,0,1,0,0,0,5,0,14,3,120,0,0,0,0,0,10,2,1,0,0,0,1,0,9,0,31,1,258,0,441,0,4231,11,143,7,10,3,24,9,114,7,2063,6,1,1,4,1,30,4,7,1,2,11,52,11,0,0,0,0,0,0,0,0,0,1,0,0,0,0,0,0,0,0,0,0,0,0,14,1,0,0,1,0,3,0,0,0,0,0,0,0,0,0,0,0,1,0,0,0,0,0,0,0,0,4,1,0,0
4448,74,535,16,179,28,359,7,160,3,4,0,806,10,640,100,1,0,8,0,0,0,1,0,2,0,0,0,3,0,0,0,398,7,0,0,357,141,6,0,20,1,1,0,1,0,1,0,4,0,0,0,4,0,44,0,0,0,0,0,0,6,784,0,2140,1,1314,2,91,0,714,0,625,2,55,3,275,20,264,14,0,0,116,0,677,0,5,1,40,1,0,0,2,0,3,0,1,0,17,5,3,0,3,0,0,0,1,0,1,0,0,0,3,9,0,0,0,0,0,1,1,0,5,0,16,1,325,22,219,22,95,1,1,0,68,0,9,0,38,7,26,1,17,6,145,9,14,0,1,0,0,0,1,1,18,8,0,0,0,0,0,0,8,1,4,4,1,0,26,0
6,4051,9,261,8,294,4,295,7,88,0,4,3,1186,11,1020,0,2,1,54,0,0,0,1,0,0,0,0,0,0,0,0,4,205,0,0,16,327,8,1,1,27,0,0,0,1,0,0,0,0,0,1,0,3,0,0,0,0,0,0,6,0,0,1312,2,973,2,2230,0,203,6,484,1,858,2,18,3,228,6,62,0,0,0,19,2,118,0,8,3,4,0,1,0,1,0,0,0,0,0,6,0,0,0,0,0,0,0,0,0,1,0,0,1,1,0,0,0,0,0,0,0,0,0,0,5,0,11,32,2,151,0,0,0,0,6,0,0,0,0,176,2,26,0,28,5,52,0,4,0,6,0,0,0,3,9,23,0,0,0,0,0,0,0,1,0,0,0,0,0,1
304,2,34,2,64,4,87,2,55,0,1,0,23,1,30,1,0,0,1,2,0,0,0,0,1,0,0,0,0,0,0,0,17,0,0,0,23,10,18,3,2,1,0,0,2,0,1,0,43,0,0,0,356,0,1261,0,0,0,0,0,784,0,0,0,1822,0,57,2,335,0,2234,1,143,0,3,0,13,2,6,0,0,0,2,0,24,0,0,0,76,1,0,1,5,0,0,0,0,0,3,0,0,0,0,0,0,0,0,0,0,0,0,0,0,0,0,0,0,0,0,0,1,0,0,0,1,0,15,1,7,2,1,0,1,0,2,0,0,0,1,0,5,0,1,0,4,3,0,0,0,0,0,0,0,0,0,0,0,0,0,0,0,0,0,0,0,0,0,0,1,0
0,40,0,11,0,15,1,5,0,6,0,1,0,9,0,107,0,0,1,2,0,0,0,0,0,0,0,0,0,0,0,0,0,6,0,0,2,102,1,1,0,1,0,0,0,0,0,1,0,107,0,0,0,855,0,83,0,0,0,1,0,1312,0,0,0,1290,0,116,0,898,1,2033,0,82,0,0,0,15,0,8,0,0,0,2,0,9,0,3,1,4,0,0,0,2,0,0,0,0,0,0,0,0,0,0,0,0,0,0,0,0,0,0,1,0,0,0,0,0,0,0,0,0,0,0,0,0,1,1,0,13,0,0,0,0,0,0,0,0,0,22,0,2,0,7,0,12,0,1,0,0,1,0,0,2,2,3,0,0,0,0,0,0,0,0,0,0,0,0,0,0
668,2,30,2,51,1,214,5,90,0,2,0,106,1,38,8,1,0,2,1,0,1,0,0,0,0,0,0,0,0,0,0,60,1,0,0,55,17,31,3,9,3,1,1,0,0,0,0,5,0,0,0,21,0,496,0,1,0,0,0,2140,2,1822,0,0,0,1380,0,2021,3,387,1,154,1,13,0,25,3,18,3,0,0,10,2,114,0,3,0,227,0,0,0,9,0,0,0,0,0,6,0,0,0,1,0,0,0,0,0,1,0,0,0,0,2,0,0,0,0,0,0,0,0,0,0,2,0,22,0,25,1,15,0,0,0,5,0,1,0,13,3,9,0,2,3,13,6,2,0,0,0,0,0,0,0,2,5,0,0,0,0,0,0,0,0,0,1,1,0,2,0
2,76,2,14,0,39,1,27,0,16,0,1,0,30,1,16,0,0,1,14,0,0,0,0,0,0,0,0,0,0,0,0,0,10,0,0,1,10,0,0,0,0,0,0,0,0,0,0,0,0,0,0,0,50,0,6,0,0,0,0,1,973,0,1290,0,0,0,1541,0,1842,0,21,0,3,2,6,0,19,0,9,0,0,0,0,0,12,0,0,0,30,0,0,0,0,0,0,0,0,0,0,0,0,0,0,0,0,0,0,0,0,0,0,0,0,0,0,0,0,0,0,0,0,0,0,0,0,4,12,0,6,0,0,0,0,0,0,0,0,0,0,0,1,0,1,1,0,0,0,0,1,0,0,0,2,1,2,0,1,0,0,0,0,0,0,0,0,0,0,0,0
221,1,36,0,11,1,59,0,23,0,2,0,349,0,69,2,0,0,1,1,0,0,0,0,1,0,1,0,0,0,0,0,223,0,0,0,96,69,23,2,4,1,3,0,1,1,5,0,4,0,1,0,9,0,31,0,0,0,0,0,1314,2,57,0,1380,0,0,1,219,0,183,1,267,1,6,0,59,1,22,2,0,0,14,6,1856,2,3,0,803,2,0,0,22,0,0,0,1,0,5,2,1,0,0,0,0,0,0,0,0,0,0,0,1,5,0,0,0,0,0,0,0,0,0,0,5,0,28,2,49,5,19,0,0,0,13,0,3,0,15,8,8,0,5,1,27,13,3,0,1,1,0,0,1,0,3,2,1,0,0,0,0,0,0,0,0,1,0,1,10,0
4,123,8,37,12,45,4,72,8,34,1,1,1,1311,6,89,0,0,4,59,0,2,1,1,0,1,0,1,0,0,0,0,3,635,0,0,4,92,3,4,0,19,0,1,0,6,0,1,1,1,0,0,0,3,0,29,0,0,0,5,2,2230,2,116,0,1541,1,0,0,788,2,15,2,55,10,59,6,196,3,32,0,0,1,12,1,2681,0,24,1,750,0,7,1,40,0,0,0,0,0,0,1,0,0,0,0,0,0,0,0,0,0,0,1,0,0,0,0,0,0,0,0,0,0,0,4,0,8,12,0,14,0,0,0,0,0,0,0,1,0,42,1,1,0,1,1,11,0,0,0,0,0,2,1,4,9,39,0,0,0,0,0,0,0,4,0,0,0,0,0,0
124,0,27,0,32,5,247,1,79,0,0,0,106,0,16,4,0,0,3,1,0,0,0,0,0,0,0,0,0,0,0,0,36,2,0,0,21,4,26,5,1,2,0,0,0,0,3,0,9,0,1,0,12,0,791,0,3,0,0,0,91,0,335,0,2021,0,219,0,0,1,108,2,5,1,6,0,6,0,8,0,0,0,3,2,39,0,1,0,1615,1,0,0,50,0,0,0,0,0,0,0,1,0,0,0,0,0,0,0,0,0,0,0,0,2,0,0,0,0,0,0,0,0,0,0,0,0,3,4,4,1,1,0,0,0,4,0,0,0,2,3,5,0,1,1,4,1,0,0,0,0,0,0,0,0,3,2,1,0,0,0,0,0,0,0,0,0,0,0,1,0
1,50,0,4,0,35,0,7,0,10,0,1,0,6,1,6,0,0,0,1,0,1,0,1,0,1,0,0,0,0,0,0,0,3,0,0,2,14,6,34,1,163,0,1,0,20,7,5,21,22,1,2,6,715,6,1855,0,3,2,14,0,203,0,898,3,1842,0,788,1,0,24,79,0,4,0,2,0,16,0,4,0,0,0,7,0,1371,0,7,4,2600,0,12,4,113,0,0,0,0,0,2,0,0,0,0,0,0,0,0,0,1,0,0,0,0,0,0,0,0,0,0,0,0,0,0,1,1,0,2,0,5,0,0,0,0,0,0,0,1,0,41,1,0,0,9,0,9,1,0,0,2,0,0,0,0,2,1,0,0,0,1,0,0,0,0,0,0,0,0,0,0
360,3,243,0,352,2,170,3,66,0,11,0,56,2,178,7,3,0,19,2,0,0,1,0,5,0,1,0,2,0,0,0,103,0,0,0,1396,110,1198,433,79,17,134,3,5,1,962,7,1126,23,261,1,753,3,735,1,11,0,37,3,714,6,2234,1,387,0,183,2,108,24,0,380,448,4,11,3,78,6,42,5,0,0,16,33,192,32,4,1,370,17,8,1,95,8,2,0,1,0,14,5,2,1,0,0,0,0,0,0,3,1,1,0,3,7,0,0,0,0,0,0,0,0,0,0,9,0,63,7,41,14,14,0,1,0,13,0,1,0,53,35,43,3,11,7,57,37,5,1,0,4,1,0,3,0,14,5,4,0,0,0,4,0,1,0,2,2,0,0,11,1
2,12,17,8,8,6,0,8,0,6,2,0,0,7,2,201,6,41,3,14,1,6,5,3,8,0,2,0,0,0,0,0,7,6,0,0,1,2348,46,1384,4,56,4,265,3,2,144,927,206,1730,3,263,102,603,76,98,10,6,16,120,0,484,1,2033,1,21,1,15,2,79,380,0,0,292,0,1,7,11,2,0,0,0,0,6,5,27,0,3,53,72,0,4,21,12,0,0,0,0,1,2,0,0,0,0,0,0,0,0,0,0,0,0,0,0,0,0,0,0,0,0,0,0,0,0,0,0,1,2,2,4,1,0,0,0,1,0,0,0,4,21,0,4,0,7,0,16,0,0,0,1,14,36,3,44,2,80,0,21,0,0,0,0,0,0,0,0,0,0,0,0
809,3,153,1,45,2,14,0,12,0,2,0,69,1,700,5,0,0,7,0,0,0,0,0,1,0,0,0,0,0,0,0,257,0,0,0,527,185,1,1,20,1,8,0,4,0,1,0,1,0,0,1,3,1,5,0,0,0,0,0,625,1,143,0,154,0,267,2,5,0,448,0,0,0,20,2,131,5,38,4,0,0,39,2,187,3,2,0,43,0,4,0,2,0,0,1,1,1,32,3,4,0,2,0,0,0,1,0,7,1,1,0,6,18,0,0,0,0,0,0,0,0,0,0,22,0,100,1,224,8,92,0,0,0,59,0,5,0,78,7,42,1,18,1,120,6,24,0,3,3,0,0,2,0,3,2,2,0,0,1,3,0,10,1,12,6,4,1,45,1
1,365,0,154,1,4,0,9,0,0,0,0,0,37,1,926,0,2,1,8,1,0,0,0,0,0,0,0,0,0,0,0,1,37,0,0,2,653,6,1,0,10,0,1,0,1,0,0,0,0,0,5,0,1,0,0,0,0,0,0,2,858,0,82,1,3,1,55,1,4,4,292,0,0,0,20,0,69,0,9,0,0,0,3,1,22,0,0,1,3,0,0,1,1,0,0,0,0,1,3,0,1,0,0,0,0,0,0,0,0,0,0,0,0,0,0,0,0,0,0,0,0,0,0,0,0,2,13,0,100,0,1,0,0,0,0,0,0,0,112,0,29,0,36,1,66,0,4,0,6,0,2,0,1,0,3,0,0,0,0,0,0,0,0,0,0,0,0,0,0
80,17,137,51,158,89,358,34,274,28,43,7,90,7,85,26,78,124,46,92,5,29,7,7,12,0,6,0,4,0,1,0,199,22,0,0,64,48,2,1,4,0,0,0,0,0,1,0,0,0,1,0,0,0,3,0,0,0,0,0,55,2,3,0,13,2,6,10,6,0,11,0,20,0,0,10,595,28,180,24,0,0,1,0,40,0,13,0,18,0,3,0,2,0,0,0,0,0,2,1,0,0,0,0,0,0,0,0,0,0,0,0,0,1,0,0,0,0,0,0,1,0,10,0,206,1,562,19,187,7,63,0,0,0,109,0,25,0,4,1,3,1,3,2,178,5,14,0,17,0,4,18,23,18,63,89,21,0,0,0,0,0,1,0,1,0,0,0,6,0
6,34,12,52,7,77,5,160,3,107,0,6,1,66,7,103,9,11,5,44,1,112,9,124,11,23,0,6,0,0,0,0,2,113,0,0,9,84,2,1,0,8,0,1,0,1,0,0,0,0,0,0,0,0,0,0,0,0,0,0,3,18,0,0,0,6,0,59,0,2,3,1,2,20,10,0,6,1367,4,1032,0,0,0,3,0,7,0,7,1,4,0,0,0,2,0,0,0,0,0,1,0,0,0,0,0,0,0,0,0,1,0,0,0,0,0,0,0,0,0,2,1,5,0,1,0,446,8,1875,2,316,0,23,0,0,1,2,1,24,0,2,1,1,0,23,1,202,0,28,0,12,5,23,1,26,3,35,7,113,0,0,0,0,0,15,0,1,0,0,1,0
221,20,850,35,377,71,53,18,516,40,846,7,80,3,244,37,171,4,123,85,25,45,127,10,365,3,166,1,122,0,23,0,640,24,0,0,159,53,14,13,45,0,5,0,30,0,14,0,8,0,2,1,8,0,16,0,1,0,2,0,275,3,13,0,25,0,59,6,6,0,78,7,131,0,595,6,0,48,973,14,0,0,4,1,55,3,38,0,61,0,13,0,7,0,0,0,0,1,8,7,0,0,0,3,0,0,0,0,1,1,0,0,4,3,0,0,0,0,0,0,21,0,6,0,639,0,262,13,38,3,28,0,8,0,167,0,12,0,12,4,2,0,1,0,45,8,6,0,0,0,32,6,174,43,216,84,733,0,1,0,2,0,78,0,5,5,2,0,8,0
13,386,92,550,116,571,19,126,51,217,15,398,2,190,32,501,5,396,48,306,12,154,5,286,14,162,5,152,2,19,1,1,13,1406,0,0,23,261,12,11,2,85,0,22,0,103,0,3,2,2,0,5,0,5,1,11,0,0,0,10,20,228,2,15,3,19,1,196,0,16,6,11,5,69,28,1367,48,0,28,1072,0,0,0,47,3,205,0,206,7,211,1,70,0,51,3,1,0,0,10,34,3,0,2,2,0,0,0,0,4,5,0,0,12,12,0,0,0,0,0,1,3,1,3,1,12,296,40,487,7,108,1,11,0,0,8,1,1,8,0,150,2,18,0,16,7,49,0,6,0,0,30,28,26,93,30,76,12,745,0,2,0,0,1,70,0,8,0,6,7,1
199,40,290,13,93,38,30,18,61,5,46,2,86,10,362,61,49,0,35,26,2,4,5,1,7,0,1,0,5,0,2,0,107,11,0,0,186,55,11,1,35,35,5,17,38,0,4,0,1,0,0,4,2,1,5,0,0,0,2,2,264,6,6,0,18,0,22,3,8,0,42,2,38,0,180,4,973,28,0,36,0,0,6,0,30,2,1,0,8,0,3,0,9,0,22,31,15,25,142,136,24,18,32,71,4,4,15,13,103,63,21,23,79,57,3,7,6,2,0,45,8,26,0,15,479,6,709,20,47,12,86,2,69,0,323,2,44,0,10,2,6,0,6,1,80,1,4,0,0,0,5,2,18,7,63,30,259,8,25,8,5,0,181,8,88,11,46,51,138,33
23,137,36,218,67,143,22,48,27,32,2,12,8,36,33,294,1,36,18,147,0,13,0,5,0,2,0,0,0,0,0,0,7,31,0,0,22,198,1,0,13,237,5,68,0,3,0,0,0,0,3,22,0,0,1,0,0,0,1,1,14,62,0,8,3,9,2,32,0,4,5,0,4,9,24,1032,14,1072,36,0,0,0,1,0,3,2,1,4,1,2,0,0,0,0,25,23,24,14,69,289,15,11,33,32,4,1,6,4,31,171,12,8,68,55,5,2,3,1,0,15,0,5,1,0,11,95,47,988,6,191,0,38,0,0,6,1,2,6,8,25,2,20,0,35,7,112,0,14,0,2,3,3,7,27,13,63,8,269,5,21,2,0,6,334,3,39,13,49,73,20
0,0,0,0,0,0,0,0,0,0,0,0,0,0,0,0,0,0,0,0,0,0,0,0,0,0,0,0,0,0,0,0,0,0,0,0,0,0,0,0,0,0,0,0,0,0,0,0,0,0,0,0,0,0,0,0,0,0,0,0,0,0,0,0,0,0,0,0,0,0,0,0,0,0,0,0,0,0,0,0,0,0,0,0,0,0,0,0,0,0,0,0,0,0,0,0,0,0,0,0,0,0,0,0,0,0,0,0,0,0,0,0,0,0,0,0,0,0,0,0,0,0,0,0,0,0,0,0,0,0,0,0,0,0,0,0,0,0,0,0,0,0,0,0,0,0,0,0,0,0,0,0,0,0,0,0,0,0,0,0,0,0,0,0,0,0,0,0,0,0
0,0,0,0,0,0,0,0,0,0,0,0,0,0,0,0,0,0,0,0,0,0,0,0,0,0,0,0,0,0,0,0,0,0,0,0,0,0,0,0,0,0,0,0,0,0,0,0,0,0,0,0,0,0,0,0,0,0,0,0,0,0,0,0,0,0,0,0,0,0,0,0,0,0,0,0,0,0,0,0,0,0,0,0,0,0,0,0,0,0,0,0,0,0,0,0,0,0,0,0,0,0,0,0,0,0,0,0,0,0,0,0,0,0,0,0,0,0,0,0,0,0,0,0,0,0,0,0,0,0,0,0,0,0,0,0,0,0,0,0,0,0,0,0,0,0,0,0,0,0,0,0,0,0,0,0,0,0,0,0,0,0,0,0,0,0,0,0,0,0
21,0,4,0,1,0,3,0,1,0,0,0,292,0,10,2,0,0,1,1,0,0,0,0,0,0,0,0,0,0,0,0,100,0,0,0,13,2,2,0,6,0,1,0,0,0,0,0,0,0,0,0,0,0,0,0,0,0,0,0,116,0,2,0,10,0,14,1,3,0,16,0,39,0,1,0,4,0,6,1,0,0,0,0,480,0,1,0,70,0,1,0,1,0,0,0,1,0,0,0,0,0,0,0,0,0,0,0,1,0,0,0,0,3,0,0,0,0,0,0,0,0,0,0,1,0,5,0,2,0,0,0,0,0,4,0,0,0,4,1,2,0,1,0,10,0,0,0,0,0,0,0,0,0,0,0,0,0,0,0,0,0,2,0,0,2,0,0,1,0
0,8,0,0,0,1,0,0,0,0,0,0,0,109,0,0,0,0,0,0,0,0,0,1,0,0,0,0,0,0,0,0,2,88,0,0,4,35,73,33,3,2,1,0,0,0,1,0,4,0,1,0,0,0,0,0,0,0,0,1,0,19,0,2,2,0,6,12,2,7,33,6,2,3,0,3,1,47,0,0,0,0,0,0,1,749,2,41,17,6,0,0,9,1,0,0,0,0,1,1,0,0,0,0,0,0,0,0,0,1,0,0,0,0,0,0,0,0,0,0,0,0,0,0,1,0,0,0,2,4,0,0,0,0,0,0,0,0,2,7,4,1,3,0,2,2,0,0,0,0,0,0,1,0,0,1,1,0,0,0,0,0,0,0,2,0,0,0,0,0
79,3,34,0,17,3,138,4,32,0,8,0,1190,2,48,5,2,0,2,0,0,0,0,0,1,0,1,0,8,0,0,0,874,0,0,0,78,62,40,21,27,5,4,1,6,0,25,1,40,1,2,0,22,0,84,0,2,0,0,0,677,2,24,0,114,0,1856,1,39,0,192,5,187,1,40,0,55,3,30,3,0,0,480,1,0,6,763,0,4286,3,20,0,15,0,0,0,0,0,3,0,1,0,0,1,1,0,0,1,1,0,0,0,1,1,0,0,0,0,0,0,0,0,0,0,7,0,33,3,24,8,4,0,0,0,6,0,1,0,11,7,11,0,2,1,17,19,2,0,0,0,0,0,1,0,9,2,1,0,0,0,0,0,5,0,1,0,2,0,6,0
0,18,0,3,1,5,0,0,1,2,1,3,1,894,0,12,0,17,0,2,0,1,0,14,0,9,0,5,1,7,0,0,3,342,0,0,5,110,99,96,7,94,3,3,0,48,3,2,5,14,0,0,2,40,0,56,3,0,1,9,0,118,0,9,0,12,2,2681,0,1371,32,27,3,22,0,7,3,205,2,2,0,0,0,749,6,0,0,1834,11,3589,0,81,6,93,0,0,0,0,4,2,0,0,0,1,0,0,0,0,0,0,0,0,1,1,0,0,0,0,0,0,1,0,0,0,0,0,0,2,0,1,0,0,0,0,1,0,0,0,1,88,1,4,0,2,3,2,0,0,0,0,1,0,0,0,1,2,0,4,0,0,0,0,0,5,0,0,0,0,0,0
1,1,13,1,3,0,210,0,19,1,9,0,29,0,2,0,6,0,3,1,0,0,1,0,13,0,1,0,26,0,0,0,517,0,0,0,3,3,2,1,210,0,373,0,960,0,29,0,0,0,6,0,6,0,8,0,0,0,46,0,5,0,0,0,3,0,3,0,1,0,4,0,2,0,13,0,38,0,1,1,0,0,1,2,763,0,0,0,798,0,911,0,56,1,0,0,1,0,0,0,0,0,0,0,0,0,0,0,0,0,0,0,0,0,0,0,0,0,0,0,0,0,0,0,0,0,2,1,4,0,0,0,0,0,0,0,0,0,3,1,2,0,0,0,3,0,0,0,0,0,0,0,3,0,3,0,1,0,0,0,0,0,0,0,0,0,0,0,0,0
1,6,0,5,0,1,0,12,0,3,0,3,0,88,0,3,0,46,0,0,0,1,0,25,0,34,0,14,0,28,0,0,0,422,0,0,0,18,3,5,0,100,0,297,0,1071,0,0,0,1,0,0,0,1,0,2,0,0,0,31,1,8,0,3,0,0,0,24,0,7,1,3,0,0,0,7,0,206,0,4,0,0,0,41,0,1834,0,0,1,513,0,1855,0,40,0,0,0,0,0,0,0,0,0,0,0,0,0,0,0,0,0,0,0,0,0,0,0,0,0,0,0,0,0,0,0,0,2,1,0,2,0,0,0,0,0,0,1,0,0,20,0,1,0,2,0,0,0,0,0,0,1,0,0,0,0,0,0,2,0,0,0,0,0,1,0,0,0,0,0,0
36,1,35,1,15,5,223,0,78,1,19,0,498,3,22,1,8,0,5,1,1,0,5,0,20,0,5,0,33,0,0,0,780,0,0,0,56,49,140,149,220,5,87,0,69,0,428,0,282,1,90,2,283,0,2678,0,328,0,94,1,40,3,76,1,227,0,803,1,1615,4,370,53,43,1,18,1,61,7,8,1,0,0,70,17,4286,11,798,1,0,8,523,1,2939,0,0,0,2,0,4,0,2,0,0,0,0,0,0,0,1,1,0,0,0,2,0,0,0,0,0,0,1,0,0,0,3,0,9,2,11,5,3,0,0,0,3,0,2,1,21,22,12,2,2,6,10,10,1,0,0,1,0,0,1,0,6,6,4,0,0,0,1,0,4,0,0,1,1,0,6,1
0,3,0,3,1,5,0,0,0,0,0,8,0,32,0,3,1,52,0,3,0,4,0,44,0,41,0,19,1,13,0,0,1,131,0,0,0,29,37,55,0,401,0,24,0,243,14,64,20,116,0,14,9,435,4,2753,2,111,0,258,1,4,1,4,0,30,2,750,1,2600,17,72,0,3,0,4,0,211,0,2,0,0,0,6,3,3589,0,513,8,0,0,1621,1,4986,0,0,0,1,0,2,1,0,0,0,0,0,0,0,0,1,0,0,0,0,0,0,0,0,0,0,0,0,0,0,0,0,0,1,0,12,0,0,0,0,0,0,0,0,1,116,3,0,0,18,1,23,0,1,0,0,1,0,0,0,0,0,0,7,0,0,0,0,0,3,0,0,0,0,0,0
2,0,6,0,1,0,1,0,2,0,7,0,1,0,1,0,9,0,1,0,0,0,5,0,9,0,0,0,16,0,0,0,259,1,0,0,1,1,0,0,441,1,188,0,580,0,15,0,1,0,10,0,3,0,4,0,3,0,398,0,0,0,0,0,0,0,0,0,0,0,8,0,4,0,3,0,13,1,3,0,0,0,1,0,20,0,911,0,523,0,0,0,845,0,0,0,0,1,0,0,0,0,0,0,0,0,0,0,0,0,0,0,0,0,0,0,0,0,0,0,0,0,0,0,0,0,0,0,0,0,1,0,0,0,1,0,0,0,9,0,1,0,0,0,1,0,0,0,0,1,0,0,0,0,0,2,4,0,0,0,0,0,0,0,0,0,0,0,0,0
0,1,0,1,0,0,0,0,0,0,0,0,0,2,0,0,0,27,0,1,0,2,0,18,0,20,0,11,0,9,0,0,0,120,0,0,0,1,6,4,0,84,0,194,0,330,0,3,0,4,0,8,0,10,0,22,0,4,0,441,0,1,1,0,0,0,0,7,0,12,1,4,0,0,0,0,0,70,0,0,0,0,0,0,0,81,0,1855,1,1621,0,0,1,1423,0,0,0,0,0,1,0,0,0,0,0,0,0,0,0,0,0,0,0,0,0,0,0,0,0,0,0,0,0,0,0,0,0,0,0,0,0,0,0,0,0,0,0,0,0,12,0,2,0,0,0,1,0,0,0,0,0,0,0,0,0,0,0,2,0,0,0,0,0,0,0,0,0,0,0,0
3,0,1,0,4,0,17,1,7,0,3,0,27,0,0,1,10,0,0,0,0,0,1,0,4,0,1,0,14,0,0,0,122,0,0,0,3,11,42,64,604,0,357,0,185,0,876,1,116,1,503,0,154,0,406,0,458,0,3310,0,2,0,5,0,9,0,22,1,50,4,95,21,2,1,2,0,7,0,9,0,0,0,1,9,15,6,56,0,2939,1,845,1,0,0,1,0,0,0,1,0,0,1,3,0,0,0,0,0,0,0,0,0,0,1,0,0,0,0,0,0,0,0,0,0,0,0,1,0,1,0,0,0,0,0,2,0,0,0,11,2,3,0,2,0,13,5,1,0,0,0,0,0,0,0,0,0,3,0,0,0,0,0,0,0,0,0,0,0,0,0
0,0,0,2,0,0,0,0,0,0,0,0,0,2,0,0,0,10,0,0,0,0,0,5,0,9,0,2,0,2,0,0,0,24,0,0,1,6,7,11,0,240,0,43,0,105,6,169,3,36,0,110,2,143,1,534,0,608,0,4231,0,1,0,2,0,0,0,40,0,113,8,12,0,1,0,2,0,51,0,0,0,0,0,1,0,93,1,40,0,4986,0,1423,0,0,0,0,0,0,0,0,0,0,0,0,0,0,0,0,0,0,0,0,0,0,0,0,0,0,0,0,0,0,0,0,0,0,0,0,0,1,0,0,0,0,0,0,0,0,1,18,1,0,0,1,0,5,0,0,0,0,0,0,0,1,0,0,0,3,0,0,0,0,0,0,0,0,0,0,0,0
1,0,1,0,0,0,0,0,0,0,0,0,0,0,0,0,0,0,0,0,0,0,0,0,0,0,0,0,0,0,0,0,1,0,0,0,1,1,1,0,10,56,50,52,0,0,3,0,1,0,53,27,0,0,0,0,0,0,252,11,3,0,0,0,0,0,0,0,0,0,2,0,0,0,0,0,0,3,22,25,0,0,0,0,0,0,0,0,0,0,0,0,1,0,0,274,3519,120,147,130,1003,90,4517,365,490,21,384,56,152,92,186,24,4,23,83,211,61,14,3,4,0,0,0,0,0,0,7,3,2,2,0,0,0,0,0,0,0,0,6,1,0,0,0,0,0,0,0,0,0,0,0,0,0,0,0,0,0,0,4,2,0,0,3,1,2,0,4,3,1,0
0,0,0,0,0,0,0,0,1,0,0,0,1,0,0,1,0,0,0,0,0,0,0,0,0,0,0,0,0,0,0,0,0,0,0,0,0,0,0,0,22,14,15,17,0,0,78,0,0,0,21,1156,0,0,0,1,0,9,6,143,0,0,0,0,0,0,0,0,0,0,0,0,1,0,0,0,0,1,31,23,0,0,0,0,0,0,0,0,0,0,0,0,0,0,274,0,405,4433,42,236,187,165,183,3171,94,345,266,894,121,257,74,359,31,84,98,256,320,7,14,4,0,0,0,0,0,1,6,9,0,7,0,0,0,0,0,0,0,0,12,9,0,0,0,0,0,0,0,0,0,0,0,0,0,0,0,0,0,0,2,2,0,0,3,5,0,2,32,13,1,2
2,0,0,1,0,0,0,0,0,0,0,0,0,0,0,0,0,0,0,0,0,0,0,0,0,0,0,0,0,0,0,0,0,0,0,0,1,2,0,0,9,20,46,11,2,0,1,0,1,0,10,17,0,0,0,0,0,0,6,7,1,0,0,0,0,0,1,0,0,0,1,0,1,0,0,0,0,0,15,24,0,0,1,0,0,0,1,0,2,0,0,0,0,0,3519,405,0,1187,121,78,244,71,598,261,2084,68,1551,150,343,85,338,31,10,25,44,109,155,69,13,3,0,0,0,0,0,0,11,3,2,2,0,0,0,0,0,0,0,0,6,2,0,0,0,0,0,0,0,0,0,0,0,0,0,0,0,0,0,0,9,3,4,0,8,1,5,5,6,4,4,3
0,0,1,0,0,0,0,0,0,0,0,0,0,0,0,0,0,0,0,0,0,0,0,0,0,0,0,0,0,0,0,0,0,0,0,0,1,0,0,0,4,17,9,2,1,0,5,0,0,0,60,88,0,0,0,0,0,0,3,10,0,0,0,0,0,0,0,0,0,0,0,0,1,0,0,0,1,0,25,14,0,0,0,0,0,0,0,0,0,1,1,0,0,0,120,4433,1187,0,36,142,68,52,80,353,34,1430,104,2730,59,462,57,282,33,67,97,115,505,52,35,6,0,0,0,0,1,1,5,8,1,5,0,1,0,0,0,0,0,0,5,0,0,0,0,0,0,0,0,0,0,0,0,0,0,0,0,0,0,0,1,4,0,0,2,8,3,6,14,4,1,5
28,0,5,0,0,0,2,0,0,0,1,0,0,0,17,3,1,0,1,0,0,0,1,0,0,0,0,0,0,0,0,0,8,0,0,0,19,12,7,4,36,39,44,51,1,4,1,0,1,0,6,14,2,0,0,0,0,0,26,3,17,0,3,0,6,0,5,0,0,0,14,1,32,1,2,0,8,10,142,69,0,0,0,1,3,4,0,0,4,0,0,0,1,0,147,42,121,36,0,414,753,66,297,102,33,4,78,19,295,193,50,11,82,208,102,37,60,48,5,17,0,0,0,0,24,0,129,23,32,9,18,2,1,0,2,0,0,0,12,12,15,2,0,0,1,2,2,0,0,0,0,0,0,0,0,0,2,1,103,27,18,1,58,43,80,57,16,29,150,31
4,5,1,9,0,1,0,0,0,0,0,0,0,1,0,8,0,2,0,0,0,0,0,0,0,0,1,0,0,0,0,0,0,4,0,0,0,4,0,4,105,20,46,47,0,4,0,0,0,0,2,49,0,1,0,0,0,0,3,24,5,6,0,0,0,0,2,0,0,2,5,2,3,3,1,1,7,34,136,289,0,0,0,1,0,2,0,0,0,2,0,1,0,0,130,236,78,142,414,0,188,752,148,697,22,10,24,77,121,646,26,20,237,169,274,78,67,7,9,46,0,0,0,0,4,12,50,137,12,139,1,26,0,1,0,0,0,0,16,315,4,47,0,16,1,1,0,0,0,0,0,0,0,0,0,0,0,7,35,159,19,1,26,122,30,100,89,46,68,153
2,0,2,0,2,0,0,0,0,0,0,0,0,0,3,2,1,0,0,0,0,0,0,0,0,0,0,0,0,0,0,0,2,0,0,0,3,2,1,1,37,25,39,44,0,0,0,0,0,0,569,16,0,0,1,0,0,0,1117,9,3,0,0,0,0,0,1,1,1,0,2,0,4,0,0,0,0,3,24,15,0,0,0,0,1,0,0,0,2,1,0,0,0,0,1003,187,244,68,753,188,0,437,4053,234,137,17,106,59,217,131,96,22,2,465,1398,164,45,7,2,7,0,0,0,0,5,0,11,0,11,1,1,0,0,0,0,0,0,0,4,2,17,0,0,0,1,0,0,0,0,0,0,0,0,0,0,0,0,0,6,7,1,0,8,4,1,4,9,4,70,0
1,0,0,0,0,0,0,0,0,0,0,0,0,0,0,0,0,0,0,0,0,0,0,0,0,0,0,0,1,0,0,0,0,0,0,0,0,0,0,0,13,3,5,9,0,1,2,0,0,1,13,111,0,0,0,0,0,0,18,114,0,0,0,0,0,0,0,0,0,0,1,0,0,1,0,0,0,0,18,11,0,0,0,0,0,0,0,0,0,0,0,0,1,0,90,165,71,52,66,752,437,0,182,3972,17,11,46,71,57,315,26,28,1,29,806,176,41,5,0,5,0,0,0,0,0,0,4,1,1,0,0,0,0,0,0,0,0,0,1,12,0,0,0,0,0,0,0,0,0,0,0,0,0,0,0,0,0,0,1,2,0,0,0,0,0,0,21,6,0,1
0,0,1,0,0,0,0,0,0,0,0,0,1,0,2,1,0,0,0,0,0,0,0,0,1,0,0,0,0,0,0,0,1,0,0,0,4,2,2,1,14,39,39,35,0,0,0,0,1,0,332,43,0,0,1,0,0,0,931,7,3,0,0,0,1,0,0,0,0,0,0,0,2,0,0,0,0,2,32,33,0,0,0,0,0,0,0,0,0,0,0,0,3,0,4517,183,598,80,297,148,4053,182,0,397,419,21,151,53,197,102,73,31,10,29,314,785,59,31,3,5,0,0,0,0,0,0,11,1,12,2,0,0,0,0,0,0,0,0,4,0,0,0,0,0,0,0,0,0,0,0,0,0,0,0,0,0,0,1,15,5,10,0,11,3,4,2,4,9,1,3
