0,36,1353,22,1204,19,940,19,351,8,2,0,504,5,1311,73,0,0,13,2,0,0,0,0,0,0,0,0,1,0,0,0,248,9,0,0,252,137,42,4,26,2,4,0,0,0,31,6,42,1,15,0,65,0,330,0,47,0,3,0,4431,6,268,2,350,0,391,6,193,0,644,11,1016,2,20,19,140,27,14,0,0,0,36,0,649,7,0,0,991,2,0,0,54,1,3,4,6,0,18,5,6,0,0,2,0,0,2,0,4,0,0,0,6,10,0,0,0,0,0,2,0,0,0,0,3,2,6,6,24,17,13,1,0,0,3,1,4,2,1,0,4,0,4,1,11,9,14,7,6,3,0,0,0,0,80,22,2,0,2,0,9,4,22,0,15,6,3,1,15,0
36,0,6,1769,2,1502,13,718,5,191,0,1,8,608,52,1359,0,0,3,23,0,2,0,0,0,1,0,0,0,0,0,0,35,57,0,0,142,521,5,24,6,55,1,0,0,1,0,3,0,18,2,29,0,30,1,93,0,5,0,4,32,3481,1,343,0,214,1,590,0,479,6,131,33,182,3,159,17,527,4,36,0,0,2,6,1,147,0,3,1,640,0,0,0,154,3,4,5,4,20,53,9,2,1,4,8,1,8,6,4,4,0,3,45,79,1,0,0,0,0,2,0,0,0,0,3,3,1,6,8,124,1,13,0,5,3,12,1,5,0,4,0,20,1,24,0,192,5,85,1,31,0,0,0,1,12,19,0,2,2,12,3,78,13,47,16,84,7,3,50,6
1353,6,0,25,5692,27,169,3,862,15,455,4,58,1,2698,24,13,6,2389,83,63,17,36,2,119,0,179,0,311,3,117,0,622,19,0,0,381,21,55,1,36,1,3,0,4,1,11,3,26,2,3,1,33,0,102,2,14,1,5,1,125,0,39,1,47,0,32,1,21,0,310,1,181,0,23,10,518,32,24,1,0,0,11,0,42,0,42,1,117,1,22,0,49,0,0,1,2,0,30,4,8,0,0,1,0,0,2,0,6,0,0,1,3,7,0,0,0,0,0,0,0,0,0,0,13,0,65,0,29,6,28,1,0,0,21,1,42,0,1,0,4,0,4,1,10,6,19,1,5,0,27,18,113,93,375,100,4,0,1,0,9,0,25,1,24,2,4,0,28,1
22,1769,25,0,28,5458,10,402,23,687,4,176,1,120,27,3580,1,8,38,1444,6,503,1,86,0,130,0,215,3,87,3,26,30,389,0,0,22,309,1,20,4,40,1,0,0,4,0,5,0,29,0,13,0,47,0,143,0,13,1,5,16,133,0,216,0,82,0,188,1,312,1,158,7,28,7,126,35,700,2,10,0,0,1,11,2,115,1,22,1,266,1,1,2,111,1,1,1,1,4,12,3,0,0,1,1,0,2,0,1,0,0,0,18,42,1,0,0,0,0,0,0,0,0,2,2,9,12,12,1,81,5,20,0,0,2,14,3,8,1,3,0,4,1,15,3,57,4,17,2,9,0,3,13,74,62,168,1,5,0,6,1,14,3,6,4,35,0,1,19,3
1204,2,5692,28,0,24,591,7,1659,20,448,3,71,0,807,16,9,1,629,61,20,10,20,1,61,0,78,0,210,0,213,0,447,13,0,0,226,19,42,1,35,1,0,0,6,1,9,1,4,1,5,2,14,0,62,0,7,0,7,0,104,0,20,0,31,0,26,4,20,0,104,1,79,0,27,14,380,39,21,0,0,0,18,0,108,1,14,0,170,1,16,0,38,0,0,1,0,0,28,3,10,0,0,1,0,0,1,1,4,1,0,0,3,7,0,0,0,0,0,0,0,0,0,0,17,0,39,2,26,7,31,0,0,0,22,0,51,2,1,0,2,0,2,0,20,1,26,0,16,0,16,10,19,77,199,72,0,3,2,0,8,0,19,0,29,2,4,2,19,0
19,1502,27,5458,24,0,14,1407,18,2445,3,564,7,108,14,411,0,7,33,416,2,107,0,23,0,33,0,81,5,129,0,130,35,439,0,0,16,160,3,7,1,19,1,0,0,8,0,1,0,3,0,3,0,4,1,36,0,4,1,4,8,108,0,36,0,60,0,252,1,169,2,11,4,13,5,84,24,543,1,11,0,0,1,5,3,138,0,16,2,254,0,1,1,79,1,0,2,0,3,12,1,0,0,1,0,0,1,0,1,0,0,0,11,21,0,0,0,0,0,0,0,0,0,0,3,5,7,11,4,42,6,14,0,4,0,12,4,11,1,3,0,5,0,10,3,34,2,19,3,5,1,2,12,13,51,95,0,0,0,2,1,10,0,7,8,16,1,0,14,1
940,13,169,10,591,14,0,7,1194,10,186,0,1301,2,546,39,0,0,105,8,0,1,0,0,0,0,0,0,0,1,1,0,424,2,0,0,206,30,22,0,13,1,2,0,0,0,1,2,0,0,5,1,4,0,5,0,1,0,0,0,182,1,11,1,6,0,71,2,2,1,71,0,113,0,16,10,41,16,5,2,0,0,23,0,232,1,338,0,32,1,0,0,0,0,1,0,0,0,12,2,8,1,0,1,0,0,2,0,1,3,0,0,3,8,0,0,0,0,0,0,0,0,0,0,0,0,36,0,16,1,7,1,0,0,5,0,14,1,1,1,3,0,2,0,11,3,13,2,7,2,0,0,0,4,109,18,0,0,0,0,7,1,9,1,12,0,0,0,7,0
19,718,3,402,7,1407,7,0,6,1438,0,6,5,1125,9,234,0,0,3,40,0,1,0,0,0,0,0,1,0,0,0,1,15,861,0,0,11,127,1,7,0,7,0,0,0,0,0,1,1,1,0,3,0,1,0,4,0,0,0,0,9,115,0,16,0,3,0,284,0,32,2,7,1,9,1,29,9,252,0,3,0,0,1,3,0,184,0,48,0,30,0,0,0,7,0,1,0,0,1,5,2,0,0,1,0,0,2,0,2,1,0,0,0,7,0,0,0,0,0,1,0,0,0,0,0,3,3,3,0,12,2,4,0,0,2,3,0,0,0,2,0,4,0,0,2,12,2,4,0,0,0,0,0,0,15,48,0,0,4,0,2,7,3,3,2,14,2,1,5,0
351,5,862,23,1659,18,1194,6,0,29,1097,2,298,4,365,19,0,0,503,65,1,3,0,0,0,0,2,0,15,1,33,0,1284,14,0,0,256,22,23,0,27,1,2,0,1,0,0,0,1,0,1,0,1,0,2,0,0,0,5,0,40,3,5,1,2,1,9,2,2,1,41,2,72,0,26,11,230,47,19,1,0,0,15,1,60,2,61,0,26,0,3,0,23,0,2,0,0,2,22,5,5,1,1,0,1,0,1,1,2,0,0,0,1,13,0,0,0,0,0,0,0,0,0,0,9,0,60,1,24,3,21,0,0,0,20,2,36,0,2,0,2,0,4,0,24,1,17,0,12,1,0,1,9,45,319,82,1,1,3,0,5,1,19,1,38,3,2,0,20,2
8,191,15,687,20,2445,10,1438,29,0,1,723,9,401,3,258,0,0,15,260,0,6,0,2,1,1,0,4,1,15,0,16,21,1071,0,0,3,112,0,5,2,4,0,0,0,2,0,1,0,1,0,0,0,2,0,6,0,2,0,0,2,21,0,13,1,7,0,203,0,22,1,8,1,3,3,100,18,257,0,1,0,0,0,2,0,70,0,10,0,38,1,0,0,9,0,1,2,0,3,1,1,0,0,0,0,0,0,0,0,0,0,0,2,4,0,0,0,0,0,0,0,0,1,0,1,2,9,1,1,10,3,3,0,0,0,3,4,1,0,0,1,3,0,0,0,8,3,3,1,3,0,0,5,11,53,149,0,0,0,2,1,6,6,3,3,3,0,0,3,0
2,0,455,4,448,3,186,0,1097,1,0,2,13,1,9,1,11,1,153,27,25,4,29,0,165,0,126,0,1046,0,521,0,634,5,0,0,13,1,1,0,7,0,0,0,4,0,1,0,1,0,1,0,0,0,0,0,0,0,5,0,1,0,0,0,0,0,0,0,0,0,3,0,2,0,7,2,281,7,3,0,0,0,0,0,3,0,82,0,27,0,16,0,24,0,0,0,0,0,7,1,1,0,0,0,0,0,0,0,0,0,0,0,1,1,0,0,0,0,0,0,0,0,0,0,4,0,27,0,3,0,3,0,0,0,9,0,15,1,0,0,0,0,0,0,1,0,2,0,1,0,7,4,14,30,40,13,3,0,1,0,0,0,2,0,9,0,1,0,2,0
0,1,4,176,3,564,0,6,2,723,2,0,1,19,0,8,0,6,7,141,2,142,1,57,0,122,0,359,0,1611,0,437,0,799,0,0,0,3,0,1,0,2,0,0,0,2,0,0,0,0,0,0,0,0,0,0,0,1,0,0,0,2,0,0,0,0,0,2,0,0,0,0,0,0,0,8,2,257,0,1,0,0,0,0,0,2,0,4,0,1,0,0,0,1,0,0,0,0,0,0,0,0,0,0,0,0,0,0,0,0,0,0,1,0,0,0,0,0,0,0,0,0,0,0,0,0,1,0,0,0,0,1,0,0,0,0,0,0,0,0,0,1,0,0,0,1,0,0,0,0,0,0,4,6,2,7,0,2,0,0,0,1,1,0,0,1,0,0,0,0
504,8,58,1,71,7,1301,5,298,9,13,1,0,3,210,18,0,0,25,2,0,0,0,0,0,0,0,0,0,0,0,0,696,0,0,0,106,26,21,0,30,0,1,0,0,0,3,0,4,0,5,0,2,1,1,0,2,0,1,0,1214,0,7,0,10,1,362,3,6,1,60,1,67,0,16,6,61,6,3,1,0,0,257,0,1151,5,404,0,38,3,0,0,0,0,1,1,2,4,16,9,7,1,3,2,0,0,6,1,2,2,2,2,5,10,0,0,0,0,0,1,0,0,0,0,3,0,19,0,22,5,10,0,0,0,1,0,6,0,0,1,1,1,6,1,22,8,19,0,18,0,0,0,0,0,23,7,0,0,2,1,5,0,24,1,9,2,1,0,10,0
5,608,1,120,0,108,2,1125,4,401,1,19,3,0,9,103,0,0,2,41,0,6,0,1,0,0,0,1,0,1,0,0,5,1029,0,0,8,143,1,5,1,35,0,3,0,1,0,0,0,2,0,9,1,2,0,6,0,5,0,0,3,1064,1,49,0,10,3,812,0,19,4,30,3,15,4,59,5,727,1,19,0,0,2,23,1,1332,0,157,0,12,0,0,0,3,2,3,1,0,6,13,1,0,1,2,3,0,1,4,1,2,0,1,9,22,0,0,0,0,1,4,0,0,0,2,1,3,0,3,1,68,0,6,0,1,1,3,1,0,0,3,0,5,1,14,1,46,0,3,0,5,0,0,0,2,11,15,0,0,2,2,0,22,1,12,1,22,7,1,13,1
1311,52,2698,27,807,14,546,9,365,3,9,0,210,9,0,73,0,0,772,3,0,0,0,0,0,0,0,0,0,0,0,0,387,2,0,0,2033,170,178,2,70,3,5,0,1,1,14,2,23,0,14,3,14,0,40,1,7,0,2,0,509,10,24,3,33,0,85,3,19,2,577,1,596,2,47,17,257,26,11,3,0,0,34,0,140,6,0,0,128,4,0,0,9,1,1,2,2,3,53,12,21,0,0,1,3,0,4,3,5,1,0,1,11,29,0,0,0,0,0,3,0,0,0,1,17,2,72,2,62,15,31,2,0,0,18,2,35,0,4,1,13,1,8,2,35,12,52,2,16,4,0,0,1,0,46,5,3,0,8,0,17,2,64,2,51,8,3,1,40,1
73,1359,24,3580,16,411,39,234,19,258,1,8,18,103,73,0,0,0,6,793,0,1,1,1,0,0,0,0,0,2,0,1,61,74,0,0,178,3027,7,40,13,42,3,1,1,1,1,8,2,96,0,30,0,33,0,90,0,6,0,1,47,227,0,363,0,31,3,134,0,142,13,606,39,942,6,263,41,419,4,38,0,0,2,12,3,95,0,4,4,96,0,0,0,39,3,1,3,3,14,28,11,1,1,0,1,2,9,1,4,2,0,0,35,73,0,0,0,0,0,5,0,0,0,4,3,15,13,41,9,167,10,25,0,2,5,22,10,14,1,2,4,9,2,21,3,170,13,74,4,53,0,0,0,12,83,167,0,2,1,3,7,35,12,17,19,67,3,0,45,4
0,0,13,1,9,0,0,0,0,0,11,0,0,0,0,0,0,4,92,8,459,7,416,0,91,0,7,0,29,0,1,0,73,1,0,0,1,1,1,0,54,0,6,0,142,0,0,0,0,0,0,0,0,0,0,0,0,0,3,0,0,0,0,0,0,0,0,0,0,0,0,0,0,0,35,2,140,1,0,0,0,0,0,0,0,0,4,0,9,0,19,0,14,0,0,0,0,0,0,0,0,0,0,0,0,0,0,0,0,0,0,0,0,0,0,0,0,0,0,0,0,0,0,0,0,0,0,0,0,0,0,0,0,0,0,0,0,0,0,0,0,0,0,0,0,0,0,0,0,0,262,0,159,6,188,1,377,0,0,0,0,0,0,0,1,0,0,0,0,0
0,0,6,8,1,7,0,0,0,0,1,6,0,0,0,0,4,0,7,31,16,482,16,385,0,133,0,7,0,20,0,1,3,247,0,0,0,6,0,3,0,19,0,1,0,150,0,0,0,0,0,0,0,0,0,0,0,0,0,1,0,0,0,0,0,0,0,0,0,0,0,0,0,0,24,14,2,140,0,0,0,0,0,0,0,0,0,83,0,6,0,2,1,1,0,0,0,0,0,0,0,0,0,0,0,0,0,0,0,0,0,0,0,0,0,0,0,0,0,0,0,0,0,0,0,0,0,0,0,0,0,1,0,0,0,0,2,0,0,0,0,0,0,0,0,0,0,0,0,0,1,245,4,71,6,188,22,557,0,0,0,0,0,0,0,0,0,0,0,0
13,3,2389,38,629,33,105,3,503,15,153,7,25,2,772,6,92,7,0,128,498,31,158,3,62,0,5,1,93,2,33,2,372,27,0,0,607,12,30,0,9,0,0,0,8,1,0,1,2,0,3,0,1,0,0,0,1,0,6,0,2,1,1,1,0,0,0,1,0,1,15,0,8,0,24,9,340,40,18,0,0,0,4,0,3,1,21,1,23,3,10,0,25,0,0,2,0,0,11,2,5,0,0,1,0,0,1,0,1,0,0,0,4,9,0,0,0,0,0,0,0,0,0,0,11,1,43,0,9,1,12,2,0,0,12,0,33,0,0,0,0,1,1,0,11,0,15,0,3,2,87,20,611,160,945,106,14,2,3,0,4,0,15,0,20,1,3,0,18,0
2,23,83,1444,61,416,8,40,65,260,27,141,2,41,3,793,8,31,128,0,45,591,7,118,5,50,0,34,8,120,7,13,51,323,0,0,7,503,0,7,2,15,0,1,0,6,0,2,0,0,0,5,0,1,0,3,0,1,0,3,1,11,0,5,0,2,0,9,0,4,0,10,4,5,43,82,55,547,2,6,0,0,0,2,1,17,5,20,3,29,2,4,4,7,1,2,0,0,2,4,1,0,0,0,0,0,0,0,0,2,0,0,3,8,1,0,0,0,0,0,0,0,0,1,4,3,11,10,4,24,1,9,0,1,5,6,4,7,0,0,0,1,0,3,2,22,3,4,1,7,3,32,71,265,84,404,5,19,0,1,2,3,3,5,3,11,1,0,3,4
0,0,63,6,20,2,0,0,1,0,25,2,0,0,0,0,459,16,498,45,0,42,1098,1,147,0,11,0,63,1,1,1,72,5,0,0,0,0,0,1,1,0,0,0,5,0,0,0,0,0,0,0,0,0,0,0,0,0,0,0,0,0,0,0,0,0,0,0,0,0,0,0,0,0,29,4,57,5,1,0,0,0,0,0,0,0,6,2,1,0,8,0,7,0,0,0,0,0,1,0,0,0,0,0,0,0,0,0,0,0,0,0,0,0,0,0,0,0,0,0,0,0,0,0,0,0,1,0,0,0,0,0,0,0,0,0,2,0,0,0,0,0,0,0,0,0,0,0,0,0,346,7,294,37,108,7,49,0,0,0,0,0,0,0,0,0,0,0,0,0
0,2,17,503,10,107,1,1,3,6,4,142,0,6,0,1,7,482,31,591,42,0,20,1162,4,381,0,330,4,155,2,15,5,240,0,0,0,2,0,2,0,10,0,0,0,16,0,0,0,0,0,0,0,0,0,0,0,0,0,1,0,0,0,0,0,0,0,2,0,0,0,0,0,1,136,49,5,195,0,0,0,0,0,0,0,2,0,33,0,11,0,0,0,3,0,0,0,0,0,0,0,0,0,1,0,0,0,0,0,0,0,0,0,0,0,0,0,0,0,0,0,0,0,0,0,0,0,0,0,0,0,1,0,0,0,0,0,0,0,0,0,0,0,0,0,0,0,0,0,0,2,345,19,206,12,36,30,175,0,0,0,0,0,0,0,0,0,0,0,0
0,0,36,1,20,0,0,0,0,0,29,1,0,0,0,1,416,16,158,7,1098,20,0,66,881,1,21,0,84,0,2,0,87,2,0,0,2,0,0,0,0,1,0,0,7,0,0,0,0,0,0,0,0,0,0,0,0,0,0,0,0,0,0,0,0,0,0,0,0,0,0,0,0,0,6,1,35,3,2,0,0,0,0,0,0,0,2,0,4,0,2,0,4,0,0,0,0,0,0,0,0,0,0,0,0,0,0,0,0,0,0,0,0,0,0,0,0,0,0,0,0,0,0,0,1,0,0,0,0,0,0,0,0,0,0,0,0,0,0,0,0,0,0,0,0,0,0,0,0,0,97,10,113,12,74,1,59,0,0,0,0,0,0,0,0,0,0,0,0,0
0,0,2,86,1,23,0,0,0,2,0,57,0,1,0,1,0,385,3,118,1,1162,66,0,0,750,0,129,0,63,1,0,0,111,0,0,0,2,0,0,0,3,0,0,0,3,0,0,0,0,0,0,0,0,0,0,0,0,0,0,0,0,0,0,0,0,0,0,0,0,0,0,0,0,5,9,0,99,0,0,0,0,0,0,0,0,0,4,0,0,0,1,0,0,0,0,0,0,0,0,0,0,0,0,0,0,0,0,0,0,0,0,0,0,0,0,0,0,0,0,0,0,0,0,0,0,0,0,0,0,0,0,0,0,0,0,0,1,0,0,0,0,0,0,0,1,0,0,0,0,0,22,1,49,0,8,0,156,0,0,0,0,0,0,0,0,0,0,0,0
0,0,119,0,61,0,0,0,0,1,165,0,0,0,0,0,91,0,62,5,147,4,881,0,0,0,278,0,455,0,10,0,208,0,0,0,1,0,0,0,2,0,0,0,3,0,0,0,0,0,0,0,0,0,0,0,1,0,0,0,0,0,0,0,0,0,0,0,0,0,0,0,0,0,6,0,36,1,2,0,0,0,0,0,0,0,6,0,6,0,0,0,6,0,0,0,0,0,0,0,0,0,0,0,0,0,0,0,0,0,0,0,0,0,0,0,0,0,0,0,0,0,0,0,0,0,1,0,0,0,0,0,0,0,0,0,0,0,0,0,0,0,0,0,0,0,0,0,0,0,17,3,34,4,16,1,36,0,0,0,0,0,1,0,0,0,0,0,0,0
0,1,0,130,0,33,0,0,0,1,0,122,0,0,0,0,0,133,0,50,0,381,1,750,0,0,0,355,0,224,0,4,1,235,0,0,0,1,0,0,0,0,0,0,0,3,0,0,0,0,0,0,0,0,0,0,0,0,0,0,0,1,0,0,0,0,0,0,0,0,0,0,0,0,0,0,0,44,0,0,0,0,0,0,0,0,0,4,0,2,0,1,0,0,0,0,0,0,0,0,0,0,0,0,0,0,0,0,0,0,0,0,0,0,0,0,0,0,0,0,0,0,0,0,0,0,0,0,0,0,0,0,0,0,0,0,0,0,0,0,0,0,0,0,0,0,0,0,0,0,0,4,0,1,0,4,0,55,0,0,0,0,0,0,0,0,0,0,0,0
0,0,179,0,78,0,0,0,2,0,126,0,0,0,0,0,7,0,5,0,11,0,21,0,278,0,0,0,84,0,4,0,36,0,0,0,0,0,0,0,0,0,0,0,1,0,0,0,0,0,0,0,0,0,0,0,0,0,0,0,0,0,0,0,0,0,0,0,0,0,0,0,0,0,0,0,9,0,1,0,0,0,0,0,1,0,0,0,1,0,1,0,1,0,0,0,0,0,0,0,0,0,0,0,0,0,0,0,0,0,0,0,0,0,0,0,0,0,0,0,0,0,0,0,0,0,0,0,0,0,0,0,0,0,0,0,0,0,0,0,0,0,0,0,0,0,0,0,0,0,0,1,0,0,0,0,5,0,0,0,0,0,0,0,0,0,0,0,0,0
0,0,0,215,0,81,0,1,0,4,0,359,0,1,0,0,0,7,1,34,0,330,0,129,0,355,0,0,0,397,0,20,0,120,0,0,0,0,0,0,0,0,0,0,0,0,0,0,0,0,0,0,0,0,0,0,0,0,0,0,0,0,0,0,0,0,0,0,0,0,0,0,0,0,1,2,0,17,0,0,0,0,0,0,0,0,0,1,0,0,0,0,0,0,0,0,0,0,0,0,0,0,0,0,0,0,0,0,0,0,0,0,0,0,0,0,0,0,0,0,0,0,0,0,0,0,0,0,0,0,0,0,0,0,0,0,0,0,0,0,0,0,0,0,0,0,0,0,0,0,0,0,1,0,0,1,0,0,0,0,0,0,0,0,0,0,0,0,0,0
1,0,311,3,210,5,0,0,15,1,1046,0,0,0,0,0,29,0,93,8,63,4,84,0,455,0,84,0,0,0,205,0,770,1,0,0,0,0,0,0,3,0,0,0,3,0,0,0,0,0,0,0,0,0,0,0,0,0,1,0,0,0,0,0,0,0,0,0,0,0,0,0,1,0,6,0,93,3,1,0,0,0,0,0,1,0,38,1,16,0,10,0,7,0,0,0,0,0,1,0,1,0,0,0,0,0,0,0,0,0,0,0,0,1,0,0,0,0,0,1,0,0,0,0,2,0,4,0,1,0,1,0,0,0,1,0,0,0,0,0,0,0,0,0,0,0,0,0,0,0,12,1,10,17,21,3,5,2,0,0,0,0,1,0,3,0,0,0,0,0
0,0,3,87,0,129,1,0,1,15,0,1611,0,1,0,2,0,20,2,120,1,155,0,63,0,224,0,397,0,0,1,70,0,696,0,0,0,1,0,0,0,4,0,0,0,1,0,0,0,0,0,0,0,0,0,0,0,0,0,0,0,0,0,0,0,0,0,0,0,0,0,0,0,1,4,8,1,155,0,0,0,0,0,0,0,2,0,8,0,3,0,2,0,0,0,0,0,0,0,0,0,0,0,0,0,0,0,0,0,0,0,0,0,0,0,0,0,0,0,0,0,0,0,0,0,0,0,0,0,0,0,0,0,0,0,0,0,0,0,0,0,0,0,0,0,0,0,0,0,0,1,2,2,5,0,2,0,7,0,0,0,0,0,0,0,0,0,0,0,0
0,0,117,3,213,0,1,0,33,0,521,0,0,0,0,0,1,0,33,7,1,2,2,1,10,0,4,0,205,1,0,0,50,1,0,0,0,0,0,0,1,0,0,0,1,0,0,0,0,0,1,0,0,0,0,0,0,0,1,0,0,0,0,0,0,0,0,0,0,0,0,0,0,0,0,0,26,4,1,0,0,0,0,0,0,0,5,0,4,0,5,0,2,0,0,0,0,0,0,0,0,0,0,0,0,0,0,0,0,0,0,0,0,0,0,0,0,0,0,0,0,0,0,0,0,0,1,0,0,0,0,0,0,0,0,0,0,0,0,0,0,0,0,0,0,0,0,0,0,0,6,1,3,11,2,1,0,0,0,0,1,0,0,0,0,0,1,0,0,0
0,0,0,26,0,130,0,1,0,16,0,437,0,0,0,1,0,1,2,13,1,15,0,0,0,4,0,20,0,70,0,0,2,54,0,0,0,0,0,0,0,2,0,0,0,1,0,0,0,0,0,0,0,0,0,0,0,0,0,0,0,0,0,0,0,0,0,0,0,0,0,0,0,0,0,0,0,26,0,0,0,0,0,0,0,0,0,0,0,0,0,0,0,0,0,0,0,0,0,0,0,0,0,0,0,0,0,0,0,0,0,0,0,0,0,0,0,0,0,0,0,0,0,0,0,0,0,0,0,0,0,0,0,0,0,0,0,0,0,0,0,0,0,0,0,0,0,0,0,0,0,0,0,0,0,0,0,0,0,0,0,0,0,0,0,0,0,0,0,0
248,35,622,30,447,35,424,15,1284,21,634,0,696,5,387,61,73,3,372,51,72,5,87,0,208,1,36,0,770,0,50,2,0,14,0,0,342,116,92,6,385,10,14,1,28,0,74,8,22,2,56,2,20,0,33,1,17,1,94,0,306,5,85,6,80,0,387,9,5,3,302,10,339,6,125,26,1718,50,63,0,0,0,170,1,509,19,508,2,413,4,104,0,316,1,8,8,9,2,81,23,24,1,2,3,5,0,8,0,16,2,4,1,11,35,1,1,0,0,0,4,0,0,1,1,29,1,174,1,94,24,49,2,0,0,67,2,78,0,42,1,16,3,56,5,98,20,69,3,50,5,14,5,34,60,198,71,30,1,6,1,10,2,56,1,63,8,12,2,47,2
9,57,19,389,13,439,2,861,14,1071,5,799,0,1029,2,74,1,247,27,323,5,240,2,111,0,235,0,120,1,696,1,54,14,0,0,0,3,49,3,25,2,74,0,3,0,116,0,7,0,10,0,17,0,15,0,48,0,10,0,5,1,97,0,32,0,2,1,65,1,12,2,22,1,6,7,80,21,2938,1,14,0,0,2,102,1,285,0,153,0,67,0,1,0,17,1,2,2,0,3,11,1,1,0,1,0,0,1,3,0,1,1,2,2,19,0,0,1,0,0,0,0,0,0,0,0,0,5,1,2,49,1,0,0,1,0,1,3,2,0,6,0,10,0,57,2,54,0,4,0,0,0,3,4,11,20,44,0,10,0,0,1,8,2,4,3,15,0,2,7,2
0,0,0,0,0,0,0,0,0,0,0,0,0,0,0,0,0,0,0,0,0,0,0,0,0,0,0,0,0,0,0,0,0,0,0,0,0,0,0,0,0,0,0,0,0,0,0,0,0,0,0,0,0,0,0,0,0,0,0,0,0,0,0,0,0,0,0,0,0,0,0,0,0,0,0,0,0,0,0,0,0,0,0,0,0,0,0,0,0,0,0,0,0,0,0,0,0,0,0,0,0,0,0,0,0,0,0,0,0,0,0,0,0,0,0,0,0,0,0,0,0,0,0,0,0,0,0,0,0,0,0,0,0,0,0,0,0,0,0,0,0,0,0,0,0,0,0,0,0,0,0,0,0,0,0,0,0,0,0,0,0,0,0,0,0,0,0,0,0,0
0,0,0,0,0,0,0,0,0,0,0,0,0,0,0,0,0,0,0,0,0,0,0,0,0,0,0,0,0,0,0,0,0,0,0,0,0,0,0,0,0,0,0,0,0,0,0,0,0,0,0,0,0,0,0,0,0,0,0,0,0,0,0,0,0,0,0,0,0,0,0,0,0,0,0,0,0,0,0,0,0,0,0,0,0,0,0,0,0,0,0,0,0,0,0,0,0,0,0,0,0,0,0,0,0,0,0,0,0,0,0,0,0,0,0,0,0,0,0,0,0,0,0,0,0,0,0,0,0,0,0,0,0,0,0,0,0,0,0,0,0,0,0,0,0,0,0,0,0,0,0,0,0,0,0,0,0,0,0,0,0,0,0,0,0,0,0,0,0,0
252,142,381,22,226,16,206,11,256,3,13,0,106,8,2033,178,1,0,607,7,0,0,2,0,1,0,0,0,0,0,0,0,342,3,0,0,0,737,1010,4,129,14,5,0,0,0,26,2,56,1,19,2,8,2,12,1,0,0,3,1,278,23,24,7,82,0,185,7,17,6,2112,13,605,24,44,47,274,42,22,1,0,0,26,1,87,13,3,0,29,3,0,0,5,1,4,7,4,6,73,20,38,3,3,6,4,1,7,4,12,3,0,1,9,33,0,0,0,0,0,0,0,0,0,0,14,0,64,2,63,22,35,2,0,0,27,4,32,0,4,1,17,3,20,2,50,35,64,16,13,6,1,0,24,0,511,10,0,0,7,1,17,4,75,4,61,11,8,1,59,1
137,521,21,309,19,160,30,127,22,112,1,3,26,143,170,3027,1,6,12,503,0,2,0,2,0,1,0,0,0,1,0,0,116,49,0,0,737,0,10,897,46,46,0,4,0,0,3,100,8,254,3,125,3,31,4,62,0,6,1,0,128,233,5,380,18,19,33,181,2,75,122,2493,210,829,28,267,107,306,16,21,0,0,9,13,21,155,0,3,22,68,0,0,0,20,2,6,6,2,48,29,18,1,1,4,2,0,5,9,6,3,2,2,31,66,41,0,0,0,0,4,0,0,0,3,14,4,18,28,30,324,17,35,0,1,5,20,4,14,1,1,8,18,8,45,15,294,27,72,13,72,0,11,2,67,123,817,0,15,4,3,8,18,54,30,19,58,3,1,48,1
42,5,55,1,42,3,22,1,23,0,1,0,21,1,178,7,1,0,30,0,0,0,0,0,0,0,0,0,0,0,0,0,92,3,0,0,1010,10,0,192,131,17,9,4,0,0,608,218,357,42,34,53,105,25,56,21,28,23,3,12,31,1,7,17,14,1,69,17,98,8,1983,96,10,0,2,6,28,9,1,0,0,0,90,3,149,27,0,0,156,11,0,0,8,12,0,0,0,0,3,0,1,2,0,2,0,0,2,2,2,0,0,0,1,0,1,0,0,0,0,0,0,0,0,0,0,0,3,0,4,8,0,0,0,0,0,0,0,0,1,0,2,0,1,5,7,20,2,1,1,5,0,0,0,0,3,2,0,0,1,1,1,0,8,0,5,1,0,0,4,0
4,24,1,20,1,7,0,7,0,5,0,1,0,5,2,40,0,3,0,7,1,2,0,0,0,0,0,0,0,0,0,0,6,25,0,0,4,897,192,0,6,85,0,17,0,1,218,1006,89,333,3,175,19,125,15,153,6,100,2,46,5,18,0,86,0,5,1,61,1,129,63,1250,0,10,0,17,1,55,1,9,0,0,2,16,16,179,0,3,24,88,0,0,2,33,0,3,1,1,1,6,0,0,0,4,0,0,0,0,0,0,1,0,2,8,14,0,0,0,0,1,0,0,0,1,0,0,0,0,0,24,0,1,0,0,1,2,0,0,0,4,0,8,0,26,1,54,0,0,0,5,0,2,0,14,1,36,0,7,0,0,0,3,0,0,2,7,0,0,5,1
26,6,36,4,35,1,13,0,27,2,7,0,30,1,70,13,54,0,9,2,1,0,0,0,2,0,0,0,3,0,1,0,385,2,0,0,129,46,131,6,0,17,1237,5,383,0,226,26,61,2,669,5,9,0,9,0,16,1,362,2,24,5,11,0,8,0,9,1,2,1,767,26,105,4,66,3,427,8,72,4,0,0,18,0,223,0,369,0,396,1,575,0,596,0,26,37,29,15,79,52,44,7,10,16,33,5,69,31,27,18,22,3,14,14,2,1,0,0,1,9,0,0,0,0,2,0,13,0,38,4,9,1,0,0,2,0,4,0,482,0,31,0,136,1,287,21,26,3,38,3,0,1,0,0,8,2,22,0,9,1,21,1,212,2,21,0,13,15,14,6
2,55,1,40,1,19,1,7,1,4,0,2,0,35,3,42,0,19,0,15,0,10,1,3,0,0,0,0,0,4,0,2,10,74,0,0,14,46,17,85,17,0,3,1623,0,483,105,108,24,74,20,364,7,88,4,197,3,254,1,1001,3,105,0,19,1,5,1,6,1,15,52,135,0,18,2,61,0,622,1,235,0,0,2,13,9,181,1,902,17,435,0,121,0,475,7,57,9,8,13,89,9,2,3,30,8,1,13,34,11,18,3,8,26,34,3,1,1,0,0,1,0,0,0,0,0,7,0,3,1,40,1,2,0,1,0,2,0,0,1,354,0,49,0,130,0,241,1,0,0,10,0,0,0,1,4,5,0,65,9,20,5,27,2,292,9,27,3,8,31,10
4,1,3,1,0,1,2,0,2,0,0,0,1,0,5,3,6,0,0,0,0,0,0,0,0,0,0,0,0,0,0,0,14,0,0,0,5,0,9,0,1237,3,0,9,121,0,18,2,3,0,631,0,0,0,2,0,3,0,1921,1,0,3,0,1,0,0,0,0,0,0,171,0,4,0,2,0,11,4,1,0,0,0,2,0,11,0,97,0,13,0,71,0,256,0,33,22,58,11,84,31,59,4,15,11,39,3,195,24,57,16,34,4,6,1,1,3,1,2,3,4,0,0,0,0,0,0,0,0,2,0,0,0,0,0,0,0,0,0,9,1,2,0,3,0,3,2,0,0,1,0,0,0,1,0,2,0,1,0,3,1,2,0,22,3,5,0,3,13,1,2
0,0,0,0,0,0,0,0,0,0,0,0,0,3,0,1,0,1,0,1,0,0,0,0,0,0,0,0,0,0,0,0,1,3,0,0,0,4,4,17,5,1623,9,0,0,204,17,193,1,14,2,1015,2,5,0,23,0,36,0,1436,0,2,0,0,0,1,0,2,0,0,5,212,0,0,1,3,2,28,0,1,0,0,0,0,0,6,0,223,0,9,0,175,0,22,2,15,3,0,1,8,2,1,0,10,2,0,6,6,2,5,1,2,2,0,0,0,1,0,0,2,0,0,0,0,0,0,0,0,0,0,0,0,0,0,0,0,0,0,0,10,0,0,0,1,1,9,0,0,0,0,0,0,0,0,0,0,0,0,0,1,0,3,1,3,0,1,0,1,0,1
0,0,4,0,6,0,0,0,1,0,4,0,0,0,1,1,142,0,8,0,5,0,7,0,3,0,1,0,3,0,1,0,28,0,0,0,0,0,0,0,383,0,121,0,0,0,0,0,0,0,0,0,0,0,0,0,1,0,19,0,0,0,0,0,0,0,0,0,0,0,0,0,0,0,4,0,298,0,84,0,0,0,0,0,2,0,313,1,106,0,231,0,77,0,0,0,0,0,0,1,0,0,0,1,0,0,0,0,0,0,0,0,0,0,1,0,0,0,0,0,0,0,0,0,0,0,0,0,0,0,0,0,0,0,0,0,0,0,3,0,0,0,0,0,0,0,0,0,0,0,0,0,0,1,1,0,24,0,0,0,1,0,45,0,6,0,0,0,1,0
0,1,1,4,1,8,0,0,0,2,0,2,0,1,1,1,0,150,1,6,0,16,0,3,0,3,0,0,0,1,0,1,0,116,0,0,0,0,0,1,0,483,0,204,0,0,0,1,0,2,1,4,0,2,0,6,0,7,0,54,0,0,0,2,0,0,0,1,0,0,0,0,0,0,0,4,0,620,0,55,0,0,0,0,0,4,0,523,0,70,0,45,0,69,0,1,0,0,0,0,0,0,0,0,0,0,0,1,0,0,0,0,0,1,0,0,0,0,0,0,0,0,0,0,0,1,0,3,0,2,0,1,0,0,0,1,0,1,0,9,0,1,0,0,0,0,0,0,0,0,0,0,0,2,0,0,0,92,0,0,0,1,0,0,0,2,0,0,2,0
31,0,11,0,9,0,1,0,0,0,1,0,3,0,14,1,0,0,0,0,0,0,0,0,0,0,0,0,0,0,0,0,74,0,0,0,26,3,608,218,226,105,18,17,0,0,0,1348,3400,703,3604,947,1041,238,804,16,451,44,119,46,12,0,1,0,3,0,5,0,16,2,982,291,1,0,2,0,19,11,2,0,0,0,11,0,128,1,7,0,811,4,2,0,95,4,18,2,2,0,5,1,2,1,0,110,0,0,0,1,2,2,2,0,0,2,1,0,0,0,0,0,0,0,0,0,0,0,2,0,4,0,2,0,0,0,0,0,0,0,4,0,1,0,5,4,7,29,1,0,3,0,0,0,0,0,2,0,0,0,0,0,2,0,4,0,5,1,0,0,0,0
6,3,3,5,1,1,2,1,0,1,0,0,0,0,2,8,0,0,1,2,0,0,0,0,0,0,0,0,0,0,0,0,8,7,0,0,2,100,218,1006,26,108,2,193,0,1,1348,0,764,3487,98,3072,78,1488,69,1146,24,1114,5,300,2,1,1,6,2,1,4,3,6,19,124,2299,0,1,2,4,0,39,0,4,0,0,0,3,17,36,1,2,51,65,0,0,4,32,0,45,1,0,1,5,1,7,0,161,1,0,1,1,0,0,0,0,2,1,152,1,0,0,0,0,0,0,0,0,0,0,0,0,0,0,0,0,0,0,0,0,0,0,1,1,0,4,2,10,1,18,0,0,0,0,0,0,0,0,0,2,0,0,0,0,1,1,0,0,1,1,0,0,0,0
42,0,26,0,4,0,0,1,1,0,1,0,4,0,23,2,0,0,2,0,0,0,0,0,0,0,0,0,0,0,0,0,22,0,0,0,56,8,357,89,61,24,3,1,0,0,3400,764,0,794,248,265,2378,208,972,11,73,14,25,19,9,0,9,2,13,0,24,1,29,4,1385,139,5,0,1,0,4,6,0,1,0,0,15,1,72,3,0,0,150,0,0,0,15,3,5,2,0,0,2,1,0,1,0,18,0,0,0,1,0,0,0,0,0,0,3,0,0,0,0,1,0,0,0,0,0,0,0,0,2,0,0,0,0,0,0,0,0,0,0,1,0,0,0,2,0,5,0,0,0,0,0,0,0,0,0,0,0,0,0,0,0,0,0,0,0,0,0,0,0,0
1,18,2,29,1,3,0,1,0,1,0,0,0,2,0,96,0,0,0,0,0,0,0,0,0,0,0,0,0,0,0,0,2,10,0,0,1,254,42,333,2,74,0,14,0,2,703,3487,794,0,39,613,13,2884,4,804,5,264,0,101,1,7,0,90,0,6,1,11,2,90,54,1792,0,5,0,5,0,36,0,4,0,0,0,3,6,61,0,1,14,44,0,1,3,25,0,11,0,0,1,3,0,2,0,34,0,0,0,1,0,0,0,0,3,0,22,2,0,0,0,1,0,0,0,0,0,0,0,0,0,7,0,1,0,0,0,0,0,0,0,1,0,1,0,9,0,25,0,0,0,1,0,0,0,0,0,0,0,0,0,0,1,2,2,0,0,1,0,0,1,1
15,2,3,0,5,0,5,0,1,0,1,0,5,0,14,0,0,0,3,0,0,0,0,0,0,0,0,0,0,0,1,0,56,0,0,0,19,3,34,3,669,20,631,2,0,1,3604,98,248,39,0,407,263,7,869,1,1487,4,2717,28,10,1,2,1,5,0,0,0,7,0,708,29,5,0,2,0,14,3,3,0,0,0,2,0,82,0,12,0,702,3,1,0,172,1,149,1,0,0,33,1,239,0,52,78,0,0,2,2,4,0,0,0,0,128,4,0,0,0,0,1,0,0,0,0,2,0,1,0,5,1,0,0,0,1,3,0,1,0,7,1,0,0,16,1,33,16,0,0,1,1,0,0,0,0,1,1,1,0,0,0,0,0,3,0,31,0,5,0,8,0
0,29,1,13,2,3,1,3,0,0,0,0,0,9,3,30,0,0,0,5,0,0,0,0,0,0,0,0,0,0,0,0,2,17,0,0,2,125,53,175,5,364,0,1015,0,4,947,3072,265,613,407,0,18,249,10,455,6,1857,0,2188,2,27,0,16,0,1,0,8,1,9,29,1101,2,2,0,31,2,157,0,28,0,0,1,2,2,63,0,9,4,61,0,1,3,66,0,312,0,2,1,35,0,300,0,1266,0,0,0,0,2,0,0,0,9,124,92,110,0,0,0,0,0,0,0,0,0,2,0,0,0,37,0,6,0,2,0,10,0,0,0,21,0,22,0,23,0,73,0,2,0,2,0,0,0,0,0,7,0,3,0,2,0,14,1,7,0,23,2,1,14,4
65,0,33,0,14,0,4,0,1,0,0,0,2,1,14,0,0,0,1,0,0,0,0,0,0,0,0,0,0,0,0,0,20,0,0,0,8,3,105,19,9,7,0,2,0,0,1041,78,2378,13,263,18,0,5,3804,6,131,10,10,4,25,0,424,1,105,0,29,0,75,2,672,26,9,0,0,0,1,1,0,0,0,0,18,1,67,2,0,0,185,0,1,0,20,0,2,0,0,0,1,0,1,0,0,1,0,0,0,0,0,0,0,0,1,1,0,0,0,0,0,0,0,0,0,0,0,0,0,0,0,0,0,0,0,0,0,0,0,0,0,0,0,0,0,1,0,1,0,0,0,0,0,1,0,0,0,0,0,0,0,0,0,0,1,0,0,0,0,0,0,0
0,30,0,47,0,4,0,1,0,2,0,0,1,2,0,33,0,0,0,1,0,0,0,0,0,0,0,0,0,0,0,0,0,15,0,0,2,31,25,125,0,88,0,5,0,2,238,1488,208,2884,7,249,5,0,0,3549,2,440,0,275,1,20,0,320,0,41,0,16,0,557,6,979,0,2,0,1,0,49,0,3,0,0,3,10,3,90,0,1,0,63,0,1,0,34,0,24,0,0,1,3,0,0,0,16,0,0,0,0,0,1,0,0,1,2,2,0,0,0,0,0,0,0,0,0,0,0,0,0,0,7,1,0,0,0,0,1,0,0,0,2,0,5,0,12,0,28,0,0,0,2,0,0,0,0,0,0,0,0,0,0,1,2,0,3,1,0,0,0,5,0
330,1,102,0,62,1,5,0,2,0,0,0,1,0,40,0,0,0,0,0,0,0,0,0,0,0,0,0,0,0,0,0,33,0,0,0,12,4,56,15,9,4,2,0,0,0,804,69,972,4,869,10,3804,0,0,0,2821,2,463,0,94,0,1031,1,1050,0,64,0,883,1,690,15,34,0,0,0,10,3,0,0,0,0,17,0,172,3,8,0,2912,1,1,0,316,0,43,0,0,0,1,0,0,0,0,0,0,0,0,0,1,0,0,0,0,1,0,0,0,0,0,0,0,0,0,0,0,0,1,0,1,0,0,0,0,0,0,0,0,0,2,0,0,0,0,2,1,0,0,0,1,1,0,0,0,0,1,0,0,0,0,0,0,1,1,0,0,2,0,1,1,0
0,93,2,143,0,36,0,4,0,6,0,0,0,6,1,90,0,0,0,3,0,0,0,0,0,0,0,0,0,0,0,0,1,48,0,0,1,62,21,153,0,197,0,23,0,6,16,1146,11,804,1,455,6,3549,0,0,1,2238,0,460,0,67,0,166,0,14,1,22,0,1148,6,936,1,6,0,9,0,167,1,9,0,0,0,21,5,305,0,3,1,1853,0,1,0,374,0,26,1,0,1,8,0,0,0,15,0,0,0,0,0,0,0,0,6,4,3,0,0,0,0,1,0,0,0,0,0,0,0,0,0,9,0,1,0,0,0,1,0,0,0,6,1,6,0,54,0,61,0,1,0,2,1,0,0,0,3,0,0,1,0,0,0,4,0,1,0,5,1,2,1,0
47,0,14,0,7,0,1,0,0,0,0,0,2,0,7,0,0,0,1,0,0,0,0,0,1,0,0,0,0,0,0,0,17,0,0,0,0,0,28,6,16,3,3,0,1,0,451,24,73,5,1487,6,131,2,2821,1,0,1,1687,1,25,0,4,0,8,0,1,0,19,0,23,11,4,0,0,0,4,2,0,0,0,0,2,0,55,1,2,0,866,1,0,0,641,0,75,0,0,0,0,0,0,0,0,0,0,0,0,0,0,0,0,0,0,0,0,0,0,0,0,0,0,0,0,0,0,0,0,0,0,0,0,0,0,0,0,0,0,0,2,0,0,0,3,0,1,0,0,0,0,0,0,0,0,0,0,0,0,0,0,0,1,0,0,0,1,0,0,0,0,0
0,5,1,13,0,4,0,0,0,2,0,1,0,5,0,6,0,0,0,1,0,0,0,0,0,0,0,0,0,0,0,0,1,10,0,0,0,6,23,100,1,254,0,36,0,7,44,1114,14,264,4,1857,10,440,2,2238,1,0,0,1354,0,6,0,11,0,1,0,2,0,9,8,79,1,0,0,3,0,149,0,12,0,0,1,0,1,86,0,19,5,474,0,5,1,822,0,124,0,0,1,1,0,2,0,115,0,0,0,0,0,1,0,0,0,1,1,0,0,0,0,0,0,0,0,0,0,0,0,0,0,2,0,0,0,0,0,0,0,0,0,18,0,1,0,29,0,30,0,0,0,1,0,0,0,0,0,0,0,0,0,0,0,5,0,3,1,2,0,0,0,0
3,0,5,1,7,1,0,0,5,0,5,0,1,0,2,0,3,0,6,0,0,0,0,0,0,0,0,0,1,0,1,0,94,0,0,0,3,1,3,2,362,1,1921,0,19,0,119,5,25,0,2717,0,10,0,463,0,1687,0,0,0,2,0,0,0,1,0,0,0,1,0,32,4,2,0,0,0,41,0,1,0,0,0,0,0,119,0,201,0,740,0,888,0,3274,0,2,1,1,0,0,0,37,0,42,0,2,0,0,1,0,0,0,0,0,0,0,0,0,0,0,0,0,0,0,0,0,0,0,0,0,0,0,0,0,0,0,0,0,0,7,0,0,0,4,0,6,0,1,0,1,0,0,0,0,0,3,1,1,0,0,0,0,0,3,0,0,0,0,0,0,0
0,4,1,5,0,4,0,0,0,0,0,0,0,0,0,1,0,1,0,3,0,1,0,0,0,0,0,0,0,0,0,0,0,5,0,0,1,0,12,46,2,1001,1,1436,0,54,46,300,19,101,28,2188,4,275,0,460,1,1354,0,0,0,0,0,3,0,0,0,0,0,0,1,78,0,0,1,3,0,183,0,13,0,0,0,0,2,21,0,784,2,190,0,489,0,1909,0,738,0,0,0,2,0,18,0,735,0,0,0,0,0,1,0,1,0,2,3,2,0,0,0,0,0,0,0,0,0,0,0,0,0,0,0,0,0,0,0,0,0,0,0,10,0,0,0,6,0,7,0,0,0,0,0,0,0,1,0,0,0,1,0,0,0,4,0,0,0,0,0,0,0,0
4431,32,125,16,104,8,182,9,40,2,1,0,1214,3,509,47,0,0,2,1,0,0,0,0,0,0,0,0,0,0,0,0,306,1,0,0,278,128,31,5,24,3,0,0,0,0,12,2,9,1,10,2,25,1,94,0,25,0,2,0,0,4,1148,1,1928,0,1611,10,157,2,738,5,874,0,8,9,96,14,7,1,0,0,68,0,559,7,0,0,810,1,0,0,14,0,1,0,1,0,16,0,9,0,0,1,1,0,2,2,3,1,1,0,3,7,0,0,0,0,0,0,0,0,0,0,1,0,10,2,12,12,2,1,0,0,1,0,2,0,0,0,4,0,6,2,9,11,6,4,5,3,0,0,0,0,7,3,0,0,2,0,3,2,21,2,13,3,0,0,5,0
6,3481,0,133,0,108,1,115,3,21,0,2,0,1064,10,227,0,0,1,11,0,0,0,0,0,1,0,0,0,0,0,0,5,97,0,0,23,233,1,18,5,105,3,2,0,0,0,1,0,7,1,27,0,20,0,67,0,6,0,0,4,0,0,1165,0,831,2,2515,0,428,5,504,5,981,1,136,10,476,0,32,0,0,1,4,2,130,0,1,2,312,0,0,0,59,2,3,11,3,12,61,6,0,3,6,9,1,5,13,8,9,3,5,41,70,2,0,0,0,0,8,0,0,0,0,0,4,1,8,0,282,0,9,0,0,2,13,1,1,0,3,0,43,0,28,0,193,0,47,1,40,0,0,0,0,3,7,0,2,1,8,2,107,1,91,12,110,10,2,68,7
268,1,39,0,20,0,11,0,5,0,0,0,7,1,24,0,0,0,1,0,0,0,0,0,0,0,0,0,0,0,0,0,85,0,0,0,24,5,7,0,11,0,0,0,0,0,1,1,9,0,2,0,424,0,1031,0,4,0,0,0,1148,0,0,3,2457,1,100,2,714,0,1554,1,161,0,1,1,15,0,1,0,0,0,2,0,15,1,0,0,54,0,0,0,1,0,0,0,0,0,2,0,2,0,0,0,0,0,0,0,1,0,0,0,0,1,0,0,0,0,0,0,0,0,0,0,0,0,1,0,3,4,1,0,0,0,0,0,0,0,1,0,0,0,1,0,1,2,2,0,0,1,0,0,0,0,1,0,0,0,0,0,0,0,2,0,3,0,0,0,1,1
2,343,1,216,0,36,1,16,1,13,0,0,0,49,3,363,0,0,1,5,0,0,0,0,0,0,0,0,0,0,0,0,6,32,0,0,7,380,17,86,0,19,1,0,0,2,0,6,2,90,1,16,1,320,1,166,0,11,0,3,1,1165,3,0,1,626,6,326,0,1608,19,758,0,223,1,61,3,78,0,2,0,0,2,26,17,102,0,0,5,72,0,0,0,14,2,0,1,1,1,11,2,0,0,0,1,0,2,2,2,0,0,1,15,26,0,0,0,0,0,0,0,0,0,0,0,0,1,4,0,158,0,4,0,0,1,1,0,0,0,1,0,12,1,26,2,97,1,7,0,18,0,0,0,0,1,3,0,0,0,1,0,19,1,12,5,13,1,2,15,1
350,0,47,0,31,0,6,0,2,1,0,0,10,0,33,0,0,0,0,0,0,0,0,0,0,0,0,0,0,0,0,0,80,0,0,0,82,18,14,0,8,1,0,0,0,0,3,2,13,0,5,0,105,0,1050,0,8,0,1,0,1928,0,2457,1,0,0,1800,1,2324,0,561,0,82,0,1,1,13,0,1,0,0,0,5,0,24,0,1,0,239,0,0,0,3,0,0,0,0,0,1,1,0,0,0,0,0,0,0,0,0,0,0,0,0,1,0,0,0,0,0,1,0,0,0,0,0,0,1,0,3,3,0,0,0,0,0,0,1,0,0,0,0,1,2,0,0,1,0,0,0,2,0,0,0,0,0,0,0,0,0,0,0,0,2,0,2,0,1,0,0,0
0,214,0,82,0,60,0,3,1,7,0,0,1,10,0,31,0,0,0,2,0,0,0,0,0,0,0,0,0,0,0,0,0,2,0,0,0,19,1,5,0,5,0,1,0,0,0,1,0,6,0,1,0,41,0,14,0,1,0,0,0,831,1,626,0,0,0,1462,0,1673,0,27,0,3,0,9,0,27,0,2,0,0,0,0,0,14,0,0,0,48,0,0,0,5,0,0,0,0,2,1,0,0,0,0,1,0,1,1,2,1,0,0,2,3,0,0,0,0,0,0,0,0,0,0,0,0,0,0,1,23,0,1,0,0,0,0,0,0,0,0,0,4,0,3,0,9,0,1,0,3,0,0,0,0,0,1,0,0,0,0,0,2,0,2,1,3,0,0,1,0
391,1,32,0,26,0,71,0,9,0,0,0,362,3,85,3,0,0,0,0,0,0,0,0,0,0,0,0,0,0,0,0,387,1,0,0,185,33,69,1,9,1,0,0,0,0,5,4,24,1,0,0,29,0,64,1,1,0,0,0,1611,2,100,6,1800,0,0,11,782,5,373,3,92,1,1,3,49,5,8,0,0,0,24,0,1208,5,1,0,412,1,0,0,0,1,0,0,0,0,6,2,4,0,0,2,0,0,1,0,2,1,0,0,0,2,0,0,0,0,0,0,0,0,0,0,1,0,1,1,7,14,1,0,0,0,3,0,1,0,0,0,0,2,1,0,2,13,0,2,0,3,0,0,0,0,2,0,0,0,1,0,3,0,11,0,5,1,0,0,2,0
6,590,1,188,4,252,2,284,2,203,0,2,3,812,3,134,0,0,1,9,0,2,0,0,0,0,0,0,0,0,0,0,9,65,0,0,7,181,17,61,1,6,0,2,0,1,0,3,1,11,0,8,0,16,0,22,0,2,0,0,10,2515,2,326,1,1462,11,0,3,717,8,51,1,22,0,32,3,135,1,4,0,0,2,7,3,1100,0,1,5,282,0,1,0,27,0,0,2,0,7,9,3,0,1,0,0,0,1,1,1,1,0,3,6,10,1,0,0,0,0,0,0,0,0,0,1,0,1,0,1,37,0,2,0,0,0,2,2,0,0,1,0,5,0,10,0,22,0,3,1,2,0,0,0,0,8,9,0,1,1,1,0,20,1,7,5,11,1,0,7,0
193,0,21,1,20,1,2,0,2,0,0,0,6,0,19,0,0,0,0,0,0,0,0,0,0,0,0,0,0,0,0,0,5,1,0,0,17,2,98,1,2,1,0,0,0,0,16,6,29,2,7,1,75,0,883,0,19,0,1,0,157,0,714,0,2324,0,782,3,0,1,323,4,16,0,0,0,2,3,0,0,0,0,6,0,190,5,0,0,1747,1,0,0,7,0,0,0,0,0,0,0,0,0,0,0,0,0,0,0,0,0,0,0,0,0,0,0,0,0,0,0,0,0,0,0,0,0,0,0,0,1,0,0,0,0,0,0,0,0,0,0,0,0,0,1,0,2,0,0,0,0,0,0,0,0,0,0,0,0,0,0,0,1,0,0,0,0,0,0,0,0
0,479,0,312,0,169,1,32,1,22,0,0,1,19,2,142,0,0,1,4,0,0,0,0,0,0,0,0,0,0,0,0,3,12,0,0,6,75,8,129,1,15,0,0,0,0,2,19,4,90,0,9,2,557,1,1148,0,9,0,0,2,428,0,1608,0,1673,5,717,1,0,4,297,2,9,0,16,1,52,0,3,0,0,3,25,4,586,0,1,5,979,0,0,0,39,0,1,1,0,2,4,0,0,0,2,1,0,1,0,1,0,0,0,2,6,2,0,0,0,0,0,0,0,0,0,0,1,0,0,0,16,0,1,0,0,0,0,0,0,0,0,0,5,0,8,1,16,0,1,0,1,0,0,0,0,1,10,0,0,0,0,0,5,1,7,2,4,0,1,4,0
644,6,310,1,104,2,71,2,41,1,3,0,60,4,577,13,0,0,15,0,0,0,0,0,0,0,0,0,0,0,0,0,302,2,0,0,2112,122,1983,63,767,52,171,5,0,0,982,124,1385,54,708,29,672,6,690,6,23,8,32,1,738,5,1554,19,561,0,373,8,323,4,0,887,1208,1,6,5,103,3,4,1,0,0,81,3,182,20,0,0,195,4,0,0,24,3,1,4,2,0,23,6,8,1,1,3,1,0,3,2,2,1,0,1,4,12,1,0,0,0,0,3,0,0,0,0,1,1,5,0,16,16,7,0,1,0,4,0,1,0,0,4,12,1,13,3,20,34,2,0,6,5,0,0,0,0,8,1,0,0,1,0,3,3,29,0,14,2,1,0,9,1
11,131,1,158,1,11,0,7,2,8,0,0,1,30,1,606,0,0,0,10,0,0,0,0,0,0,0,0,0,0,0,0,10,22,0,0,13,2493,96,1250,26,135,0,212,0,0,291,2299,139,1792,29,1101,26,979,15,936,11,79,4,78,5,504,1,758,0,27,3,51,4,297,887,0,0,952,1,59,5,62,0,10,0,0,6,12,12,104,0,0,16,86,0,0,5,58,1,5,0,1,5,8,2,4,0,6,0,0,0,1,0,2,0,0,10,15,126,0,0,0,0,2,0,0,0,0,0,1,0,2,0,115,0,3,0,0,0,1,0,1,0,5,0,17,1,33,1,100,1,10,0,12,0,0,0,3,3,22,0,0,0,0,0,13,1,10,3,17,3,0,9,0
1016,33,181,7,79,4,113,1,72,1,2,0,67,3,596,39,0,0,8,4,0,0,0,0,0,0,0,0,1,0,0,0,339,1,0,0,605,210,10,0,105,0,4,0,0,0,1,0,5,0,5,2,9,0,34,1,4,1,2,0,874,5,161,0,82,0,92,1,16,2,1208,0,0,5,51,14,334,15,29,0,0,0,15,0,42,0,0,0,40,1,0,0,2,0,2,6,8,2,51,10,17,1,1,5,2,0,4,2,4,2,0,1,10,23,0,0,0,0,0,2,0,0,0,0,6,1,24,2,47,7,39,1,0,0,19,1,6,0,6,0,9,1,18,3,24,9,36,2,13,3,0,0,0,0,5,1,1,0,4,0,11,2,99,0,41,4,7,1,42,2
2,182,0,28,0,13,0,9,0,3,0,0,0,15,2,942,0,0,0,5,0,1,0,0,0,0,0,0,0,1,0,0,6,6,0,0,24,829,0,10,4,18,0,0,0,0,0,1,0,5,0,2,0,2,0,6,0,0,0,0,0,981,0,223,0,3,1,22,0,9,1,952,5,0,2,109,2,48,0,6,0,0,1,3,2,11,0,0,0,4,0,0,0,1,0,1,3,1,5,10,1,0,0,0,0,1,4,0,1,2,0,1,10,29,0,0,0,0,0,4,0,0,0,0,0,3,0,1,1,92,2,1,0,2,0,3,0,2,0,2,0,3,0,15,0,100,1,35,0,34,0,0,0,0,0,1,0,0,1,2,1,19,0,15,8,21,2,0,31,0
20,3,23,7,27,5,16,1,26,3,7,0,16,4,47,6,35,24,24,43,29,136,6,5,6,0,0,1,6,4,0,0,125,7,0,0,44,28,2,0,66,2,2,1,4,0,2,2,1,0,2,0,0,0,0,0,0,0,0,1,8,1,1,1,1,0,1,0,0,0,6,1,51,2,0,64,327,10,20,0,0,0,19,0,11,1,1,0,1,0,0,1,0,0,1,3,5,1,45,6,15,1,0,0,0,0,5,1,4,1,0,0,6,20,0,0,0,0,0,3,0,0,0,0,17,0,66,0,102,2,34,1,0,0,25,1,19,0,2,0,16,0,26,0,58,0,55,1,38,0,4,59,8,38,36,12,83,2,1,1,6,0,47,2,42,1,5,0,39,0
19,159,10,126,14,84,10,29,11,100,2,8,6,59,17,263,2,14,9,82,4,49,1,9,0,0,0,2,0,8,0,0,26,80,0,0,47,267,6,17,3,61,0,3,0,4,0,4,0,5,0,31,0,1,0,9,0,3,0,3,9,136,1,61,1,9,3,32,0,16,5,59,14,109,64,0,9,1909,1,153,0,0,1,7,6,52,1,13,1,16,0,1,0,8,1,1,3,0,5,25,3,0,1,1,2,0,3,4,1,1,1,0,19,70,1,0,0,0,0,1,0,1,0,27,1,103,3,186,2,409,2,83,0,3,3,107,2,151,0,7,1,14,1,19,0,399,3,195,1,78,1,44,6,23,32,50,9,24,1,2,2,14,7,16,10,66,1,1,51,2
140,17,518,35,380,24,41,9,230,18,281,2,61,5,257,41,140,2,340,55,57,5,35,0,36,0,9,0,93,1,26,0,1718,21,0,0,274,107,28,1,427,0,11,2,298,0,19,0,4,0,14,2,1,0,10,0,4,0,41,0,96,10,15,3,13,0,49,3,2,1,103,5,334,2,327,9,0,44,831,3,0,0,23,0,76,2,48,1,113,5,42,0,201,0,4,8,10,2,78,21,24,3,2,5,4,0,9,6,20,3,2,0,23,31,0,1,1,0,0,1,0,0,1,0,53,0,115,0,36,6,27,3,0,0,27,1,51,1,81,0,18,2,34,3,64,11,30,2,23,3,15,9,37,69,140,76,102,0,12,0,39,0,221,0,139,11,15,0,73,7
27,527,32,700,39,543,16,252,47,257,7,257,6,727,26,419,1,140,40,547,5,195,3,99,1,44,0,17,3,155,4,26,50,2938,0,0,42,306,9,55,8,622,4,28,0,620,11,39,6,36,3,157,1,49,3,167,2,149,0,183,14,476,0,78,0,27,5,135,3,52,3,62,15,48,10,1909,44,0,2,1004,0,0,4,53,6,321,2,311,10,490,0,58,0,271,6,17,14,1,23,51,9,0,2,11,2,1,8,14,4,13,1,2,38,91,0,0,1,0,0,4,0,0,0,1,2,71,9,68,7,91,8,65,0,13,2,56,5,72,0,34,0,21,2,49,1,134,4,47,1,13,1,17,24,66,75,185,0,1037,4,5,6,61,7,56,10,112,11,0,53,13
14,4,24,2,21,1,5,0,19,0,3,0,3,1,11,4,0,0,18,2,1,0,2,0,2,0,1,0,1,0,1,0,63,1,0,0,22,16,1,1,72,1,1,0,84,0,2,0,0,0,3,0,0,0,0,1,0,0,1,0,7,0,1,0,1,0,8,1,0,0,4,0,29,0,20,1,831,2,0,0,0,0,1,0,1,2,1,0,0,0,4,0,3,0,0,0,0,0,10,1,1,0,2,0,0,0,0,0,0,0,0,0,4,6,0,0,0,0,0,1,1,0,1,0,46,0,154,0,17,0,7,1,0,0,60,13,48,0,13,0,2,0,5,0,9,1,19,0,9,0,0,0,0,5,5,3,67,0,1,0,0,0,107,0,6,0,0,0,3,1
0,36,1,10,0,11,2,3,1,1,0,1,1,19,3,38,0,0,0,6,0,0,0,0,0,0,0,0,0,0,0,0,0,14,0,0,1,21,0,9,4,235,0,1,0,55,0,4,1,4,0,28,0,3,0,9,0,12,0,13,1,32,0,2,0,2,0,4,0,3,1,10,0,6,0,153,3,1004,0,0,0,0,0,2,1,14,0,9,3,12,0,0,0,7,2,1,9,1,14,19,7,0,1,6,3,0,3,0,3,0,1,1,19,44,0,0,0,0,0,0,0,2,0,0,0,64,0,29,0,16,0,16,0,1,0,41,0,43,0,35,0,5,0,6,0,38,0,7,0,2,0,0,0,0,2,2,0,340,0,4,5,22,3,83,9,54,6,2,31,6
0,0,0,0,0,0,0,0,0,0,0,0,0,0,0,0,0,0,0,0,0,0,0,0,0,0,0,0,0,0,0,0,0,0,0,0,0,0,0,0,0,0,0,0,0,0,0,0,0,0,0,0,0,0,0,0,0,0,0,0,0,0,0,0,0,0,0,0,0,0,0,0,0,0,0,0,0,0,0,0,0,0,0,0,0,0,0,0,0,0,0,0,0,0,0,0,0,0,0,0,0,0,0,0,0,0,0,0,0,0,0,0,0,0,0,0,0,0,0,0,0,0,0,0,0,0,0,0,0,0,0,0,0,0,0,0,0,0,0,0,0,0,0,0,0,0,0,0,0,0,0,0,0,0,0,0,0,0,0,0,0,0,0,0,0,0,0,0,0,0
0,0,0,0,0,0,0,0,0,0,0,0,0,0,0,0,0,0,0,0,0,0,0,0,0,0,0,0,0,0,0,0,0,0,0,0,0,0,0,0,0,0,0,0,0,0,0,0,0,0,0,0,0,0,0,0,0,0,0,0,0,0,0,0,0,0,0,0,0,0,0,0,0,0,0,0,0,0,0,0,0,0,0,0,0,0,0,0,0,0,0,0,0,0,0,0,0,0,0,0,0,0,0,0,0,0,0,0,0,0,0,0,0,0,0,0,0,0,0,0,0,0,0,0,0,0,0,0,0,0,0,0,0,0,0,0,0,0,0,0,0,0,0,0,0,0,0,0,0,0,0,0,0,0,0,0,0,0,0,0,0,0,0,0,0,0,0,0,0,0
36,2,11,1,18,1,23,1,15,0,0,0,257,2,34,2,0,0,4,0,0,0,0,0,0,0,0,0,0,0,0,0,170,2,0,0,26,9,90,2,18,2,2,0,0,0,11,0,15,0,2,1,18,3,17,0,2,1,0,0,68,1,2,2,5,0,24,2,6,3,81,6,15,1,19,1,23,4,1,0,0,0,0,1,256,8,0,0,18,1,0,0,0,0,4,3,12,1,22,3,16,1,2,1,9,1,11,2,8,5,2,0,3,7,1,3,0,0,0,4,0,0,0,0,5,0,8,0,22,4,9,0,0,0,3,0,1,1,1,1,10,0,29,1,28,4,15,0,14,0,0,0,0,0,2,0,0,0,0,0,1,0,13,0,10,2,3,0,12,1
0,6,0,11,0,5,0,3,1,2,0,0,0,23,0,12,0,0,0,2,0,0,0,0,0,0,0,0,0,0,0,0,1,102,0,0,1,13,3,16,0,13,0,0,0,0,0,3,1,3,0,2,1,10,0,21,0,0,0,0,0,4,0,26,0,0,0,7,0,25,3,12,0,3,0,7,0,53,0,2,0,0,1,0,2,484,0,0,1,13,0,0,0,1,0,1,0,0,0,3,0,0,0,0,0,0,0,1,1,0,0,0,0,0,0,0,0,0,0,0,0,0,0,0,0,0,0,0,0,13,0,0,0,0,0,0,0,0,0,0,0,2,0,10,0,24,0,0,0,1,0,0,0,0,0,2,0,0,0,0,0,5,0,0,0,3,0,0,4,0
649,1,42,2,108,3,232,0,60,0,3,0,1151,1,140,3,0,0,3,1,0,0,0,0,0,0,1,0,1,0,0,0,509,1,0,0,87,21,149,16,223,9,11,0,2,0,128,17,72,6,82,2,67,3,172,5,55,1,119,2,559,2,15,17,24,0,1208,3,190,4,182,12,42,2,11,6,76,6,1,1,0,0,256,2,0,23,385,0,3910,3,12,0,147,3,5,0,3,1,8,5,5,0,0,2,2,1,2,0,0,4,2,0,1,4,0,0,0,0,0,1,0,0,0,0,2,0,4,0,12,5,1,0,0,0,1,0,1,1,21,1,3,0,28,2,34,8,3,1,2,3,0,0,0,0,4,2,0,0,0,0,3,1,17,0,6,5,0,1,9,0
7,147,0,115,1,138,1,184,2,70,0,2,5,1332,6,95,0,0,1,17,0,2,0,0,0,0,0,0,0,2,0,0,19,285,0,0,13,155,27,179,0,181,0,6,0,4,1,36,3,61,0,63,2,90,3,305,1,86,0,21,7,130,1,102,0,14,5,1100,5,586,20,104,0,11,1,52,2,321,2,14,0,0,8,484,23,0,0,814,9,6461,0,27,0,130,1,7,2,1,3,13,1,1,0,5,0,0,4,2,3,1,1,1,10,6,0,0,0,0,0,1,0,0,0,0,0,2,1,2,1,58,0,4,0,1,0,1,1,0,0,8,0,8,0,49,0,92,0,2,0,9,0,0,0,1,5,16,0,0,1,0,1,18,0,10,3,8,1,1,12,0
0,0,42,1,14,0,338,0,61,0,82,0,404,0,0,0,4,0,21,5,6,0,2,0,6,0,0,0,38,0,5,0,508,0,0,0,3,0,0,0,369,1,97,0,313,0,7,1,0,0,12,0,0,0,8,0,2,0,201,0,0,0,0,0,1,0,1,0,0,0,0,0,0,0,1,1,48,2,1,0,0,0,0,0,385,0,0,0,654,0,430,0,291,0,0,0,0,0,1,0,1,0,0,0,0,0,0,0,0,0,0,0,0,0,0,0,0,0,0,0,0,0,0,0,0,0,0,0,0,0,1,0,0,0,0,0,2,0,7,0,0,0,0,0,1,0,0,0,0,0,0,0,1,5,8,5,0,0,0,0,0,0,0,0,1,0,0,0,0,0
0,3,1,22,0,16,0,48,0,10,0,4,0,157,0,4,0,83,1,20,2,33,0,4,0,4,0,1,1,8,0,0,2,153,0,0,0,3,0,3,0,902,0,223,1,523,0,2,0,1,0,9,0,1,0,3,0,19,0,784,0,1,0,0,0,0,0,1,0,1,0,0,0,0,0,13,1,311,0,9,0,0,0,0,0,814,0,0,1,835,0,1375,0,824,0,5,0,0,0,1,0,0,0,0,0,0,0,0,0,1,0,0,0,1,0,0,0,0,0,0,0,0,0,0,0,0,0,0,0,0,0,0,0,0,0,0,1,0,0,4,0,0,0,0,0,1,0,0,0,0,0,0,3,3,0,1,0,4,0,0,0,0,1,1,0,1,0,0,0,0
991,1,117,1,170,2,32,0,26,0,27,0,38,0,128,4,9,0,23,3,1,0,4,0,6,0,1,0,16,0,4,0,413,0,0,0,29,22,156,24,396,17,13,0,106,0,811,51,150,14,702,4,185,0,2912,1,866,5,740,2,810,2,54,5,239,0,412,5,1747,5,195,16,40,0,1,1,113,10,0,3,0,0,18,1,3910,9,654,1,0,3,267,0,3587,2,10,3,0,1,2,0,1,0,0,0,0,0,0,1,0,0,0,0,1,1,0,0,0,0,0,0,0,0,0,0,2,0,0,0,5,2,1,0,0,0,0,0,1,0,27,0,0,1,11,4,7,5,3,0,0,2,1,1,2,3,4,1,0,1,1,0,1,2,3,0,1,1,0,0,4,0
2,640,1,266,1,254,1,30,0,38,0,1,3,12,4,96,0,6,3,29,0,11,0,0,0,2,0,0,0,3,0,0,4,67,0,0,3,68,11,88,1,435,0,9,0,70,4,65,0,44,3,61,0,63,1,1853,1,474,0,190,1,312,0,72,0,48,1,282,1,979,4,86,1,4,0,16,5,490,0,12,0,0,1,13,3,6461,0,835,3,0,0,748,0,4398,0,10,1,1,2,6,0,0,1,1,0,0,1,0,1,1,0,0,6,4,2,0,0,0,0,0,0,0,0,0,1,0,0,0,0,4,0,4,0,0,0,2,0,0,0,4,0,3,0,25,1,40,0,2,0,1,0,0,1,3,4,3,0,2,1,0,0,1,0,6,1,10,0,1,3,2
0,0,22,1,16,0,0,0,3,1,16,0,0,0,0,0,19,0,10,2,8,0,2,0,0,0,1,0,10,0,5,0,104,0,0,0,0,0,0,0,575,0,71,0,231,0,2,0,0,0,1,0,1,0,1,0,0,0,888,0,0,0,0,0,0,0,0,0,0,0,0,0,0,0,0,0,42,0,4,0,0,0,0,0,12,0,430,0,267,0,0,0,1380,0,0,0,0,0,0,0,0,0,0,0,0,0,1,0,0,0,0,0,0,0,0,0,0,0,0,0,0,0,0,0,0,0,0,0,0,0,0,0,0,0,0,0,0,0,1,0,0,0,0,0,0,0,0,0,0,0,0,1,2,1,5,2,1,0,0,0,0,0,0,0,0,0,0,0,0,0
0,0,0,1,0,1,0,0,0,0,0,0,0,0,0,0,0,2,0,4,0,0,0,1,0,1,0,0,0,2,0,0,0,1,0,0,0,0,0,0,0,121,0,175,0,45,0,0,0,1,0,1,0,1,0,1,0,5,0,489,0,0,0,0,0,0,0,1,0,0,0,0,0,0,1,1,0,58,0,0,0,0,0,0,0,27,0,1375,0,748,0,0,0,1473,0,0,0,0,0,0,0,0,0,0,0,0,0,0,0,0,0,0,0,0,0,0,0,0,0,0,0,0,0,0,0,0,0,0,0,0,0,0,0,0,0,0,0,0,0,1,0,0,0,0,0,0,0,0,0,0,0,0,0,1,0,0,0,1,0,0,0,0,0,0,0,0,0,0,0,0
54,0,49,2,38,1,0,0,23,0,24,0,0,0,9,0,14,1,25,4,7,0,4,0,6,0,1,0,7,0,2,0,316,0,0,0,5,0,8,2,596,0,256,0,77,0,95,4,15,3,172,3,20,0,316,0,641,1,3274,0,14,0,1,0,3,0,0,0,7,0,24,5,2,0,0,0,201,0,3,0,0,0,0,0,147,0,291,0,3587,0,1380,0,0,0,0,0,0,0,2,3,1,0,0,0,0,0,0,0,2,0,1,0,0,0,0,0,0,0,0,0,0,0,0,0,1,0,0,0,0,0,0,0,0,0,0,0,1,1,16,0,0,0,6,0,13,1,1,0,0,0,0,0,0,4,7,4,2,0,0,0,1,0,2,0,0,0,1,1,1,1
1,154,0,111,0,79,0,7,0,9,0,1,0,3,1,39,0,1,0,7,0,3,0,0,0,0,0,0,0,0,0,0,1,17,0,0,1,20,12,33,0,475,0,22,0,69,4,32,3,25,1,66,0,34,0,374,0,822,0,1909,0,59,0,14,0,5,1,27,0,39,3,58,0,1,0,8,0,271,0,7,0,0,0,1,3,130,0,824,2,4398,0,1473,0,0,0,239,0,0,2,0,0,0,0,4,0,0,0,0,0,0,1,0,1,1,1,0,0,0,0,0,0,0,0,0,0,0,0,0,0,7,0,2,0,0,0,1,0,0,0,12,0,1,0,7,0,11,0,0,0,0,0,0,1,1,0,2,0,1,0,0,0,2,0,1,0,2,0,0,0,1
3,3,0,1,0,1,1,0,2,0,0,0,1,2,1,3,0,0,0,1,0,0,0,0,0,0,0,0,0,0,0,0,8,1,0,0,4,2,0,0,26,7,33,2,0,0,18,0,5,0,149,0,2,0,43,0,75,0,2,0,1,2,0,2,0,0,0,0,0,0,1,1,2,0,1,1,4,6,0,2,0,0,4,0,5,1,0,0,10,0,0,0,0,0,0,55,7150,33,159,60,1405,9,3467,42,559,14,624,65,139,34,25,5,10,3,23,69,32,5,5,8,0,0,0,0,0,0,0,0,1,0,0,0,0,0,0,0,0,0,2,0,1,0,0,0,0,0,0,0,1,0,0,0,0,0,0,0,0,0,7,0,9,3,6,1,1,0,6,23,1,2
4,4,1,1,1,0,0,1,0,1,0,0,1,3,2,1,0,0,2,2,0,0,0,0,0,0,0,0,0,0,0,0,8,2,0,0,7,6,0,3,37,57,22,15,0,1,2,45,2,11,1,312,0,24,0,26,0,124,1,738,0,3,0,0,0,0,0,0,0,1,4,5,6,1,3,1,8,17,0,1,0,0,3,1,0,7,0,5,3,10,0,0,0,239,55,0,112,5255,62,770,88,546,62,5204,48,709,179,1437,63,492,32,20,29,147,83,81,282,62,80,91,0,0,0,0,0,0,0,0,0,0,0,0,0,0,0,0,0,0,2,2,1,0,1,0,0,3,0,0,0,0,0,0,0,0,1,0,0,1,7,9,20,9,16,4,1,0,12,50,0,6
6,5,2,1,0,2,0,0,0,2,0,0,2,1,2,3,0,0,0,0,0,0,0,0,0,0,0,0,0,0,0,0,9,2,0,0,4,6,0,1,29,9,58,3,0,0,2,1,0,0,0,0,0,0,0,1,0,0,1,0,1,11,0,1,0,0,0,2,0,1,2,0,8,3,5,3,10,14,0,9,0,0,12,0,3,2,0,0,0,1,0,0,0,0,7150,112,0,223,226,97,1259,10,828,57,2578,28,1733,197,238,76,42,13,10,11,28,41,96,101,6,12,0,0,0,0,1,0,0,0,0,0,0,0,0,0,0,0,0,0,6,2,2,0,0,1,0,0,0,0,4,0,0,0,0,0,1,0,0,0,6,0,15,8,12,4,6,0,13,40,8,7
0,4,0,1,0,0,0,0,2,0,0,0,4,0,3,3,0,0,0,0,0,0,0,0,0,0,0,0,0,0,0,0,2,0,0,0,6,2,0,1,15,8,11,0,0,0,0,0,0,0,0,2,0,0,0,0,0,0,0,0,0,3,0,1,0,0,0,0,0,0,0,1,2,1,1,0,2,1,0,1,0,0,1,0,1,1,0,0,1,1,0,0,0,0,33,5255,223,0,39,282,42,185,41,483,36,2616,99,3341,35,340,7,12,13,83,120,107,619,119,78,64,0,0,0,0,0,0,0,0,0,1,0,0,0,0,0,0,0,0,1,0,0,0,0,0,0,1,0,0,0,0,0,0,0,0,0,0,0,0,1,2,14,6,3,2,1,0,6,29,0,4
18,20,30,4,28,3,12,1,22,3,7,0,16,6,53,14,0,0,11,2,1,0,0,0,0,0,0,0,1,0,0,0,81,3,0,0,73,48,3,1,79,13,84,1,0,0,5,1,2,1,33,1,1,1,1,1,0,1,0,0,16,12,2,1,1,2,6,7,0,2,23,5,51,5,45,5,78,23,10,14,0,0,22,0,8,3,1,0,2,2,0,0,2,2,159,62,226,39,0,206,871,20,245,33,68,9,161,82,479,43,36,7,325,176,39,19,9,5,2,69,0,0,0,0,14,1,17,0,21,12,28,1,0,1,38,0,16,0,10,4,11,1,21,2,30,4,12,0,9,3,0,0,0,0,22,9,0,0,44,10,111,16,38,11,173,74,68,84,637,65
5,53,4,12,3,12,2,5,5,1,1,0,9,13,12,28,0,0,2,4,0,0,0,0,0,0,0,0,0,0,0,0,23,11,0,0,20,29,0,6,52,89,31,8,1,0,1,5,1,3,1,35,0,3,0,8,0,1,0,2,0,61,0,11,1,1,2,9,0,4,6,8,10,10,6,25,21,51,1,19,0,0,3,3,5,13,0,1,0,6,0,0,3,0,60,770,97,282,206,0,174,673,32,473,54,76,92,409,40,237,25,4,56,134,562,67,35,17,21,94,0,0,0,0,0,1,0,3,0,31,0,1,0,2,0,1,1,1,8,4,1,18,1,5,5,15,1,0,0,3,0,0,0,0,3,5,0,3,58,85,48,47,24,32,39,71,22,71,167,94
6,9,8,3,10,1,8,2,5,1,1,0,7,1,21,11,0,0,5,1,0,0,0,0,0,0,0,0,1,0,0,0,24,1,0,0,38,18,1,0,44,9,59,2,0,0,2,1,0,0,239,0,1,0,0,0,0,0,37,0,9,6,2,2,0,0,4,3,0,0,8,2,17,1,15,3,24,9,1,7,0,0,16,0,5,1,1,0,1,0,0,0,1,0,1405,88,1259,42,871,174,0,176,4722,130,399,14,735,90,440,67,64,10,31,298,902,151,51,28,4,24,0,0,0,0,6,0,8,0,15,4,11,0,0,0,8,0,6,0,9,1,4,1,20,0,41,1,5,1,3,0,0,0,0,1,10,6,0,0,9,1,21,4,23,4,45,8,29,29,86,6
0,2,0,0,0,0,1,0,1,0,0,0,1,0,0,1,0,0,0,0,0,0,0,0,0,0,0,0,0,0,0,0,1,1,0,0,3,1,2,0,7,2,4,1,0,0,1,7,1,2,0,300,0,0,0,0,0,2,0,18,0,0,0,0,0,0,0,0,0,0,1,4,1,0,1,0,3,0,0,0,0,0,1,0,0,1,0,0,0,0,0,0,0,0,9,546,10,185,20,673,176,0,25,3099,6,39,37,200,26,74,5,3,2,96,877,167,12,11,10,3,0,0,0,0,0,0,0,0,0,0,0,0,0,0,0,0,0,0,2,0,0,0,1,0,0,0,0,0,0,0,0,0,0,0,0,0,0,0,4,5,2,0,0,0,0,1,0,10,0,0
