0,199,2293,94,2229,105,1422,68,395,17,0,0,840,11,1009,337,0,0,8,10,0,0,0,0,1,0,0,0,0,0,0,0,642,12,0,0,149,283,4,7,30,2,4,0,1,0,7,0,8,0,2,0,11,0,164,0,5,0,0,0,6116,25,285,1,204,3,517,1,335,0,473,25,1170,24,1141,29,416,31,224,27,0,0,75,0,664,6,2,0,449,2,0,0,6,0,1,0,0,0,6,1,0,0,0,0,2,0,0,1,0,2,0,3,2,2,0,0,0,0,0,1,0,0,3,1,126,12,509,33,33,6,0,0,6,0,54,0,17,3,1,0,0,0,0,0,68,1,15,4,2,0,0,0,0,0,19,13,0,0,3,0,0,0,7,0,4,0,0,1,0,2
199,0,10,1414,11,1455,10,973,0,190,0,0,1,1104,101,776,0,0,0,3,0,0,0,0,0,0,0,0,0,0,0,0,10,216,0,0,57,217,0,4,1,39,0,5,0,0,0,1,0,2,0,0,0,8,1,6,0,4,0,1,53,4488,1,176,2,70,0,695,1,243,33,251,98,418,66,1108,13,309,8,336,0,0,0,12,0,607,0,2,1,245,0,0,0,5,1,0,1,1,3,11,0,0,0,1,0,0,3,3,0,3,3,6,3,0,0,1,0,0,0,0,0,0,0,0,5,38,22,364,2,106,0,0,0,2,2,7,1,25,0,0,0,1,0,0,10,3,2,38,1,6,0,0,0,0,1,1,0,0,1,5,0,4,1,1,0,5,4,4,3,3
2293,10,0,73,5549,30,166,6,345,9,460,5,14,1,2244,67,15,2,2357,100,138,28,53,5,158,0,299,0,82,0,44,0,538,11,0,0,482,79,48,1,6,1,1,0,6,0,1,0,2,0,0,0,2,0,35,0,0,0,2,0,304,1,113,4,23,0,11,0,18,0,554,5,100,3,1121,19,685,11,201,7,0,0,3,0,6,0,23,0,11,1,1,0,4,0,0,0,0,0,3,0,1,0,0,0,0,0,0,0,0,0,0,1,2,0,0,0,0,0,0,0,2,0,1,0,64,3,58,1,4,1,0,0,2,0,55,0,9,1,0,0,1,0,0,0,26,0,6,0,0,0,8,5,7,165,230,173,3,2,3,0,1,0,1,0,1,0,0,1,0,0
94,1414,73,0,51,5376,13,287,7,369,0,179,2,47,89,3378,5,8,91,1970,22,365,12,125,2,216,0,237,1,87,0,18,7,479,0,0,45,513,0,32,3,15,0,2,0,5,0,2,0,6,0,1,0,4,0,9,0,1,0,4,14,340,2,120,2,9,1,44,0,27,9,339,23,117,142,907,24,486,8,246,0,0,0,5,1,57,0,60,0,32,0,0,0,2,0,0,0,0,0,5,0,0,0,0,0,1,0,0,0,0,1,0,1,0,0,0,0,0,0,1,1,0,0,0,3,85,4,74,0,22,0,0,0,1,1,8,0,15,0,0,0,1,0,0,2,0,1,13,0,0,2,0,68,158,27,362,5,17,0,2,0,1,0,3,0,1,0,2,1,1
2229,11,5549,51,0,29,760,5,2193,6,605,2,25,0,386,76,5,0,238,59,18,9,17,1,56,3,60,0,57,0,228,0,586,8,0,0,126,92,21,1,10,2,0,0,2,0,1,0,1,0,0,0,0,0,30,0,0,0,0,0,143,1,54,1,58,0,33,0,16,0,125,4,37,1,1634,18,570,17,160,9,0,0,14,0,51,2,29,0,20,1,1,0,7,0,0,0,0,0,1,1,0,0,0,0,0,0,0,0,0,0,0,0,3,0,0,0,0,0,0,0,3,0,1,0,63,2,42,4,3,1,0,0,2,0,61,0,4,0,0,0,1,0,0,0,37,0,7,1,1,0,2,4,3,62,37,98,0,1,0,0,0,0,3,0,0,0,0,0,3,1
105,1455,30,5376,29,0,14,1057,10,2565,1,672,2,85,124,954,1,4,23,413,2,47,0,44,0,55,0,161,0,55,0,116,8,880,0,0,38,254,1,26,0,10,1,1,0,5,0,0,0,3,0,2,0,7,1,3,0,1,0,1,13,211,1,43,0,16,1,174,1,43,9,78,11,21,72,1502,10,783,2,371,0,0,0,30,2,314,0,72,0,117,0,0,0,1,0,0,0,1,0,1,1,0,0,0,0,0,0,0,0,0,0,0,2,1,0,0,0,0,0,0,0,0,0,2,3,143,7,94,0,24,0,0,0,4,3,26,0,24,0,0,0,0,0,0,0,4,0,15,0,1,0,0,4,42,6,183,1,13,0,2,0,1,0,2,0,5,0,1,3,0
1422,10,166,13,760,14,0,11,1613,3,1,0,2046,1,395,41,0,0,7,4,0,0,0,0,0,0,0,0,0,0,0,0,1349,3,0,0,44,41,0,0,5,0,0,0,0,0,1,0,1,0,0,0,0,0,5,0,0,0,0,0,556,0,30,0,8,0,29,0,12,0,49,3,57,3,356,7,138,0,59,5,0,0,41,0,50,0,81,0,4,1,0,0,1,0,0,0,0,0,0,0,0,0,0,0,0,0,0,1,0,0,0,0,0,1,0,0,0,0,0,0,1,0,2,0,24,0,108,5,7,0,0,0,1,0,23,0,2,0,0,0,0,0,0,0,21,0,3,1,2,0,0,0,0,1,14,13,0,0,0,0,0,0,4,0,1,0,0,1,0,0
68,973,6,287,5,1057,11,0,2,1446,0,1,0,1155,65,680,0,0,0,10,0,1,0,0,0,0,0,0,0,0,0,0,3,1569,0,0,12,172,0,0,0,7,0,1,0,0,0,1,0,0,0,0,0,3,0,1,0,0,0,0,6,143,0,18,0,4,0,113,1,18,2,49,14,60,24,548,3,213,1,83,0,0,0,12,0,53,0,3,0,10,0,0,0,0,0,0,0,0,1,1,0,0,0,0,0,1,0,1,0,0,0,0,2,1,0,0,0,0,0,0,0,0,0,0,1,35,5,70,0,22,0,0,1,0,1,3,1,6,0,0,0,0,0,0,0,0,0,12,0,0,0,0,0,0,2,5,0,0,0,1,0,0,0,0,0,2,0,0,2,0
395,0,345,7,2193,10,1613,2,0,4,1296,0,136,0,300,24,1,0,62,18,1,3,0,0,1,0,0,0,25,0,12,0,1453,2,0,0,77,31,5,1,9,0,1,0,0,0,0,1,0,0,0,0,0,0,4,0,0,0,1,0,114,0,17,0,8,0,14,0,11,0,34,2,7,1,736,2,381,2,83,4,0,0,24,0,16,0,10,0,4,0,0,0,0,0,0,0,0,0,1,0,0,0,0,0,0,0,0,0,0,1,0,0,0,0,0,0,0,0,0,0,1,0,1,0,26,1,85,2,5,0,2,0,2,0,41,0,8,0,0,0,0,0,0,0,30,0,6,0,1,0,0,0,1,6,19,23,0,0,0,0,0,0,1,0,0,0,0,0,1,0
17,190,9,369,6,2565,3,1446,4,0,0,768,1,266,30,510,0,1,3,84,0,2,0,4,0,1,0,6,0,3,0,8,1,2028,0,0,13,146,0,17,0,5,0,0,0,3,0,0,0,3,0,0,0,0,0,0,0,0,0,1,2,44,1,14,0,1,1,24,0,5,5,35,1,10,6,633,5,332,0,100,0,0,0,22,1,17,1,24,0,1,0,0,0,0,0,0,0,0,0,1,0,0,0,0,0,0,1,1,0,0,0,0,1,0,0,0,0,0,0,0,0,1,0,0,1,37,3,44,0,16,0,0,0,2,0,6,1,16,0,0,0,0,0,0,1,1,0,14,0,1,0,0,0,3,0,29,0,0,0,2,0,2,0,0,0,0,1,2,1,0
0,0,460,0,605,1,1,0,1296,0,0,0,0,0,1,0,13,0,45,16,33,5,34,0,188,0,98,0,745,0,572,0,624,0,0,0,1,0,0,0,2,0,0,0,2,0,0,0,0,0,0,0,0,0,0,0,0,0,2,0,0,0,0,1,0,0,0,0,0,0,1,0,0,0,171,2,331,0,36,0,0,0,0,0,0,0,41,0,4,0,0,0,1,0,0,0,0,0,0,0,0,0,0,0,0,0,0,0,0,0,0,0,0,0,0,0,0,0,0,0,0,0,0,0,3,0,0,0,0,0,0,0,1,0,4,0,0,0,0,0,0,0,0,0,0,0,0,0,0,0,2,1,2,7,1,1,10,0,0,0,0,0,0,0,0,0,0,0,0,0
0,0,5,179,2,672,0,1,0,768,0,0,0,0,0,1,0,6,1,41,0,46,0,51,0,136,0,570,0,623,0,790,0,826,0,0,0,1,0,0,0,4,0,2,0,10,0,0,0,0,0,0,0,0,0,0,0,0,0,2,0,0,0,0,0,0,0,0,0,0,0,0,0,0,0,63,0,219,0,7,0,0,0,1,0,0,0,93,0,2,0,0,0,0,0,0,0,0,0,0,0,0,0,0,0,0,0,0,0,0,0,0,0,0,0,0,0,0,0,0,0,0,0,0,0,1,0,2,0,0,0,0,0,0,0,0,0,0,0,0,0,0,0,0,0,0,0,0,0,0,0,0,1,1,0,0,0,8,0,0,0,0,0,0,0,0,0,0,0,0
840,1,14,2,25,2,2046,0,136,1,0,0,0,0,28,11,0,0,0,0,0,0,0,0,0,0,0,0,0,0,0,0,652,0,0,0,11,11,0,0,10,0,0,0,0,0,0,0,1,0,0,0,1,0,8,0,0,0,0,0,1318,3,10,1,7,0,316,0,4,0,43,4,18,0,71,1,72,0,29,0,0,0,78,0,261,0,552,0,7,0,0,0,0,0,0,0,0,0,1,0,0,0,0,0,0,0,0,0,0,0,1,0,0,0,0,0,0,0,0,0,0,0,0,0,5,1,32,0,6,0,0,0,1,0,4,0,0,0,0,0,0,0,0,0,3,0,2,0,1,0,0,0,0,0,1,0,0,0,2,0,0,0,5,0,1,0,0,1,1,0
11,1104,1,47,0,85,1,1155,0,266,0,0,0,0,8,70,0,0,0,1,0,0,0,0,0,0,0,0,0,0,0,0,4,1540,0,0,4,45,3,2,0,6,0,0,0,0,0,3,0,5,0,1,2,10,1,19,0,0,0,1,1,966,0,35,1,7,0,847,0,27,9,54,4,35,5,101,2,205,1,38,0,0,0,205,1,610,0,152,0,15,0,0,0,0,1,0,1,0,0,2,0,0,0,0,0,0,0,0,0,2,0,0,1,2,0,0,0,0,0,0,0,0,1,0,0,4,3,18,0,9,0,0,0,0,0,5,0,0,0,0,0,0,0,0,0,1,0,5,0,1,0,0,0,0,0,1,0,0,0,1,0,1,0,0,0,3,0,5,0,0
1009,101,2244,89,386,124,395,65,300,30,1,0,28,8,0,405,0,0,279,42,2,0,0,0,0,0,0,0,0,0,1,0,228,16,0,0,1336,436,46,11,11,3,2,0,1,0,0,0,3,0,0,0,0,0,8,1,0,0,0,1,88,8,31,2,5,0,1,1,10,0,358,30,1044,7,377,42,426,37,183,44,0,0,5,0,5,1,1,0,1,2,0,0,0,0,0,0,0,0,1,1,0,0,0,0,0,0,0,0,1,0,0,0,1,0,0,0,0,0,0,0,0,0,0,0,166,12,153,22,11,4,0,1,2,0,79,1,7,0,0,0,3,0,0,0,42,0,8,2,2,0,0,0,1,7,372,71,0,0,1,0,0,0,4,0,0,0,0,0,0,1
337,776,67,3378,76,954,41,680,24,510,0,1,11,70,405,0,0,0,6,510,0,0,0,1,0,0,0,0,0,0,0,0,26,141,0,0,181,1763,0,17,1,15,0,1,0,0,0,1,0,0,0,2,0,3,1,4,0,0,0,0,90,315,6,65,1,3,0,20,0,14,45,426,113,609,76,438,43,260,21,335,0,0,1,6,0,18,0,0,3,4,0,0,0,1,0,0,0,0,2,2,0,0,0,0,0,0,0,2,0,0,0,0,1,0,0,0,0,0,0,0,0,0,0,0,18,97,45,187,3,36,0,0,0,1,6,11,1,11,0,0,0,0,0,0,8,3,4,31,0,3,0,0,0,1,6,44,0,0,0,2,0,0,1,0,0,5,1,0,3,1
0,0,15,5,5,1,0,0,1,0,13,0,0,0,0,0,0,4,39,21,371,31,324,4,64,0,10,0,19,0,0,0,20,1,0,0,0,0,0,0,39,1,0,0,59,0,0,0,0,0,0,0,0,0,0,0,0,0,0,0,0,0,0,0,0,0,0,0,0,0,0,0,0,0,33,1,130,0,3,0,0,0,0,0,0,0,7,1,0,0,0,0,0,0,0,0,0,0,0,0,0,0,0,0,0,0,0,0,0,0,0,0,0,0,0,0,0,0,0,0,0,1,0,0,0,0,0,0,0,0,0,0,0,0,0,0,1,0,0,0,0,0,0,0,0,0,0,0,0,0,314,4,180,45,14,5,277,0,0,0,0,0,0,0,0,0,0,0,0,0
0,0,2,8,0,4,0,0,0,1,0,6,0,0,0,0,4,0,11,63,8,574,25,603,0,67,0,5,1,3,0,0,0,189,0,0,0,0,0,0,0,50,0,0,0,15,0,0,0,0,0,0,0,0,0,0,0,0,0,0,0,0,0,0,0,0,0,0,0,0,0,0,0,0,61,20,1,176,0,1,0,0,0,0,0,0,0,28,0,0,0,0,0,0,0,0,0,0,0,0,0,0,0,0,0,0,0,0,0,0,0,0,0,0,0,0,0,0,0,0,0,0,0,0,0,0,0,0,0,0,0,0,0,0,0,0,0,0,0,0,0,0,0,0,0,0,0,0,0,0,6,323,9,53,1,2,8,279,0,0,0,0,0,0,0,0,0,0,0,0
8,0,2357,91,238,23,7,0,62,3,45,1,0,0,279,6,39,11,0,218,398,61,95,9,44,0,12,0,14,1,4,0,136,7,0,0,678,42,19,2,1,0,0,0,3,0,0,0,0,0,0,0,0,0,0,0,0,0,0,0,1,0,0,0,0,0,2,0,0,0,12,1,0,0,651,22,194,4,51,5,0,0,0,0,1,0,6,1,0,0,0,0,1,0,0,0,0,0,0,0,0,0,0,0,0,0,0,0,0,0,0,0,0,0,0,0,0,0,0,0,1,0,0,0,12,0,9,0,1,0,0,0,0,0,10,1,1,0,0,0,0,0,0,0,4,0,1,0,1,0,38,9,233,279,847,253,14,0,0,0,0,0,0,0,0,0,0,0,0,0
10,3,100,1970,59,413,4,10,18,84,16,41,0,1,42,510,21,63,218,0,55,959,54,217,5,65,0,35,4,34,1,2,17,190,0,0,33,569,1,35,0,1,0,1,0,2,0,0,0,0,0,0,0,0,0,0,0,0,0,0,0,3,0,4,0,0,0,1,1,1,1,20,0,1,249,460,14,172,4,78,0,0,0,1,0,2,1,37,0,0,0,0,0,1,0,0,0,0,1,2,0,0,0,0,0,0,0,1,1,0,0,0,0,0,0,0,0,0,0,0,0,0,0,1,2,24,0,5,0,1,0,0,0,1,0,1,0,6,0,0,0,0,0,0,0,2,0,2,0,0,24,27,134,660,40,321,11,16,0,2,0,0,0,2,0,0,0,0,0,0
0,0,138,22,18,2,0,0,1,0,33,0,0,0,2,0,371,8,398,55,0,59,716,12,152,4,27,0,59,1,1,0,64,2,0,0,2,1,0,0,0,0,0,0,2,0,0,0,0,0,0,0,0,0,0,0,0,0,0,0,0,0,0,0,0,0,0,0,0,0,0,0,0,0,223,13,41,1,2,0,0,0,0,0,0,0,4,2,0,0,0,0,0,0,0,0,0,0,0,0,0,0,0,0,0,0,0,0,0,0,0,0,0,0,0,0,0,0,0,0,0,0,0,0,0,0,0,0,0,0,0,0,1,0,1,0,0,0,0,0,0,0,0,0,1,0,0,0,0,0,239,4,441,74,55,20,234,1,0,0,0,0,0,0,0,0,0,0,0,0
0,0,28,365,9,47,0,1,3,2,5,46,0,0,0,0,31,574,61,959,59,0,100,1171,2,254,0,93,0,63,0,4,4,108,0,0,0,0,0,0,0,0,0,0,0,1,0,0,0,0,0,0,0,0,0,0,0,0,0,0,0,0,0,0,0,0,0,0,0,0,0,0,0,0,92,203,1,43,0,4,0,0,0,0,0,0,0,32,0,0,0,0,0,0,0,0,0,0,0,0,0,0,0,0,0,0,0,0,0,0,0,0,0,0,0,0,0,0,0,0,0,0,0,0,0,1,0,0,0,0,0,0,0,0,0,0,0,0,0,0,0,0,0,0,0,0,0,0,0,0,52,450,62,242,0,22,7,93,0,1,0,0,0,0,0,1,0,0,0,0
0,0,53,12,17,0,0,0,0,0,34,0,0,0,0,0,324,25,95,54,716,100,0,140,448,12,28,1,64,0,2,0,66,6,0,0,0,0,0,0,31,6,0,0,0,0,0,0,0,0,0,0,0,0,0,0,0,0,0,0,0,0,0,0,0,0,0,0,0,0,0,0,0,0,67,10,41,3,1,0,0,0,0,0,0,0,2,1,0,0,0,0,0,0,0,0,0,0,0,0,0,0,0,0,0,0,0,0,0,0,0,0,0,0,0,0,0,0,0,0,0,0,0,0,0,0,0,0,0,0,0,0,0,0,0,0,0,0,0,0,0,0,0,0,0,0,0,0,0,0,147,7,208,98,38,13,163,3,0,0,0,0,0,0,0,0,0,0,0,0
0,0,5,125,1,44,0,0,0,4,0,51,0,0,0,1,4,603,9,217,12,1171,140,0,0,761,0,102,0,74,0,0,0,169,0,0,0,0,0,0,0,0,0,0,0,3,0,0,0,0,0,0,0,0,0,0,0,0,0,0,0,0,0,0,0,0,0,0,0,0,0,0,0,0,17,92,1,51,0,7,0,0,0,0,0,0,0,19,0,0,0,0,0,0,0,0,0,0,0,0,0,0,0,0,0,0,0,0,0,0,0,0,0,0,0,0,0,0,0,0,0,0,0,0,0,1,0,0,0,0,0,0,0,0,0,0,0,1,0,0,0,0,0,0,0,0,0,0,0,0,3,86,10,47,0,11,2,119,0,0,0,0,0,0,0,0,0,0,0,0
1,0,158,2,56,0,0,0,1,0,188,0,0,0,0,0,64,0,44,5,152,2,448,0,0,0,304,0,286,0,5,0,191,0,0,0,0,0,0,0,1,0,0,0,3,0,0,0,0,0,0,0,0,0,0,0,0,0,0,0,0,0,0,0,0,0,0,0,0,0,0,0,0,0,44,2,72,0,5,0,0,0,0,0,0,0,5,0,0,0,0,0,0,0,0,0,0,0,0,0,0,0,0,0,0,0,0,0,0,0,0,0,0,0,0,0,0,0,0,0,1,0,0,0,0,0,0,0,0,0,0,0,0,0,0,0,0,0,0,0,0,0,0,0,0,0,0,0,0,0,0,0,7,2,3,1,39,0,0,0,0,0,0,0,0,0,0,0,0,0
0,0,0,216,3,55,0,0,0,1,0,136,0,0,0,0,0,67,0,65,4,254,12,761,0,0,0,296,0,89,0,2,0,106,0,0,0,0,0,0,0,0,0,2,0,1,0,0,0,0,0,0,0,0,0,0,0,0,0,0,0,0,0,0,0,0,0,0,0,0,0,0,0,0,2,18,0,13,0,0,0,0,0,0,0,0,0,3,0,0,0,0,0,0,0,0,0,0,0,0,0,0,0,0,0,0,0,0,0,0,0,0,0,0,0,0,0,0,0,0,0,0,0,0,0,2,0,0,0,0,0,0,0,0,0,0,0,0,0,0,0,0,0,0,0,0,0,0,0,0,1,2,3,6,0,1,0,34,0,0,0,0,0,0,0,0,0,0,0,0
0,0,299,0,60,0,0,0,0,0,98,0,0,0,0,0,10,0,12,0,27,0,28,0,304,0,0,0,121,0,3,0,63,0,0,0,0,0,0,0,0,0,0,0,1,0,0,0,0,0,0,0,0,0,0,0,0,0,0,0,0,0,0,0,0,0,0,0,0,0,0,0,0,0,7,0,24,0,2,0,0,0,0,0,0,0,4,0,0,0,0,0,0,0,0,0,0,0,0,0,0,0,0,0,0,0,0,0,0,0,0,0,0,0,0,0,0,0,0,0,0,0,0,0,0,0,0,0,0,0,0,0,0,0,1,0,0,0,0,0,0,0,0,0,0,0,0,0,0,0,0,0,1,0,1,1,3,0,0,0,0,0,0,0,0,0,0,0,0,0
0,0,0,237,0,161,0,0,0,6,0,570,0,0,0,0,0,5,0,35,0,93,1,102,0,296,0,0,0,326,0,54,0,62,0,0,0,0,0,0,0,0,0,1,0,0,0,0,0,0,0,0,0,0,0,0,0,0,0,0,0,0,0,0,0,0,0,0,0,0,0,0,0,0,2,15,0,34,0,1,0,0,0,0,0,1,0,19,0,0,0,1,0,0,0,0,0,0,0,0,0,0,0,0,0,0,0,0,0,0,0,0,0,0,0,0,0,0,0,0,0,0,0,0,0,0,0,0,0,0,0,0,0,0,0,0,0,0,0,0,0,0,0,0,0,0,0,0,0,0,0,0,1,1,0,0,0,3,0,0,0,0,0,0,0,0,0,0,0,0
0,0,82,1,57,0,0,0,25,0,745,0,0,0,0,0,19,1,14,4,59,0,64,0,286,0,121,0,0,0,23,0,460,0,0,0,0,0,0,0,0,0,0,0,2,0,0,0,0,0,0,0,0,0,0,0,0,0,0,0,0,0,0,0,0,0,0,0,0,0,0,0,0,0,41,0,79,0,6,0,0,0,0,0,0,0,23,0,0,0,0,0,2,0,0,0,0,0,0,0,0,0,0,0,0,0,0,0,0,0,0,0,0,0,0,0,0,0,0,0,0,0,0,0,0,0,0,0,0,0,0,0,0,0,1,0,0,0,0,0,0,0,0,0,0,0,0,0,0,0,2,1,2,3,3,1,11,0,0,0,0,0,0,0,0,0,0,0,0,0
0,0,0,87,0,55,0,0,0,3,0,623,0,0,0,0,0,3,1,34,1,63,0,74,0,89,0,326,0,0,0,64,0,261,0,0,0,0,0,0,0,5,0,0,0,1,0,0,0,0,0,0,0,0,0,0,0,0,0,4,0,0,0,0,0,0,0,0,0,0,0,0,0,0,4,9,0,34,0,1,0,0,0,0,0,0,0,27,0,2,0,12,0,5,0,0,0,0,0,0,0,0,0,0,0,0,0,0,0,0,0,0,0,0,0,0,0,0,0,0,0,0,0,0,0,0,0,0,0,0,0,0,0,0,0,0,0,0,0,0,0,0,0,0,0,0,0,0,0,0,0,0,2,4,0,0,0,2,0,0,0,0,0,0,0,0,0,0,0,0
0,0,44,0,228,0,0,0,12,0,572,0,0,0,1,0,0,0,4,1,1,0,2,0,5,0,3,0,23,0,0,0,30,0,0,0,0,0,0,0,0,0,0,0,0,0,0,0,0,0,0,0,0,0,0,0,0,0,0,0,0,0,0,0,0,0,0,0,0,0,0,0,0,0,37,1,36,0,2,0,0,0,0,0,0,0,4,0,0,0,0,0,0,0,0,0,0,0,0,0,0,0,0,0,0,0,0,0,0,0,0,0,0,0,0,0,0,0,0,0,0,0,0,0,0,0,0,0,0,0,0,0,0,0,0,0,0,0,0,0,0,0,0,0,0,0,0,0,0,0,0,1,0,0,0,0,2,0,0,0,0,0,0,0,0,0,0,0,0,0
0,0,0,18,0,116,0,0,0,8,0,790,0,0,0,0,0,0,0,2,0,4,0,0,0,2,0,54,0,64,0,0,0,54,0,0,0,0,0,0,0,0,0,0,0,0,0,0,0,0,0,0,0,0,0,0,0,0,0,0,0,0,0,0,0,0,0,0,0,0,0,0,0,0,0,11,0,14,0,0,0,0,0,0,0,0,0,15,0,0,0,0,0,0,0,0,0,0,0,0,0,0,0,0,0,0,0,0,0,0,0,0,0,0,0,0,0,0,0,0,0,0,0,0,0,0,0,0,0,0,0,0,0,0,0,0,0,0,0,0,0,0,0,0,0,0,0,0,0,0,0,0,0,0,0,0,0,0,0,0,0,0,0,0,0,0,0,0,0,0
642,10,538,7,586,8,1349,3,1453,1,624,0,652,4,228,26,20,0,136,17,64,4,66,0,191,0,63,0,460,0,30,0,0,2,0,0,82,33,11,2,459,2,22,0,83,0,61,0,17,0,118,0,51,0,175,0,26,0,97,0,530,6,92,2,37,1,80,2,47,1,147,13,44,2,511,4,1964,5,155,3,0,0,79,0,209,2,479,0,154,0,8,0,132,0,2,0,2,2,12,0,0,1,0,0,0,0,0,1,1,4,7,4,5,0,0,0,0,0,0,1,0,0,0,0,39,0,140,2,12,0,1,0,3,0,37,1,6,0,1,0,3,1,8,0,39,0,5,1,2,0,1,0,8,17,25,20,10,0,4,3,2,0,6,0,16,2,4,1,11,2
12,216,11,479,8,880,3,1569,2,2028,0,826,0,1540,16,141,1,189,7,190,2,108,6,169,0,106,0,62,0,261,0,54,2,0,0,0,15,145,8,29,1,385,1,13,0,16,4,28,15,28,0,54,7,87,1,157,1,59,0,105,1,152,1,59,0,11,0,178,2,68,23,112,1,23,18,426,0,1726,1,79,0,0,1,105,0,482,0,199,1,169,0,1,0,82,0,2,0,0,4,5,0,0,0,0,2,0,0,1,2,2,0,3,1,2,0,0,0,0,0,1,0,0,0,1,0,26,0,41,0,12,0,0,1,0,0,5,0,6,0,24,0,15,0,9,4,41,1,12,0,5,0,12,2,19,4,37,1,56,0,2,0,0,0,1,1,3,0,1,2,0
0,0,0,0,0,0,0,0,0,0,0,0,0,0,0,0,0,0,0,0,0,0,0,0,0,0,0,0,0,0,0,0,0,0,0,0,0,0,0,0,0,0,0,0,0,0,0,0,0,0,0,0,0,0,0,0,0,0,0,0,0,0,0,0,0,0,0,0,0,0,0,0,0,0,0,0,0,0,0,0,0,0,0,0,0,0,0,0,0,0,0,0,0,0,0,0,0,0,0,0,0,0,0,0,0,0,0,0,0,0,0,0,0,0,0,0,0,0,0,0,0,0,0,0,0,0,0,0,0,0,0,0,0,0,0,0,0,0,0,0,0,0,0,0,0,0,0,0,0,0,0,0,0,0,0,0,0,0,0,0,0,0,0,0,0,0,0,0,0,0
0,0,0,0,0,0,0,0,0,0,0,0,0,0,0,0,0,0,0,0,0,0,0,0,0,0,0,0,0,0,0,0,0,0,0,0,0,0,0,0,0,0,0,0,0,0,0,0,0,0,0,0,0,0,0,0,0,0,0,0,0,0,0,0,0,0,0,0,0,0,0,0,0,0,0,0,0,0,0,0,0,0,0,0,0,0,0,0,0,0,0,0,0,0,0,0,0,0,0,0,0,0,0,0,0,0,0,0,0,0,0,0,0,0,0,0,0,0,0,0,0,0,0,0,0,0,0,0,0,0,0,0,0,0,0,0,0,0,0,0,0,0,0,0,0,0,0,0,0,0,0,0,0,0,0,0,0,0,0,0,0,0,0,0,0,0,0,0,0,0
149,57,482,45,126,38,44,12,77,13,1,0,11,4,1336,181,0,0,678,33,2,0,0,0,0,0,0,0,0,0,0,0,82,15,0,0,0,385,2103,10,54,7,1,0,1,0,2,0,84,5,0,0,4,0,11,0,0,0,0,0,61,27,28,10,4,1,7,7,4,3,1889,85,517,35,271,45,112,26,60,20,0,0,6,1,18,3,0,0,14,6,0,0,0,0,0,0,0,2,7,3,2,0,0,0,1,0,0,1,0,3,1,3,5,4,0,0,0,0,0,0,1,0,2,0,25,3,107,22,35,11,0,0,3,0,19,3,2,3,0,0,0,0,0,0,48,0,6,4,5,2,1,0,30,11,1201,122,0,0,0,2,0,2,4,0,3,0,2,3,2,1
283,217,79,513,92,254,41,172,31,146,0,1,11,45,436,1763,0,0,42,569,1,0,0,0,0,0,0,0,0,0,0,0,33,145,0,0,385,0,20,1206,2,111,1,3,0,2,1,0,3,17,0,1,1,3,8,0,0,1,0,0,86,146,16,46,4,6,5,20,4,8,157,2492,199,153,169,417,59,183,17,198,0,0,2,3,10,7,0,0,5,1,0,0,2,0,0,1,1,4,3,9,0,0,0,1,0,0,2,0,2,2,0,1,5,0,0,1,0,0,0,0,0,0,0,0,16,59,55,133,6,46,0,0,2,1,16,12,1,9,0,1,0,1,0,1,9,5,3,20,2,1,1,0,7,220,24,907,0,0,3,10,1,3,0,4,2,7,1,8,9,5
4,0,48,0,21,1,0,0,5,0,0,0,0,3,46,0,0,0,19,1,0,0,0,0,0,0,0,0,0,0,0,0,11,8,0,0,2103,20,0,249,112,101,0,1,0,0,33,177,638,45,2,2,44,68,20,19,1,6,0,2,3,2,5,2,2,0,0,4,3,7,2733,320,1,1,15,3,13,7,3,1,0,0,5,2,10,4,0,0,17,4,0,0,1,1,0,0,0,0,0,2,1,0,0,0,0,0,0,0,0,0,0,0,0,1,0,0,0,0,0,0,0,0,1,0,0,0,4,0,6,2,0,0,0,0,0,0,0,0,0,0,0,2,0,0,2,0,0,1,1,0,0,0,0,0,11,0,0,0,1,2,0,0,0,0,2,0,0,0,2,1
7,4,1,32,1,26,0,0,1,17,0,0,0,2,11,17,0,0,2,35,0,0,0,0,0,0,0,0,0,0,0,0,2,29,0,0,10,1206,249,0,5,251,0,0,0,0,5,381,33,84,0,7,7,49,2,11,0,0,0,0,1,4,1,2,0,2,0,14,0,16,29,2874,0,2,2,21,0,16,1,6,0,0,1,2,0,15,0,0,1,4,0,0,0,2,0,0,0,1,1,2,0,0,0,0,1,0,0,1,0,0,1,0,0,0,0,0,0,0,0,0,0,0,0,1,1,2,0,3,1,3,0,0,0,0,0,0,0,1,0,0,0,1,0,0,0,2,0,0,0,0,0,0,0,3,1,25,0,0,0,1,0,1,0,0,0,0,0,0,1,0
30,1,6,3,10,0,5,0,9,0,2,0,10,0,11,1,39,0,1,0,0,0,31,0,1,0,0,0,0,0,0,0,459,1,0,0,54,2,112,5,0,130,1714,0,163,0,29,40,39,4,651,1,12,4,84,0,31,1,434,0,100,1,91,6,15,0,47,0,23,0,1628,98,9,4,115,8,842,2,325,5,0,0,22,1,539,0,677,0,356,1,171,0,472,0,2,3,4,1,107,9,8,2,0,1,2,0,5,11,15,12,45,30,30,36,3,3,0,0,0,13,5,0,8,1,64,3,170,4,45,1,0,0,31,0,41,6,7,0,145,0,42,1,154,1,1179,53,21,1,4,0,0,0,0,1,1,1,30,0,51,7,58,1,335,0,22,1,8,7,50,10
2,39,1,15,2,10,0,7,0,5,0,4,0,6,3,15,1,50,0,1,0,0,6,0,0,0,0,0,0,5,0,0,2,385,0,0,7,111,101,251,130,0,0,1883,0,497,7,100,6,13,3,508,3,23,2,75,0,89,0,896,0,129,2,72,0,9,2,35,2,14,91,1586,2,13,3,118,1,703,0,406,0,0,1,10,4,327,0,1085,0,322,0,196,0,273,0,1,2,3,9,19,2,1,0,2,2,0,4,14,5,15,19,15,3,11,0,1,0,0,0,8,0,1,0,4,0,32,0,63,3,14,0,1,0,4,0,6,0,6,0,421,0,87,0,91,2,607,0,24,0,3,0,0,0,0,0,0,0,6,3,13,0,10,1,184,2,6,2,5,7,0
4,0,1,0,0,1,0,0,1,0,0,0,0,0,2,0,0,0,0,0,0,0,0,0,0,0,0,0,0,0,0,0,22,1,0,0,1,1,0,0,1714,0,0,1,87,0,2,0,1,0,428,0,1,1,10,0,0,0,1236,0,6,0,10,0,4,0,4,0,1,0,79,5,0,0,16,1,30,2,18,1,0,0,0,0,27,0,14,0,13,0,14,0,66,0,71,5,74,9,83,6,26,4,18,4,93,5,173,16,70,22,65,24,2,4,4,4,0,1,0,13,0,0,1,0,0,0,9,0,3,0,0,0,0,0,3,1,0,0,3,0,1,1,5,0,27,1,0,0,1,0,0,0,0,0,0,0,1,0,5,0,8,0,22,0,1,0,2,2,4,2
0,5,0,2,0,1,0,1,0,0,0,2,0,0,0,1,0,0,0,1,0,0,0,0,0,2,0,1,0,0,0,0,0,13,0,0,0,3,1,0,0,1883,1,0,0,534,0,13,1,0,0,675,0,5,0,13,0,35,0,1333,0,10,0,8,0,2,0,3,0,1,3,127,0,0,0,14,0,62,0,21,0,0,0,1,0,7,0,64,0,41,0,87,0,38,2,29,1,42,0,31,1,3,1,16,4,14,3,46,4,27,20,18,0,0,1,4,0,1,0,7,0,1,0,0,0,2,0,6,1,1,0,0,0,0,0,0,0,0,0,9,0,3,0,7,0,11,0,2,0,0,0,0,0,0,0,0,0,2,0,1,0,6,1,7,0,1,0,7,1,0
1,0,6,0,2,0,0,0,0,0,2,0,0,0,1,0,59,0,3,0,2,0,0,0,3,0,1,0,2,0,0,0,83,0,0,0,1,0,0,0,163,0,87,0,0,0,0,0,0,0,0,0,0,0,1,0,1,0,21,0,0,0,2,0,0,0,0,0,0,0,4,0,0,0,4,0,238,0,66,0,0,0,1,0,1,0,140,0,3,0,14,0,20,0,0,0,0,0,1,0,0,0,0,0,0,0,0,0,0,0,0,0,1,0,0,0,0,0,0,0,0,0,0,0,17,0,13,0,1,0,0,0,29,0,19,1,1,0,9,0,0,0,1,0,4,0,0,0,1,0,0,0,0,0,0,0,110,1,2,0,1,0,32,0,1,0,1,0,2,1
0,0,0,5,0,5,0,0,0,3,0,10,0,0,0,0,0,15,0,2,0,1,0,3,0,1,0,0,0,1,0,0,0,16,0,0,0,2,0,0,0,497,0,534,0,0,0,0,0,0,0,5,0,0,0,3,0,3,0,105,0,0,0,1,0,0,1,0,0,0,0,1,0,1,0,5,0,369,0,27,0,0,0,0,0,9,0,691,0,15,0,284,0,10,0,0,0,0,2,6,0,0,0,0,0,0,2,1,1,0,0,1,1,1,0,0,0,0,0,0,0,2,0,0,0,22,0,5,0,0,0,2,0,5,0,5,0,2,0,23,0,2,0,0,0,1,0,0,0,0,0,0,0,0,0,0,0,30,0,13,0,4,0,82,0,18,1,0,5,0
7,0,1,0,1,0,1,0,0,0,0,0,0,0,0,0,0,0,0,0,0,0,0,0,0,0,0,0,0,0,0,0,61,4,0,0,2,1,33,5,29,7,2,0,0,0,0,628,1865,152,3420,162,1088,52,859,9,99,2,28,3,4,0,9,1,3,0,2,1,14,8,500,62,0,0,3,0,15,2,4,0,0,0,37,0,179,6,1,0,186,3,0,0,7,0,0,0,0,0,1,3,0,0,0,0,0,0,0,0,1,0,0,0,1,0,0,0,0,0,0,0,0,0,0,0,1,1,1,0,0,1,0,0,0,0,0,0,0,0,0,0,0,0,0,0,9,3,0,0,1,0,0,0,0,0,0,0,0,0,0,1,0,1,0,0,1,0,0,1,0,0
0,1,0,2,0,0,0,1,1,0,0,0,0,3,0,1,0,0,0,0,0,0,0,0,0,0,0,0,0,0,0,0,0,28,0,0,0,0,177,381,40,100,0,13,0,0,628,0,135,3685,202,5012,4,1965,2,692,0,822,1,202,0,0,0,5,0,0,0,2,0,6,92,1472,0,0,1,1,0,24,0,3,0,0,0,5,0,88,0,2,0,64,0,0,0,28,0,0,0,0,1,2,0,0,0,0,0,1,0,1,0,0,0,0,0,0,10,0,0,0,0,0,0,0,0,0,0,0,0,0,0,0,0,0,0,0,0,0,0,0,0,1,0,0,0,1,0,11,0,0,0,0,0,0,0,0,0,0,0,0,0,0,0,0,0,0,0,0,0,0,0,0
8,0,2,0,1,0,1,0,0,0,0,0,1,0,3,0,0,0,0,0,0,0,0,0,0,0,0,0,0,0,0,0,17,15,0,0,84,3,638,33,39,6,1,1,0,0,1865,135,0,561,67,7,3273,127,622,13,0,2,0,0,5,3,60,3,1,0,1,18,21,15,1415,207,2,1,8,0,8,12,3,0,0,0,30,4,52,20,0,2,29,14,0,0,1,0,1,0,0,0,1,1,1,0,0,0,0,0,0,5,0,1,1,1,1,0,0,0,0,0,0,0,0,0,0,0,2,1,3,0,1,0,0,0,0,0,1,1,0,0,0,0,0,3,1,1,0,3,1,1,0,0,0,0,0,0,0,0,0,0,2,0,0,0,0,0,3,0,0,0,2,1
0,2,0,6,0,3,0,0,0,3,0,0,0,5,0,0,0,0,0,0,0,0,0,0,0,0,0,0,0,0,0,0,0,28,0,0,5,17,45,84,4,13,0,0,0,0,152,3685,561,0,30,233,24,3748,3,365,0,21,0,9,0,7,1,214,0,3,0,21,0,49,60,2048,0,3,1,5,1,18,1,3,0,0,0,6,1,32,0,1,3,29,0,0,0,2,0,0,0,0,1,2,0,1,0,0,0,2,0,1,0,0,1,2,1,0,0,0,0,0,0,0,0,0,0,1,0,2,2,2,0,1,0,0,0,0,0,1,0,1,0,0,0,2,0,0,0,1,0,0,2,0,0,0,0,0,0,1,0,0,0,1,0,1,0,2,1,0,0,1,1,0
2,0,0,0,0,0,0,0,0,0,0,0,0,0,0,0,0,0,0,0,0,0,0,0,0,0,0,0,0,0,0,0,118,0,0,0,0,0,2,0,651,3,428,0,0,0,3420,202,67,30,0,55,163,1,1045,0,689,1,1575,1,7,0,3,0,1,0,3,1,7,1,852,4,0,0,4,0,29,0,6,1,0,0,20,0,305,0,9,0,405,0,0,0,68,0,396,1,5,0,24,2,125,7,629,6,2,0,4,1,3,1,2,6,4,2,22,33,3,2,0,1,0,0,0,0,2,1,5,0,1,0,0,0,0,0,0,2,0,0,2,0,0,0,2,0,26,2,0,0,0,0,0,0,0,0,0,0,0,0,1,0,0,0,2,0,1,0,1,1,13,0
0,0,0,1,0,2,0,0,0,0,0,0,0,1,0,2,0,0,0,0,0,0,0,0,0,0,0,0,0,0,0,0,0,54,0,0,0,1,2,7,1,508,0,675,0,5,162,5012,7,233,55,0,0,89,0,203,0,1074,0,2244,0,3,0,3,0,0,0,2,0,1,3,689,0,1,0,8,0,61,0,11,0,0,0,5,0,163,0,17,0,127,0,0,0,50,0,0,1,0,1,34,2,20,8,43,0,0,0,4,1,5,1,2,0,38,18,10,0,0,0,1,0,0,0,1,0,4,0,4,0,1,0,0,0,0,0,1,0,0,0,11,0,10,0,18,2,35,0,2,0,0,0,0,0,0,0,0,0,0,1,4,0,9,0,2,0,1,0,0,13,1
11,0,2,0,0,0,0,0,0,0,0,0,1,2,0,0,0,0,0,0,0,0,0,0,0,0,0,0,0,0,0,0,51,7,0,0,4,1,44,7,12,3,1,0,0,0,1088,4,3273,24,163,0,0,12,4065,2,29,0,8,0,9,0,409,1,15,0,2,6,29,9,205,60,0,1,5,1,26,4,11,0,0,0,69,2,102,7,1,0,109,2,0,0,5,1,0,0,0,0,2,0,0,0,0,0,0,0,0,1,0,0,1,1,0,2,0,0,0,0,0,0,0,0,2,0,2,0,7,1,2,0,0,0,1,0,1,0,0,0,0,0,0,0,0,0,5,2,1,0,0,0,0,0,0,0,0,0,0,0,2,2,0,0,1,0,4,1,0,0,4,0
0,8,0,4,0,7,0,3,0,0,0,0,0,10,0,3,0,0,0,0,0,0,0,0,0,0,0,0,0,0,0,0,0,87,0,0,0,3,68,49,4,23,1,5,0,0,52,1965,127,3748,1,89,12,0,5,4073,0,145,0,51,0,10,2,774,0,23,0,22,0,434,55,810,0,3,0,3,1,69,0,7,0,0,0,30,2,217,0,8,0,414,0,0,0,53,0,1,0,0,0,1,0,1,0,0,1,0,0,0,0,1,0,3,1,0,0,0,0,0,0,0,0,0,0,1,1,0,0,3,0,3,0,0,0,0,0,0,0,0,0,0,0,2,0,3,0,8,0,0,0,0,0,0,1,0,0,1,0,0,0,0,0,0,0,0,0,0,0,0,1,0
164,1,35,0,30,1,5,0,4,0,0,0,8,1,8,1,0,0,0,0,0,0,0,0,0,0,0,0,0,0,0,0,175,1,0,0,11,8,20,2,84,2,10,0,1,0,859,2,622,3,1045,0,4065,5,0,0,3733,0,521,0,135,2,982,2,517,0,25,4,1806,4,309,26,3,0,26,2,76,5,24,1,0,0,146,0,397,5,10,0,3295,1,0,0,451,0,0,1,0,0,12,1,0,0,0,0,0,0,1,2,1,0,3,2,2,3,1,0,0,0,0,0,0,0,0,0,2,1,32,3,21,0,0,0,0,0,12,0,0,0,1,0,1,0,1,0,17,1,3,2,4,0,0,0,0,0,0,0,0,0,4,1,0,0,5,0,6,1,0,1,4,2
0,6,0,9,0,3,0,1,0,0,0,0,0,19,1,4,0,0,0,0,0,0,0,0,0,0,0,0,0,0,0,0,0,157,0,0,0,0,19,11,0,75,0,13,0,3,9,692,13,365,0,203,2,4073,0,0,0,1449,0,154,1,28,1,256,0,31,0,27,1,1664,16,173,0,0,0,7,0,116,0,4,0,0,1,49,0,472,0,16,0,3386,0,0,0,487,0,0,0,0,0,0,0,0,0,0,0,1,0,1,0,3,1,4,1,0,0,0,0,0,0,0,0,0,0,0,0,0,0,5,0,3,0,0,0,0,0,0,0,0,0,6,0,4,0,3,0,12,0,2,0,2,0,0,0,0,0,0,0,0,2,1,0,0,0,0,0,0,0,0,0,0
5,0,0,0,0,0,0,0,0,0,0,0,0,0,0,0,0,0,0,0,0,0,0,0,0,0,0,0,0,0,0,0,26,1,0,0,0,0,1,0,31,0,0,0,1,0,99,0,0,0,689,0,29,0,3733,0,0,0,1524,0,1,0,1,0,0,0,0,0,2,0,4,2,0,0,0,0,11,0,0,0,0,0,4,0,91,0,2,0,505,0,0,0,665,0,0,0,0,0,0,0,0,0,0,0,0,0,0,0,0,0,0,0,0,0,0,0,0,0,0,0,0,0,0,0,0,0,0,0,0,0,0,0,0,0,0,0,0,0,0,0,0,0,0,0,3,0,0,0,0,0,0,0,0,0,0,0,0,0,0,0,0,0,0,0,0,0,0,0,0,0
0,4,0,1,0,1,0,0,0,0,0,0,0,0,0,0,0,0,0,0,0,0,0,0,0,0,0,0,0,0,0,0,0,59,0,0,0,1,6,0,1,89,0,35,0,3,2,822,2,21,1,1074,0,145,0,1449,0,0,0,1353,0,1,0,0,0,0,0,1,0,5,1,35,0,0,0,1,0,58,0,3,0,0,0,5,0,190,0,28,0,706,0,0,0,1258,0,0,1,0,0,0,0,0,0,0,0,0,1,1,1,0,0,0,0,0,0,0,0,0,0,0,0,0,0,0,0,0,0,0,0,0,0,0,0,0,0,0,0,0,0,10,0,2,0,2,0,18,0,0,0,0,0,0,0,0,0,0,0,0,0,1,0,0,0,2,0,0,0,1,0,0
0,0,2,0,0,0,0,0,1,0,2,0,0,0,0,0,0,0,0,0,0,0,0,0,0,0,0,0,0,0,0,0,97,0,0,0,0,0,0,0,434,0,1236,0,21,0,28,1,0,0,1575,0,8,0,521,0,1524,0,0,0,0,0,0,0,0,0,0,0,2,0,10,1,0,0,1,0,81,0,4,0,0,0,1,0,168,0,294,0,277,0,317,0,2182,0,35,0,1,0,1,0,42,0,173,0,1,0,0,0,1,0,1,1,1,0,0,0,1,0,0,0,0,0,0,0,0,0,1,0,0,0,0,0,0,0,0,0,0,0,4,0,0,0,2,0,10,0,0,0,0,0,0,0,0,0,0,0,0,0,0,0,1,0,1,0,1,0,0,0,0,0
0,1,0,4,0,1,0,0,0,1,0,2,0,1,1,0,0,0,0,0,0,0,0,0,0,0,0,0,0,4,0,0,0,105,0,0,0,0,2,0,0,896,0,1333,0,105,3,202,0,9,1,2244,0,51,0,154,0,1353,0,0,0,1,0,1,0,0,0,1,0,5,1,85,0,0,0,3,0,130,0,5,0,0,0,0,0,182,0,612,0,733,0,434,0,2417,0,25,0,0,0,0,0,2,0,299,0,0,1,0,1,2,1,1,0,0,0,0,0,0,0,0,0,0,0,0,0,0,0,2,0,2,0,0,0,1,0,0,0,0,0,18,0,0,0,3,0,10,0,0,0,0,0,0,0,0,0,1,0,0,0,0,0,1,0,4,0,0,0,0,0,0
6116,53,304,14,143,13,556,6,114,2,0,0,1318,1,88,90,0,0,1,0,0,0,0,0,0,0,0,0,0,0,0,0,530,1,0,0,61,86,3,1,100,0,6,0,0,0,4,0,5,0,7,0,9,0,135,1,1,0,0,0,0,9,1958,0,2081,0,1316,2,368,0,320,26,415,26,675,22,395,7,344,13,0,0,28,1,262,1,0,0,438,0,0,0,7,0,0,0,1,1,19,2,2,0,0,1,1,1,0,1,3,1,3,2,6,3,0,1,0,0,0,0,0,0,8,0,44,2,821,15,99,8,0,0,13,0,60,0,13,1,0,0,1,0,1,0,94,0,40,0,13,0,0,0,0,0,2,2,0,0,9,0,0,0,18,0,7,2,1,3,5,3
25,4488,1,340,1,211,0,143,0,44,0,0,3,966,8,315,0,0,0,3,0,0,0,0,0,0,0,0,0,0,0,0,6,152,0,0,27,146,2,4,1,129,0,10,0,0,0,0,3,7,0,3,0,10,2,28,0,1,0,1,9,0,6,2463,1,1573,4,2029,1,473,42,409,26,539,17,370,5,432,3,272,0,0,2,3,3,79,0,2,3,50,0,0,0,2,0,1,1,3,21,25,1,1,1,1,4,4,6,7,3,4,10,5,13,5,1,0,0,0,0,0,0,0,0,0,0,31,8,273,5,117,0,0,2,4,0,9,1,5,0,0,1,1,0,0,5,7,0,23,1,3,0,0,0,0,0,4,0,0,7,28,1,4,1,1,2,10,3,15,30,2
285,1,113,2,54,1,30,0,17,1,0,0,10,0,31,6,0,0,0,0,0,0,0,0,0,0,0,0,0,0,0,0,92,1,0,0,28,16,5,1,91,2,10,0,2,0,9,0,60,1,3,0,409,2,982,1,1,0,0,0,1958,6,0,7,2608,1,66,1,671,1,1419,25,46,5,70,7,101,2,96,1,0,0,18,0,16,0,0,0,31,0,0,0,0,1,0,1,0,0,11,3,3,0,0,0,0,1,2,1,2,0,0,4,7,3,1,0,0,0,0,0,0,0,3,0,11,0,143,2,66,3,0,0,8,0,29,0,7,0,0,0,1,0,1,0,18,2,10,0,9,0,0,0,0,0,0,1,0,0,5,2,2,1,22,0,11,0,1,1,5,2
1,176,4,120,1,43,0,18,0,14,1,0,1,35,2,65,0,0,0,4,0,0,0,0,0,0,0,0,0,0,0,0,2,59,0,0,10,46,2,2,6,72,0,8,0,1,1,5,3,214,0,3,1,774,2,256,0,0,0,1,0,2463,7,0,1,1253,3,377,1,949,22,1435,0,66,5,104,1,168,0,80,0,0,2,5,4,15,0,1,2,54,0,0,0,1,1,2,2,1,9,20,1,0,0,2,1,0,4,5,2,5,9,2,5,2,0,0,0,0,0,0,0,0,1,0,2,16,2,65,0,39,0,0,1,2,1,8,0,6,0,1,0,3,0,0,4,2,0,9,0,2,0,0,0,0,0,0,0,0,2,18,0,3,0,2,2,15,2,5,15,0
204,2,23,2,58,0,8,0,8,0,0,0,7,1,5,1,0,0,0,0,0,0,0,0,0,0,0,0,0,0,0,0,37,0,0,0,4,4,2,0,15,0,4,0,0,0,3,0,1,0,1,0,15,0,517,0,0,0,0,0,2081,1,2608,1,0,0,998,2,2199,0,80,8,2,0,24,3,38,0,26,0,0,0,3,0,28,0,0,0,210,0,0,0,7,0,0,0,0,0,3,0,0,0,0,0,0,0,1,1,0,2,0,0,3,1,0,0,0,0,0,0,0,0,0,0,2,0,26,0,23,1,0,0,2,0,9,0,0,0,0,0,0,0,0,0,9,0,3,0,1,0,0,0,0,0,0,0,0,0,3,1,1,0,3,1,1,0,0,1,3,0
3,70,0,9,0,16,0,4,0,1,0,0,0,7,0,3,0,0,0,0,0,0,0,0,0,0,0,0,0,0,0,0,1,11,0,0,1,6,0,2,0,9,0,2,0,0,0,0,0,3,0,0,0,23,0,31,0,0,0,0,0,1573,1,1253,0,0,0,1263,0,1389,5,58,0,5,0,10,0,39,0,10,0,0,2,2,0,11,0,0,0,19,0,0,0,0,0,1,1,0,1,3,1,0,0,0,0,0,1,1,0,1,0,0,0,0,0,0,0,0,0,0,0,0,0,0,0,1,0,10,0,3,0,0,0,0,0,0,0,0,0,0,0,0,0,0,0,0,0,0,0,0,0,0,0,0,0,0,0,0,0,2,0,1,0,0,0,0,0,2,0,0
517,0,11,1,33,1,29,0,14,1,0,0,316,0,1,0,0,0,2,0,0,0,0,0,0,0,0,0,0,0,0,0,80,0,0,0,7,5,0,0,47,2,4,0,0,1,2,0,1,0,3,0,2,0,25,0,0,0,0,0,1316,4,66,3,998,0,0,0,682,0,41,13,4,1,41,2,65,1,23,1,0,0,65,0,982,0,0,0,372,0,0,0,0,0,0,0,1,0,11,1,1,0,1,0,0,0,1,5,1,1,2,5,6,1,0,1,0,0,0,0,0,0,5,0,7,1,29,1,44,3,0,0,5,0,16,2,1,0,0,0,1,0,1,0,14,1,5,0,5,0,0,0,0,1,0,0,0,0,3,0,0,0,6,0,4,2,0,3,5,2
1,695,0,44,0,174,0,113,0,24,0,0,0,847,1,20,0,0,0,1,0,0,0,0,0,0,0,0,0,0,0,0,2,178,0,0,7,20,4,14,0,35,0,3,0,0,1,2,18,21,1,2,6,22,4,27,0,1,0,1,2,2029,1,377,2,1263,0,0,0,1210,36,122,2,3,0,44,1,143,0,15,0,0,1,34,5,785,0,0,7,112,0,0,0,1,0,0,0,3,2,11,0,0,0,0,0,0,1,2,0,1,2,1,2,3,0,1,0,0,0,0,0,0,0,0,0,4,0,14,0,10,0,0,0,0,1,1,0,0,0,0,0,2,0,1,1,1,0,3,0,0,0,0,0,0,0,0,0,0,1,5,0,1,0,1,1,1,0,2,8,1
335,1,18,0,16,1,12,1,11,0,0,0,4,0,10,0,0,0,0,1,0,0,0,0,0,0,0,0,0,0,0,0,47,2,0,0,4,4,3,0,23,2,1,0,0,0,14,0,21,0,7,0,29,0,1806,1,2,0,2,0,368,1,671,1,2199,0,682,0,0,0,66,10,4,0,18,1,25,2,17,0,0,0,59,1,331,0,0,0,1961,0,0,0,14,0,0,0,0,0,3,0,1,0,0,1,0,0,0,3,1,0,0,1,1,2,0,0,0,0,0,0,0,0,2,0,3,0,34,1,18,0,0,0,0,0,5,0,0,0,0,0,1,0,0,0,4,0,3,1,6,0,0,0,0,0,0,0,0,0,3,0,0,0,1,0,7,0,0,0,5,1
0,243,0,27,0,43,0,18,0,5,0,0,0,27,0,14,0,0,0,1,0,0,0,0,0,0,0,0,0,0,0,0,1,68,0,0,3,8,7,16,0,14,0,1,0,0,8,6,15,49,1,1,9,434,4,1664,0,5,0,5,0,473,1,949,0,1389,0,1210,0,0,32,172,0,3,3,16,0,80,2,11,0,0,1,37,6,921,0,1,9,1269,0,0,1,8,0,0,3,1,1,4,0,0,0,0,0,1,0,1,1,2,1,2,1,2,0,0,0,0,0,0,0,0,0,0,1,3,1,7,1,5,0,0,0,2,0,3,0,0,0,0,0,2,0,0,1,2,0,2,0,0,0,0,0,0,0,0,0,0,0,3,0,0,0,2,1,0,0,1,3,0
473,33,554,9,125,9,49,2,34,5,1,0,43,9,358,45,0,0,12,1,0,0,0,0,0,0,0,0,0,0,0,0,147,23,0,0,1889,157,2733,29,1628,91,79,3,4,0,500,92,1415,60,852,3,205,55,309,16,4,1,10,1,320,42,1419,22,80,5,41,36,66,32,0,336,614,29,288,41,185,34,135,23,0,0,42,10,53,30,1,0,59,15,0,0,3,3,1,2,0,6,37,11,3,2,0,0,1,2,2,5,2,4,13,12,19,6,0,0,0,0,0,0,0,0,4,1,33,6,324,23,157,22,0,0,23,2,62,3,14,0,0,0,7,0,2,1,99,24,39,2,17,2,0,0,0,0,2,2,3,0,11,10,3,3,35,1,32,1,5,10,29,6
25,251,5,339,4,78,3,49,2,35,0,0,4,54,30,426,0,0,1,20,0,0,0,0,0,0,0,0,0,0,0,0,13,112,0,0,85,2492,320,2874,98,1586,5,127,0,1,62,1472,207,2048,4,689,60,810,26,173,2,35,1,85,26,409,25,1435,8,58,13,122,10,172,336,0,7,670,21,183,11,213,5,117,0,0,8,31,26,116,0,0,24,64,0,0,0,12,1,6,6,2,28,37,1,2,0,4,3,1,8,11,6,14,14,19,24,15,1,1,0,0,0,1,0,1,2,3,1,33,15,109,10,88,0,0,2,3,2,19,0,3,0,1,1,9,0,21,9,17,2,13,8,4,0,0,0,0,2,4,0,0,4,29,1,10,2,5,6,17,6,10,43,5
1170,98,100,23,37,11,57,14,7,1,0,0,18,4,1044,113,0,0,0,0,0,0,0,0,0,0,0,0,0,0,0,0,44,1,0,0,517,199,1,0,9,2,0,0,0,0,0,0,2,0,0,0,0,0,3,0,0,0,0,0,415,26,46,0,2,0,4,2,4,0,614,7,0,43,194,12,63,11,33,17,0,0,0,0,4,0,0,0,2,0,0,0,0,0,0,0,0,0,0,0,0,0,0,0,0,0,0,0,0,0,2,1,0,0,0,0,0,0,0,0,0,0,2,0,7,0,247,23,12,6,1,0,1,0,19,0,4,2,0,0,0,0,1,0,26,0,7,2,1,1,0,0,0,0,9,1,0,0,0,0,0,0,6,1,0,0,1,0,0,0
24,418,3,117,1,21,3,60,1,10,0,0,0,35,7,609,0,0,0,1,0,0,0,0,0,0,0,0,0,0,0,0,2,23,0,0,35,153,1,2,4,13,0,0,0,1,0,0,1,3,0,1,1,3,0,0,0,0,0,0,26,539,5,66,0,5,1,3,0,3,29,670,43,0,17,165,1,64,3,103,0,0,0,0,0,3,0,0,1,0,0,0,0,0,1,0,0,2,3,7,0,0,0,0,0,0,1,3,0,2,1,1,2,1,0,0,0,0,0,0,0,0,0,1,0,5,11,119,3,34,0,0,0,2,1,3,0,10,0,1,0,0,0,1,2,4,2,13,0,1,0,0,0,0,0,0,0,0,2,4,0,0,2,1,3,2,1,1,3,0
1141,66,1121,142,1634,72,356,24,736,6,171,0,71,5,377,76,33,61,651,249,223,92,67,17,44,2,7,2,41,4,37,0,511,18,0,0,271,169,15,2,115,3,16,0,4,0,3,1,8,1,4,0,5,0,26,0,0,0,1,0,675,17,70,5,24,0,41,0,18,3,288,21,194,17,0,252,2231,30,697,15,0,0,10,0,26,3,11,6,16,0,2,0,0,0,0,0,2,1,39,6,3,2,0,0,1,1,2,8,2,1,4,4,11,5,0,0,0,0,0,0,67,72,48,0,196,5,846,16,325,6,2,0,25,1,332,6,49,0,0,0,5,0,3,0,356,0,88,0,42,0,5,13,212,195,237,224,38,2,8,3,2,0,28,0,28,1,6,3,15,4
29,1108,19,907,18,1502,7,548,2,633,2,63,1,101,42,438,1,20,22,460,13,203,10,92,2,18,0,15,0,9,1,11,4,426,0,0,45,417,3,21,8,118,1,14,0,5,0,1,0,5,0,8,1,3,2,7,0,1,0,3,22,370,7,104,3,10,2,44,1,16,41,183,12,165,252,0,10,3054,2,1491,0,0,4,11,3,34,0,17,0,14,0,0,0,1,2,2,2,4,32,58,1,0,1,1,4,2,1,8,6,9,8,6,41,18,1,0,0,0,0,2,0,43,0,8,1,571,3,1112,4,526,0,28,2,35,2,387,0,261,0,2,0,13,0,4,4,79,2,222,0,46,1,30,10,83,9,85,6,231,7,31,0,18,1,39,3,41,2,19,71,11
416,13,685,24,570,10,138,3,381,5,331,0,72,2,426,43,130,1,194,14,41,1,41,1,72,0,24,0,79,0,36,0,1964,0,0,0,112,59,13,0,842,1,30,0,238,0,15,0,8,1,29,0,26,1,76,0,11,0,81,0,395,5,101,1,38,0,65,1,25,0,185,11,63,1,2231,10,0,8,1203,6,0,0,23,0,91,3,330,0,129,2,38,0,200,0,0,4,0,2,42,8,6,0,0,2,0,0,0,2,2,2,5,6,14,10,0,0,0,0,0,1,6,0,6,0,190,1,278,3,46,1,5,0,44,0,178,1,35,1,9,0,14,0,14,0,157,2,19,0,12,0,1,0,5,33,40,35,526,11,29,4,10,1,154,0,15,1,4,4,27,7
31,309,11,486,17,783,0,213,2,332,0,219,0,205,37,260,0,176,4,172,1,43,3,51,0,13,0,34,0,34,0,14,5,1726,0,0,26,183,7,16,2,703,2,62,0,369,2,24,12,18,0,61,4,69,5,116,0,58,0,130,7,432,2,168,0,39,1,143,2,80,34,213,11,64,30,3054,8,0,4,799,0,0,4,48,5,209,0,523,2,123,0,18,0,62,3,4,2,6,9,28,3,1,0,3,3,2,4,11,6,7,13,11,9,6,1,1,0,0,0,1,0,8,0,0,2,108,3,183,1,53,0,7,1,13,1,44,0,22,0,111,0,36,0,25,3,96,0,27,2,9,0,0,0,47,5,69,9,839,1,16,0,18,0,81,0,19,3,6,28,2
224,8,201,8,160,2,59,1,83,0,36,0,29,1,183,21,3,0,51,4,2,0,1,0,5,0,2,0,6,0,2,0,155,1,0,0,60,17,3,1,325,0,18,0,66,0,4,0,3,1,6,0,11,0,24,0,0,0,4,0,344,3,96,0,26,0,23,0,17,2,135,5,33,3,697,2,1203,4,0,2,0,0,10,0,19,1,10,1,10,1,1,0,2,0,0,2,3,2,29,7,7,0,0,3,0,0,0,0,5,1,5,4,15,10,0,0,0,0,1,0,15,0,7,0,163,0,195,1,62,1,2,0,34,0,226,1,26,0,3,0,5,0,11,1,138,2,11,0,14,0,1,0,0,11,9,17,38,0,30,6,13,0,159,0,9,1,9,6,12,3
27,336,7,246,9,371,5,83,4,100,0,7,0,38,44,335,0,1,5,78,0,4,0,7,0,0,0,1,0,1,0,0,3,79,0,0,20,198,1,6,5,406,1,21,0,27,0,3,0,3,1,11,0,7,1,4,0,3,0,5,13,272,1,80,0,10,1,15,0,11,23,117,17,103,15,1491,6,799,2,0,0,0,1,4,1,24,0,9,1,9,0,0,0,0,13,12,16,21,40,49,8,4,1,6,22,6,32,21,18,13,5,7,20,8,2,0,0,0,0,1,0,6,0,2,0,131,9,190,1,101,0,3,0,20,1,64,0,45,0,37,0,10,1,6,3,19,0,45,1,7,0,0,1,17,1,30,0,23,10,88,0,56,0,295,4,77,5,12,46,5
0,0,0,0,0,0,0,0,0,0,0,0,0,0,0,0,0,0,0,0,0,0,0,0,0,0,0,0,0,0,0,0,0,0,0,0,0,0,0,0,0,0,0,0,0,0,0,0,0,0,0,0,0,0,0,0,0,0,0,0,0,0,0,0,0,0,0,0,0,0,0,0,0,0,0,0,0,0,0,0,0,0,0,0,0,0,0,0,0,0,0,0,0,0,0,0,0,0,0,0,0,0,0,0,0,0,0,0,0,0,0,0,0,0,0,0,0,0,0,0,0,0,0,0,0,0,0,0,0,0,0,0,0,0,0,0,0,0,0,0,0,0,0,0,0,0,0,0,0,0,0,0,0,0,0,0,0,0,0,0,0,0,0,0,0,0,0,0,0,0
0,0,0,0,0,0,0,0,0,0,0,0,0,0,0,0,0,0,0,0,0,0,0,0,0,0,0,0,0,0,0,0,0,0,0,0,0,0,0,0,0,0,0,0,0,0,0,0,0,0,0,0,0,0,0,0,0,0,0,0,0,0,0,0,0,0,0,0,0,0,0,0,0,0,0,0,0,0,0,0,0,0,0,0,0,0,0,0,0,0,0,0,0,0,0,0,0,0,0,0,0,0,0,0,0,0,0,0,0,0,0,0,0,0,0,0,0,0,0,0,0,0,0,0,0,0,0,0,0,0,0,0,0,0,0,0,0,0,0,0,0,0,0,0,0,0,0,0,0,0,0,0,0,0,0,0,0,0,0,0,0,0,0,0,0,0,0,0,0,0
75,0,3,0,14,0,41,0,24,0,0,0,78,0,5,1,0,0,0,0,0,0,0,0,0,0,0,0,0,0,0,0,79,1,0,0,6,2,5,1,22,1,0,0,1,0,37,0,30,0,20,0,69,0,146,1,4,0,1,0,28,2,18,2,3,2,65,1,59,1,42,8,0,0,10,4,23,4,10,1,0,0,0,1,585,0,0,0,97,0,0,0,0,0,0,0,0,0,1,0,0,0,0,0,0,0,0,0,0,0,0,0,0,0,0,0,0,0,0,0,0,0,0,0,1,0,9,2,4,0,0,0,0,0,0,0,0,1,0,0,1,0,0,0,1,0,0,0,0,0,0,0,0,0,0,0,0,0,0,1,1,0,2,0,0,0,0,0,2,2
0,12,0,5,0,30,0,12,0,22,0,1,0,205,0,6,0,0,0,1,0,0,0,0,0,0,0,0,0,0,0,0,0,105,0,0,1,3,2,2,1,10,0,1,0,0,0,5,4,6,0,5,2,30,0,49,0,5,0,0,1,3,0,5,0,2,0,34,1,37,10,31,0,0,0,11,0,48,0,4,0,0,1,0,2,371,0,0,1,23,0,0,0,1,0,0,0,0,0,0,0,0,0,0,0,0,0,1,0,0,0,1,0,0,1,0,0,0,0,0,0,0,0,0,0,1,0,1,0,3,0,0,0,0,0,1,0,1,0,0,0,3,0,0,1,6,0,0,1,1,0,0,0,0,0,0,0,0,0,0,0,1,0,0,1,0,0,0,1,0
664,0,6,1,51,2,50,0,16,1,0,0,261,1,5,0,0,0,1,0,0,0,0,0,0,0,0,0,0,0,0,0,209,0,0,0,18,10,10,0,539,4,27,0,1,0,179,0,52,1,305,0,102,2,397,0,91,0,168,0,262,3,16,4,28,0,982,5,331,6,53,26,4,0,26,3,91,5,19,1,0,0,585,2,0,0,311,0,3760,0,2,0,267,0,0,0,0,0,3,1,0,0,0,0,0,0,0,0,2,0,1,3,2,2,0,0,0,0,0,0,0,0,0,0,1,0,7,1,6,0,0,0,1,0,7,0,0,0,3,0,2,0,5,0,17,0,1,1,1,0,0,0,0,0,0,1,0,0,1,1,3,0,6,0,2,0,0,0,4,0
6,607,0,57,2,314,0,53,0,17,0,0,0,610,1,18,0,0,0,2,0,0,0,0,0,0,0,1,0,0,0,0,2,482,0,0,3,7,4,15,0,327,0,7,0,9,6,88,20,32,0,163,7,217,5,472,0,190,0,182,1,79,0,15,0,11,0,785,0,921,30,116,0,3,3,34,3,209,1,24,0,0,0,371,0,0,0,771,2,2993,0,12,0,183,1,0,2,0,1,0,0,0,0,0,0,0,1,1,0,0,1,0,1,0,0,0,0,0,0,0,0,0,0,0,0,3,0,10,0,3,0,0,0,0,0,2,0,1,0,25,0,10,0,2,2,39,0,2,0,3,0,0,0,0,0,0,0,0,0,0,0,0,0,3,0,0,0,1,3,0
2,0,23,0,29,0,81,0,10,1,41,0,552,0,1,0,7,0,6,1,4,0,2,0,5,0,4,0,23,0,4,0,479,0,0,0,0,0,0,0,677,0,14,0,140,0,1,0,0,0,9,0,1,0,10,0,2,0,294,0,0,0,0,0,0,0,0,0,0,0,1,0,0,0,11,0,330,0,10,0,0,0,0,0,311,0,0,0,693,0,374,0,687,0,0,0,0,0,0,0,0,0,0,0,0,0,0,0,0,0,0,0,0,0,0,0,0,0,0,0,0,0,0,0,1,0,3,0,0,0,0,0,0,0,1,0,0,0,4,0,0,0,0,0,0,0,0,0,0,0,0,0,1,0,0,0,6,0,0,0,0,0,1,0,0,0,0,0,0,0
0,2,0,60,0,72,0,3,0,24,0,93,0,152,0,0,1,28,1,37,2,32,1,19,0,3,0,19,0,27,0,15,0,199,0,0,0,0,0,0,0,1085,0,64,0,691,0,2,2,1,0,17,0,8,0,16,0,28,0,612,0,2,0,1,0,0,0,0,0,1,0,0,0,0,6,17,0,523,1,9,0,0,0,0,0,771,0,0,0,712,0,1047,0,409,0,1,0,0,0,0,0,0,0,0,0,0,1,0,0,0,0,0,0,0,0,0,0,0,0,0,0,0,0,0,0,7,0,0,0,0,0,0,0,2,0,2,0,1,0,4,0,0,0,0,0,3,0,0,0,0,0,0,1,6,0,6,0,18,0,4,0,3,0,15,0,4,0,1,0,0
449,1,11,0,20,0,4,0,4,0,4,0,7,0,1,3,0,0,0,0,0,0,0,0,0,0,0,0,0,0,0,0,154,1,0,0,14,5,17,1,356,0,13,0,3,0,186,0,29,3,405,0,109,0,3295,0,505,0,277,0,438,3,31,2,210,0,372,7,1961,9,59,24,2,1,16,0,129,2,10,1,0,0,97,1,3760,2,693,0,0,0,196,0,4191,0,0,0,0,0,3,0,0,0,0,0,0,0,0,0,0,1,1,1,0,2,0,0,0,0,0,0,0,0,0,0,1,0,12,0,2,1,0,0,0,0,2,0,0,0,2,0,1,0,1,0,8,0,3,0,3,0,0,0,0,0,0,0,1,0,1,1,0,0,2,0,3,2,1,1,2,0
2,245,1,32,1,117,1,10,0,1,0,2,0,15,2,4,0,0,0,0,0,0,0,0,0,0,0,0,0,2,0,0,0,169,0,0,6,1,4,4,1,322,0,41,0,15,3,64,14,29,0,127,2,414,1,3386,0,706,0,733,0,50,0,54,0,19,0,112,0,1269,15,64,0,0,0,14,2,123,1,9,0,0,0,23,0,2993,0,712,0,0,0,646,0,5123,0,0,0,0,3,2,0,0,0,0,0,0,0,0,0,2,0,4,0,2,0,0,0,0,0,0,0,0,0,1,0,1,0,5,0,1,0,0,0,0,0,0,0,0,0,6,0,4,0,1,0,12,0,0,0,1,0,0,0,1,0,0,0,0,0,0,0,2,1,0,0,2,0,0,5,0
0,0,1,0,1,0,0,0,0,0,0,0,0,0,0,0,0,0,0,0,0,0,0,0,0,0,0,0,0,0,0,0,8,0,0,0,0,0,0,0,171,0,14,0,14,0,0,0,0,0,0,0,0,0,0,0,0,0,317,0,0,0,0,0,0,0,0,0,0,0,0,0,0,0,2,0,38,0,1,0,0,0,0,0,2,0,374,0,196,0,0,0,1306,0,0,0,0,0,0,0,0,0,0,0,0,0,0,0,0,0,0,0,0,0,0,0,0,0,0,0,0,0,0,0,0,0,1,0,0,0,0,0,0,0,0,0,0,0,2,0,0,0,0,0,0,0,0,0,0,0,0,0,0,0,0,0,0,0,0,0,1,0,0,0,0,0,0,0,0,0
0,0,0,0,0,0,0,0,0,0,0,0,0,0,0,0,0,0,0,0,0,0,0,0,0,0,0,1,0,12,0,0,0,1,0,0,0,0,0,0,0,196,0,87,0,284,0,0,0,0,0,0,0,0,0,0,0,0,0,434,0,0,0,0,0,0,0,0,0,0,0,0,0,0,0,0,0,18,0,0,0,0,0,0,0,12,0,1047,0,646,0,0,0,1081,0,0,0,0,0,0,0,0,0,0,0,0,0,0,0,0,0,0,0,0,0,0,0,0,0,0,0,0,0,0,0,0,0,0,0,0,0,0,0,0,0,0,0,0,0,0,0,0,0,0,0,0,0,0,0,0,0,0,0,0,0,0,0,0,0,1,0,0,0,3,0,0,0,0,2,0
6,0,4,0,7,0,1,0,0,0,1,0,0,0,0,0,0,0,1,0,0,0,0,0,0,0,0,0,2,0,0,0,132,0,0,0,0,2,1,0,472,0,66,0,20,0,7,0,1,0,68,0,5,0,451,0,665,0,2182,0,7,0,0,0,7,0,0,0,14,1,3,0,0,0,0,0,200,0,2,0,0,0,0,0,267,0,687,0,4191,0,1306,0,0,0,0,0,0,0,0,0,0,0,0,0,0,0,0,0,0,0,0,0,0,0,0,0,0,0,0,0,0,0,0,0,0,0,0,0,0,0,0,0,0,0,0,0,0,0,2,0,0,0,0,0,3,0,0,0,0,0,0,0,0,0,0,0,1,0,0,0,0,0,2,0,0,0,0,0,0,0
0,5,0,2,0,1,0,0,0,0,0,0,0,0,0,1,0,0,0,1,0,0,0,0,0,0,0,0,0,5,0,0,0,82,0,0,0,0,1,2,0,273,0,38,0,10,0,28,0,2,0,50,1,53,0,487,0,1258,0,2417,0,2,1,1,0,0,0,1,0,8,3,12,0,0,0,1,0,62,0,0,0,0,0,1,0,183,0,409,0,5123,0,1081,0,0,0,68,0,0,1,0,0,0,0,0,0,0,0,1,0,0,0,0,0,0,0,0,0,0,0,0,0,0,0,0,0,0,0,0,0,0,0,0,0,0,0,0,0,0,0,0,0,0,0,0,0,3,0,0,0,0,0,0,0,1,0,0,0,0,0,0,0,0,0,1,0,1,0,0,0,0
1,1,0,0,0,0,0,0,0,0,0,0,0,1,0,0,0,0,0,0,0,0,0,0,0,0,0,0,0,0,0,0,2,0,0,0,0,0,0,0,2,0,71,2,0,0,0,0,1,0,396,0,0,0,0,0,0,0,35,0,0,0,0,1,0,0,0,0,0,0,1,1,0,1,0,2,0,3,0,13,0,0,0,0,0,1,0,0,0,0,0,0,0,0,0,45,4076,77,145,18,1251,26,3524,33,153,17,143,81,110,29,27,15,1,5,60,99,106,21,6,2,0,0,0,0,0,1,1,3,0,0,0,0,0,0,0,0,0,0,0,1,0,0,0,0,2,0,0,0,0,0,0,0,0,0,0,0,0,0,35,3,7,4,6,1,0,0,0,9,1,2
0,0,0,0,0,0,0,0,0,0,0,0,0,0,0,0,0,0,0,0,0,0,0,0,0,0,0,0,0,0,0,0,0,2,0,0,0,1,0,0,3,1,5,29,0,0,0,0,0,0,1,0,0,1,1,0,0,0,0,25,0,1,1,2,0,1,0,0,0,0,2,6,0,0,0,2,4,4,2,12,0,0,0,0,0,0,0,1,0,0,0,0,0,68,45,0,71,5689,58,306,49,698,31,4938,61,170,139,244,40,131,36,74,14,11,114,107,107,10,3,7,0,0,0,0,2,3,1,1,0,0,0,0,0,0,0,0,0,0,0,0,0,1,0,1,1,0,0,0,0,0,0,0,0,0,0,0,0,0,19,15,4,2,1,2,0,1,2,15,0,0
0,1,0,0,0,0,0,0,0,0,0,0,0,1,0,0,0,0,0,0,0,0,0,0,0,0,0,0,0,0,0,0,2,0,0,0,0,1,0,0,4,2,74,1,0,0,0,0,0,0,5,1,0,0,0,0,0,1,1,0,1,1,0,2,0,1,1,0,0,3,0,6,0,0,2,2,0,2,3,16,0,0,0,0,0,2,0,0,0,0,0,0,0,0,4076,71,0,181,162,30,992,44,1095,65,2727,32,1235,177,207,50,54,37,2,5,79,84,439,61,7,6,0,0,0,0,0,9,4,2,0,0,0,0,2,0,0,0,0,0,0,1,0,0,0,0,1,0,0,0,0,0,0,0,0,0,0,0,0,0,41,8,4,5,4,6,0,1,2,7,0,2
0,1,0,0,0,1,0,0,0,0,0,0,0,0,0,0,0,0,0,0,0,0,0,0,0,0,0,0,0,0,0,0,2,0,0,0,2,4,0,1,1,3,9,42,0,0,0,0,0,0,0,0,0,0,0,0,0,0,0,0,1,3,0,1,0,0,0,3,0,1,6,2,0,2,1,4,2,6,2,21,0,0,0,0,0,0,0,0,0,0,0,0,0,0,77,5689,181,0,76,378,99,434,108,921,135,1994,254,1119,84,214,78,60,17,25,102,148,244,67,8,15,0,0,0,0,2,4,5,9,1,0,0,0,0,0,0,0,0,0,0,1,0,2,0,2,2,0,0,1,0,0,0,0,0,0,0,0,0,0,24,14,0,4,0,0,0,3,6,37,2,3
6,3,3,0,1,0,0,1,1,0,0,0,1,0,1,2,0,0,0,1,0,0,0,0,0,0,0,0,0,0,0,0,12,4,0,0,7,3,0,1,107,9,83,0,1,2,1,1,1,1,24,1,2,0,12,0,0,0,1,0,19,21,11,9,3,1,11,2,3,1,37,28,0,3,39,32,42,9,29,40,0,0,1,0,3,1,0,0,3,3,0,0,0,1,145,58,162,76,0,140,491,66,172,18,121,45,340,126,1062,98,158,59,172,358,106,35,5,13,53,59,0,0,0,0,16,7,35,21,22,5,0,0,6,1,20,12,1,0,0,2,7,4,5,3,92,16,1,1,5,2,0,0,0,0,0,0,0,0,95,65,10,5,15,3,69,22,23,53,200,38
1,11,0,5,1,1,0,1,0,1,0,0,0,2,1,2,0,0,0,2,0,0,0,0,0,0,0,0,0,0,0,0,0,5,0,0,3,9,2,2,9,19,6,31,0,6,3,2,1,2,2,34,0,1,1,0,0,0,0,0,2,25,3,20,0,3,1,11,0,4,11,37,0,7,6,58,8,28,7,49,0,0,0,0,1,0,0,0,0,2,0,0,0,0,18,306,30,378,140,0,122,941,22,156,23,147,67,819,31,630,57,45,73,211,209,66,22,14,8,28,0,0,0,0,1,17,10,30,2,9,0,0,4,2,7,23,0,2,0,1,0,23,1,38,5,21,0,4,2,4,0,0,0,0,0,0,1,0,19,41,0,27,0,8,33,17,16,78,106,27
0,0,1,0,0,1,0,0,0,0,0,0,0,0,0,0,0,0,0,0,0,0,0,0,0,0,0,0,0,0,0,0,0,0,0,0,2,0,1,0,8,2,26,1,0,0,0,0,1,0,125,2,0,0,0,0,0,0,42,0,2,1,3,1,0,1,1,0,1,0,3,1,0,0,3,1,6,3,7,8,0,0,0,0,0,0,0,0,0,0,0,0,0,0,1251,49,992,99,491,122,0,391,3069,109,601,24,725,105,338,62,81,20,9,202,1281,229,53,130,16,74,0,0,0,0,3,2,2,2,2,0,0,0,0,0,1,1,0,0,0,2,0,0,0,0,6,0,0,0,0,0,0,0,0,0,0,0,0,0,19,2,4,0,1,2,2,0,2,11,16,1
0,0,0,0,0,0,0,0,0,0,0,0,0,0,0,0,0,0,0,0,0,0,0,0,0,0,0,0,0,0,0,0,1,0,0,0,0,0,0,0,2,1,4,3,0,0,0,0,0,1,7,20,0,1,0,0,0,0,0,2,0,1,0,0,0,0,0,0,0,0,2,2,0,0,2,0,0,1,0,4,0,0,0,0,0,0,0,0,0,0,0,0,0,0,26,698,44,434,66,941,391,0,94,3092,23,78,56,272,36,126,25,116,4,27,1059,265,47,44,0,28,0,0,0,0,0,0,0,2,0,0,0,0,0,0,1,0,0,0,0,0,0,0,0,0,0,0,0,0,0,0,0,0,0,0,0,0,0,0,1,6,1,0,0,0,1,1,1,10,0,0
0,0,0,0,0,0,0,0,0,0,0,0,0,0,0,0,0,0,0,0,0,0,0,0,0,0,0,0,0,0,0,0,0,0,0,0,0,0,0,0,0,0,18,1,0,0,0,0,0,0,629,8,0,0,0,0,0,0,173,0,0,1,0,0,0,0,1,0,0,0,0,0,0,0,0,1,0,0,0,1,0,0,0,0,0,0,0,0,0,0,0,0,0,0,3524,31,1095,108,172,22,3069,94,0,228,270,23,196,100,102,56,38,15,0,7,164,815,79,113,14,6,0,0,0,0,0,0,0,2,1,0,0,0,0,0,0,0,0,0,0,0,0,0,0,0,0,0,0,0,0,0,0,0,0,0,0,0,0,0,13,5,2,1,0,1,0,0,1,13,0,2
