0,42,1096,8,1748,2,1122,1,225,0,0,0,671,0,746,100,0,0,16,0,0,0,0,0,0,0,0,0,0,0,0,0,316,0,0,0,111,112,2,0,10,0,0,0,1,0,0,0,1,0,0,0,3,0,10,0,1,0,1,0,4888,2,204,0,232,0,334,0,51,0,218,3,1178,33,21,2,262,1,6,0,0,0,26,0,712,0,3,0,175,0,0,0,12,0,0,0,0,0,4,0,1,0,0,0,0,1,0,2,2,0,1,1,0,0,0,0,0,0,0,0,0,0,0,0,5,0,9,1,14,0,6,0,0,0,0,0,0,3,0,0,0,2,0,1,0,0,0,0,3,0,0,0,0,0,23,10,0,0,0,0,0,0,6,2,11,0,2,1,2,3
42,0,6,2281,9,1510,6,966,7,205,0,1,6,1031,115,1041,0,2,2,1,0,0,0,1,0,0,0,0,0,0,0,0,13,109,0,0,70,101,2,0,1,15,1,0,0,0,2,27,14,44,0,14,0,41,1,56,0,3,0,5,10,3659,1,195,0,49,0,193,0,70,22,608,41,875,0,99,10,380,0,4,0,0,2,4,2,408,0,2,0,347,0,0,0,23,2,2,0,2,1,6,2,0,1,1,1,0,6,6,2,3,3,0,1,1,0,0,0,0,0,2,0,1,0,3,2,3,1,103,3,43,0,23,0,1,0,15,0,53,0,2,0,4,0,5,0,9,0,33,0,10,0,0,0,0,15,3,0,7,6,9,0,5,0,73,16,20,6,5,6,1
1096,6,0,62,4729,43,56,5,349,26,226,6,47,0,2131,39,11,5,2899,14,248,7,41,4,180,1,302,0,99,0,13,2,534,1,0,0,76,33,0,0,6,1,1,0,0,0,0,0,1,0,2,0,4,0,7,0,0,0,0,0,196,1,40,0,14,0,19,0,13,0,121,0,245,2,35,11,152,5,1,0,0,0,7,0,94,0,17,2,65,0,1,1,4,0,0,0,0,1,0,0,1,0,0,0,0,0,0,4,0,0,0,0,0,0,0,0,0,0,0,0,0,0,0,0,3,0,1,1,3,0,1,1,2,0,0,2,1,2,0,0,0,0,0,0,0,0,0,0,0,0,38,70,13,7,113,152,0,2,0,0,0,0,8,0,5,1,1,2,0,1
8,2281,62,0,49,6375,2,378,10,552,9,357,0,52,62,2084,13,123,272,1660,13,206,6,98,3,205,1,269,15,137,0,62,42,212,0,0,53,673,0,49,2,24,2,3,0,4,0,2,0,4,0,1,0,0,0,0,0,0,0,9,4,54,0,6,0,5,0,65,0,1,10,430,10,146,7,316,8,553,0,11,0,0,0,2,1,31,1,48,0,11,0,18,0,15,2,0,0,1,3,3,1,0,1,0,1,1,0,6,1,1,1,1,1,0,0,0,0,0,0,1,0,2,0,2,0,23,1,66,0,14,0,17,0,3,1,23,0,45,0,4,0,9,0,1,0,3,0,9,0,1,67,101,132,215,328,649,1,12,1,3,0,0,0,23,13,25,4,0,4,3
1748,9,4729,49,0,52,335,12,2314,8,447,5,261,2,660,36,3,6,709,25,64,7,15,2,99,0,109,0,140,1,31,3,1108,2,0,0,59,31,1,0,9,0,1,0,0,0,0,0,0,0,0,0,3,0,1,0,0,0,0,0,241,0,10,1,11,0,54,0,9,0,26,4,81,2,93,7,232,8,6,0,0,0,36,0,340,1,34,0,87,0,7,2,2,0,0,0,0,0,1,1,0,0,2,0,0,0,2,1,0,0,0,1,0,0,0,0,0,0,0,0,0,0,0,0,5,3,3,0,1,0,0,0,1,0,0,2,0,3,0,1,0,0,0,0,0,0,0,0,0,0,28,83,13,14,101,211,1,0,0,0,1,0,5,1,12,0,0,1,1,0
2,1510,43,6375,52,0,3,1242,12,1720,7,446,3,183,101,248,5,39,210,139,13,33,5,16,1,105,0,224,4,65,0,113,49,276,0,0,61,150,0,9,2,11,0,0,0,6,0,7,1,0,0,2,0,1,0,2,0,1,0,9,1,146,1,7,0,3,0,197,0,18,2,43,3,78,6,503,5,357,0,9,0,0,1,52,2,648,1,17,0,72,0,7,0,10,0,0,0,0,0,3,0,0,0,1,0,0,0,3,0,1,0,1,1,0,0,0,0,0,0,0,0,5,0,0,0,19,1,43,1,6,1,9,0,2,0,18,0,32,0,1,0,1,0,0,0,2,0,1,0,0,27,35,76,26,206,466,0,8,1,0,0,0,0,13,5,13,2,0,3,4
1122,6,56,2,335,3,0,0,885,1,1,0,1644,0,125,15,0,0,6,0,1,1,0,1,0,0,0,0,0,0,0,0,657,0,0,0,32,13,1,0,0,0,0,0,0,0,0,0,1,0,0,0,1,0,0,0,0,0,0,0,416,0,5,0,4,0,29,0,1,0,19,1,145,1,33,0,54,0,1,0,0,0,27,0,57,0,0,0,12,0,0,0,0,0,0,0,0,1,0,0,0,0,0,0,0,0,0,0,0,0,0,0,0,0,0,0,0,0,0,0,0,0,0,0,1,0,1,0,0,0,0,0,0,0,0,0,0,0,0,0,0,0,0,0,0,0,0,0,1,0,0,0,0,0,8,4,0,0,0,0,0,0,0,0,2,0,1,0,0,1
1,966,5,378,12,1242,0,0,1,1102,0,2,0,1670,27,318,0,0,16,13,0,0,0,0,0,0,0,0,0,0,0,0,5,1440,0,0,21,61,0,5,0,7,0,0,0,2,0,1,0,0,0,0,0,1,0,1,0,0,0,0,0,107,1,11,0,1,0,32,0,3,2,41,1,33,3,240,1,233,0,1,0,0,0,29,1,184,0,3,0,5,0,2,0,6,0,0,1,0,1,0,0,0,0,0,1,0,0,0,0,0,0,0,1,1,0,0,0,0,0,0,0,0,0,0,0,1,0,11,0,4,0,2,0,0,0,2,1,6,0,1,0,1,0,0,0,0,0,3,0,1,0,0,2,0,28,34,0,0,0,0,0,0,0,10,1,4,0,1,1,0
225,7,349,10,2314,12,885,1,0,0,1243,0,575,0,416,27,0,1,179,1,8,2,3,1,9,0,7,0,79,0,35,0,2129,0,0,0,69,18,1,1,0,0,0,0,1,0,0,0,0,0,0,0,1,0,1,0,0,0,0,0,73,0,10,0,4,0,3,0,1,0,15,3,103,2,115,2,101,4,2,0,0,0,68,0,70,1,12,0,6,0,0,0,0,0,0,0,0,0,0,0,0,0,0,1,1,0,0,0,0,0,0,0,0,0,0,0,0,0,0,0,0,0,0,1,0,0,2,1,1,0,0,0,0,0,0,2,0,1,0,0,0,0,0,0,0,0,0,0,0,0,4,7,1,1,54,54,0,1,0,0,2,0,0,0,3,0,0,0,0,0
0,205,26,552,8,1720,1,1102,0,0,0,809,0,299,27,197,1,4,56,68,0,4,1,0,2,5,0,8,0,15,0,23,10,1249,0,0,24,86,0,11,0,30,2,3,0,12,0,1,0,1,0,2,0,0,0,0,0,0,0,6,0,117,0,15,0,0,0,9,0,0,1,36,2,46,1,508,4,475,0,4,0,0,0,56,1,109,0,48,1,11,0,12,0,15,0,0,0,1,2,0,0,0,0,0,0,0,1,1,0,0,1,1,1,1,0,0,0,0,0,0,0,3,0,0,0,15,0,16,0,6,0,9,0,0,0,11,0,15,0,5,0,4,0,0,0,0,0,4,0,1,2,5,22,11,75,166,0,6,0,0,0,0,0,7,1,9,2,2,3,0
0,0,226,9,447,7,1,0,1243,0,0,1,0,0,5,0,6,2,163,8,80,1,24,1,79,0,56,0,725,0,324,1,611,0,0,0,2,0,0,0,1,0,1,0,0,0,0,0,0,0,0,0,0,0,0,0,0,0,0,0,0,0,0,0,0,0,0,0,0,0,0,0,0,0,16,1,40,2,0,0,0,0,0,0,0,0,42,0,0,0,11,0,1,0,0,0,0,0,0,0,0,0,0,0,0,0,0,0,0,0,0,0,0,0,0,0,0,0,0,0,0,0,0,0,0,0,0,0,0,0,0,0,0,0,0,0,0,0,0,0,0,0,0,0,0,0,0,0,0,0,15,21,4,1,11,14,3,0,0,0,0,0,0,0,0,0,0,0,0,0
0,1,6,357,5,446,0,2,0,809,1,0,0,0,0,0,3,56,36,30,2,20,5,17,0,267,0,223,1,629,0,572,4,337,0,0,0,2,0,0,0,9,0,14,0,20,0,0,0,0,0,0,0,0,0,0,0,0,0,11,0,1,0,0,0,0,0,0,0,0,0,0,0,2,0,194,0,199,0,1,0,0,0,0,0,2,1,98,0,5,0,28,0,13,0,0,0,0,0,0,0,0,0,0,0,0,0,0,0,0,0,0,0,0,0,0,0,0,0,0,0,0,0,0,0,3,0,0,0,0,0,3,0,0,0,0,0,3,0,1,0,0,0,0,0,0,0,0,0,0,9,17,21,29,12,22,0,1,0,0,0,0,0,1,0,2,0,0,1,0
671,6,47,0,261,3,1644,0,575,0,0,0,0,0,74,9,0,0,4,0,0,0,0,0,0,0,0,0,0,0,0,0,333,0,0,0,15,6,1,0,15,0,0,1,0,0,0,0,0,0,5,0,0,0,10,0,5,0,1,0,1425,0,7,0,11,0,189,0,16,0,6,6,34,2,10,0,56,0,3,0,0,0,99,0,504,0,1,0,91,0,0,0,1,0,0,0,0,0,12,0,1,0,0,0,0,0,1,0,1,0,1,0,0,1,0,0,0,0,0,0,0,0,0,0,3,0,3,0,24,0,2,0,0,0,3,1,0,0,0,0,6,0,0,0,2,0,5,0,14,0,0,0,0,0,3,3,0,0,0,0,1,0,0,0,6,1,1,0,10,1
0,1031,0,52,2,183,0,1670,0,299,0,0,0,0,4,89,0,0,1,1,0,0,0,0,0,0,0,0,0,0,0,0,1,439,0,0,2,29,0,1,0,2,1,1,0,1,0,1,0,2,0,1,0,2,0,1,0,1,0,0,0,925,0,18,0,6,0,455,0,9,2,36,0,45,0,13,3,212,1,0,0,0,0,3,0,359,0,0,0,9,0,0,0,1,0,0,0,0,1,1,0,0,0,0,1,1,0,1,0,0,0,0,0,0,0,0,0,0,0,0,0,0,0,0,0,1,0,6,0,1,0,3,0,0,0,1,0,2,0,1,0,1,0,0,0,0,0,0,0,0,0,0,0,0,2,1,0,0,1,1,0,0,0,6,0,1,0,1,0,0
746,115,2131,62,660,101,125,27,416,27,5,0,74,4,0,370,0,0,864,11,0,1,1,0,0,0,0,0,1,0,0,0,289,3,0,0,837,171,4,3,7,0,0,0,0,0,1,0,1,0,0,0,17,0,14,0,1,0,0,0,126,3,75,0,16,0,14,0,20,1,305,9,1061,15,54,15,214,36,4,0,0,0,21,0,43,2,0,0,28,3,0,0,7,0,0,0,0,0,2,0,1,0,0,0,0,0,1,1,1,1,0,2,0,0,0,0,0,0,0,2,0,0,0,0,11,0,10,10,3,2,4,0,0,0,1,3,2,1,0,0,0,0,0,0,0,1,0,0,0,1,0,1,0,1,90,155,4,1,0,2,6,0,6,0,15,1,7,2,1,0
100,1041,39,2084,36,248,15,318,27,197,0,0,9,89,370,0,0,0,29,492,1,0,0,0,0,0,0,0,0,0,0,0,45,83,0,0,221,2157,0,60,3,30,2,0,0,2,1,2,0,3,0,0,0,1,1,2,0,0,0,1,12,84,1,24,0,0,1,2,0,1,9,252,118,1370,12,162,33,328,0,7,0,0,4,0,10,11,0,1,1,1,0,0,0,0,1,0,1,1,2,8,2,1,1,2,3,2,3,4,1,4,2,4,7,0,0,0,0,1,1,1,0,3,0,4,0,10,6,132,2,31,2,22,0,1,1,26,0,77,0,3,0,10,0,1,0,6,0,19,1,11,0,0,2,0,92,174,1,6,0,5,0,2,0,52,12,29,5,8,6,4
0,0,11,13,3,5,0,0,0,1,6,3,0,0,0,0,0,32,69,7,381,2,394,0,51,0,1,0,50,0,1,0,159,1,0,0,0,1,0,0,11,0,0,0,151,0,0,0,0,0,0,0,0,0,0,0,0,0,0,1,0,0,0,0,0,0,0,0,0,0,0,0,0,0,63,0,257,0,3,0,0,0,0,0,0,0,30,0,7,0,23,0,24,0,0,0,0,0,0,0,0,0,0,0,0,0,0,0,0,0,0,0,0,0,0,0,0,0,0,0,0,0,0,0,2,0,0,0,0,0,2,0,0,0,0,0,0,0,0,0,0,0,0,0,0,0,0,0,0,0,262,18,95,2,14,5,303,0,0,0,0,0,0,0,0,0,0,0,0,0
0,2,5,123,6,39,0,0,1,4,2,56,0,0,0,0,32,0,29,101,22,342,4,551,0,175,0,31,4,111,0,4,4,214,0,0,0,1,0,0,0,19,0,1,0,113,0,0,0,0,0,0,0,0,0,0,0,0,0,1,0,0,0,0,0,0,0,0,0,0,0,0,0,0,3,53,5,444,0,0,0,0,0,0,0,0,0,12,0,0,0,0,0,0,0,0,0,0,0,0,0,0,0,0,0,0,0,0,0,0,0,0,0,0,0,0,0,0,0,0,0,4,0,0,0,0,0,0,0,0,0,0,0,0,0,0,0,0,0,0,0,0,0,0,0,0,0,0,0,0,76,267,24,41,6,15,5,537,0,0,0,0,0,0,0,1,0,0,0,0
16,2,2899,272,709,210,6,16,179,56,163,36,4,1,864,29,69,29,0,128,534,41,83,11,93,5,44,1,109,8,7,4,514,17,0,0,249,44,0,1,4,2,1,1,0,2,0,0,0,0,0,0,0,0,1,0,0,0,0,1,4,0,2,0,0,0,1,0,0,0,3,2,19,0,12,50,60,49,1,0,0,0,1,0,0,0,20,4,1,0,0,2,0,1,0,0,0,0,1,0,1,0,0,0,0,0,1,0,0,0,1,0,0,0,0,0,0,0,0,0,0,1,0,0,1,2,0,1,1,1,0,3,0,0,0,0,0,4,0,1,0,0,0,0,0,0,0,0,0,0,128,142,407,52,494,382,4,1,0,0,0,0,4,0,3,2,1,0,0,0
0,1,14,1660,25,139,0,13,1,68,8,30,0,1,11,492,7,101,128,0,11,809,6,302,2,57,1,20,4,24,1,5,15,31,0,0,10,897,0,7,0,6,0,1,0,1,0,0,0,0,0,0,0,0,0,0,0,0,0,1,0,0,0,2,1,0,0,1,0,0,0,2,2,2,2,69,3,102,0,3,0,0,0,0,0,0,2,9,0,1,0,1,0,3,0,0,0,0,0,1,0,0,0,0,0,0,0,0,0,0,0,0,0,0,0,0,0,0,0,0,0,2,0,0,0,10,0,12,0,1,0,6,0,1,0,8,0,10,0,0,0,0,0,0,0,0,0,1,0,0,68,117,96,946,143,581,0,6,0,1,0,0,0,2,2,5,1,0,0,1
0,0,248,13,64,13,1,0,8,0,80,2,0,0,0,1,381,22,534,11,0,6,1401,2,436,1,128,0,207,0,2,1,63,1,0,0,1,2,0,0,0,0,0,0,0,0,0,0,0,0,0,0,0,0,0,0,0,0,0,0,0,0,0,0,0,0,0,0,0,0,0,0,0,0,13,1,4,5,1,0,0,0,0,0,0,0,8,0,0,0,2,0,1,0,0,0,0,0,0,0,0,0,0,0,0,0,0,0,0,0,0,0,0,0,0,0,0,0,0,0,0,0,0,0,0,0,0,0,0,0,0,0,0,0,0,0,0,0,0,0,0,0,0,0,0,0,0,0,0,0,312,22,509,2,11,17,33,0,0,0,0,0,0,0,0,0,0,0,0,0
0,0,7,206,7,33,1,0,2,4,1,20,0,0,1,0,2,342,41,809,6,0,0,1450,0,151,0,24,1,17,0,3,4,14,0,0,2,4,0,0,0,0,0,0,0,0,0,0,0,0,0,0,0,0,0,0,0,0,0,0,0,0,0,0,0,0,0,0,0,0,0,1,0,0,0,14,1,9,0,0,0,0,0,0,0,0,0,2,0,0,0,1,0,0,0,0,0,0,0,0,0,0,0,0,0,0,0,0,0,0,0,0,0,0,0,0,0,0,0,0,0,0,0,0,0,1,0,0,0,0,0,0,0,0,0,0,0,0,0,0,0,0,0,0,0,0,0,0,0,0,36,499,34,522,46,228,0,6,0,0,0,0,0,0,1,0,0,0,0,0
0,0,41,6,15,5,0,0,3,1,24,5,0,0,1,0,394,4,83,6,1401,0,0,27,903,0,38,0,225,0,1,1,112,1,0,0,0,0,0,0,0,0,0,0,9,0,0,0,0,0,0,0,0,0,0,0,0,0,0,0,0,0,0,0,0,0,0,0,0,0,0,0,0,0,26,0,33,2,0,0,0,0,0,0,0,0,19,1,2,0,6,0,2,0,0,0,0,0,0,0,0,0,0,0,0,0,0,0,0,0,0,0,0,0,0,0,0,0,0,0,0,0,0,0,0,0,0,0,0,0,0,0,0,0,0,0,0,0,0,0,0,0,0,0,0,0,0,0,0,0,194,18,173,1,24,9,129,0,0,0,0,0,0,0,0,1,0,0,0,0
0,1,4,98,2,16,1,0,1,0,1,17,0,0,0,0,0,551,11,302,2,1450,27,0,0,415,0,28,0,38,0,8,2,75,0,0,0,0,0,0,0,1,0,0,0,18,0,0,0,0,0,0,0,0,0,0,0,0,0,0,0,0,0,0,0,0,0,0,0,0,0,0,0,0,0,33,0,122,0,1,0,0,0,0,0,0,0,0,0,0,0,1,0,0,0,0,0,0,0,0,0,0,0,0,0,0,0,0,0,0,0,0,0,0,0,0,0,0,0,0,0,0,0,0,0,0,0,0,0,0,0,0,0,0,0,0,0,1,0,0,0,0,0,0,0,0,0,0,0,0,18,79,12,77,13,25,0,162,0,0,0,0,0,0,0,1,0,0,0,0
0,0,180,3,99,1,0,0,9,2,79,0,0,0,0,0,51,0,93,2,436,0,903,0,0,0,253,0,407,1,3,0,146,0,0,0,0,0,0,0,0,0,2,0,0,0,0,0,0,0,0,0,0,0,0,0,0,0,0,0,0,0,0,0,0,0,0,0,0,0,0,0,0,0,15,0,7,0,0,0,0,0,0,0,0,0,24,0,0,0,4,0,0,0,0,0,0,0,0,0,0,0,0,0,0,0,0,0,0,0,0,0,0,0,0,0,0,0,0,0,0,0,0,0,0,0,0,0,0,0,0,0,0,0,0,0,0,0,0,0,0,0,0,0,0,0,0,0,0,0,40,4,22,2,2,2,56,0,0,0,0,0,0,0,0,0,0,0,0,0
0,0,1,205,0,105,0,0,0,5,0,267,0,0,0,0,0,175,5,57,1,151,0,415,0,0,0,543,0,201,0,43,0,97,0,0,0,1,0,0,0,2,0,0,0,4,0,0,0,0,0,0,0,0,0,0,0,0,0,2,0,0,0,0,0,0,0,0,0,0,0,0,0,0,0,24,0,49,0,0,0,0,0,0,0,0,0,6,0,1,0,2,0,2,0,0,0,0,0,0,0,0,0,0,0,0,0,0,0,0,0,0,0,0,0,0,0,0,0,0,0,0,0,0,0,1,0,0,0,0,0,0,0,0,0,0,0,0,0,0,0,0,0,0,0,0,0,0,0,0,3,12,2,5,2,7,0,44,0,0,0,0,0,0,0,0,0,0,0,0
0,0,302,1,109,0,0,0,7,0,56,0,0,0,0,0,1,0,44,1,128,0,38,0,253,0,0,0,50,0,1,0,14,1,0,0,0,0,0,0,0,0,0,0,0,0,0,0,0,0,0,0,0,0,0,0,0,0,0,0,1,0,0,0,0,0,0,0,0,0,0,0,0,0,0,0,1,0,0,0,0,0,0,0,0,0,2,0,0,0,0,0,0,0,0,0,0,0,0,0,0,0,0,0,0,0,0,0,0,0,0,0,0,0,0,0,0,0,0,0,0,0,0,0,0,0,0,0,0,0,0,0,0,0,0,0,0,0,0,0,0,0,0,0,0,0,0,0,0,0,3,0,1,1,0,0,1,0,0,0,0,0,0,0,0,0,0,0,0,0
0,0,0,269,0,224,0,0,0,8,0,223,0,0,0,0,0,31,1,20,0,24,0,28,0,543,0,0,0,175,0,76,1,69,0,0,0,0,0,0,0,1,0,0,0,0,0,0,0,0,0,0,0,0,0,0,0,0,0,1,0,0,0,0,0,0,0,0,0,0,0,0,0,0,0,9,1,9,0,0,0,0,0,0,0,0,0,5,0,1,0,1,0,0,0,0,0,0,0,0,0,0,0,0,0,0,0,0,0,0,0,0,0,0,0,0,0,0,0,0,0,0,0,0,0,0,0,0,0,0,0,0,0,0,0,0,0,0,0,0,0,0,0,0,0,0,0,0,0,0,0,3,1,1,1,0,0,3,0,0,0,0,0,0,0,0,0,0,0,0
0,0,99,15,140,4,0,0,79,0,725,1,0,0,1,0,50,4,109,4,207,1,225,0,407,0,50,0,0,0,36,0,364,0,0,0,1,1,0,0,0,0,0,0,1,0,0,0,0,0,0,0,0,0,0,0,0,0,1,0,0,0,0,0,0,0,0,0,0,0,0,0,0,0,24,0,12,0,0,0,0,0,0,0,0,0,23,0,0,0,1,0,0,0,0,0,0,0,0,0,0,0,0,0,0,0,0,0,0,0,0,0,0,0,0,0,0,0,0,0,0,0,0,0,0,0,0,0,0,0,0,0,0,0,0,0,0,0,0,0,0,0,0,0,0,0,0,0,0,0,30,8,21,2,4,9,37,0,0,0,0,0,0,0,0,0,0,0,0,0
0,0,0,137,1,65,0,0,0,15,0,629,0,0,0,0,0,111,8,24,0,17,0,38,1,201,0,175,0,0,0,81,1,115,0,0,0,0,0,0,0,1,0,3,0,9,0,0,0,0,0,0,0,0,0,0,0,0,0,1,0,0,0,0,0,0,0,0,0,0,0,0,0,0,0,32,1,43,0,0,0,0,0,0,0,0,0,38,0,4,0,11,0,7,0,0,0,0,0,0,0,0,0,0,0,0,0,0,0,0,0,0,0,0,0,0,0,0,0,0,0,0,0,0,0,0,0,0,0,1,0,0,0,0,0,0,0,0,0,0,0,0,0,0,0,0,0,0,0,0,3,8,2,7,4,3,0,2,0,0,0,0,0,0,0,0,0,0,0,0
0,0,13,0,31,0,0,0,35,0,324,0,0,0,0,0,1,0,7,1,2,0,1,0,3,0,1,0,36,0,0,0,41,1,0,0,0,0,0,0,0,0,0,0,0,0,0,0,0,0,0,0,0,0,0,0,0,0,0,0,0,0,0,0,0,0,0,0,0,0,0,0,0,0,0,0,5,0,0,0,0,0,0,0,0,0,2,0,0,0,0,0,0,0,0,0,0,0,0,0,0,0,0,0,0,0,0,0,0,0,0,0,0,0,0,0,0,0,0,0,0,0,0,0,0,0,0,0,0,0,0,0,0,0,0,0,0,0,0,0,0,0,0,0,0,0,0,0,0,0,0,1,0,0,0,1,0,0,0,0,0,0,0,0,0,0,0,0,0,0
0,0,2,62,3,113,0,0,0,23,1,572,0,0,0,0,0,4,4,5,1,3,1,8,0,43,0,76,0,81,0,0,0,24,0,0,0,0,0,0,0,0,0,2,0,1,0,0,0,0,0,0,0,0,0,0,0,0,0,1,0,0,0,0,0,0,0,0,0,0,0,0,0,0,0,13,0,11,0,0,0,0,0,0,0,0,0,8,0,1,0,3,0,1,0,0,0,0,0,0,0,0,0,0,0,0,0,0,0,0,0,0,0,0,0,0,0,0,0,0,0,0,0,0,0,0,0,0,0,0,0,0,0,0,0,0,0,0,0,1,0,0,0,0,0,0,0,0,0,0,2,2,4,4,2,4,0,1,0,0,0,0,0,0,0,0,0,0,0,0
316,13,534,42,1108,49,657,5,2129,10,611,4,333,1,289,45,159,4,514,15,63,4,112,2,146,0,14,1,364,1,41,0,0,4,0,0,116,33,9,3,298,2,9,0,52,0,13,1,1,0,84,0,9,0,109,0,49,0,73,0,293,0,75,0,48,0,21,0,23,0,81,9,112,6,366,4,1062,13,29,1,0,0,70,0,313,1,656,1,244,0,149,1,192,0,0,0,0,0,8,1,4,0,2,0,1,0,1,2,1,0,0,1,0,0,0,0,0,0,0,2,0,0,1,0,8,2,25,0,96,0,6,1,5,0,7,0,1,0,13,0,6,0,5,0,25,0,7,0,76,1,17,51,11,3,130,163,104,0,3,0,3,0,7,2,22,1,9,0,6,3
0,109,1,212,2,276,0,1440,0,1249,0,337,0,439,3,83,1,214,17,31,1,14,1,75,0,97,1,69,0,115,1,24,4,0,0,0,5,21,0,4,0,624,0,32,0,39,3,31,1,3,0,26,0,7,0,4,0,8,0,232,1,117,0,30,0,4,0,27,0,3,5,63,2,29,4,178,0,2367,0,5,0,0,0,188,0,423,0,815,0,258,0,86,0,255,1,0,1,0,2,3,0,0,1,0,0,0,1,1,1,2,3,0,2,1,0,0,0,0,0,1,0,0,0,0,0,2,0,8,0,3,0,1,0,0,0,2,0,2,0,17,0,11,0,16,0,16,1,5,0,4,3,5,9,8,14,16,0,1,0,0,0,2,0,5,2,5,1,3,4,1
0,0,0,0,0,0,0,0,0,0,0,0,0,0,0,0,0,0,0,0,0,0,0,0,0,0,0,0,0,0,0,0,0,0,0,0,0,0,0,0,0,0,0,0,0,0,0,0,0,0,0,0,0,0,0,0,0,0,0,0,0,0,0,0,0,0,0,0,0,0,0,0,0,0,0,0,0,0,0,0,0,0,0,0,0,0,0,0,0,0,0,0,0,0,0,0,0,0,0,0,0,0,0,0,0,0,0,0,0,0,0,0,0,0,0,0,0,0,0,0,0,0,0,0,0,0,0,0,0,0,0,0,0,0,0,0,0,0,0,0,0,0,0,0,0,0,0,0,0,0,0,0,0,0,0,0,0,0,0,0,0,0,0,0,0,0,0,0,0,0
0,0,0,0,0,0,0,0,0,0,0,0,0,0,0,0,0,0,0,0,0,0,0,0,0,0,0,0,0,0,0,0,0,0,0,0,0,0,0,0,0,0,0,0,0,0,0,0,0,0,0,0,0,0,0,0,0,0,0,0,0,0,0,0,0,0,0,0,0,0,0,0,0,0,0,0,0,0,0,0,0,0,0,0,0,0,0,0,0,0,0,0,0,0,0,0,0,0,0,0,0,0,0,0,0,0,0,0,0,0,0,0,0,0,0,0,0,0,0,0,0,0,0,0,0,0,0,0,0,0,0,0,0,0,0,0,0,0,0,0,0,0,0,0,0,0,0,0,0,0,0,0,0,0,0,0,0,0,0,0,0,0,0,0,0,0,0,0,0,0
111,70,76,53,59,61,32,21,69,24,2,0,15,2,837,221,0,0,249,10,1,2,0,0,0,0,0,0,1,0,0,0,116,5,0,0,0,397,1868,7,50,1,0,1,0,1,17,1,107,2,1,0,73,0,43,0,1,0,0,0,44,3,115,3,6,0,6,0,4,0,3037,26,874,42,21,11,103,30,3,1,0,0,3,0,8,4,1,0,3,0,0,0,0,0,0,0,1,0,5,0,2,0,0,0,0,0,1,1,1,2,1,0,0,0,0,0,0,0,0,1,0,1,1,0,2,0,16,4,10,3,6,1,0,0,1,0,1,4,1,1,1,0,0,0,0,0,0,1,2,1,0,0,2,1,706,116,0,0,0,0,2,0,4,1,13,4,6,0,3,0
112,101,33,673,31,150,13,61,18,86,0,2,6,29,171,2157,1,1,44,897,2,4,0,0,0,1,0,0,1,0,0,0,33,21,0,0,397,0,53,1031,3,23,2,0,0,0,7,3,0,3,1,8,0,0,0,0,1,0,0,1,24,18,7,34,0,1,2,17,0,2,60,2135,105,246,8,90,37,130,5,4,0,0,1,0,4,19,0,4,0,1,0,0,1,1,0,0,1,0,1,2,1,0,0,1,1,0,2,2,2,2,1,0,3,3,0,0,0,0,0,1,0,0,0,0,4,8,4,30,9,14,1,9,0,1,0,12,0,12,0,1,0,4,0,2,0,1,0,6,0,1,1,4,13,312,138,990,1,2,0,2,1,4,0,15,11,6,1,1,4,6
2,2,0,0,1,0,1,0,1,0,0,0,1,0,4,0,0,0,0,0,0,0,0,0,0,0,0,0,0,0,0,0,9,0,0,0,1868,53,0,105,154,0,3,0,0,0,1392,160,325,11,148,3,79,0,53,0,24,0,17,0,0,0,33,0,1,0,2,0,1,1,1816,53,1,0,8,0,11,0,3,0,0,0,2,0,14,1,0,0,6,0,0,0,3,0,1,0,0,0,2,0,2,0,3,0,0,0,1,0,0,0,1,0,0,0,0,0,0,0,0,1,0,0,1,0,0,0,1,0,6,0,0,0,0,0,1,0,0,0,1,0,0,0,1,0,1,0,0,0,1,0,0,0,0,0,0,0,0,0,0,0,0,0,1,0,1,1,0,0,0,1
0,0,0,49,0,9,0,5,1,11,0,0,0,1,3,60,0,0,1,7,0,0,0,0,0,0,0,0,0,0,0,0,3,4,0,0,7,1031,105,0,177,27,7,0,0,0,308,313,20,39,90,36,3,0,10,0,11,0,25,0,0,2,1,2,0,0,0,1,0,0,231,1218,1,1,0,5,0,8,0,0,0,0,1,0,1,4,1,0,2,0,0,0,1,0,0,0,0,0,0,0,0,0,6,0,0,0,0,0,0,0,0,0,0,0,0,0,0,0,0,0,0,0,0,0,0,0,0,1,0,0,1,0,0,0,0,0,0,1,0,0,0,0,0,0,22,2,0,0,0,0,0,0,0,0,2,4,0,0,0,0,1,0,1,0,0,1,0,0,0,0
10,1,6,2,9,2,0,0,0,0,1,0,15,0,7,3,11,0,4,0,0,0,0,0,0,0,0,0,0,0,0,0,298,0,0,0,50,3,154,177,0,25,2798,0,747,0,265,503,40,39,751,69,21,1,33,0,34,0,390,3,17,0,18,0,10,0,0,0,2,0,486,212,20,0,73,2,635,1,30,0,0,0,33,0,98,0,171,0,151,1,203,0,525,0,1,0,1,0,32,0,47,0,1,1,1,0,2,0,5,0,3,2,0,10,0,0,0,0,0,1,0,0,0,0,2,0,0,0,31,1,0,0,0,0,1,0,1,0,346,0,10,0,64,0,97,3,3,0,4,0,0,0,0,0,3,0,27,0,0,0,3,1,3,0,0,1,6,0,13,0
0,15,1,24,0,11,0,7,0,30,0,9,0,2,0,30,0,19,2,6,0,0,0,1,0,2,0,1,0,1,0,0,2,624,0,0,1,23,0,27,25,0,1,1560,0,327,7,193,4,15,1,530,0,0,0,3,0,12,0,724,0,35,0,27,0,2,0,1,0,0,3,315,0,50,0,80,1,1534,0,135,0,0,0,3,0,388,0,410,0,277,0,89,0,310,3,0,3,1,7,23,5,1,1,0,5,0,9,11,3,10,12,15,6,8,5,1,0,0,0,3,0,0,0,0,0,20,0,6,0,29,0,8,0,4,1,7,1,1,0,274,1,83,2,120,6,174,0,35,0,40,0,0,1,0,6,5,2,29,0,2,1,4,0,94,9,8,5,16,23,9
0,1,1,2,1,0,0,0,0,2,1,0,0,1,0,2,0,0,1,0,0,0,0,0,2,0,0,0,0,0,0,0,9,0,0,0,0,2,3,7,2798,1,0,3,487,0,6,6,0,0,437,2,2,0,5,0,8,0,1077,0,0,2,0,1,0,0,0,0,0,0,21,3,0,10,5,3,16,1,1,0,0,0,6,0,1,0,184,0,6,0,23,0,130,0,5,1,7,4,16,4,14,1,7,1,10,1,40,24,16,8,36,5,0,1,2,2,1,0,0,1,0,0,0,0,0,0,0,0,1,2,1,0,1,0,1,0,0,0,15,0,5,0,5,0,3,0,2,0,1,0,0,0,0,0,1,0,1,0,5,0,0,1,3,2,8,3,6,2,1,0
0,0,0,3,0,0,0,0,0,3,0,14,1,1,0,0,0,1,1,1,0,0,0,0,0,0,0,0,0,3,0,2,0,32,0,0,1,0,0,0,0,1560,3,0,0,685,2,59,0,1,0,720,0,0,0,0,0,5,0,1111,0,1,0,0,0,0,0,0,0,0,0,25,1,0,1,5,0,27,1,1,0,0,0,0,0,21,0,113,0,25,0,214,0,26,0,10,3,5,0,19,3,6,0,3,3,3,16,63,8,24,1,4,0,0,1,0,0,1,2,1,0,0,0,0,0,0,0,0,0,0,0,0,0,0,0,0,0,0,0,0,0,0,0,0,1,0,0,1,0,0,0,0,1,1,0,3,0,0,2,1,0,0,0,7,0,0,2,5,0,0
1,0,0,0,0,0,0,0,1,0,0,0,0,0,0,0,151,0,0,0,0,0,9,0,0,0,0,0,1,0,0,0,52,0,0,0,0,0,0,0,747,0,487,0,0,0,0,0,0,0,0,0,0,0,0,0,2,0,59,0,0,0,0,0,0,0,0,0,0,0,0,0,1,0,8,0,87,0,25,0,0,0,0,0,2,0,620,0,41,0,257,0,208,0,0,0,0,0,0,0,0,0,0,0,0,0,0,0,0,0,0,0,0,0,0,0,0,0,0,0,0,0,0,0,0,0,0,0,2,0,0,0,0,0,0,0,0,0,8,0,0,0,2,0,0,0,0,0,0,0,1,0,1,0,0,0,72,1,0,0,0,0,0,0,1,0,0,0,0,1
0,0,0,4,0,6,0,2,0,12,0,20,0,1,0,2,0,113,2,1,0,0,0,18,0,4,0,0,0,9,0,1,0,39,0,0,1,0,0,0,0,327,0,685,0,0,0,0,0,0,0,0,0,0,0,0,0,0,0,46,0,0,0,0,0,0,0,0,0,0,0,0,1,0,0,81,0,567,0,73,0,0,0,0,0,1,0,680,0,17,0,279,0,66,0,0,0,0,0,0,0,0,0,0,0,0,1,0,0,0,0,0,0,0,0,0,0,0,0,0,0,0,0,0,0,7,0,0,0,0,0,1,0,0,0,1,0,2,0,12,0,1,0,0,0,0,0,0,0,0,0,1,1,1,1,1,6,169,0,0,0,0,0,0,0,1,0,1,0,0
0,2,0,0,0,0,0,0,0,0,0,0,0,0,1,1,0,0,0,0,0,0,0,0,0,0,0,0,0,0,0,0,13,3,0,0,17,7,1392,308,265,7,6,2,0,0,0,1498,4210,832,3890,384,1961,438,914,135,730,119,242,18,0,3,56,3,1,0,0,3,7,1,1339,184,0,1,0,0,6,0,0,0,0,0,0,0,30,2,3,0,46,38,0,0,7,19,31,37,0,0,0,0,8,0,135,27,0,0,0,0,0,0,0,0,0,0,19,2,0,0,0,0,0,0,0,0,0,0,0,0,1,0,0,0,0,0,0,0,0,0,0,0,0,0,1,0,3,0,0,0,0,0,0,0,0,0,0,0,0,0,0,0,0,0,0,0,0,0,0,0,0,0
0,27,0,2,0,7,0,1,0,1,0,0,0,1,0,2,0,0,0,0,0,0,0,0,0,0,0,0,0,0,0,0,1,31,0,0,1,3,160,313,503,193,6,59,0,0,1498,0,1245,2071,36,2578,0,1147,4,875,4,626,7,289,0,15,0,17,0,6,0,30,0,3,338,1631,0,0,0,0,1,39,0,3,0,0,1,20,1,338,0,11,2,470,0,0,3,169,0,100,0,0,0,0,0,1,2,61,0,0,0,0,0,0,1,0,0,0,35,0,0,0,0,0,0,0,0,0,0,0,0,0,0,0,0,0,0,0,0,0,0,0,0,0,0,0,0,0,30,5,0,0,0,1,0,0,0,0,0,0,0,0,0,0,0,0,0,0,0,0,0,0,0,0
1,14,1,0,0,1,1,0,0,0,0,0,0,0,1,0,0,0,0,0,0,0,0,0,0,0,0,0,0,0,0,0,1,1,0,0,107,0,325,20,40,4,0,0,0,0,4210,1245,0,1579,139,101,2402,260,248,65,56,24,9,5,0,14,57,13,3,3,0,11,2,1,880,250,1,0,0,0,0,3,0,0,0,0,0,0,3,8,0,0,9,21,0,0,4,7,0,4,0,0,0,0,2,0,6,2,0,0,0,0,0,0,0,0,0,0,7,0,0,0,0,0,0,0,0,0,0,0,0,0,0,0,0,0,0,0,0,0,0,0,0,0,0,0,0,0,1,1,0,0,0,0,0,0,0,0,0,0,0,0,0,0,0,0,0,0,0,0,0,0,0,0
0,44,0,4,0,0,0,0,0,1,0,0,0,2,0,3,0,0,0,0,0,0,0,0,0,0,0,0,0,0,0,0,0,3,0,0,2,3,11,39,39,15,0,1,0,0,832,2071,1579,0,1,305,0,2063,3,379,1,164,0,37,0,51,0,552,0,10,0,49,0,80,226,1612,0,5,1,0,0,13,0,1,0,0,0,3,1,18,0,0,0,89,0,0,0,29,0,10,0,0,0,0,0,0,0,10,0,0,0,1,0,0,0,0,0,0,4,0,0,0,0,0,0,0,0,0,0,0,0,0,0,0,0,0,0,0,0,0,0,0,1,0,0,0,0,0,3,0,0,1,0,1,0,0,0,0,0,0,0,0,0,0,0,0,0,1,0,1,0,0,0,0
0,0,2,0,0,0,0,0,0,0,0,0,5,0,0,0,0,0,0,0,0,0,0,0,0,0,0,0,0,0,0,0,84,0,0,0,1,1,148,90,751,1,437,0,0,0,3890,36,139,1,0,4,188,0,706,0,1297,0,1600,0,2,0,2,0,1,0,1,0,1,0,547,14,0,0,1,0,37,0,0,0,0,0,12,0,134,0,9,0,126,0,0,0,109,0,46,0,0,0,5,0,107,0,397,0,0,0,0,0,0,0,0,0,1,11,38,0,0,0,0,0,0,0,0,0,0,0,0,0,10,0,4,0,0,0,1,0,1,0,7,0,9,0,20,0,59,0,13,0,0,0,0,0,0,0,0,0,0,0,0,0,0,0,0,0,1,0,0,0,2,0
0,14,0,1,0,2,0,0,0,2,0,0,0,1,0,0,0,0,0,0,0,0,0,0,0,0,0,0,0,0,0,0,0,26,0,0,0,8,3,36,69,530,2,720,0,0,384,2578,101,305,4,0,0,292,0,467,1,579,0,1320,0,9,0,5,0,1,0,8,0,10,6,758,0,2,0,3,0,7,0,0,0,0,1,2,0,193,0,12,0,613,0,0,0,303,0,336,1,0,4,69,0,41,1,245,0,0,0,2,0,1,4,0,17,153,30,23,2,0,0,8,0,0,0,0,0,0,0,0,0,1,1,0,0,0,1,3,0,0,0,0,1,4,0,8,15,8,0,0,0,0,0,0,0,0,0,0,0,0,0,1,0,6,0,0,4,0,0,13,88,0
3,0,4,0,3,0,1,0,1,0,0,0,0,0,17,0,0,0,0,0,0,0,0,0,0,0,0,0,0,0,0,0,9,0,0,0,73,0,79,3,21,0,2,0,0,0,1961,0,2402,0,188,0,0,0,2887,0,250,0,77,0,7,0,593,0,32,0,4,0,72,0,447,6,5,0,1,0,5,0,0,0,0,0,2,0,37,0,0,0,148,0,0,0,73,0,3,0,0,0,0,0,1,0,4,0,0,0,0,0,0,0,0,0,0,0,0,0,0,0,0,0,0,0,0,0,0,0,0,0,0,0,0,0,0,0,0,0,0,0,0,0,0,0,0,0,0,0,0,0,0,0,0,0,0,0,0,1,0,0,0,0,0,0,0,0,0,0,0,0,1,0
0,41,0,0,0,1,0,1,0,0,0,0,0,2,0,1,0,0,0,0,0,0,0,0,0,0,0,0,0,0,0,0,0,7,0,0,0,0,0,0,1,0,0,0,0,0,438,1147,260,2063,0,292,0,0,0,3372,0,428,0,79,0,89,0,671,0,40,0,106,0,726,14,395,0,1,0,0,0,4,0,0,0,0,0,1,0,30,0,2,0,311,0,0,0,61,0,22,0,0,0,0,0,0,0,9,0,0,0,0,0,0,0,0,0,0,0,0,0,0,0,0,0,0,0,0,0,0,0,0,1,0,0,1,0,0,0,0,0,0,0,0,0,0,0,0,0,0,0,0,0,0,0,0,0,0,0,0,0,0,0,0,0,0,0,0,0,0,0,0,0,0
10,1,7,0,1,0,0,0,1,0,0,0,10,0,14,1,0,0,1,0,0,0,0,0,0,0,0,0,0,0,0,0,109,0,0,0,43,0,53,10,33,0,5,0,0,0,914,4,248,3,706,0,2887,0,0,0,2794,0,479,0,7,0,670,0,454,0,16,0,1211,0,291,6,16,1,2,0,44,0,2,0,0,0,17,0,257,0,12,0,2773,0,1,0,723,0,1,0,0,0,1,0,0,0,5,0,0,0,0,0,1,0,2,0,0,0,1,0,0,0,0,0,0,0,1,0,0,0,0,0,6,0,0,0,0,0,2,0,0,0,2,0,4,0,5,0,4,0,3,0,1,0,0,0,0,0,0,0,0,0,0,0,0,0,2,0,2,0,0,0,1,1
0,56,0,0,0,2,0,1,0,0,0,0,0,1,0,2,0,0,0,0,0,0,0,0,0,0,0,0,0,0,0,0,0,4,0,0,0,0,0,0,0,3,0,0,0,0,135,875,65,379,0,467,0,3372,0,0,0,1754,0,143,0,163,0,115,0,42,0,286,0,1528,2,104,0,0,0,1,0,3,0,0,0,0,0,0,0,74,0,1,0,2789,0,0,0,274,0,19,0,0,0,0,0,0,0,19,0,0,0,0,0,0,0,0,0,0,1,0,0,0,0,0,0,0,0,0,0,0,0,0,0,0,0,0,0,0,0,0,0,0,0,0,0,0,0,0,0,0,0,0,0,0,0,0,0,0,0,0,0,0,0,0,0,0,0,0,0,0,0,0,0,0
1,0,0,0,0,0,0,0,0,0,0,0,5,0,1,0,0,0,0,0,0,0,0,0,0,0,0,0,0,0,0,0,49,0,0,0,1,1,24,11,34,0,8,0,2,0,730,4,56,1,1297,1,250,0,2794,0,0,0,1390,0,3,0,8,0,4,0,0,0,6,0,69,4,1,0,1,0,15,0,0,0,0,0,5,0,116,0,6,0,502,0,1,0,577,0,0,0,0,0,1,0,1,0,4,0,0,0,0,0,0,0,0,0,0,0,0,0,0,0,0,0,0,0,0,0,0,0,0,0,7,0,0,0,0,0,0,0,0,0,1,0,5,0,0,0,5,0,0,0,2,0,0,0,0,0,0,0,0,0,0,0,0,0,0,0,1,0,0,0,0,0
0,3,0,0,0,1,0,0,0,0,0,0,0,1,0,0,0,0,0,0,0,0,0,0,0,0,0,0,0,0,0,0,0,8,0,0,0,0,0,0,0,12,0,5,0,0,119,626,24,164,0,579,0,428,0,1754,0,0,0,1209,0,3,0,1,0,0,0,4,0,4,0,10,0,0,0,0,0,4,0,0,0,0,0,1,0,60,0,8,0,582,0,0,0,1145,0,42,0,0,0,0,0,0,0,10,0,0,0,0,0,0,0,0,0,0,0,0,0,0,0,0,0,0,0,0,0,0,0,0,0,0,0,0,0,0,0,0,0,0,0,0,0,0,0,0,0,0,0,0,0,0,0,0,0,0,0,0,0,0,0,0,0,0,0,1,0,0,0,0,0,0
1,0,0,0,0,0,0,0,0,0,0,0,1,0,0,0,0,0,0,0,0,0,0,0,0,0,0,0,1,0,0,0,73,0,0,0,0,0,17,25,390,0,1077,0,59,0,242,7,9,0,1600,0,77,0,479,0,1390,0,0,0,0,0,4,0,0,0,0,0,5,0,118,2,0,0,0,0,54,0,2,0,0,0,3,0,118,0,143,0,235,0,123,0,2905,0,12,0,3,0,4,0,105,1,185,0,1,0,1,0,0,0,0,0,0,0,1,0,0,0,0,0,0,0,0,0,0,0,0,0,5,0,0,0,0,0,0,0,0,0,7,0,6,0,3,0,11,0,2,0,0,0,0,0,0,0,1,0,2,0,0,0,0,0,0,0,0,0,0,0,0,0
0,5,0,9,0,9,0,0,0,6,0,11,0,0,0,1,1,1,1,1,0,0,0,0,0,2,0,1,0,1,0,1,0,232,0,0,0,1,0,0,3,724,0,1111,0,46,18,289,5,37,0,1320,0,79,0,143,0,1209,0,0,0,9,0,1,0,0,0,5,0,2,0,58,0,0,0,5,0,87,0,2,0,0,0,1,0,388,0,242,0,1069,0,841,0,3771,0,139,0,3,0,0,0,1,0,29,0,0,0,1,0,0,0,0,0,0,0,0,0,0,0,0,0,0,0,0,0,0,0,0,0,0,0,0,0,0,0,0,0,0,0,4,0,0,0,1,0,0,0,0,0,1,0,0,0,1,0,1,0,0,0,0,0,0,0,0,0,0,0,0,0,0
4888,10,196,4,241,1,416,0,73,0,0,0,1425,0,126,12,0,0,4,0,0,0,0,0,0,0,1,0,0,0,0,0,293,1,0,0,44,24,0,0,17,0,0,0,0,0,0,0,0,0,2,0,7,0,7,0,3,0,0,0,0,2,1244,0,2634,0,1375,0,73,0,415,4,1006,11,18,0,401,3,14,0,0,0,85,0,803,0,1,0,117,0,0,0,15,0,0,0,1,0,4,2,2,0,0,0,1,0,0,6,0,1,3,0,2,0,0,0,0,1,0,1,0,0,0,0,6,0,10,1,7,0,8,0,0,0,3,0,2,0,0,0,2,0,0,0,1,0,1,0,3,0,0,0,0,0,6,2,1,0,2,0,1,0,7,0,17,0,3,1,0,2
2,3659,1,54,0,146,0,107,0,117,0,1,0,925,3,84,0,0,0,0,0,0,0,0,0,0,0,0,0,0,0,0,0,117,0,0,3,18,0,2,0,35,2,1,0,0,3,15,14,51,0,9,0,89,0,163,0,3,0,9,2,0,1,2435,0,1282,0,1671,0,333,13,510,10,707,0,19,2,396,0,31,0,0,0,1,0,365,0,1,0,349,0,0,0,9,3,1,4,0,2,4,2,0,2,2,1,0,6,6,0,2,2,4,3,2,0,0,0,0,0,1,0,0,0,1,0,4,0,8,0,12,0,3,0,1,1,2,0,3,0,0,0,3,0,1,0,1,0,6,0,5,0,0,0,0,1,2,0,0,2,9,0,2,0,47,3,15,2,5,8,3
204,1,40,0,10,1,5,1,10,0,0,0,7,0,75,1,0,0,2,0,0,0,0,0,0,0,0,0,0,0,0,0,75,0,0,0,115,7,33,1,18,0,0,0,0,0,56,0,57,0,2,0,593,0,670,0,8,0,4,0,1244,1,0,0,2019,0,39,1,605,0,1698,8,143,0,11,0,216,0,23,0,0,0,3,0,27,0,0,0,68,0,0,0,12,0,0,0,1,0,5,0,1,0,1,0,2,0,0,1,4,0,1,0,0,0,0,0,0,0,0,0,0,0,0,0,2,0,1,0,1,0,5,0,1,0,1,0,0,0,0,0,0,0,0,1,0,0,0,0,2,0,0,0,0,0,1,1,0,0,0,0,0,0,3,0,8,0,6,0,4,1
0,195,0,6,1,7,0,11,0,15,0,0,0,18,0,24,0,0,0,2,0,0,0,0,0,0,0,0,0,0,0,0,0,30,0,0,3,34,0,2,0,27,1,0,0,0,3,17,13,552,0,5,0,671,0,115,0,1,0,1,0,2435,0,0,0,624,0,455,0,1105,60,2089,0,243,1,3,2,121,1,11,0,0,0,1,1,29,0,0,0,32,0,0,0,5,0,0,1,0,3,3,1,0,0,0,1,0,0,1,0,1,0,1,2,0,0,0,0,0,0,1,0,0,0,0,0,0,1,1,1,2,0,0,0,0,0,2,0,0,0,0,0,1,0,0,0,0,0,0,0,0,0,0,0,0,0,0,0,0,1,0,0,0,0,5,1,5,3,0,2,0
232,0,14,0,11,0,4,0,4,0,0,0,11,0,16,0,0,0,0,1,0,0,0,0,0,0,0,0,0,0,0,0,48,0,0,0,6,0,1,0,10,0,0,0,0,0,1,0,3,0,1,0,32,0,454,0,4,0,0,0,2634,0,2019,0,0,0,1570,0,1951,0,54,0,18,0,2,0,98,0,8,0,0,0,4,0,120,0,0,0,211,0,0,0,19,0,0,0,0,0,2,0,1,0,0,0,0,0,1,1,0,1,1,0,1,0,0,0,0,0,0,0,0,0,0,0,0,0,0,0,0,0,0,0,0,0,0,0,0,0,0,0,0,0,0,0,0,0,0,0,0,0,0,0,0,0,0,1,0,0,0,0,0,0,1,0,3,0,2,1,0,0
0,49,0,5,0,3,0,1,0,0,0,0,0,6,0,0,0,0,0,0,0,0,0,0,0,0,0,0,0,0,0,0,0,4,0,0,0,1,0,0,0,2,0,0,0,0,0,6,3,10,0,1,0,40,0,42,0,0,0,0,0,1282,0,624,0,0,0,1199,0,1193,0,20,0,1,0,0,0,24,0,1,0,0,0,0,0,9,0,0,0,25,0,0,0,6,0,0,0,0,0,0,0,0,0,0,0,0,0,0,0,0,0,0,0,0,0,0,0,0,0,0,0,0,0,0,0,0,0,0,0,0,0,0,0,0,0,0,0,0,0,0,0,0,0,0,0,0,0,0,0,0,0,0,0,0,0,0,0,0,0,0,0,0,0,1,0,1,0,1,0,0
334,0,19,0,54,0,29,0,3,0,0,0,189,0,14,1,0,0,1,0,0,0,0,0,0,0,0,0,0,0,0,0,21,0,0,0,6,2,2,0,0,0,0,0,0,0,0,0,0,0,1,0,4,0,16,0,0,0,0,0,1375,0,39,0,1570,0,0,0,864,0,4,2,9,0,0,0,6,0,0,0,0,0,16,0,1021,0,0,0,264,0,0,0,12,0,0,0,0,0,0,0,0,0,0,0,0,0,0,0,0,0,0,0,0,0,0,0,0,0,0,0,0,0,0,0,1,0,0,0,0,0,0,0,0,0,0,0,0,0,0,0,0,0,0,0,0,0,0,0,0,0,0,0,0,0,0,0,0,0,0,0,0,0,0,0,0,0,0,0,2,0
0,193,0,65,0,197,0,32,0,9,0,0,0,455,0,2,0,0,0,1,0,0,0,0,0,0,0,0,0,0,0,0,0,27,0,0,0,17,0,1,0,1,0,0,0,0,3,30,11,49,0,8,0,106,0,286,0,4,0,5,0,1671,1,455,0,1199,0,0,0,1365,12,148,0,13,0,1,1,9,0,0,0,0,0,8,0,987,0,1,0,376,0,0,0,12,0,0,0,0,0,0,0,0,0,1,0,0,0,0,0,0,0,0,0,0,0,0,0,0,0,1,0,0,0,0,0,0,0,1,0,0,0,0,0,0,0,0,0,0,0,0,0,0,0,0,0,0,0,0,0,0,0,0,0,0,0,0,0,0,0,0,1,0,0,0,1,0,0,0,0,0
51,0,13,0,9,0,1,0,1,0,0,0,16,0,20,0,0,0,0,0,0,0,0,0,0,0,0,0,0,0,0,0,23,0,0,0,4,0,1,0,2,0,0,0,0,0,7,0,2,0,1,0,72,0,1211,0,6,0,5,0,73,0,605,0,1951,0,864,0,0,0,61,2,17,0,1,0,19,0,0,0,0,0,3,0,373,0,0,0,947,0,0,0,33,0,0,0,0,0,0,0,0,0,0,0,0,0,0,0,0,1,1,1,0,0,0,0,0,0,0,0,0,0,0,0,1,0,0,0,3,0,0,0,0,0,0,0,0,0,0,0,0,0,1,0,0,0,0,0,0,0,0,0,0,0,0,0,0,0,0,0,0,0,0,0,0,0,0,0,0,0
0,70,0,1,0,18,0,3,0,0,0,0,0,9,1,1,0,0,0,0,0,0,0,0,0,0,0,0,0,0,0,0,0,3,0,0,0,2,1,0,0,0,0,0,0,0,1,3,1,80,0,10,0,726,0,1528,0,4,0,2,0,333,0,1105,0,1193,0,1365,0,0,4,71,0,1,0,0,0,2,0,1,0,0,0,1,0,258,0,0,0,1309,0,0,0,23,0,1,0,0,0,0,0,0,0,0,0,0,0,0,0,0,0,0,0,0,0,0,0,0,0,0,0,0,0,0,0,0,0,0,0,0,0,0,0,0,0,0,0,0,0,0,0,0,0,0,0,0,0,0,0,0,0,0,0,0,0,0,0,0,0,0,0,0,0,0,0,0,0,0,0,0
218,22,121,10,26,2,19,2,15,1,0,0,6,2,305,9,0,0,3,0,0,0,0,0,0,0,0,0,0,0,0,0,81,5,0,0,3037,60,1816,231,486,3,21,0,0,0,1339,338,880,226,547,6,447,14,291,2,69,0,118,0,415,13,1698,60,54,0,4,12,61,4,0,592,1326,10,22,0,255,5,12,1,0,0,5,1,12,2,1,0,13,1,0,0,8,0,4,0,1,1,12,0,1,0,18,1,0,0,2,5,2,1,3,1,1,1,1,0,0,1,0,2,0,0,0,0,7,0,9,0,7,2,12,0,0,0,6,0,2,0,2,0,2,0,0,1,2,0,0,0,1,0,0,0,0,0,4,1,0,0,2,1,1,0,4,0,18,0,3,0,5,4
3,608,0,430,4,43,1,41,3,36,0,0,6,36,9,252,0,0,2,2,0,1,0,0,0,0,0,0,0,0,0,0,9,63,0,0,26,2135,53,1218,212,315,3,25,0,0,184,1631,250,1612,14,758,6,395,6,104,4,10,2,58,4,510,8,2089,0,20,2,148,2,71,592,0,5,831,5,29,14,256,7,30,0,0,0,15,7,118,0,6,2,99,0,0,2,15,0,6,1,1,8,8,3,0,1,1,4,0,5,12,0,4,3,4,7,1,6,0,0,1,0,2,0,0,0,0,1,5,3,4,5,13,1,2,0,3,1,5,0,6,0,1,0,5,0,1,31,2,0,12,2,6,0,0,0,0,4,4,0,0,2,2,0,0,0,30,12,12,5,4,1,1
1178,41,245,10,81,3,145,1,103,2,0,0,34,0,1061,118,0,0,19,2,0,0,0,0,0,0,0,0,0,0,0,0,112,2,0,0,874,105,1,1,20,0,0,1,1,1,0,0,1,0,0,0,5,0,16,0,1,0,0,0,1006,10,143,0,18,0,9,0,17,0,1326,5,0,61,28,3,283,1,6,0,0,0,12,0,25,1,1,0,9,0,0,0,0,0,0,0,2,1,6,0,0,2,0,0,0,1,4,4,1,0,2,0,2,0,0,0,0,0,0,0,0,0,0,0,9,0,29,5,34,2,14,0,1,0,3,0,1,0,0,0,1,0,0,0,0,0,2,1,8,0,0,0,0,0,9,10,2,0,1,0,2,0,5,1,17,1,7,1,2,0
33,875,2,146,2,78,1,33,2,46,0,2,2,45,15,1370,0,0,0,2,0,0,0,0,0,0,0,0,0,0,0,0,6,29,0,0,42,246,0,1,0,50,10,0,0,0,1,0,0,5,0,2,0,1,1,0,0,0,0,0,11,707,0,243,0,1,0,13,0,1,10,831,61,0,2,71,7,251,1,36,0,0,0,0,2,2,0,0,0,6,0,0,0,0,4,0,4,0,8,8,3,0,1,0,1,1,4,9,1,6,8,8,9,3,0,0,0,0,0,1,0,0,0,2,0,6,3,73,0,80,0,25,0,2,0,11,1,39,0,3,0,10,0,8,0,10,0,34,0,13,0,0,0,0,2,1,0,5,4,6,0,1,0,102,18,32,7,11,12,3
21,0,35,7,93,6,33,3,115,1,16,0,10,0,54,12,63,3,12,2,13,0,26,0,15,0,0,0,24,0,0,0,366,4,0,0,21,8,8,0,73,0,5,1,8,0,0,0,0,1,1,0,1,0,2,0,1,0,0,0,18,0,11,1,2,0,0,0,1,0,22,5,28,2,0,4,1849,2,169,0,0,0,19,0,7,1,13,0,3,0,6,0,4,0,2,1,3,1,63,8,5,0,2,1,8,0,8,17,4,22,13,5,9,4,1,1,0,2,0,11,71,42,4,0,155,0,348,1,447,1,115,0,15,0,34,1,136,0,3,0,3,3,1,0,2,1,12,0,37,0,3,2,0,0,65,62,157,0,5,1,24,1,24,1,137,7,38,10,32,13
2,99,11,316,7,503,0,240,2,508,1,194,0,13,15,162,0,53,50,69,1,14,0,33,0,24,0,9,0,32,0,13,4,178,0,0,11,90,0,5,2,80,3,5,0,81,0,0,0,0,0,3,0,0,0,1,0,0,0,5,0,19,0,3,0,0,0,1,0,0,0,29,3,71,4,0,4,1045,1,87,0,0,0,1,1,3,1,25,0,7,0,9,0,6,1,0,1,2,18,16,3,1,0,1,2,2,8,12,3,3,7,5,24,5,0,1,1,0,1,3,0,55,0,85,0,132,0,323,1,356,1,129,0,14,2,130,0,231,0,18,0,16,0,11,0,35,0,162,0,201,3,1,27,25,70,137,3,278,1,6,0,1,0,60,34,78,17,18,24,12
262,10,152,8,232,5,54,1,101,4,40,0,56,3,214,33,257,5,60,3,4,1,33,0,7,0,1,1,12,1,5,0,1062,0,0,0,103,37,11,0,635,1,16,0,87,0,6,1,0,0,37,0,5,0,44,0,15,0,54,0,401,2,216,2,98,0,6,1,19,0,255,14,283,7,1849,4,0,5,174,1,0,0,31,0,108,2,315,0,146,0,265,0,222,0,2,0,6,0,38,8,9,3,0,0,5,2,11,12,3,10,15,5,3,2,0,0,0,1,0,6,0,0,0,0,62,0,86,1,61,2,28,0,10,0,9,1,28,1,81,0,16,3,26,1,44,1,6,0,15,1,1,5,2,1,42,59,677,6,5,2,26,1,29,2,122,2,25,5,16,3
1,380,5,553,8,357,0,233,4,475,2,199,0,212,36,328,0,444,49,102,5,9,2,122,0,49,0,9,0,43,0,11,13,2367,0,0,30,130,0,8,1,1534,1,27,0,567,0,39,3,13,0,7,0,4,0,3,0,4,0,87,3,396,0,121,0,24,0,9,0,2,5,256,1,251,2,1045,5,0,1,278,0,0,1,17,0,154,0,224,0,97,0,59,0,117,2,1,4,0,18,16,5,0,2,0,4,1,2,1,5,6,8,10,11,2,0,0,0,0,0,5,0,0,0,3,0,39,2,37,1,32,0,14,0,11,1,13,0,14,0,105,0,64,0,53,0,46,0,11,1,15,0,4,19,16,70,139,5,725,0,7,0,4,1,72,17,60,6,14,19,7
6,0,1,0,6,0,1,0,2,0,0,0,3,1,4,0,3,0,1,0,1,0,0,0,0,0,0,0,0,0,0,0,29,0,0,0,3,5,3,0,30,0,1,1,25,0,0,0,0,0,0,0,0,0,2,0,0,0,2,0,14,0,23,1,8,0,0,0,0,0,12,7,6,1,169,1,174,1,0,0,0,0,3,0,4,0,1,0,2,0,1,0,4,0,0,0,0,0,8,1,1,0,1,0,1,0,2,2,1,2,0,0,3,1,0,0,0,0,0,0,2,0,0,0,62,0,58,0,16,0,14,0,8,0,24,0,80,0,6,0,2,0,1,0,1,0,0,0,2,0,0,0,0,0,1,0,87,0,1,0,0,0,10,0,11,0,4,0,1,0
0,4,0,11,0,9,0,1,0,4,0,1,0,0,0,7,0,0,0,3,0,0,0,1,0,0,0,0,0,0,0,0,1,5,0,0,1,4,0,0,0,135,0,1,0,73,0,3,0,1,0,0,0,0,0,0,0,0,0,2,0,31,0,11,0,1,0,0,0,1,1,30,0,36,0,87,1,278,0,0,0,0,0,0,0,6,0,5,0,2,0,3,0,1,0,0,0,0,1,2,2,0,2,1,0,0,0,0,1,1,0,0,0,0,1,0,0,0,0,0,0,0,0,0,0,14,0,4,0,4,0,0,0,4,0,0,0,0,0,88,0,9,0,6,0,2,0,0,0,2,0,1,0,1,0,3,2,63,0,0,0,0,0,17,2,8,0,1,1,1
0,0,0,0,0,0,0,0,0,0,0,0,0,0,0,0,0,0,0,0,0,0,0,0,0,0,0,0,0,0,0,0,0,0,0,0,0,0,0,0,0,0,0,0,0,0,0,0,0,0,0,0,0,0,0,0,0,0,0,0,0,0,0,0,0,0,0,0,0,0,0,0,0,0,0,0,0,0,0,0,0,0,0,0,0,0,0,0,0,0,0,0,0,0,0,0,0,0,0,0,0,0,0,0,0,0,0,0,0,0,0,0,0,0,0,0,0,0,0,0,0,0,0,0,0,0,0,0,0,0,0,0,0,0,0,0,0,0,0,0,0,0,0,0,0,0,0,0,0,0,0,0,0,0,0,0,0,0,0,0,0,0,0,0,0,0,0,0,0,0
0,0,0,0,0,0,0,0,0,0,0,0,0,0,0,0,0,0,0,0,0,0,0,0,0,0,0,0,0,0,0,0,0,0,0,0,0,0,0,0,0,0,0,0,0,0,0,0,0,0,0,0,0,0,0,0,0,0,0,0,0,0,0,0,0,0,0,0,0,0,0,0,0,0,0,0,0,0,0,0,0,0,0,0,0,0,0,0,0,0,0,0,0,0,0,0,0,0,0,0,0,0,0,0,0,0,0,0,0,0,0,0,0,0,0,0,0,0,0,0,0,0,0,0,0,0,0,0,0,0,0,0,0,0,0,0,0,0,0,0,0,0,0,0,0,0,0,0,0,0,0,0,0,0,0,0,0,0,0,0,0,0,0,0,0,0,0,0,0,0
26,2,7,0,36,1,27,0,68,0,0,0,99,0,21,4,0,0,1,0,0,0,0,0,0,0,0,0,0,0,0,0,70,0,0,0,3,1,2,1,33,0,6,0,0,0,0,1,0,0,12,1,2,0,17,0,5,0,3,0,85,0,3,0,4,0,16,0,3,0,5,0,12,0,19,0,31,1,3,0,0,0,0,0,158,1,0,0,12,0,0,0,2,0,1,0,1,0,13,2,3,0,0,0,0,0,2,0,5,1,3,0,0,0,0,0,0,0,0,3,0,0,0,0,3,0,3,0,53,0,3,0,1,0,3,0,0,0,28,0,29,0,16,0,65,0,22,0,15,0,0,0,0,0,2,1,1,0,0,0,2,0,2,1,6,1,2,0,8,1
0,4,0,2,0,52,0,29,0,56,0,0,0,3,0,0,0,0,0,0,0,0,0,0,0,0,0,0,0,0,0,0,0,188,0,0,0,0,0,0,0,3,0,0,0,0,0,20,0,3,0,2,0,1,0,0,0,1,0,1,0,1,0,1,0,0,0,8,0,1,1,15,0,0,0,1,0,17,0,0,0,0,0,0,0,650,0,10,0,61,0,0,0,0,0,0,0,0,0,0,0,0,0,0,0,0,0,0,0,0,0,0,1,0,0,0,0,0,0,0,0,0,0,0,0,0,0,0,0,0,0,0,0,0,0,0,0,0,0,0,0,0,0,1,0,0,0,0,0,0,0,0,0,0,0,1,0,0,0,0,0,0,0,0,1,0,0,0,0,0
712,2,94,1,340,2,57,1,70,1,0,0,504,0,43,10,0,0,0,0,0,0,0,0,0,0,0,0,0,0,0,0,313,0,0,0,8,4,14,1,98,0,1,0,2,0,30,1,3,1,134,0,37,0,257,0,116,0,118,0,803,0,27,1,120,0,1021,0,373,0,12,7,25,2,7,1,108,0,4,0,0,0,158,0,0,1,1020,0,5113,0,13,0,152,0,0,0,1,0,3,0,2,0,1,0,0,0,0,0,0,0,0,0,0,0,0,0,0,0,0,0,0,0,0,0,0,0,2,0,23,0,3,0,0,0,1,0,0,1,5,0,13,0,6,0,22,1,3,0,6,0,0,0,0,0,3,5,0,0,0,0,0,0,0,0,1,0,0,0,2,0
0,408,0,31,1,648,0,184,1,109,0,2,0,359,2,11,0,0,0,0,0,0,0,0,0,0,0,0,0,0,0,0,1,423,0,0,4,19,1,4,0,388,0,21,0,1,2,338,8,18,0,193,0,30,0,74,0,60,0,388,0,365,0,29,0,9,0,987,0,258,2,118,1,2,1,3,2,154,0,6,0,0,1,650,1,0,0,1264,0,4357,0,14,0,182,0,12,0,0,0,1,0,0,0,1,0,0,0,1,1,0,2,1,0,0,1,0,0,0,0,0,0,0,1,0,0,0,0,0,0,1,0,2,0,0,0,1,1,0,0,7,0,4,0,3,0,5,0,1,0,2,0,0,0,0,2,2,0,0,1,1,0,0,0,1,0,1,0,0,2,0
3,0,17,1,34,1,0,0,12,0,42,1,1,0,0,0,30,0,20,2,8,0,19,0,24,0,2,0,23,0,2,0,656,0,0,0,1,0,0,1,171,0,184,0,620,0,3,0,0,0,9,0,0,0,12,0,6,0,143,0,1,0,0,0,0,0,0,0,0,0,1,0,1,0,13,1,315,0,1,0,0,0,0,0,1020,0,0,0,713,0,427,0,311,0,0,0,0,0,0,0,0,0,0,0,0,0,0,0,0,0,0,0,0,0,0,0,0,0,0,0,0,0,0,0,1,0,0,0,0,0,0,0,0,0,0,0,0,0,0,0,1,0,0,0,0,0,0,0,0,0,2,8,1,1,2,7,13,0,0,0,0,0,0,0,0,0,0,0,0,0
0,2,2,48,0,17,0,3,0,48,0,98,0,0,0,1,0,12,4,9,0,2,1,0,0,6,0,5,0,38,0,8,1,815,0,0,0,4,0,0,0,410,0,113,0,680,0,11,0,0,0,12,0,2,0,1,0,8,0,242,0,1,0,0,0,0,0,1,0,0,0,6,0,0,0,25,0,224,0,5,0,0,0,10,0,1264,0,0,0,546,0,1345,0,448,0,0,0,0,0,0,0,0,0,0,0,0,0,0,1,0,0,0,0,0,0,0,0,0,0,0,0,0,0,0,0,0,0,0,0,2,0,0,0,0,0,0,0,0,0,0,0,0,0,1,0,1,0,0,0,0,1,0,2,3,1,8,0,0,0,0,0,0,0,1,0,0,0,0,0,0
175,0,65,0,87,0,12,0,6,1,0,0,91,0,28,1,7,0,1,0,0,0,2,0,0,0,0,0,0,0,0,0,244,0,0,0,3,0,6,2,151,0,6,0,41,0,46,2,9,0,126,0,148,0,2773,0,502,0,235,0,117,0,68,0,211,0,264,0,947,0,13,2,9,0,3,0,146,0,2,0,0,0,12,0,5113,0,713,0,0,0,425,0,4904,0,0,0,0,0,2,0,0,0,3,0,0,0,0,0,0,0,0,0,0,0,0,0,0,0,0,0,0,0,0,0,0,0,0,0,1,0,0,0,0,0,0,0,0,0,4,0,2,0,1,0,2,0,0,0,1,0,0,0,0,0,0,0,4,0,0,0,0,0,1,0,1,0,0,0,0,0
0,347,0,11,0,72,0,5,0,11,0,5,0,9,3,1,0,0,0,1,0,0,0,0,0,1,0,1,0,4,0,1,0,258,0,0,0,1,0,0,1,277,0,25,0,17,38,470,21,89,0,613,0,311,0,2789,0,582,0,1069,0,349,0,32,0,25,0,376,0,1309,1,99,0,6,0,7,0,97,0,2,0,0,0,61,0,4357,0,546,0,0,0,679,0,5170,0,40,0,0,0,0,0,0,0,24,0,0,0,0,0,0,0,0,0,0,1,0,0,0,0,0,0,0,0,0,0,0,0,0,0,0,0,0,0,0,0,0,0,0,0,1,0,1,0,2,0,1,0,0,0,0,0,0,0,0,0,0,0,0,0,0,0,0,0,0,0,0,0,0,0,0
0,0,1,0,7,0,0,0,0,0,11,0,0,0,0,0,23,0,0,0,2,0,6,0,4,0,0,0,1,0,0,0,149,0,0,0,0,0,0,0,203,0,23,0,257,0,0,0,0,0,0,0,0,0,1,0,1,0,123,0,0,0,0,0,0,0,0,0,0,0,0,0,0,0,6,0,265,0,1,0,0,0,0,0,13,0,427,0,425,0,0,0,1875,0,0,0,0,0,0,0,0,0,0,0,0,0,0,0,0,0,0,0,0,0,0,0,0,0,0,0,0,0,0,0,0,0,0,0,0,0,0,0,0,0,0,0,0,0,0,0,0,0,0,0,0,0,0,0,0,0,0,3,0,0,0,0,14,0,0,0,0,0,0,0,0,0,0,0,0,0
0,0,1,18,2,7,0,2,0,12,0,28,0,0,0,0,0,0,2,1,0,1,0,1,0,2,0,1,0,11,0,3,1,86,0,0,0,0,0,0,0,89,0,214,0,279,0,0,0,0,0,0,0,0,0,0,0,0,0,841,0,0,0,0,0,0,0,0,0,0,0,0,0,0,0,9,0,59,0,3,0,0,0,0,0,14,0,1345,0,679,0,0,0,1698,0,0,0,0,0,0,0,0,0,0,0,0,0,0,0,0,0,0,0,0,0,0,0,0,0,0,0,0,0,0,0,0,0,0,0,0,0,0,0,0,0,0,0,0,0,0,0,0,0,0,0,0,0,0,0,0,0,1,1,1,2,1,0,0,0,0,0,0,0,0,0,0,0,0,0,0
12,0,4,0,2,0,0,0,0,0,1,0,1,0,7,0,24,0,0,0,1,0,2,0,0,0,0,0,0,0,0,0,192,0,0,0,0,1,3,1,525,0,130,0,208,0,7,3,4,0,109,0,73,0,723,0,577,0,2905,0,15,0,12,0,19,0,12,0,33,0,8,2,0,0,4,0,222,0,4,0,0,0,2,0,152,0,311,0,4904,0,1875,0,0,0,0,0,0,0,1,0,0,0,1,0,0,0,0,0,0,0,0,0,0,0,0,0,0,0,0,0,0,0,0,0,0,0,0,0,0,0,0,0,0,0,0,0,0,0,2,0,0,0,0,0,0,0,0,0,0,0,0,0,0,0,0,0,20,0,0,0,0,0,0,0,0,0,0,0,0,0
0,23,0,15,0,10,0,6,0,15,0,13,0,1,0,0,0,0,1,3,0,0,0,0,0,2,0,0,0,7,0,1,0,255,0,0,0,1,0,0,0,310,0,26,0,66,19,169,7,29,0,303,0,61,0,274,0,1145,0,3771,0,9,0,5,0,6,0,12,0,23,0,15,0,0,0,6,0,117,0,1,0,0,0,0,0,182,0,448,0,5170,0,1698,0,0,0,276,0,5,0,2,0,6,0,38,0,1,0,0,0,0,0,0,0,0,0,0,0,1,0,0,0,0,0,0,0,0,0,0,0,0,0,0,0,0,0,0,0,0,0,1,0,0,0,0,0,1,0,0,0,0,0,0,1,0,1,2,0,2,0,0,0,0,0,0,0,0,0,0,0,0
0,2,0,2,0,0,0,0,0,0,0,0,0,0,0,1,0,0,0,0,0,0,0,0,0,0,0,0,0,0,0,0,0,1,0,0,0,0,1,0,1,3,5,0,0,0,31,0,0,0,46,0,3,0,1,0,0,0,12,0,0,3,0,0,0,0,0,0,0,0,4,0,0,4,2,1,2,2,0,0,0,0,1,0,0,0,0,0,0,0,0,0,0,0,0,6,7044,11,113,16,781,15,6943,29,359,4,292,34,100,21,11,5,4,13,37,124,114,16,3,2,0,0,0,0,0,0,0,0,0,0,1,0,0,0,0,0,0,0,0,0,1,0,0,0,0,0,0,0,1,0,0,0,0,0,0,0,0,0,6,1,0,0,1,0,5,2,8,6,1,5
0,2,0,0,0,0,0,0,0,0,0,0,0,0,0,0,0,0,0,0,0,0,0,0,0,0,0,0,0,0,0,0,0,0,0,0,0,0,0,0,0,0,1,10,0,0,37,100,4,10,0,336,0,22,0,19,0,42,0,139,0,1,0,0,0,0,0,0,0,1,0,6,0,0,1,0,0,1,0,0,0,0,0,0,0,12,0,0,0,40,0,0,0,276,6,0,27,5103,5,283,13,648,15,4918,24,841,35,1292,18,163,10,16,10,7,34,30,190,76,29,2,0,0,0,0,1,0,0,0,1,1,0,0,0,0,0,0,0,0,0,0,0,0,0,0,0,0,0,0,0,0,0,0,0,0,0,0,0,0,3,1,0,1,0,1,1,0,2,1,0,0
0,0,0,0,0,0,0,1,0,0,0,0,0,0,0,1,0,0,0,0,0,0,0,0,0,0,0,0,0,0,0,0,0,1,0,0,1,1,0,0,1,3,7,3,0,0,0,0,0,0,0,1,0,0,0,0,0,0,3,0,1,4,1,1,0,0,0,0,0,0,1,1,2,4,3,1,6,4,0,0,0,0,1,0,1,0,0,0,0,0,0,0,0,0,7044,27,0,160,252,34,802,38,1334,38,3284,47,1140,134,283,53,30,29,10,31,91,91,252,80,11,8,0,0,0,0,0,0,0,0,0,0,1,1,0,0,0,0,0,0,0,0,2,2,0,0,1,0,0,0,0,1,0,0,0,0,0,0,0,0,9,2,5,1,4,0,12,3,24,15,1,4
0,2,1,1,0,0,1,0,0,1,0,0,0,0,0,1,0,0,0,0,0,0,0,0,0,0,0,0,0,0,0,0,0,0,0,0,0,0,0,0,0,1,4,5,0,0,0,0,0,0,0,0,0,0,0,0,0,0,0,3,0,0,0,0,0,0,0,0,0,0,1,1,1,0,1,2,0,0,0,0,0,0,0,0,0,0,0,0,0,0,0,0,0,5,11,5103,160,0,6,153,24,412,19,1444,74,2565,41,2289,7,92,9,22,5,7,47,68,181,131,24,2,0,0,0,0,0,0,0,0,0,0,0,0,0,0,0,0,0,0,0,0,0,0,0,0,0,0,0,0,0,0,0,0,0,0,0,0,0,0,5,0,0,0,0,1,2,0,2,0,0,0
4,1,0,3,1,0,0,1,0,2,0,0,12,1,2,2,0,0,1,0,0,0,0,0,0,0,0,0,0,0,0,0,8,2,0,0,5,1,2,0,32,7,16,0,0,0,0,0,0,0,5,4,0,0,1,0,1,0,4,0,4,2,5,3,2,0,0,0,0,0,12,8,6,8,63,18,38,18,8,1,0,0,13,0,3,0,0,0,2,0,0,0,1,0,113,5,252,6,0,52,969,54,139,17,171,5,585,50,2097,63,89,15,248,176,131,64,26,45,33,244,0,0,0,0,16,2,8,2,23,3,75,2,1,0,61,10,16,2,4,2,55,8,21,6,12,1,7,6,18,5,0,0,0,0,1,1,0,0,1,4,2,1,3,3,208,20,260,47,409,50
0,6,0,3,1,3,0,0,0,0,0,0,0,1,0,8,0,0,0,1,0,0,0,0,0,0,0,0,0,0,0,0,1,3,0,0,0,2,0,0,0,23,4,19,0,0,0,0,0,0,0,69,0,0,0,0,0,0,0,0,2,4,0,3,0,0,0,0,0,0,0,8,0,8,8,16,8,16,1,2,0,0,2,0,0,1,0,0,0,0,0,0,0,2,16,283,34,153,52,0,145,1620,11,248,33,170,192,1326,96,996,119,82,131,268,279,46,21,64,100,127,0,0,0,0,1,1,0,1,0,9,0,0,0,0,1,6,0,1,0,5,2,46,1,23,1,3,0,2,1,3,0,0,0,0,0,1,0,1,17,13,2,23,0,6,60,49,52,275,49,15
1,2,1,1,0,0,0,0,0,0,0,0,1,0,1,2,0,0,1,0,0,0,0,0,0,0,0,0,0,0,0,0,4,0,0,0,2,1,2,0,47,5,14,3,0,0,8,0,2,0,107,0,1,0,0,0,1,0,105,0,2,2,1,1,1,0,0,0,0,0,1,3,0,3,5,3,9,5,1,2,0,0,3,0,2,0,0,0,0,0,0,0,0,0,781,13,802,24,969,145,0,310,2487,54,417,20,880,109,502,108,75,47,43,374,1428,481,135,105,41,22,0,0,0,0,2,0,0,1,5,0,16,0,2,0,10,0,2,0,2,0,36,1,34,0,59,0,6,0,1,0,0,0,0,0,0,0,0,0,6,0,2,1,1,0,8,1,40,22,58,3
0,0,0,0,0,0,0,0,0,0,0,0,0,0,0,1,0,0,0,0,0,0,0,0,0,0,0,0,0,0,0,0,0,0,0,0,0,0,0,0,0,1,1,6,0,0,0,1,0,0,0,41,0,0,0,0,0,0,1,1,0,0,0,0,0,0,0,0,0,0,0,0,2,0,0,1,3,0,0,0,0,0,0,0,0,0,0,0,0,0,0,0,0,6,15,648,38,412,54,1620,310,0,14,1618,22,271,117,1163,50,355,31,74,29,222,1133,332,94,124,104,38,0,0,0,0,0,0,0,0,0,0,0,0,0,0,0,0,0,0,0,0,0,1,0,0,0,0,0,0,0,0,0,0,0,0,0,0,1,0,1,0,1,1,0,0,2,0,7,8,0,1
0,1,0,1,2,0,0,0,0,0,0,0,0,0,0,1,0,0,0,0,0,0,0,0,0,0,0,0,0,0,0,0,2,1,0,0,0,0,3,6,1,1,7,0,0,0,135,2,6,0,397,1,4,0,5,0,4,0,185,0,0,2,1,0,0,0,0,0,0,0,18,1,0,1,2,0,0,2,1,2,0,0,0,0,1,0,0,0,3,0,0,0,1,0,6943,15,1334,19,139,11,2487,14,0,88,276,5,308,50,235,40,31,5,5,18,77,395,458,72,11,7,0,0,0,0,0,0,0,0,0,0,0,0,0,0,0,0,0,0,0,1,0,0,0,0,0,0,0,0,0,0,0,0,0,0,0,0,0,0,1,0,0,0,3,0,3,1,17,11,1,3
0,1,0,0,0,1,0,0,1,0,0,0,0,0,0,2,0,0,0,0,0,0,0,0,0,0,0,0,0,0,0,0,0,0,0,0,0,1,0,0,1,0,1,3,0,0,27,61,2,10,0,245,0,9,0,19,0,10,0,29,0,2,0,0,0,0,0,1,0,0,1,1,0,0,1,1,0,0,0,1,0,0,0,0,0,1,0,0,0,24,0,0,0,38,29,4918,38,1444,17,248,54,1618,88,0,17,402,87,1061,38,386,10,15,25,41,152,1034,744,150,173,6,0,0,0,0,0,0,0,0,0,0,0,0,0,0,0,0,0,0,0,0,0,1,0,1,0,0,0,0,0,0,0,0,0,0,0,0,0,0,1,2,0,1,0,1,1,1,2,0,0,1
0,1,0,1,0,0,0,1,1,0,0,0,0,1,0,3,0,0,0,0,0,0,0,0,0,0,0,0,0,0,0,0,1,0,0,0,0,1,0,0,1,5,10,3,0,0,0,0,0,0,0,0,0,0,0,0,0,0,1,0,1,1,2,1,0,0,0,0,0,0,0,4,0,1,8,2,5,4,1,0,0,0,0,0,0,0,0,0,0,0,0,0,0,0,359,24,3284,74,171,33,417,22,276,17,0,41,3429,121,370,74,42,26,6,22,41,32,125,60,4,11,0,0,0,0,3,1,0,0,3,0,0,0,0,0,0,0,0,0,2,0,0,0,0,0,1,1,0,0,1,0,0,0,0,0,0,0,0,0,5,3,4,0,1,0,8,8,23,21,1,3
