0,128,1650,56,1374,43,1329,13,371,1,2,0,191,15,610,207,0,0,9,0,0,0,0,0,0,0,0,0,0,0,0,0,83,5,0,0,86,95,5,0,33,2,7,1,1,0,0,0,1,1,1,1,3,0,42,1,1,0,0,0,4122,23,256,13,339,1,86,2,283,0,113,31,730,29,883,33,700,28,238,12,0,0,3,0,35,5,8,1,293,2,0,0,18,0,7,11,3,11,38,3,2,1,2,0,4,0,13,8,8,4,5,2,19,4,1,2,0,1,2,2,0,0,0,0,9,0,284,13,263,19,94,6,0,0,39,3,8,0,12,0,15,1,13,0,177,13,18,3,9,0,0,0,0,0,27,1,1,0,0,1,13,3,22,3,2,0,0,0,3,1
128,0,61,2746,21,1946,19,1549,6,108,1,33,6,718,241,695,0,0,4,14,0,2,0,0,0,0,0,0,0,0,0,5,4,43,0,0,89,162,2,3,5,132,0,2,0,0,2,10,1,10,1,5,0,22,2,104,0,7,0,1,66,4506,19,355,5,206,8,182,4,328,27,179,140,208,76,520,49,873,13,337,0,0,0,3,1,28,2,7,4,73,0,2,0,37,1,3,2,0,7,36,0,0,1,1,1,1,2,3,2,17,0,1,26,19,2,0,0,0,0,4,0,0,0,0,2,15,23,250,14,561,6,57,0,0,4,20,0,2,1,11,1,17,0,48,19,304,3,48,3,33,0,0,1,0,15,13,2,2,0,2,4,28,0,106,0,5,0,1,11,0
1650,61,0,63,5876,57,310,20,724,17,303,2,52,2,791,101,22,1,2446,62,278,17,151,8,179,0,95,0,54,0,172,0,280,2,0,0,92,32,4,0,14,1,2,1,1,0,3,0,7,1,1,0,3,1,33,1,4,0,1,0,262,4,156,5,47,1,10,1,88,1,150,15,194,9,1173,98,991,45,127,8,0,0,1,0,11,2,18,1,72,1,4,0,14,0,9,2,3,1,12,0,0,1,1,1,0,3,2,3,4,2,0,0,3,0,1,0,0,0,0,1,0,0,2,0,10,3,146,8,39,7,28,2,1,0,39,2,6,1,3,0,0,0,8,0,98,12,7,1,6,0,15,7,33,12,54,43,6,1,0,0,6,0,10,1,1,1,2,1,2,1
56,2746,63,0,54,7287,10,770,37,702,4,347,3,128,169,1243,16,3,105,1152,7,265,5,122,0,122,0,110,0,91,0,62,11,195,0,0,59,224,0,7,3,31,0,5,0,18,12,8,4,11,0,25,1,1,0,15,0,1,0,6,17,198,5,115,1,15,1,34,0,41,21,245,20,37,244,1287,65,1179,15,131,0,0,0,1,1,11,3,27,1,60,0,14,0,11,1,1,2,0,2,9,2,0,0,0,0,0,1,2,1,3,0,1,12,4,0,0,0,0,0,1,0,0,0,0,1,20,13,138,2,76,4,17,0,1,7,42,1,13,0,6,0,0,4,3,13,143,0,14,0,17,25,15,83,39,78,100,4,6,0,2,0,6,2,13,0,3,0,0,6,1
1374,21,5876,54,0,53,601,27,2312,17,281,4,38,11,312,108,5,0,471,40,10,2,5,0,86,0,146,0,83,0,431,0,175,5,0,0,87,32,5,0,11,2,1,0,6,0,3,1,3,1,4,0,6,1,110,0,2,0,1,0,120,1,71,2,88,1,25,2,278,0,54,14,26,2,2069,153,509,27,87,4,0,0,0,0,21,4,12,1,292,0,1,0,45,0,2,0,1,1,8,1,3,0,1,0,0,0,1,0,0,1,0,0,5,3,0,0,0,0,0,0,0,0,0,0,7,1,66,12,14,4,8,1,1,0,34,3,9,2,1,0,0,0,2,1,78,11,4,0,4,2,1,0,8,3,81,112,2,1,1,0,0,2,6,0,0,0,1,0,2,0
43,1946,57,7287,53,0,14,2152,32,2565,3,707,2,80,181,474,4,1,87,287,0,34,2,16,0,23,0,76,0,65,0,159,6,91,0,0,70,136,0,1,3,20,0,1,0,2,1,15,3,11,1,20,1,20,1,56,0,8,0,4,8,195,7,123,1,66,2,42,1,164,22,178,6,15,163,1984,41,497,6,54,0,0,0,1,3,14,2,13,1,74,0,8,1,33,0,0,1,0,3,7,1,0,1,0,0,0,2,1,1,2,0,0,7,2,0,0,0,0,0,0,0,0,0,0,0,9,22,72,4,38,4,5,0,0,3,26,2,8,0,1,0,0,0,4,12,122,1,9,0,7,4,3,40,11,93,93,2,1,0,0,1,5,1,6,0,3,0,0,4,0
1329,19,310,10,601,14,0,9,1187,1,7,0,469,2,393,42,0,0,22,1,0,0,0,0,0,0,0,0,0,0,0,0,247,3,0,0,46,13,2,1,5,2,4,0,0,0,2,1,1,0,0,0,1,0,41,0,2,0,0,0,224,3,55,3,81,0,127,2,103,0,59,14,38,2,307,18,166,5,37,2,0,0,6,0,150,2,38,0,454,1,0,0,34,0,0,1,0,1,4,1,1,0,1,0,0,0,0,3,2,1,0,0,1,0,0,0,0,0,0,0,0,0,0,0,0,0,50,3,23,3,18,0,0,0,11,0,2,0,2,0,1,0,3,0,37,4,3,0,4,0,0,0,0,0,20,9,1,0,0,0,3,0,5,0,0,0,0,0,1,0
13,1549,20,770,27,2152,9,0,16,1549,1,85,1,713,71,577,0,0,27,166,0,0,0,0,0,1,0,0,0,1,0,6,7,721,0,0,38,180,0,2,0,6,0,2,0,0,1,21,5,10,1,18,1,15,1,96,0,7,0,6,2,126,3,66,0,208,0,256,1,365,11,118,4,8,23,1056,19,379,3,24,0,0,0,2,2,89,0,17,3,287,0,1,0,103,0,0,0,1,0,1,0,0,0,0,0,0,1,0,0,2,0,0,2,2,0,0,0,0,0,0,0,0,0,0,1,2,5,61,1,26,0,13,0,0,1,16,0,1,0,1,0,0,0,2,2,67,1,6,0,5,0,0,4,2,55,59,0,0,0,0,0,3,1,6,0,0,0,0,4,0
371,6,724,37,2312,32,1187,16,0,3,1244,2,159,4,363,34,0,0,461,24,0,0,1,0,2,0,1,0,70,0,130,0,1244,3,0,0,127,17,5,0,5,1,1,0,2,0,7,1,4,1,7,0,1,0,49,0,4,0,1,0,56,3,23,1,31,1,70,1,61,1,90,10,20,0,1390,52,530,11,66,2,0,0,1,0,178,2,31,0,567,1,0,0,76,2,0,0,1,0,4,2,0,0,0,0,0,0,1,0,2,0,0,2,1,1,0,0,1,0,0,3,0,0,1,0,5,0,28,4,12,3,5,0,0,0,29,0,7,0,3,0,1,0,2,1,43,7,2,1,3,0,0,0,5,2,33,23,0,0,0,0,0,0,2,0,1,0,0,0,0,0
1,108,17,702,17,2565,1,1549,3,0,0,1159,0,63,20,180,0,0,21,232,0,1,0,3,0,1,0,5,0,11,0,77,0,604,0,0,10,85,1,1,2,13,0,1,0,3,2,7,1,1,0,12,0,2,0,15,0,1,0,4,0,20,2,11,0,30,0,48,0,53,3,54,0,7,29,831,14,453,2,33,0,0,0,2,0,46,1,3,0,104,0,1,0,39,1,0,0,0,0,5,0,0,0,1,0,0,0,0,0,1,0,0,2,2,0,0,0,0,0,0,0,0,0,0,0,7,0,44,0,9,1,3,0,0,1,25,0,5,0,1,0,0,0,2,5,57,0,8,0,3,1,0,8,2,21,36,0,0,0,1,0,0,0,3,0,0,0,0,1,1
2,1,303,4,281,3,7,1,1244,0,0,0,1,0,10,2,11,0,73,5,13,2,21,0,87,0,52,0,1600,0,1136,0,539,0,0,0,10,0,0,0,11,0,2,0,8,0,3,0,2,0,4,0,2,1,9,0,4,0,0,0,5,0,2,0,0,0,5,0,1,0,8,0,8,0,775,7,779,1,54,0,0,0,2,0,19,0,56,0,30,0,8,0,3,0,1,1,0,0,1,0,0,0,0,1,0,0,0,0,0,0,0,0,1,1,0,0,0,0,0,0,0,0,0,0,6,0,14,0,3,0,2,0,0,0,11,0,3,0,3,0,0,0,1,0,15,1,1,0,0,0,0,0,1,1,6,4,1,0,0,0,0,0,0,1,0,0,0,0,1,0
0,33,2,347,4,707,0,85,2,1159,0,0,0,53,1,23,2,1,8,85,0,20,1,29,0,91,0,459,0,1152,0,658,0,810,0,0,0,8,0,1,0,29,0,1,0,7,2,5,0,1,0,10,0,5,0,4,0,4,0,11,0,12,1,1,0,7,0,26,0,24,1,4,0,1,32,521,2,647,0,50,0,0,0,1,0,34,0,42,0,78,0,20,0,9,0,0,0,0,0,4,0,0,0,2,0,0,0,1,0,0,0,0,2,2,0,0,0,0,0,0,0,0,0,0,0,5,0,22,0,3,0,5,0,0,0,20,0,3,0,3,0,0,0,0,0,37,0,0,0,1,2,4,16,6,4,11,1,1,0,0,0,0,0,1,0,0,0,0,2,0
191,6,52,3,38,2,469,1,159,0,1,0,0,2,81,17,0,0,2,1,0,0,0,0,0,0,0,0,0,0,0,0,887,2,0,0,20,10,21,4,9,2,5,0,0,0,0,0,0,1,0,0,5,1,15,0,1,0,0,0,1014,6,125,10,59,1,520,7,32,0,84,28,43,3,97,7,363,6,43,0,0,0,289,0,895,5,190,0,174,3,0,0,4,0,0,3,3,1,6,0,1,0,2,0,3,2,2,1,2,2,1,1,0,3,0,0,1,0,0,1,0,0,0,0,0,0,37,1,52,16,11,0,0,0,2,0,0,0,1,1,5,1,2,1,22,6,8,1,2,0,0,0,0,0,5,1,2,0,0,0,3,0,3,1,0,1,0,0,0,0
15,718,2,128,11,80,2,713,4,63,0,53,2,0,33,159,0,0,1,9,0,0,0,0,0,0,0,0,0,4,0,4,1,1445,0,0,7,41,2,0,3,16,0,0,0,0,0,2,2,3,0,4,0,5,0,23,0,4,0,0,15,768,6,77,2,84,4,1048,1,159,22,76,3,18,6,158,15,473,3,67,0,0,0,243,1,457,1,72,0,96,0,0,0,17,1,0,0,0,1,6,0,0,0,0,0,0,1,1,0,3,0,0,1,4,0,0,0,0,0,0,0,0,0,0,1,1,2,41,4,44,0,12,0,0,1,5,0,1,0,7,0,2,0,2,6,44,0,9,0,3,1,0,0,1,10,7,0,1,0,0,0,4,0,12,0,3,0,0,1,0
610,241,791,169,312,181,393,71,363,20,10,1,81,33,0,628,0,0,447,20,0,0,0,0,0,0,0,0,0,1,1,1,141,15,0,0,1276,261,5,1,13,13,4,0,0,0,8,1,5,3,8,0,5,1,8,2,0,1,0,0,274,37,174,17,28,3,10,8,28,10,643,64,731,30,555,98,629,115,190,28,0,0,1,0,15,2,31,1,62,5,0,0,9,3,3,3,3,2,32,4,7,0,5,4,4,1,7,6,7,9,0,1,16,11,1,0,0,0,1,2,0,0,1,0,15,2,307,46,72,20,40,5,1,0,59,2,13,1,3,0,7,0,5,2,194,57,7,7,4,6,0,0,1,0,157,61,3,0,1,0,7,2,20,8,2,0,1,0,7,0
207,695,101,1243,108,474,42,577,34,180,2,23,17,159,628,0,0,0,25,300,0,3,0,0,0,0,0,0,0,1,0,1,26,104,0,0,226,2393,0,2,4,38,1,6,0,1,3,13,0,10,1,26,0,2,0,13,0,1,0,2,51,312,19,163,4,13,1,30,6,32,39,461,141,981,97,620,97,665,27,158,0,0,0,4,1,8,1,9,9,16,0,2,1,7,1,1,2,0,4,22,1,1,2,0,3,0,4,3,1,11,1,1,16,11,1,0,0,0,0,2,0,0,0,0,2,16,61,222,18,169,11,42,0,0,12,50,3,9,1,6,0,5,2,17,34,240,3,27,2,22,0,0,3,17,91,88,0,3,0,0,1,15,6,34,0,10,1,0,5,2
0,0,22,16,5,4,0,0,0,0,11,2,0,0,0,0,0,9,53,24,260,42,533,15,133,0,0,1,135,0,0,0,102,0,0,0,40,10,5,0,39,0,42,0,247,0,1,0,0,0,4,0,0,0,5,0,3,0,2,0,0,0,0,0,0,0,0,0,0,0,3,0,0,0,162,74,751,7,27,1,0,0,0,0,3,0,28,0,12,0,12,0,3,0,0,0,0,0,0,0,0,0,0,0,0,0,0,0,0,0,0,0,0,0,0,0,0,0,0,0,0,0,0,0,3,0,0,0,0,0,0,0,5,0,0,2,0,0,1,0,0,0,0,0,0,0,0,0,0,0,298,6,79,7,219,4,1528,5,0,0,0,0,2,0,1,0,0,0,0,0
0,0,1,3,0,1,0,0,0,0,0,1,0,0,0,0,9,0,3,34,40,296,31,825,0,138,0,14,0,155,0,0,0,36,0,0,0,52,2,0,0,3,0,2,0,232,0,1,0,0,0,0,0,0,0,0,0,0,0,0,0,0,0,0,0,0,0,0,0,0,0,3,0,2,75,70,3,175,0,1,0,0,0,0,0,0,0,14,0,2,0,7,0,0,0,0,0,0,0,0,0,0,0,0,0,0,0,0,0,0,0,0,0,0,0,0,0,0,0,0,0,0,0,0,0,4,0,0,0,0,0,0,0,0,0,0,0,0,0,1,0,0,0,0,0,0,0,0,0,0,9,216,7,62,0,450,125,1086,0,0,0,0,0,0,0,0,0,0,0,0
9,4,2446,105,471,87,22,27,461,21,73,8,2,1,447,25,53,3,0,147,186,37,46,14,5,0,2,0,3,1,14,1,147,17,0,0,332,50,11,0,5,4,4,1,3,0,18,0,6,0,5,0,1,0,2,0,0,0,0,0,6,2,9,1,2,0,0,1,5,0,126,8,9,0,1100,199,618,68,83,9,0,0,0,0,9,2,2,1,14,1,0,0,2,0,0,0,0,0,6,0,0,0,1,0,0,0,0,0,1,0,0,0,4,0,0,0,0,0,0,0,0,0,1,0,4,3,45,19,4,3,2,1,1,0,44,7,3,1,0,0,0,0,0,0,70,14,0,1,1,1,28,7,761,38,569,95,23,3,0,0,0,1,5,1,0,1,0,0,3,1
0,14,62,1152,40,287,1,166,24,232,5,85,1,9,20,300,24,34,147,0,13,448,3,90,0,2,0,0,0,8,0,1,6,65,0,0,25,743,1,6,1,10,0,10,0,1,3,24,3,2,0,27,0,1,0,1,0,2,0,3,0,9,1,4,0,0,0,6,0,2,8,98,0,6,280,920,58,596,15,37,0,0,0,0,0,9,0,5,1,14,0,1,0,3,1,0,0,0,1,2,0,0,0,0,0,0,0,0,0,1,0,0,3,5,0,0,0,0,0,0,0,0,0,0,1,8,3,44,0,12,1,7,0,0,6,40,0,5,0,1,1,0,0,1,5,53,1,9,0,3,39,53,139,954,95,379,7,26,0,2,0,0,0,4,0,5,0,0,1,0
0,0,278,7,10,0,0,0,0,0,13,0,0,0,0,0,260,40,186,13,0,93,619,43,26,1,12,2,29,0,5,0,44,0,0,0,1,0,1,0,4,0,0,0,7,0,1,0,0,0,1,0,0,0,2,0,2,0,0,0,0,0,0,0,0,0,0,0,0,0,0,1,0,0,194,39,110,2,1,0,0,0,0,0,0,0,4,0,0,1,3,0,0,0,0,0,0,0,0,0,0,0,0,0,0,0,0,0,0,0,0,0,0,0,0,0,0,0,0,0,0,0,0,0,0,0,0,0,0,0,0,0,0,0,0,0,0,0,0,0,0,0,0,0,0,0,0,0,0,0,131,6,139,2,0,1,275,28,0,0,0,0,0,0,0,0,0,0,0,0
0,2,17,265,2,34,0,0,0,1,2,20,0,0,0,3,42,296,37,448,93,0,46,814,2,22,0,6,0,34,0,4,1,19,0,0,2,20,0,2,0,7,0,1,0,20,2,0,1,2,0,1,0,1,0,1,0,1,0,3,0,0,0,0,0,0,0,0,0,0,2,6,0,0,334,476,6,184,1,0,0,0,0,0,0,0,0,18,0,11,0,13,0,1,0,0,0,0,0,0,0,0,0,0,0,0,0,0,0,0,0,0,0,0,0,0,0,0,0,0,0,0,0,0,0,1,0,0,0,0,0,0,0,0,1,2,0,0,0,0,0,0,0,0,0,0,0,0,0,0,149,260,70,201,3,209,40,190,0,0,0,0,0,0,0,0,0,0,0,0
0,0,151,5,5,2,0,0,1,0,21,1,0,0,0,0,533,31,46,3,619,46,0,143,179,1,40,0,146,0,2,0,111,0,0,0,7,0,2,0,7,0,9,0,34,0,0,0,0,0,2,0,0,0,3,0,2,0,1,0,0,0,0,0,0,0,0,0,0,0,2,0,0,0,114,15,477,2,22,0,0,0,0,0,1,0,20,0,5,0,7,0,2,0,0,0,0,0,0,0,0,0,0,0,0,0,0,0,0,0,0,0,0,0,0,0,0,0,0,0,0,0,0,0,0,0,0,0,0,0,0,0,0,0,0,0,0,0,1,0,0,0,0,0,1,0,0,0,0,0,241,3,71,1,13,1,1123,23,0,0,0,0,0,0,0,0,0,0,0,0
0,0,8,122,0,16,0,0,0,3,0,29,0,0,0,0,15,825,14,90,43,814,143,0,1,588,0,81,0,233,0,11,0,88,0,0,1,9,0,0,0,14,0,2,0,92,1,3,0,1,0,5,0,0,0,1,0,5,0,8,0,1,0,0,0,1,0,0,0,0,1,3,0,0,145,187,5,374,0,5,0,0,0,0,0,0,0,38,0,15,0,31,0,6,0,0,0,0,0,0,0,0,0,0,0,0,0,0,0,0,0,0,0,0,0,0,0,0,0,0,0,0,0,0,0,0,0,1,0,0,0,0,0,0,0,1,0,0,0,2,0,0,0,1,0,0,0,0,0,0,25,46,20,43,1,40,59,960,0,0,0,0,0,0,0,0,0,0,0,0
0,0,179,0,86,0,0,0,2,0,87,0,0,0,0,0,133,0,5,0,26,2,179,1,0,0,633,0,761,0,10,0,237,0,0,0,0,0,0,0,10,0,21,0,69,0,0,0,0,1,3,0,0,0,1,0,0,0,0,0,0,0,0,0,0,0,0,0,0,0,0,0,0,0,35,1,223,0,6,0,0,0,0,0,3,0,105,0,4,0,12,0,3,0,0,0,0,0,0,0,0,0,0,0,0,0,0,0,0,0,0,0,0,0,0,0,0,0,0,0,0,0,0,0,0,0,0,0,0,0,0,0,1,0,1,0,0,0,2,0,0,0,0,0,1,0,0,0,0,0,0,0,1,0,0,0,21,0,0,0,0,0,0,0,0,0,0,0,0,0
0,0,0,122,0,23,0,1,0,1,0,91,0,0,0,0,0,138,0,2,1,22,1,588,0,0,0,465,0,1405,0,19,0,182,0,0,0,0,0,0,0,9,0,2,0,75,2,0,0,1,1,2,1,0,0,0,0,1,0,8,0,1,0,0,0,0,0,0,0,0,0,2,0,0,3,22,0,174,0,0,0,0,0,0,0,2,0,47,0,16,0,30,0,3,0,0,0,0,0,0,0,0,0,0,0,0,0,0,0,0,0,0,0,0,0,0,0,0,0,0,0,0,0,0,0,0,0,0,0,0,0,0,0,0,0,1,0,0,0,2,0,0,0,0,0,0,0,0,0,0,2,0,1,0,0,1,1,99,0,0,0,0,0,0,0,0,0,0,0,0
0,0,95,0,146,0,0,0,1,0,52,0,0,0,0,0,0,0,2,0,12,0,40,0,633,0,0,0,28,0,1,0,9,0,0,0,0,0,0,0,1,0,0,0,3,0,0,0,0,0,0,0,0,0,0,0,0,0,0,0,0,0,0,0,0,0,0,0,0,0,0,0,0,0,12,0,18,0,1,0,0,0,0,0,0,0,1,0,2,0,0,0,0,0,0,0,0,0,0,0,0,0,0,0,0,0,0,0,0,0,0,0,0,0,0,0,0,0,0,0,0,0,0,0,0,0,0,0,0,0,0,0,0,0,0,0,0,0,0,0,0,0,0,0,0,0,0,0,0,0,0,0,0,0,0,0,1,0,0,0,0,0,0,0,0,0,0,0,0,0
0,0,0,110,0,76,0,0,0,5,0,459,0,0,0,0,1,14,0,0,2,6,0,81,0,465,0,0,0,665,0,79,0,177,0,0,0,0,0,0,0,10,0,5,0,25,2,3,0,0,0,8,0,2,0,1,0,0,0,6,0,0,0,0,0,0,0,0,0,0,1,2,0,0,3,42,0,150,0,1,0,0,0,0,0,0,0,59,0,35,0,44,0,6,0,0,0,0,0,0,0,0,0,0,0,0,0,0,0,0,0,0,0,0,0,1,0,0,0,0,0,0,0,0,0,0,0,1,0,0,0,0,0,0,0,0,0,0,0,6,0,0,0,0,0,2,0,1,0,0,1,1,0,0,0,0,0,2,0,0,0,0,0,0,0,0,0,0,0,0
0,0,54,0,83,0,0,0,70,0,1600,0,0,0,0,0,135,0,3,0,29,0,146,0,761,0,28,0,0,0,191,0,729,0,0,0,0,0,0,0,13,0,294,0,44,0,0,0,0,0,5,0,1,0,7,0,5,0,2,0,0,0,0,0,0,0,0,0,0,0,1,0,0,0,154,1,195,0,1,0,0,0,0,0,1,0,470,0,7,0,12,0,4,0,0,0,0,0,0,0,0,0,0,0,0,0,0,0,0,0,0,0,0,0,0,0,0,0,0,0,0,0,0,0,0,0,1,0,0,0,0,0,0,0,1,0,0,0,2,0,0,0,0,0,0,0,0,0,1,0,1,0,5,0,0,0,15,0,0,0,0,0,0,0,0,0,0,0,0,0
0,0,0,91,0,65,0,1,0,11,0,1152,0,4,1,1,0,155,1,8,0,34,0,233,0,1405,0,665,0,0,0,211,0,446,0,0,0,1,1,0,0,14,0,0,0,59,3,1,0,1,0,5,0,0,0,1,0,0,0,2,0,0,0,0,0,0,0,1,0,0,0,4,0,0,3,55,0,238,0,3,0,0,0,0,0,8,0,71,0,26,0,16,0,4,0,0,0,0,0,0,0,0,0,1,0,0,0,0,0,0,0,0,0,0,0,0,0,0,0,0,0,0,0,0,0,0,0,0,0,1,0,0,0,0,0,1,0,0,0,1,0,1,1,1,0,2,0,0,0,0,1,3,3,0,0,0,1,64,0,0,0,0,0,0,0,0,0,0,0,0
0,0,172,0,431,0,0,0,130,0,1136,0,0,0,1,0,0,0,14,0,5,0,2,0,10,0,1,0,191,0,0,0,58,0,0,0,0,1,0,0,1,0,0,0,1,0,0,0,0,0,1,0,0,0,3,0,0,0,0,0,0,0,0,0,0,0,1,0,0,0,0,0,0,0,308,0,189,0,23,0,0,0,0,0,1,0,5,0,3,0,0,0,0,0,0,0,0,0,1,0,0,0,0,0,0,0,0,1,0,0,0,0,0,0,0,0,0,0,0,0,0,0,0,0,0,0,0,0,1,0,0,0,0,0,4,0,1,0,0,0,0,0,0,0,4,0,0,0,0,0,0,0,1,0,2,0,1,0,0,0,0,0,0,0,0,0,0,0,0,0
0,5,0,62,0,159,0,6,0,77,0,658,0,4,1,1,0,0,1,1,0,4,0,11,0,19,0,79,0,211,0,0,0,48,0,0,0,2,0,1,0,4,0,1,0,2,0,2,0,0,0,2,0,0,0,0,0,0,0,1,0,1,0,0,0,0,0,1,0,1,0,6,0,0,2,78,0,109,0,7,0,0,0,0,0,5,0,5,0,11,0,2,0,3,0,0,0,0,0,0,0,0,0,0,0,0,0,0,0,0,0,0,0,0,0,0,0,0,0,0,0,0,0,0,0,0,0,3,0,0,0,0,0,0,0,0,0,0,0,2,0,0,0,0,0,4,0,0,0,0,0,0,1,1,0,2,0,0,0,0,0,0,0,0,0,0,0,0,0,0
83,4,280,11,175,6,247,7,1244,0,539,0,887,1,141,26,102,0,147,6,44,1,111,0,237,0,9,0,729,0,58,0,0,1,0,0,32,10,21,4,67,2,40,0,157,0,6,0,6,4,22,0,15,3,89,3,25,0,5,0,199,2,121,5,55,1,49,4,40,7,60,31,22,2,463,27,2036,10,60,0,0,0,74,0,654,4,673,0,320,7,192,0,22,0,1,1,2,1,5,0,1,1,2,0,0,0,0,0,0,0,0,0,1,0,0,0,0,0,1,1,0,0,0,0,3,0,45,1,22,2,3,1,1,0,8,0,2,0,11,2,11,1,14,1,39,4,4,1,1,1,0,0,13,2,16,13,3,0,0,0,0,0,2,0,3,0,0,0,2,0
5,43,2,195,5,91,3,721,3,604,0,810,2,1445,15,104,0,36,17,65,0,19,0,88,0,182,0,177,0,446,0,48,1,0,0,0,5,32,4,10,0,73,0,7,0,266,10,11,3,15,2,27,4,11,5,19,0,9,0,18,9,100,8,83,4,22,3,259,1,47,23,121,0,6,9,241,3,2038,1,26,0,0,1,45,1,651,2,521,6,179,0,112,3,20,0,0,0,0,0,2,0,0,0,2,0,0,0,1,0,3,0,0,5,0,0,0,0,0,0,0,0,0,0,0,0,2,3,23,6,20,0,0,0,0,0,5,0,2,0,17,1,9,1,7,2,32,0,3,0,1,1,2,4,0,12,6,0,16,0,0,0,2,0,1,0,0,0,0,0,0
0,0,0,0,0,0,0,0,0,0,0,0,0,0,0,0,0,0,0,0,0,0,0,0,0,0,0,0,0,0,0,0,0,0,0,0,0,0,0,0,0,0,0,0,0,0,0,0,0,0,0,0,0,0,0,0,0,0,0,0,0,0,0,0,0,0,0,0,0,0,0,0,0,0,0,0,0,0,0,0,0,0,0,0,0,0,0,0,0,0,0,0,0,0,0,0,0,0,0,0,0,0,0,0,0,0,0,0,0,0,0,0,0,0,0,0,0,0,0,0,0,0,0,0,0,0,0,0,0,0,0,0,0,0,0,0,0,0,0,0,0,0,0,0,0,0,0,0,0,0,0,0,0,0,0,0,0,0,0,0,0,0,0,0,0,0,0,0,0,0
0,0,0,0,0,0,0,0,0,0,0,0,0,0,0,0,0,0,0,0,0,0,0,0,0,0,0,0,0,0,0,0,0,0,0,0,0,0,0,0,0,0,0,0,0,0,0,0,0,0,0,0,0,0,0,0,0,0,0,0,0,0,0,0,0,0,0,0,0,0,0,0,0,0,0,0,0,0,0,0,0,0,0,0,0,0,0,0,0,0,0,0,0,0,0,0,0,0,0,0,0,0,0,0,0,0,0,0,0,0,0,0,0,0,0,0,0,0,0,0,0,0,0,0,0,0,0,0,0,0,0,0,0,0,0,0,0,0,0,0,0,0,0,0,0,0,0,0,0,0,0,0,0,0,0,0,0,0,0,0,0,0,0,0,0,0,0,0,0,0
86,89,92,59,87,70,46,38,127,10,10,0,20,7,1276,226,40,0,332,25,1,2,7,1,0,0,0,0,0,0,0,0,32,5,0,0,0,234,468,3,14,4,4,0,0,0,88,0,38,1,17,1,8,0,2,1,0,0,0,0,112,30,89,14,8,0,16,9,1,1,2738,19,557,41,530,58,197,40,44,10,0,0,0,0,3,0,1,1,9,3,0,0,1,0,0,1,2,1,6,0,1,0,1,0,1,0,2,0,2,3,0,2,6,3,0,0,0,0,0,1,0,0,0,0,3,0,66,25,77,20,17,3,0,0,14,4,3,0,4,1,0,2,6,2,56,21,6,1,9,5,39,0,204,1,820,66,101,0,0,0,2,0,4,5,0,0,0,0,2,0
95,162,32,224,32,136,13,180,17,85,0,8,10,41,261,2393,10,52,50,743,0,20,0,9,0,0,0,0,0,1,1,2,10,32,0,0,234,0,31,511,6,29,1,11,0,0,8,116,85,21,0,74,4,4,4,7,0,1,0,2,73,149,32,82,10,7,20,34,3,20,181,2188,110,455,44,715,48,262,13,44,0,0,1,1,6,14,0,1,4,12,0,0,2,3,3,2,2,0,3,1,0,1,0,0,2,0,0,2,0,4,0,1,2,4,1,1,0,0,0,2,0,0,0,0,2,4,26,62,36,97,5,12,0,0,8,15,1,1,0,12,5,7,2,10,35,78,2,10,4,15,6,7,8,282,56,779,4,12,0,0,2,2,3,11,0,4,0,0,1,0
5,2,4,0,5,0,2,0,5,1,0,0,21,2,5,0,5,2,11,1,1,0,2,0,0,0,0,0,0,1,0,0,21,4,0,0,468,31,0,146,98,24,15,2,1,0,342,84,318,54,73,40,208,25,185,24,10,7,6,10,4,1,114,20,33,0,23,7,60,15,2403,167,1,0,8,3,44,12,10,1,0,0,4,0,45,20,5,2,98,17,1,0,24,14,0,1,0,1,3,1,1,0,1,2,0,0,2,0,1,1,0,1,0,1,6,2,0,0,0,0,0,0,0,0,0,1,6,1,48,0,0,0,1,0,0,0,2,0,7,7,12,3,27,6,32,2,3,0,10,0,6,0,54,0,55,4,11,1,0,0,1,1,0,0,0,1,0,0,2,0
0,3,0,7,0,1,1,2,0,1,0,1,4,0,1,2,0,0,0,6,0,2,0,0,0,0,0,0,0,0,0,1,4,10,0,0,3,511,146,0,33,56,1,4,1,1,163,261,164,253,23,112,211,51,115,41,15,6,6,9,0,0,26,27,4,7,11,4,15,53,294,1344,0,0,0,3,12,24,1,1,0,0,0,1,6,27,2,6,35,42,1,1,19,16,0,0,0,0,1,0,0,0,0,1,0,1,0,0,0,0,0,0,0,0,6,0,0,1,0,0,0,0,0,0,0,0,0,2,5,5,0,1,0,0,0,0,0,0,11,12,3,5,8,4,3,8,1,2,1,0,0,0,0,7,0,24,1,3,0,0,0,1,0,0,0,0,0,0,0,0
33,5,14,3,11,3,5,0,5,2,11,0,9,3,13,4,39,0,5,1,4,0,7,0,10,0,1,0,13,0,1,0,67,0,0,0,14,6,98,33,0,19,1934,2,729,0,37,34,24,25,357,16,48,15,183,10,83,2,308,1,67,4,69,20,14,3,8,3,16,21,140,114,31,2,96,2,315,7,239,3,0,0,2,0,30,16,164,0,244,14,736,2,762,1,24,4,19,8,68,8,36,1,9,6,6,1,31,10,18,18,4,2,39,21,0,1,0,2,0,5,0,0,1,0,26,0,92,2,141,7,10,0,82,0,81,4,13,0,533,7,75,4,189,5,618,2,9,0,16,1,0,0,1,0,2,0,229,0,1,0,6,2,209,1,6,2,0,1,37,1
2,132,1,31,2,20,2,6,1,13,0,29,2,16,13,38,0,3,4,10,0,7,0,14,0,9,0,10,0,14,0,4,2,73,0,0,4,29,24,56,19,0,0,1968,0,418,60,93,15,48,7,189,15,32,9,48,2,61,1,955,6,171,21,61,1,3,3,25,5,15,43,367,5,40,8,108,10,230,4,599,0,0,0,0,3,80,4,111,15,247,0,626,4,590,4,14,0,5,3,36,1,5,2,10,4,2,10,11,2,19,1,8,12,6,1,3,1,0,0,4,0,0,0,0,0,67,1,79,7,83,2,4,0,0,0,9,0,8,3,507,0,42,0,128,6,592,0,34,3,26,0,0,1,1,0,2,0,189,2,2,0,13,1,154,1,3,0,0,5,0
7,0,2,0,1,0,4,0,1,0,2,0,5,0,4,1,42,0,4,0,0,0,9,0,21,0,0,0,294,0,0,0,40,0,0,0,4,1,15,1,1934,0,0,2,442,0,27,0,16,1,708,0,14,0,17,0,15,0,732,0,28,0,33,2,8,1,3,2,7,1,56,10,1,1,17,0,28,2,21,6,0,0,0,0,4,0,127,0,78,3,100,0,242,0,29,30,38,17,36,15,25,6,22,10,24,6,77,18,17,31,22,5,3,3,6,3,1,1,0,1,0,0,0,0,0,0,1,0,30,0,1,0,0,0,0,0,0,0,13,1,4,1,1,1,2,2,0,1,0,0,0,0,0,0,0,0,2,0,0,0,4,0,14,1,3,0,1,0,0,0
1,2,1,5,0,1,0,2,0,1,0,1,0,0,0,6,0,2,1,10,0,1,0,2,0,2,0,5,0,0,0,1,0,7,0,0,0,11,2,4,2,1968,2,0,0,325,3,37,2,33,3,519,2,2,0,4,0,8,0,1193,2,11,2,10,0,0,2,1,0,1,7,258,0,6,0,5,1,16,1,6,0,0,0,0,0,5,0,1,1,32,0,177,0,75,9,50,4,21,4,58,4,22,3,26,7,3,4,46,3,19,0,12,0,0,3,0,1,1,1,3,0,0,0,0,0,0,0,0,2,4,0,0,0,0,0,1,0,0,0,7,0,1,0,0,0,6,0,0,0,0,0,0,0,1,0,3,0,4,0,2,0,3,0,4,0,0,0,1,0,0
1,0,1,0,6,0,0,0,2,0,8,0,0,0,0,0,247,0,3,0,7,0,34,0,69,0,3,0,44,0,1,0,157,0,0,0,0,0,1,1,729,0,442,0,0,0,4,1,1,3,26,0,6,0,18,0,16,0,3,0,0,0,1,0,0,0,0,0,0,0,0,1,0,0,1,1,484,1,56,0,0,0,0,0,4,0,353,0,107,0,590,0,74,0,0,1,0,0,0,0,0,0,1,0,0,0,0,0,0,0,0,0,2,0,1,0,0,0,0,0,0,0,0,0,6,0,1,0,1,1,1,0,29,0,18,3,0,0,17,0,3,0,9,1,8,0,0,0,0,0,0,0,0,0,0,0,131,0,0,0,0,0,38,0,1,0,0,0,2,0
0,0,0,18,0,2,0,0,0,3,0,7,0,0,0,1,0,232,0,1,0,20,0,92,0,75,0,25,0,59,0,2,0,266,0,0,0,0,0,1,0,418,0,325,0,0,7,9,1,3,1,25,0,3,0,6,0,5,0,124,0,2,1,0,0,0,0,1,0,4,3,13,0,0,2,11,0,269,0,55,0,0,0,0,0,6,0,259,1,73,0,771,0,137,0,0,0,2,2,4,1,0,0,1,0,0,1,0,1,2,0,0,7,4,0,1,0,0,0,0,0,0,0,0,0,45,1,0,1,2,0,0,0,0,0,2,0,1,0,21,0,2,0,1,0,5,0,0,0,0,0,0,0,1,0,3,1,346,0,0,0,0,0,5,0,0,0,0,5,0
0,2,3,12,3,1,2,1,7,2,3,2,0,0,8,3,1,0,18,3,1,2,0,1,0,2,0,2,0,3,0,0,6,10,0,0,88,8,342,163,37,60,27,3,4,7,0,3723,3295,1323,3660,1982,3740,138,2220,45,674,28,76,69,1,0,23,9,3,0,0,0,2,3,1712,372,0,0,7,1,23,17,1,0,0,0,0,0,5,19,8,10,72,114,4,8,89,112,6,5,0,0,0,1,25,1,33,44,0,0,0,0,0,0,0,0,1,0,22,55,0,0,0,0,0,0,0,0,0,1,1,1,0,2,0,0,0,0,1,0,0,0,6,12,4,2,4,4,1,5,0,0,1,0,2,0,47,5,41,4,0,0,0,0,0,0,0,0,0,0,0,0,0,0
0,10,0,8,1,15,1,21,1,7,0,5,0,2,1,13,0,1,0,24,0,0,0,3,0,0,0,3,0,1,0,2,0,11,0,0,0,116,84,261,34,93,0,37,1,9,3723,0,1110,3971,142,4041,109,1380,110,1671,25,751,9,292,0,3,4,12,2,2,1,2,1,17,239,2432,0,0,1,6,1,29,0,2,0,0,0,0,1,36,0,25,11,427,0,8,8,157,0,18,0,0,0,5,1,28,0,27,0,0,0,0,0,0,0,1,0,1,9,2,0,0,0,0,0,0,0,0,0,0,0,2,0,4,0,0,0,0,0,1,0,0,0,41,0,5,1,7,0,16,0,1,0,0,0,1,0,20,0,27,0,1,0,0,0,0,0,0,0,0,0,0,0,0
1,1,7,4,3,3,1,5,4,1,2,0,0,2,5,0,0,0,6,3,0,1,0,0,0,0,0,0,0,0,0,0,6,3,0,0,38,85,318,164,24,15,16,2,1,1,3295,1110,0,1065,254,145,2144,158,322,26,19,7,5,7,1,2,28,11,10,3,8,3,10,11,1480,567,0,0,5,1,13,8,4,0,0,0,1,0,6,14,4,1,19,21,0,3,20,17,0,2,0,0,2,0,5,1,0,0,1,0,0,0,0,0,0,0,0,0,3,0,0,0,0,0,0,0,0,0,0,0,0,2,5,2,0,0,0,0,2,1,0,1,3,5,1,2,3,4,3,6,0,0,2,0,1,0,12,4,21,10,0,0,0,0,0,0,0,0,1,0,0,0,0,0
1,10,1,11,1,11,0,10,1,1,0,1,1,3,3,10,0,0,0,2,0,2,0,1,1,1,0,0,0,1,0,0,4,15,0,0,1,21,54,253,25,48,1,33,3,3,1323,3971,1065,0,26,665,197,2757,197,733,45,206,4,124,1,9,39,189,9,25,4,23,4,108,209,1902,0,0,4,1,18,34,1,4,0,0,0,1,3,47,1,15,37,152,0,4,25,96,0,3,0,0,4,7,0,10,0,6,0,0,1,0,0,0,0,0,0,3,2,0,0,0,0,0,0,0,0,0,0,1,0,0,1,9,0,1,0,0,0,0,0,0,3,25,1,12,1,3,6,10,1,0,1,0,0,0,1,2,0,1,1,2,0,0,0,0,0,2,0,0,0,0,0,0
1,1,1,0,4,1,0,1,7,0,4,0,0,0,8,1,4,0,5,0,1,0,2,0,3,1,0,0,5,0,1,0,22,2,0,0,17,0,73,23,357,7,708,3,26,1,3660,142,254,26,0,239,387,7,518,3,2232,0,2560,11,2,1,3,1,0,0,1,0,1,0,1278,44,0,0,7,0,50,4,4,0,0,0,0,0,8,2,28,2,237,20,31,2,603,17,299,14,0,0,36,0,180,0,144,5,0,0,0,0,1,0,0,0,6,107,4,1,0,0,0,0,0,0,0,0,2,1,12,2,20,4,7,1,2,0,22,1,1,0,18,4,0,0,14,6,10,4,2,4,1,1,1,0,5,0,6,0,4,1,0,0,0,0,3,1,10,3,0,0,79,1
1,5,0,25,0,20,0,18,0,12,0,10,0,4,0,26,0,0,0,27,0,1,0,5,0,2,0,8,0,5,0,2,0,27,0,0,1,74,40,112,16,189,0,519,0,25,1982,4041,145,665,239,0,17,155,17,167,8,1815,2,2286,2,12,2,7,0,2,0,2,0,3,116,1448,1,2,2,15,2,66,0,27,0,0,0,0,1,24,1,35,0,294,0,36,1,365,0,969,0,0,1,72,0,153,1,835,0,0,1,0,0,0,0,0,3,162,4,235,0,0,1,1,0,0,0,0,1,6,0,9,1,36,0,4,0,0,0,2,0,1,2,27,0,20,0,16,2,25,0,3,0,3,0,0,1,11,0,15,0,9,0,0,0,1,0,19,0,6,0,0,75,0
3,0,3,1,6,1,1,1,1,0,2,0,5,0,5,0,0,0,1,0,0,0,0,0,0,1,0,0,1,0,0,0,15,4,0,0,8,4,208,211,48,15,14,2,6,0,3740,109,2144,197,387,17,0,47,4200,21,138,11,53,7,2,1,489,9,89,2,7,3,28,9,826,168,1,0,1,1,34,12,2,1,0,0,0,0,11,14,12,3,79,26,4,1,84,21,0,0,0,0,3,0,10,0,1,0,0,0,0,1,0,0,0,1,2,1,3,0,0,0,0,0,0,0,0,0,1,0,3,1,12,2,0,0,0,0,2,0,0,0,11,11,4,0,6,2,10,8,0,2,1,0,0,0,0,0,1,0,0,0,0,0,0,0,1,0,0,0,0,0,0,0
0,22,1,1,1,20,0,15,0,2,1,5,1,5,1,2,0,0,0,1,0,1,0,0,0,0,0,2,0,0,0,0,3,11,0,0,0,4,25,51,15,32,0,2,0,3,138,1380,158,2757,7,155,47,0,43,1886,7,190,4,84,0,10,7,369,2,48,1,18,2,420,67,947,0,1,0,2,8,24,0,2,0,0,0,0,1,39,2,8,11,90,0,2,7,55,0,1,0,0,0,1,0,1,0,4,0,0,0,0,0,0,0,0,0,0,2,0,0,0,0,0,0,0,0,0,0,1,0,1,2,4,0,0,0,0,0,2,0,0,1,10,1,3,3,3,0,7,0,0,0,0,0,0,0,0,0,0,0,1,0,0,0,0,0,0,0,0,0,0,0,0
42,2,33,0,110,1,41,1,49,0,9,0,15,0,8,0,5,0,2,0,2,0,3,0,1,0,0,0,7,0,3,0,89,5,0,0,2,4,185,115,183,9,17,0,18,0,2220,110,322,197,518,17,4200,43,0,26,2544,6,461,8,13,1,959,13,378,0,24,2,483,15,543,191,0,0,12,0,167,10,14,0,0,0,0,0,111,16,58,1,2869,15,27,2,920,21,4,1,1,0,3,1,1,0,8,0,2,0,1,0,1,1,0,0,2,2,7,0,0,0,0,0,0,0,0,0,2,0,7,0,20,2,1,0,1,0,4,0,0,0,45,9,20,0,25,2,41,4,1,0,1,0,0,0,3,0,0,0,2,0,0,0,2,0,1,1,0,0,0,0,0,0
1,104,1,15,0,56,0,96,0,15,0,4,0,23,2,13,0,0,0,1,0,1,0,1,0,0,0,1,0,1,0,0,3,19,0,0,1,7,24,41,10,48,0,4,0,6,45,1671,26,733,3,167,21,1886,26,0,5,2063,1,522,0,28,6,71,0,23,2,15,1,695,36,880,0,1,0,8,7,55,0,6,0,0,0,1,2,131,3,20,10,2127,0,10,4,583,0,1,0,0,0,8,0,0,0,4,0,0,0,0,0,1,0,0,1,0,0,0,0,0,0,0,0,0,0,0,0,0,0,4,1,9,0,0,0,0,1,3,0,0,1,20,1,7,0,15,2,12,0,0,0,1,0,0,0,0,0,0,0,1,0,0,1,0,1,2,0,0,0,0,0,0
1,0,4,0,2,0,2,0,4,0,4,0,1,0,0,0,3,0,0,0,2,0,2,0,0,0,0,0,5,0,0,0,25,0,0,0,0,0,10,15,83,2,15,0,16,0,674,25,19,45,2232,8,138,7,2544,5,0,4,2022,2,1,0,4,1,2,0,1,0,4,1,69,33,0,0,0,0,32,0,0,0,0,0,0,0,11,2,39,0,252,3,17,0,1151,4,70,0,1,0,0,0,0,0,8,0,0,0,0,0,0,0,0,0,0,0,1,0,0,0,0,0,0,0,0,0,0,0,1,0,1,0,0,0,0,0,1,0,0,0,10,4,1,0,4,0,10,1,0,0,1,0,0,0,0,0,0,1,0,0,0,0,0,0,0,0,0,0,0,0,0,0
0,7,0,1,0,8,0,7,0,1,0,4,0,4,1,1,0,0,0,2,0,1,0,5,0,1,0,0,0,0,0,0,0,9,0,0,0,1,7,6,2,61,0,8,0,5,28,751,7,206,0,1815,11,190,6,2063,4,0,0,2699,0,1,0,4,0,1,0,0,0,16,19,63,0,0,0,0,0,22,0,4,0,0,0,0,0,40,0,13,0,515,0,7,1,1828,0,71,0,0,0,1,0,0,0,30,0,0,0,0,0,0,0,0,0,0,0,0,0,0,0,0,0,0,0,0,0,1,0,0,0,0,0,0,0,0,0,0,0,0,0,16,0,3,0,3,0,4,0,3,0,2,0,0,0,0,0,0,0,1,0,0,0,0,0,0,0,0,0,0,0,0
0,0,1,0,1,0,0,0,1,0,0,0,0,0,0,0,2,0,0,0,0,0,1,0,0,0,0,0,2,0,0,0,5,0,0,0,0,0,6,6,308,1,732,0,3,0,76,9,5,4,2560,2,53,4,461,1,2022,0,0,2,0,0,2,0,1,0,0,0,0,1,67,11,0,0,0,0,14,1,1,0,0,0,0,0,1,0,79,0,96,0,232,0,2785,0,23,0,0,0,0,0,0,0,38,0,0,0,0,0,0,0,0,0,0,0,1,0,0,0,0,0,0,0,0,0,0,0,0,0,0,0,0,0,0,0,0,0,0,0,3,2,0,0,1,0,2,2,0,0,0,0,0,0,0,0,0,0,1,0,0,0,0,0,0,0,0,0,0,0,0,0
0,1,0,6,0,4,0,6,0,4,0,11,0,0,0,2,0,0,0,3,0,3,0,8,0,8,0,6,0,2,0,1,0,18,0,0,0,2,10,9,1,955,0,1193,0,124,69,292,7,124,11,2286,7,84,8,522,2,2699,2,0,0,2,1,0,0,1,0,1,0,5,13,124,0,0,0,3,0,25,0,1,0,0,0,0,0,7,0,21,0,220,0,303,1,2636,0,509,0,0,0,0,0,1,1,954,0,0,0,0,0,0,0,0,1,0,0,3,0,1,0,0,0,0,0,0,0,2,0,0,0,1,0,0,0,0,0,0,0,0,0,14,1,1,0,1,0,5,0,0,0,0,0,0,0,1,0,2,0,12,0,0,0,1,0,0,0,0,0,0,0,0
4122,66,262,17,120,8,224,2,56,0,5,0,1014,15,274,51,0,0,6,0,0,0,0,0,0,0,0,0,0,0,0,0,199,9,0,0,112,73,4,0,67,6,28,2,0,0,1,0,1,1,2,2,2,0,13,0,1,0,0,0,0,72,542,26,1409,3,1046,26,156,0,117,42,553,31,451,8,802,26,244,3,0,0,65,1,142,3,7,0,71,1,0,0,2,1,10,7,12,10,18,7,11,3,3,4,7,5,37,22,9,9,2,4,3,4,3,1,0,1,0,2,0,0,0,0,15,0,230,2,701,23,103,0,0,0,20,1,4,1,20,2,37,0,28,10,228,12,32,2,11,4,0,0,0,0,2,0,1,0,0,0,13,1,43,3,5,1,0,0,5,0
23,4506,4,198,1,195,3,126,3,20,0,12,6,768,37,312,0,0,2,9,0,0,0,1,0,1,0,0,0,0,0,1,2,100,0,0,30,149,1,0,4,171,0,11,0,2,0,3,2,9,1,12,1,10,1,28,0,1,0,2,72,0,26,778,5,712,15,1395,3,248,60,157,54,608,33,102,9,733,5,173,0,0,0,3,0,64,0,3,2,14,0,1,0,11,1,1,4,4,6,17,2,2,1,1,1,1,1,7,3,14,0,6,10,8,3,0,1,0,0,1,0,0,0,0,1,4,9,115,19,738,4,34,0,0,0,17,0,0,0,41,2,41,0,57,3,143,1,29,1,28,0,0,1,0,1,3,0,0,0,1,1,20,3,112,0,7,0,0,6,0
256,19,156,5,71,7,55,3,23,2,2,1,125,6,174,19,0,0,9,1,0,0,0,0,0,0,0,0,0,0,0,0,121,8,0,0,89,32,114,26,69,21,33,2,1,1,23,4,28,39,3,2,489,7,959,6,4,0,2,1,542,26,0,56,1296,8,307,21,750,20,730,146,107,9,57,5,371,30,56,3,0,0,13,1,101,42,7,4,87,26,0,1,16,5,5,3,5,5,23,4,7,3,4,0,3,0,11,8,4,2,1,0,5,3,0,1,0,0,0,3,1,0,0,0,2,1,46,4,329,24,22,0,0,0,10,0,0,0,24,12,25,8,54,6,109,12,24,4,22,5,1,0,1,0,5,4,0,0,0,1,6,2,8,2,2,1,0,0,2,0
13,355,5,115,2,123,3,66,1,11,0,1,10,77,17,163,0,0,1,4,0,0,0,0,0,0,0,0,0,0,0,0,5,83,0,0,14,82,20,27,20,61,2,10,0,0,9,12,11,189,1,7,9,369,13,71,1,4,0,0,26,778,56,0,9,389,16,452,4,715,95,1637,8,51,12,25,20,261,2,28,0,0,1,4,14,77,1,8,27,39,1,0,1,12,1,2,2,1,4,17,0,1,0,1,3,2,5,4,1,5,0,0,4,2,0,2,1,1,0,0,0,0,0,0,0,3,2,18,15,248,2,10,0,0,0,3,0,0,5,36,4,39,10,38,17,45,0,8,2,16,0,0,0,0,0,3,0,1,0,0,0,11,0,25,0,2,0,0,2,0
339,5,47,1,88,1,81,0,31,0,0,0,59,2,28,4,0,0,2,0,0,0,0,0,0,0,0,0,0,0,0,0,55,4,0,0,8,10,33,4,14,1,8,0,0,0,3,2,10,9,0,0,89,2,378,0,2,0,1,0,1409,5,1296,9,0,2,1419,3,1267,3,126,44,4,1,34,1,101,4,21,0,0,0,3,0,116,8,1,2,68,8,0,0,2,5,2,3,2,1,1,0,2,0,0,0,1,0,3,1,1,1,0,0,3,0,1,0,0,0,0,1,0,0,0,0,0,1,16,2,42,8,3,1,0,0,2,0,1,0,9,4,4,0,5,2,21,2,5,0,2,1,0,0,0,0,1,1,0,0,0,0,1,0,2,0,1,0,0,0,0,0
1,206,1,15,1,66,0,208,1,30,0,7,1,84,3,13,0,0,0,0,0,0,0,1,0,0,0,0,0,0,0,0,1,22,0,0,0,7,0,7,3,3,1,0,0,0,0,2,3,25,0,2,2,48,0,23,0,1,0,1,3,712,8,389,2,0,3,976,1,706,12,216,0,2,1,11,3,50,0,5,0,0,0,1,1,32,0,4,1,30,0,0,1,4,0,0,0,0,0,1,0,0,0,0,1,0,0,0,0,1,0,0,1,0,0,0,0,0,0,0,0,0,0,0,0,0,1,5,1,19,0,0,0,0,0,1,0,0,1,6,0,2,2,2,1,6,0,2,1,0,0,0,0,0,1,0,0,0,0,0,0,3,0,3,0,0,0,0,0,0
86,8,10,1,25,2,127,0,70,0,5,0,520,4,10,1,0,0,0,0,0,0,0,0,0,0,0,0,0,0,1,0,49,3,0,0,16,20,23,11,8,3,3,2,0,0,0,1,8,4,1,0,7,1,24,2,1,0,0,0,1046,15,307,16,1419,3,0,14,278,2,125,51,7,0,38,0,73,14,11,0,0,0,10,0,1001,19,6,3,292,10,0,0,2,0,1,0,0,0,3,0,2,0,1,0,1,0,1,0,1,1,0,0,0,0,1,0,0,0,0,0,0,0,0,0,0,0,8,0,47,11,5,0,0,0,1,0,1,0,3,8,1,1,6,5,12,4,4,1,2,0,0,0,0,0,1,1,0,0,0,0,0,0,1,1,0,0,0,0,1,0
2,182,1,34,2,42,2,256,1,48,0,26,7,1048,8,30,0,0,1,6,0,0,0,0,0,0,0,0,0,1,0,1,4,259,0,0,9,34,7,4,3,25,2,1,0,1,0,2,3,23,0,2,3,18,2,15,0,0,0,1,26,1395,21,452,3,976,14,0,2,442,37,161,8,40,4,33,9,243,4,30,0,0,1,14,4,843,0,17,4,171,0,1,0,1,1,0,0,0,2,6,1,0,0,1,1,0,0,0,0,2,0,0,0,4,0,0,0,0,0,0,0,0,0,0,0,2,3,8,11,76,1,4,0,0,0,0,0,0,0,14,1,7,1,7,11,16,1,3,1,4,0,0,2,0,0,0,0,0,1,0,0,1,0,9,0,2,0,0,1,0
283,4,88,0,278,1,103,1,61,0,1,0,32,1,28,6,0,0,5,0,0,0,0,0,0,0,0,0,0,0,0,0,40,1,0,0,1,3,60,15,16,5,7,0,0,0,2,1,10,4,1,0,28,2,483,1,4,0,0,0,156,3,750,4,1267,1,278,2,0,11,131,53,1,1,26,1,85,5,17,0,0,0,2,0,232,9,7,2,1300,6,0,0,30,0,1,1,1,2,6,2,3,1,0,0,0,0,2,1,0,2,1,0,1,3,0,0,0,0,0,0,0,0,0,0,0,0,17,1,31,2,6,0,1,0,4,0,0,0,3,4,3,0,17,2,28,4,1,0,6,0,0,0,0,0,0,1,1,0,0,0,1,0,2,0,0,0,0,0,1,0
0,328,1,41,0,164,0,365,1,53,0,24,0,159,10,32,0,0,0,2,0,0,0,0,0,0,0,0,0,0,0,1,7,47,0,0,1,20,15,53,21,15,1,1,0,4,3,17,11,108,0,3,9,420,15,695,1,16,1,5,0,248,20,715,3,706,2,442,11,0,62,727,2,2,1,24,19,87,4,6,0,0,1,3,8,467,1,11,11,1873,1,3,4,218,1,0,0,0,0,1,1,0,0,1,0,0,0,0,0,0,1,1,2,0,0,0,0,0,0,0,0,0,0,0,0,0,1,5,3,14,0,0,0,0,0,1,0,0,2,17,0,2,5,3,3,8,0,1,0,0,0,0,0,0,3,0,0,0,0,0,0,1,0,1,0,0,0,0,0,0
113,27,150,21,54,22,59,11,90,3,8,1,84,22,643,39,3,0,126,8,0,2,2,1,0,0,0,1,1,0,0,0,60,23,0,0,2738,181,2403,294,140,43,56,7,0,3,1712,239,1480,209,1278,116,826,67,543,36,69,19,67,13,117,60,730,95,126,12,125,37,131,62,0,974,387,24,123,27,219,80,46,11,0,0,7,1,74,88,14,11,124,61,5,4,50,26,6,2,1,2,17,5,9,1,2,1,2,2,7,5,3,4,0,1,4,3,20,2,0,1,1,0,0,0,0,0,4,3,53,4,196,55,21,3,1,0,16,2,3,1,22,23,24,14,43,16,113,36,10,6,25,6,17,0,194,4,250,16,4,0,0,0,6,2,15,6,0,1,0,1,2,0
31,179,15,245,14,178,14,118,10,54,0,4,28,76,64,461,0,3,8,98,1,6,0,3,0,2,0,2,0,4,0,6,31,121,0,0,19,2188,167,1344,114,367,10,258,1,13,372,2432,567,1902,44,1448,168,947,191,880,33,63,11,124,42,157,146,1637,44,216,51,161,53,727,974,0,13,70,18,119,67,293,13,26,0,0,1,5,61,283,15,50,115,282,1,22,42,111,2,3,2,0,4,14,3,8,0,8,1,1,3,5,5,3,4,1,8,6,3,0,0,0,0,0,0,0,0,0,2,3,8,41,58,162,1,6,0,0,2,13,1,4,23,89,8,34,20,60,44,89,5,11,8,17,1,2,2,50,7,95,0,1,0,0,2,6,2,28,0,0,0,0,4,0
730,140,194,20,26,6,38,4,20,0,8,0,43,3,731,141,0,0,9,0,0,0,0,0,0,0,0,0,0,0,0,0,22,0,0,0,557,110,1,0,31,5,1,0,0,0,0,0,0,0,0,1,1,0,0,0,0,0,0,0,553,54,107,8,4,0,7,8,1,2,387,13,0,84,247,9,204,16,98,15,0,0,2,0,3,0,0,0,6,0,0,0,0,0,8,10,7,2,15,3,7,1,2,4,2,3,16,6,6,6,0,3,6,4,0,0,0,0,0,0,0,0,0,0,10,2,175,14,248,25,67,1,0,0,25,2,3,0,5,3,11,0,13,3,107,8,8,4,3,6,0,0,1,1,6,1,2,0,0,1,8,2,30,4,4,0,0,0,4,0
29,208,9,37,2,15,2,8,0,7,0,1,3,18,30,981,0,2,0,6,0,0,0,0,0,0,0,0,0,0,0,0,2,6,0,0,41,455,0,0,2,40,1,6,0,0,0,0,0,0,0,2,0,1,0,1,0,0,0,0,31,608,9,51,1,2,0,40,1,2,24,70,84,0,14,40,14,83,5,50,0,0,0,0,0,2,0,1,0,1,0,0,0,0,0,0,0,1,1,12,0,0,0,0,0,1,0,3,0,2,0,1,6,4,1,0,0,0,0,0,0,0,0,0,0,2,7,50,17,235,3,15,0,0,1,2,0,1,0,8,0,8,0,22,4,59,1,13,0,5,0,0,0,4,3,8,0,0,0,0,1,4,2,34,0,2,0,0,2,0
883,76,1173,244,2069,163,307,23,1390,29,775,32,97,6,555,97,162,75,1100,280,194,334,114,145,35,3,12,3,154,3,308,2,463,9,0,0,530,44,8,0,96,8,17,0,1,2,7,1,5,4,7,2,1,0,12,0,0,0,0,0,451,33,57,12,34,1,38,4,26,1,123,18,247,14,0,2036,2409,128,603,22,0,0,2,0,16,4,31,2,43,4,2,1,5,0,14,10,10,8,67,6,13,2,2,4,10,8,28,20,12,24,4,7,34,20,2,2,2,0,0,4,2,0,12,0,153,2,1222,15,840,18,236,2,3,0,283,8,47,1,6,0,27,3,51,1,1084,24,101,2,80,3,103,33,409,90,449,72,312,275,0,2,21,1,64,7,6,0,0,0,24,1
33,520,98,1287,153,1984,18,1056,52,831,7,521,7,158,98,620,74,70,199,920,39,476,15,187,1,22,0,42,1,55,0,78,27,241,0,0,58,715,3,3,2,108,0,5,1,11,1,6,1,1,0,15,1,2,0,8,0,0,0,3,8,102,5,25,1,11,0,33,1,24,27,119,9,40,2036,0,92,3165,30,931,0,0,0,0,1,30,2,18,0,28,0,5,1,8,1,1,2,1,2,30,1,1,0,0,2,0,1,4,2,14,0,1,29,25,0,0,0,0,0,1,0,0,0,1,2,108,16,796,6,753,3,88,0,1,8,177,2,45,1,20,1,19,1,90,23,890,0,104,0,118,123,224,174,156,68,326,44,107,0,1,2,19,2,63,1,12,0,0,21,2
700,49,991,65,509,41,166,19,530,14,779,2,363,15,629,97,751,3,618,58,110,6,477,5,223,0,18,0,195,0,189,0,2036,3,0,0,197,48,44,12,315,10,28,1,484,0,23,1,13,18,50,2,34,8,167,7,32,0,14,0,802,9,371,20,101,3,73,9,85,19,219,67,204,14,2409,92,0,51,3197,17,0,0,14,2,290,20,238,1,212,16,135,0,36,4,10,6,7,7,87,8,17,2,6,1,4,3,19,12,13,18,2,2,60,27,1,0,1,2,0,5,5,0,4,0,184,3,365,16,125,14,68,0,123,0,471,21,35,0,66,6,39,2,30,3,406,14,23,1,20,1,8,0,50,14,100,57,273,1,1,2,19,2,57,4,8,1,3,0,55,2
28,873,45,1179,27,497,5,379,11,453,1,647,6,473,115,665,7,175,68,596,2,184,2,374,0,174,0,150,0,238,0,109,10,2038,0,0,40,262,12,24,7,230,2,16,1,269,17,29,8,34,4,66,12,24,10,55,0,22,1,25,26,733,30,261,4,50,14,243,5,87,80,293,16,83,128,3165,51,0,19,3334,0,0,0,16,12,440,0,203,14,155,0,75,3,48,2,3,6,5,13,77,1,5,6,5,3,1,8,9,8,23,0,0,76,47,0,2,1,0,0,7,0,1,0,0,2,326,10,376,14,165,3,65,0,0,3,249,0,34,3,93,1,46,3,36,5,335,2,41,1,16,11,16,62,15,54,107,4,794,1,4,0,21,2,95,0,23,1,0,50,1
238,13,127,15,87,6,37,3,66,2,54,0,43,3,190,27,27,0,83,15,1,1,22,0,6,0,1,0,1,0,23,0,60,1,0,0,44,13,10,1,239,4,21,1,56,0,1,0,4,1,4,0,2,0,14,0,0,0,1,0,244,5,56,2,21,0,11,4,17,4,46,13,98,5,603,30,3197,19,0,16,0,0,2,0,15,2,6,0,16,0,13,0,11,0,54,20,23,33,162,21,37,9,27,9,24,24,75,36,42,49,5,6,142,56,11,4,3,0,0,18,0,0,3,0,110,1,182,1,119,12,65,0,32,0,352,9,47,0,15,0,25,1,21,1,175,2,4,0,3,0,1,0,6,2,15,6,205,0,0,0,28,6,170,6,13,8,4,1,95,1
12,337,8,131,4,54,2,24,2,33,0,50,0,67,28,158,1,1,9,37,0,0,0,5,0,0,0,1,0,3,0,7,0,26,0,0,10,44,1,1,3,599,6,6,0,55,0,2,0,4,0,27,1,2,0,6,0,4,0,1,3,173,3,28,0,5,0,30,0,6,11,26,15,50,22,931,17,3334,16,0,0,0,0,0,0,10,0,11,2,17,0,10,0,15,44,15,38,12,42,191,24,7,19,5,15,8,59,31,22,94,9,26,220,137,7,4,0,2,0,36,0,0,0,0,0,270,7,214,6,167,2,47,2,1,2,195,0,19,2,30,3,19,1,10,3,161,0,19,0,14,0,0,10,1,8,12,2,93,0,36,1,108,14,316,3,49,0,0,99,4
0,0,0,0,0,0,0,0,0,0,0,0,0,0,0,0,0,0,0,0,0,0,0,0,0,0,0,0,0,0,0,0,0,0,0,0,0,0,0,0,0,0,0,0,0,0,0,0,0,0,0,0,0,0,0,0,0,0,0,0,0,0,0,0,0,0,0,0,0,0,0,0,0,0,0,0,0,0,0,0,0,0,0,0,0,0,0,0,0,0,0,0,0,0,0,0,0,0,0,0,0,0,0,0,0,0,0,0,0,0,0,0,0,0,0,0,0,0,0,0,0,0,0,0,0,0,0,0,0,0,0,0,0,0,0,0,0,0,0,0,0,0,0,0,0,0,0,0,0,0,0,0,0,0,0,0,0,0,0,0,0,0,0,0,0,0,0,0,0,0
0,0,0,0,0,0,0,0,0,0,0,0,0,0,0,0,0,0,0,0,0,0,0,0,0,0,0,0,0,0,0,0,0,0,0,0,0,0,0,0,0,0,0,0,0,0,0,0,0,0,0,0,0,0,0,0,0,0,0,0,0,0,0,0,0,0,0,0,0,0,0,0,0,0,0,0,0,0,0,0,0,0,0,0,0,0,0,0,0,0,0,0,0,0,0,0,0,0,0,0,0,0,0,0,0,0,0,0,0,0,0,0,0,0,0,0,0,0,0,0,0,0,0,0,0,0,0,0,0,0,0,0,0,0,0,0,0,0,0,0,0,0,0,0,0,0,0,0,0,0,0,0,0,0,0,0,0,0,0,0,0,0,0,0,0,0,0,0,0,0
3,0,1,0,0,0,6,0,1,0,2,0,289,0,1,0,0,0,0,0,0,0,0,0,0,0,0,0,0,0,0,0,74,1,0,0,0,1,4,0,2,0,0,0,0,0,0,0,1,0,0,0,0,0,0,0,0,0,0,0,65,0,13,1,3,0,10,1,2,1,7,1,2,0,2,0,14,0,2,0,0,0,0,0,277,0,8,0,20,0,0,0,0,0,0,0,0,0,0,0,0,0,0,0,0,0,0,0,0,0,0,0,0,0,0,0,0,0,0,0,0,0,0,0,0,0,0,0,1,0,1,0,0,0,0,0,0,0,0,0,0,0,0,0,0,0,0,0,1,0,0,0,0,0,0,0,0,0,0,0,0,0,0,0,0,0,0,0,0,0
0,3,0,1,0,1,0,2,0,2,0,1,0,243,0,4,0,0,0,0,0,0,0,0,0,0,0,0,0,0,0,0,0,45,0,0,0,1,0,1,0,0,0,0,0,0,0,0,0,1,0,0,0,0,0,1,0,0,0,0,1,3,1,4,0,1,0,14,0,3,1,5,0,0,0,0,2,16,0,0,0,0,0,0,0,288,0,54,1,2,0,0,0,0,0,0,0,0,0,0,0,0,0,0,0,0,0,0,0,0,0,0,0,0,0,0,0,0,0,0,0,0,0,0,0,0,0,0,0,1,0,0,0,0,0,0,0,0,0,0,0,0,0,0,2,1,0,0,0,0,0,0,0,0,0,0,0,0,0,0,0,0,0,0,0,0,0,0,0,0
35,1,11,1,21,3,150,2,178,0,19,0,895,1,15,1,3,0,9,0,0,0,1,0,3,0,0,0,1,0,1,0,654,1,0,0,3,6,45,6,30,3,4,0,4,0,5,1,6,3,8,1,11,1,111,2,11,0,1,0,142,0,101,14,116,1,1001,4,232,8,74,61,3,0,16,1,290,12,15,0,0,0,277,0,0,13,648,1,2702,9,12,0,29,2,2,0,1,1,5,0,0,0,3,0,0,0,2,2,0,1,0,0,0,0,0,0,0,0,0,0,0,0,0,0,0,0,10,0,23,3,2,0,0,0,0,0,0,0,12,2,9,3,24,2,14,7,0,0,5,0,0,0,0,0,0,0,0,0,0,0,0,2,1,0,0,0,0,0,0,0
5,28,2,11,4,14,2,89,2,46,0,34,5,457,2,8,0,0,2,9,0,0,0,0,0,2,0,0,0,8,0,5,4,651,0,0,0,14,20,27,16,80,0,5,0,6,19,36,14,47,2,24,14,39,16,131,2,40,0,7,3,64,42,77,8,32,19,843,9,467,88,283,0,2,4,30,20,440,2,10,0,0,0,288,13,0,0,1270,17,2888,0,50,8,21,2,2,0,1,2,3,0,0,0,0,0,1,1,0,0,2,0,1,0,4,0,0,0,0,0,0,0,0,0,0,0,3,1,3,20,19,1,1,0,0,1,3,0,0,6,47,7,10,5,11,10,16,1,1,2,2,0,0,0,0,0,0,0,1,0,0,0,1,0,2,0,0,0,0,0,0
8,2,18,3,12,2,38,0,31,1,56,0,190,1,31,1,28,0,2,0,4,0,20,0,105,0,1,0,470,0,5,0,673,2,0,0,1,0,5,2,164,4,127,0,353,0,8,0,4,1,28,1,12,2,58,3,39,0,79,0,7,0,7,1,1,0,6,0,7,1,14,15,0,0,31,2,238,0,6,0,0,0,8,0,648,0,0,0,611,1,295,0,21,2,0,0,0,0,3,1,0,0,0,0,0,0,0,0,0,0,0,0,0,2,0,0,0,0,0,0,0,0,0,0,0,0,5,0,6,0,0,0,0,0,3,0,0,0,7,0,1,0,7,0,12,0,0,0,0,0,0,0,0,0,3,0,3,0,0,0,2,0,0,0,0,0,0,0,0,0
1,7,1,27,1,13,0,17,0,3,0,42,0,72,1,9,0,14,1,5,0,18,0,38,0,47,0,59,0,71,0,5,0,521,0,0,1,1,2,6,0,111,0,1,0,259,10,25,1,15,2,35,3,8,1,20,0,13,0,21,0,3,4,8,2,4,3,17,2,11,11,50,0,1,2,18,1,203,0,11,0,0,0,54,1,1270,0,0,1,210,0,715,0,23,0,2,0,0,0,3,0,0,0,2,0,0,0,0,0,0,0,0,0,1,0,0,0,0,0,0,0,0,0,0,0,0,0,2,1,2,0,1,0,0,0,0,0,0,1,14,0,7,0,11,1,12,0,0,1,1,0,0,3,0,0,0,0,8,0,0,0,0,0,0,0,0,0,0,0,0
293,4,72,1,292,1,454,3,567,0,30,0,174,0,62,9,12,0,14,1,0,0,5,0,4,0,2,0,7,0,3,0,320,6,0,0,9,4,98,35,244,15,78,1,107,1,72,11,19,37,237,0,79,11,2869,10,252,0,96,0,71,2,87,27,68,1,292,4,1300,11,124,115,6,0,43,0,212,14,16,2,0,0,20,1,2702,17,611,1,0,12,588,0,3133,5,0,1,0,1,2,1,1,0,0,0,0,0,1,0,0,2,0,0,0,0,0,0,0,0,0,0,0,0,0,0,1,1,11,0,22,5,2,0,0,0,1,2,0,0,34,1,10,4,14,5,21,3,3,0,4,0,0,0,1,0,4,2,5,0,0,0,0,0,1,2,0,0,0,0,0,0
2,73,1,60,0,74,1,287,1,104,0,78,3,96,5,16,0,2,1,14,1,11,0,15,0,16,0,35,0,26,0,11,7,179,0,0,3,12,17,42,14,247,3,32,0,73,114,427,21,152,20,294,26,90,15,2127,3,515,0,220,1,14,26,39,8,30,10,171,6,1873,61,282,0,1,4,28,16,155,0,17,0,0,0,2,9,2888,1,210,12,0,2,1202,8,3509,0,24,0,0,0,2,0,0,0,25,0,0,0,1,0,1,0,0,2,0,0,5,0,0,0,0,0,0,0,0,0,2,0,6,3,6,1,1,0,0,1,1,0,0,1,35,1,2,4,11,5,15,0,1,1,3,0,0,0,0,1,1,0,10,0,0,0,2,0,1,0,0,0,0,1,0
0,0,4,0,1,0,0,0,0,0,8,0,0,0,0,0,12,0,0,0,3,0,7,0,12,0,0,0,12,0,0,0,192,0,0,0,0,0,1,1,736,0,100,0,590,0,4,0,0,0,31,0,4,0,27,0,17,0,232,0,0,0,0,1,0,0,0,0,0,1,5,1,0,0,2,0,135,0,13,0,0,0,0,0,12,0,295,0,588,2,0,0,237,1,1,0,1,0,0,0,0,0,0,0,0,0,0,0,0,0,0,0,0,0,0,0,0,0,0,0,0,0,0,0,0,0,1,0,0,0,0,0,4,0,1,0,0,0,23,0,0,0,4,0,7,0,0,0,0,0,0,0,0,0,0,0,13,0,0,0,0,0,1,0,0,0,0,0,0,0
0,2,0,14,0,8,0,1,0,1,0,20,0,0,0,2,0,7,0,1,0,13,0,31,0,30,0,44,0,16,0,2,0,112,0,0,0,0,0,1,2,626,0,177,0,771,8,8,3,4,2,36,1,2,2,10,0,7,0,303,0,1,1,0,0,0,0,1,0,3,4,22,0,0,1,5,0,75,0,10,0,0,0,0,0,50,0,715,0,1202,0,0,0,412,0,2,0,0,0,1,0,0,0,3,0,0,0,0,0,1,0,0,0,1,0,0,0,0,0,0,0,0,0,0,0,6,0,1,0,1,0,0,0,0,0,0,0,0,0,12,0,3,0,4,0,6,0,2,0,0,0,0,0,0,0,1,1,28,0,0,0,0,0,0,0,0,0,0,0,0
18,0,14,0,45,1,34,0,76,0,3,0,4,0,9,1,3,0,2,0,0,0,2,0,3,0,0,0,4,0,0,0,22,3,0,0,1,2,24,19,762,4,242,0,74,0,89,8,20,25,603,1,84,7,920,4,1151,1,2785,1,2,0,16,1,2,1,2,0,30,4,50,42,0,0,5,1,36,3,11,0,0,0,0,0,29,8,21,0,3133,8,237,0,0,3,1,0,0,0,0,0,0,0,4,0,0,0,0,0,0,0,0,0,1,1,0,0,0,0,0,0,0,0,0,0,0,0,1,0,4,2,0,0,2,0,0,1,0,0,24,1,3,2,4,1,7,1,0,0,0,1,0,0,0,0,0,2,4,0,0,0,0,0,0,0,0,0,0,0,0,0
0,37,0,11,0,33,0,103,2,39,0,9,0,17,3,7,0,0,0,3,0,1,0,6,0,3,0,6,0,4,0,3,0,20,0,0,0,3,14,16,1,590,0,75,0,137,112,157,17,96,17,365,21,55,21,583,4,1828,0,2636,1,11,5,12,5,4,0,1,0,218,26,111,0,0,0,8,4,48,0,15,0,0,0,0,2,21,2,23,5,3509,1,412,3,0,0,24,0,0,0,1,0,0,0,32,0,0,1,0,0,0,0,0,0,1,0,6,0,0,0,0,0,0,0,0,0,2,0,2,0,1,0,0,0,0,0,0,0,0,0,9,0,0,2,1,1,5,0,0,0,1,1,0,1,0,0,0,0,22,0,0,0,1,0,4,0,0,0,0,0,0
7,1,9,1,2,0,0,0,0,1,1,0,0,1,3,1,0,0,0,1,0,0,0,0,0,0,0,0,0,0,0,0,1,0,0,0,0,3,0,0,24,4,29,9,0,0,6,0,0,0,299,0,0,0,4,0,70,0,23,0,10,1,5,1,2,0,1,1,1,1,6,2,8,0,14,1,10,2,54,44,0,0,0,0,2,2,0,0,0,0,1,0,1,0,0,170,5780,175,208,93,1197,57,5156,63,670,56,771,168,323,88,79,54,3,9,83,41,230,25,8,14,0,0,0,0,0,0,20,0,17,1,2,0,0,0,1,0,0,0,1,0,4,1,1,0,1,1,0,0,1,0,0,0,0,0,1,0,0,0,0,0,3,5,26,20,2,1,0,5,2,0
11,3,2,1,0,0,1,0,0,0,1,0,3,0,3,1,0,0,0,0,0,0,0,0,0,0,0,0,0,0,0,0,1,0,0,0,1,2,1,0,4,14,30,50,1,0,5,18,2,3,14,969,0,1,1,1,0,71,0,509,7,1,3,2,3,0,0,0,1,0,2,3,10,0,10,1,6,3,20,15,0,0,0,0,0,2,0,2,1,24,0,2,0,24,170,0,85,7994,26,197,77,556,74,4585,54,624,168,1149,30,347,10,85,9,2,66,32,362,17,64,3,0,0,0,0,0,0,4,0,8,1,0,0,0,0,0,0,0,0,0,2,0,0,0,0,0,3,0,0,0,0,0,0,0,0,0,0,0,0,0,2,2,9,12,4,0,0,1,0,0,0
3,2,3,2,1,1,0,0,1,0,0,0,3,0,3,2,0,0,0,0,0,0,0,0,0,0,0,0,0,0,0,0,2,0,0,0,2,2,0,0,19,0,38,4,0,0,0,0,0,0,0,0,0,0,1,0,1,0,0,0,12,4,5,2,2,0,0,0,1,0,1,2,7,0,10,2,7,6,23,38,0,0,0,0,1,0,0,0,0,0,1,0,0,0,5780,85,0,130,236,72,631,55,823,44,3232,45,1073,156,513,94,50,47,13,25,169,33,300,242,21,31,0,0,0,0,0,0,14,0,14,1,2,0,1,0,0,0,0,0,5,1,1,0,2,0,2,0,1,0,2,0,0,0,0,0,0,0,0,0,0,1,3,9,18,17,4,2,1,4,3,0
11,0,1,0,1,0,1,1,0,0,0,0,1,0,2,0,0,0,0,0,0,0,0,0,0,0,0,0,0,0,0,0,1,0,0,0,1,0,1,0,8,5,17,21,0,2,0,0,0,0,0,0,0,0,0,0,0,0,0,0,10,4,5,1,1,0,0,0,2,0,2,0,2,1,8,1,7,5,33,12,0,0,0,0,1,1,0,0,1,0,0,0,0,0,175,7994,130,0,44,189,128,447,102,862,60,2387,190,2634,64,627,17,140,16,6,206,74,189,72,76,13,0,0,0,0,0,0,12,0,13,4,0,0,0,0,0,0,0,0,1,2,0,1,0,0,1,0,0,0,0,0,0,0,0,0,0,0,0,0,0,0,4,6,17,15,0,2,0,3,1,0
38,7,12,2,8,3,4,0,4,0,1,0,6,1,32,4,0,0,6,1,0,0,0,0,0,0,0,0,0,0,1,0,5,0,0,0,6,3,3,1,68,3,36,4,0,2,0,0,2,4,36,1,3,0,3,0,0,0,0,0,18,6,23,4,1,0,3,2,6,0,17,4,15,1,67,2,87,13,162,42,0,0,0,0,5,2,3,0,2,0,0,0,0,0,208,26,236,44,0,76,327,50,225,30,90,15,260,49,385,146,39,18,109,168,158,36,24,22,19,82,0,0,0,0,7,1,73,2,214,10,49,0,7,0,16,1,2,0,9,2,33,1,41,2,29,1,11,0,8,0,0,0,1,0,4,2,3,1,24,15,23,10,66,21,44,36,1,4,158,4
3,36,0,9,1,7,1,1,2,5,0,4,0,6,4,22,0,0,0,2,0,0,0,0,0,0,0,0,0,0,0,0,0,2,0,0,0,1,1,0,8,36,15,58,0,4,1,5,0,7,0,72,0,1,1,8,0,1,0,0,7,17,4,17,0,1,0,6,2,1,5,14,3,12,6,30,8,77,21,191,0,0,0,0,0,3,1,3,1,2,0,1,0,1,93,197,72,189,76,0,57,866,41,139,25,63,79,155,45,380,9,23,111,69,88,6,27,25,29,91,0,0,0,0,1,8,6,22,9,144,1,4,1,0,0,2,0,1,2,23,0,19,3,9,0,6,1,2,0,3,0,0,0,0,2,1,0,7,4,17,1,39,11,68,13,43,0,2,129,8
2,0,0,2,3,1,1,0,0,0,0,0,1,0,7,1,0,0,0,0,0,0,0,0,0,0,0,0,0,0,0,0,1,0,0,0,1,0,1,0,36,1,25,4,0,1,25,1,5,0,180,0,10,0,1,0,0,0,0,0,11,2,7,0,2,0,2,1,3,1,9,3,7,0,13,1,17,1,37,24,0,0,0,0,0,0,0,0,1,0,0,0,0,0,1197,77,631,128,327,57,0,257,2571,196,249,29,489,112,215,96,93,25,2,98,1067,224,113,88,12,9,0,0,0,0,1,0,9,0,65,1,6,0,0,0,18,0,0,0,2,0,14,0,14,0,17,1,4,0,5,0,0,0,0,0,0,0,0,0,2,1,11,4,15,6,8,1,0,6,52,0
