0,34,1338,9,1488,9,817,3,191,1,5,0,682,1,510,115,0,0,0,1,0,0,0,0,0,0,0,0,0,0,0,0,800,5,0,0,242,155,31,2,5,0,0,0,0,0,38,0,60,0,9,1,73,0,53,0,6,0,2,0,5463,5,520,3,113,1,256,1,100,0,888,8,1068,21,377,4,723,18,73,1,0,0,25,0,312,2,7,0,146,4,1,0,2,0,4,1,0,1,2,0,0,0,0,1,0,0,0,0,0,1,0,0,0,0,0,0,0,0,0,0,0,0,1,0,39,0,193,1,64,3,7,0,2,0,23,0,13,0,0,0,1,0,2,0,85,1,8,1,18,0,0,0,0,0,11,4,0,0,0,0,0,0,1,0,2,0,0,0,1,0
34,0,21,1361,2,1215,4,629,1,115,0,0,3,1321,51,1661,0,0,1,2,0,0,0,0,0,0,0,0,0,0,0,0,1,375,0,0,23,165,1,3,0,1,0,0,0,0,6,5,3,80,0,8,4,64,1,206,0,2,0,0,28,3887,0,296,1,64,1,443,1,212,8,570,33,688,37,351,6,815,0,221,0,0,2,2,3,322,0,0,0,411,0,0,0,4,0,0,0,0,0,1,0,0,0,0,0,0,0,0,0,1,0,0,0,0,0,0,0,0,0,0,0,0,0,2,1,4,4,252,2,69,0,15,0,0,0,3,0,9,0,0,0,0,0,8,4,38,1,9,0,9,0,0,0,0,11,0,0,0,0,0,0,1,0,0,0,0,0,0,0,0
1338,21,0,86,4311,59,280,19,641,34,278,1,65,3,1862,177,4,12,1772,136,168,10,35,4,155,0,203,0,212,1,27,0,925,46,0,0,691,224,34,0,3,0,1,0,5,0,9,0,17,0,1,0,14,0,8,1,0,0,1,0,174,2,86,0,43,0,55,0,56,0,297,5,436,2,398,39,1138,74,134,20,0,0,5,0,16,1,115,0,31,1,12,0,5,0,0,0,0,0,5,1,0,0,0,0,0,2,1,1,0,1,0,0,2,1,0,0,0,0,0,0,0,0,2,0,77,3,105,12,30,1,10,0,4,0,36,0,16,2,0,0,0,0,0,0,63,1,7,0,8,0,1,9,15,183,322,204,0,1,3,0,2,0,12,2,6,0,1,0,1,0
9,1361,86,0,33,5085,3,280,12,437,2,428,0,40,43,2456,5,23,79,1850,2,126,2,32,1,79,0,314,2,132,1,9,13,637,0,0,15,235,1,0,0,4,2,0,0,12,0,3,0,16,0,2,0,7,0,27,0,2,0,1,1,65,2,29,0,22,0,50,0,13,0,180,1,128,15,312,16,796,8,116,0,0,0,3,0,30,0,67,0,49,0,1,0,1,0,0,0,0,1,3,0,0,1,0,0,0,2,0,2,0,0,1,0,0,0,0,0,0,0,0,0,1,0,0,0,52,1,45,0,10,0,2,0,1,1,3,0,3,0,0,0,0,0,1,1,4,0,1,0,0,6,1,31,201,27,161,1,4,0,1,0,4,0,7,0,0,1,0,0,0
1488,2,4311,33,0,17,497,6,2533,13,451,0,82,4,184,86,4,5,123,29,29,4,13,1,69,0,103,0,136,0,74,0,966,17,0,0,43,83,6,0,2,0,2,0,6,0,4,0,6,0,0,0,7,0,2,0,0,0,0,0,153,1,36,0,23,1,46,0,6,0,41,0,35,0,326,14,760,27,79,10,0,0,1,0,21,0,83,0,27,0,11,0,3,0,0,0,0,0,3,1,0,0,0,0,0,0,1,0,0,1,2,0,0,0,0,0,0,0,0,0,0,0,0,0,43,5,57,4,13,2,4,0,2,0,24,0,4,0,0,0,0,0,2,0,46,2,1,0,1,0,0,4,9,52,61,50,0,1,0,0,4,0,10,2,7,0,1,1,0,2
9,1215,59,5085,17,0,1,1328,5,2803,0,930,0,107,23,668,0,9,39,341,0,16,0,11,0,22,0,278,1,89,0,21,2,956,0,0,15,139,0,1,0,8,0,0,0,10,0,1,0,7,0,0,1,4,0,18,0,1,0,0,0,81,1,24,0,9,0,75,0,9,1,54,3,23,13,534,10,1257,3,241,0,0,0,5,0,75,0,77,0,61,0,0,0,0,0,1,0,0,1,10,0,0,0,0,0,0,2,0,1,0,1,0,0,0,0,0,0,0,0,0,0,0,0,0,1,88,4,82,0,10,0,4,0,3,0,1,0,4,0,0,0,0,0,0,0,8,0,3,0,0,0,0,10,31,25,58,0,1,1,2,0,2,1,13,0,3,0,1,1,2
817,4,280,3,497,1,0,0,1524,3,40,0,1085,0,186,19,0,0,9,2,0,0,0,0,0,0,0,0,0,0,0,0,969,2,0,0,32,15,4,0,0,0,0,0,0,0,0,0,4,0,1,0,2,0,2,0,0,0,0,0,263,0,18,0,5,0,17,0,6,0,22,0,84,2,88,1,180,1,17,0,0,0,16,0,37,0,277,0,7,0,0,0,0,0,1,0,0,0,0,0,0,0,0,0,0,0,0,0,0,0,0,0,0,0,0,0,0,0,0,0,0,0,0,0,9,0,36,4,4,0,1,0,0,0,11,0,1,0,1,0,0,0,1,0,22,0,3,0,4,0,0,0,0,0,4,1,0,0,0,0,0,0,0,0,0,1,0,0,0,0
3,629,19,280,6,1328,0,0,3,2027,0,30,0,1208,20,642,0,0,2,22,0,0,0,0,0,0,0,0,0,0,0,0,1,1063,0,0,10,127,0,0,0,1,0,0,0,0,0,0,0,7,0,0,0,2,0,11,0,0,0,0,1,51,0,9,0,2,0,34,0,6,0,29,0,30,11,273,3,271,1,47,0,0,0,1,0,27,0,23,0,21,0,0,0,0,0,0,0,0,0,1,1,0,0,0,0,0,1,0,0,0,0,0,0,0,0,0,0,0,0,0,0,0,0,0,0,15,1,46,0,5,0,2,0,0,1,1,0,0,0,0,0,0,0,2,0,3,0,1,0,1,0,0,0,0,9,14,0,0,0,0,0,0,0,2,0,0,0,0,0,0
191,1,641,12,2533,5,1524,3,0,6,946,0,365,1,269,17,0,0,61,9,3,0,2,0,0,0,0,0,56,0,136,0,1407,2,0,0,37,22,2,1,4,0,3,0,3,0,0,0,2,0,0,0,0,0,1,0,0,0,1,0,36,0,7,0,3,0,6,0,1,0,10,2,7,0,131,4,496,8,57,3,0,0,4,0,6,0,193,0,18,0,9,0,2,0,0,0,0,0,2,1,0,0,0,0,0,0,0,0,0,0,1,0,0,0,0,0,0,0,0,0,0,0,0,0,47,0,41,5,10,0,6,0,1,0,17,0,10,0,0,0,0,0,1,0,18,0,0,0,4,0,0,0,0,3,29,16,0,0,0,1,0,0,2,0,2,0,0,1,2,0
1,115,34,437,13,2803,3,2027,6,0,0,633,0,403,15,278,0,3,11,143,0,2,1,2,0,4,0,2,0,38,0,8,2,1340,0,0,7,89,2,0,1,2,0,0,0,1,0,0,0,0,0,0,0,0,0,1,0,0,0,0,0,38,0,4,0,0,0,10,0,1,1,17,3,9,4,189,12,586,3,59,0,0,0,2,0,7,0,20,0,3,0,0,0,3,0,0,0,0,2,3,0,0,0,0,0,0,1,0,1,1,0,0,1,0,0,0,0,1,0,0,0,0,0,0,0,12,0,16,0,5,0,1,0,1,0,2,0,0,0,0,0,0,0,0,0,4,1,0,0,1,0,1,1,4,8,27,0,0,0,1,0,0,0,4,0,2,0,0,1,1
5,0,278,2,451,0,40,0,946,0,0,0,12,0,17,0,3,0,78,4,43,1,19,0,61,0,87,0,739,0,447,0,564,0,0,0,2,2,0,0,0,0,3,0,2,0,0,0,0,0,0,0,0,0,0,0,0,0,0,0,0,0,0,0,0,0,0,0,0,0,0,0,0,0,54,7,169,0,16,0,0,0,0,0,1,0,232,0,7,0,8,0,0,0,0,0,0,0,0,1,0,0,0,0,0,0,0,0,0,0,0,0,0,0,0,0,0,0,0,0,0,0,0,0,1,0,1,0,1,0,1,0,0,0,2,0,2,0,0,0,0,0,0,0,2,0,0,0,0,0,0,0,17,9,4,6,2,0,0,0,0,0,1,0,1,0,0,0,0,0
0,0,1,428,0,930,0,30,0,633,0,0,0,2,0,0,1,10,2,125,0,117,0,22,0,53,0,111,0,740,0,334,0,834,0,0,0,1,0,0,0,3,0,0,0,2,0,0,0,0,0,0,0,0,0,0,0,0,0,1,0,0,0,0,0,0,0,0,0,0,0,0,0,0,1,4,0,186,0,2,0,0,0,0,0,0,0,50,0,4,0,0,0,2,0,0,0,0,0,0,0,0,0,0,0,0,0,0,0,0,0,0,0,0,0,0,0,0,0,0,0,0,0,0,0,1,0,0,0,0,0,0,0,0,0,0,0,0,0,0,0,0,0,0,0,0,0,0,0,0,0,0,1,35,1,1,0,0,0,0,0,1,0,0,0,0,0,0,0,0
682,3,65,0,82,0,1085,0,365,0,12,0,0,0,66,7,0,0,1,1,0,0,0,0,0,0,0,0,0,0,0,0,434,0,0,0,26,5,17,2,1,0,0,0,0,0,23,0,23,2,7,0,41,0,27,0,5,0,4,0,1592,0,15,0,13,0,198,0,20,2,39,2,51,0,40,1,189,0,35,0,0,0,201,0,449,1,253,0,23,1,0,0,1,0,2,0,0,0,0,0,0,0,1,0,0,0,0,0,0,0,0,0,0,0,0,0,0,0,0,0,0,0,0,0,0,0,28,0,14,2,1,0,0,0,5,0,3,0,0,0,0,0,1,0,17,0,2,0,2,0,0,0,0,0,0,0,0,0,0,0,0,0,0,0,1,0,0,0,0,0
1,1321,3,40,4,107,0,1208,1,403,0,2,0,0,5,143,0,0,0,3,0,0,0,0,0,0,0,0,0,0,0,0,2,646,0,0,2,33,0,0,0,2,0,0,0,0,2,0,2,6,0,0,0,5,0,4,0,0,0,0,0,1278,0,6,0,3,0,528,1,2,0,15,0,16,1,72,1,142,0,18,0,0,2,6,0,15,0,5,0,4,0,0,0,0,0,0,0,0,0,1,0,0,0,0,0,0,0,0,0,0,0,0,0,0,0,0,0,0,0,0,0,0,0,0,0,2,0,21,0,2,0,2,0,0,0,0,0,0,0,0,0,0,0,0,0,0,0,0,0,2,0,0,0,0,0,1,0,0,0,1,0,0,0,0,0,0,0,0,0,0
510,51,1862,43,184,23,186,20,269,15,17,0,66,5,0,353,0,0,383,20,0,0,0,0,0,0,0,0,0,0,0,0,365,14,0,0,1914,420,36,1,0,0,0,0,1,0,2,0,4,0,0,0,3,1,1,1,0,0,0,0,53,2,39,1,9,0,2,3,4,0,188,6,1481,10,288,17,651,53,62,21,0,0,2,0,10,0,19,0,9,2,4,0,3,0,0,0,0,0,1,0,0,0,0,0,0,0,1,1,0,1,0,0,0,0,0,0,0,0,0,0,0,0,1,0,111,7,126,16,16,0,1,0,1,0,31,0,7,0,0,0,0,0,3,0,89,2,3,0,7,0,0,1,0,1,381,111,0,0,0,1,0,0,4,0,1,0,0,0,1,0
115,1661,177,2456,86,668,19,642,17,278,0,0,7,143,353,0,0,0,22,743,0,0,0,0,0,0,0,0,0,0,0,0,43,349,0,0,189,2017,3,2,0,3,0,0,0,0,3,1,0,49,0,1,0,27,0,43,0,1,0,0,71,184,4,39,0,16,0,43,3,23,25,884,140,960,89,385,51,966,7,256,0,0,1,6,2,25,0,1,3,52,0,0,0,0,0,0,0,0,1,1,0,0,0,0,0,0,3,0,0,0,1,0,0,0,0,0,0,0,0,0,0,1,0,0,5,65,17,314,2,34,0,11,0,1,3,2,0,8,0,0,0,0,1,2,3,45,0,9,1,5,0,0,0,0,78,102,0,0,0,3,0,2,0,8,0,0,0,0,0,0
0,0,4,5,4,0,0,0,0,0,3,1,0,0,0,0,0,3,22,26,201,2,462,5,29,1,0,0,20,0,0,0,200,0,0,0,0,1,0,0,53,0,2,0,76,0,0,0,0,0,0,0,0,0,0,0,0,0,0,0,0,0,0,0,0,0,0,0,0,0,0,0,0,0,6,44,164,6,31,0,0,0,0,0,0,0,43,0,0,0,4,0,1,0,0,0,0,0,0,0,0,0,0,0,0,0,0,0,0,0,0,0,0,0,0,0,0,0,0,0,0,0,0,0,0,0,1,0,0,0,0,0,0,0,1,0,0,0,0,0,0,0,0,0,0,0,0,0,0,0,322,4,159,21,73,6,292,21,0,0,0,0,1,0,0,0,0,0,0,0
0,0,12,23,5,9,0,0,0,3,0,10,0,0,0,0,3,0,6,237,10,613,59,685,1,38,1,1,0,6,0,0,1,119,0,0,0,0,0,0,3,1,0,4,0,53,0,0,0,0,0,0,0,0,0,0,0,0,0,0,0,0,0,0,0,0,0,0,0,0,0,0,0,0,17,133,1,250,0,0,0,0,0,0,0,0,0,137,0,0,0,3,0,0,0,0,0,0,0,1,0,0,0,0,0,0,0,0,0,0,0,0,0,0,0,0,0,0,0,0,0,0,0,0,0,0,0,0,0,0,0,0,0,0,0,0,0,0,0,0,0,0,0,0,0,0,0,0,0,0,11,335,18,154,8,179,30,522,0,0,0,0,0,1,0,0,0,0,0,0
0,1,1772,79,123,39,9,2,61,11,78,2,1,0,383,22,22,6,0,170,383,30,91,5,93,2,29,0,134,1,4,0,194,25,0,0,502,61,5,0,0,0,1,0,2,0,0,0,0,0,0,0,0,0,0,1,0,0,0,0,0,2,0,0,0,0,0,0,1,0,2,0,0,0,137,63,186,49,40,6,0,0,0,0,0,0,21,0,0,0,2,0,0,0,0,0,0,0,1,2,0,0,0,0,0,0,0,0,0,0,1,0,0,0,0,0,0,0,0,0,0,0,0,0,9,1,3,0,4,0,0,0,2,0,4,0,3,0,0,0,0,0,1,0,2,0,0,0,0,0,42,25,271,366,862,232,12,3,2,0,0,0,2,1,2,0,1,0,0,1
1,2,136,1850,29,341,2,22,9,143,4,125,1,3,20,743,26,237,170,0,21,884,22,127,3,81,1,51,7,85,0,3,8,307,0,0,13,742,0,0,0,5,0,0,0,14,0,0,0,0,0,1,1,0,0,0,0,0,0,0,0,1,0,0,0,0,0,1,0,0,2,3,0,0,13,249,21,510,2,67,0,0,0,1,0,0,3,59,1,1,0,0,0,0,0,0,0,0,1,4,0,0,0,0,1,0,1,2,0,0,0,0,1,0,0,0,0,0,0,0,0,0,0,0,1,23,3,12,1,2,0,2,0,2,0,3,0,1,0,0,0,1,0,0,0,0,0,0,0,0,27,72,120,681,50,263,7,18,0,1,0,6,0,12,0,2,2,0,0,0
0,0,168,2,29,0,0,0,3,0,43,0,0,0,0,0,201,10,383,21,0,27,1048,12,303,2,57,2,211,0,0,0,105,0,0,0,0,0,0,0,0,0,0,0,0,0,0,0,0,0,0,0,0,0,0,0,0,0,0,0,0,0,0,0,0,0,0,0,0,0,0,0,0,0,64,62,27,0,0,0,0,0,0,0,0,0,14,0,0,0,0,0,0,0,0,0,0,0,0,0,0,0,0,0,0,0,0,0,0,0,0,0,0,0,0,0,0,0,0,0,0,0,0,0,0,0,0,0,0,0,0,0,0,0,0,0,0,0,0,0,0,0,0,0,0,0,0,0,0,0,261,4,502,42,10,9,201,23,0,0,0,0,0,0,0,0,0,0,0,0
0,0,10,126,4,16,0,0,0,2,1,117,0,0,0,0,2,613,30,884,27,0,97,1370,1,429,0,178,0,197,0,1,1,189,0,0,0,0,0,0,0,0,0,0,0,4,0,0,0,0,0,0,0,0,0,0,0,0,0,0,0,0,0,0,0,0,0,0,0,0,0,0,0,0,4,170,0,59,0,1,0,0,0,0,0,0,0,58,0,0,0,0,0,0,0,0,0,0,0,0,0,0,0,0,0,0,0,0,0,1,0,0,0,0,0,0,0,0,0,0,0,0,0,0,0,0,0,0,0,0,0,0,0,0,0,0,0,0,0,0,0,0,0,0,0,0,0,0,0,0,8,657,29,262,4,117,0,103,0,0,0,0,0,0,0,0,0,0,0,0
0,0,35,2,13,0,0,0,2,1,19,0,0,0,0,0,462,59,91,22,1048,97,0,443,1183,2,27,1,240,1,0,0,109,9,0,0,0,0,0,0,0,0,0,1,1,0,0,0,0,0,0,0,0,0,0,0,0,0,0,0,0,0,0,0,0,0,0,0,0,0,0,0,0,0,18,10,15,2,0,0,0,0,0,0,0,0,6,1,0,0,0,0,0,0,0,0,0,0,0,0,0,0,0,0,0,0,0,0,0,0,0,0,0,0,0,0,0,0,0,0,0,0,0,0,0,0,0,0,0,0,0,0,0,0,0,0,0,0,0,0,0,0,0,0,0,0,0,0,0,0,91,10,150,22,74,6,252,19,0,0,0,0,0,0,0,0,0,0,0,0
0,0,4,32,1,11,0,0,0,2,0,22,0,0,0,0,5,685,5,127,12,1370,443,0,0,1175,0,39,0,64,0,0,0,119,0,0,0,0,0,0,7,0,0,0,0,2,0,0,0,0,0,0,0,0,0,0,0,0,0,0,0,0,0,0,0,0,0,0,0,0,0,0,0,0,0,50,0,33,0,0,0,0,0,0,0,0,0,27,0,0,0,0,0,0,0,0,0,0,0,0,0,0,0,0,0,0,0,0,0,0,0,0,0,0,0,0,0,0,0,0,0,0,0,0,0,0,0,0,0,0,0,0,0,0,0,0,0,0,0,0,0,0,0,0,0,0,0,0,0,0,5,80,6,42,1,15,0,75,0,0,0,0,0,0,0,0,0,0,0,0
0,0,155,1,69,0,0,0,0,0,61,0,0,0,0,0,29,1,93,3,303,1,1183,0,0,0,147,0,808,0,0,0,49,0,0,0,0,0,0,0,0,0,0,0,0,0,0,0,0,0,0,0,0,0,0,0,0,0,0,0,0,0,0,0,0,0,0,0,0,0,0,0,0,0,9,6,5,0,0,0,0,0,0,0,0,0,8,0,0,0,0,0,0,0,0,0,0,0,0,0,0,0,0,0,0,0,0,0,0,0,0,0,0,0,0,0,0,0,0,0,0,0,0,0,0,0,0,0,0,0,0,0,0,0,0,0,0,0,0,0,0,0,0,0,0,0,0,0,0,0,2,1,77,5,2,3,41,1,0,0,0,0,0,0,0,0,0,0,0,0
0,0,0,79,0,22,0,0,0,4,0,53,0,0,0,0,1,38,2,81,2,429,2,1175,0,0,0,243,0,256,0,5,0,92,0,0,0,0,0,0,0,0,0,0,0,1,0,0,0,0,0,0,0,0,0,0,0,0,0,0,0,0,0,0,0,0,0,0,0,0,0,0,0,0,0,15,0,12,0,0,0,0,0,0,0,0,0,15,0,0,0,0,0,0,0,0,0,0,0,0,0,0,0,0,0,0,0,0,0,0,0,0,0,0,0,0,0,0,0,0,0,0,0,0,0,0,0,0,0,0,0,0,0,0,0,0,0,0,0,0,0,0,0,0,0,0,0,0,0,0,0,4,1,11,1,0,0,16,0,0,0,0,0,0,0,0,0,0,0,0
0,0,203,0,103,0,0,0,0,0,87,0,0,0,0,0,0,1,29,1,57,0,27,0,147,0,0,0,106,0,3,0,10,0,0,0,0,1,0,0,0,0,0,0,0,0,0,0,0,0,0,0,0,0,0,0,0,0,0,0,0,0,0,0,0,0,0,0,0,0,0,0,0,0,4,2,3,0,0,0,0,0,0,0,0,0,1,0,0,0,0,0,0,0,0,0,0,0,0,0,0,0,0,0,0,0,0,0,0,0,0,0,0,0,0,0,0,0,0,0,0,0,0,0,0,0,0,0,0,0,0,0,0,0,0,0,0,0,0,0,0,0,0,0,0,0,0,0,0,0,0,0,2,0,0,0,1,0,0,0,0,0,0,0,0,0,0,0,0,0
0,0,0,314,0,278,0,0,0,2,0,111,0,0,0,0,0,1,0,51,2,178,1,39,0,243,0,0,0,176,0,0,0,49,0,0,0,0,0,0,0,0,0,0,0,0,0,0,0,0,0,0,0,0,0,0,0,0,0,0,0,0,0,0,0,0,0,0,0,0,0,0,0,0,0,2,0,4,0,0,0,0,0,0,0,0,0,3,0,0,0,0,0,0,0,0,0,0,0,0,0,0,0,0,0,0,0,0,0,0,0,0,0,0,0,0,0,0,0,0,0,0,0,0,0,0,0,0,0,0,0,0,0,0,0,0,0,0,0,0,0,0,0,0,0,0,0,0,0,0,0,0,0,5,0,0,0,1,0,0,0,0,0,0,0,0,0,0,0,0
0,0,212,2,136,1,0,0,56,0,739,0,0,0,0,0,20,0,134,7,211,0,240,0,808,0,106,0,0,0,59,0,496,0,0,0,0,0,0,0,0,0,2,0,0,0,0,0,0,0,0,0,0,0,0,0,0,0,0,0,0,0,0,0,0,0,0,0,0,0,0,0,0,0,55,4,83,0,7,0,0,0,0,0,0,0,392,0,6,0,6,0,0,0,0,0,0,0,1,0,0,0,0,0,0,0,0,0,0,0,0,0,0,0,0,0,0,0,0,0,0,0,0,0,0,0,0,0,0,0,0,0,0,0,0,0,1,0,0,0,0,0,0,0,0,0,0,0,0,0,7,0,81,13,3,3,93,1,0,0,0,0,0,0,0,0,0,0,0,0
0,0,1,132,0,89,0,0,0,38,0,740,0,0,0,0,0,6,1,85,0,197,1,64,0,256,0,176,0,0,0,18,0,139,0,0,0,0,0,0,0,0,0,0,0,3,0,0,0,0,0,0,0,0,0,0,0,0,0,1,0,0,0,0,0,0,0,0,0,0,0,0,0,0,0,7,0,22,0,0,0,0,0,0,0,0,0,22,0,0,0,0,0,0,0,0,0,0,0,0,0,0,0,0,0,0,0,0,0,0,0,0,0,0,0,0,0,0,0,0,0,0,0,0,0,0,0,0,0,0,0,0,0,0,0,0,0,0,0,0,0,0,0,0,0,0,0,0,0,0,0,0,0,20,0,0,0,0,0,0,0,0,0,0,0,0,0,0,0,0
0,0,27,1,74,0,0,0,136,0,447,0,0,0,0,0,0,0,4,0,0,0,0,0,0,0,3,0,59,0,0,0,107,0,0,0,0,0,0,0,0,0,1,0,2,0,0,0,0,0,0,0,0,0,0,0,0,0,0,0,0,0,0,0,0,0,0,0,0,0,0,0,0,0,9,0,48,0,5,0,0,0,0,0,0,0,20,0,0,0,1,0,0,0,0,0,0,0,0,1,0,0,0,0,0,0,0,0,0,0,0,0,0,0,0,0,0,0,0,0,0,0,0,0,0,0,0,0,0,0,0,0,0,0,0,0,0,0,0,0,0,0,0,0,0,0,0,0,0,0,0,0,2,0,0,0,0,0,0,0,1,0,0,0,0,0,0,1,0,0
0,0,0,9,0,21,0,0,0,8,0,334,0,0,0,0,0,0,0,3,0,1,0,0,0,5,0,0,0,18,0,0,0,22,0,0,0,0,0,0,0,0,0,0,0,0,0,0,0,0,0,0,0,0,0,0,0,0,0,0,0,0,0,0,0,0,0,0,0,0,0,0,0,0,0,0,0,2,0,0,0,0,0,0,0,0,0,3,0,0,0,0,0,0,0,0,0,0,0,0,0,0,0,0,0,0,0,0,0,0,0,0,0,0,0,0,0,0,0,0,0,0,0,0,0,0,0,0,0,0,0,0,0,0,0,0,0,0,0,0,0,0,0,0,0,0,0,0,0,0,0,0,0,0,1,0,0,0,0,0,0,0,0,0,0,0,0,0,0,0
800,1,925,13,966,2,969,1,1407,2,564,0,434,2,365,43,200,1,194,8,105,1,109,0,49,0,10,0,496,0,107,0,0,7,0,0,103,27,66,0,727,0,54,0,79,0,40,0,30,5,85,0,44,1,23,3,46,0,136,1,408,0,69,0,28,0,41,8,8,1,89,12,146,2,229,7,3069,7,377,3,0,0,58,2,166,4,1013,0,392,2,167,0,248,0,3,0,0,0,10,2,0,0,4,0,0,1,4,6,1,0,0,3,1,0,0,0,0,0,0,0,0,0,4,0,49,2,154,1,46,0,14,0,0,0,23,1,13,0,12,0,10,0,8,0,100,0,3,0,7,0,1,1,59,13,44,20,144,0,0,0,1,0,8,0,3,0,6,4,3,0
5,375,46,637,17,956,2,1063,2,1340,0,834,0,646,14,349,0,119,25,307,0,189,9,119,0,92,0,49,0,139,0,22,7,0,0,0,10,175,4,29,1,494,0,12,0,30,26,26,4,55,3,64,9,38,3,52,0,51,0,112,3,190,4,53,3,5,1,76,4,10,19,132,2,27,7,293,7,2370,0,62,0,0,6,81,7,137,1,206,0,73,0,5,0,112,0,0,0,0,1,9,0,0,0,0,0,2,1,5,0,0,1,2,0,0,0,0,0,0,0,0,0,0,0,0,1,16,0,30,2,52,1,2,0,1,0,4,0,1,0,55,0,11,0,16,1,44,0,11,2,2,2,4,8,51,17,42,1,8,0,0,1,0,0,12,1,2,1,0,2,0
0,0,0,0,0,0,0,0,0,0,0,0,0,0,0,0,0,0,0,0,0,0,0,0,0,0,0,0,0,0,0,0,0,0,0,0,0,0,0,0,0,0,0,0,0,0,0,0,0,0,0,0,0,0,0,0,0,0,0,0,0,0,0,0,0,0,0,0,0,0,0,0,0,0,0,0,0,0,0,0,0,0,0,0,0,0,0,0,0,0,0,0,0,0,0,0,0,0,0,0,0,0,0,0,0,0,0,0,0,0,0,0,0,0,0,0,0,0,0,0,0,0,0,0,0,0,0,0,0,0,0,0,0,0,0,0,0,0,0,0,0,0,0,0,0,0,0,0,0,0,0,0,0,0,0,0,0,0,0,0,0,0,0,0,0,0,0,0,0,0
0,0,0,0,0,0,0,0,0,0,0,0,0,0,0,0,0,0,0,0,0,0,0,0,0,0,0,0,0,0,0,0,0,0,0,0,0,0,0,0,0,0,0,0,0,0,0,0,0,0,0,0,0,0,0,0,0,0,0,0,0,0,0,0,0,0,0,0,0,0,0,0,0,0,0,0,0,0,0,0,0,0,0,0,0,0,0,0,0,0,0,0,0,0,0,0,0,0,0,0,0,0,0,0,0,0,0,0,0,0,0,0,0,0,0,0,0,0,0,0,0,0,0,0,0,0,0,0,0,0,0,0,0,0,0,0,0,0,0,0,0,0,0,0,0,0,0,0,0,0,0,0,0,0,0,0,0,0,0,0,0,0,0,0,0,0,0,0,0,0
242,23,691,15,43,15,32,10,37,7,2,0,26,2,1914,189,0,0,502,13,0,0,0,0,0,0,0,0,0,0,0,0,103,10,0,0,0,529,1266,5,3,1,0,0,1,0,43,7,78,2,1,2,58,3,13,2,1,0,0,0,86,8,110,1,19,1,23,0,37,0,1951,39,1024,45,192,9,324,23,67,9,0,0,47,0,33,3,1,0,11,2,1,0,0,0,0,0,0,0,0,1,0,0,0,0,0,0,1,0,0,0,0,1,0,0,0,0,0,0,0,0,0,0,1,0,14,2,120,7,66,1,12,0,0,0,15,0,3,0,1,0,0,0,0,0,51,0,4,0,15,1,0,0,1,5,672,93,0,0,0,0,0,0,3,0,1,0,1,0,0,1
155,165,224,235,83,139,15,127,22,89,2,1,5,33,420,2017,1,0,61,742,0,0,0,0,0,0,1,0,0,0,0,0,27,175,0,0,529,0,46,949,0,12,1,0,1,0,22,21,26,58,1,6,19,7,0,8,0,0,0,1,107,113,14,11,7,5,6,40,1,6,137,2222,262,342,60,291,83,565,11,169,0,0,0,9,2,10,1,2,5,5,0,0,0,0,0,0,0,0,1,6,0,1,0,0,0,0,2,1,0,1,1,0,1,0,0,0,0,0,0,0,0,0,1,0,5,27,23,151,5,93,1,12,0,0,3,4,0,9,0,0,0,0,0,3,10,16,0,3,2,8,0,0,4,107,44,930,0,0,0,1,0,2,1,1,0,1,0,2,0,1
31,1,34,1,6,0,4,0,2,2,0,0,17,0,36,3,0,0,5,0,0,0,0,0,0,0,0,0,0,0,0,0,66,4,0,0,1266,46,0,166,62,47,0,1,0,0,393,163,302,43,13,81,239,5,35,8,6,8,0,55,18,0,76,1,18,0,11,1,59,1,2128,272,7,0,1,0,83,2,9,1,0,0,73,3,88,5,0,0,25,10,0,0,1,2,0,0,0,0,2,2,0,0,2,0,0,0,1,3,0,0,1,1,0,0,0,0,0,0,0,0,0,0,0,0,2,0,11,1,33,0,1,0,1,0,1,0,0,0,0,0,1,0,0,0,11,0,0,0,10,0,0,0,0,0,2,1,0,0,1,0,0,0,0,0,0,0,1,0,1,2
2,3,0,0,0,1,0,0,1,0,0,0,2,0,1,2,0,0,0,0,0,0,0,0,0,0,0,0,0,0,0,0,0,29,0,0,5,949,166,0,5,226,0,10,0,0,85,125,65,94,8,129,78,21,5,21,0,23,3,67,0,2,5,9,0,6,1,40,3,5,188,1880,0,0,0,3,8,30,0,2,0,0,9,19,16,35,0,0,6,29,0,0,4,3,1,0,0,0,0,1,0,0,0,0,0,0,1,1,0,0,0,0,0,0,0,0,0,0,0,0,0,0,0,0,0,0,0,5,0,6,0,0,0,0,0,0,0,0,0,0,0,0,0,1,0,1,0,0,2,0,0,0,0,0,0,1,0,0,0,1,0,1,0,1,0,0,0,0,0,0
5,0,3,0,2,0,0,0,4,1,0,0,1,0,0,0,53,3,0,0,0,0,0,7,0,0,0,0,0,0,0,0,727,1,0,0,3,0,62,5,0,5,2683,1,402,0,138,37,8,4,774,9,6,0,9,0,33,1,553,6,1,0,4,0,1,0,0,0,0,0,894,17,0,0,29,0,1452,2,389,4,0,0,0,0,312,0,298,0,319,1,373,0,667,2,3,8,7,5,37,12,12,1,4,1,5,8,27,43,16,7,61,19,0,4,3,0,1,0,1,0,1,0,42,0,12,1,66,4,71,1,12,0,3,0,14,0,3,0,207,0,64,0,77,0,583,1,18,1,31,0,0,0,0,0,0,0,11,0,12,0,10,1,87,0,10,0,16,2,20,2
0,1,0,4,0,8,0,1,0,2,0,3,0,2,0,3,0,1,0,5,0,0,0,0,0,0,0,0,0,0,0,0,0,494,0,0,1,12,47,226,5,0,1,2622,0,682,1,50,0,4,0,599,2,10,0,17,0,71,0,884,0,2,0,0,0,0,0,0,0,0,11,535,0,2,0,45,1,1689,1,630,0,0,0,10,0,397,0,545,0,563,0,138,0,947,0,2,0,0,0,8,1,0,1,1,0,1,3,16,3,7,3,5,3,0,1,0,0,0,0,1,0,12,0,22,0,22,0,112,0,108,0,4,0,0,0,7,0,2,0,389,0,59,0,86,0,447,0,19,0,7,0,0,0,0,0,0,0,23,0,1,1,15,0,157,0,2,2,0,1,0
0,0,1,2,2,0,0,0,3,0,3,0,0,0,0,0,2,0,1,0,0,0,0,0,0,0,0,0,2,0,1,0,54,0,0,0,0,1,0,0,2683,1,0,3,305,0,3,0,0,0,365,0,3,0,3,0,20,0,1268,0,0,0,0,1,0,0,0,0,0,0,115,0,0,0,2,3,40,11,2,28,0,0,0,0,55,0,13,0,61,0,6,0,56,0,7,24,10,17,14,7,21,6,5,8,24,10,119,25,33,15,35,24,0,0,2,0,1,2,1,0,0,0,1,0,0,1,2,5,2,2,0,0,0,0,0,0,0,0,1,0,1,0,1,0,2,0,0,0,0,1,0,0,0,0,0,0,0,0,3,0,0,0,1,0,0,0,17,0,1,0
0,0,0,0,0,0,0,0,0,0,0,0,0,0,0,0,0,4,0,0,0,0,1,0,0,0,0,0,0,0,0,0,0,12,0,0,0,0,1,10,1,2622,3,0,0,363,0,5,0,1,0,326,0,1,0,0,0,18,0,1131,0,0,0,0,0,0,0,0,0,0,2,27,0,0,0,0,1,22,0,4,0,0,0,1,0,10,0,19,0,15,0,124,0,52,0,4,0,0,0,0,0,1,3,11,3,4,0,3,0,0,0,2,0,0,0,0,0,0,0,0,0,0,0,0,0,0,0,2,0,0,0,0,0,0,0,0,0,0,0,2,0,0,0,2,0,5,0,0,0,0,0,0,0,0,0,0,0,0,0,0,0,0,0,0,0,0,0,1,0,0
0,0,5,0,6,0,0,0,3,0,2,0,0,0,1,0,76,0,2,0,0,0,1,0,0,0,0,0,0,0,2,0,79,0,0,0,1,1,0,0,402,0,305,0,0,0,0,0,0,0,0,0,0,0,0,0,0,0,48,0,2,0,1,0,0,0,0,0,0,0,0,0,0,0,1,0,268,0,144,0,0,0,0,0,0,0,348,0,10,0,43,0,22,0,2,1,0,0,3,2,0,0,0,0,0,0,1,1,0,0,0,1,0,0,0,0,0,0,0,0,0,0,0,0,12,0,17,1,4,0,3,0,1,0,2,0,1,0,11,0,0,0,0,0,2,0,0,0,0,0,0,0,0,0,0,0,8,0,1,0,2,0,43,0,6,0,0,0,1,2
0,0,0,12,0,10,0,0,0,1,0,2,0,0,0,0,0,53,0,14,0,4,0,2,0,1,0,0,0,3,0,0,0,30,0,0,0,0,0,0,0,682,0,363,0,0,0,0,0,0,0,1,0,0,0,0,0,0,0,84,0,0,0,0,0,0,0,0,0,0,0,0,0,0,0,9,0,591,0,67,0,0,0,0,0,1,0,961,0,52,0,312,0,183,0,1,0,0,0,0,1,0,0,0,0,0,0,0,0,0,1,0,0,0,0,0,0,0,0,0,0,0,0,0,0,9,0,5,0,0,0,2,0,0,0,4,0,0,0,46,0,0,0,1,0,2,0,0,0,0,0,0,0,9,0,0,0,88,0,0,0,6,0,5,0,0,0,0,0,0
38,6,9,0,4,0,0,0,0,0,0,0,23,2,2,3,0,0,0,0,0,0,0,0,0,0,0,0,0,0,0,0,40,26,0,0,43,22,393,85,138,1,3,0,0,0,0,699,3138,259,2401,138,1743,121,731,47,344,9,114,8,56,0,63,1,80,2,6,5,84,0,1328,236,2,1,4,0,54,15,0,0,0,0,80,22,257,87,0,0,139,123,0,0,6,15,105,1,8,0,2,0,0,0,13,1,0,0,0,0,0,0,0,0,1,0,0,0,0,0,0,0,0,0,0,0,0,0,3,0,3,0,0,0,0,0,0,0,0,0,0,0,0,0,1,1,3,1,1,0,2,0,0,0,0,0,0,0,0,0,0,0,0,0,0,0,0,0,0,0,0,1
0,5,0,3,0,1,0,0,0,0,0,0,0,0,0,1,0,0,0,0,0,0,0,0,0,0,0,0,0,0,0,0,0,26,0,0,7,21,163,125,37,50,0,5,0,0,699,0,197,2737,90,4272,76,1639,2,649,1,370,3,474,0,4,1,2,0,1,0,1,0,4,388,1239,0,0,0,0,1,18,0,0,0,0,1,22,3,138,0,2,0,155,0,0,0,55,1,0,0,0,0,1,0,0,0,11,0,0,0,0,0,0,0,0,0,0,7,0,0,0,0,0,0,0,0,0,0,0,0,0,0,5,0,0,0,0,0,0,0,0,0,0,0,0,0,1,0,7,0,0,0,0,0,0,0,0,0,0,0,0,0,0,0,0,0,0,0,0,0,0,0,1
60,3,17,0,6,0,4,0,2,0,0,0,23,2,4,0,0,0,0,0,0,0,0,0,0,0,0,0,0,0,0,0,30,4,0,0,78,26,302,65,8,0,0,0,0,0,3138,197,0,324,26,11,2583,95,297,12,38,4,10,4,37,1,314,0,63,0,2,3,62,1,651,136,2,0,2,0,36,4,8,1,0,0,37,6,54,16,0,1,34,29,0,0,1,3,0,0,0,0,1,0,0,0,0,0,0,0,0,0,0,0,0,0,0,0,0,0,0,0,0,0,0,0,0,0,0,0,6,0,12,0,0,0,0,0,0,0,0,0,0,0,0,0,0,0,3,0,0,0,4,0,0,0,0,0,0,0,0,0,0,0,0,0,1,0,0,0,0,0,0,1
0,80,0,16,0,7,0,7,0,0,0,0,2,6,0,49,0,0,0,0,0,0,0,0,0,0,0,0,0,0,0,0,5,55,0,0,2,58,43,94,4,4,0,1,0,0,259,2737,324,0,8,71,57,3541,3,744,0,36,1,9,3,76,7,153,0,16,1,53,4,36,115,1370,0,8,0,4,3,69,2,8,0,0,3,64,7,123,0,0,4,156,0,0,0,15,1,0,0,0,0,4,0,0,0,2,1,0,0,0,0,0,0,0,0,0,0,0,0,0,0,0,0,0,0,0,0,0,1,5,3,16,0,0,0,0,0,0,0,0,0,0,0,0,0,0,0,0,0,0,1,1,0,0,0,0,1,3,0,0,0,0,0,0,0,0,0,0,0,1,1,0
9,0,1,0,0,0,1,0,0,0,0,0,7,0,0,0,0,0,0,0,0,0,0,0,0,0,0,0,0,0,0,0,85,3,0,0,1,1,13,8,774,0,365,0,0,0,2401,90,26,8,0,68,144,7,914,0,1507,3,1588,2,18,0,5,0,26,0,2,2,34,0,1290,14,1,0,2,0,99,1,1,1,0,0,60,2,340,4,0,0,324,3,0,0,39,1,626,2,86,0,5,1,164,7,280,0,0,2,1,2,0,1,1,1,0,30,16,10,1,0,0,0,0,0,1,0,0,0,4,0,4,2,0,0,0,0,4,1,0,0,0,0,2,0,6,0,19,1,0,0,0,0,0,0,0,0,0,0,0,0,0,0,0,0,0,0,1,0,1,0,1,0
1,8,0,2,0,0,0,0,0,0,0,0,0,0,0,1,0,0,0,1,0,0,0,0,0,0,0,0,0,0,0,0,0,64,0,0,2,6,81,129,9,599,0,326,0,1,138,4272,11,71,68,0,18,81,0,205,1,707,0,2443,0,4,0,0,0,0,0,0,0,2,66,959,0,0,0,1,1,55,0,7,0,0,0,25,0,282,0,1,0,204,0,0,0,43,0,8,0,5,2,30,7,70,1,254,0,0,0,4,0,1,0,1,0,117,20,136,1,2,0,0,0,1,0,0,0,3,1,3,0,37,0,3,0,0,1,1,0,1,0,6,1,4,3,52,1,87,0,3,0,3,0,0,0,0,0,0,0,0,0,0,0,0,0,3,0,0,1,0,134,0
73,4,14,0,7,1,2,0,0,0,0,0,41,0,3,0,0,0,0,1,0,0,0,0,0,0,0,0,0,0,0,0,44,9,0,0,58,19,239,78,6,2,3,0,0,0,1743,76,2583,57,144,18,0,35,1746,14,162,5,35,2,45,2,526,1,165,0,4,4,113,1,246,110,5,0,4,0,49,7,7,1,0,0,62,15,109,38,0,0,64,51,0,0,4,5,11,0,0,0,0,0,0,0,1,1,1,0,0,0,0,0,0,0,0,0,0,0,0,0,0,0,0,0,0,0,2,0,8,1,11,0,0,0,0,0,3,0,0,0,0,0,0,0,0,0,0,0,0,0,2,0,0,0,0,0,0,0,0,0,0,0,0,0,0,0,0,0,0,0,0,0
0,64,0,7,0,4,0,2,0,0,0,0,0,5,1,27,0,0,0,0,0,0,0,0,0,0,0,0,0,0,0,0,1,38,0,0,3,7,5,21,0,10,0,1,0,0,121,1639,95,3541,7,81,35,0,0,3450,0,135,0,28,0,53,1,605,0,34,1,39,2,218,43,424,0,2,0,4,0,46,0,5,0,0,1,29,2,171,0,0,0,253,0,0,0,61,0,0,0,0,0,1,0,0,0,0,0,0,0,0,0,0,0,0,0,0,0,0,0,0,0,0,0,0,0,0,0,0,0,2,0,7,0,0,0,0,0,0,0,0,0,1,0,1,0,0,0,1,0,0,0,0,0,0,0,0,0,0,0,0,0,0,0,0,0,0,0,0,0,0,0,0
53,1,8,0,2,0,2,0,1,0,0,0,27,0,1,0,0,0,0,0,0,0,0,0,0,0,0,0,0,0,0,0,23,3,0,0,13,0,35,5,9,0,3,0,0,0,731,2,297,3,914,0,1746,0,0,1,2184,0,348,0,77,0,899,0,966,0,7,1,1869,0,66,5,0,0,2,0,37,3,5,0,0,0,33,1,176,2,1,0,2549,3,0,0,241,0,178,0,21,0,0,0,0,0,1,0,0,0,0,0,0,0,0,0,0,1,0,0,0,1,0,0,0,0,0,0,0,0,7,0,8,0,1,0,0,0,0,0,0,0,0,0,0,0,0,0,4,0,2,0,0,0,0,0,0,0,0,0,0,0,0,0,0,0,0,0,0,0,0,0,0,0
0,206,1,27,0,18,0,11,0,1,0,0,0,4,1,43,0,0,1,0,0,0,0,0,0,0,0,0,0,0,0,0,3,52,0,0,2,8,8,21,0,17,0,0,0,0,47,649,12,744,0,205,14,3450,1,0,0,1330,0,99,0,216,3,157,0,145,1,55,1,1016,8,225,0,4,0,6,7,79,0,8,0,0,1,34,4,411,0,3,1,2514,0,0,0,199,0,2,0,0,0,0,1,0,0,1,0,0,1,0,0,0,0,0,0,0,0,0,0,0,0,0,0,0,0,1,0,0,0,8,2,12,0,0,0,0,0,0,0,0,0,0,0,0,0,1,0,1,0,1,0,0,0,0,0,0,0,0,0,0,0,0,0,0,0,0,0,0,0,0,0,0
6,0,0,0,0,0,0,0,0,0,0,0,5,0,0,0,0,0,0,0,0,0,0,0,0,0,0,0,0,0,0,0,46,0,0,0,1,0,6,0,33,0,20,0,0,0,344,1,38,0,1507,1,162,0,2184,0,0,0,1327,0,9,0,9,0,21,0,0,0,31,0,65,1,1,0,0,0,53,0,1,0,0,0,32,0,214,0,0,0,612,0,0,0,467,0,258,0,20,1,0,1,0,0,7,0,0,0,0,1,0,0,1,3,0,0,0,0,0,0,0,0,0,0,1,0,0,0,0,0,4,0,0,0,0,0,0,0,0,0,0,0,2,0,1,0,4,0,0,0,1,0,0,0,0,0,0,0,0,0,0,0,0,0,0,0,1,0,1,0,0,0
0,2,0,2,0,1,0,0,0,0,0,0,0,0,0,1,0,0,0,0,0,0,0,0,0,0,0,0,0,0,0,0,0,51,0,0,0,0,8,23,1,71,0,18,0,0,9,370,4,36,3,707,5,135,0,1330,0,0,0,1069,0,6,0,0,0,2,0,1,0,2,11,40,0,0,0,1,0,69,0,4,0,0,1,6,0,286,0,2,0,427,0,0,1,1065,0,2,0,0,0,1,0,0,0,7,1,0,0,0,1,2,0,0,0,0,0,0,0,0,0,0,0,0,0,0,0,2,0,0,0,5,0,0,0,0,0,0,0,0,0,9,0,5,0,4,0,15,0,0,0,0,0,0,0,0,0,0,0,0,0,0,0,0,0,2,0,0,0,0,0,0
2,0,1,0,0,0,0,0,1,0,0,0,4,0,0,0,0,0,0,0,0,0,0,0,0,0,0,0,0,0,0,0,136,0,0,0,0,0,0,3,553,0,1268,0,48,0,114,3,10,1,1588,0,35,0,348,0,1327,0,0,0,4,0,2,0,10,0,1,0,14,0,64,0,0,0,2,0,90,1,3,0,0,0,17,1,380,0,89,0,473,0,434,0,1934,0,71,0,4,0,5,1,278,2,343,1,1,1,8,3,1,2,0,1,0,2,5,0,1,1,0,2,0,0,1,0,0,0,2,0,3,0,1,0,0,0,1,0,0,0,1,0,0,0,1,0,18,0,0,0,1,0,0,0,0,0,0,0,0,0,0,0,1,0,0,0,0,0,1,0,1,0
0,0,0,1,0,0,0,0,0,0,0,1,0,0,0,0,0,0,0,0,0,0,0,0,0,0,0,0,0,1,0,0,1,112,0,0,0,1,55,67,6,884,0,1131,0,84,8,474,4,9,2,2443,2,28,0,99,0,1069,0,0,0,0,0,0,0,0,0,1,0,1,21,185,0,0,0,1,0,168,0,6,0,0,1,8,0,312,0,177,0,551,0,496,0,2760,0,67,0,2,0,0,0,0,0,86,0,2,1,1,0,2,0,0,0,0,0,1,0,0,0,0,0,0,0,1,0,0,0,0,0,8,0,0,0,0,0,1,0,0,0,12,0,12,0,7,0,17,0,1,0,0,0,0,0,1,0,0,0,0,0,0,0,0,0,3,0,1,0,0,0,1
5463,28,174,1,153,0,263,1,36,0,0,0,1592,0,53,71,0,0,0,0,0,0,0,0,0,0,0,0,0,0,0,0,408,3,0,0,86,107,18,0,1,0,0,0,2,0,56,0,37,3,18,0,45,0,77,0,9,0,4,0,0,3,1882,0,796,1,1249,2,130,1,410,6,598,16,225,2,854,8,210,4,0,0,109,1,760,0,4,0,408,2,0,0,14,0,3,0,1,0,1,0,0,0,0,1,0,0,0,0,0,0,0,2,0,0,0,0,0,0,0,0,0,0,2,0,25,1,275,4,137,2,17,2,2,0,20,0,14,0,0,0,0,0,2,0,73,1,6,0,23,0,0,0,0,0,1,0,0,0,0,0,0,0,2,0,3,0,0,0,4,0
5,3887,2,65,1,81,0,51,0,38,0,0,0,1278,2,184,0,0,2,1,0,0,0,0,0,0,0,0,0,0,0,0,0,190,0,0,8,113,0,2,0,2,0,0,0,0,0,4,1,76,0,4,2,53,0,216,0,6,0,0,3,0,4,2446,2,754,0,2125,0,541,10,490,4,452,3,96,1,574,0,110,0,0,1,8,0,213,0,0,0,335,0,0,0,1,0,0,0,0,1,1,0,0,0,0,0,0,0,0,0,0,1,0,0,0,0,0,0,0,0,0,0,0,0,0,0,2,1,87,1,60,0,5,0,0,0,1,1,1,0,0,0,0,0,0,1,5,0,5,0,0,0,0,0,0,0,0,0,0,0,0,0,0,0,0,0,3,1,0,0,1
520,0,86,2,36,1,18,0,7,0,0,0,15,0,39,4,0,0,0,0,0,0,0,0,0,0,0,0,0,0,0,0,69,4,0,0,110,14,76,5,4,0,0,0,1,0,63,1,314,7,5,0,526,1,899,3,9,0,2,0,1882,4,0,0,997,2,35,7,281,2,1084,12,117,2,64,2,312,13,116,1,0,0,20,2,16,4,0,0,28,3,0,0,2,1,3,0,0,0,5,1,0,0,0,0,0,1,0,1,0,0,0,0,1,1,0,0,0,0,0,0,0,0,0,0,7,0,126,0,151,6,13,0,1,0,13,0,3,0,0,0,0,0,1,0,29,0,3,0,20,0,0,0,0,0,2,2,0,0,0,0,1,0,1,0,3,0,2,0,7,4
3,296,0,29,0,24,0,9,0,4,0,0,0,6,1,39,0,0,0,0,0,0,0,0,0,0,0,0,0,0,0,0,0,53,0,0,1,11,1,9,0,0,1,0,0,0,1,2,0,153,0,0,1,605,0,157,0,0,0,0,0,2446,0,0,1,1188,0,302,2,505,0,694,1,38,1,10,3,156,1,25,0,0,0,1,2,11,0,0,0,22,0,0,0,0,0,0,0,0,0,0,0,0,0,0,0,0,0,0,0,0,0,0,0,0,0,0,0,0,0,0,0,0,0,0,0,1,0,18,2,12,0,1,0,0,0,0,0,0,0,0,0,0,0,0,1,1,0,1,0,0,0,0,0,0,1,0,0,0,0,0,0,1,0,1,0,1,0,0,0,0
113,1,43,0,23,0,5,0,3,0,0,0,13,0,9,0,0,0,0,0,0,0,0,0,0,0,0,0,0,0,0,0,28,3,0,0,19,7,18,0,1,0,0,0,0,0,80,0,63,0,26,0,165,0,966,0,21,0,10,0,796,2,997,1,0,0,985,0,1473,1,64,5,4,0,22,1,152,5,76,0,0,0,4,0,84,4,0,0,435,2,0,0,38,0,6,0,0,0,1,1,0,0,3,0,0,0,0,0,0,0,0,0,1,1,0,0,0,0,0,0,0,0,2,0,6,0,48,0,117,2,6,0,2,0,4,0,1,0,0,0,0,0,0,0,21,1,0,0,7,0,0,0,0,0,0,0,0,0,0,0,0,0,2,0,1,0,0,1,0,1
1,64,0,22,1,9,0,2,0,0,0,0,0,3,0,16,0,0,0,0,0,0,0,0,0,0,0,0,0,0,0,0,0,5,0,0,1,5,0,6,0,0,0,0,0,0,2,1,0,16,0,0,0,34,0,145,0,2,0,0,1,754,2,1188,0,0,0,1505,0,1508,0,35,0,0,0,3,0,16,0,2,0,0,1,1,1,23,0,0,0,68,0,0,0,0,0,0,0,0,0,0,0,0,0,0,0,0,0,0,1,0,0,0,0,0,0,0,0,0,0,0,0,0,0,0,0,0,1,2,0,1,0,0,0,0,0,0,0,0,0,0,0,0,0,0,0,0,0,0,0,0,0,0,0,0,0,0,0,0,0,0,0,0,0,0,0,0,0,0,0,0
256,1,55,0,46,0,17,0,6,0,0,0,198,0,2,0,0,0,0,0,0,0,0,0,0,0,0,0,0,0,0,0,41,1,0,0,23,6,11,1,0,0,0,0,0,0,6,0,2,1,2,0,4,1,7,1,0,0,1,0,1249,0,35,0,985,0,0,3,398,0,23,3,6,1,21,0,73,2,38,0,0,0,11,1,1291,3,0,0,280,1,0,0,4,0,0,0,0,0,1,0,0,0,0,0,0,0,0,0,0,0,0,0,0,0,0,0,0,0,0,0,0,1,0,0,4,0,37,0,70,4,6,0,1,0,8,0,1,0,0,0,0,0,1,0,10,0,2,0,6,0,0,0,0,0,0,0,0,0,0,0,0,0,0,0,0,0,1,0,0,1
1,443,0,50,0,75,0,34,0,10,0,0,0,528,3,43,0,0,0,1,0,0,0,0,0,0,0,0,0,0,0,0,8,76,0,0,0,40,1,40,0,0,0,0,0,0,5,1,3,53,2,0,4,39,1,55,0,1,0,1,2,2125,7,302,0,1505,3,0,2,351,7,167,0,14,1,14,11,87,1,18,0,0,8,11,4,661,0,0,2,111,0,0,0,4,0,0,0,0,0,0,0,0,0,0,0,0,0,0,0,0,0,0,0,0,0,0,0,0,0,0,0,0,0,0,0,1,2,15,6,17,1,1,0,0,0,0,0,0,0,0,0,0,0,0,0,1,0,0,4,1,0,0,0,0,0,0,0,0,0,0,0,0,0,0,0,0,0,0,0,0
100,1,56,0,6,0,6,0,1,0,0,0,20,1,4,3,0,0,1,0,0,0,0,0,0,0,0,0,0,0,0,0,8,4,0,0,37,1,59,3,0,0,0,0,0,0,84,0,62,4,34,0,113,2,1869,1,31,0,14,0,130,0,281,2,1473,0,398,2,0,0,80,7,0,0,3,0,30,4,4,0,0,0,13,0,239,7,0,0,2356,2,0,0,19,0,6,0,1,0,1,0,0,0,2,0,0,0,0,0,0,0,0,0,0,0,0,0,0,0,0,0,0,0,0,0,1,0,4,0,14,1,0,0,0,0,1,0,0,0,0,0,0,0,0,0,0,0,0,0,2,0,0,0,0,0,0,0,0,0,0,0,0,0,0,0,0,0,0,0,0,0
0,212,0,13,0,9,0,6,0,1,0,0,2,2,0,23,0,0,0,0,0,0,0,0,0,0,0,0,0,0,0,0,1,10,0,0,0,6,1,5,0,0,0,0,0,0,0,4,1,36,0,2,1,218,0,1016,0,2,0,1,1,541,2,505,1,1508,0,351,0,0,1,50,0,3,0,3,6,24,1,4,0,0,0,6,2,322,0,0,0,956,0,0,0,4,0,0,0,0,0,0,0,0,0,0,0,0,0,0,0,0,0,0,0,0,0,0,0,0,0,0,0,0,0,0,0,0,0,3,0,1,0,0,0,0,0,0,0,0,0,0,0,0,0,0,0,0,1,0,0,0,0,0,0,0,0,0,0,0,0,0,0,0,0,0,0,0,0,0,0,0
888,8,297,0,41,1,22,0,10,1,0,0,39,0,188,25,0,0,2,2,0,0,0,0,0,0,0,0,0,0,0,0,89,19,0,0,1951,137,2128,188,894,11,115,2,0,0,1328,388,651,115,1290,66,246,43,66,8,65,11,64,21,410,10,1084,0,64,0,23,7,80,1,0,393,1589,26,180,3,438,23,147,5,0,0,29,5,39,22,0,1,16,39,0,0,1,17,2,0,0,0,4,0,0,0,1,0,0,0,2,0,0,0,0,0,0,0,0,0,0,0,0,0,1,0,4,0,9,0,211,4,204,7,19,0,0,0,18,0,7,0,0,0,0,0,1,0,76,2,4,0,22,1,0,0,0,0,9,1,1,0,0,0,1,0,3,0,4,0,3,0,0,2
8,570,5,180,0,54,0,29,2,17,0,0,2,15,6,884,0,0,0,3,0,0,0,0,0,0,0,0,0,0,0,0,12,132,0,0,39,2222,272,1880,17,535,0,27,0,0,236,1239,136,1370,14,959,110,424,5,225,1,40,0,185,6,490,12,694,5,35,3,167,7,50,393,0,9,735,5,71,17,645,2,207,0,0,10,56,9,91,0,0,9,103,0,0,0,15,0,0,0,0,3,11,0,0,0,0,0,1,0,2,0,1,2,0,0,1,0,0,0,0,0,0,0,0,0,0,1,3,1,137,10,142,0,7,0,3,0,1,0,1,0,2,0,1,0,29,1,86,0,6,4,2,0,0,0,0,4,2,0,0,0,0,0,1,0,3,0,2,0,3,1,0
1068,33,436,1,35,3,84,0,7,3,0,0,51,0,1481,140,0,0,0,0,0,0,0,0,0,0,0,0,0,0,0,0,146,2,0,0,1024,262,7,0,0,0,0,0,0,0,2,0,2,0,1,0,5,0,0,0,1,0,0,0,598,4,117,1,4,0,6,0,0,0,1589,9,0,41,109,5,365,7,30,1,0,0,0,0,5,0,3,0,2,0,0,0,0,0,0,0,0,0,0,1,0,0,0,0,0,0,0,0,0,0,0,0,0,0,0,0,0,0,0,0,0,0,0,0,6,0,130,3,25,0,12,0,0,0,18,0,5,0,0,0,0,0,1,0,61,0,7,0,13,0,0,0,0,0,17,1,0,0,0,0,0,0,0,0,0,0,0,0,1,0
21,688,2,128,0,23,2,30,0,9,0,0,0,16,10,960,0,0,0,0,0,0,0,0,0,0,0,0,0,0,0,0,2,27,0,0,45,342,0,0,0,2,0,0,0,0,1,0,0,8,0,0,0,2,0,4,0,0,0,0,16,452,2,38,0,0,1,14,0,3,26,735,41,0,7,66,9,346,0,83,0,0,0,1,0,5,0,0,1,2,0,0,0,0,0,0,0,0,0,2,0,0,0,0,0,0,0,0,0,0,0,0,0,0,0,0,0,0,0,0,0,0,0,1,1,1,6,104,2,41,1,8,0,0,0,1,0,1,0,0,0,0,0,0,1,9,0,4,0,7,0,0,0,0,0,2,0,0,0,0,0,0,0,0,0,2,2,1,0,1
377,37,398,15,326,13,88,11,131,4,54,1,40,1,288,89,6,17,137,13,64,4,18,0,9,0,4,0,55,0,9,0,229,7,0,0,192,60,1,0,29,0,2,0,1,0,4,0,2,0,2,0,4,0,2,0,0,0,2,0,225,3,64,1,22,0,21,1,3,0,180,5,109,7,0,164,1443,27,194,8,0,0,3,0,13,2,22,0,13,1,3,0,0,0,0,0,1,0,7,2,0,0,0,0,0,0,0,1,0,1,0,0,0,0,0,0,0,0,0,0,69,58,16,0,120,3,507,9,205,3,23,0,0,0,142,2,36,0,1,0,7,0,22,0,591,1,31,1,77,0,11,1,68,33,21,25,62,13,0,0,0,0,6,0,2,0,3,2,2,0
4,351,39,312,14,534,1,273,4,189,7,4,1,72,17,385,44,133,63,249,62,170,10,50,6,15,2,2,4,7,0,0,7,293,0,0,9,291,0,3,0,45,3,0,0,9,0,0,0,4,0,1,0,4,0,6,0,1,0,1,2,96,2,10,1,3,0,14,0,3,3,71,5,66,164,0,12,3967,17,1275,0,0,0,5,0,13,0,11,0,8,0,0,0,0,1,6,3,1,9,48,4,2,0,1,3,5,21,11,4,5,6,4,7,2,1,0,0,1,0,1,0,53,0,7,2,960,1,1778,3,706,0,190,0,16,0,397,0,181,0,2,1,6,0,29,0,516,0,80,0,117,13,103,158,133,12,43,22,195,2,15,2,48,2,72,1,30,11,11,7,9
723,6,1138,16,760,10,180,3,496,12,169,0,189,1,651,51,164,1,186,21,27,0,15,0,5,0,3,0,83,0,48,0,3069,7,0,0,324,83,83,8,1452,1,40,1,268,0,54,1,36,3,99,1,49,0,37,7,53,0,90,0,854,1,312,3,152,0,73,11,30,6,438,17,365,9,1443,12,0,25,1946,19,0,0,52,7,189,6,258,0,140,11,151,0,126,0,5,34,5,20,97,40,19,2,4,7,11,22,33,51,11,12,21,21,7,7,2,0,0,1,0,1,11,0,12,0,369,6,634,8,219,15,64,0,28,1,277,4,101,1,93,2,54,0,58,0,399,0,23,0,80,0,0,3,10,11,57,27,74,1,38,7,38,1,158,2,62,5,60,11,39,22
18,815,74,796,27,1257,1,271,8,586,0,186,0,142,53,966,6,250,49,510,0,59,2,33,0,12,0,4,0,22,0,2,7,2370,0,0,23,565,2,30,2,1689,11,22,0,591,15,18,4,69,1,55,7,46,3,79,0,69,1,168,8,574,13,156,5,16,2,87,4,24,23,645,7,346,27,3967,25,0,10,2407,0,0,4,92,9,214,0,304,1,104,0,8,0,138,1,2,2,7,8,34,3,1,2,3,3,6,17,21,14,5,21,4,6,0,3,0,0,0,0,7,0,10,0,11,2,81,6,346,3,126,0,26,1,4,2,23,1,13,0,233,0,40,0,41,4,165,0,17,3,24,3,7,7,257,26,87,2,525,1,4,1,37,2,185,0,17,11,3,7,8
73,0,134,8,79,3,17,1,57,3,16,0,35,0,62,7,31,0,40,2,0,0,0,0,0,0,0,0,7,0,5,0,377,0,0,0,67,11,9,0,389,1,2,0,144,0,0,0,8,2,1,0,7,0,5,0,1,0,3,0,210,0,116,1,76,0,38,1,4,1,147,2,30,0,194,17,1946,10,0,18,0,0,8,0,22,0,21,0,9,0,17,0,8,0,4,28,6,23,62,37,9,1,0,6,9,12,42,65,9,10,17,29,7,6,2,1,1,0,0,2,20,0,0,0,67,4,258,11,135,8,33,0,14,1,179,2,51,1,44,2,32,2,6,1,105,0,6,0,36,0,0,0,1,0,11,6,56,2,74,4,31,0,249,2,64,4,41,11,26,26
1,221,20,116,10,241,0,47,3,59,0,2,0,18,21,256,0,0,6,67,0,1,0,0,0,0,0,0,0,0,0,0,3,62,0,0,9,169,1,2,4,630,28,4,0,67,0,0,1,8,1,7,1,5,0,8,0,4,0,6,4,110,1,25,0,2,0,18,0,4,5,207,1,83,8,1275,19,2407,18,0,0,0,0,8,1,17,0,1,0,2,0,0,1,3,3,5,5,4,13,53,4,2,1,1,10,8,32,20,14,4,23,4,4,0,1,1,1,0,0,2,0,3,0,1,1,108,5,185,6,60,0,31,0,4,0,27,0,12,0,155,0,6,0,5,3,36,0,6,2,10,0,0,0,16,7,13,2,56,3,25,1,98,2,309,4,36,7,7,8,9
0,0,0,0,0,0,0,0,0,0,0,0,0,0,0,0,0,0,0,0,0,0,0,0,0,0,0,0,0,0,0,0,0,0,0,0,0,0,0,0,0,0,0,0,0,0,0,0,0,0,0,0,0,0,0,0,0,0,0,0,0,0,0,0,0,0,0,0,0,0,0,0,0,0,0,0,0,0,0,0,0,0,0,0,0,0,0,0,0,0,0,0,0,0,0,0,0,0,0,0,0,0,0,0,0,0,0,0,0,0,0,0,0,0,0,0,0,0,0,0,0,0,0,0,0,0,0,0,0,0,0,0,0,0,0,0,0,0,0,0,0,0,0,0,0,0,0,0,0,0,0,0,0,0,0,0,0,0,0,0,0,0,0,0,0,0,0,0,0,0
0,0,0,0,0,0,0,0,0,0,0,0,0,0,0,0,0,0,0,0,0,0,0,0,0,0,0,0,0,0,0,0,0,0,0,0,0,0,0,0,0,0,0,0,0,0,0,0,0,0,0,0,0,0,0,0,0,0,0,0,0,0,0,0,0,0,0,0,0,0,0,0,0,0,0,0,0,0,0,0,0,0,0,0,0,0,0,0,0,0,0,0,0,0,0,0,0,0,0,0,0,0,0,0,0,0,0,0,0,0,0,0,0,0,0,0,0,0,0,0,0,0,0,0,0,0,0,0,0,0,0,0,0,0,0,0,0,0,0,0,0,0,0,0,0,0,0,0,0,0,0,0,0,0,0,0,0,0,0,0,0,0,0,0,0,0,0,0,0,0
25,2,5,0,1,0,16,0,4,0,0,0,201,2,2,1,0,0,0,0,0,0,0,0,0,0,0,0,0,0,0,0,58,6,0,0,47,0,73,9,0,0,0,0,0,0,80,1,37,3,60,0,62,1,33,1,32,1,17,1,109,1,20,0,4,1,11,8,13,0,29,10,0,0,3,0,52,4,8,0,0,0,0,3,296,13,2,0,34,6,0,0,2,0,5,0,0,0,0,0,0,0,1,0,0,0,0,0,0,0,0,0,0,0,0,0,0,0,0,0,0,0,0,0,0,0,3,0,1,1,0,0,0,0,0,0,1,0,0,0,0,0,1,0,4,0,0,0,3,0,0,0,0,0,0,0,0,0,0,0,0,0,0,1,1,0,0,0,0,0
0,2,0,3,0,5,0,1,0,2,0,0,0,6,0,6,0,0,0,1,0,0,0,0,0,0,0,0,0,0,0,0,2,81,0,0,0,9,3,19,0,10,0,1,0,0,22,22,6,64,2,25,15,29,1,34,0,6,1,8,1,8,2,1,0,1,1,11,0,6,5,56,0,1,0,5,7,92,0,8,0,0,3,0,6,368,0,4,0,52,0,0,1,9,0,0,0,0,0,1,0,0,0,0,0,0,0,0,0,0,0,0,0,0,0,0,0,0,0,0,0,0,0,0,0,1,1,5,4,15,0,1,0,1,0,0,0,0,0,0,0,1,0,0,0,21,0,3,2,2,0,0,0,0,0,0,0,0,0,0,0,1,0,3,0,0,0,0,0,0
312,3,16,0,21,0,37,0,6,0,1,0,449,0,10,2,0,0,0,0,0,0,0,0,0,0,0,0,0,0,0,0,166,7,0,0,33,2,88,16,312,0,55,0,0,0,257,3,54,7,340,0,109,2,176,4,214,0,380,0,760,0,16,2,84,1,1291,4,239,2,39,9,5,0,13,0,189,9,22,1,0,0,296,6,0,7,283,0,4649,7,1,0,366,0,28,1,1,0,3,1,1,0,13,0,0,0,0,4,0,0,3,0,0,0,0,0,0,1,0,0,0,0,3,0,0,0,15,0,24,2,4,1,1,0,0,0,0,0,3,0,5,0,5,0,39,0,3,0,8,0,0,0,0,0,0,0,0,0,0,0,2,0,0,0,0,0,0,1,1,0
2,322,1,30,0,75,0,27,0,7,0,0,1,15,0,25,0,0,0,0,0,0,0,0,0,0,0,0,0,0,0,0,4,137,0,0,3,10,5,35,0,397,0,10,0,1,87,138,16,123,4,282,38,171,2,411,0,286,0,312,0,213,4,11,4,23,3,661,7,322,22,91,0,5,2,13,6,214,0,17,0,0,13,368,7,0,1,1088,0,2474,0,38,0,408,0,0,0,0,0,0,0,0,1,1,0,0,0,2,0,0,0,1,0,0,0,0,0,0,0,0,0,1,0,2,0,4,3,9,3,17,0,1,0,0,0,2,0,1,0,42,0,6,0,18,1,26,0,4,1,1,0,0,0,0,0,0,0,1,0,0,1,1,0,3,0,1,0,0,0,0
7,0,115,0,83,0,277,0,193,0,232,0,253,0,19,0,43,0,21,3,14,0,6,0,8,0,1,0,392,0,20,0,1013,1,0,0,1,1,0,0,298,0,13,0,348,0,0,0,0,0,0,0,0,0,1,0,0,0,89,0,4,0,0,0,0,0,0,0,0,0,0,0,3,0,22,0,258,0,21,0,0,0,2,0,283,1,0,0,782,0,144,0,574,0,0,0,0,0,1,0,0,0,0,0,0,0,0,0,0,0,0,1,0,0,0,0,0,0,0,0,0,0,0,0,2,0,3,0,1,0,0,0,0,0,0,0,0,0,3,0,1,0,0,0,2,0,0,0,2,0,0,1,12,5,1,3,3,0,0,0,0,0,6,0,1,0,0,0,0,0
0,0,0,67,0,77,0,23,0,20,0,50,0,5,0,1,0,137,0,59,0,58,1,27,0,15,0,3,0,22,0,3,0,206,0,0,0,2,0,0,0,545,0,19,0,961,0,2,1,0,0,1,0,0,0,3,0,2,0,177,0,0,0,0,0,0,0,0,0,0,1,0,0,0,0,11,0,304,0,1,0,0,0,4,0,1088,0,0,0,1145,0,1931,0,1053,0,0,0,0,0,0,0,0,0,0,0,0,0,0,0,0,0,0,0,0,0,0,0,0,0,0,0,0,0,0,0,1,0,1,0,1,0,0,0,0,0,0,0,0,0,5,0,0,0,1,0,1,0,0,0,0,0,2,5,22,1,3,0,2,0,0,0,0,0,0,0,0,0,0,0,0
146,0,31,0,27,0,7,0,18,0,7,0,23,0,9,3,0,0,0,1,0,0,0,0,0,0,0,0,6,0,0,0,392,0,0,0,11,5,25,6,319,0,61,0,10,0,139,0,34,4,324,0,64,0,2549,1,612,0,473,0,408,0,28,0,435,0,280,2,2356,0,16,9,2,1,13,0,140,1,9,0,0,0,34,0,4649,0,782,0,0,1,100,0,5254,0,31,0,4,0,1,1,0,0,10,0,0,0,0,0,0,0,0,0,0,0,0,0,0,0,0,0,0,0,0,0,2,0,4,0,3,0,1,0,0,0,0,0,0,0,1,0,0,0,1,0,7,0,0,0,2,0,0,0,0,0,0,1,0,0,0,0,0,0,0,0,0,0,0,0,0,0
4,411,1,49,0,61,0,21,0,3,0,4,1,4,2,52,0,0,0,1,0,0,0,0,0,0,0,0,0,0,0,0,2,73,0,0,2,5,10,29,1,563,0,15,0,52,123,155,29,156,3,204,51,253,3,2514,0,427,0,551,2,335,3,22,2,68,1,111,2,956,39,103,0,2,1,8,11,104,0,2,0,0,6,52,7,2474,0,1145,1,0,0,374,1,4289,0,0,0,0,0,0,0,0,0,1,0,0,0,0,0,0,0,0,0,0,0,0,0,0,0,0,0,0,0,0,0,0,1,7,2,1,0,0,0,0,0,1,0,0,0,15,0,2,0,2,0,5,0,0,3,0,0,0,0,0,0,0,0,0,0,0,0,0,0,1,0,0,0,0,0,0
1,0,12,0,11,0,0,0,9,0,8,0,0,0,4,0,4,0,2,0,0,0,0,0,0,0,0,0,6,0,1,0,167,0,0,0,1,0,0,0,373,0,6,0,43,0,0,0,0,0,0,0,0,0,0,0,0,0,434,0,0,0,0,0,0,0,0,0,0,0,0,0,0,0,3,0,151,0,17,0,0,0,0,0,1,0,144,0,100,0,0,0,2373,0,0,0,0,0,1,0,0,0,0,0,0,0,0,0,0,0,0,0,0,0,0,0,0,0,0,0,0,0,0,0,4,0,1,0,2,0,0,0,0,0,0,0,0,0,8,0,1,0,0,0,0,0,0,0,0,0,0,0,0,0,0,0,1,0,0,0,0,0,3,0,1,0,0,0,0,0
0,0,0,1,0,0,0,0,0,0,0,0,0,0,0,0,0,3,0,0,0,0,0,0,0,0,0,0,0,0,0,0,0,5,0,0,0,0,0,0,0,138,0,124,0,312,0,0,0,0,0,0,0,0,0,0,0,0,0,496,0,0,0,0,0,0,0,0,0,0,0,0,0,0,0,0,0,8,0,0,0,0,0,0,0,38,0,1931,0,374,0,0,0,2741,0,0,0,0,0,0,0,0,0,0,0,0,0,0,0,0,0,0,0,0,0,0,0,0,0,0,0,0,0,0,0,0,0,0,0,0,0,0,0,0,0,0,0,0,0,0,0,0,0,0,0,0,0,0,0,0,0,0,0,0,0,0,0,0,0,0,0,0,0,0,0,0,0,0,0,0
2,0,5,0,3,0,0,0,2,0,0,0,1,0,3,0,1,0,0,0,0,0,0,0,0,0,0,0,0,0,0,0,248,0,0,0,0,0,1,4,667,0,56,0,22,0,6,0,1,0,39,0,4,0,241,0,467,1,1934,0,14,0,2,0,38,0,4,0,19,0,1,0,0,0,0,0,126,0,8,1,0,0,2,1,366,0,574,0,5254,1,2373,0,0,0,138,0,0,0,0,1,1,0,4,0,0,0,0,0,0,0,0,1,0,0,0,0,0,0,0,0,0,0,0,0,4,0,0,0,0,0,0,0,0,0,0,0,0,0,10,0,1,0,4,0,4,0,0,0,0,0,0,0,0,0,0,1,0,0,0,0,0,0,1,0,0,0,0,0,0,0
0,4,0,1,0,0,0,0,0,3,0,2,0,0,0,0,0,0,0,0,0,0,0,0,0,0,0,0,0,0,0,0,0,112,0,0,0,0,2,3,2,947,0,52,0,183,15,55,3,15,1,43,5,61,0,199,0,1065,0,2760,0,1,1,0,0,0,0,4,0,4,17,15,0,0,0,0,0,138,0,3,0,0,0,9,0,408,0,1053,0,4289,0,2741,0,0,0,198,0,1,0,0,0,0,0,6,0,0,0,0,0,0,0,0,0,0,0,0,0,0,0,0,0,1,0,0,0,0,0,1,0,1,0,0,0,0,0,0,0,0,0,15,0,3,0,5,0,11,0,1,0,0,0,0,0,0,0,0,0,1,0,0,0,1,0,2,0,0,0,0,0,0
4,0,0,0,0,0,1,0,0,0,0,0,2,0,0,0,0,0,0,0,0,0,0,0,0,0,0,0,0,0,0,0,3,0,0,0,0,0,0,1,3,0,7,0,2,0,105,1,0,1,626,0,11,0,178,0,258,0,71,0,3,0,3,0,6,0,0,0,6,0,2,0,0,0,0,1,5,1,4,3,0,0,5,0,28,0,0,0,31,0,0,0,138,0,0,20,5499,12,105,6,1205,9,5499,13,643,9,886,32,48,3,25,10,0,4,35,59,99,2,2,0,0,0,0,0,0,1,0,1,3,4,0,0,1,0,0,0,0,0,0,0,0,0,0,0,0,0,0,0,2,0,0,0,0,1,0,0,0,0,3,0,0,1,0,0,0,0,9,1,0,0
1,0,0,0,0,1,0,0,0,0,0,0,0,0,0,0,0,0,0,0,0,0,0,0,0,0,0,0,0,0,0,0,0,0,0,0,0,0,0,0,8,2,24,4,1,1,1,0,0,0,2,8,0,0,0,2,0,2,0,67,0,0,0,0,0,0,0,0,0,0,0,0,0,0,0,6,34,2,28,5,0,0,0,0,1,0,0,0,0,0,0,0,0,198,20,0,17,7117,5,402,43,647,11,6962,31,420,137,851,32,93,48,11,0,23,151,67,228,27,28,1,0,0,0,0,0,1,5,5,5,10,0,0,0,0,0,0,0,0,1,0,1,1,0,0,1,1,0,1,3,0,0,0,0,0,0,0,0,0,1,1,2,0,1,1,2,2,17,0,0,0
0,0,0,0,0,0,0,0,0,0,0,0,0,0,0,0,0,0,0,0,0,0,0,0,0,0,0,0,0,0,0,0,0,0,0,0,0,0,0,0,7,0,10,0,0,0,8,0,0,0,86,0,0,0,21,0,20,0,4,0,1,0,0,0,0,0,0,0,1,0,0,0,0,0,1,3,5,2,6,5,0,0,0,0,1,0,0,0,4,0,0,0,0,0,5499,17,0,162,75,12,753,13,916,17,2715,7,1981,29,94,6,16,5,0,3,48,31,157,7,0,0,0,0,0,0,2,1,3,2,0,2,0,0,0,0,0,1,0,0,2,0,1,0,0,0,0,0,0,0,0,0,0,0,0,0,0,0,0,1,1,0,0,0,0,0,0,1,7,2,2,0
1,0,0,0,0,0,0,0,0,0,0,0,0,0,0,0,0,0,0,0,0,0,0,0,0,0,0,0,0,0,0,0,0,0,0,0,0,0,0,0,5,0,17,0,0,0,0,0,0,0,0,5,0,0,0,0,1,0,0,2,0,0,0,0,0,0,0,0,0,0,0,0,0,0,0,1,20,7,23,4,0,0,0,0,0,0,0,0,0,0,0,0,0,1,12,7117,162,0,26,274,72,362,20,1267,27,2557,123,1388,32,104,46,20,0,38,129,62,574,68,30,2,0,0,0,0,1,2,6,3,2,5,0,0,1,0,0,2,0,0,0,1,3,2,0,0,1,1,0,1,4,0,0,0,0,0,0,0,0,2,1,1,2,4,0,2,2,1,19,1,2,2
2,0,5,1,3,1,0,0,2,2,0,0,0,0,1,1,0,0,1,1,0,0,0,0,0,0,0,0,1,0,0,0,10,1,0,0,0,1,2,0,37,0,14,0,3,0,2,0,1,0,5,2,0,0,0,0,0,0,5,0,1,1,5,0,1,0,1,0,1,0,4,3,0,0,7,9,97,8,62,13,0,0,0,0,3,0,1,0,1,0,1,0,0,0,105,5,75,26,0,84,1255,24,68,8,74,12,384,49,466,18,90,20,8,304,216,31,9,55,41,94,0,0,5,0,32,6,64,21,103,15,20,0,3,1,47,6,19,2,6,1,24,2,41,1,20,5,8,1,43,2,0,0,0,0,0,1,0,0,6,0,7,4,6,1,47,23,201,21,277,5
0,1,1,3,1,10,0,1,1,3,1,0,0,1,0,1,0,1,2,4,0,0,0,0,0,0,0,0,0,0,1,0,2,9,0,0,1,6,2,1,12,8,7,0,2,0,0,1,0,4,1,30,0,1,0,0,1,1,1,0,0,1,1,0,1,0,0,0,0,0,0,11,1,2,2,48,40,34,37,53,0,0,0,1,1,0,0,0,1,0,0,0,1,0,6,402,12,274,84,0,180,1270,8,506,20,115,75,623,28,276,42,70,18,122,206,33,21,46,28,75,0,0,0,1,16,28,24,88,18,152,6,9,5,7,2,57,1,8,3,2,4,12,2,12,3,5,1,2,4,14,0,0,0,0,0,0,0,0,3,4,6,5,5,2,27,39,51,12,119,20
0,0,0,0,0,0,0,1,0,0,0,0,0,0,0,0,0,0,0,0,0,0,0,0,0,0,0,0,0,0,0,0,0,0,0,0,0,0,0,0,12,1,21,0,0,1,0,0,0,0,164,7,0,0,0,1,0,0,278,0,0,0,0,0,0,0,0,0,0,0,0,0,0,0,0,4,19,3,9,4,0,0,0,0,1,0,0,0,0,0,0,0,1,0,1205,43,753,72,1255,180,0,367,1950,81,658,29,1652,110,287,18,236,24,1,470,1899,304,48,116,55,28,0,0,0,0,0,3,4,3,5,5,1,0,0,0,2,1,0,0,1,0,0,0,19,0,2,1,0,0,4,0,0,0,0,0,0,0,0,1,2,1,1,0,4,0,2,1,80,3,19,2
0,0,0,0,0,0,0,0,0,0,0,0,0,0,0,0,0,0,0,0,0,0,0,0,0,0,0,0,0,0,0,0,0,0,0,0,0,1,0,0,1,0,6,1,0,0,0,0,0,0,7,70,0,0,0,0,0,0,2,0,0,0,0,0,0,0,0,0,0,0,0,0,0,0,0,2,2,1,1,2,0,0,0,0,0,0,0,0,0,0,0,0,0,0,9,647,13,362,24,1270,367,0,30,2330,10,107,54,419,18,143,15,16,1,120,1569,300,41,34,16,3,0,0,0,0,0,0,1,1,0,0,1,1,0,0,0,1,0,0,0,0,1,1,0,0,1,0,0,0,1,0,0,0,0,0,0,0,0,0,1,1,1,0,2,0,0,0,8,0,1,0
0,0,0,1,0,0,0,0,0,0,0,0,1,0,0,0,0,0,0,0,0,0,0,0,0,0,0,0,0,0,0,0,4,0,0,0,0,0,2,0,4,1,5,3,0,0,13,0,0,0,280,1,1,0,1,0,7,0,343,0,0,0,0,0,3,0,0,0,2,0,1,0,0,0,0,0,4,2,0,1,0,0,1,0,13,1,0,0,10,0,0,0,4,0,5499,11,916,20,68,8,1950,30,0,101,216,3,410,15,46,3,41,4,0,8,87,698,81,5,3,0,0,0,0,0,0,0,0,0,0,1,0,0,0,0,0,0,0,0,0,0,0,0,0,0,0,0,1,0,1,0,0,0,0,0,0,0,0,0,0,0,1,0,0,0,0,0,8,0,0,0
1,0,0,0,0,0,0,0,0,0,0,0,0,0,0,0,0,0,0,0,0,0,0,0,0,0,0,0,0,0,0,0,0,0,0,0,0,0,0,0,1,1,8,11,0,0,1,11,0,2,0,254,1,0,0,1,0,7,1,86,1,0,0,0,0,0,0,0,0,0,0,0,0,0,0,1,7,3,6,1,0,0,0,0,0,1,0,0,0,1,0,0,0,6,13,6962,17,1267,8,506,81,2330,101,0,8,185,50,422,19,188,33,35,1,85,219,934,240,26,31,1,0,0,0,0,0,0,0,1,2,4,0,0,0,0,0,0,0,1,0,0,0,1,0,0,0,0,0,0,0,0,0,0,0,0,0,0,0,0,2,0,0,1,2,0,0,1,9,1,1,0
