0,65,1597,131,1659,23,998,2,306,0,0,0,361,10,1120,186,0,0,18,0,0,0,0,0,0,0,0,0,1,0,0,0,509,2,0,0,239,160,2,0,15,1,19,1,0,0,0,0,0,0,7,2,0,1,2,0,0,0,0,0,5053,18,38,1,236,2,144,7,29,1,81,9,1214,5,830,12,170,18,8,0,0,0,6,1,9,1,0,0,6,6,0,0,0,0,0,0,2,0,16,1,12,0,0,0,0,0,0,0,0,0,0,1,3,8,1,0,0,1,0,1,1,1,9,0,3,0,55,0,149,6,17,0,1,0,28,1,2,0,5,1,31,0,12,0,139,8,28,1,17,1,0,0,1,0,15,8,0,0,0,0,0,0,0,0,1,0,0,1,3,1
65,0,33,1546,25,2097,5,1014,0,226,0,3,5,561,154,853,0,0,5,17,0,0,0,0,0,1,0,0,0,0,0,0,5,591,0,0,102,116,6,0,1,26,1,2,0,1,1,1,0,2,0,25,0,5,1,4,0,0,0,0,10,5033,1,61,6,57,8,222,5,26,13,68,64,365,27,363,11,516,0,20,0,0,1,6,5,36,0,1,12,9,0,0,3,2,1,3,0,3,1,42,1,3,0,4,0,0,0,0,0,5,0,0,0,22,1,0,0,0,0,0,0,1,1,2,0,1,2,50,4,210,1,5,0,0,0,1,0,1,0,38,2,22,0,13,6,166,1,25,1,26,0,0,0,2,18,5,1,0,0,0,0,0,0,4,0,0,0,2,7,0
1597,33,0,120,7080,140,125,7,696,26,121,15,17,3,808,136,12,5,2444,146,341,60,116,61,259,10,278,26,23,0,15,2,159,9,0,0,135,75,11,0,2,0,3,0,0,0,0,0,0,0,0,1,0,0,0,0,0,0,0,0,25,5,2,0,5,0,2,1,1,0,6,2,140,1,534,54,258,23,4,1,0,0,0,0,3,0,1,0,1,0,0,1,0,0,1,1,0,0,11,0,2,0,0,0,0,0,0,0,0,0,0,0,0,3,0,0,0,1,0,0,0,0,12,4,1,0,68,1,36,6,14,0,0,0,22,2,9,0,0,0,2,1,0,0,95,10,9,0,2,0,27,14,76,92,119,93,1,0,0,0,0,0,0,0,0,0,0,0,3,0
131,1546,120,0,160,7795,8,364,60,463,9,80,3,193,363,999,3,1,266,2323,33,340,13,129,31,67,10,377,1,1,2,13,25,455,0,0,204,321,0,1,0,13,3,0,0,0,0,0,0,0,0,17,0,0,1,2,0,0,0,0,9,311,1,12,4,1,0,17,0,3,4,14,41,34,84,551,39,463,0,22,0,0,0,0,0,1,0,0,1,1,1,1,0,0,0,1,0,0,0,28,1,3,0,1,0,0,0,0,0,6,0,0,2,13,0,0,0,0,0,0,0,0,5,5,0,10,10,65,11,158,3,5,0,0,4,10,2,1,0,11,0,22,0,4,21,163,1,19,0,13,10,44,45,68,95,190,0,1,0,0,0,0,0,3,0,0,0,0,8,0
1659,25,7080,160,0,235,389,17,1879,50,406,13,23,9,199,142,1,3,657,185,43,50,12,39,75,9,323,27,61,0,176,3,229,31,0,0,186,138,7,0,0,1,1,0,0,0,1,0,0,0,1,0,0,1,0,0,0,0,0,0,25,3,1,1,14,0,4,0,2,0,3,2,6,1,1375,80,367,31,1,1,0,0,0,0,6,0,4,0,3,0,7,0,2,0,0,0,0,0,3,0,2,0,0,0,0,0,0,0,0,0,0,0,0,1,0,0,0,0,0,0,0,0,1,1,0,1,35,1,19,0,5,0,0,0,7,1,5,0,0,0,1,1,0,0,48,12,2,3,2,1,10,11,30,115,171,216,0,0,0,0,0,0,0,0,0,0,0,0,0,0
23,2097,140,7795,235,0,9,860,89,2101,12,322,2,111,185,512,1,4,311,413,46,123,11,59,29,30,18,717,0,1,5,75,50,281,0,0,92,127,0,0,0,4,0,0,0,0,0,0,0,0,0,0,0,0,0,0,0,0,0,0,3,69,0,2,0,2,1,6,0,1,1,2,1,0,123,639,65,240,0,1,0,0,0,0,0,1,0,0,0,0,0,0,0,0,0,0,0,1,0,1,1,0,0,0,0,0,0,0,0,0,0,0,0,1,0,0,0,0,0,0,0,3,0,7,0,6,5,30,0,16,1,1,0,0,2,9,0,2,0,1,0,3,1,0,17,89,0,3,0,3,8,19,50,75,183,436,1,3,0,0,0,0,0,0,0,0,0,0,0,0
998,5,125,8,389,9,0,1,576,3,2,0,203,2,114,21,0,0,78,11,0,0,0,0,0,0,0,0,0,0,0,0,949,1,0,0,14,9,0,0,1,0,2,0,0,0,0,0,0,0,0,0,0,0,0,0,0,0,0,0,85,0,2,0,44,0,14,0,3,0,3,1,24,0,239,2,42,0,2,0,0,0,0,0,0,0,0,0,1,0,0,0,0,0,0,0,0,0,0,0,0,0,0,0,0,0,0,0,0,0,0,0,0,0,0,0,0,0,0,0,0,0,0,0,0,0,11,1,12,0,4,0,0,0,5,0,3,0,0,0,0,0,1,0,25,0,0,1,0,0,0,0,0,0,20,17,0,0,0,0,0,0,0,0,0,0,0,0,1,0
2,1014,7,364,17,860,1,0,4,1212,1,8,0,224,23,269,0,0,43,122,0,1,0,0,0,0,0,0,0,0,0,0,4,1147,0,0,7,33,0,0,0,1,0,0,0,0,0,0,0,0,0,0,0,0,0,0,0,0,0,0,0,104,0,4,0,1,0,7,1,2,0,8,3,1,6,254,1,107,0,1,0,0,0,1,0,0,0,0,0,0,0,0,0,0,0,0,0,0,0,3,0,0,0,0,0,0,0,0,0,0,0,0,0,1,0,0,0,0,0,0,0,0,0,1,0,0,0,8,0,8,0,3,0,0,0,2,0,0,0,0,0,0,0,1,0,25,0,3,0,0,0,0,1,2,23,35,0,0,0,0,0,0,0,0,0,0,0,0,1,0
306,0,696,60,1879,89,576,4,0,21,1189,5,8,1,89,7,1,0,603,91,24,9,5,4,5,3,12,3,7,0,42,1,1395,8,0,0,43,15,1,0,0,0,0,0,0,0,0,0,0,0,0,0,1,0,0,0,0,0,0,0,2,0,2,0,3,1,4,0,1,0,1,0,3,0,906,28,340,17,3,0,0,0,0,0,0,0,0,0,0,0,0,0,0,0,0,0,0,0,3,0,0,0,0,0,0,0,0,0,0,0,0,0,0,1,0,0,0,0,0,0,0,0,0,1,7,0,4,4,1,0,0,0,0,0,2,0,2,0,0,0,0,0,0,0,24,4,0,0,0,0,5,2,21,70,40,100,0,0,0,0,0,0,0,0,0,0,0,0,0,0
0,226,26,463,50,2101,3,1212,21,0,1,802,0,10,8,94,1,0,101,239,1,18,2,0,1,0,0,23,0,0,0,48,10,1497,0,0,4,25,0,0,0,0,0,0,0,0,0,0,0,0,0,1,0,0,0,1,0,0,0,0,0,25,0,3,0,7,0,2,1,0,0,2,3,0,14,332,16,195,0,1,0,0,0,0,0,0,0,0,0,0,0,0,0,0,0,0,0,0,0,0,0,0,0,0,0,0,0,0,0,0,0,0,0,1,0,0,0,0,0,0,0,0,0,1,0,0,0,6,0,2,0,0,0,0,0,0,0,0,0,1,0,0,0,0,0,18,0,1,0,1,1,2,16,42,48,140,0,0,0,0,0,0,0,0,0,0,0,0,0,0
0,0,121,9,406,12,2,1,1189,1,0,2,0,0,0,0,0,0,12,5,7,4,2,6,98,3,61,5,693,0,976,1,774,0,0,0,2,0,1,0,0,0,0,0,0,0,0,0,0,0,0,0,0,0,0,0,0,0,0,0,0,0,0,0,0,0,0,0,1,0,0,0,1,0,193,6,499,2,1,0,0,0,0,0,23,0,23,0,8,0,7,0,3,0,0,0,0,0,0,0,0,0,0,0,0,0,0,0,0,0,0,0,0,0,0,0,0,0,0,0,0,0,1,0,0,0,0,0,0,0,0,0,0,0,2,0,0,0,0,0,0,0,0,0,13,0,0,0,0,0,4,2,4,14,4,1,2,0,0,0,0,0,0,0,0,0,0,0,0,0
0,3,15,80,13,322,0,8,5,802,2,0,0,1,0,1,0,3,6,30,4,18,3,19,1,33,1,356,0,850,0,341,1,261,0,0,0,1,0,0,0,1,0,0,0,1,0,0,0,0,0,0,0,0,0,0,0,0,0,0,0,2,0,1,0,0,0,0,0,0,0,3,0,0,5,360,4,1244,0,2,0,0,0,0,0,7,0,2,0,4,0,3,0,1,0,0,0,0,0,0,0,0,0,0,0,0,0,0,0,0,0,0,0,0,0,0,0,0,0,0,0,1,0,6,0,5,0,7,0,1,0,0,0,0,0,8,0,2,0,0,0,1,0,0,0,16,0,3,0,2,1,6,4,10,1,12,0,7,0,0,0,0,0,0,0,0,0,0,1,0
361,5,17,3,23,2,203,0,8,0,0,0,0,0,84,16,0,0,2,1,0,0,2,0,1,0,0,0,0,0,0,0,779,0,0,0,14,9,2,0,4,0,2,0,0,0,0,1,0,0,2,0,0,0,3,0,0,0,0,0,958,5,9,0,158,2,709,1,10,1,8,8,67,2,121,0,136,1,4,0,0,0,231,0,850,0,59,0,74,1,0,0,3,0,0,0,0,0,4,0,0,0,0,0,0,0,0,0,0,0,0,0,0,2,0,0,0,0,0,0,0,0,3,0,2,0,21,0,18,0,3,0,0,0,10,0,1,0,1,0,3,0,2,0,35,0,4,0,0,0,0,0,0,0,1,5,1,0,0,0,0,0,0,0,0,0,0,0,1,1
10,561,3,193,9,111,2,224,1,10,0,1,0,0,31,276,0,0,13,48,0,0,0,0,0,0,0,0,0,2,0,1,0,966,0,0,20,21,0,1,0,13,0,1,0,0,1,0,1,0,0,6,0,0,0,5,0,0,0,0,0,751,1,13,0,47,0,1008,0,38,4,13,4,22,2,238,1,445,0,12,0,0,0,44,1,415,0,19,1,52,0,0,0,2,0,1,0,0,0,4,0,0,0,0,0,0,0,0,0,0,0,0,0,4,0,0,0,0,0,0,0,0,0,1,0,5,0,36,0,63,0,3,0,0,0,4,0,2,0,14,0,8,0,2,4,51,0,3,0,10,0,0,0,0,8,11,0,0,0,0,0,0,0,2,0,0,0,0,3,0
1120,154,808,363,199,185,114,23,89,8,0,0,84,31,0,1067,0,0,408,121,1,0,1,1,0,0,0,0,0,0,0,0,157,26,0,0,1923,582,1,0,8,3,12,0,0,0,0,0,0,0,1,3,0,0,6,1,0,0,0,0,114,16,65,1,22,1,8,0,5,2,232,1,505,12,738,73,234,54,12,4,0,0,0,0,2,0,0,0,6,0,0,0,2,1,0,0,0,1,24,4,7,0,2,0,0,0,0,1,0,3,0,0,1,10,0,1,0,0,0,0,1,0,16,0,6,0,99,9,132,21,22,3,0,0,39,1,12,1,2,0,4,2,2,0,227,35,17,0,3,1,0,0,8,3,166,83,0,0,0,0,0,0,0,0,0,0,0,0,7,0
186,853,136,999,142,512,21,269,7,94,0,1,16,276,1067,0,0,0,97,381,0,2,0,2,2,0,0,0,0,0,0,0,26,290,0,0,542,3505,1,2,0,45,1,1,0,0,1,0,1,1,1,27,0,2,2,4,0,0,0,0,20,942,6,80,7,16,6,86,2,15,19,87,412,928,92,427,40,442,1,25,0,0,0,7,3,55,0,1,9,21,0,0,0,2,1,1,0,1,2,40,0,2,0,1,0,0,0,0,1,2,0,0,3,20,0,0,0,0,0,0,0,0,1,3,0,5,14,75,8,218,3,7,1,1,5,23,2,5,0,58,0,27,0,19,32,283,2,25,2,57,0,0,0,30,113,90,0,0,0,0,0,0,0,6,0,1,0,2,8,0
0,0,12,3,1,1,0,0,1,1,0,0,0,0,0,0,0,56,12,2,119,3,1296,13,118,1,0,0,27,0,0,0,105,0,0,0,3,0,0,0,16,0,0,0,60,0,0,0,0,0,0,0,0,0,0,0,0,0,0,0,1,0,0,0,0,0,2,0,0,0,0,0,0,0,4,2,166,2,44,19,0,0,1,0,8,0,19,0,11,0,7,0,9,0,0,0,0,0,0,0,0,0,0,0,0,0,0,0,0,0,0,0,0,0,0,0,0,0,0,0,0,0,0,0,0,0,0,0,0,0,0,0,0,0,0,0,0,0,0,0,2,0,0,0,0,0,0,0,0,0,149,0,212,5,19,1,585,9,0,0,0,0,0,0,0,0,0,0,0,0
0,0,5,1,3,4,0,0,0,0,0,3,0,0,0,0,56,0,3,13,8,214,117,882,33,98,1,19,2,8,0,0,2,50,0,0,3,15,0,1,0,7,0,0,7,14,0,0,0,0,0,0,0,0,0,1,0,0,0,0,0,0,0,0,0,2,0,0,0,1,0,14,1,0,28,3,3,148,26,94,0,0,0,0,0,7,0,25,0,16,2,27,0,2,0,0,0,0,0,0,0,0,0,0,0,0,0,0,0,0,0,0,0,0,0,0,0,0,0,0,0,0,0,0,0,0,0,0,0,0,0,0,0,0,0,0,0,0,0,0,0,0,0,0,0,0,0,0,0,0,3,83,19,57,9,20,28,487,0,0,0,0,0,0,0,0,0,0,0,0
18,5,2444,266,657,311,78,43,603,101,12,6,2,13,408,97,12,3,0,868,593,21,34,30,3,3,2,7,0,0,0,1,176,61,0,0,820,252,16,0,0,0,0,0,0,0,0,0,0,0,1,0,0,0,0,0,0,0,0,0,0,6,0,1,1,1,0,1,1,1,4,0,0,0,339,110,219,62,0,0,0,0,0,0,0,0,0,0,0,0,0,0,0,0,0,0,0,0,0,0,0,0,0,0,0,0,0,0,0,0,0,0,0,0,0,0,0,0,0,0,0,0,9,3,1,1,33,9,3,3,0,0,0,0,10,2,3,0,0,0,0,0,0,0,47,27,4,2,1,1,41,6,1221,656,871,380,10,0,0,0,0,0,0,0,0,0,0,0,0,0
0,17,146,2323,185,413,11,122,91,239,5,30,1,48,121,381,2,13,868,0,50,640,9,12,14,2,6,9,0,0,2,3,35,165,0,0,63,1165,0,0,0,1,0,0,0,0,0,0,0,0,0,1,0,0,0,0,0,0,0,0,0,10,1,3,0,1,0,2,1,1,0,8,0,0,78,321,50,173,0,6,0,0,0,0,0,0,0,0,0,0,0,0,0,0,0,0,0,0,0,0,0,0,0,0,0,0,0,0,0,0,0,0,0,1,0,0,0,0,0,0,0,0,3,4,1,3,1,29,0,16,0,1,0,0,1,10,0,2,0,0,0,0,0,0,15,60,0,5,0,1,17,81,64,924,175,401,0,8,0,0,0,0,0,0,0,0,0,0,0,0
0,0,341,33,43,46,0,0,24,1,7,4,0,0,1,0,119,8,593,50,0,142,553,83,64,6,5,22,6,0,2,1,12,1,0,0,29,2,1,0,0,0,0,0,0,0,0,0,0,0,0,0,0,0,0,0,0,0,0,0,0,0,0,0,0,0,0,0,0,0,3,1,0,0,25,12,19,4,0,0,0,0,0,0,1,0,1,0,0,0,0,0,0,0,0,0,0,0,0,0,0,0,0,0,0,0,0,0,0,0,0,0,0,0,0,0,0,0,0,0,0,0,0,0,0,0,0,0,1,1,0,0,0,0,0,1,0,0,0,0,0,0,0,0,1,0,0,0,1,0,265,17,748,44,68,6,43,5,0,0,0,0,0,0,0,0,0,0,0,0
0,0,60,340,50,123,0,1,9,18,4,18,0,0,0,2,3,214,21,640,142,0,183,1309,58,114,23,109,0,0,2,4,3,6,0,0,2,22,0,1,0,0,0,0,0,0,0,0,0,0,0,0,0,0,0,0,0,0,0,0,0,0,0,0,0,0,0,0,0,0,0,3,0,0,30,52,11,18,0,0,0,0,0,0,0,0,1,0,0,1,0,0,0,0,0,0,0,0,0,0,0,0,0,0,0,0,0,0,0,0,0,0,0,0,0,0,0,0,0,0,0,0,0,1,1,0,0,0,0,1,0,0,0,0,2,1,0,1,0,0,0,0,0,0,0,1,0,0,0,0,59,481,31,350,20,41,1,43,0,0,0,0,0,0,0,0,0,0,0,0
0,0,116,13,12,11,0,0,5,2,2,3,2,0,1,0,1296,117,34,9,553,183,0,1004,563,13,19,17,73,0,2,1,172,0,0,0,6,10,0,0,3,0,2,0,12,0,0,0,1,0,0,0,0,0,0,0,0,0,2,0,0,0,0,0,0,0,2,0,0,0,0,8,1,0,54,33,261,18,17,6,0,0,1,0,13,1,39,0,31,0,33,0,15,0,0,0,0,0,0,0,0,0,0,0,0,0,0,0,0,0,0,0,0,0,0,0,0,0,0,0,0,0,0,0,0,0,0,0,2,0,0,0,0,0,0,0,0,0,2,0,1,0,1,0,0,0,0,0,0,0,402,66,73,14,8,6,209,41,0,0,0,0,0,0,0,0,0,0,0,0
0,0,61,129,39,59,0,0,4,0,6,19,0,0,1,2,13,882,30,12,83,1309,1004,0,235,1009,41,141,8,52,2,1,9,98,0,0,21,6,0,0,0,1,0,0,0,6,1,0,0,0,0,0,0,1,0,0,0,0,0,0,0,1,0,0,1,0,0,0,0,0,0,2,0,0,249,137,20,427,0,0,0,0,0,0,1,30,0,44,2,48,0,64,1,9,0,0,0,0,0,0,0,0,0,0,0,0,0,0,0,1,0,0,0,0,0,0,0,0,0,0,0,0,0,0,0,0,0,0,0,3,0,0,0,0,0,2,0,0,0,1,0,0,0,2,0,0,0,0,0,0,43,564,86,21,62,2,8,302,0,0,0,0,0,0,0,0,0,0,0,0
0,0,259,31,75,29,0,0,5,1,98,1,1,0,0,2,118,33,3,14,64,58,563,235,0,26,305,18,560,0,1,1,339,2,0,0,6,14,0,2,0,0,0,0,0,0,0,0,0,0,0,0,0,0,0,0,0,0,0,0,0,0,0,0,0,0,2,0,0,0,2,7,0,2,127,58,389,15,5,0,0,0,0,0,25,0,45,0,22,0,32,1,12,0,0,0,0,0,0,0,0,0,0,0,0,0,0,0,0,0,0,0,0,0,0,0,0,0,0,0,0,0,0,0,0,0,1,0,0,0,0,0,0,0,1,0,0,0,0,0,0,0,0,0,1,1,0,0,0,0,80,23,26,14,11,12,41,48,0,0,0,0,0,0,0,0,0,0,0,0
0,1,10,67,9,30,0,0,3,0,3,33,0,0,0,0,1,98,3,2,6,114,13,1009,26,0,5,286,1,118,0,0,0,45,0,0,2,0,0,0,0,1,0,0,0,3,1,1,0,0,0,0,0,0,0,1,0,0,0,0,0,0,0,0,0,0,0,1,0,2,0,0,0,0,31,121,4,240,0,0,0,0,0,0,0,15,0,13,0,24,0,28,0,3,0,0,0,0,0,0,0,0,0,0,0,0,0,0,0,0,0,0,0,0,0,0,0,0,0,0,0,2,0,0,0,0,0,0,0,0,0,0,0,0,0,0,0,0,0,0,0,0,0,0,0,2,0,1,0,0,2,33,6,1,2,1,2,73,0,0,0,0,0,0,0,0,0,0,0,0
0,0,278,10,323,18,0,0,12,0,61,1,0,0,0,0,0,1,2,6,5,23,19,41,305,5,0,8,59,0,11,0,30,1,0,0,1,0,0,0,0,0,0,0,0,0,0,0,0,0,0,0,0,0,0,0,0,0,0,0,0,0,0,0,0,0,0,0,0,0,1,0,0,0,70,10,115,1,1,0,0,0,0,0,1,0,4,0,1,0,3,0,0,0,0,0,0,0,0,0,0,0,0,0,0,0,0,0,0,0,0,0,0,0,0,0,0,0,0,0,0,0,1,0,0,0,0,0,0,0,0,0,0,0,1,0,0,0,0,0,0,0,0,0,1,0,0,0,0,0,4,4,1,8,2,1,2,0,0,0,0,0,0,0,0,0,0,0,0,0
0,0,26,377,27,717,0,0,3,23,5,356,0,0,0,0,0,19,7,9,22,109,17,141,18,286,8,0,0,151,0,60,3,29,0,0,1,2,0,0,0,0,0,0,0,0,0,0,0,0,0,0,0,0,0,0,0,0,0,0,0,1,0,0,0,0,0,0,0,1,0,3,0,0,14,254,3,301,0,1,0,0,0,1,0,8,0,2,0,12,0,3,0,0,0,0,0,0,0,0,0,0,0,0,0,0,0,0,0,0,0,0,0,0,0,0,0,0,0,0,0,2,0,5,0,0,0,3,0,0,0,0,0,0,0,2,0,1,0,0,0,0,0,0,0,13,0,0,0,2,4,15,9,8,5,5,0,24,0,0,0,0,0,1,0,0,0,0,0,0
1,0,23,1,61,0,0,0,7,0,693,0,0,0,0,0,27,2,0,0,6,0,73,8,560,1,59,0,0,0,25,0,839,0,0,0,0,0,0,0,1,0,0,0,2,0,0,0,0,0,0,0,0,0,0,0,0,0,0,0,0,0,0,0,0,0,1,0,1,0,1,0,0,0,88,15,194,7,3,0,0,0,0,0,12,0,31,0,13,0,13,0,4,0,0,0,0,0,0,0,0,0,0,0,0,0,0,0,0,0,0,0,0,0,0,0,0,0,0,0,0,0,0,0,0,0,0,0,0,0,0,0,0,0,1,0,0,0,1,0,0,0,0,0,0,0,0,0,0,0,8,0,5,0,0,0,9,6,0,0,0,0,0,0,0,0,0,0,0,0
0,0,0,1,0,1,0,0,0,0,0,850,0,2,0,0,0,8,0,0,0,0,0,52,0,118,0,151,0,0,0,4,0,236,0,0,0,0,0,0,0,1,0,0,0,0,0,0,0,0,0,0,0,0,0,0,0,0,0,0,0,0,0,0,0,0,0,1,0,1,0,0,0,0,0,8,0,201,0,0,0,0,0,0,0,17,0,179,0,4,0,9,0,0,0,0,0,0,0,0,0,0,0,0,0,0,0,0,0,0,0,0,0,0,0,0,0,0,0,0,0,0,0,0,0,0,0,0,0,1,0,0,0,0,0,0,0,0,0,0,0,0,0,0,0,0,0,0,0,0,0,1,0,0,0,0,0,4,0,0,0,0,0,0,0,0,0,0,0,0
0,0,15,2,176,5,0,0,42,0,976,0,0,0,0,0,0,0,0,2,2,2,2,2,1,0,11,0,25,0,0,0,52,0,0,0,0,0,0,0,0,0,0,0,0,0,0,0,0,0,0,0,0,0,0,0,0,0,0,0,0,0,0,0,0,0,0,0,0,0,0,0,0,0,37,0,58,0,0,0,0,0,0,0,1,0,0,0,0,0,1,0,0,0,0,0,0,0,0,0,0,0,0,0,0,0,0,0,0,0,0,0,0,0,0,0,0,0,0,0,0,0,0,0,0,0,0,0,0,0,0,0,0,0,0,0,0,0,1,0,0,0,0,0,0,0,0,0,0,0,1,0,0,0,0,0,0,0,0,0,0,0,0,0,0,0,0,0,0,0
0,0,2,13,3,75,0,0,1,48,1,341,0,1,0,0,0,0,1,3,1,4,1,1,1,0,0,60,0,4,0,0,0,2,0,0,0,0,1,0,0,0,0,0,0,0,0,0,0,0,0,0,0,0,0,0,0,0,0,0,0,0,0,0,0,0,0,0,0,0,0,0,0,0,0,41,0,27,0,1,0,0,0,0,0,0,0,0,0,0,0,0,0,0,0,0,0,0,0,0,0,0,0,0,0,0,0,0,0,0,0,0,0,0,0,0,0,0,0,0,0,0,0,1,0,1,0,1,0,0,0,1,0,0,0,2,0,0,0,0,0,0,0,0,0,1,0,0,0,1,1,2,0,2,0,0,0,0,0,0,0,0,0,0,0,0,0,0,0,0
509,5,159,25,229,50,949,4,1395,10,774,1,779,0,157,26,105,2,176,35,12,3,172,9,339,0,30,3,839,0,52,0,0,8,0,0,42,29,3,0,9,2,27,0,39,0,0,2,3,0,2,0,4,0,12,1,1,0,10,0,517,7,28,3,425,1,608,1,100,1,30,15,354,2,443,23,1497,8,16,0,0,0,197,0,545,3,629,0,635,2,539,0,148,0,0,0,0,0,7,0,1,0,0,2,0,0,0,0,0,1,0,0,2,2,0,0,0,0,0,1,0,0,3,0,3,0,18,0,27,0,2,0,0,0,6,0,2,0,2,0,18,0,7,0,63,1,5,1,8,0,11,0,12,32,24,26,67,9,0,0,0,0,0,0,0,0,0,0,1,0
2,591,9,455,31,281,1,1147,8,1497,0,261,0,966,26,290,0,50,61,165,1,6,0,98,2,45,1,29,0,236,0,2,8,0,0,0,18,50,1,0,2,11,0,6,0,30,0,0,0,1,0,9,0,2,0,41,0,0,0,1,0,375,2,47,0,191,2,488,1,222,3,22,17,40,10,436,8,2334,0,32,0,0,0,76,0,609,0,848,3,365,0,195,0,23,0,1,0,0,1,11,0,0,0,0,0,0,0,0,0,1,0,0,0,9,0,0,1,0,0,1,0,0,0,3,0,5,2,18,0,60,0,0,0,0,0,4,0,0,0,11,0,6,0,6,1,63,0,5,0,5,0,1,13,19,25,96,0,9,0,0,0,0,0,1,0,0,1,2,5,0
0,0,0,0,0,0,0,0,0,0,0,0,0,0,0,0,0,0,0,0,0,0,0,0,0,0,0,0,0,0,0,0,0,0,0,0,0,0,0,0,0,0,0,0,0,0,0,0,0,0,0,0,0,0,0,0,0,0,0,0,0,0,0,0,0,0,0,0,0,0,0,0,0,0,0,0,0,0,0,0,0,0,0,0,0,0,0,0,0,0,0,0,0,0,0,0,0,0,0,0,0,0,0,0,0,0,0,0,0,0,0,0,0,0,0,0,0,0,0,0,0,0,0,0,0,0,0,0,0,0,0,0,0,0,0,0,0,0,0,0,0,0,0,0,0,0,0,0,0,0,0,0,0,0,0,0,0,0,0,0,0,0,0,0,0,0,0,0,0,0
0,0,0,0,0,0,0,0,0,0,0,0,0,0,0,0,0,0,0,0,0,0,0,0,0,0,0,0,0,0,0,0,0,0,0,0,0,0,0,0,0,0,0,0,0,0,0,0,0,0,0,0,0,0,0,0,0,0,0,0,0,0,0,0,0,0,0,0,0,0,0,0,0,0,0,0,0,0,0,0,0,0,0,0,0,0,0,0,0,0,0,0,0,0,0,0,0,0,0,0,0,0,0,0,0,0,0,0,0,0,0,0,0,0,0,0,0,0,0,0,0,0,0,0,0,0,0,0,0,0,0,0,0,0,0,0,0,0,0,0,0,0,0,0,0,0,0,0,0,0,0,0,0,0,0,0,0,0,0,0,0,0,0,0,0,0,0,0,0,0
239,102,135,204,186,92,14,7,43,4,2,0,14,20,1923,542,3,3,820,63,29,2,6,21,6,2,1,1,0,0,0,0,42,18,0,0,0,463,525,11,8,5,1,0,0,0,27,17,38,3,1,17,21,1,38,3,0,0,1,0,22,37,137,9,58,7,36,12,40,13,1338,141,799,49,149,34,66,18,1,1,0,0,2,0,18,8,1,0,32,8,0,1,4,1,0,0,0,1,3,1,1,0,0,0,0,0,0,0,0,0,0,0,0,3,1,0,0,0,0,0,0,0,7,0,2,0,35,4,29,12,6,0,0,0,8,0,2,0,1,4,6,0,2,6,55,15,5,2,1,2,9,2,130,6,846,36,0,0,0,0,0,0,0,2,1,0,0,1,1,0
160,116,75,321,138,127,9,33,15,25,0,1,9,21,582,3505,0,15,252,1165,2,22,10,6,14,0,0,2,0,0,0,0,29,50,0,0,463,0,20,209,0,4,0,1,0,0,1,22,9,11,1,7,0,2,1,4,0,0,0,0,16,155,5,35,5,6,3,14,3,13,31,1157,166,443,101,84,47,69,3,4,0,0,0,1,5,13,0,0,9,9,0,0,1,1,0,0,0,0,1,7,0,1,0,0,0,0,0,0,0,0,0,0,0,2,0,0,0,0,0,0,0,1,3,0,0,0,17,9,10,36,5,1,0,0,5,2,0,0,3,5,3,4,0,0,22,35,1,5,3,8,0,14,14,470,173,962,0,33,0,0,0,0,0,1,0,0,0,0,2,0
2,6,11,0,7,0,0,0,1,0,1,0,2,0,1,1,0,0,16,0,1,0,0,0,0,0,0,0,0,0,0,1,3,1,0,0,525,20,0,316,70,13,53,1,0,0,451,47,217,43,122,6,48,38,158,69,7,2,10,3,5,7,95,33,53,11,13,6,63,30,2804,381,8,9,1,0,6,3,2,1,0,0,0,0,6,2,0,0,72,37,1,1,19,17,1,0,0,0,0,0,0,0,0,0,0,0,0,0,0,0,0,0,0,0,17,0,0,0,0,1,0,0,0,0,0,0,2,2,1,4,0,0,0,0,0,0,0,0,1,2,1,0,1,2,10,3,0,0,1,1,0,0,8,0,0,0,0,0,0,0,0,0,1,0,0,0,0,0,0,0
0,0,0,1,0,0,0,0,0,0,0,0,0,1,0,2,0,1,0,0,0,1,0,0,2,0,0,0,0,0,0,0,0,0,0,0,11,209,316,0,170,71,5,29,0,0,52,275,57,107,25,100,21,62,56,68,5,3,3,15,1,3,25,22,13,17,7,4,25,38,208,1532,4,1,1,0,3,2,0,0,0,0,0,0,1,0,0,0,33,15,0,0,9,7,0,0,0,0,0,0,0,0,0,1,0,0,0,0,0,0,0,0,0,0,0,0,0,0,0,0,0,0,0,1,0,0,1,0,1,2,0,0,0,0,0,1,0,0,2,2,1,0,1,1,1,1,0,0,0,0,0,0,0,0,0,0,0,3,0,0,0,0,0,0,1,0,0,0,0,0
15,1,2,0,0,0,1,0,0,0,0,0,4,0,8,0,16,0,0,0,0,0,3,0,0,0,0,0,1,0,0,0,9,2,0,0,8,0,70,170,0,33,2714,47,268,0,13,10,48,24,451,2,58,14,268,9,36,1,798,4,9,1,22,3,14,1,16,2,33,3,119,168,12,1,38,0,365,0,133,4,0,0,0,0,21,1,180,0,427,5,200,0,1066,3,27,1,13,3,19,39,23,8,30,7,0,0,1,1,18,16,1,3,10,13,4,0,1,1,1,7,4,0,5,0,14,0,57,0,47,0,4,0,0,0,46,1,8,0,353,0,42,0,93,0,957,4,7,0,4,0,0,0,0,0,0,0,8,0,5,0,0,3,4,37,11,0,12,1,4,10
1,26,0,13,1,4,0,1,0,0,0,1,0,13,3,45,0,7,0,1,0,0,0,1,0,1,0,0,0,1,0,0,2,11,0,0,5,4,13,71,33,0,1,2043,0,186,42,93,47,59,2,354,1,26,3,89,0,23,1,915,0,25,3,15,6,13,6,6,7,48,19,344,5,8,1,76,1,146,2,173,0,0,0,1,3,48,0,26,10,245,0,176,1,619,2,18,0,6,1,14,1,10,1,20,0,0,0,1,0,12,1,1,0,0,0,3,0,1,0,2,0,1,0,3,1,10,0,51,0,96,0,4,0,0,0,11,0,4,1,333,0,8,0,87,1,847,0,23,0,38,0,1,0,1,1,2,0,5,0,0,0,0,0,46,0,0,2,0,0,0
19,1,3,3,1,0,2,0,0,0,0,0,2,0,12,1,0,0,0,0,0,0,2,0,0,0,0,0,0,0,0,0,27,0,0,0,1,0,53,5,2714,1,0,78,391,0,25,0,6,0,854,0,3,0,31,1,26,0,742,0,15,2,6,0,0,0,9,0,2,0,135,9,27,3,77,0,108,3,37,14,0,0,0,0,12,0,50,0,95,0,10,0,299,0,49,30,5,2,20,230,39,98,91,73,0,0,0,2,3,20,1,0,7,3,2,4,1,4,1,6,0,0,1,0,3,0,57,0,74,0,0,0,0,0,2,1,0,0,14,0,2,1,1,0,10,0,0,0,8,0,0,0,0,0,0,0,1,0,3,0,0,12,16,65,18,4,6,2,0,2
1,2,0,0,0,0,0,0,0,0,0,0,0,1,0,1,0,0,0,0,0,0,0,0,0,0,0,0,0,0,0,0,0,6,0,0,0,1,1,29,47,2043,78,0,0,932,9,42,3,12,0,772,0,8,0,7,0,2,0,923,0,0,0,0,0,0,0,1,0,1,3,248,0,0,1,0,6,16,1,5,0,0,0,0,0,3,0,230,0,46,0,102,0,174,3,5,0,3,6,72,16,34,2,32,0,0,1,0,0,0,0,0,6,1,1,1,0,0,0,5,0,0,0,0,0,0,9,0,0,0,0,0,0,0,0,0,0,0,0,0,0,0,0,8,0,15,0,0,0,0,0,0,0,0,0,0,0,1,0,0,1,0,22,1,0,1,2,1,0,1
0,0,0,0,0,0,0,0,0,0,0,0,0,0,0,0,60,7,0,0,0,0,12,0,0,0,0,0,2,0,0,0,39,0,0,0,0,0,0,0,268,0,391,0,0,0,0,0,0,0,1,0,1,0,11,0,2,0,30,0,0,0,0,0,0,0,3,0,0,0,0,0,0,0,0,0,89,0,23,8,0,0,0,0,4,0,760,0,27,0,253,0,139,0,0,0,0,0,1,0,0,0,0,0,0,0,0,0,0,0,0,0,0,1,0,0,0,0,0,0,0,0,0,0,1,0,1,0,1,0,0,0,0,0,0,0,0,0,1,0,1,0,0,0,1,0,0,0,0,0,0,0,0,0,0,0,4,0,0,0,0,0,0,0,0,0,0,0,1,0
0,1,0,0,0,0,0,0,0,0,0,1,0,0,0,0,0,14,0,0,0,0,0,6,0,3,0,0,0,0,0,0,0,30,0,0,0,0,0,0,0,186,0,932,0,0,3,6,7,4,0,8,0,4,0,10,0,0,0,105,0,1,0,0,0,0,0,3,0,3,0,3,1,2,0,2,1,160,1,219,0,0,0,0,0,21,0,731,1,86,0,733,0,182,0,0,0,0,1,1,0,0,0,0,0,0,0,0,0,0,0,0,0,1,0,0,0,0,0,1,0,1,0,0,0,5,0,0,0,7,0,0,0,0,0,2,0,0,0,6,0,1,0,2,0,4,0,1,0,0,0,0,0,0,0,0,0,7,0,0,0,0,0,3,0,0,0,0,1,0
0,1,0,0,1,0,0,0,0,0,0,0,0,1,0,1,0,0,0,0,0,0,0,1,0,1,0,0,0,0,0,0,0,0,0,0,27,1,451,52,13,42,25,9,0,3,0,1181,2438,787,3593,627,1501,70,1028,107,519,100,467,291,1,1,30,5,14,0,1,0,16,7,2671,114,2,0,0,1,2,6,0,4,0,0,0,0,2,4,1,0,69,56,0,0,116,158,2,362,15,54,0,0,3,1,71,99,0,0,0,0,0,0,0,0,0,0,8,9,0,0,0,0,0,0,0,0,0,0,1,0,3,1,0,0,0,0,1,0,0,0,1,5,0,0,1,1,3,2,0,0,0,0,0,0,0,0,0,0,0,0,0,0,0,0,0,0,0,0,0,0,0,0
0,1,0,0,0,0,0,0,0,0,0,0,1,0,0,0,0,0,0,0,0,0,0,0,0,1,0,0,0,0,0,0,2,0,0,0,17,22,47,275,10,93,0,42,0,6,1181,0,955,4007,2,1316,5,1378,19,881,1,690,2,286,1,0,6,10,6,4,0,4,3,17,84,1956,2,0,1,1,1,10,0,11,0,0,0,0,0,10,0,0,10,208,0,4,3,231,0,10,0,3,0,1,0,17,0,5,0,0,0,0,0,0,0,0,0,1,0,2,0,0,0,0,0,0,0,0,0,1,0,0,0,5,0,0,0,0,1,1,0,0,0,11,0,1,1,3,3,7,0,0,0,0,0,1,0,0,0,0,0,0,0,0,0,0,0,0,0,0,0,0,0,0
0,0,0,0,0,0,0,0,0,0,0,0,0,1,0,1,0,0,0,0,0,0,1,0,0,0,0,0,0,0,0,0,3,0,0,0,38,9,217,57,48,47,6,3,0,7,2438,955,0,671,106,87,2323,77,1067,155,68,26,31,58,0,3,102,11,19,1,3,1,21,23,1740,509,1,1,0,0,7,6,3,9,0,0,0,1,1,7,0,0,67,72,1,3,43,103,0,1,0,0,0,0,0,0,2,3,0,0,0,0,0,0,0,0,0,0,2,1,0,0,0,0,0,0,0,0,0,0,1,0,2,4,0,0,0,0,0,0,0,0,8,13,2,0,1,0,8,5,0,0,0,1,0,0,0,0,0,0,1,0,0,0,0,0,0,1,0,0,0,0,0,0
0,2,0,0,0,0,0,0,0,0,0,0,0,0,0,1,0,0,0,0,0,0,0,0,0,0,0,0,0,0,0,0,0,1,0,0,3,11,43,107,24,59,0,12,0,4,787,4007,671,0,0,229,8,1778,29,845,2,136,4,244,0,2,3,103,5,2,2,4,2,34,108,2387,1,0,0,0,0,6,0,12,0,0,0,0,0,10,0,1,4,130,0,2,2,192,0,14,0,0,0,0,0,0,0,1,0,0,0,0,0,0,0,0,0,0,0,0,0,0,0,0,0,0,0,0,0,0,0,1,0,4,0,0,0,0,0,0,0,0,0,5,0,0,0,1,0,9,0,0,0,0,0,0,0,0,0,0,0,2,0,0,0,0,0,0,0,0,0,0,0,0
7,0,0,0,1,0,0,0,0,0,0,0,2,0,1,1,0,0,1,0,0,0,0,0,0,0,0,0,0,0,0,0,2,0,0,0,1,1,122,25,451,2,854,0,1,0,3593,2,106,0,0,20,220,2,345,2,1290,0,2890,24,1,0,14,0,7,0,6,0,3,0,573,16,8,0,27,0,10,1,14,1,0,0,0,0,1,0,1,0,173,0,0,0,395,3,66,46,0,0,11,0,30,0,380,7,0,0,0,0,0,0,0,0,0,87,0,0,0,0,0,0,0,0,0,0,5,0,5,0,21,0,3,0,0,0,31,3,0,0,1,0,2,0,2,0,30,5,12,0,1,0,0,0,0,0,0,0,0,0,0,0,0,0,2,0,1,0,0,0,2,0
2,25,1,17,0,0,0,0,0,1,0,0,0,6,3,27,0,0,0,1,0,0,0,0,0,0,0,0,0,0,0,0,0,9,0,0,17,7,6,100,2,354,0,772,0,8,627,1316,87,229,20,0,0,331,0,378,1,1664,0,2274,3,8,1,8,3,2,3,5,1,8,13,717,8,3,3,61,0,66,1,98,0,0,0,0,1,11,0,1,3,139,0,8,0,513,0,906,3,161,6,23,5,151,0,393,0,0,0,0,0,0,0,0,11,251,0,141,0,1,0,0,0,0,0,0,0,7,0,31,0,35,0,9,0,4,0,8,0,1,0,1,0,2,0,8,1,112,0,5,0,2,0,0,0,0,0,1,0,1,0,0,0,0,0,6,1,5,0,0,15,0
0,0,0,0,0,0,0,0,1,0,0,0,0,0,0,0,0,0,0,0,0,0,0,0,0,0,0,0,0,0,0,0,4,0,0,0,21,0,48,21,58,1,3,0,1,0,1501,5,2323,8,220,0,0,10,4217,15,186,0,60,2,0,1,448,1,103,0,2,0,7,7,487,27,1,1,0,0,10,0,5,0,0,0,0,0,2,1,1,0,129,3,0,0,97,2,0,0,0,0,0,0,0,0,2,0,0,0,0,0,0,0,0,0,0,0,1,0,0,0,0,0,0,0,1,0,0,0,0,0,0,0,0,0,0,0,3,0,0,0,8,0,2,0,2,0,3,0,0,0,1,0,0,0,0,0,0,0,0,0,0,0,0,0,0,0,0,0,0,0,0,0
1,5,0,0,1,0,0,0,0,0,0,0,0,0,0,2,0,0,0,0,0,0,0,1,0,0,0,0,0,0,0,0,0,2,0,0,1,2,38,62,14,26,0,8,0,4,70,1378,77,1778,2,331,10,0,27,2197,2,144,3,147,0,8,9,402,7,18,5,8,4,266,37,825,4,1,0,0,0,5,0,4,0,0,0,0,0,5,0,0,8,71,0,1,3,91,0,12,0,0,0,1,0,0,0,1,0,0,0,0,0,0,0,0,0,0,0,0,0,0,0,0,0,0,0,1,0,0,1,0,1,3,0,0,0,0,0,0,0,2,0,5,2,0,1,1,0,3,0,0,0,1,0,0,0,0,0,0,0,0,0,0,0,0,0,1,0,0,0,0,0,0
2,1,0,1,0,0,0,0,0,0,0,0,3,0,6,2,0,0,0,0,0,0,0,0,0,0,0,0,0,0,0,0,12,0,0,0,38,1,158,56,268,3,31,0,11,0,1028,19,1067,29,345,0,4217,27,0,57,2809,2,652,7,19,3,1023,9,891,1,20,1,570,15,633,125,11,5,3,1,60,1,25,0,0,0,0,0,18,5,0,0,2302,10,0,0,895,5,2,0,0,0,0,0,2,0,9,0,0,0,0,0,0,1,0,0,0,0,0,0,0,0,0,0,0,0,1,0,0,0,3,0,7,2,0,0,0,0,3,0,2,0,50,2,11,0,12,0,67,1,1,0,1,0,0,0,0,0,0,0,2,0,0,0,0,0,0,0,0,0,0,0,0,0
0,4,0,2,0,0,0,0,0,1,0,0,0,5,1,4,0,1,0,0,0,0,0,0,0,1,0,0,0,0,0,0,1,41,0,0,3,4,69,68,9,89,1,7,0,10,107,881,155,845,2,378,15,2197,57,0,8,898,7,729,1,13,31,417,11,77,3,54,20,1225,83,952,4,3,1,3,0,27,0,18,0,0,0,0,2,40,0,3,23,2539,0,9,13,674,1,9,0,0,0,0,0,1,0,0,0,0,0,0,0,1,0,0,0,2,0,0,0,0,0,0,0,0,0,0,0,0,0,2,0,28,0,0,0,0,0,1,0,0,2,33,2,8,1,5,3,45,1,2,0,4,0,0,0,0,0,0,0,1,0,0,0,0,0,3,0,0,0,0,0,0
0,0,0,0,0,0,0,0,0,0,0,0,0,0,0,0,0,0,0,0,0,0,0,0,0,0,0,0,0,0,0,0,1,0,0,0,0,0,7,5,36,0,26,0,2,0,519,1,68,2,1290,1,186,2,2809,8,0,0,2078,0,0,0,10,0,1,0,1,0,1,3,22,10,0,0,0,0,5,0,4,0,0,0,0,0,0,0,0,0,213,0,0,0,749,1,21,0,0,0,0,0,0,0,37,0,0,0,0,0,0,0,0,0,0,0,0,0,0,0,0,0,0,0,0,0,0,0,1,0,1,0,0,0,0,0,2,0,0,0,1,0,2,0,0,0,7,0,0,0,0,0,0,0,0,0,0,0,0,0,0,0,0,0,0,0,0,0,0,0,0,0
0,0,0,0,0,0,0,0,0,0,0,0,0,0,0,0,0,0,0,0,0,0,0,0,0,0,0,0,0,0,0,0,0,0,0,0,0,0,2,3,1,23,0,2,0,0,100,690,26,136,0,1664,0,144,2,898,0,0,1,1793,0,0,0,0,0,1,0,0,0,1,2,14,0,0,0,0,0,6,0,1,0,0,0,0,0,2,0,0,0,322,0,1,0,1417,0,189,0,4,0,0,0,4,0,66,0,0,0,0,0,0,0,0,0,0,0,1,0,0,0,0,0,0,0,0,0,0,0,0,0,0,0,0,0,0,0,0,0,0,0,1,0,0,0,0,0,1,0,0,0,0,0,0,0,0,0,0,0,0,0,0,0,0,0,0,0,0,0,0,1,0
0,0,0,0,0,0,0,0,0,0,0,0,0,0,0,0,0,0,0,0,0,0,2,0,0,0,0,0,0,0,0,0,10,0,0,0,1,0,10,3,798,1,742,0,30,0,467,2,31,4,2890,0,60,3,652,7,2078,1,0,0,0,0,4,1,0,0,4,0,1,1,19,5,0,0,1,0,33,0,16,0,0,0,0,0,5,0,5,0,116,1,65,0,2154,1,58,0,0,0,0,0,2,0,203,0,0,0,0,0,0,0,0,0,0,0,0,0,0,0,0,0,0,0,0,0,0,0,2,0,1,0,0,0,0,0,1,0,0,0,2,0,3,0,0,0,1,0,0,0,1,0,0,0,0,0,0,0,1,0,0,0,0,0,0,0,0,0,0,0,0,0
0,0,0,0,0,0,0,0,0,0,0,0,0,0,0,0,0,0,0,0,0,0,0,0,0,0,0,0,0,0,0,0,0,1,0,0,0,0,3,15,4,915,0,923,0,105,291,286,58,244,24,2274,2,147,7,729,0,1793,0,0,0,0,1,2,0,0,0,1,2,5,4,88,0,0,0,1,1,12,0,4,0,0,0,0,0,4,0,12,1,163,0,87,1,1937,0,384,1,36,0,0,0,12,0,219,0,0,0,0,0,0,0,0,0,0,0,41,0,0,0,0,0,0,0,0,0,0,0,0,0,1,0,0,0,0,0,0,0,0,0,9,0,0,0,0,0,6,0,0,0,0,0,0,0,0,0,0,0,2,0,0,0,0,0,1,0,0,0,0,0,0
5053,10,25,9,25,3,85,0,2,0,0,0,958,0,114,20,1,0,0,0,0,0,0,0,0,0,0,0,0,0,0,0,517,0,0,0,22,16,5,1,9,0,15,0,0,0,1,1,0,0,1,3,0,0,19,1,0,0,0,0,0,8,993,1,1507,2,1126,6,95,2,511,27,811,13,256,1,119,2,6,0,0,0,40,0,149,5,2,0,25,4,0,0,3,1,0,0,0,0,11,0,7,0,0,0,0,0,0,0,0,0,0,0,0,3,1,1,0,0,0,0,0,0,5,0,2,0,20,0,65,4,4,0,0,0,7,1,2,0,5,1,11,0,14,1,86,2,11,0,7,1,0,0,0,0,1,2,0,0,1,0,0,0,0,1,1,0,0,0,3,1
18,5033,5,311,3,69,0,104,0,25,0,2,5,751,16,942,0,0,6,10,0,0,0,1,0,0,0,1,0,0,0,0,7,375,0,0,37,155,7,3,1,25,2,0,0,1,1,0,3,2,0,8,1,8,3,13,0,0,0,0,8,0,9,733,25,333,30,1278,11,85,38,400,134,1472,5,98,2,292,1,9,0,0,0,7,11,89,1,3,27,48,1,2,0,3,0,1,0,0,1,21,0,1,0,2,0,0,0,0,0,2,0,1,1,5,0,0,0,0,0,0,0,0,0,0,0,4,2,23,4,138,0,5,0,0,0,4,0,0,2,25,2,15,1,18,18,102,1,11,2,22,0,0,0,1,1,1,0,0,0,0,0,0,0,5,0,1,0,1,4,0
38,1,2,1,1,0,2,0,2,0,0,0,9,1,65,6,0,0,0,1,0,0,0,0,0,0,0,0,0,0,0,0,28,2,0,0,137,5,95,25,22,3,6,0,0,0,30,6,102,3,14,1,448,9,1023,31,10,0,4,1,993,9,0,13,1395,4,66,3,419,11,1545,80,100,3,10,0,8,1,1,1,0,0,0,0,21,2,0,0,154,8,0,0,29,1,0,0,0,0,0,1,1,0,0,0,0,0,0,0,0,0,0,0,0,0,2,0,0,0,0,0,0,0,0,0,1,0,4,0,8,1,1,1,0,0,2,0,1,0,18,1,10,0,4,0,30,1,3,0,2,0,0,0,0,0,1,0,1,0,0,0,0,0,0,0,0,0,0,0,0,1
1,61,0,12,1,2,0,4,0,3,0,1,0,13,1,80,0,0,1,3,0,0,0,0,0,0,0,0,0,0,0,0,3,47,0,0,9,35,33,22,3,15,0,0,0,0,5,10,11,103,0,8,1,402,9,417,0,0,1,2,1,733,13,0,15,599,8,182,6,739,31,1310,9,143,1,8,2,43,0,3,0,0,0,0,2,16,0,0,23,50,0,2,5,11,0,1,0,0,0,2,0,0,0,0,0,0,0,0,0,0,0,0,0,0,0,0,0,0,0,0,0,0,0,0,1,0,0,2,3,10,0,0,0,0,1,0,0,1,3,7,1,4,1,2,3,20,1,2,0,5,0,0,0,0,1,0,0,0,0,0,0,0,0,0,0,0,0,0,0,0
236,6,5,4,14,0,44,0,3,0,0,0,158,0,22,7,0,0,1,0,0,0,0,1,0,0,0,0,0,0,0,0,425,0,0,0,58,5,53,13,14,6,0,0,0,0,14,6,19,5,7,3,103,7,891,11,1,0,0,0,1507,25,1395,15,0,6,1109,6,1896,17,350,97,129,7,13,1,13,6,6,1,0,0,0,0,19,4,2,0,256,8,0,0,19,2,0,0,0,0,3,0,1,0,0,0,0,0,0,0,0,0,0,0,0,1,0,0,0,0,0,0,0,0,1,0,0,0,1,0,2,3,0,0,0,0,1,0,1,0,11,0,8,0,9,1,31,4,0,0,1,1,0,0,0,0,0,1,0,0,0,0,0,0,0,0,0,0,0,0,0,0
2,57,0,1,0,2,0,1,1,7,0,0,2,47,1,16,0,2,1,1,0,0,0,0,0,0,0,0,0,0,0,0,1,191,0,0,7,6,11,17,1,13,0,0,0,0,0,4,1,2,0,2,0,18,1,77,0,1,0,0,2,333,4,599,6,0,6,1049,2,1595,22,99,13,4,0,5,1,82,1,8,0,0,0,1,2,41,0,1,9,89,0,0,1,7,0,0,0,1,0,1,0,0,0,0,0,0,0,0,0,0,0,0,0,1,0,1,0,0,0,0,0,0,0,0,0,0,0,3,0,15,0,0,0,0,0,0,0,0,2,9,4,3,0,1,4,23,0,0,0,3,0,0,0,0,0,0,0,0,0,0,0,0,0,0,0,0,0,0,0,0
144,8,2,0,4,1,14,0,4,0,0,0,709,0,8,6,2,0,0,0,0,0,2,0,2,0,0,0,1,0,0,0,608,2,0,0,36,3,13,7,16,6,9,0,3,0,1,0,3,2,6,3,2,5,20,3,1,0,4,0,1126,30,66,8,1109,6,0,6,235,8,116,69,249,8,26,2,56,2,15,0,0,0,9,0,687,14,10,1,892,11,3,0,36,1,1,0,1,0,1,0,1,0,0,0,0,0,0,0,0,0,1,0,0,0,0,0,0,0,0,2,0,3,2,0,0,0,6,0,16,0,3,0,0,0,6,0,0,0,11,2,26,0,17,0,59,3,7,0,11,3,0,0,0,0,0,0,5,0,0,0,0,0,1,0,1,0,2,0,1,0
7,222,1,17,0,6,0,7,0,2,0,0,1,1008,0,86,0,0,1,2,0,0,0,0,0,1,0,0,0,1,0,0,1,488,0,0,12,14,6,4,2,6,0,1,0,3,0,4,1,4,0,5,0,8,1,54,0,0,0,1,6,1278,3,182,6,1049,6,0,9,685,19,112,27,41,1,21,1,140,1,11,0,0,0,20,1,1040,0,4,14,750,0,2,0,33,0,1,0,0,0,4,1,0,0,0,0,0,0,1,0,1,0,0,0,7,1,0,0,0,0,0,0,0,0,1,0,2,1,11,2,43,0,0,0,0,0,3,1,0,2,25,2,8,1,6,6,38,0,3,1,19,0,0,0,0,0,0,0,0,0,0,0,0,0,4,0,1,0,0,0,0
29,5,1,0,2,0,3,1,1,1,1,0,10,0,5,2,0,0,1,1,0,0,0,0,0,0,0,0,1,0,0,0,100,1,0,0,40,3,63,25,33,7,2,0,0,0,16,3,21,2,3,1,7,4,570,20,1,0,1,2,95,11,419,6,1896,2,235,9,0,19,221,101,33,0,3,0,17,0,9,0,0,0,0,0,12,3,1,0,898,13,1,0,41,4,0,0,0,0,1,0,3,0,0,0,0,0,0,0,0,1,0,0,0,0,1,0,0,0,0,1,0,0,1,0,1,0,3,0,1,1,0,0,0,0,2,0,1,0,12,2,8,2,5,1,31,2,2,0,0,0,0,0,0,0,2,1,0,0,0,0,0,0,1,0,0,0,0,0,0,0
1,26,0,3,0,1,0,2,0,0,0,0,1,38,2,15,0,1,1,1,0,0,0,0,0,2,0,1,0,1,0,0,1,222,0,0,13,13,30,38,3,48,0,1,0,3,7,17,23,34,0,8,7,266,15,1225,3,1,1,5,2,85,11,739,17,1595,8,685,19,0,72,468,17,18,0,4,3,62,2,9,0,0,0,4,3,166,2,0,22,1955,1,5,8,73,0,0,0,1,0,5,0,0,0,0,0,0,0,0,0,0,0,0,0,4,0,0,0,0,0,0,0,0,0,0,0,0,0,2,1,41,0,0,0,0,0,0,0,0,3,39,0,5,1,17,5,45,1,3,0,10,0,0,0,0,0,0,0,1,0,0,0,0,0,4,0,0,0,0,0,0
81,13,6,4,3,1,3,0,1,0,0,0,8,4,232,19,0,0,4,0,3,0,0,0,2,0,1,0,1,0,0,0,30,3,0,0,1338,31,2804,208,119,19,135,3,0,0,2671,84,1740,108,573,13,487,37,633,83,22,2,19,4,511,38,1545,31,350,22,116,19,221,72,0,748,1259,21,5,0,15,3,15,2,0,0,0,0,23,7,2,1,229,44,0,1,40,14,0,0,0,0,5,1,16,0,0,1,0,0,0,0,0,1,0,0,1,0,14,0,0,0,0,0,0,0,1,0,1,0,6,1,9,6,1,0,0,0,4,0,3,0,27,3,10,0,9,2,44,11,3,1,0,1,2,0,1,1,3,3,1,0,0,0,0,0,4,0,0,0,0,0,1,1
9,68,2,14,2,2,1,8,0,2,0,3,8,13,1,87,0,14,0,8,1,3,8,2,7,0,0,3,0,0,0,0,15,22,0,0,141,1157,381,1532,168,344,9,248,0,3,114,1956,509,2387,16,717,27,825,125,952,10,14,5,88,27,400,80,1310,97,99,69,112,101,468,748,0,66,277,3,5,4,27,2,4,0,0,0,1,20,54,1,1,161,173,0,3,42,89,0,3,0,0,1,0,3,2,0,0,0,0,0,0,0,0,0,0,0,2,1,0,0,0,0,0,0,0,0,0,0,1,0,0,10,24,0,0,0,0,1,2,1,1,15,24,7,4,6,4,29,34,2,2,1,5,2,3,1,5,1,3,2,9,0,0,0,1,0,3,0,0,0,0,1,0
1214,64,140,41,6,1,24,3,3,3,1,0,67,4,505,412,0,1,0,0,0,0,1,0,0,0,0,0,0,0,0,0,354,17,0,0,799,166,8,4,12,5,27,0,0,1,2,2,1,1,8,8,1,4,11,4,0,0,0,0,811,134,100,9,129,13,249,27,33,17,1259,66,0,199,471,9,86,12,8,4,0,0,9,2,88,37,5,1,58,28,2,1,5,4,0,0,1,0,7,1,7,0,0,0,0,0,0,0,1,0,0,0,0,3,0,0,0,0,0,0,0,0,10,0,2,1,22,5,59,19,7,0,0,0,17,1,5,0,13,9,51,5,30,1,141,12,20,0,26,7,0,0,1,0,2,1,0,1,0,0,0,0,0,2,0,0,1,1,3,0
5,365,1,34,1,0,0,1,0,0,0,0,2,22,12,928,0,0,0,0,0,0,0,0,2,0,0,0,0,0,0,0,2,40,0,0,49,443,9,1,1,8,3,0,0,2,0,0,1,0,0,3,1,1,5,3,0,0,0,0,13,1472,3,143,7,4,8,41,0,18,21,277,199,0,3,6,2,33,0,6,0,0,0,2,6,30,0,0,11,9,0,0,1,2,0,0,0,0,1,4,1,1,0,1,0,0,0,0,0,1,0,0,0,4,0,0,0,0,0,0,0,0,0,0,1,0,1,4,0,25,0,1,0,0,0,0,0,0,0,17,1,7,1,2,2,26,0,1,0,2,0,0,0,1,1,1,0,1,0,0,0,0,0,3,0,0,0,0,2,0
830,27,534,84,1375,123,239,6,906,14,193,5,121,2,738,92,4,28,339,78,25,30,54,249,127,31,70,14,88,0,37,0,443,10,0,0,149,101,1,1,38,1,77,1,0,0,0,1,0,0,27,3,0,0,3,1,0,0,1,0,256,5,10,1,13,0,26,1,3,0,5,3,471,3,0,272,1808,29,556,2,0,0,1,0,23,0,1,0,12,0,3,0,7,0,3,0,0,0,81,1,40,0,3,0,0,0,1,1,2,1,0,0,5,33,0,0,1,1,0,5,74,0,192,1,92,0,922,2,1220,2,182,0,2,0,340,5,89,0,7,0,87,0,48,0,2073,4,283,0,135,1,6,21,26,62,65,82,159,33,1,0,2,0,2,2,13,2,4,0,21,0
12,363,54,551,80,639,2,254,28,332,6,360,0,238,73,427,2,3,110,321,12,52,33,137,58,121,10,254,15,8,0,41,23,436,0,0,34,84,0,0,0,76,0,0,0,2,1,1,0,0,0,61,0,0,1,3,0,0,0,1,1,98,0,8,1,5,2,21,0,4,0,5,9,6,272,0,32,1737,13,495,0,0,0,0,5,11,4,2,3,5,2,2,3,1,0,4,2,6,5,77,1,2,0,1,0,0,0,3,0,8,0,0,7,79,0,0,0,1,0,1,0,140,0,87,1,129,2,811,1,1099,1,115,0,6,2,245,0,35,0,16,1,32,1,14,2,1467,0,109,0,150,5,10,40,53,53,127,76,94,0,0,0,0,1,4,2,1,0,4,93,0
170,11,258,39,367,65,42,1,340,16,499,4,136,1,234,40,166,3,219,50,19,11,261,20,389,4,115,3,194,0,58,0,1497,8,0,0,66,47,6,3,365,1,108,6,89,1,2,1,7,0,10,0,10,0,60,0,5,0,33,1,119,2,8,2,13,1,56,1,17,3,15,4,86,2,1808,32,0,9,1580,12,0,0,10,0,173,0,251,0,383,0,312,0,335,0,8,3,6,5,193,23,71,4,17,3,0,0,2,2,35,15,5,0,6,80,4,1,1,4,0,21,42,0,35,0,539,0,1412,1,212,3,108,0,5,0,338,14,80,0,132,0,37,1,37,0,1058,9,43,1,17,0,48,3,28,30,53,66,642,6,26,1,5,2,12,19,19,6,35,4,49,14
18,516,23,463,31,240,0,107,17,195,2,1244,1,445,54,442,2,148,62,173,4,18,18,427,15,240,1,301,7,201,0,27,8,2334,0,0,18,69,3,2,0,146,3,16,0,160,6,10,6,6,1,66,0,5,1,27,0,6,0,12,2,292,1,43,6,82,2,140,0,62,3,27,12,33,29,1737,9,0,6,1825,0,0,0,35,1,348,1,435,3,443,3,542,0,165,8,79,3,30,16,223,5,23,5,54,0,0,1,14,5,143,0,7,36,135,13,7,5,4,1,32,0,60,0,32,2,362,3,1144,3,387,1,84,0,14,2,306,0,60,0,108,0,23,0,14,1,733,1,40,0,47,2,9,10,29,36,112,2,528,0,0,0,13,2,85,3,11,5,50,144,3
8,0,4,0,1,0,2,0,3,0,1,0,4,0,12,1,44,26,0,0,0,0,17,0,5,0,1,0,3,0,0,0,16,0,0,0,1,3,2,0,133,2,37,1,23,1,0,0,3,0,14,1,5,0,25,0,4,0,16,0,6,1,1,0,6,1,15,1,9,2,15,2,8,0,556,13,1580,6,0,63,0,0,1,0,23,0,8,0,81,2,28,1,73,0,13,16,3,7,277,23,69,8,16,26,0,0,3,4,30,40,4,4,31,108,5,1,3,3,1,45,28,0,4,0,167,4,130,4,94,2,109,0,9,0,303,19,19,0,43,0,36,1,9,0,242,5,8,0,1,0,2,0,0,0,0,1,220,7,8,0,1,2,11,8,28,8,63,3,104,55
0,20,1,22,1,1,0,1,0,1,0,2,0,12,4,25,19,94,0,6,0,0,6,0,0,0,0,1,0,0,0,1,0,32,0,0,1,4,1,0,4,173,14,5,8,219,4,11,9,12,1,98,0,4,0,18,0,1,0,4,0,9,1,3,1,8,0,11,0,9,2,4,4,6,2,495,12,1825,63,0,0,0,0,2,0,39,1,1,2,86,2,52,1,59,9,99,4,42,79,306,5,26,13,63,1,0,4,22,10,167,1,9,163,241,12,2,8,17,5,82,0,244,0,7,5,405,6,194,0,148,0,92,1,106,4,378,0,74,1,98,0,29,0,16,1,287,1,21,0,6,0,0,0,0,0,0,29,242,1,1,0,26,11,172,20,54,5,96,282,11
0,0,0,0,0,0,0,0,0,0,0,0,0,0,0,0,0,0,0,0,0,0,0,0,0,0,0,0,0,0,0,0,0,0,0,0,0,0,0,0,0,0,0,0,0,0,0,0,0,0,0,0,0,0,0,0,0,0,0,0,0,0,0,0,0,0,0,0,0,0,0,0,0,0,0,0,0,0,0,0,0,0,0,0,0,0,0,0,0,0,0,0,0,0,0,0,0,0,0,0,0,0,0,0,0,0,0,0,0,0,0,0,0,0,0,0,0,0,0,0,0,0,0,0,0,0,0,0,0,0,0,0,0,0,0,0,0,0,0,0,0,0,0,0,0,0,0,0,0,0,0,0,0,0,0,0,0,0,0,0,0,0,0,0,0,0,0,0,0,0
0,0,0,0,0,0,0,0,0,0,0,0,0,0,0,0,0,0,0,0,0,0,0,0,0,0,0,0,0,0,0,0,0,0,0,0,0,0,0,0,0,0,0,0,0,0,0,0,0,0,0,0,0,0,0,0,0,0,0,0,0,0,0,0,0,0,0,0,0,0,0,0,0,0,0,0,0,0,0,0,0,0,0,0,0,0,0,0,0,0,0,0,0,0,0,0,0,0,0,0,0,0,0,0,0,0,0,0,0,0,0,0,0,0,0,0,0,0,0,0,0,0,0,0,0,0,0,0,0,0,0,0,0,0,0,0,0,0,0,0,0,0,0,0,0,0,0,0,0,0,0,0,0,0,0,0,0,0,0,0,0,0,0,0,0,0,0,0,0,0
6,1,0,0,0,0,0,0,0,0,0,0,231,0,0,0,1,0,0,0,0,0,1,0,0,0,0,0,0,0,0,0,197,0,0,0,2,0,0,0,0,0,0,0,0,0,0,0,0,0,0,0,0,0,0,0,0,0,0,0,40,0,0,0,0,0,9,0,0,0,0,0,9,0,1,0,10,0,1,0,0,0,0,0,1090,0,187,0,12,0,0,0,0,0,0,0,0,0,0,0,1,0,0,0,0,0,0,0,0,0,0,0,0,0,0,0,0,0,0,0,0,0,0,0,0,0,0,0,0,0,0,0,0,0,0,0,1,0,1,0,0,0,0,0,1,0,0,0,0,0,0,0,0,0,0,0,0,0,0,0,0,0,0,0,0,0,0,0,0,0
1,6,0,0,0,0,0,1,0,0,0,0,0,44,0,7,0,0,0,0,0,0,0,0,0,0,0,1,0,0,0,0,0,76,0,0,0,1,0,0,0,1,0,0,0,0,0,0,1,0,0,0,0,0,0,0,0,0,0,0,0,7,0,0,0,1,0,20,0,4,0,1,2,2,0,0,0,35,0,2,0,0,0,0,0,1454,0,202,0,23,0,3,0,0,0,0,0,0,0,0,0,0,0,0,0,0,0,0,0,0,0,0,0,0,0,0,0,0,0,0,0,0,0,0,0,0,0,0,0,2,0,0,0,0,0,0,0,0,0,1,0,0,0,1,0,4,0,0,0,0,0,0,0,0,0,0,0,1,0,0,0,0,0,0,0,0,0,0,0,0
9,5,3,0,6,0,0,0,0,0,23,0,850,1,2,3,8,0,0,0,1,0,13,1,25,0,1,0,12,0,1,0,545,0,0,0,18,5,6,1,21,3,12,0,4,0,2,0,1,0,1,1,2,0,18,2,0,0,5,0,149,11,21,2,19,2,687,1,12,3,23,20,88,6,23,5,173,1,23,0,0,0,1090,0,0,3,1841,0,2774,5,31,0,76,0,0,0,0,0,6,0,1,0,0,0,0,0,0,0,0,0,0,0,1,3,0,0,0,0,0,0,1,0,0,0,3,0,7,0,14,2,1,0,0,0,5,0,3,0,33,1,29,0,20,0,47,3,8,1,1,1,2,0,0,0,0,0,10,2,0,0,0,0,0,0,0,0,0,0,1,1
1,36,0,1,0,1,0,0,0,0,0,7,0,415,0,55,0,7,0,0,0,0,1,30,0,15,0,8,0,17,0,0,3,609,0,0,8,13,2,0,1,48,0,3,0,21,4,10,7,10,0,11,1,5,5,40,0,2,0,4,5,89,2,16,4,41,14,1040,3,166,7,54,37,30,0,11,0,348,0,39,0,0,0,1454,3,0,0,1799,3,3873,0,112,0,98,0,2,1,0,0,11,0,2,0,0,0,0,0,0,0,0,0,0,0,7,0,0,0,0,0,0,0,0,0,0,0,1,0,9,1,85,0,0,0,0,1,4,0,0,1,74,0,16,0,15,1,50,0,9,0,11,0,0,0,0,0,0,0,12,0,0,0,0,0,13,0,0,0,1,1,0
0,0,1,0,4,0,0,0,0,0,23,0,59,0,0,0,19,0,0,0,1,1,39,0,45,0,4,0,31,0,0,0,629,0,0,0,1,0,0,0,180,0,50,0,760,0,1,0,0,0,1,0,1,0,0,0,0,0,5,0,2,1,0,0,2,0,10,0,1,2,2,1,5,0,1,4,251,1,8,1,0,0,187,0,1841,0,0,0,544,0,807,0,52,0,0,0,0,0,1,0,0,0,0,0,0,0,0,0,0,0,0,0,0,3,0,0,0,0,0,0,0,0,0,0,0,0,0,0,0,0,0,0,0,0,1,0,1,0,1,0,4,0,1,0,4,0,2,0,0,1,2,0,0,0,0,0,12,2,0,0,0,0,0,0,0,0,0,0,0,0
0,1,0,0,0,0,0,0,0,0,0,2,0,19,0,1,0,25,0,0,0,0,0,44,0,13,0,2,0,179,0,0,0,848,0,0,0,0,0,0,0,26,0,230,0,731,0,0,0,1,0,1,0,0,0,3,0,0,0,12,0,3,0,0,0,1,1,4,0,0,1,1,1,0,0,2,0,435,0,1,0,0,0,202,0,1799,0,0,0,111,0,879,0,19,0,0,0,0,0,0,0,0,0,0,0,0,0,0,0,0,0,0,0,0,0,0,0,0,0,0,0,0,0,0,0,1,0,0,0,2,0,0,0,0,0,0,0,0,0,3,0,1,0,1,0,1,0,0,0,0,0,0,0,0,0,0,0,5,0,0,0,0,0,0,0,0,0,0,0,0
6,12,1,1,3,0,1,0,0,0,8,0,74,1,6,9,11,0,0,0,0,0,31,2,22,0,1,0,13,0,0,0,635,3,0,0,32,9,72,33,427,10,95,0,27,1,69,10,67,4,173,3,129,8,2302,23,213,0,116,1,25,27,154,23,256,9,892,14,898,22,229,161,58,11,12,3,383,3,81,2,0,0,12,0,2774,3,544,0,0,15,712,1,4867,10,2,0,1,0,14,0,4,0,5,0,0,0,0,0,0,2,0,0,0,4,3,0,0,0,0,0,1,0,1,0,5,0,13,1,29,3,1,0,0,0,12,4,3,0,108,5,66,1,54,2,145,7,6,0,5,1,7,1,1,0,0,0,28,0,0,0,0,0,2,1,1,0,0,0,4,4
6,9,0,1,0,0,0,0,0,0,0,4,1,52,0,21,0,16,0,0,0,1,0,48,0,24,0,12,0,4,0,0,2,365,0,0,8,9,37,15,5,245,0,46,0,86,56,208,72,130,0,139,3,71,10,2539,0,322,1,163,4,48,8,50,8,89,11,750,13,1955,44,173,28,9,0,5,0,443,2,86,0,0,0,23,5,3873,0,111,15,0,0,1139,7,3968,0,2,0,0,0,12,0,0,0,1,0,0,0,0,0,0,0,0,0,6,0,1,0,0,0,0,0,3,0,0,0,3,0,1,0,75,0,1,0,0,0,2,0,2,2,82,3,18,0,18,3,66,0,5,0,4,0,0,0,0,0,0,0,9,0,0,0,0,0,15,0,0,0,1,1,0
0,0,0,1,7,0,0,0,0,0,7,0,0,0,0,0,7,2,0,0,0,0,33,0,32,0,3,0,13,0,1,0,539,0,0,0,0,0,1,0,200,0,10,0,253,0,0,0,1,0,0,0,0,0,0,0,0,0,65,0,0,1,0,0,0,0,3,0,1,1,0,0,2,0,3,2,312,3,28,2,0,0,0,0,31,0,807,0,712,0,0,0,764,0,0,0,0,0,1,0,1,0,0,0,0,0,0,0,0,1,0,0,0,0,0,0,0,0,0,0,0,0,0,0,0,0,0,1,1,0,0,0,0,0,0,0,1,0,4,0,1,0,3,0,3,0,0,0,0,0,3,0,0,0,0,0,9,1,0,0,0,0,0,0,0,0,0,0,0,0
0,0,1,1,0,0,0,0,0,0,0,3,0,0,0,0,0,27,0,0,0,0,0,64,1,28,0,3,0,9,0,0,0,195,0,0,1,0,1,0,0,176,0,102,0,733,0,4,3,2,0,8,0,1,0,9,0,1,0,87,0,2,0,2,0,0,0,2,0,5,1,3,1,0,0,2,0,542,1,52,0,0,0,3,0,112,0,879,1,1139,0,0,0,1192,0,0,0,0,0,2,0,0,0,0,0,0,0,0,1,0,0,0,0,3,0,0,0,0,0,0,0,0,0,0,0,1,0,2,0,8,0,0,0,0,0,0,0,0,0,8,0,0,0,2,0,7,0,1,0,1,0,0,0,0,0,0,0,4,0,0,0,0,0,0,0,0,0,0,0,0
0,3,0,0,2,0,0,0,0,0,3,0,3,0,2,0,9,0,0,0,0,0,15,1,12,0,0,0,4,0,0,0,148,0,0,0,4,1,19,9,1066,1,299,0,139,0,116,3,43,2,395,0,97,3,895,13,749,0,2154,1,3,0,29,5,19,1,36,0,41,8,40,42,5,1,7,3,335,0,73,1,0,0,0,0,76,0,52,0,4867,7,764,0,0,3,2,0,0,0,3,0,3,0,7,0,0,0,0,0,1,0,0,0,0,2,0,0,0,1,0,0,0,0,0,0,1,0,8,0,5,1,0,0,0,0,1,0,0,0,19,2,18,0,8,0,31,3,1,0,0,0,0,0,0,0,0,0,14,1,1,0,0,0,0,0,0,0,1,0,0,0
0,2,0,0,0,0,0,0,0,0,0,1,0,2,1,2,0,2,0,0,0,0,0,9,0,3,0,0,0,0,0,0,0,23,0,0,1,1,17,7,3,619,0,174,0,182,158,231,103,192,3,513,2,91,5,674,1,1417,1,1937,1,3,1,11,2,7,1,33,4,73,14,89,4,2,0,1,0,165,0,59,0,0,0,0,0,98,0,19,10,3968,0,1192,3,0,0,21,0,8,0,3,1,5,0,7,0,0,0,0,0,0,0,0,0,1,0,7,0,0,0,0,0,0,0,0,0,3,0,0,0,12,0,0,0,0,0,2,0,0,0,18,0,4,0,2,2,13,0,2,0,3,0,0,0,0,0,0,0,8,0,1,0,0,0,2,1,0,0,0,1,0
0,1,1,0,0,0,0,0,0,0,0,0,0,0,0,1,0,0,0,0,0,0,0,0,0,0,0,0,0,0,0,0,0,0,0,0,0,0,1,0,27,2,49,3,0,0,2,0,0,0,66,0,0,0,2,1,21,0,58,0,0,0,0,0,0,0,1,0,0,0,0,0,0,0,3,0,8,8,13,9,0,0,0,0,0,0,0,0,2,0,0,0,2,0,0,268,3496,149,508,77,226,99,1607,290,306,13,582,101,825,87,213,20,140,21,89,81,257,95,65,124,0,0,0,0,6,3,9,1,1,2,2,0,0,0,0,0,1,0,1,0,1,0,0,0,0,0,0,0,0,0,0,0,0,0,0,0,0,0,4,6,0,2,7,20,36,22,32,13,11,14
0,3,1,1,0,0,0,0,0,0,0,0,0,1,0,1,0,0,0,0,0,0,0,0,0,0,0,0,0,0,0,0,0,1,0,0,0,0,0,0,1,18,30,5,0,0,362,10,1,14,46,906,0,12,0,9,0,189,0,384,0,1,0,1,0,0,0,1,0,0,0,3,0,0,0,4,3,79,16,99,0,0,0,0,0,2,0,0,0,2,0,0,0,21,268,0,76,3933,117,295,147,205,253,2064,11,215,30,484,54,676,10,247,98,34,101,109,89,66,15,100,0,0,0,0,2,1,5,25,1,14,0,0,1,1,0,0,0,0,0,4,0,0,0,1,0,1,0,0,0,0,0,0,0,0,0,0,0,0,16,7,1,3,31,170,18,27,35,17,1,8
2,0,0,0,0,0,0,0,0,0,0,0,0,0,0,0,0,0,0,0,0,0,0,0,0,0,0,0,0,0,0,0,0,0,0,0,0,0,0,0,13,0,5,0,0,0,15,0,0,0,0,3,0,0,0,0,0,0,0,1,0,0,0,0,0,0,1,0,0,0,0,0,1,0,0,2,6,3,3,4,0,0,0,0,0,1,0,0,1,0,0,0,0,0,3496,76,0,143,127,25,73,23,138,38,3566,21,1910,98,913,37,271,8,78,29,44,22,123,189,70,79,0,0,0,0,3,2,4,1,3,1,1,0,0,1,0,0,0,0,0,0,0,0,0,0,0,0,0,0,0,0,0,0,0,0,0,0,0,0,0,1,0,0,3,6,13,11,11,2,2,1
0,3,0,0,0,1,0,0,0,0,0,0,0,0,1,1,0,0,0,0,0,0,0,0,0,0,0,0,0,0,0,0,0,0,0,0,1,0,0,0,3,6,2,3,0,0,54,3,0,0,0,161,0,0,0,0,0,4,0,36,0,0,0,0,0,1,0,0,0,1,0,0,0,0,0,6,5,30,7,42,0,0,0,0,0,0,0,0,0,0,0,0,0,8,149,3933,143,0,68,118,52,87,76,176,52,2293,118,2324,44,779,11,297,72,63,99,82,116,297,34,69,0,1,0,0,4,1,2,12,2,5,0,0,0,2,0,2,0,0,0,1,0,0,0,0,0,0,0,0,0,0,0,0,0,0,0,0,0,0,2,0,0,0,14,39,15,29,17,6,6,1
16,1,11,0,3,0,0,0,3,0,0,0,4,0,24,2,0,0,0,0,0,0,0,0,0,0,0,0,0,0,0,0,7,1,0,0,3,1,0,0,19,1,20,6,1,1,0,0,0,0,11,6,0,0,0,0,0,0,0,0,11,1,0,0,3,0,1,0,1,0,5,1,7,1,81,5,193,16,277,79,0,0,0,0,6,0,1,0,14,0,1,0,3,0,508,117,127,68,0,268,1386,201,510,143,6,1,77,49,347,216,70,8,205,461,258,108,53,117,9,194,0,0,0,0,89,8,210,6,50,4,18,0,8,3,23,4,0,0,6,1,12,0,0,0,10,1,0,0,1,0,0,0,0,0,1,0,1,0,19,3,6,7,78,58,250,100,113,96,108,25
1,42,0,28,0,1,0,3,0,0,0,0,0,4,4,40,0,0,0,0,0,0,0,0,0,0,0,0,0,0,0,0,0,11,0,0,1,7,0,0,39,14,230,72,0,1,0,1,0,0,0,23,0,1,0,0,0,0,0,0,0,21,1,2,0,1,0,4,0,5,1,0,1,4,1,77,23,223,23,306,0,0,0,0,0,11,0,0,0,12,0,2,0,3,77,295,25,118,268,0,182,998,122,352,2,6,11,62,54,402,10,61,78,251,392,50,22,49,3,58,0,0,0,0,1,16,35,99,5,40,1,4,0,7,0,4,0,0,0,4,2,2,0,1,0,9,0,1,1,2,0,0,0,0,0,2,0,0,4,2,0,2,50,74,44,104,58,43,37,19
12,1,2,1,2,1,0,0,0,0,0,0,0,0,7,0,0,0,0,0,0,0,0,0,0,0,0,0,0,0,0,0,1,0,0,0,1,0,0,0,23,1,39,16,0,0,3,0,0,0,30,5,0,0,2,0,0,0,2,0,7,0,1,0,1,0,1,1,3,0,16,3,7,1,40,1,71,5,69,5,0,0,1,0,1,0,0,0,4,0,1,0,3,1,226,147,73,52,1386,182,0,473,1781,254,9,3,70,28,265,132,208,24,12,250,1723,227,64,64,12,52,0,0,1,0,27,0,62,1,29,1,10,0,2,0,20,9,0,0,1,1,5,0,1,0,20,2,2,0,0,0,0,0,0,0,0,0,0,0,7,2,1,4,23,23,14,5,80,31,28,37
0,3,0,3,0,0,0,0,0,0,0,0,0,0,0,2,0,0,0,0,0,0,0,0,0,0,0,0,0,0,0,0,0,0,0,0,0,1,0,0,8,10,98,34,0,0,1,17,0,0,0,151,0,0,0,1,0,4,0,12,0,1,0,0,0,0,0,0,0,0,0,2,0,1,0,2,4,23,8,26,0,0,0,0,0,2,0,0,0,0,0,0,0,5,99,205,23,87,201,998,473,0,169,1928,0,10,17,46,81,147,7,115,33,165,1048,170,29,58,7,14,0,0,0,0,1,1,8,9,0,2,0,0,0,0,0,0,0,0,0,2,0,0,0,0,1,1,0,0,0,0,0,0,0,0,0,0,0,0,5,0,0,2,28,50,3,0,21,4,0,10
0,0,0,0,0,0,0,0,0,0,0,0,0,0,2,0,0,0,0,0,0,0,0,0,0,0,0,0,0,0,0,0,0,0,0,0,0,0,0,0,30,1,91,2,0,0,71,0,2,0,380,0,2,0,9,0,37,0,203,0,0,0,0,0,0,0,0,0,0,0,0,0,0,0,3,0,17,5,16,13,0,0,0,0,0,0,0,0,5,0,0,0,7,0,1607,253,138,76,510,122,1781,169,0,461,36,8,286,63,327,138,135,28,64,16,155,673,333,67,49,104,0,0,0,0,5,1,12,1,3,1,1,0,0,0,1,0,0,0,0,1,0,0,0,0,0,0,0,0,0,0,0,0,0,0,0,0,0,0,16,5,0,1,12,26,11,4,63,25,2,29
