0,0,1352,3,2377,1,1098,0,370,1,2,0,709,0,321,1,0,0,3,0,0,0,0,0,0,0,0,0,0,0,0,0,516,0,0,0,167,40,5,0,13,0,1,0,2,0,4,1,21,0,0,0,19,0,8,0,0,0,2,0,5106,0,323,0,703,0,173,0,12,0,333,0,1361,38,151,0,29,0,2,0,0,0,8,0,29,0,4,0,8,0,0,0,0,0,0,0,0,0,2,0,1,0,1,0,0,0,1,2,1,0,1,1,0,1,0,0,0,0,0,0,0,0,1,0,8,0,14,0,3,0,0,0,4,0,13,0,2,0,0,0,0,0,0,0,14,0,1,0,0,0,0,0,1,1,154,24,1,0,0,1,0,0,8,1,2,2,1,0,1,0
0,0,0,2005,0,2392,0,1246,0,275,0,0,0,2127,0,1759,0,0,0,3,0,0,0,0,0,0,0,0,0,0,0,0,0,1226,0,0,0,411,1,2,2,60,0,4,0,3,7,10,1,14,0,6,0,2,0,9,0,1,0,6,0,3922,0,109,0,178,0,724,0,89,4,451,0,1429,0,126,1,313,0,15,0,0,0,31,0,184,0,0,0,57,0,0,0,0,0,4,0,0,1,3,0,0,0,0,0,0,0,2,0,0,0,0,0,0,0,0,0,0,0,0,0,0,0,0,0,1,0,0,0,1,0,0,0,1,0,11,0,2,0,10,0,1,0,0,0,4,0,0,0,0,0,0,0,0,0,0,0,1,0,2,0,2,0,23,0,5,0,0,1,0
1352,0,0,34,5075,8,152,1,566,2,302,0,9,0,2473,1,25,0,4215,26,446,4,79,1,140,1,219,1,286,4,20,0,745,7,0,0,473,29,7,0,6,0,0,0,9,0,3,0,4,0,0,0,9,0,0,0,0,0,1,0,174,0,80,0,41,0,5,0,2,0,108,0,268,6,391,21,128,2,1,0,0,0,0,0,2,0,17,0,3,0,0,0,0,0,0,0,0,0,1,0,0,0,0,0,0,0,2,0,0,0,0,0,0,0,0,0,0,0,0,0,0,0,0,0,3,1,1,0,0,0,0,0,2,0,1,0,0,0,0,0,0,0,0,0,2,0,0,0,0,0,23,2,194,86,509,133,25,0,0,0,0,0,0,0,0,1,0,1,1,0
3,2005,34,0,10,6397,1,82,0,373,0,310,0,40,1,5239,14,61,26,4782,6,319,7,65,1,149,0,526,1,258,0,18,3,661,0,0,4,933,0,1,0,24,0,1,0,15,2,2,0,4,0,1,1,0,0,2,0,0,0,2,0,116,0,4,0,15,0,81,0,13,3,122,0,208,41,706,1,383,0,17,0,0,0,2,0,17,0,50,0,2,0,0,0,1,0,0,0,0,1,2,1,0,0,0,0,0,0,2,0,0,0,0,1,2,0,0,0,0,0,0,0,0,0,0,0,4,0,1,0,0,0,0,0,0,0,5,0,3,0,2,0,0,0,0,0,2,0,1,0,1,48,98,60,410,19,404,1,13,0,0,0,3,0,11,0,2,0,0,1,0
2377,0,5075,10,0,7,1079,0,3551,0,894,0,37,0,259,1,2,0,137,6,78,0,21,0,51,1,147,0,277,0,98,0,1305,3,0,0,86,28,2,0,6,1,0,0,6,0,0,0,2,0,0,0,4,0,0,0,0,0,0,0,128,0,24,0,28,0,2,0,0,0,27,0,95,1,426,1,113,2,1,0,0,0,1,0,3,0,19,0,0,0,0,0,0,0,0,0,0,0,1,1,0,0,0,0,0,0,0,0,0,0,0,0,0,2,0,0,0,0,0,0,0,0,0,0,2,0,2,0,0,0,0,0,0,0,2,0,0,0,0,0,0,0,0,0,1,0,0,0,0,0,1,1,3,14,224,78,1,0,0,0,0,0,2,0,0,0,0,0,0,1
1,2392,8,6397,7,0,1,930,0,3082,1,1105,0,175,1,1089,5,10,12,595,1,29,2,9,0,29,0,211,2,195,0,57,1,2022,0,0,0,842,1,0,1,40,0,0,0,15,1,2,2,7,0,2,0,1,0,0,0,0,1,5,0,177,0,10,0,10,0,79,0,8,1,85,0,85,29,1009,1,895,0,73,0,0,0,6,0,9,0,70,0,9,0,1,0,4,0,1,0,1,0,3,0,0,0,0,0,0,0,3,0,1,1,2,0,1,0,0,0,0,0,0,0,0,0,0,0,9,0,0,0,1,0,0,0,4,0,11,0,2,0,4,0,0,0,1,0,5,0,0,0,3,17,8,18,28,5,111,4,7,0,2,0,3,0,52,0,5,0,0,0,1
1098,0,152,1,1079,1,0,0,3714,0,139,0,1487,0,44,1,0,0,2,2,0,0,0,0,0,0,0,0,0,0,0,0,1437,0,0,0,15,2,0,0,7,0,1,0,8,0,0,0,0,0,1,0,0,0,2,0,1,0,1,0,145,0,11,0,21,0,11,0,0,0,17,0,47,2,58,0,61,0,2,0,0,0,10,0,17,0,64,0,3,0,2,0,1,0,0,0,0,0,1,0,0,0,0,0,0,0,0,0,0,0,0,1,0,0,0,0,0,0,0,0,0,0,0,0,3,0,0,0,0,0,0,0,0,0,3,0,0,0,0,0,0,0,0,0,1,0,0,0,0,0,0,0,0,0,17,9,0,0,1,0,0,0,0,0,0,0,0,0,0,0
0,1246,1,82,0,930,0,0,0,1582,0,37,0,2015,0,152,0,0,0,14,0,0,0,0,0,0,0,0,0,0,0,0,0,1148,0,0,0,151,0,1,0,14,0,3,0,1,0,0,0,0,0,2,0,1,0,1,0,0,0,4,0,91,0,5,0,1,0,17,0,2,0,35,0,19,0,115,0,144,0,12,0,0,0,1,0,4,0,9,0,5,0,0,0,0,0,0,0,0,0,1,0,0,0,0,0,0,0,1,1,0,1,3,0,0,0,0,0,0,0,0,0,0,0,0,0,2,0,0,0,0,0,0,0,0,0,8,0,1,0,1,0,1,0,0,0,3,0,0,0,1,0,0,0,0,0,2,0,1,0,2,0,4,0,17,0,5,0,0,0,1
370,0,566,0,3551,0,3714,0,0,0,1895,0,280,0,35,0,2,0,20,0,21,0,1,0,23,0,9,0,57,0,21,0,1808,0,0,0,21,2,0,0,3,0,0,0,10,0,0,0,0,0,1,0,0,0,0,0,0,0,1,0,29,0,1,0,3,0,1,0,0,0,8,0,10,0,101,0,145,0,0,0,0,0,1,0,1,0,185,0,0,0,1,0,2,0,0,0,0,0,0,1,0,0,0,0,0,0,0,0,0,0,0,0,0,0,0,0,0,0,0,0,0,0,0,0,1,0,0,0,0,0,0,0,0,0,1,0,0,0,0,0,0,0,0,0,0,0,0,0,0,0,0,0,3,2,27,8,0,0,0,0,0,0,0,0,1,0,0,0,0,0
1,275,2,373,0,3082,0,1582,0,0,0,1108,0,351,1,156,1,0,1,136,0,6,1,0,0,2,0,10,0,30,0,1,1,2334,0,0,0,302,0,0,1,19,0,1,0,5,0,0,0,1,0,1,0,1,0,0,0,0,0,3,0,55,0,2,0,5,0,8,0,5,1,25,0,12,14,216,0,368,0,32,0,0,0,1,0,2,0,30,0,6,0,1,0,1,0,0,0,0,0,1,0,0,0,0,0,0,0,1,0,0,0,0,0,0,0,0,0,0,0,0,0,0,0,0,0,8,0,0,0,0,0,0,0,0,0,7,0,1,0,3,0,1,0,1,0,3,0,0,0,0,10,0,5,15,1,36,0,3,0,0,0,1,0,23,0,1,0,2,0,0
2,0,302,0,894,1,139,0,1895,0,0,0,2,0,2,0,5,0,37,0,14,0,2,0,16,0,172,0,1331,0,520,0,609,0,0,0,1,0,0,0,2,0,0,0,0,0,0,0,0,0,0,0,0,0,0,0,1,0,0,0,1,0,1,0,0,0,0,0,0,0,0,0,0,0,25,0,65,0,0,0,0,0,0,0,0,0,94,0,0,0,0,0,1,0,0,0,0,0,0,0,0,0,0,0,0,0,0,0,0,0,0,0,0,0,0,0,0,0,0,0,0,0,0,0,0,0,0,0,0,0,0,0,0,0,0,0,0,0,0,0,0,0,0,0,0,0,0,0,0,0,0,0,1,1,1,2,0,0,0,0,0,0,0,0,0,0,0,0,0,0
0,0,0,310,0,1105,0,37,0,1108,0,0,0,0,0,0,0,2,0,138,0,43,0,9,0,22,0,270,0,1071,0,346,0,1198,0,0,0,3,0,0,0,1,0,0,0,0,0,0,0,0,0,0,0,0,0,0,0,0,0,0,0,0,0,0,0,1,0,0,0,0,0,2,0,0,0,17,0,47,0,0,0,0,0,0,0,0,0,14,0,0,0,0,0,0,0,0,0,0,0,0,0,0,0,0,0,0,0,0,0,0,0,0,0,0,0,0,0,0,0,0,0,0,0,0,0,0,0,0,0,0,0,0,0,0,0,0,0,0,0,0,0,0,0,0,0,0,0,0,0,0,0,5,0,11,0,4,0,3,0,0,0,0,0,0,0,0,0,0,0,0
709,0,9,0,37,0,1487,0,280,0,2,0,0,0,4,0,0,0,0,0,0,0,0,0,0,0,0,0,0,0,0,0,1752,0,0,0,22,1,9,0,37,0,6,0,9,0,20,0,5,0,9,0,12,0,39,0,8,0,0,0,1315,0,35,0,229,0,305,0,35,0,19,0,2,0,12,0,122,0,5,0,0,0,282,0,997,0,191,0,23,0,1,0,2,1,0,0,0,0,0,0,1,0,0,0,1,0,2,2,4,2,9,7,2,3,0,0,0,0,0,0,0,0,0,0,3,0,1,0,0,0,0,0,10,0,9,1,2,0,0,0,0,0,0,0,12,1,0,0,0,0,0,0,0,0,1,1,0,0,2,2,1,0,15,0,1,0,0,3,3,1
0,2127,0,40,0,175,0,2015,0,351,0,0,0,0,0,37,0,0,0,1,0,0,0,0,0,0,0,0,0,0,0,0,0,691,0,0,0,52,0,0,0,7,0,0,0,4,4,8,1,3,0,13,0,2,0,6,0,0,0,6,0,2343,0,2,0,14,0,1214,0,8,2,11,0,3,0,20,0,26,0,5,0,0,0,49,0,224,0,0,0,5,0,0,0,0,0,2,0,0,0,0,0,0,0,0,0,0,0,0,0,0,0,1,0,1,0,0,0,0,0,0,0,0,0,0,0,2,0,0,0,0,0,0,0,0,0,1,0,0,0,0,0,0,0,0,0,0,0,0,0,1,0,0,0,0,0,0,0,0,0,0,0,0,0,0,0,1,0,0,0,0
321,0,2473,1,259,1,44,0,35,1,2,0,4,0,0,0,0,0,870,0,0,0,0,0,0,0,0,0,0,0,1,0,40,0,0,0,2211,23,22,0,0,0,0,0,3,0,0,0,4,0,0,0,1,0,2,0,0,0,0,0,45,0,53,0,10,0,3,0,0,0,143,0,914,14,134,0,19,0,2,0,0,0,0,0,1,0,1,0,1,0,0,0,0,0,0,0,0,0,0,0,0,0,0,0,0,0,0,0,1,0,0,0,0,0,0,0,0,0,0,0,0,0,0,0,0,0,1,0,0,0,0,0,0,0,1,0,0,0,0,0,0,0,0,0,3,0,0,0,1,0,0,0,1,1,283,43,2,0,2,0,0,0,4,0,0,0,0,0,0,0
1,1759,1,5239,1,1089,1,152,0,156,0,0,0,37,0,0,0,0,2,765,0,0,0,0,0,0,0,0,0,0,0,0,0,186,0,0,0,1788,0,1,0,40,0,2,0,3,3,1,1,1,0,0,2,0,0,0,0,0,0,2,0,78,0,5,0,5,0,34,0,4,2,153,0,459,30,491,0,171,0,11,0,0,0,4,0,9,0,1,0,2,0,0,0,0,0,0,0,0,0,0,0,0,0,0,0,0,1,2,1,0,1,1,1,0,0,0,0,0,0,0,0,0,0,0,0,3,0,0,0,3,0,0,0,1,0,9,0,1,0,4,0,1,0,0,0,5,0,0,0,2,0,0,2,0,1,19,1,1,0,1,0,1,0,20,0,1,0,0,1,0
0,0,25,14,2,5,0,0,2,1,5,0,0,0,0,0,0,109,9,13,53,2,555,4,66,1,3,0,98,0,2,0,146,6,0,0,0,3,0,0,4,6,102,0,289,11,0,0,0,0,0,0,0,0,0,0,0,0,0,1,0,0,0,0,0,0,0,0,0,0,0,1,0,0,43,165,428,30,113,0,0,0,0,0,0,0,38,1,0,1,0,0,0,0,0,0,0,0,0,0,1,0,0,0,0,0,0,0,0,0,0,0,0,0,0,0,0,0,0,0,0,1,0,0,4,0,0,0,0,0,0,0,0,0,5,1,0,0,0,0,0,0,0,0,0,0,0,0,0,0,276,4,68,23,20,19,670,142,0,0,0,0,0,1,0,0,0,0,0,0
0,0,0,61,0,10,0,0,0,0,0,2,0,0,0,0,109,0,1,125,11,511,18,659,1,63,0,8,0,42,0,2,1,164,0,0,0,0,0,0,0,15,4,4,0,144,0,0,0,0,0,0,0,0,0,0,0,0,0,3,0,0,0,0,0,0,0,0,0,0,0,1,0,0,15,523,0,695,0,1,0,0,0,0,0,0,0,99,0,1,0,1,0,2,0,0,0,0,0,0,0,0,0,0,0,0,0,0,0,0,0,0,0,0,0,0,0,0,0,0,0,0,0,0,0,0,0,0,0,0,0,0,0,0,0,0,0,0,0,0,0,0,0,0,0,0,0,0,0,0,43,303,6,43,0,46,2,910,0,0,0,0,0,1,0,0,0,0,0,0
3,0,4215,26,137,12,2,0,20,1,37,0,0,0,870,2,9,1,0,16,381,2,34,0,139,0,102,1,168,2,6,0,94,1,0,0,893,29,1,0,0,0,0,0,3,0,0,0,0,0,0,0,0,0,0,0,0,0,0,0,2,0,0,0,1,0,0,0,0,0,3,0,1,0,248,15,46,1,0,0,0,0,0,0,0,0,5,0,0,0,0,0,0,0,0,0,0,0,0,0,0,0,0,0,0,0,0,0,0,0,0,0,0,0,0,0,0,0,0,0,0,0,0,0,0,0,0,0,0,0,0,0,1,0,0,0,0,0,0,0,0,0,0,0,0,0,0,0,0,0,36,0,679,49,894,133,13,0,0,0,0,0,1,0,0,0,0,0,0,0
0,3,26,4782,6,595,2,14,0,136,0,138,0,1,0,765,13,125,16,0,2,478,10,175,3,157,0,102,0,281,0,8,1,265,0,0,2,332,0,0,0,0,0,1,0,5,0,0,0,0,0,0,0,0,0,0,0,0,0,0,0,1,0,0,0,0,0,0,0,0,0,1,1,0,25,229,0,92,0,4,0,0,0,0,0,1,0,28,0,1,0,1,0,0,0,0,0,0,0,0,0,0,0,0,0,0,0,0,0,0,0,0,0,0,0,0,0,0,0,0,0,0,0,0,0,2,0,0,0,0,0,0,0,0,0,1,0,0,0,1,0,0,0,0,0,0,0,0,0,1,52,101,49,345,14,245,4,34,0,0,0,1,0,1,0,0,0,0,0,0
0,0,446,6,78,1,0,0,21,0,14,0,0,0,0,0,53,11,381,2,0,47,909,22,705,4,120,3,174,1,1,0,55,1,0,0,2,1,0,0,0,0,0,0,0,0,0,0,0,0,0,0,0,0,0,0,0,0,0,0,0,0,0,0,0,0,0,0,0,0,0,0,0,0,45,25,11,0,0,0,0,0,0,0,0,0,1,0,0,0,0,0,0,0,0,0,0,0,0,0,0,0,0,0,0,0,0,0,0,0,0,0,0,0,0,0,0,0,0,0,0,0,0,0,0,0,0,0,0,0,0,0,0,0,0,0,0,0,0,0,0,0,0,0,0,0,0,0,0,0,77,1,125,4,3,2,138,2,0,0,0,0,0,0,0,0,0,0,0,0
0,0,4,319,0,29,0,0,0,6,0,43,0,0,0,0,2,511,2,478,47,0,46,1419,0,364,0,247,0,153,0,3,1,35,0,0,0,0,0,0,0,0,0,0,0,3,0,0,0,0,0,0,0,0,0,0,0,0,0,0,0,0,0,0,0,0,0,0,0,0,0,0,0,0,1,20,0,30,0,0,0,0,0,0,0,0,0,10,0,0,0,0,0,0,0,0,0,0,0,0,0,0,0,0,0,0,0,0,0,0,0,0,0,0,0,0,0,0,0,0,0,0,0,0,0,0,0,0,0,0,0,0,0,0,0,0,0,0,0,0,0,0,0,0,0,0,0,0,0,0,11,122,7,68,2,21,1,108,0,0,0,0,0,0,0,0,0,0,0,0
0,0,79,7,21,2,0,0,1,1,2,0,0,0,0,0,555,18,34,10,909,46,0,77,447,0,51,0,92,0,0,0,61,4,0,0,0,3,0,0,0,9,107,0,3,0,0,0,0,0,0,0,0,0,0,0,0,0,0,0,0,0,0,0,0,0,0,0,0,0,0,0,0,0,61,39,76,3,0,0,0,0,0,0,0,0,3,0,0,0,0,0,0,0,0,0,0,0,0,0,0,0,0,0,0,0,0,0,0,0,0,0,0,0,0,0,0,0,0,0,0,0,0,0,0,0,0,0,0,0,0,0,0,0,0,0,0,0,0,0,0,0,0,0,0,0,0,0,0,0,117,1,122,10,4,10,412,3,0,0,0,0,0,0,0,0,0,0,1,0
0,0,1,65,0,9,0,0,0,0,0,9,0,0,0,0,4,659,0,175,22,1419,77,0,0,688,0,44,0,75,0,0,0,28,0,0,0,0,0,0,0,0,0,0,0,6,0,0,0,0,0,0,0,0,0,0,0,0,0,0,0,0,0,0,0,0,0,0,0,0,0,0,0,0,1,25,0,32,0,0,0,0,0,0,0,0,0,7,0,0,0,0,0,0,0,0,0,0,0,0,0,0,0,0,0,0,0,0,0,0,0,0,0,0,0,0,0,0,0,0,0,0,0,0,0,0,0,0,0,0,0,0,0,0,0,0,0,0,0,0,0,0,0,0,0,0,0,0,0,0,5,194,2,107,2,29,0,149,0,0,0,0,0,0,0,0,0,0,0,0
0,0,140,1,51,0,0,0,23,0,16,0,0,0,0,0,66,1,139,3,705,0,447,0,0,0,75,0,394,1,2,0,60,0,0,0,0,0,0,0,0,2,2,0,0,0,0,0,0,0,0,0,0,0,0,0,0,0,0,0,0,0,0,0,0,0,0,0,0,0,0,0,0,0,59,9,58,1,0,0,0,0,0,0,0,0,0,0,0,0,0,0,0,0,0,0,0,0,0,0,0,0,0,0,0,0,0,0,0,0,0,0,0,0,0,0,0,0,0,0,0,0,0,0,0,0,0,0,0,0,0,0,0,0,0,0,0,0,0,0,0,0,0,0,0,0,0,0,0,0,9,0,91,4,3,2,41,0,1,0,0,0,0,0,0,0,0,0,0,0
0,0,1,149,1,29,0,0,0,2,0,22,0,0,0,0,1,63,0,157,4,364,0,688,0,0,0,150,0,230,0,0,0,60,0,0,0,0,0,0,0,0,0,0,0,1,0,0,0,0,0,0,0,0,0,0,0,0,0,0,0,0,0,0,0,0,0,0,0,0,0,0,0,0,0,24,0,24,0,0,0,0,0,0,0,0,0,8,0,0,0,0,0,0,0,0,0,0,0,0,0,0,0,0,0,0,0,0,0,0,0,0,0,0,0,0,0,0,0,0,0,0,0,0,0,0,0,0,0,0,0,0,0,0,0,0,0,0,0,0,0,0,0,0,0,0,0,0,0,0,0,20,1,7,0,4,0,45,0,0,0,0,0,0,0,0,0,0,0,0
0,0,219,0,147,0,0,0,9,0,172,0,0,0,0,0,3,0,102,0,120,0,51,0,75,0,0,0,232,0,38,0,34,0,0,0,1,0,0,0,0,0,0,0,0,0,0,0,0,0,0,0,0,0,0,0,0,0,0,0,0,0,0,0,0,0,0,0,0,0,0,0,0,0,3,0,5,0,0,0,0,0,0,0,0,0,4,0,0,0,0,0,0,0,0,0,0,0,0,0,0,0,0,0,0,0,0,0,0,0,0,0,0,0,0,0,0,0,0,0,0,0,0,0,0,0,0,0,0,0,0,0,0,0,0,0,0,0,0,0,0,0,0,0,0,0,0,0,0,0,1,0,2,2,0,0,1,0,0,0,0,0,0,0,0,0,0,0,0,0
0,0,1,526,0,211,0,0,0,10,0,270,0,0,0,0,0,8,1,102,3,247,0,44,0,150,0,0,0,292,0,208,0,34,0,0,0,0,0,0,0,1,0,0,0,1,0,0,0,0,0,0,0,0,0,0,0,0,0,0,0,0,0,0,0,0,0,0,0,0,0,0,0,0,0,5,0,26,0,1,0,0,0,0,0,0,0,4,0,0,0,0,0,0,0,0,0,0,0,0,0,0,0,0,0,0,0,0,0,0,0,0,0,0,0,0,0,0,0,0,0,0,0,0,0,0,0,0,0,0,0,0,0,0,0,0,0,0,0,0,0,0,0,0,0,0,0,0,0,0,2,4,2,12,0,1,0,8,0,0,0,0,0,0,0,0,0,0,0,0
0,0,286,1,277,2,0,0,57,0,1331,0,0,0,0,0,98,0,168,0,174,0,92,0,394,0,232,0,0,0,333,0,841,0,0,0,2,0,1,0,2,0,0,0,5,0,0,0,0,0,0,0,0,0,0,0,0,0,0,0,0,0,0,0,0,0,0,0,0,0,0,0,0,0,105,5,385,0,0,0,0,0,0,0,0,0,485,0,0,0,0,0,0,0,0,0,0,0,0,0,0,0,0,0,0,0,0,0,0,0,0,0,0,0,0,0,0,0,0,0,0,0,0,0,0,0,0,0,0,0,0,0,0,0,0,0,0,0,0,0,0,0,0,0,0,0,0,0,0,0,0,0,102,7,2,3,46,0,0,0,0,0,0,0,0,0,0,0,0,0
0,0,4,258,0,195,0,0,0,30,0,1071,0,0,0,0,0,42,2,281,1,153,0,75,1,230,0,292,0,0,0,257,0,599,0,0,0,0,0,0,0,0,0,0,0,2,0,0,0,0,0,0,0,0,0,0,0,0,0,0,0,0,0,0,0,0,0,0,0,0,0,0,0,0,0,53,0,46,0,0,0,0,0,0,0,0,0,15,0,0,0,0,0,0,0,0,0,0,0,0,0,0,0,0,0,0,0,0,0,0,0,0,0,0,0,0,0,0,0,0,0,0,0,0,0,0,0,0,0,0,0,0,0,0,0,0,0,0,0,0,0,0,0,0,0,0,0,0,0,0,0,20,0,20,0,8,0,26,0,0,0,0,0,0,0,0,0,0,0,0
0,0,20,0,98,0,0,0,21,0,520,0,0,0,1,0,2,0,6,0,1,0,0,0,2,0,38,0,333,0,0,0,55,0,0,0,0,0,0,0,0,0,0,0,0,0,0,0,0,0,0,0,0,0,0,0,0,0,0,0,0,0,0,0,0,0,0,0,0,0,0,0,0,0,5,0,10,0,0,0,0,0,0,0,0,0,1,0,0,0,0,0,0,0,0,0,0,0,0,0,0,0,0,0,0,0,0,0,0,0,0,0,0,0,0,0,0,0,0,0,0,0,0,0,0,0,0,0,0,0,0,0,0,0,0,0,0,0,0,0,0,0,0,0,0,0,0,0,0,0,0,0,0,0,0,0,0,0,0,0,0,0,0,0,0,0,0,0,0,0
0,0,0,18,0,57,0,0,0,1,0,346,0,0,0,0,0,2,0,8,0,3,0,0,0,0,0,208,0,257,0,0,0,4,0,0,0,0,0,0,0,0,0,0,0,0,0,0,0,0,0,0,0,0,0,0,0,0,0,0,0,0,0,0,0,0,0,0,0,0,0,0,0,0,0,0,0,2,0,0,0,0,0,0,0,0,0,0,0,0,0,0,0,0,0,0,0,0,0,0,0,0,0,0,0,0,0,0,0,0,0,0,0,0,0,0,0,0,0,0,0,0,0,0,0,0,0,0,0,0,0,0,0,0,0,0,0,0,0,0,0,0,0,0,0,0,0,0,0,0,0,0,0,0,0,0,0,0,0,0,0,0,0,0,0,0,0,0,0,0
516,0,745,3,1305,1,1437,0,1808,1,609,0,1752,0,40,0,146,1,94,1,55,1,61,0,60,0,34,0,841,0,55,0,0,0,0,0,67,4,26,0,636,2,70,1,424,0,28,0,12,0,44,0,20,0,66,0,27,0,193,0,372,0,71,0,204,0,246,0,4,0,46,1,10,3,298,8,4880,0,84,1,0,0,130,0,397,0,1090,0,150,0,74,0,254,0,0,4,0,2,25,7,11,0,2,0,6,1,19,23,25,6,29,24,11,18,0,0,0,0,0,1,6,0,3,0,86,0,17,0,2,1,5,0,53,0,166,6,8,1,0,0,0,0,0,1,104,3,1,0,2,1,3,0,22,4,15,9,26,0,11,2,3,0,85,2,39,7,3,8,12,17
0,1226,7,661,3,2022,0,1148,0,2334,0,1198,0,691,0,186,6,164,1,265,1,35,4,28,0,60,0,34,0,599,0,4,0,0,0,0,0,361,18,3,17,1710,1,73,0,117,39,130,3,85,2,210,7,39,0,26,0,42,0,816,0,715,0,45,0,43,0,335,1,30,34,328,0,36,7,498,0,2223,0,43,0,0,0,85,0,246,0,270,0,184,0,12,0,344,0,2,0,0,0,7,1,0,0,0,0,0,1,8,5,2,2,3,0,4,0,0,0,0,0,0,0,0,0,4,0,4,0,3,0,1,0,0,0,1,1,8,0,2,0,44,0,3,0,9,0,80,0,1,0,4,15,17,5,55,4,68,1,20,0,3,0,4,0,21,0,5,0,1,5,1
0,0,0,0,0,0,0,0,0,0,0,0,0,0,0,0,0,0,0,0,0,0,0,0,0,0,0,0,0,0,0,0,0,0,0,0,0,0,0,0,0,0,0,0,0,0,0,0,0,0,0,0,0,0,0,0,0,0,0,0,0,0,0,0,0,0,0,0,0,0,0,0,0,0,0,0,0,0,0,0,0,0,0,0,0,0,0,0,0,0,0,0,0,0,0,0,0,0,0,0,0,0,0,0,0,0,0,0,0,0,0,0,0,0,0,0,0,0,0,0,0,0,0,0,0,0,0,0,0,0,0,0,0,0,0,0,0,0,0,0,0,0,0,0,0,0,0,0,0,0,0,0,0,0,0,0,0,0,0,0,0,0,0,0,0,0,0,0,0,0
0,0,0,0,0,0,0,0,0,0,0,0,0,0,0,0,0,0,0,0,0,0,0,0,0,0,0,0,0,0,0,0,0,0,0,0,0,0,0,0,0,0,0,0,0,0,0,0,0,0,0,0,0,0,0,0,0,0,0,0,0,0,0,0,0,0,0,0,0,0,0,0,0,0,0,0,0,0,0,0,0,0,0,0,0,0,0,0,0,0,0,0,0,0,0,0,0,0,0,0,0,0,0,0,0,0,0,0,0,0,0,0,0,0,0,0,0,0,0,0,0,0,0,0,0,0,0,0,0,0,0,0,0,0,0,0,0,0,0,0,0,0,0,0,0,0,0,0,0,0,0,0,0,0,0,0,0,0,0,0,0,0,0,0,0,0,0,0,0,0
167,0,473,4,86,0,15,0,21,0,1,0,22,0,2211,0,0,0,893,2,2,0,0,0,0,0,1,0,2,0,0,0,67,0,0,0,0,347,1680,12,14,0,0,0,2,0,15,0,164,1,2,0,47,0,9,1,1,0,2,0,153,0,329,0,144,0,30,0,5,0,2573,2,779,8,126,0,35,0,3,0,0,0,13,0,16,0,2,0,4,0,0,0,0,0,0,0,0,0,8,1,2,0,0,0,0,0,1,1,2,0,0,0,0,0,0,0,0,1,0,0,0,0,1,0,12,0,8,0,2,0,0,0,4,0,12,0,2,1,0,0,0,0,0,0,13,0,0,0,6,0,0,0,4,0,561,15,1,0,1,0,0,0,5,0,2,0,1,2,2,4
40,411,29,933,28,842,2,151,2,302,0,3,1,52,23,1788,3,0,29,332,1,0,3,0,0,0,0,0,0,0,0,0,4,361,0,0,347,0,92,913,29,64,6,2,0,14,65,11,9,8,21,2,13,1,2,3,0,0,0,5,53,61,37,4,23,9,3,50,0,5,139,1172,22,217,268,901,3,410,1,34,0,0,1,6,1,12,0,2,0,3,0,0,0,1,0,0,0,0,0,1,0,0,0,0,0,0,2,2,0,2,1,3,0,1,0,0,0,0,0,0,0,0,0,0,0,7,1,2,0,1,0,0,1,8,0,17,0,5,0,7,0,0,0,2,6,5,0,1,1,5,8,0,33,110,17,1011,2,5,0,2,0,0,2,32,0,7,0,0,4,0
5,1,7,0,2,1,0,0,0,0,0,0,9,0,22,0,0,0,1,0,0,0,0,0,0,0,0,0,1,0,0,0,26,18,0,0,1680,92,0,143,40,3,4,0,2,0,617,27,408,20,19,7,221,4,17,2,0,2,5,1,6,0,24,0,9,4,1,3,9,1,1761,467,11,1,20,0,17,2,4,0,0,0,17,10,16,26,0,0,10,17,0,0,1,0,0,0,0,0,3,0,1,0,2,0,0,0,0,3,0,2,0,1,1,2,0,0,0,0,0,1,0,0,1,0,7,0,2,0,4,0,1,0,4,0,4,2,1,0,0,0,0,0,0,0,12,1,0,1,1,0,0,0,0,0,1,0,0,0,0,1,0,0,7,0,3,0,0,2,1,3
0,2,0,1,0,0,0,1,0,0,0,0,0,0,0,1,0,0,0,0,0,0,0,0,0,0,0,0,0,0,0,0,0,3,0,0,12,913,143,0,19,45,9,1,0,0,122,76,52,30,47,34,57,0,1,0,0,0,4,1,0,2,4,0,0,0,1,1,2,0,188,2031,1,2,0,1,1,3,0,0,0,0,0,0,2,2,0,0,0,0,0,0,0,0,0,0,0,0,0,0,0,0,0,0,0,0,0,0,0,0,0,0,0,0,0,0,0,0,0,0,0,0,0,0,0,0,0,0,0,0,0,0,0,0,0,0,0,0,0,0,0,0,0,0,0,2,0,0,0,0,0,0,0,0,0,0,0,0,0,0,0,0,0,0,0,0,0,0,0,0
13,2,6,0,6,1,7,0,3,1,2,0,37,0,0,0,4,0,0,0,0,0,0,0,0,0,0,0,2,0,0,0,636,17,0,0,14,29,40,19,0,4,496,1,809,0,39,61,7,28,115,12,11,7,25,0,15,2,178,5,19,1,10,0,14,1,25,2,2,3,86,264,0,0,19,8,908,2,51,1,0,0,9,19,131,25,200,0,156,41,67,0,413,0,0,0,0,0,62,11,28,1,4,0,4,1,34,29,32,14,43,95,25,30,1,0,0,0,0,4,0,0,6,0,14,3,3,1,2,0,2,0,15,0,44,7,2,0,0,1,0,0,10,1,508,8,0,1,4,0,0,0,0,0,2,0,27,0,24,0,4,1,108,15,59,8,3,42,14,11
0,60,0,24,1,40,0,14,0,19,0,1,0,7,0,40,6,15,0,0,0,0,9,0,2,0,0,1,0,0,0,0,2,1710,0,0,0,64,3,45,4,0,4,2019,0,392,7,52,1,4,1,576,3,1,0,3,0,3,1,933,0,33,0,5,0,4,0,8,0,1,6,400,0,12,1,572,1,1509,1,65,0,0,0,98,0,442,0,406,0,251,0,337,0,453,0,2,0,1,6,23,1,29,1,0,0,2,0,17,4,4,8,19,2,11,0,0,0,0,0,1,0,2,0,19,0,26,0,18,0,21,0,0,0,3,0,24,0,5,0,266,0,9,0,39,0,639,0,5,0,33,0,0,0,1,0,1,0,74,2,8,1,8,0,75,5,13,0,4,10,4
1,0,0,0,0,0,1,0,0,0,0,0,6,0,0,0,102,4,0,0,0,0,107,0,2,0,0,0,0,0,0,0,70,1,0,0,0,6,4,9,496,4,0,0,276,0,66,3,2,1,1335,1,0,2,3,0,3,0,2559,0,2,0,0,0,2,0,1,0,0,0,169,15,0,0,0,3,55,2,14,0,0,0,2,0,8,0,143,0,4,2,23,0,190,1,1,2,1,0,38,3,61,0,4,0,6,0,38,6,52,7,100,6,7,13,0,0,0,0,0,1,0,0,0,0,2,1,0,0,0,1,0,0,1,0,2,5,0,0,0,0,0,0,0,0,8,4,0,0,0,0,0,0,0,0,0,0,5,0,0,2,1,2,6,21,8,1,3,13,3,1
0,4,0,1,0,0,0,3,0,1,0,0,0,0,0,2,0,4,0,1,0,0,0,0,0,0,0,0,0,0,0,0,1,73,0,0,0,2,0,1,1,2019,0,0,0,845,1,4,0,0,0,536,0,0,0,0,0,0,0,1589,0,0,0,0,0,0,0,0,0,0,0,24,0,0,0,23,0,109,0,0,0,0,0,1,0,37,0,178,0,16,0,390,0,49,0,0,0,0,0,34,1,10,0,1,0,0,3,6,0,2,4,10,0,4,0,0,0,0,0,0,0,0,0,1,0,0,0,4,0,3,0,0,0,0,1,5,0,1,0,34,0,3,0,15,0,50,0,3,0,4,0,0,0,0,0,0,0,0,0,2,0,2,0,3,0,1,0,2,0,0
2,0,9,0,6,0,8,0,10,0,0,0,9,0,3,0,289,0,3,0,0,0,3,0,0,0,0,0,5,0,0,0,424,0,0,0,2,0,2,0,809,0,276,0,0,0,4,0,1,0,3,0,1,0,4,0,1,0,56,0,2,0,0,0,3,0,2,0,0,0,1,0,1,0,20,1,799,0,175,0,0,0,0,0,15,0,343,0,17,0,31,0,27,0,1,1,0,0,2,0,0,0,0,0,0,2,2,0,1,2,2,1,1,1,0,0,0,0,0,0,0,0,0,0,16,0,1,0,0,0,1,0,13,0,10,2,3,0,0,0,0,0,0,0,4,1,0,0,0,0,0,0,0,0,1,0,65,7,2,2,2,0,10,0,1,0,0,1,0,2
0,3,0,15,0,15,0,1,0,5,0,0,0,4,0,3,11,144,0,5,0,3,0,6,0,1,0,1,0,2,0,0,0,117,0,0,0,14,0,0,0,392,0,845,0,0,0,0,0,0,0,0,0,0,0,0,0,0,0,89,0,3,0,0,0,1,0,1,0,0,0,3,0,1,0,75,0,639,0,14,0,0,0,0,0,1,0,958,0,23,0,250,0,73,0,0,0,0,2,0,0,0,0,0,0,0,1,0,0,1,0,1,0,0,0,0,0,0,0,0,0,1,0,1,0,5,0,0,0,0,0,1,0,1,0,4,0,1,0,0,0,0,0,0,0,1,0,0,0,0,0,0,0,0,0,1,1,164,0,0,0,0,0,7,0,1,0,0,0,0
4,7,3,2,0,1,0,0,0,0,0,0,20,4,0,3,0,0,0,0,0,0,0,0,0,0,0,0,0,0,0,0,28,39,0,0,15,65,617,122,39,7,66,1,4,0,0,2054,3292,833,3438,1222,1721,236,2154,60,319,47,101,78,2,8,50,2,39,6,7,17,57,25,1079,138,1,1,11,1,24,7,3,0,0,0,56,24,101,53,0,0,84,48,0,0,3,2,1,25,0,0,1,0,0,0,0,28,0,0,2,1,1,1,1,4,1,1,0,1,0,0,0,1,1,0,4,0,3,1,1,0,1,0,2,0,2,0,5,0,1,0,0,0,0,0,0,0,8,1,0,0,0,0,0,0,0,0,0,0,0,0,0,0,0,0,6,0,1,0,0,0,0,1
1,10,0,2,0,2,0,0,0,0,0,0,0,8,0,1,0,0,0,0,0,0,0,0,0,0,0,0,0,0,0,0,0,130,0,0,0,11,27,76,61,52,3,4,0,0,2054,0,525,2791,164,4513,0,798,0,623,0,433,0,337,0,17,0,20,0,13,0,20,0,48,19,1427,0,4,0,1,0,5,0,0,0,0,0,76,0,197,0,0,0,399,0,0,0,77,0,58,0,0,1,1,0,4,0,26,0,0,0,0,0,0,0,0,0,0,0,1,0,0,0,0,0,0,0,0,0,0,0,0,0,0,0,0,0,0,0,0,0,0,0,0,0,0,0,0,0,0,0,0,0,0,0,0,0,0,0,0,0,0,0,0,0,0,0,0,0,0,0,0,0,0
21,1,4,0,2,2,0,0,0,0,0,0,5,1,4,1,0,0,0,0,0,0,0,0,0,0,0,0,0,0,0,0,12,3,0,0,164,9,408,52,7,1,2,0,1,0,3292,525,0,1234,13,12,4046,75,590,16,4,8,0,13,8,4,291,0,73,4,8,1,78,9,1760,136,9,0,2,0,8,1,1,0,0,0,7,10,15,27,0,0,38,29,0,0,3,1,0,1,0,0,1,1,0,0,0,1,0,0,0,1,1,0,0,0,0,0,0,1,0,0,0,0,0,0,1,0,2,0,1,0,0,0,0,0,0,0,3,0,0,0,0,0,0,0,0,0,3,0,0,0,0,0,0,0,0,0,0,0,0,0,0,0,0,0,4,0,1,0,0,0,0,1
0,14,0,4,0,7,0,0,0,1,0,0,0,3,0,1,0,0,0,0,0,0,0,0,0,0,0,0,0,0,0,0,0,85,0,0,1,8,20,30,28,4,1,0,0,0,833,2791,1234,0,4,224,5,2930,1,514,0,133,0,109,0,31,0,278,0,51,0,38,0,253,20,2077,0,2,0,4,0,13,0,0,0,0,0,35,0,94,0,0,0,202,0,0,0,9,0,14,0,0,0,0,0,0,0,7,0,0,0,0,0,0,0,0,0,0,0,0,0,0,0,0,0,0,0,0,0,0,0,0,0,0,0,0,0,0,0,1,0,0,0,0,0,0,0,0,0,0,0,0,0,0,0,0,0,0,0,0,0,0,0,0,0,1,0,0,0,0,0,0,0,0
0,0,0,0,0,0,1,0,1,0,0,0,9,0,0,0,0,0,0,0,0,0,0,0,0,0,0,0,0,0,0,0,44,2,0,0,2,21,19,47,115,1,1335,0,3,0,3438,164,13,4,0,208,37,1,1384,0,1896,0,2669,1,0,0,1,0,2,0,4,0,8,1,783,79,0,0,7,2,41,0,2,0,0,0,34,2,60,5,1,0,72,3,0,0,43,0,16,4,0,1,46,4,11,0,65,2,0,0,8,3,9,1,7,4,46,38,0,0,0,0,0,1,0,0,4,0,1,0,4,0,0,0,0,0,3,0,11,0,1,0,0,0,0,0,9,1,79,4,0,0,1,0,0,0,0,0,0,0,0,0,1,0,0,0,3,1,9,4,3,7,2,5
0,6,0,1,0,2,0,2,0,1,0,0,0,13,0,0,0,0,0,0,0,0,0,0,0,0,0,0,0,0,0,0,0,210,0,0,0,2,7,34,12,576,1,536,0,0,1222,4513,12,224,208,0,1,249,0,303,0,1176,0,1952,0,17,0,12,0,7,0,16,0,34,7,897,0,2,0,18,1,21,0,1,0,0,0,129,0,299,0,0,0,202,0,0,0,63,0,368,0,1,1,81,0,68,0,206,0,2,0,11,0,0,2,2,3,99,1,23,0,0,0,0,0,0,0,5,0,5,0,7,0,1,0,0,0,0,0,1,0,2,0,3,0,0,0,1,0,23,0,1,0,0,0,0,0,0,0,0,0,0,0,2,0,0,0,1,0,1,1,0,3,0
19,0,9,1,4,0,0,0,0,0,0,0,12,0,1,2,0,0,0,0,0,0,0,0,0,0,0,0,0,0,0,0,20,7,0,0,47,13,221,57,11,3,0,0,1,0,1721,0,4046,5,37,1,0,1,2898,0,20,0,6,0,18,2,653,0,103,1,8,4,149,1,779,31,4,0,9,1,16,3,2,0,0,0,17,3,32,12,0,0,82,11,0,0,5,0,0,0,0,0,3,0,2,0,0,0,1,0,0,1,0,0,0,2,0,0,0,1,0,0,0,0,0,0,0,0,2,0,1,0,2,0,0,0,0,0,4,0,0,0,0,0,0,0,0,0,6,0,0,0,1,0,0,0,0,0,0,0,0,0,0,0,0,2,4,1,5,0,0,0,0,1
0,2,0,0,0,1,0,1,0,1,0,0,0,2,0,0,0,0,0,0,0,0,0,0,0,0,0,0,0,0,0,0,0,39,0,0,0,1,4,0,7,1,2,0,0,0,236,798,75,2930,1,249,1,0,0,3133,0,197,0,84,0,21,1,746,0,39,0,19,0,509,9,241,0,1,0,0,0,4,0,0,0,0,0,21,0,54,0,0,0,170,0,0,0,9,0,8,0,0,0,0,0,0,0,1,0,0,0,0,0,0,0,0,0,0,0,0,0,0,0,0,0,0,0,0,0,0,0,0,0,0,0,0,0,0,0,0,0,0,0,0,0,0,0,0,0,0,0,0,0,0,0,0,0,0,0,0,0,0,0,0,0,0,0,0,0,0,0,0,0,0
8,0,0,0,0,0,2,0,0,0,0,0,39,0,2,0,0,0,0,0,0,0,0,0,0,0,0,0,0,0,0,0,66,0,0,0,9,2,17,1,25,0,3,0,4,0,2154,0,590,1,1384,0,2898,0,0,0,2837,0,376,0,5,0,194,0,690,0,26,0,1612,0,53,1,0,0,5,1,62,0,3,0,0,0,216,0,468,0,2,0,2249,0,0,0,214,0,0,0,1,0,1,0,1,0,0,1,0,0,1,3,1,0,5,5,0,3,0,0,0,0,0,0,0,0,1,0,4,0,0,0,2,0,0,0,1,0,6,0,1,0,0,0,0,0,0,0,6,0,1,0,0,0,0,0,0,0,0,0,0,0,0,0,0,0,8,0,10,1,0,2,0,0
0,9,0,2,0,0,0,1,0,0,0,0,0,6,0,0,0,0,0,0,0,0,0,0,0,0,0,0,0,0,0,0,0,26,0,0,1,3,2,0,0,3,0,0,0,0,60,623,16,514,0,303,0,3133,0,0,0,824,0,190,0,30,0,61,0,25,0,18,0,1176,1,98,0,1,0,1,0,1,0,0,0,0,0,51,0,162,0,0,0,1341,0,0,0,120,0,8,0,0,0,0,0,0,0,5,0,0,0,0,0,0,0,0,0,0,0,0,0,0,0,0,0,0,0,0,0,0,0,0,0,0,0,0,0,0,0,0,0,0,0,0,0,0,0,0,0,0,0,0,0,0,0,0,0,0,0,0,0,0,0,0,0,0,0,0,0,0,0,0,0,0
0,0,0,0,0,0,1,0,0,0,1,0,8,0,0,0,0,0,0,0,0,0,0,0,0,0,0,0,0,0,0,0,27,0,0,0,1,0,0,0,15,0,3,0,1,0,319,0,4,0,1896,0,20,0,2837,0,0,0,1642,0,0,0,2,0,2,0,0,0,1,0,3,0,0,0,4,0,24,0,0,0,0,0,54,0,97,0,1,0,327,0,2,0,960,0,0,0,0,0,7,0,2,0,2,0,0,0,1,2,2,0,4,3,1,2,0,0,0,0,0,0,0,0,0,0,2,0,0,0,0,0,1,0,0,0,7,1,1,0,0,0,0,0,0,0,10,0,0,0,1,0,0,0,0,0,0,0,1,0,1,1,0,0,2,0,8,0,0,3,1,0
0,1,0,0,0,0,0,0,0,0,0,0,0,0,0,0,0,0,0,0,0,0,0,0,0,0,0,0,0,0,0,0,0,42,0,0,0,0,2,0,2,3,0,0,0,0,47,433,8,133,0,1176,0,197,0,824,0,0,0,868,0,1,0,0,0,3,0,2,0,1,0,9,0,0,0,0,0,3,0,0,0,0,0,38,0,120,0,0,0,78,0,0,0,737,0,7,0,0,0,0,0,0,0,0,0,0,0,0,0,0,0,0,0,1,0,0,0,0,0,0,0,0,0,0,0,0,0,0,0,0,0,0,0,0,0,1,0,0,0,0,0,1,0,0,0,0,0,0,0,0,0,0,0,0,0,0,0,0,0,0,0,0,0,0,0,0,0,0,0,0
2,0,1,0,0,1,1,0,1,0,0,0,0,0,0,0,0,0,0,0,0,0,0,0,0,0,0,0,0,0,0,0,193,0,0,0,2,0,5,4,178,1,2559,0,56,0,101,0,0,0,2669,0,6,0,376,0,1642,0,0,0,1,0,0,0,1,0,0,0,2,0,63,3,0,0,2,0,164,0,6,0,0,0,63,0,260,0,268,0,248,0,494,0,2415,0,7,0,0,0,10,1,2,0,15,0,0,0,5,2,3,2,3,6,0,1,0,0,0,0,0,0,0,0,0,0,1,0,2,0,0,0,0,0,4,0,5,3,0,0,0,0,0,0,0,0,22,1,0,0,0,0,0,0,0,0,0,0,1,0,1,0,0,0,6,1,6,0,0,1,2,3
0,6,0,2,0,5,0,4,0,3,0,0,0,6,0,2,1,3,0,0,0,0,0,0,0,0,0,0,0,0,0,0,0,816,0,0,0,5,1,1,5,933,0,1589,0,89,78,337,13,109,1,1952,0,84,0,190,0,868,0,0,0,8,0,2,0,4,0,3,0,4,4,147,0,0,0,10,0,223,0,3,0,0,0,159,0,987,0,221,0,971,0,1169,0,3288,0,285,0,1,0,3,0,1,0,321,0,1,0,13,0,2,1,2,1,2,0,1,0,0,0,0,0,0,0,0,0,0,0,1,0,0,0,0,0,0,0,2,0,0,0,4,0,0,0,0,0,21,0,0,0,0,0,0,0,0,0,0,0,2,0,1,0,2,0,0,0,0,0,0,0,1
5106,0,174,0,128,0,145,0,29,0,1,0,1315,0,45,0,0,0,2,0,0,0,0,0,0,0,0,0,0,0,0,0,372,0,0,0,153,53,6,0,19,0,2,0,2,0,2,0,8,0,0,0,18,0,5,0,0,0,1,0,0,0,1678,0,3437,0,2155,0,15,0,708,0,972,18,67,0,37,0,5,0,0,0,111,0,878,0,2,0,18,0,0,0,0,0,0,0,0,0,3,0,1,0,0,0,1,0,1,1,4,0,3,0,0,0,0,0,0,0,0,0,0,0,0,0,4,0,7,0,7,0,1,0,3,0,14,0,1,0,0,0,0,0,0,0,13,1,1,0,1,0,0,0,0,0,52,3,0,0,3,0,1,0,10,0,5,0,0,0,2,0
0,3922,0,116,0,177,0,91,0,55,0,0,0,2343,0,78,0,0,0,1,0,0,0,0,0,0,0,0,0,0,0,0,0,715,0,0,0,61,0,2,1,33,0,0,0,3,8,17,4,31,0,17,2,21,0,30,0,1,0,8,0,0,0,1575,0,1006,0,2351,0,485,1,762,0,689,1,27,0,173,0,8,0,0,0,22,0,374,0,0,0,202,0,0,0,3,0,1,0,0,0,1,0,0,0,1,0,0,0,1,0,0,0,1,0,0,0,0,0,0,0,0,0,0,0,0,0,1,0,1,0,0,0,0,0,0,0,2,0,0,0,4,0,0,0,0,0,1,0,0,0,0,0,0,0,0,0,0,0,1,0,0,0,1,0,7,1,3,0,0,0,1
323,0,80,0,24,0,11,0,1,0,1,0,35,0,53,0,0,0,0,0,0,0,0,0,0,0,0,0,0,0,0,0,71,0,0,0,329,37,24,4,10,0,0,0,0,0,50,0,291,0,1,0,653,1,194,0,2,0,0,0,1678,0,0,0,1499,0,78,0,236,0,2955,1,97,7,38,0,19,1,0,0,0,0,6,0,42,0,0,0,98,0,0,0,2,0,0,1,0,0,3,0,1,0,0,0,0,0,3,1,1,1,3,1,0,2,0,0,0,0,0,0,1,0,3,0,7,0,5,0,4,1,0,0,2,0,9,0,1,0,0,0,0,0,0,0,7,0,0,0,0,0,0,0,0,0,24,1,0,0,1,1,0,0,4,0,6,1,0,0,0,4
0,109,0,4,0,10,0,5,0,2,0,0,0,2,0,5,0,0,0,0,0,0,0,0,0,0,0,0,0,0,0,0,0,45,0,0,0,4,0,0,0,5,0,0,0,0,2,20,0,278,0,12,0,746,0,61,0,0,0,2,0,1575,0,0,0,821,0,91,0,387,0,1986,0,25,0,8,0,43,0,4,0,0,0,0,0,16,0,0,0,28,0,0,0,1,0,0,0,0,1,0,0,0,0,0,0,0,0,0,0,0,0,0,0,0,0,0,0,0,0,0,0,0,0,0,0,0,0,0,0,1,0,0,0,0,0,2,0,0,0,2,0,0,0,0,0,1,0,0,0,1,0,0,0,0,0,0,0,0,0,0,0,0,0,3,0,1,0,0,0,1
703,0,41,0,28,0,21,0,3,0,0,0,229,0,10,0,0,0,1,0,0,0,0,0,0,0,0,0,0,0,0,0,204,0,0,0,144,23,9,0,14,0,2,0,3,0,39,0,73,0,2,0,103,0,690,0,2,0,1,0,3437,0,1499,0,0,0,2511,0,1490,0,330,0,15,3,54,0,38,0,4,0,0,0,21,0,458,1,0,0,307,0,0,0,1,0,0,0,0,0,5,2,1,0,0,0,1,0,0,3,0,1,2,3,0,5,0,0,0,0,0,0,0,0,1,0,12,0,7,0,8,0,0,0,6,0,10,0,1,0,0,0,0,0,0,0,9,1,0,0,1,0,0,0,0,0,7,1,0,0,1,0,0,1,11,0,5,0,0,1,4,1
0,178,0,15,0,10,0,1,0,5,0,1,0,14,0,5,0,0,0,0,0,0,0,0,0,0,0,0,0,0,0,0,0,43,0,0,0,9,4,0,1,4,0,0,0,1,6,13,4,51,0,7,1,39,0,25,0,3,0,4,0,1006,0,821,0,0,0,2110,1,2388,1,108,0,4,0,3,0,26,0,1,0,0,0,3,0,60,0,0,0,85,0,0,0,0,0,0,0,0,0,0,0,0,0,0,0,0,0,0,0,0,0,0,0,0,0,0,0,0,0,0,0,0,0,0,0,0,0,0,0,0,0,0,0,0,0,0,0,0,0,0,0,0,0,0,0,0,0,0,0,0,0,0,0,0,0,0,0,0,0,1,0,0,0,0,0,0,0,0,0,0
173,0,5,0,2,0,11,0,1,0,0,0,305,0,3,0,0,0,0,0,0,0,0,0,0,0,0,0,0,0,0,0,246,0,0,0,30,3,1,1,25,0,1,0,2,0,7,0,8,0,4,0,8,0,26,0,0,0,0,0,2155,0,78,0,2511,0,0,0,647,0,16,0,3,0,19,2,33,0,6,0,0,0,21,0,1273,0,0,0,449,0,0,0,0,0,0,0,0,0,6,2,0,0,1,0,0,0,2,3,0,2,1,0,1,2,0,0,0,0,0,0,0,0,0,0,8,0,2,0,1,0,0,0,4,0,6,0,1,0,0,0,0,0,1,0,5,0,0,0,0,0,0,0,0,0,0,0,1,0,1,1,0,0,13,0,4,2,0,4,0,2
0,724,0,81,0,79,0,17,0,8,0,0,0,1214,0,34,0,0,0,0,0,0,0,0,0,0,0,0,0,0,0,0,0,335,0,0,0,50,3,1,2,8,0,0,0,1,17,20,1,38,0,16,4,19,0,18,0,2,0,3,0,2351,0,91,0,2110,0,0,0,998,6,90,0,4,0,11,0,46,0,3,0,0,0,10,0,905,0,0,0,148,0,0,0,0,0,0,0,0,0,1,0,0,0,0,0,0,0,0,0,0,0,0,0,0,0,0,0,0,0,0,0,0,0,0,0,0,0,0,0,0,0,0,0,1,0,0,0,0,0,0,0,0,0,0,0,2,0,0,0,0,0,0,0,1,0,0,0,0,0,1,0,0,0,1,0,0,0,0,0,2
12,0,2,0,0,0,0,0,0,0,0,0,35,0,0,0,0,0,0,0,0,0,0,0,0,0,0,0,0,0,0,0,4,1,0,0,5,0,9,2,2,0,0,0,0,0,57,0,78,0,8,0,149,0,1612,0,1,0,2,0,15,0,236,0,1490,1,647,0,0,0,17,0,0,0,0,0,6,0,1,0,0,0,23,0,581,0,0,0,1908,0,0,0,16,0,0,0,0,0,0,0,0,0,0,0,0,0,0,0,0,0,0,0,0,0,0,0,0,0,0,0,0,0,0,0,1,0,0,0,0,0,0,0,0,0,2,0,0,0,0,0,0,0,0,0,0,0,0,1,0,0,0,0,0,0,1,0,0,0,0,0,0,0,0,0,0,0,0,0,0,0
0,89,0,13,0,8,0,2,0,5,0,0,0,8,0,4,0,0,0,0,0,0,0,0,0,0,0,0,0,0,0,0,0,30,0,0,0,5,1,0,3,1,0,0,0,0,25,48,9,253,1,34,1,509,0,1176,0,1,0,4,0,485,0,387,0,2388,0,998,0,0,6,242,0,3,0,1,0,19,0,3,0,0,0,10,0,481,0,0,0,835,0,0,0,0,0,0,0,0,0,0,0,0,0,1,0,0,0,0,0,0,0,0,0,0,0,0,0,0,0,0,0,0,0,0,0,0,0,0,0,0,0,0,0,0,0,0,0,0,0,0,0,0,0,0,0,0,0,0,0,0,0,0,0,0,0,0,0,0,0,0,0,0,0,0,0,0,0,0,0,0
333,4,108,3,27,1,17,0,8,1,0,0,19,2,143,2,0,0,3,0,0,0,0,0,0,0,0,0,0,0,0,0,46,34,0,0,2573,139,1761,188,86,6,169,0,1,0,1079,19,1760,20,783,7,779,9,53,1,3,0,63,4,708,1,2955,0,330,1,16,6,17,6,0,288,1605,17,57,0,18,4,2,0,0,0,17,12,26,41,0,0,19,31,1,0,4,0,0,1,0,1,1,2,2,0,0,1,0,0,0,0,2,0,0,2,2,2,0,0,0,0,0,1,0,0,3,0,13,1,8,1,3,0,1,0,2,0,10,0,2,0,0,0,0,0,0,0,19,0,0,0,0,0,0,0,0,0,55,3,1,0,0,1,0,0,7,1,8,0,0,0,1,1
0,451,0,122,0,85,0,35,0,25,0,2,0,11,0,153,1,1,0,1,0,0,0,0,0,0,0,0,0,0,0,0,1,328,0,0,2,1172,467,2031,264,400,15,24,0,3,138,1427,136,2077,79,897,31,241,1,98,0,9,3,147,0,762,1,1986,0,108,0,90,0,242,288,0,0,743,2,59,0,284,0,23,0,0,0,29,1,121,0,0,0,249,0,0,0,3,0,7,0,0,2,5,2,12,1,1,0,0,0,5,1,0,0,4,0,2,0,0,0,0,0,0,0,0,0,0,0,3,0,2,0,1,0,0,0,1,0,4,0,0,0,7,0,0,0,2,0,10,0,0,0,1,0,0,0,0,0,1,0,1,0,2,0,2,0,33,1,7,1,0,0,0
1361,0,268,0,95,0,47,0,10,0,0,0,2,0,914,0,0,0,1,1,0,0,0,0,0,0,0,0,0,0,0,0,10,0,0,0,779,22,11,1,0,0,0,0,1,0,1,0,9,0,0,0,4,0,0,0,0,0,0,0,972,0,97,0,15,0,3,0,0,0,1605,0,0,209,55,0,3,0,1,0,0,0,0,0,1,0,0,0,2,0,0,0,0,0,0,0,0,0,0,0,0,0,0,0,0,0,1,0,0,1,0,1,0,0,0,0,0,0,0,0,0,0,0,0,1,0,9,0,0,0,0,0,0,0,5,0,0,0,0,0,0,0,0,0,8,0,0,0,0,0,0,0,0,1,85,13,0,0,0,0,0,0,0,0,0,0,0,0,0,1
38,1429,6,208,1,85,2,19,0,12,0,0,0,3,14,459,0,0,0,0,0,0,0,0,0,0,0,0,0,0,0,0,3,36,0,0,8,217,1,2,0,12,0,0,0,1,1,4,0,2,0,2,0,1,0,1,0,0,0,0,18,689,7,25,3,4,0,4,0,3,17,743,209,0,2,9,1,51,0,5,0,0,0,0,0,4,0,0,0,3,0,0,0,0,0,0,0,0,0,0,0,0,0,0,0,0,0,0,1,0,0,0,0,0,0,0,0,0,0,0,0,0,0,0,0,0,0,0,0,0,0,0,0,0,0,1,0,1,0,0,0,0,0,1,0,0,0,0,0,0,0,0,0,0,4,0,0,0,0,0,0,0,0,3,0,0,0,0,1,1
151,0,391,41,426,29,58,0,101,14,25,0,12,0,134,30,43,15,248,25,45,1,61,1,59,0,3,0,105,0,5,0,298,7,0,0,126,268,20,0,19,1,0,0,20,0,11,0,2,0,7,0,9,0,5,0,4,0,2,0,67,1,38,0,54,0,19,0,0,0,57,2,55,2,0,279,593,6,39,0,0,0,1,0,3,0,8,0,2,0,0,0,1,0,0,2,0,0,5,1,1,0,1,0,0,0,2,2,6,2,3,1,1,3,0,0,0,0,0,0,46,0,3,0,67,0,47,0,2,0,0,0,2,0,117,0,1,0,0,0,0,0,0,0,33,4,0,0,3,0,34,2,143,16,481,392,79,1,0,1,0,0,4,0,5,1,0,2,4,1
0,126,21,706,1,1009,0,115,0,216,0,17,0,20,0,491,165,523,15,229,25,20,39,25,9,24,0,5,5,53,0,0,8,498,0,0,0,901,0,1,8,572,3,23,1,75,1,1,0,4,2,18,1,0,1,1,0,0,0,10,0,27,0,8,0,3,2,11,0,1,0,59,0,9,279,0,4,3106,0,342,0,0,0,10,0,6,0,23,0,5,0,5,0,5,1,3,1,2,12,52,8,0,2,2,2,1,12,44,10,12,38,48,2,16,0,0,0,0,0,2,0,0,0,6,0,195,0,27,0,28,0,16,0,51,0,396,0,67,0,36,0,7,0,9,3,133,0,19,0,47,94,68,79,36,5,172,37,493,5,31,0,35,2,267,1,77,0,10,20,15
29,1,128,1,113,1,61,0,145,0,65,0,122,0,19,0,428,0,46,0,11,0,76,0,58,0,5,0,385,0,10,0,4880,0,0,0,35,3,17,1,908,1,55,0,799,0,24,0,8,0,41,1,16,0,62,0,24,0,164,0,37,0,19,0,38,0,33,0,6,0,18,0,3,1,593,4,0,1,665,0,0,0,70,0,77,0,225,0,54,0,28,0,157,0,0,0,0,1,29,5,8,0,3,2,1,0,11,9,16,3,22,15,11,6,1,0,0,0,0,4,0,0,4,0,120,1,16,1,0,0,1,0,29,0,65,2,3,2,0,1,0,0,0,1,71,3,0,0,4,0,1,0,17,0,10,9,61,1,7,2,3,0,34,0,16,6,1,6,6,12
0,313,2,383,2,895,0,144,0,368,0,47,0,26,0,171,30,695,1,92,0,30,3,32,1,24,0,26,0,46,0,2,0,2223,0,0,0,410,2,3,2,1509,2,109,0,639,7,5,1,13,0,21,3,4,0,1,0,3,0,223,0,173,1,43,0,26,0,46,0,19,4,284,0,51,6,3106,1,0,0,281,0,0,0,11,0,39,0,752,0,137,0,108,0,173,0,1,0,2,0,5,0,0,0,0,0,1,1,5,1,2,2,6,0,5,0,0,0,0,0,0,0,1,0,7,0,23,0,5,0,1,0,4,0,4,0,37,0,3,0,104,0,2,0,16,1,67,0,3,0,3,7,4,3,32,0,33,3,1045,0,3,0,4,0,32,0,6,0,1,6,3
2,0,1,0,1,0,2,0,0,0,0,0,5,0,2,0,113,0,0,0,0,0,0,0,0,0,0,0,0,0,0,0,84,0,0,0,3,1,4,0,51,1,14,0,175,0,3,0,1,0,2,0,2,0,3,0,0,0,6,0,5,0,0,0,4,0,6,0,1,0,2,0,1,0,39,0,665,0,0,0,0,0,2,0,1,0,20,0,4,0,5,0,0,0,0,0,0,0,1,1,1,0,0,0,0,0,1,0,3,0,4,2,1,0,0,1,0,0,0,0,1,0,0,0,16,1,1,0,0,0,2,0,3,0,29,1,0,0,0,0,0,0,0,0,10,0,0,0,0,0,0,0,0,0,0,0,113,1,1,1,0,0,10,1,0,0,0,0,0,0
0,15,0,17,0,73,0,12,0,32,0,0,0,5,0,11,0,1,0,4,0,0,0,0,0,0,0,1,0,0,0,0,1,43,0,0,0,34,0,0,1,65,0,0,0,14,0,0,0,0,0,1,0,0,0,0,0,0,0,3,0,8,0,4,0,1,0,3,0,3,0,23,0,5,0,342,0,281,0,0,0,0,0,0,0,0,0,0,0,1,0,0,0,1,0,0,0,0,0,1,0,0,0,0,0,0,0,3,1,0,1,0,0,0,0,0,0,0,0,0,0,0,0,0,0,4,0,0,0,0,0,0,0,0,0,2,0,1,0,36,0,1,0,1,0,6,0,1,0,1,0,1,0,0,0,3,0,21,0,0,0,0,0,1,0,1,0,0,0,1
0,0,0,0,0,0,0,0,0,0,0,0,0,0,0,0,0,0,0,0,0,0,0,0,0,0,0,0,0,0,0,0,0,0,0,0,0,0,0,0,0,0,0,0,0,0,0,0,0,0,0,0,0,0,0,0,0,0,0,0,0,0,0,0,0,0,0,0,0,0,0,0,0,0,0,0,0,0,0,0,0,0,0,0,0,0,0,0,0,0,0,0,0,0,0,0,0,0,0,0,0,0,0,0,0,0,0,0,0,0,0,0,0,0,0,0,0,0,0,0,0,0,0,0,0,0,0,0,0,0,0,0,0,0,0,0,0,0,0,0,0,0,0,0,0,0,0,0,0,0,0,0,0,0,0,0,0,0,0,0,0,0,0,0,0,0,0,0,0,0
0,0,0,0,0,0,0,0,0,0,0,0,0,0,0,0,0,0,0,0,0,0,0,0,0,0,0,0,0,0,0,0,0,0,0,0,0,0,0,0,0,0,0,0,0,0,0,0,0,0,0,0,0,0,0,0,0,0,0,0,0,0,0,0,0,0,0,0,0,0,0,0,0,0,0,0,0,0,0,0,0,0,0,0,0,0,0,0,0,0,0,0,0,0,0,0,0,0,0,0,0,0,0,0,0,0,0,0,0,0,0,0,0,0,0,0,0,0,0,0,0,0,0,0,0,0,0,0,0,0,0,0,0,0,0,0,0,0,0,0,0,0,0,0,0,0,0,0,0,0,0,0,0,0,0,0,0,0,0,0,0,0,0,0,0,0,0,0,0,0
8,0,0,0,1,0,10,0,1,0,0,0,282,0,0,0,0,0,0,0,0,0,0,0,0,0,0,0,0,0,0,0,130,0,0,0,13,1,17,0,9,0,2,0,0,0,56,0,7,0,34,0,17,0,216,0,54,0,63,0,111,0,6,0,21,0,21,0,23,0,17,0,0,0,1,0,70,0,2,0,0,0,0,0,265,0,7,0,63,0,0,0,19,0,0,0,0,0,1,0,2,0,0,0,0,0,1,0,1,0,1,1,0,1,0,0,0,0,0,0,0,0,0,0,1,0,0,0,0,0,0,0,2,0,5,0,0,0,0,0,0,0,0,0,2,0,0,0,1,0,0,0,0,0,0,0,1,0,0,0,0,0,1,0,4,0,0,0,0,0
0,31,0,2,0,6,0,1,0,1,0,0,0,49,0,4,0,0,0,0,0,0,0,0,0,0,0,0,0,0,0,0,0,85,0,0,0,6,10,0,19,98,0,1,0,0,24,76,10,35,2,129,3,21,0,51,0,38,0,159,0,22,0,0,0,3,0,10,0,10,12,29,0,0,0,10,0,11,0,0,0,0,0,0,0,594,0,6,0,78,0,0,0,51,0,2,0,0,0,0,0,0,0,0,0,0,0,0,0,0,0,0,1,1,0,0,0,0,0,0,0,0,0,1,0,0,0,0,0,0,0,0,0,0,0,1,0,0,0,1,0,0,0,1,0,7,0,0,0,0,0,0,0,0,0,0,0,0,0,0,0,1,0,0,0,0,0,0,1,0
29,0,2,0,3,0,17,0,1,0,0,0,997,0,1,0,0,0,0,0,0,0,0,0,0,0,0,0,0,0,0,0,397,0,0,0,16,1,16,2,131,0,8,0,15,0,101,0,15,0,60,0,32,0,468,0,97,0,260,0,878,0,42,0,458,0,1273,0,581,0,26,1,1,0,3,0,77,0,1,0,0,0,265,0,0,0,399,0,7463,0,18,0,880,0,0,0,0,0,4,0,0,0,0,1,0,0,0,2,1,1,2,5,0,1,0,0,1,0,0,0,1,0,0,0,5,0,2,0,1,0,0,0,0,0,3,0,2,0,0,0,0,0,0,0,10,0,0,0,0,1,0,0,0,0,0,0,1,0,0,0,0,0,7,1,5,0,0,1,1,2
0,184,0,17,0,9,0,4,0,2,0,0,0,224,0,9,0,0,0,1,0,0,0,0,0,0,0,0,0,0,0,0,0,246,0,0,0,12,26,2,25,442,0,37,0,1,53,197,27,94,5,299,12,54,0,162,0,120,0,987,0,374,0,16,1,60,0,905,0,481,41,121,0,4,0,6,0,39,0,0,0,0,0,594,0,0,0,762,0,4183,0,91,0,563,0,0,0,0,1,0,0,0,0,1,0,0,1,0,0,0,0,0,0,0,0,0,0,0,0,0,0,0,0,2,0,0,0,0,0,0,0,0,0,0,0,0,0,0,0,2,0,0,0,2,0,10,0,0,0,0,0,0,0,0,0,0,0,0,0,0,0,0,0,0,0,0,0,0,0,0
4,0,17,0,19,0,64,0,185,0,94,0,191,0,1,0,38,0,5,0,1,0,3,0,0,0,4,0,485,0,1,0,1090,0,0,0,2,0,0,0,200,0,143,0,343,0,0,0,0,0,1,0,0,0,2,0,1,0,268,0,2,0,0,0,0,0,0,0,0,0,0,0,0,0,8,0,225,0,20,0,0,0,7,0,399,0,0,0,985,0,660,0,329,0,0,0,0,0,1,0,0,0,0,0,0,0,0,0,0,0,1,0,0,0,0,0,0,0,0,0,0,0,0,0,0,0,0,0,0,0,0,0,0,0,3,0,0,0,0,0,0,0,0,0,1,0,1,0,0,0,0,0,0,0,0,0,0,0,0,0,0,0,1,0,0,0,0,0,0,0
0,0,0,50,0,70,0,9,0,30,0,14,0,0,0,1,1,99,0,28,0,10,0,7,0,8,0,4,0,15,0,0,0,270,0,0,0,2,0,0,0,406,0,178,0,958,0,0,0,0,0,0,0,0,0,0,0,0,0,221,0,0,0,0,0,0,0,0,0,0,0,0,0,0,0,23,0,752,0,0,0,0,0,6,0,762,0,0,0,452,0,1629,0,248,0,0,0,0,0,0,0,0,0,0,0,0,0,0,0,0,0,0,0,0,0,0,0,0,0,0,0,0,0,0,0,0,0,0,0,0,0,0,0,0,0,0,0,0,0,0,0,0,0,0,0,0,0,0,0,0,0,2,0,7,1,4,0,16,0,0,0,0,0,0,0,0,0,0,0,0
8,0,3,0,0,0,3,0,0,0,0,0,23,0,1,0,0,0,0,0,0,0,0,0,0,0,0,0,0,0,0,0,150,0,0,0,4,0,10,0,156,0,4,0,17,0,84,0,38,0,72,0,82,0,2249,0,327,0,248,0,18,0,98,0,307,0,449,0,1908,0,19,0,2,0,2,0,54,0,4,0,0,0,63,0,7463,0,985,0,0,0,326,0,5336,0,0,0,0,0,1,0,0,0,1,0,0,0,2,2,0,0,2,2,0,0,0,0,0,0,0,0,0,0,0,0,1,0,1,0,0,0,0,0,1,0,2,0,2,0,0,0,0,0,0,0,3,1,0,0,1,0,0,0,0,0,0,0,0,0,0,0,0,0,2,0,1,0,0,3,2,0
0,57,0,2,0,9,0,5,0,6,0,0,0,5,0,2,1,1,0,1,0,0,0,0,0,0,0,0,0,0,0,0,0,184,0,0,0,3,17,0,41,251,2,16,0,23,48,399,29,202,3,202,11,170,0,1341,0,78,0,971,0,202,0,28,0,85,0,148,0,835,31,249,0,3,0,5,0,137,0,1,0,0,0,78,0,4183,0,452,0,0,0,722,0,5546,0,5,0,0,0,0,0,0,0,2,0,0,0,1,0,0,1,0,0,0,0,0,0,0,0,0,0,0,0,0,0,0,0,0,0,0,0,0,0,1,0,0,0,0,0,1,0,0,0,0,0,0,0,0,0,0,0,0,0,0,0,0,0,3,0,0,0,0,0,1,0,0,0,0,0,0
0,0,0,0,0,0,2,0,1,0,0,0,1,0,0,0,0,0,0,0,0,0,0,0,0,0,0,0,0,0,0,0,74,0,0,0,0,0,0,0,67,0,23,0,31,0,0,0,0,0,0,0,0,0,0,0,2,0,494,0,0,0,0,0,0,0,0,0,0,0,1,0,0,0,0,0,28,0,5,0,0,0,0,0,18,0,660,0,326,0,0,0,2823,0,0,0,0,0,0,0,0,0,0,0,0,0,1,1,0,0,0,0,0,0,0,0,0,0,0,0,0,0,0,0,2,0,0,0,0,0,0,0,0,0,0,0,0,0,0,0,0,0,0,0,0,0,0,0,0,0,0,0,0,0,0,0,0,0,0,0,0,0,0,0,1,0,0,0,0,0
0,0,0,0,0,1,0,0,0,1,0,0,0,0,0,0,0,1,0,1,0,0,0,0,0,0,0,0,0,0,0,0,0,12,0,0,0,0,0,0,0,337,0,390,0,250,0,0,0,0,0,0,0,0,0,0,0,0,0,1169,0,0,0,0,0,0,0,0,0,0,0,0,0,0,0,5,0,108,0,0,0,0,0,0,0,91,0,1629,0,722,0,0,0,1703,0,0,0,0,0,0,0,0,0,0,0,0,0,0,0,0,0,0,0,0,0,0,0,0,0,0,0,0,0,0,0,0,0,0,0,0,0,0,0,0,0,0,0,0,0,0,0,0,0,0,0,0,0,0,0,0,0,0,0,1,0,0,1,0,0,0,0,0,0,0,0,0,0,0,0,0
0,0,0,0,0,0,1,0,2,0,1,0,2,0,0,0,0,0,0,0,0,0,0,0,0,0,0,0,0,0,0,0,254,0,0,0,0,0,1,0,413,0,190,0,27,0,3,0,3,0,43,0,5,0,214,0,960,0,2415,0,0,0,2,0,1,0,0,0,16,0,4,0,0,0,1,0,157,0,0,0,0,0,19,0,880,0,329,0,5336,0,2823,0,0,0,1,0,0,0,2,0,1,0,1,0,0,0,1,1,1,0,0,0,2,0,0,0,0,0,0,1,0,0,0,0,0,0,0,0,0,0,0,0,0,0,1,0,0,0,0,0,0,0,0,0,3,0,0,1,0,0,0,0,0,0,0,0,0,0,0,0,0,0,0,0,1,0,0,0,0,0
0,0,0,1,0,4,0,0,0,1,0,0,1,0,0,0,0,2,0,0,0,0,0,0,0,0,0,0,0,0,0,0,0,344,0,0,0,1,0,0,0,453,1,49,0,73,2,77,1,9,0,63,0,9,0,120,0,737,0,3288,0,3,0,1,0,0,0,0,0,0,0,3,0,0,0,5,0,173,0,1,0,0,0,51,0,563,0,248,0,5546,0,1703,0,0,0,573,0,7,0,4,0,7,0,9,0,2,0,27,0,4,0,0,0,0,0,0,0,0,0,0,0,0,0,1,0,0,0,0,0,0,0,0,0,0,0,1,0,0,0,0,0,0,0,0,0,0,0,0,0,1,0,0,0,0,0,0,0,3,0,0,0,0,0,0,0,0,0,0,0,0
0,0,0,0,0,0,0,0,0,0,0,0,0,0,0,0,0,0,0,0,0,0,0,0,0,0,0,0,0,0,0,0,0,0,0,0,0,0,0,0,0,0,1,0,1,0,1,0,0,0,16,0,0,0,0,0,0,0,7,0,0,0,0,0,0,0,0,0,0,0,0,0,0,0,0,1,0,0,0,0,0,0,0,0,0,0,0,0,0,0,0,0,1,0,0,0,3505,0,9,0,212,0,2371,3,374,0,636,0,8,0,0,0,0,1,0,24,54,4,0,0,0,0,0,0,0,0,0,0,0,0,0,0,1,0,0,0,0,0,0,0,0,0,0,0,0,0,0,0,0,0,0,0,0,0,0,0,0,0,0,0,0,0,0,0,1,1,0,0,1,0
0,4,0,0,0,1,0,0,0,0,0,0,0,2,0,0,0,0,0,0,0,0,0,0,0,0,0,0,0,0,0,0,4,2,0,0,0,0,0,0,0,2,2,0,1,0,25,58,1,14,4,368,0,8,0,8,0,7,0,285,0,1,1,0,0,0,0,0,0,0,1,7,0,0,2,3,0,1,0,0,0,0,0,2,0,0,0,0,0,5,0,0,0,573,0,0,2,4244,7,150,4,325,2,1765,1,363,6,1776,2,165,9,5,1,2,14,12,27,12,2,2,0,0,0,0,0,0,0,0,0,0,0,0,0,0,0,4,0,0,0,0,0,0,0,0,0,9,0,1,0,2,0,0,0,0,0,0,0,0,1,0,0,1,0,0,2,1,0,3,1,0
0,0,0,0,0,0,0,0,0,0,0,0,0,0,0,0,0,0,0,0,0,0,0,0,0,0,0,0,0,0,0,0,0,0,0,0,0,0,0,0,0,0,1,0,0,0,0,0,0,0,0,0,0,0,1,0,0,0,0,0,0,0,0,0,0,0,0,0,0,0,0,0,0,0,0,1,0,0,0,0,0,0,0,0,0,0,0,0,0,0,0,0,0,0,3505,2,0,3,13,3,184,2,1007,31,1505,1,763,6,19,0,3,1,0,0,4,42,113,54,0,0,0,0,0,0,0,0,0,0,0,0,0,0,0,0,0,0,0,0,0,0,0,0,0,0,0,0,0,0,0,0,0,0,0,0,0,0,0,0,2,1,0,0,1,0,0,0,0,1,2,1
0,0,0,0,0,1,0,0,0,0,0,0,0,0,0,0,0,0,0,0,0,0,0,0,0,0,0,0,0,0,0,0,2,0,0,0,0,0,0,0,0,1,0,0,0,0,0,0,0,0,1,1,0,0,0,0,0,0,0,1,0,0,0,0,0,0,0,0,0,0,1,0,0,0,0,2,1,2,0,0,0,0,0,0,0,0,0,0,0,0,0,0,0,7,0,4244,3,0,5,55,5,157,2,798,0,1995,16,1373,2,43,2,1,1,0,32,27,33,9,5,1,0,0,0,1,0,1,0,1,0,0,0,0,0,0,0,4,0,0,0,0,0,0,0,0,0,2,0,0,0,0,0,0,0,0,0,0,0,0,0,0,0,0,0,1,2,0,0,0,3,0
2,1,1,1,1,0,1,0,0,0,0,0,0,0,0,0,0,0,0,0,0,0,0,0,0,0,0,0,0,0,0,0,25,0,0,0,8,0,3,0,62,6,38,0,2,2,1,1,1,0,46,1,3,0,1,0,7,0,10,0,3,0,3,1,5,0,6,0,0,0,1,2,0,0,5,12,29,0,1,0,0,0,1,0,4,1,1,0,1,0,0,0,2,0,9,7,13,5,0,24,440,38,46,9,28,0,296,58,632,20,82,24,197,96,115,28,6,31,22,278,0,0,0,0,3,2,1,0,0,0,0,0,8,1,8,12,1,2,0,0,0,1,0,2,24,12,0,1,1,1,0,0,0,0,0,0,1,0,8,4,1,1,9,2,38,13,12,64,42,18
0,3,0,2,1,3,0,1,1,1,0,0,0,0,0,0,0,0,0,0,0,0,0,0,0,0,0,0,0,0,0,0,7,7,0,0,1,1,0,0,11,23,3,34,0,0,0,1,1,0,4,81,0,0,0,0,0,0,1,3,0,1,0,0,2,0,2,1,0,0,2,5,0,0,1,52,5,5,1,1,0,0,0,0,0,0,0,0,0,0,0,0,0,4,0,150,3,55,24,0,12,137,1,157,0,133,4,694,20,342,37,131,61,318,54,7,2,2,38,125,0,2,0,3,0,6,2,5,0,5,0,2,1,3,1,41,1,7,0,5,0,1,0,18,2,83,0,4,0,8,0,0,0,0,0,0,0,3,3,4,1,5,2,8,20,3,7,20,109,4
1,0,0,1,0,0,0,0,0,0,0,0,1,0,0,0,1,0,0,0,0,0,0,0,0,0,0,0,0,0,0,0,11,1,0,0,2,0,1,0,28,1,61,1,0,0,0,0,0,0,11,0,2,0,1,0,2,0,2,0,1,0,1,0,1,0,0,0,0,0,2,2,0,0,1,8,8,0,1,0,0,0,2,0,0,0,0,0,0,0,0,0,1,0,212,4,184,5,440,12,0,121,1382,13,391,1,1947,44,623,11,376,13,17,79,870,259,101,237,123,90,0,1,0,0,2,1,0,2,0,0,0,0,4,1,3,8,0,0,0,0,0,0,1,0,11,5,0,1,0,0,0,0,0,0,0,0,0,0,12,4,2,0,7,4,19,8,2,5,13,12
0,0,0,0,0,0,0,0,0,0,0,0,0,0,0,0,0,0,0,0,0,0,0,0,0,0,0,0,0,0,0,0,0,0,0,0,0,0,0,0,1,29,0,10,0,0,0,4,0,0,0,68,0,0,0,0,0,0,0,1,0,0,0,0,0,0,0,0,0,0,0,12,0,0,0,0,0,0,0,0,0,0,0,0,0,0,0,0,0,0,0,0,0,7,0,325,2,157,38,137,121,0,14,1415,0,286,19,722,8,70,2,40,0,47,1082,387,27,76,103,31,0,0,0,1,0,0,0,0,0,0,0,0,0,0,0,1,0,0,0,0,0,0,0,0,0,2,0,0,0,0,0,0,0,0,0,0,0,0,0,0,0,0,0,1,0,0,0,0,1,0
1,0,0,0,0,0,0,0,0,0,0,0,0,0,0,0,0,0,0,0,0,0,0,0,0,0,0,0,0,0,0,0,2,0,0,0,0,0,2,0,4,1,4,0,0,0,0,0,0,0,65,0,0,0,0,0,2,0,15,0,0,0,0,0,0,0,1,0,0,0,0,1,0,0,1,2,3,0,0,0,0,0,0,0,0,0,0,0,1,0,0,0,1,0,2371,2,1007,2,46,1,1382,14,0,52,386,1,1262,5,62,4,8,1,1,0,36,488,308,74,1,0,0,0,0,0,1,0,1,0,0,0,0,0,0,0,1,3,0,0,0,0,0,0,0,0,2,0,0,0,0,1,0,0,0,0,0,0,0,0,1,0,0,1,1,0,3,1,0,2,0,3
0,0,0,0,0,0,0,0,0,0,0,0,0,0,0,0,0,0,0,0,0,0,0,0,0,0,0,0,0,0,0,0,0,0,0,0,0,0,0,0,0,0,0,1,0,0,28,26,1,7,2,206,0,1,1,5,0,0,0,321,0,1,0,0,0,0,0,0,0,1,1,1,0,0,0,2,2,0,0,0,0,0,0,0,1,1,0,0,0,2,0,0,0,9,3,1765,31,798,9,157,13,1415,52,0,4,406,47,1023,5,344,4,2,0,6,140,399,305,130,26,2,0,0,0,0,0,1,0,0,0,0,0,0,0,0,0,2,0,0,0,0,0,0,0,0,0,3,0,0,0,1,0,0,0,0,0,0,0,0,1,1,0,0,0,0,0,0,0,0,1,0
0,0,0,0,0,0,0,0,0,0,0,0,1,0,0,0,0,0,0,0,0,0,0,0,0,0,0,0,0,0,0,0,6,0,0,0,0,0,0,0,4,0,6,0,0,0,0,0,0,0,0,0,1,0,0,0,0,0,0,0,1,0,0,0,1,0,0,0,0,0,0,0,0,0,0,2,1,0,0,0,0,0,0,0,0,0,0,0,0,0,0,0,0,0,374,1,1505,0,28,0,391,0,386,4,0,0,2249,0,43,1,7,0,0,0,0,12,18,50,0,0,0,0,0,0,0,0,0,0,0,0,0,0,0,0,1,1,0,0,0,0,0,0,0,0,3,0,0,1,0,1,0,0,0,0,0,0,0,0,1,2,0,0,0,0,7,0,0,0,2,3
0,0,0,0,0,0,0,0,0,0,0,0,0,0,0,0,0,0,0,0,0,0,0,0,0,0,0,0,0,0,0,0,1,0,0,0,0,0,0,0,1,2,0,0,2,0,0,0,0,0,0,2,0,0,0,0,0,0,0,1,0,0,0,0,0,0,0,0,0,0,0,0,0,0,0,1,0,1,0,0,0,0,0,0,0,0,0,0,0,0,0,0,0,2,0,363,1,1995,0,133,1,286,1,406,0,0,1,1118,2,44,1,0,1,0,13,11,1,24,0,1,0,0,0,0,0,0,0,1,0,2,0,0,1,0,0,3,0,0,0,1,0,0,0,1,1,0,0,1,0,2,0,0,0,0,0,0,0,0,0,0,0,0,0,1,3,0,0,1,3,0
