0,25,1867,12,2339,7,1255,2,361,2,1,0,1340,0,647,48,0,0,8,0,0,0,0,0,0,0,0,0,0,0,0,0,663,3,0,0,463,105,15,1,11,1,2,0,1,1,8,0,9,0,2,0,7,0,27,0,6,0,8,0,7675,2,251,0,491,0,230,0,23,0,131,3,759,8,66,8,315,3,293,4,0,0,29,0,184,1,10,0,50,0,0,0,6,0,1,0,0,0,0,0,1,0,0,0,0,0,0,0,0,0,2,1,0,0,0,0,0,0,0,0,0,0,0,0,44,0,162,2,13,0,5,0,1,0,6,2,2,0,0,0,0,0,0,1,4,0,5,1,0,0,0,0,0,0,304,17,0,0,2,1,0,0,3,1,0,0,0,0,0,0
25,0,8,3311,15,3235,21,1361,21,115,0,0,3,822,31,917,0,0,3,1,0,0,0,0,0,0,0,0,0,0,0,0,13,577,0,0,7,362,1,23,0,36,1,0,0,7,3,1,0,4,0,3,1,10,1,2,0,0,0,2,14,6519,0,106,0,21,1,178,0,17,1,604,13,865,171,390,9,244,10,376,0,0,1,21,0,35,0,12,2,3,0,0,0,0,2,0,0,1,2,2,1,0,0,0,1,0,0,2,1,4,7,1,0,0,0,0,0,0,0,1,0,3,0,1,2,91,6,224,0,50,0,3,0,8,1,61,0,47,0,1,0,4,0,3,0,9,0,15,0,1,0,0,0,0,48,58,0,4,4,7,0,5,0,30,2,6,1,0,1,0
1867,8,0,27,6286,27,55,12,361,23,246,0,21,1,2627,19,1,13,4015,13,668,2,118,0,24,0,87,0,59,0,53,0,282,2,0,0,169,8,0,0,3,2,0,0,1,1,1,0,1,0,0,0,1,0,2,0,0,0,0,0,59,1,12,0,8,0,5,0,1,0,11,1,220,1,97,6,61,4,9,11,0,0,1,0,2,0,10,0,0,0,0,0,1,0,0,0,0,0,0,0,0,0,0,0,0,0,1,0,0,0,0,0,0,0,0,0,0,0,0,0,0,0,0,0,0,2,4,1,0,0,0,0,2,1,1,0,0,0,0,0,0,0,0,0,0,0,1,0,0,0,3,8,121,8,130,76,5,0,0,0,0,0,0,2,0,0,0,0,0,0
12,3311,27,0,21,9126,7,138,27,540,5,517,2,3,57,3212,16,94,96,2778,12,441,16,249,5,214,0,557,16,106,0,106,31,150,0,0,26,591,0,4,2,15,0,0,0,17,0,0,0,0,0,0,0,0,0,1,0,0,0,1,4,24,2,1,0,0,1,4,1,0,2,56,3,243,60,199,7,157,6,124,0,0,0,0,0,0,0,11,0,0,0,0,0,0,0,0,0,1,1,0,0,0,0,0,0,0,1,0,1,3,3,0,0,0,0,0,0,0,0,0,0,1,0,0,0,33,0,47,0,13,0,4,0,3,1,31,0,13,1,0,0,0,0,2,0,5,0,1,0,2,47,160,153,285,71,748,13,45,2,3,0,0,0,9,1,1,0,0,1,0
2339,15,6286,21,0,13,527,9,3262,14,767,0,136,1,543,35,2,10,479,5,157,0,40,1,19,0,17,0,86,0,220,0,703,6,0,0,67,12,1,0,0,1,0,0,0,1,0,0,1,0,0,0,1,0,0,0,0,0,0,1,36,1,7,0,4,1,7,0,1,0,5,2,41,2,103,11,86,7,29,9,0,0,7,0,7,0,7,0,0,0,0,0,2,0,0,0,0,0,0,0,0,0,0,0,0,0,0,0,0,0,0,0,0,0,0,0,0,0,0,0,0,0,0,0,1,1,4,1,1,0,0,0,0,1,1,1,0,2,0,0,0,0,0,0,0,0,0,0,0,0,1,4,89,1,67,58,2,0,0,0,0,0,0,1,0,0,0,0,0,0
7,3235,27,9126,13,0,4,1038,23,2966,3,1009,1,28,42,554,6,70,127,392,4,61,13,99,2,66,0,894,12,91,1,232,35,434,0,0,22,164,0,2,0,18,1,2,0,17,1,0,0,0,0,0,0,1,0,0,0,0,0,0,2,100,0,6,0,0,0,11,0,1,0,55,2,106,43,266,14,229,2,189,0,0,0,6,0,1,1,35,0,0,0,0,0,0,0,0,0,0,0,0,0,0,0,0,0,0,0,0,1,3,2,0,0,0,0,0,0,0,0,0,0,3,0,0,0,51,0,54,0,9,0,3,0,1,0,23,0,18,0,0,0,0,0,0,0,2,0,4,0,0,20,50,103,58,61,460,3,26,0,3,0,0,0,3,2,3,0,0,0,0
1255,21,55,7,527,4,0,1,2824,3,0,0,2768,1,64,14,0,0,11,0,0,0,0,0,0,0,0,0,0,0,0,0,990,0,0,0,46,18,1,0,0,1,0,0,0,0,0,0,0,0,0,0,1,0,0,0,0,0,1,0,383,0,10,0,20,0,5,0,1,0,20,1,37,2,24,0,76,0,57,3,0,0,17,0,43,0,231,0,2,0,0,0,1,0,0,0,0,0,0,0,0,0,0,0,0,0,0,0,0,0,0,1,0,0,0,0,0,0,0,0,0,0,0,0,10,0,24,2,3,0,0,0,0,0,1,0,0,0,0,0,0,0,0,0,0,0,1,0,0,0,0,0,0,0,75,6,0,0,1,0,0,0,0,0,0,1,0,0,0,0
2,1361,12,138,9,1038,1,0,14,2568,0,1,0,1510,19,160,0,4,42,25,0,0,0,0,0,0,0,0,0,0,0,0,11,1549,0,0,13,77,1,2,0,17,0,3,0,20,0,0,0,0,0,0,0,0,0,0,0,0,0,2,1,162,0,3,1,1,0,13,0,0,0,34,2,27,24,202,5,291,0,120,0,0,0,4,0,7,0,28,0,0,0,0,0,0,0,0,0,0,0,1,0,0,0,0,0,0,0,0,0,1,2,1,0,0,0,0,0,0,1,0,0,2,0,0,0,30,0,40,0,7,0,2,0,2,1,17,0,10,0,0,0,0,0,1,0,7,0,0,0,0,0,1,4,0,31,57,0,0,1,1,0,1,0,10,0,1,0,0,0,0
361,21,361,27,3262,23,2824,14,0,12,1571,0,544,0,290,30,0,0,167,0,1,0,0,0,0,0,0,0,44,0,35,0,2333,2,0,0,84,21,0,0,2,2,0,0,1,1,0,0,0,0,0,0,0,0,1,0,0,0,1,0,22,2,5,0,6,0,3,0,1,0,3,1,51,6,151,9,81,9,29,12,0,0,3,0,0,0,118,0,0,0,0,0,1,0,0,0,0,0,0,0,0,0,0,0,0,0,0,0,0,2,0,0,0,0,0,0,0,0,0,0,0,0,0,0,3,5,8,5,2,0,0,0,0,0,1,2,0,2,0,0,0,0,0,0,0,1,0,1,0,0,0,0,1,0,106,64,0,0,1,0,0,0,0,1,0,1,0,0,0,0
2,115,23,540,14,2966,3,2568,12,0,3,956,0,109,18,194,0,22,81,147,2,2,2,20,0,6,0,6,1,21,0,21,25,1482,0,0,17,69,0,2,0,41,0,0,0,75,0,1,0,0,0,0,0,0,0,0,0,0,0,4,2,49,0,0,0,1,0,18,0,0,0,10,0,6,9,217,5,517,0,208,0,0,0,3,0,3,0,91,0,0,0,2,0,0,0,0,0,0,1,0,0,0,0,0,0,0,0,0,0,2,1,0,0,0,0,0,0,0,0,0,0,3,0,0,0,24,1,16,0,3,0,4,0,4,1,15,0,8,0,0,0,0,0,0,0,5,0,3,0,1,4,5,63,11,37,177,1,34,1,1,0,1,0,6,0,0,0,0,0,0
1,0,246,5,767,3,0,0,1571,3,0,0,0,0,0,0,0,10,264,2,89,0,26,0,23,0,4,0,970,0,923,0,398,3,0,0,0,0,0,0,0,0,0,0,0,0,0,0,0,0,0,0,0,0,0,0,0,0,0,0,0,0,0,0,0,0,0,0,0,0,0,0,0,0,133,3,37,0,1,0,0,0,0,0,0,0,320,0,0,0,0,0,0,0,0,0,0,0,0,0,0,0,0,0,0,0,0,0,0,0,0,0,0,0,0,0,0,0,0,0,0,0,0,0,0,0,0,0,1,0,0,0,0,0,0,0,0,0,0,0,0,0,0,0,0,0,0,0,0,0,1,6,105,1,9,10,10,0,0,0,0,0,0,0,0,0,0,0,0,0
0,0,0,517,0,1009,0,1,0,956,0,0,0,0,0,0,0,26,3,88,0,28,1,69,0,43,0,343,1,799,0,835,0,488,0,0,0,5,0,0,0,0,0,0,0,1,0,0,0,0,0,0,0,0,0,0,0,0,0,0,0,0,0,0,0,0,0,0,0,0,0,0,0,0,2,78,0,16,0,0,0,0,0,0,0,0,0,8,0,0,0,0,0,0,0,0,0,0,0,0,0,0,0,0,0,0,0,0,0,0,0,0,0,0,0,0,0,0,0,0,0,0,0,0,0,0,0,0,0,0,0,0,0,0,0,0,0,0,0,0,0,0,0,0,0,0,0,0,0,0,5,17,3,23,1,17,0,14,0,0,0,0,0,0,0,0,0,0,0,0
1340,3,21,2,136,1,2768,0,544,0,0,0,0,0,26,11,0,0,6,0,0,0,0,0,0,0,0,0,0,0,0,0,351,1,0,0,51,6,74,5,33,0,3,0,0,0,6,0,10,2,10,0,3,1,43,0,22,0,5,0,1273,0,4,0,114,0,62,0,8,2,28,2,6,0,16,0,139,1,103,0,0,0,197,1,602,4,167,0,26,1,0,0,4,0,0,0,0,0,4,0,0,0,0,0,0,0,1,0,3,5,3,2,0,1,0,0,0,0,0,0,2,0,5,0,5,0,79,0,13,0,0,0,5,0,12,0,7,0,0,0,2,0,0,1,7,1,2,0,1,0,0,0,0,0,14,1,0,0,0,0,0,1,8,0,4,0,0,0,2,0
0,822,1,3,1,28,1,1510,0,109,0,0,0,0,0,20,0,0,0,0,0,0,0,0,0,0,0,0,0,0,0,0,2,1148,0,0,2,22,0,4,0,4,0,0,0,3,0,11,0,0,1,0,0,0,0,0,0,0,0,0,0,1332,0,0,0,1,0,737,0,1,0,7,0,5,0,35,0,90,1,35,0,0,1,14,0,64,0,14,0,3,0,0,0,0,0,0,0,0,0,1,0,0,0,0,0,0,0,0,0,1,0,0,0,0,0,0,0,0,0,0,0,0,0,0,0,15,1,8,1,2,0,0,0,0,1,3,0,2,0,1,0,0,0,0,0,0,1,1,0,0,0,0,0,0,1,1,0,0,0,0,0,0,0,1,0,0,0,0,0,0
647,31,2627,57,543,42,64,19,290,18,0,0,26,0,0,275,0,0,643,25,0,0,0,0,0,0,0,0,0,0,0,0,132,6,0,0,2139,89,2,0,1,1,0,1,1,2,1,0,1,0,0,1,7,0,5,0,2,0,1,0,87,0,131,0,49,0,10,0,9,0,47,3,1536,2,80,21,37,11,19,16,0,0,0,0,6,0,2,1,4,0,0,0,3,0,0,0,0,0,0,0,0,0,0,0,0,0,0,0,2,0,1,0,0,0,0,0,0,0,0,0,0,0,0,0,3,5,1,5,2,2,0,0,1,3,0,3,0,3,0,0,0,0,0,0,0,1,1,1,0,0,0,0,0,0,269,61,0,1,0,1,0,0,3,0,2,0,0,0,0,0
48,917,19,3212,35,554,14,160,30,194,0,0,11,20,275,0,0,0,27,612,0,0,0,0,0,0,0,0,0,0,0,0,40,35,0,0,24,2344,0,16,1,21,2,0,0,6,2,0,0,0,0,1,1,0,0,0,0,0,0,4,17,186,1,3,0,0,0,5,0,1,8,259,16,1549,151,128,15,92,10,157,0,0,0,2,1,0,1,3,0,0,0,0,0,0,0,0,0,0,0,2,0,0,0,0,0,0,1,0,0,1,2,0,1,0,0,0,0,0,0,0,0,2,0,0,3,51,3,61,0,15,0,2,0,3,0,18,0,16,0,0,0,3,0,0,0,3,0,6,0,0,0,0,1,0,69,401,0,0,3,5,0,0,0,16,1,1,0,0,1,0
0,0,1,16,2,6,0,0,0,0,0,0,0,0,0,0,0,80,6,6,42,4,358,6,10,0,1,0,103,1,0,0,192,1,0,0,0,0,0,0,7,0,123,0,88,0,0,0,0,0,0,0,0,0,0,0,0,0,0,0,0,0,0,0,0,0,0,0,0,0,0,0,0,0,50,9,303,1,9,0,0,0,0,0,0,0,6,0,0,0,0,0,0,0,0,0,0,0,0,0,0,0,0,0,0,0,0,0,0,0,0,0,0,0,0,0,0,0,0,0,0,0,0,0,0,0,0,0,0,0,0,0,0,0,0,0,0,0,0,0,0,0,0,0,0,0,0,0,0,0,113,19,78,1,1,3,638,2,0,0,0,0,0,0,0,0,0,0,0,0
0,0,13,94,10,70,0,4,0,22,10,26,0,0,0,0,80,0,34,73,15,391,63,315,2,58,0,12,15,32,0,8,6,159,0,0,0,0,0,0,0,8,4,0,0,111,0,0,0,0,0,0,0,0,0,0,0,0,0,2,0,0,0,0,0,0,0,0,0,0,0,0,0,0,444,232,7,655,0,1,0,0,0,0,0,0,0,28,0,0,0,0,0,0,0,0,0,0,0,0,0,0,0,0,0,0,0,0,0,0,0,0,0,0,0,0,0,0,0,0,0,0,0,0,0,0,0,1,0,0,0,0,0,0,0,0,0,0,0,0,0,0,0,0,0,0,0,0,0,0,28,183,29,27,0,15,57,964,0,0,0,0,0,0,0,0,0,0,0,0
8,3,4015,96,479,127,11,42,167,81,264,3,6,0,643,27,6,34,0,77,300,3,61,0,23,0,8,2,155,4,21,0,325,7,0,0,612,16,0,0,0,2,0,0,2,2,0,0,0,0,0,0,0,0,0,0,0,0,0,0,1,2,0,0,0,0,0,2,0,0,1,0,3,0,233,38,56,29,9,18,0,0,0,0,0,0,5,1,1,0,0,0,0,0,0,0,0,0,0,0,0,0,0,0,0,0,0,0,0,0,0,0,0,0,0,0,0,0,0,0,0,1,0,1,0,4,0,3,0,2,0,1,0,0,0,6,0,3,0,0,0,0,0,0,0,0,0,0,0,0,5,25,521,38,617,242,25,3,0,0,0,1,0,0,0,0,0,0,0,0
0,1,13,2778,5,392,0,25,0,147,2,88,0,0,25,612,6,73,77,0,4,637,14,196,2,54,0,51,7,42,0,30,5,49,0,0,5,673,0,0,0,2,0,0,0,3,0,0,0,0,0,0,0,0,0,0,0,0,0,0,0,0,0,0,0,0,0,0,0,0,0,0,0,1,9,68,0,49,1,23,0,0,0,0,0,0,0,7,0,0,0,0,0,0,0,0,0,0,0,0,0,0,0,0,0,0,0,0,0,0,0,0,0,0,0,0,0,0,0,0,0,1,0,0,0,4,0,0,0,0,0,2,0,0,0,0,0,0,0,0,0,0,0,0,0,0,0,0,0,0,15,95,118,870,47,629,5,59,0,0,0,0,0,0,0,0,0,0,0,0
0,0,668,12,157,4,0,0,1,2,89,0,0,0,0,0,42,15,300,4,0,65,1282,26,310,0,176,0,212,0,4,0,27,0,0,0,0,0,0,0,0,0,0,0,0,0,0,0,0,0,0,0,0,0,0,0,0,0,0,0,0,0,0,0,0,0,0,0,0,0,0,0,0,0,41,2,22,0,0,0,0,0,0,0,0,0,0,0,0,0,0,0,0,0,0,0,0,0,0,0,0,0,0,0,0,0,0,0,0,0,0,0,0,0,0,0,0,0,0,0,0,0,0,0,0,0,0,0,0,0,0,0,0,0,0,0,0,0,0,0,0,0,0,0,0,0,0,0,0,0,65,6,288,3,4,21,47,0,0,0,0,0,0,0,0,0,0,0,0,0
0,0,2,441,0,61,0,0,0,2,0,28,0,0,0,0,4,391,3,637,65,0,120,1996,0,328,0,161,0,11,0,7,0,14,0,0,0,0,0,0,0,0,0,0,0,0,0,0,0,0,0,0,0,0,0,0,0,0,0,0,0,0,0,0,0,0,0,0,0,0,0,0,0,0,2,19,1,3,0,0,0,0,0,0,0,0,0,1,0,0,0,0,0,0,0,0,0,0,0,0,0,0,0,0,0,0,0,0,0,0,0,0,0,0,0,0,0,0,0,0,0,0,0,0,0,0,0,0,0,0,0,0,0,0,0,0,0,0,0,0,0,0,0,0,0,0,0,0,0,0,6,188,5,210,5,21,0,228,0,0,0,0,0,0,0,0,0,0,0,0
0,0,118,16,40,13,0,0,0,2,26,1,0,0,0,0,358,63,61,14,1282,120,0,379,1032,0,95,0,117,0,0,0,11,0,0,0,0,0,0,0,0,0,0,0,0,0,0,0,0,0,0,0,0,0,0,0,0,0,0,0,0,0,0,0,0,0,0,0,0,0,0,0,0,0,43,4,37,2,0,0,0,0,0,0,0,0,0,0,0,0,0,0,0,0,0,0,0,0,0,0,0,0,0,0,0,0,0,0,0,0,0,0,0,0,0,0,0,0,0,0,0,0,0,0,0,0,0,0,0,0,0,0,0,0,0,0,0,0,0,0,0,0,0,0,0,0,0,0,0,0,212,21,122,2,0,30,124,4,0,0,0,0,0,0,0,0,0,0,0,0
0,0,0,249,1,99,0,0,0,20,0,69,0,0,0,0,6,315,0,196,26,1996,379,0,0,1438,0,108,0,82,0,16,0,50,0,0,0,0,0,0,0,0,1,1,0,0,0,0,0,0,0,0,0,0,0,0,0,0,0,0,0,0,0,0,0,0,0,0,0,0,0,0,0,0,1,83,0,46,0,1,0,0,0,0,0,0,0,1,0,0,0,0,0,0,0,0,0,0,0,0,0,0,0,0,0,0,0,0,0,0,0,0,0,0,0,0,0,0,0,0,0,0,0,0,0,0,0,0,0,0,0,0,0,0,0,0,0,0,0,0,0,0,0,0,0,0,0,0,0,0,1,34,1,32,2,3,0,158,0,0,0,0,0,0,0,0,0,0,0,0
0,0,24,5,19,2,0,0,0,0,23,0,0,0,0,0,10,2,23,2,310,0,1032,0,0,0,30,0,537,0,1,0,23,0,0,0,0,0,0,0,0,0,0,0,0,0,0,0,0,0,0,0,0,0,0,0,0,0,0,0,0,0,0,0,0,0,0,0,0,0,0,0,0,0,8,2,15,0,0,0,0,0,0,0,0,0,2,0,0,0,0,0,0,0,0,0,0,0,0,0,0,0,0,0,0,0,0,0,0,0,0,0,0,0,0,0,0,0,0,0,0,0,0,0,0,0,0,0,0,0,0,0,0,0,0,0,0,0,0,0,0,0,0,0,0,0,0,0,0,0,31,2,70,0,0,3,24,0,0,0,0,0,0,0,0,0,0,0,0,0
0,0,0,214,0,66,0,0,0,6,0,43,0,0,0,0,0,58,0,54,0,328,0,1438,0,0,0,153,0,281,0,8,0,37,0,0,0,0,0,0,0,0,0,0,0,0,0,0,0,0,0,0,0,0,0,0,0,0,0,0,0,0,0,0,0,0,0,0,0,0,0,0,0,0,0,26,0,0,0,0,0,0,0,0,0,0,0,0,0,0,0,0,0,0,0,0,0,0,0,0,0,0,0,0,0,0,0,0,0,0,0,0,0,0,0,0,0,0,0,0,0,0,0,0,0,0,0,0,0,0,0,0,0,0,0,0,0,0,0,0,0,0,0,0,0,0,0,0,0,0,1,4,0,5,1,2,0,53,0,0,0,0,0,0,0,0,0,0,0,0
0,0,87,0,17,0,0,0,0,0,4,0,0,0,0,0,1,0,8,0,176,0,95,0,30,0,0,0,20,0,0,0,0,0,0,0,0,0,0,0,0,0,0,0,0,0,0,0,0,0,0,0,0,0,0,0,0,0,0,0,0,0,0,0,0,0,0,0,0,0,0,0,0,0,0,0,0,0,0,0,0,0,0,0,0,0,0,0,0,0,0,0,0,0,0,0,0,0,0,0,0,0,0,0,0,0,0,0,0,0,0,0,0,0,0,0,0,0,0,0,0,0,0,0,0,0,0,0,0,0,0,0,0,0,0,0,0,0,0,0,0,0,0,0,0,0,0,0,0,0,0,0,10,0,0,0,1,0,0,0,0,0,0,0,0,0,0,0,0,0
0,0,0,557,0,894,0,0,0,6,0,343,0,0,0,0,0,12,2,51,0,161,0,108,0,153,0,0,0,444,0,124,0,15,0,0,0,0,0,0,0,0,0,0,0,0,0,0,0,0,0,0,0,0,0,0,0,0,0,0,0,0,0,0,0,0,0,0,0,0,0,0,0,0,0,6,0,1,0,0,0,0,0,0,0,0,0,0,0,0,0,0,0,0,0,0,0,0,0,0,0,0,0,0,0,0,0,0,0,0,0,0,0,0,0,0,0,0,0,0,0,0,0,0,0,0,0,0,0,0,0,0,0,0,0,0,0,0,0,0,0,0,0,0,0,0,0,0,0,0,5,1,1,10,1,0,1,11,0,0,0,0,0,0,0,0,0,0,0,0
0,0,59,16,86,12,0,0,44,1,970,1,0,0,0,0,103,15,155,7,212,0,117,0,537,0,20,0,0,1,84,0,884,0,0,0,0,0,0,0,1,0,0,0,17,0,0,0,0,0,0,0,0,0,0,0,0,0,0,0,0,0,0,0,0,0,0,0,0,0,0,0,0,0,155,7,164,1,0,0,0,0,0,0,0,0,223,0,0,0,0,0,0,0,0,0,0,0,0,0,0,0,0,0,0,0,0,0,0,0,0,0,0,0,0,0,0,0,0,0,0,0,0,0,0,0,0,0,0,0,0,0,0,0,0,0,0,0,0,0,0,0,0,0,0,0,0,0,0,0,53,14,129,2,1,30,28,0,0,0,0,0,0,0,0,0,0,0,0,0
0,0,0,106,0,91,0,0,0,21,0,799,0,0,0,0,1,32,4,42,0,11,0,82,0,281,0,444,1,0,0,349,0,382,0,0,0,0,0,0,0,3,0,0,0,1,0,0,0,0,0,0,0,0,0,0,0,0,0,0,0,0,0,0,0,0,0,0,0,0,0,0,0,0,1,42,0,1,0,0,0,0,0,0,0,0,0,90,0,0,0,11,0,4,0,0,0,0,0,0,0,0,0,0,0,0,0,0,0,0,0,0,0,0,0,0,0,0,0,0,0,0,0,0,0,0,0,0,0,0,0,0,0,0,0,0,0,0,0,0,0,0,0,0,0,0,0,0,0,0,2,14,2,8,0,5,1,16,0,0,0,0,0,0,0,0,0,0,0,0
0,0,53,0,220,1,0,0,35,0,923,0,0,0,0,0,0,0,21,0,4,0,0,0,1,0,0,0,84,0,0,0,32,0,0,0,0,0,0,0,0,0,0,0,0,0,0,0,0,0,0,0,0,0,0,0,0,0,0,0,0,0,0,0,0,0,0,0,0,0,0,0,0,0,15,0,6,0,0,0,0,0,0,0,0,0,3,0,0,0,0,0,0,0,0,0,0,0,0,0,0,0,0,0,0,0,0,0,0,0,0,0,0,0,0,0,0,0,0,0,0,0,0,0,0,0,0,0,0,0,0,0,0,0,0,0,0,0,0,0,0,0,0,0,0,0,0,0,0,0,0,0,1,1,0,3,0,0,0,0,0,0,0,0,0,0,0,0,0,0
0,0,0,106,0,232,0,0,0,21,0,835,0,0,0,0,0,8,0,30,0,7,0,16,0,8,0,124,0,349,0,0,0,44,0,0,0,3,0,0,0,0,0,0,0,2,0,0,0,0,0,0,0,0,0,0,0,0,0,0,0,0,0,0,0,0,0,0,0,0,0,0,0,0,0,10,0,0,0,0,0,0,0,0,0,0,0,0,0,0,0,0,0,0,0,0,0,0,0,0,0,0,0,0,0,0,0,0,0,0,0,0,0,0,0,0,0,0,0,0,0,0,0,0,0,0,0,0,0,0,0,0,0,0,0,0,0,0,0,0,0,0,0,0,0,0,0,0,0,0,5,6,0,10,0,6,0,1,0,0,0,0,0,0,0,0,0,0,0,0
663,13,282,31,703,35,990,11,2333,25,398,0,351,2,132,40,192,6,325,5,27,0,11,0,23,0,0,0,884,0,32,0,0,2,0,0,70,20,3,0,230,0,6,0,62,0,2,0,1,0,5,0,2,0,5,0,9,0,34,0,247,3,15,0,35,0,5,1,1,0,17,2,26,0,681,19,2061,7,166,11,0,0,254,0,107,0,292,1,35,0,0,0,141,0,0,0,0,0,1,0,0,0,0,0,0,0,1,0,0,1,2,1,0,0,0,0,0,0,0,0,0,1,0,0,9,3,63,4,9,0,1,1,2,0,2,1,0,1,0,0,1,0,0,0,3,0,1,0,0,0,16,5,46,2,106,94,16,0,0,0,1,0,2,0,4,0,0,0,0,0
3,577,2,150,6,434,0,1549,2,1482,3,488,1,1148,6,35,1,159,7,49,0,14,0,50,0,37,0,15,0,382,0,44,2,0,0,0,3,57,8,33,5,1124,4,82,0,234,8,59,0,14,1,17,0,3,0,8,0,0,1,207,1,423,0,3,2,3,2,104,0,16,4,87,0,17,5,327,3,1553,2,52,0,0,1,333,0,512,0,481,1,48,0,9,1,47,0,0,0,0,1,3,1,0,1,0,0,0,2,0,0,8,5,1,0,1,0,0,0,0,0,0,0,0,0,0,1,15,10,22,0,13,1,2,0,4,2,10,0,2,0,0,0,3,0,5,2,31,0,8,0,2,8,6,8,11,4,43,1,30,6,5,0,0,0,34,0,2,0,0,1,0
0,0,0,0,0,0,0,0,0,0,0,0,0,0,0,0,0,0,0,0,0,0,0,0,0,0,0,0,0,0,0,0,0,0,0,0,0,0,0,0,0,0,0,0,0,0,0,0,0,0,0,0,0,0,0,0,0,0,0,0,0,0,0,0,0,0,0,0,0,0,0,0,0,0,0,0,0,0,0,0,0,0,0,0,0,0,0,0,0,0,0,0,0,0,0,0,0,0,0,0,0,0,0,0,0,0,0,0,0,0,0,0,0,0,0,0,0,0,0,0,0,0,0,0,0,0,0,0,0,0,0,0,0,0,0,0,0,0,0,0,0,0,0,0,0,0,0,0,0,0,0,0,0,0,0,0,0,0,0,0,0,0,0,0,0,0,0,0,0,0
0,0,0,0,0,0,0,0,0,0,0,0,0,0,0,0,0,0,0,0,0,0,0,0,0,0,0,0,0,0,0,0,0,0,0,0,0,0,0,0,0,0,0,0,0,0,0,0,0,0,0,0,0,0,0,0,0,0,0,0,0,0,0,0,0,0,0,0,0,0,0,0,0,0,0,0,0,0,0,0,0,0,0,0,0,0,0,0,0,0,0,0,0,0,0,0,0,0,0,0,0,0,0,0,0,0,0,0,0,0,0,0,0,0,0,0,0,0,0,0,0,0,0,0,0,0,0,0,0,0,0,0,0,0,0,0,0,0,0,0,0,0,0,0,0,0,0,0,0,0,0,0,0,0,0,0,0,0,0,0,0,0,0,0,0,0,0,0,0,0
463,7,169,26,67,22,46,13,84,17,0,0,51,2,2139,24,0,0,612,5,0,0,0,0,0,0,0,0,0,0,0,0,70,3,0,0,0,63,1488,4,15,2,0,0,2,0,41,1,112,1,7,0,88,0,60,0,9,0,7,0,401,3,644,0,195,0,105,7,46,0,1441,12,1050,1,122,12,93,10,92,14,0,0,17,2,39,6,3,1,34,1,0,0,1,0,0,0,0,1,1,0,0,0,0,0,0,0,0,0,1,3,4,2,0,0,0,0,0,0,0,1,1,1,6,0,28,3,206,3,29,2,1,2,3,0,19,1,6,1,0,0,0,0,0,0,11,1,7,1,3,0,0,0,0,0,843,37,0,0,1,0,0,0,8,1,1,1,1,0,1,0
105,362,8,591,12,164,18,77,21,69,0,5,6,22,89,2344,0,0,16,673,0,0,0,0,0,0,0,0,0,0,0,3,20,57,0,0,63,0,38,1370,3,19,2,0,0,2,50,9,1,5,3,0,0,2,2,5,0,0,0,2,58,113,14,11,3,3,7,129,1,25,44,1273,23,257,211,79,14,83,23,133,0,0,0,7,2,18,0,2,1,3,0,0,0,1,0,0,0,0,0,1,1,0,0,0,0,0,3,0,1,3,5,0,0,0,0,0,0,0,0,1,0,0,0,1,2,20,16,85,0,17,0,0,1,2,0,16,1,10,1,0,1,1,0,1,2,2,0,6,1,4,1,2,13,14,71,1437,0,4,1,6,0,1,0,25,0,2,0,0,1,0
15,1,0,0,1,0,1,1,0,0,0,0,74,0,2,0,0,0,0,0,0,0,0,0,0,0,0,0,0,0,0,0,3,8,0,0,1488,38,0,70,58,77,2,0,0,0,993,452,107,70,30,32,30,7,61,2,20,0,18,3,15,3,38,0,33,0,86,4,32,6,614,500,7,0,60,0,7,4,42,2,0,0,57,14,162,20,0,0,54,2,0,0,4,1,1,0,1,0,5,1,1,0,0,0,0,0,0,0,1,3,2,3,1,1,0,0,0,0,0,0,1,0,8,0,8,0,70,0,18,0,0,0,0,0,11,1,8,0,0,0,1,0,0,0,25,0,9,0,2,0,0,0,0,0,0,0,0,1,3,0,0,0,6,2,3,0,0,0,3,0
1,23,0,4,0,2,0,2,0,2,0,0,5,4,0,16,0,0,0,0,0,0,0,0,0,0,0,0,0,0,0,0,0,33,0,0,4,1370,70,0,11,169,0,0,0,0,205,178,2,42,14,31,0,5,5,8,0,1,1,5,1,36,0,0,2,1,1,20,0,31,50,612,0,1,3,0,0,5,3,8,0,0,1,45,3,62,0,0,0,21,0,0,0,0,0,0,0,0,0,0,0,0,0,0,0,0,0,0,0,0,0,0,0,0,0,0,0,0,0,0,0,0,0,0,1,1,0,1,0,0,0,0,0,0,0,0,0,1,0,0,0,0,0,0,1,2,0,1,0,0,0,0,0,0,0,0,0,0,1,0,1,0,1,3,0,0,0,0,0,0
11,0,3,2,0,0,0,0,2,0,0,0,33,0,1,1,7,0,0,0,0,0,0,0,0,0,0,0,1,0,0,0,230,5,0,0,15,3,58,11,0,38,982,6,1122,0,38,121,7,2,164,7,1,0,44,0,62,1,333,4,14,2,2,0,6,0,4,1,3,0,79,158,0,2,35,5,1470,13,376,4,0,0,108,0,457,3,633,0,233,2,42,0,867,0,2,4,1,7,43,26,31,1,2,5,5,0,21,14,16,99,99,43,5,14,1,2,0,0,1,4,2,0,4,0,35,2,139,4,13,7,6,0,15,2,51,5,9,1,69,1,26,5,40,1,357,3,5,2,4,1,0,0,0,0,1,1,4,0,27,2,8,2,124,2,33,3,1,0,20,0
1,36,2,15,1,18,1,17,2,41,0,0,0,4,1,21,0,8,2,2,0,0,0,0,0,0,0,0,0,3,0,0,0,1124,0,0,2,19,77,169,38,0,20,2614,0,884,5,103,0,0,1,876,0,0,1,0,1,10,1,1025,0,21,0,3,0,0,0,5,0,1,3,569,1,5,5,118,2,3264,6,275,0,0,1,128,3,850,1,639,0,522,0,191,1,308,0,5,1,5,12,20,7,4,0,1,0,1,13,12,16,93,77,56,4,7,1,1,0,1,0,3,0,2,0,3,3,52,4,63,0,70,0,5,2,10,4,44,1,11,2,70,0,40,0,87,4,386,0,49,0,24,0,0,0,0,0,3,1,79,16,18,1,8,8,282,9,26,1,0,17,0
2,1,0,0,0,1,0,0,0,0,0,0,3,0,0,2,123,4,0,0,0,0,0,1,0,0,0,0,0,0,0,0,6,4,0,0,0,2,2,0,982,20,0,9,504,0,0,0,0,0,1198,1,0,0,2,0,3,0,3213,1,2,0,0,0,0,0,0,0,0,0,33,1,0,1,5,3,25,8,12,4,0,0,10,1,26,1,76,0,32,0,88,0,464,0,2,1,0,0,8,10,18,2,1,0,3,2,22,7,10,42,62,27,4,1,0,0,0,0,0,4,0,0,0,2,2,0,12,6,0,2,0,0,3,0,5,1,0,3,6,0,2,4,1,3,11,6,0,0,0,2,0,0,0,0,0,1,0,0,15,2,2,2,5,3,11,2,0,0,2,0
0,0,0,0,0,2,0,3,0,0,0,0,0,0,1,0,0,0,0,0,0,0,0,1,0,0,0,0,0,0,0,0,0,82,0,0,0,0,0,0,6,2614,9,0,1,660,0,8,0,0,0,606,0,0,0,0,1,2,0,1393,0,1,0,0,1,0,0,0,1,0,0,19,0,0,2,1,3,59,1,5,0,0,0,4,1,198,0,157,0,167,0,417,0,79,1,19,0,20,6,10,1,14,0,7,0,15,1,85,9,81,26,79,5,2,0,0,0,0,2,1,0,0,0,0,1,1,1,0,0,1,0,0,3,0,0,1,0,0,0,1,0,1,1,0,0,9,0,1,0,0,0,0,0,0,0,0,0,0,1,1,0,1,2,1,0,1,0,0,0,0
1,0,1,0,0,0,0,0,1,0,0,0,0,0,1,0,88,0,2,0,0,0,0,0,0,0,0,0,17,0,0,0,62,0,0,0,2,0,0,0,1122,0,504,1,0,0,1,0,0,0,0,0,0,0,0,0,0,0,162,0,0,0,0,0,3,0,0,0,0,0,0,0,0,0,24,0,679,0,203,0,0,0,0,0,2,0,659,0,34,0,21,0,76,0,0,0,0,0,1,1,0,0,0,0,0,0,0,0,0,2,9,3,0,0,0,0,0,0,0,0,1,0,0,0,13,0,14,0,2,0,0,0,0,0,2,0,1,0,0,0,0,0,0,1,0,0,0,0,0,0,0,0,2,0,1,0,45,0,0,0,2,0,73,0,0,0,0,0,0,0
1,7,1,17,1,17,0,20,1,75,0,1,0,3,2,6,0,111,2,3,0,0,0,0,0,0,0,0,0,1,0,2,0,234,0,0,0,2,0,0,0,884,0,660,0,0,0,0,0,0,0,0,0,0,0,0,0,0,0,78,0,5,0,0,0,0,0,1,0,0,0,1,0,0,2,118,1,801,0,74,0,0,0,1,0,12,0,580,0,17,0,135,0,10,0,0,0,0,0,1,0,0,0,0,0,0,0,1,0,0,0,0,0,0,0,0,0,0,0,0,0,3,0,0,0,7,0,8,0,2,0,1,0,0,0,13,0,1,0,1,0,0,0,0,0,1,0,2,0,0,0,0,1,0,2,9,0,149,0,2,0,0,0,15,0,0,0,0,0,0
8,3,1,0,0,1,0,0,0,0,0,0,6,0,1,2,0,0,0,0,0,0,0,0,0,0,0,0,0,0,0,0,2,8,0,0,41,50,993,205,38,5,0,0,1,0,0,621,3515,195,4551,555,1864,13,1673,24,712,0,386,5,4,3,27,0,8,0,7,0,32,5,2476,620,2,1,9,0,7,1,8,1,0,0,4,7,31,19,0,1,31,27,0,0,3,0,30,0,0,0,0,0,0,0,17,0,0,0,0,1,0,1,3,0,0,0,0,0,0,0,0,1,0,0,1,0,1,1,7,0,5,0,0,0,1,0,7,0,2,0,0,0,0,0,0,0,12,2,3,0,0,0,0,0,0,0,0,0,0,0,2,0,0,0,0,1,1,0,0,0,0,0
0,1,0,0,0,0,0,0,0,1,0,0,0,11,0,0,0,0,0,0,0,0,0,0,0,0,0,0,0,0,0,0,0,59,0,0,1,9,452,178,121,103,0,8,0,0,621,0,13,2051,43,4472,0,1733,2,1255,0,450,9,410,0,10,1,0,0,1,0,29,0,33,253,1370,0,1,1,1,0,15,1,1,0,0,1,173,1,617,0,0,0,870,0,0,2,90,0,0,0,0,1,0,0,0,0,0,0,0,0,0,0,0,1,0,0,0,0,0,0,0,0,0,0,0,1,0,0,1,2,0,0,1,0,0,1,0,0,0,1,0,0,0,0,0,0,0,0,0,0,0,0,0,0,0,0,0,0,0,0,0,1,0,0,0,0,0,0,0,0,0,0,0
9,0,1,0,1,0,0,0,0,0,0,0,10,0,1,0,0,0,0,0,0,0,0,0,0,0,0,0,0,0,0,0,1,0,0,0,112,1,107,2,7,0,0,0,0,0,3515,13,0,90,37,0,3714,4,375,0,32,0,5,0,8,0,192,0,21,0,13,0,42,0,1401,13,13,0,6,0,4,0,7,0,0,0,9,0,57,2,0,0,51,0,0,0,3,0,0,0,0,0,4,1,0,0,0,0,0,0,0,0,0,1,0,0,0,1,0,0,0,0,0,0,1,0,2,0,1,0,15,0,1,0,0,0,0,0,7,0,0,0,0,0,0,0,1,0,13,0,5,0,0,0,0,0,0,0,0,0,0,0,0,0,1,0,1,0,3,2,0,0,1,0
0,4,0,0,0,0,0,0,0,0,0,0,2,0,0,0,0,0,0,0,0,0,0,0,0,0,0,0,0,0,0,0,0,14,0,0,1,5,70,42,2,0,0,0,0,0,195,2051,90,0,3,68,1,3630,1,315,2,6,1,6,1,98,1,2,0,3,0,26,0,48,106,1005,0,0,0,0,1,1,1,0,0,0,0,22,1,47,0,0,2,106,0,0,0,7,0,0,0,0,0,0,0,0,0,0,0,0,0,0,0,0,0,0,0,0,0,0,0,0,0,0,0,0,0,0,0,0,0,1,0,0,0,0,0,0,0,0,0,0,0,0,0,0,0,0,1,0,0,0,0,0,0,0,0,0,0,0,0,0,0,0,0,0,0,0,0,0,0,0,0,0
2,0,0,0,0,0,0,0,0,0,0,0,10,1,0,0,0,0,0,0,0,0,0,0,0,0,0,0,0,0,0,0,5,1,0,0,7,3,30,14,164,1,1198,0,0,0,4551,43,37,3,0,5,114,0,927,0,2095,0,1658,0,4,0,7,0,3,0,2,0,5,0,997,71,1,0,14,1,15,0,5,0,0,0,39,0,60,1,1,0,38,0,0,0,42,0,72,1,1,0,43,0,26,0,204,0,1,0,10,1,2,4,4,1,2,20,0,9,0,0,1,1,0,0,0,0,4,0,1,0,1,0,1,0,2,0,7,2,0,0,0,0,3,0,0,2,25,0,1,0,2,0,0,0,0,0,1,0,0,0,6,0,1,0,4,0,5,0,1,0,8,0
0,3,0,0,0,0,0,0,0,0,0,0,0,0,1,1,0,0,0,0,0,0,0,0,0,0,0,0,0,0,0,0,0,17,0,0,0,0,32,31,7,876,1,606,0,0,555,4472,0,68,5,0,0,123,1,738,0,598,1,859,0,3,0,0,0,0,0,5,0,21,12,963,0,1,0,1,0,12,1,0,0,0,0,31,0,261,0,1,0,1036,0,0,0,72,0,73,0,1,9,50,3,96,18,289,3,0,16,13,19,38,32,16,40,87,72,251,7,0,1,20,0,0,0,0,1,0,2,0,0,2,0,0,0,0,5,4,0,1,0,1,0,0,1,0,2,13,0,0,0,0,0,0,0,0,0,0,0,0,7,1,0,0,1,2,2,0,6,3,138,0
7,1,1,0,1,0,1,0,0,0,0,0,3,0,7,1,0,0,0,0,0,0,0,0,0,0,0,0,0,0,0,0,2,0,0,0,88,0,30,0,1,0,0,0,0,0,1864,0,3714,1,114,0,0,0,3765,0,70,0,4,0,23,0,689,0,121,0,11,0,71,0,222,2,21,0,13,0,1,0,8,0,0,0,4,1,29,0,0,0,23,0,0,0,6,0,0,0,0,0,1,0,1,0,2,0,0,0,0,0,0,0,0,1,0,1,0,0,0,0,0,0,0,0,0,0,2,0,11,0,1,0,0,0,0,0,4,0,0,0,0,0,0,0,0,0,5,0,0,0,0,0,0,0,0,0,1,0,0,0,0,0,0,0,1,0,0,0,0,0,0,0
0,10,0,0,0,1,0,0,0,0,0,0,1,0,0,0,0,0,0,0,0,0,0,0,0,0,0,0,0,0,0,0,0,3,0,0,0,2,7,5,0,0,0,0,0,0,13,1733,4,3630,0,123,0,0,0,2284,0,36,0,17,0,132,1,293,0,46,0,17,0,1204,11,614,0,0,0,0,0,0,0,0,0,0,0,1,0,11,0,0,0,151,0,0,0,8,0,0,0,0,0,0,0,0,0,0,0,0,0,0,0,0,0,0,0,0,0,0,0,0,0,0,0,0,0,0,0,0,0,0,0,0,0,0,0,0,0,0,0,0,0,0,0,0,0,0,0,0,0,0,0,0,0,0,0,0,0,0,0,0,0,0,0,0,0,0,0,0,0,0,0,0
27,1,2,0,0,0,0,0,1,0,0,0,43,0,5,0,0,0,0,0,0,0,0,0,0,0,0,0,0,0,0,0,5,0,0,0,60,2,61,5,44,1,2,0,0,0,1673,2,375,1,927,1,3765,0,0,0,3412,0,230,0,27,0,399,0,887,0,37,0,1637,0,63,0,9,0,23,1,25,0,22,0,0,0,78,0,431,0,1,0,1908,0,0,0,263,0,10,1,0,0,2,1,2,0,0,0,0,0,3,2,0,4,7,1,1,1,0,0,0,0,0,0,0,0,1,0,5,0,30,0,8,0,0,0,3,0,18,0,3,1,0,0,3,1,1,0,12,1,2,0,0,0,0,0,0,0,2,0,0,0,3,0,0,0,2,0,5,0,0,0,0,0
0,2,0,1,0,0,0,0,0,0,0,0,0,0,0,0,0,0,0,0,0,0,0,0,0,0,0,0,0,0,0,0,0,8,0,0,0,5,2,8,0,0,0,0,0,0,24,1255,0,315,0,738,0,2284,0,0,0,1375,0,304,0,71,0,65,0,87,0,43,0,1191,3,90,0,0,0,0,0,2,0,0,0,0,0,1,0,39,0,0,0,1862,0,0,0,108,0,0,0,0,1,0,0,0,0,0,0,0,0,0,0,0,0,0,0,0,0,0,0,0,0,0,0,0,0,0,0,1,0,0,0,0,0,0,0,0,0,0,0,0,0,0,0,0,0,0,1,0,0,0,0,0,0,0,0,0,0,0,0,0,0,0,0,1,0,0,0,0,0,0,0,0
6,0,0,0,0,0,0,0,0,0,0,0,22,0,2,0,0,0,0,0,0,0,0,0,0,0,0,0,0,0,0,0,9,0,0,0,9,0,20,0,62,1,3,1,0,0,712,0,32,2,2095,0,70,0,3412,0,0,0,1467,0,8,0,5,0,6,0,4,0,9,0,38,2,0,0,11,0,38,0,18,0,0,0,67,0,254,2,0,0,285,0,0,0,671,0,6,0,0,0,1,1,2,0,0,1,1,0,0,3,1,4,4,4,0,1,0,0,0,0,0,0,0,0,0,0,10,0,7,0,4,0,0,0,3,0,8,0,1,0,0,0,2,1,0,0,24,0,3,0,1,0,0,0,0,0,0,0,0,0,2,0,2,0,3,0,3,0,0,0,4,0
0,0,0,0,0,0,0,0,0,0,0,0,0,0,0,0,0,0,0,0,0,0,0,0,0,0,0,0,0,0,0,0,0,0,0,0,0,0,0,1,1,10,0,2,0,0,0,450,0,6,0,598,0,36,0,1375,0,0,0,1198,0,0,0,0,0,0,0,2,0,0,0,2,0,0,0,0,0,0,0,0,0,0,0,5,0,62,0,0,0,514,0,0,0,1308,0,0,0,0,0,0,0,0,0,0,0,0,0,0,0,0,0,0,0,0,0,0,0,0,0,0,0,0,0,0,0,0,0,0,0,1,0,0,0,0,0,0,0,0,0,0,0,0,0,0,0,0,0,0,0,0,0,0,0,0,0,0,0,0,0,0,0,0,0,0,0,0,0,0,0,0
8,0,0,0,0,0,1,0,1,0,0,0,5,0,1,0,0,0,0,0,0,0,0,0,0,0,0,0,0,0,0,0,34,1,0,0,7,0,18,1,333,1,3213,0,162,0,386,9,5,1,1658,1,4,0,230,0,1467,0,0,0,4,0,1,0,4,0,2,0,2,1,141,13,0,0,7,0,97,0,22,0,0,0,76,0,282,0,311,0,255,0,649,0,4627,0,218,1,0,1,8,2,1,0,56,0,0,0,1,1,0,8,7,2,0,0,0,0,0,0,0,1,0,0,1,0,10,0,11,0,0,0,1,0,6,0,15,1,0,0,0,0,4,0,0,0,22,1,0,0,0,0,0,0,0,0,1,0,1,0,2,2,1,0,5,0,4,0,0,0,0,0
0,2,0,1,1,0,0,2,0,4,0,0,0,0,0,4,0,2,0,0,0,0,0,0,0,0,0,0,0,0,0,0,0,207,0,0,0,2,3,5,4,1025,1,1393,0,78,5,410,0,6,0,859,0,17,0,304,0,1198,0,0,0,0,0,0,0,0,0,0,0,0,1,109,0,1,0,3,0,185,1,4,0,0,0,55,0,1161,0,319,0,2183,0,874,0,4494,0,644,0,6,0,4,1,5,0,1721,0,0,0,2,0,1,2,0,0,0,0,4,0,0,1,0,0,0,0,0,0,0,0,2,0,0,0,0,0,1,0,0,0,0,0,2,0,0,0,1,0,3,0,0,0,0,0,0,0,0,0,0,0,0,0,0,0,0,0,0,0,0,0,0,0,0
7675,14,59,4,36,2,383,1,22,2,0,0,1273,0,87,17,0,0,1,0,0,0,0,0,0,0,0,0,0,0,0,0,247,1,0,0,401,58,15,1,14,0,2,0,0,0,4,0,8,1,4,0,23,0,27,0,8,0,4,0,0,5,2113,0,3162,0,1096,4,32,2,444,5,820,5,103,5,282,2,290,1,0,0,66,2,749,2,6,0,35,0,0,0,3,0,0,0,0,1,3,1,0,0,0,0,0,1,0,0,0,0,3,1,0,1,0,0,0,0,0,0,0,0,1,0,38,0,297,2,30,1,3,0,3,0,15,0,6,0,0,0,0,0,0,0,6,0,8,0,2,0,0,0,0,0,97,3,0,0,4,0,1,0,5,1,3,0,0,0,4,0
2,6519,1,24,1,100,0,162,2,49,0,0,0,1332,0,186,0,0,2,0,0,0,0,0,0,0,0,0,0,0,0,0,3,423,0,0,3,113,3,36,2,21,0,1,0,5,3,10,0,98,0,3,0,132,0,71,0,0,0,0,5,0,0,3126,0,1318,1,2809,0,444,4,1282,1,851,19,116,1,236,1,286,0,0,0,8,0,164,0,3,0,26,0,0,0,1,0,0,0,0,0,2,0,0,0,0,0,0,0,1,0,2,2,0,1,0,0,0,0,0,0,0,0,1,0,1,0,79,2,96,0,17,0,0,0,2,0,17,0,14,0,1,0,2,0,0,0,9,0,4,0,0,0,0,0,0,4,8,0,2,4,3,0,0,0,12,1,1,0,0,1,0
251,0,12,2,7,0,10,0,5,0,0,0,4,0,131,1,0,0,0,0,0,0,0,0,0,0,0,0,0,0,0,0,15,0,0,0,644,14,38,0,2,0,0,0,0,0,27,1,192,1,7,0,689,1,399,0,5,0,1,0,2113,0,0,0,2096,0,33,1,146,0,1768,1,356,0,23,0,31,0,35,1,0,0,1,1,13,0,1,0,24,0,0,0,0,0,0,0,0,0,0,0,0,0,0,0,0,0,0,0,0,1,0,0,0,0,0,0,0,0,0,0,2,0,0,0,6,0,48,0,6,0,1,0,1,0,4,0,0,0,1,0,0,0,0,0,2,0,2,0,0,0,0,0,0,0,13,0,0,0,0,0,0,0,1,0,0,0,0,0,0,0
0,106,0,1,0,6,0,3,0,0,0,0,0,0,0,3,0,0,0,0,0,0,0,0,0,0,0,0,0,0,0,0,0,3,0,0,0,11,0,0,0,3,0,0,0,0,0,0,0,2,0,0,0,293,0,65,0,0,0,0,0,3126,0,0,0,1161,0,95,0,798,0,1002,0,39,1,4,1,5,0,9,0,0,0,1,0,0,0,0,0,8,0,0,0,0,0,0,0,0,0,0,0,0,0,0,0,0,0,0,0,0,0,0,0,0,0,0,0,0,0,0,0,0,0,0,0,3,0,8,0,1,0,0,0,1,0,0,0,0,0,0,0,0,0,1,0,0,0,0,0,0,0,0,0,0,0,2,0,0,0,1,0,0,0,1,0,1,0,0,0,0
491,0,8,0,4,0,20,1,6,0,0,0,114,0,49,0,0,0,0,0,0,0,0,0,0,0,0,0,0,0,0,0,35,2,0,0,195,3,33,2,6,0,0,1,3,0,8,0,21,0,3,0,121,0,887,0,6,0,4,0,3162,0,2096,0,0,0,1242,1,2433,0,39,1,42,0,78,1,95,0,95,0,0,0,3,1,207,0,2,0,522,0,0,0,3,0,0,0,0,0,1,0,1,0,0,0,0,0,0,0,0,1,2,0,0,0,0,0,0,0,0,0,1,0,3,0,23,0,129,0,16,0,1,0,2,0,4,0,2,0,0,0,0,0,0,0,4,0,8,0,1,0,0,0,0,0,6,1,0,0,0,0,0,0,2,0,0,0,0,0,0,0
0,21,0,0,1,0,0,1,0,1,0,0,0,1,0,0,0,0,0,0,0,0,0,0,0,0,0,0,0,0,0,0,0,3,0,0,0,3,0,1,0,0,0,0,0,0,0,1,0,3,0,0,0,46,0,87,0,0,0,0,0,1318,0,1161,0,0,0,2169,0,1440,0,7,0,0,0,0,0,1,0,3,0,0,0,0,0,6,0,0,0,9,0,0,0,0,0,0,0,0,0,0,0,0,0,0,0,0,0,0,0,1,0,0,0,0,0,0,0,0,0,0,0,0,0,0,0,2,0,3,0,0,0,0,0,0,0,0,0,1,0,0,0,0,0,0,0,0,0,0,0,0,0,0,0,0,0,0,0,0,0,0,0,0,0,0,0,0,0,0,0,0
230,1,5,1,7,0,5,0,3,0,0,0,62,0,10,0,0,0,0,0,0,0,0,0,0,0,0,0,0,0,0,0,5,2,0,0,105,7,86,1,4,0,0,0,0,0,7,0,13,0,2,0,11,0,37,0,4,0,2,0,1096,1,33,0,1242,0,0,0,272,1,13,3,11,0,17,0,27,2,39,1,0,0,3,0,1512,0,2,0,98,1,0,0,0,0,0,0,0,0,1,0,1,0,0,0,0,0,0,0,0,1,0,0,0,0,0,0,0,0,0,0,2,0,1,0,5,0,52,1,6,0,0,0,2,0,6,0,5,0,0,0,0,0,0,0,4,0,1,0,0,0,0,0,0,0,2,0,0,0,0,0,0,0,1,0,3,0,0,0,0,0
0,178,0,4,0,11,0,13,0,18,0,0,0,737,0,5,0,0,2,0,0,0,0,0,0,0,0,0,0,0,0,0,1,104,0,0,7,129,4,20,1,5,0,0,0,1,0,29,0,26,0,5,0,17,0,43,0,2,0,0,4,2809,1,95,1,2169,0,0,0,1264,0,117,0,1,4,26,3,103,0,71,0,0,1,20,0,677,0,0,0,80,0,0,0,2,0,0,0,0,0,0,0,0,0,0,0,0,0,0,0,1,0,0,0,0,0,0,0,0,0,0,0,0,1,0,0,4,2,39,1,0,0,0,1,0,0,6,0,2,0,1,0,1,0,1,2,0,0,0,0,0,0,0,0,0,1,1,0,1,0,1,1,0,0,5,1,1,0,0,0,0
23,0,1,1,1,0,1,0,1,0,0,0,8,0,9,0,0,0,0,0,0,0,0,0,0,0,0,0,0,0,0,0,1,0,0,0,46,1,32,0,3,0,0,1,0,0,32,0,42,0,5,0,71,0,1637,0,9,0,2,0,32,0,146,0,2433,0,272,0,0,0,30,0,9,0,11,0,4,0,5,0,0,0,4,0,146,1,0,0,1203,0,0,0,0,0,0,0,0,0,1,0,0,0,0,0,0,0,0,0,0,0,1,0,0,0,0,0,0,0,0,0,0,0,0,0,1,0,12,0,2,0,0,0,0,0,1,0,0,0,0,0,0,0,0,1,2,0,1,0,0,0,0,0,0,0,2,0,0,0,0,0,0,0,1,0,1,0,0,0,0,0
0,17,0,0,0,1,0,0,0,0,0,0,2,1,0,1,0,0,0,0,0,0,0,0,0,0,0,0,0,0,0,0,0,16,0,0,0,25,6,31,0,1,0,0,0,0,5,33,0,48,0,21,0,1204,0,1191,0,0,1,0,2,444,0,798,0,1440,1,1264,0,0,2,106,0,0,0,0,1,2,3,2,0,0,0,5,1,569,0,0,0,914,0,0,0,0,0,0,0,0,0,0,0,0,0,0,0,0,0,0,0,2,0,0,0,0,0,0,0,0,0,0,0,0,0,0,0,0,3,2,0,0,0,0,0,0,0,0,0,0,0,0,0,0,0,0,0,0,0,0,0,0,0,0,0,0,0,0,0,0,0,0,0,0,0,1,0,0,0,0,0,0
131,1,11,2,5,0,20,0,3,0,0,0,28,0,47,8,0,0,1,0,0,0,0,0,0,0,0,0,0,0,0,0,17,4,0,0,1441,44,614,50,79,3,33,0,0,0,2476,253,1401,106,997,12,222,11,63,3,38,0,141,1,444,4,1768,0,39,0,13,0,30,2,0,326,1553,2,20,1,25,0,37,1,0,0,10,9,67,15,1,0,43,6,0,0,8,0,1,0,0,0,3,0,0,0,0,0,0,0,0,0,0,3,1,1,0,0,0,0,0,0,0,0,0,0,2,0,10,0,40,0,5,0,0,0,2,0,7,0,4,0,0,0,0,0,0,0,14,0,3,0,1,0,0,0,0,0,21,0,0,0,1,0,0,0,2,0,4,0,0,0,0,0
3,604,1,56,2,55,1,34,1,10,0,0,2,7,3,259,0,0,0,0,0,0,0,0,0,0,0,0,0,0,0,0,2,87,0,0,12,1273,500,612,158,569,1,19,0,1,620,1370,13,1005,71,963,2,614,0,90,2,2,13,109,5,1282,1,1002,1,7,3,117,0,106,326,0,0,417,18,39,3,59,10,137,0,0,0,70,4,223,0,3,2,94,0,0,2,19,0,0,0,0,2,2,1,0,0,0,0,0,2,0,1,3,4,1,1,0,0,0,0,0,0,0,0,1,0,0,2,30,9,103,1,13,0,0,0,3,2,15,0,5,0,0,0,0,0,2,2,9,0,1,0,0,0,0,0,0,5,6,0,1,6,2,0,0,0,17,1,5,0,0,0,0
759,13,220,3,41,2,37,2,51,0,0,0,6,0,1536,16,0,0,3,0,0,0,0,0,0,0,0,0,0,0,0,0,26,0,0,0,1050,23,7,0,0,1,0,0,0,0,2,0,13,0,1,0,21,0,9,0,0,0,0,0,820,1,356,0,42,0,11,0,9,0,1553,0,0,11,16,1,19,0,20,1,0,0,1,0,3,0,0,0,4,1,0,0,0,0,0,0,0,0,1,1,0,0,1,0,0,0,0,0,0,0,0,0,0,0,0,0,0,0,0,0,1,0,0,0,2,0,14,1,0,2,0,0,0,0,0,1,1,0,0,0,0,0,0,0,0,0,0,0,0,0,0,0,0,0,172,7,0,0,0,0,0,0,0,0,0,0,0,0,0,0
8,865,1,243,2,106,2,27,6,6,0,0,0,5,2,1549,0,0,0,1,0,0,0,0,0,0,0,0,0,0,0,0,0,17,0,0,1,257,0,1,2,5,1,0,0,0,1,1,0,0,0,1,0,0,0,0,0,0,0,1,5,851,0,39,0,0,0,1,0,0,2,417,11,0,28,26,2,21,3,40,0,0,0,0,0,1,1,0,0,0,0,0,0,0,0,0,0,0,0,1,0,0,0,0,0,0,0,0,0,1,0,0,0,0,0,0,0,0,0,0,0,1,0,0,0,9,1,19,0,5,0,0,0,0,0,3,0,5,0,0,0,0,0,0,0,1,0,0,0,0,0,0,0,0,6,12,0,0,1,0,0,1,0,5,0,0,0,0,1,0
66,171,97,60,103,43,24,24,151,9,133,2,16,0,80,151,50,444,233,9,41,2,43,1,8,0,0,0,155,1,15,0,681,5,0,0,122,211,60,3,35,5,5,2,24,2,9,1,6,0,14,0,13,0,23,0,11,0,7,0,103,19,23,1,78,0,17,4,11,0,20,18,16,28,0,141,1133,15,753,25,0,0,14,4,17,4,29,0,14,1,0,0,3,0,1,0,0,0,11,4,0,0,0,0,0,0,5,2,2,11,5,4,0,2,0,0,0,0,0,0,36,0,26,0,164,12,461,5,185,4,8,0,19,1,87,7,48,3,0,0,6,0,1,0,119,2,90,1,11,0,34,37,127,4,110,144,343,5,7,1,10,0,35,0,16,0,0,0,5,0
8,390,6,199,11,266,0,202,9,217,3,78,0,35,21,128,9,232,38,68,2,19,4,83,2,26,0,6,7,42,0,10,19,327,0,0,12,79,0,0,5,118,3,1,0,118,0,1,0,0,1,1,0,0,1,0,0,0,0,3,5,116,0,4,1,0,0,26,0,0,1,39,1,26,141,0,7,2221,1,996,0,0,0,1,0,5,0,41,1,0,0,1,0,1,0,1,0,0,2,3,6,0,0,0,0,0,3,2,3,9,11,4,0,0,1,0,0,0,0,0,0,42,0,8,0,267,4,442,0,191,0,22,1,15,2,468,0,179,0,0,0,2,0,1,1,43,0,94,0,17,8,16,13,6,47,93,8,617,7,20,1,5,2,95,8,20,1,0,5,0
315,9,61,7,86,14,76,5,81,5,37,0,139,0,37,15,303,7,56,0,22,1,37,0,15,0,0,0,164,0,6,0,2061,3,0,0,93,14,7,0,1470,2,25,3,679,1,7,0,4,1,15,0,1,0,25,0,38,0,97,0,282,1,31,1,95,0,27,3,4,1,25,3,19,2,1133,7,0,6,1991,6,0,0,144,1,167,0,740,0,101,0,15,0,502,0,0,1,0,1,5,2,3,0,0,1,1,0,2,0,1,16,10,7,1,3,0,0,0,0,1,1,0,0,0,0,96,1,128,2,28,0,4,0,15,0,23,2,11,0,1,0,3,1,2,0,50,4,12,0,0,0,28,3,28,0,64,39,230,0,10,0,8,0,59,3,6,0,0,0,4,0
3,244,4,157,7,229,0,291,9,517,0,16,1,90,11,92,1,655,29,49,0,3,2,46,0,0,0,1,1,1,0,0,7,1553,0,0,10,83,4,5,13,3264,8,59,0,801,1,15,0,1,0,12,0,0,0,2,0,0,0,185,2,236,0,5,0,1,2,103,0,2,0,59,0,21,15,2221,6,0,5,544,0,0,0,130,0,139,0,453,0,48,0,6,0,35,0,0,0,1,1,6,2,1,0,2,1,0,5,5,2,31,26,15,4,2,0,0,0,0,1,2,0,4,1,0,0,25,8,77,0,35,0,4,1,6,1,35,0,13,0,47,0,19,0,34,0,150,1,19,0,10,2,2,22,3,14,83,0,1083,6,13,1,3,3,77,1,6,2,2,4,0
293,10,9,6,29,2,57,0,29,0,1,0,103,1,19,10,9,0,9,1,0,0,0,0,0,0,0,0,0,0,0,0,166,2,0,0,92,23,42,3,376,6,12,1,203,0,8,1,7,1,5,1,8,0,22,0,18,0,22,1,290,1,35,0,95,0,39,0,5,3,37,10,20,3,753,1,1991,5,0,4,0,0,27,5,33,1,37,0,20,1,0,0,16,0,0,2,0,0,6,7,1,0,0,0,0,0,4,1,6,11,25,10,2,6,0,0,0,0,0,1,1,0,3,0,137,2,192,4,30,0,13,0,25,0,43,0,19,2,1,0,0,0,1,0,24,5,8,0,1,0,0,0,0,0,46,12,265,0,10,2,9,0,151,1,7,0,0,0,6,0
4,376,11,124,9,189,3,120,12,208,0,0,0,35,16,157,0,1,18,23,0,0,0,1,0,0,0,0,0,0,0,0,11,52,0,0,14,133,2,8,4,275,4,5,0,74,1,1,0,0,0,0,0,0,0,0,0,0,0,4,1,286,1,9,0,3,1,71,0,2,1,137,1,40,25,996,6,544,4,0,0,0,0,5,0,8,0,8,0,1,0,0,0,0,0,0,0,0,1,2,0,0,0,0,0,0,1,3,4,6,3,1,1,0,0,0,0,0,0,0,0,16,0,1,0,99,1,145,2,45,0,17,0,7,1,88,1,38,0,8,0,3,0,3,0,12,0,14,0,1,0,1,6,1,21,52,1,134,3,6,0,4,0,132,0,6,1,0,2,0
0,0,0,0,0,0,0,0,0,0,0,0,0,0,0,0,0,0,0,0,0,0,0,0,0,0,0,0,0,0,0,0,0,0,0,0,0,0,0,0,0,0,0,0,0,0,0,0,0,0,0,0,0,0,0,0,0,0,0,0,0,0,0,0,0,0,0,0,0,0,0,0,0,0,0,0,0,0,0,0,0,0,0,0,0,0,0,0,0,0,0,0,0,0,0,0,0,0,0,0,0,0,0,0,0,0,0,0,0,0,0,0,0,0,0,0,0,0,0,0,0,0,0,0,0,0,0,0,0,0,0,0,0,0,0,0,0,0,0,0,0,0,0,0,0,0,0,0,0,0,0,0,0,0,0,0,0,0,0,0,0,0,0,0,0,0,0,0,0,0
0,0,0,0,0,0,0,0,0,0,0,0,0,0,0,0,0,0,0,0,0,0,0,0,0,0,0,0,0,0,0,0,0,0,0,0,0,0,0,0,0,0,0,0,0,0,0,0,0,0,0,0,0,0,0,0,0,0,0,0,0,0,0,0,0,0,0,0,0,0,0,0,0,0,0,0,0,0,0,0,0,0,0,0,0,0,0,0,0,0,0,0,0,0,0,0,0,0,0,0,0,0,0,0,0,0,0,0,0,0,0,0,0,0,0,0,0,0,0,0,0,0,0,0,0,0,0,0,0,0,0,0,0,0,0,0,0,0,0,0,0,0,0,0,0,0,0,0,0,0,0,0,0,0,0,0,0,0,0,0,0,0,0,0,0,0,0,0,0,0
29,1,1,0,7,0,17,0,3,0,0,0,197,1,0,0,0,0,0,0,0,0,0,0,0,0,0,0,0,0,0,0,254,1,0,0,17,0,57,1,108,1,10,0,0,0,4,1,9,0,39,0,4,0,78,0,67,0,76,0,66,0,1,0,3,0,3,1,4,0,10,0,1,0,14,0,144,0,27,0,0,0,0,1,611,2,0,0,92,0,0,0,36,0,0,0,0,0,0,0,0,0,0,0,0,0,2,0,1,0,1,0,0,0,0,0,0,0,1,0,0,0,1,0,2,0,6,0,2,0,0,0,0,0,8,0,1,0,0,0,0,0,0,0,21,0,2,0,0,0,0,0,0,0,1,0,0,0,2,0,0,0,1,0,3,0,0,0,0,0
0,21,0,0,0,6,0,4,0,3,0,0,1,14,0,2,0,0,0,0,0,0,0,0,0,0,0,0,0,0,0,0,0,333,0,0,2,7,14,45,0,128,1,4,0,1,7,173,0,22,0,31,1,1,0,1,0,5,0,55,2,8,1,1,1,0,0,20,0,5,9,70,0,0,4,1,1,130,5,5,0,0,1,0,1,735,0,12,1,32,0,0,0,12,0,0,0,0,1,0,0,0,0,0,0,0,0,0,1,0,1,0,1,0,0,0,0,0,0,0,0,0,0,0,0,0,5,3,0,0,0,0,0,2,0,1,0,0,0,0,0,2,0,1,1,3,1,1,0,1,0,0,0,0,0,0,0,0,1,3,0,0,2,7,1,0,0,0,0,0
184,0,2,0,7,0,43,0,0,0,0,0,602,0,6,1,0,0,0,0,0,0,0,0,0,0,0,0,0,0,0,0,107,0,0,0,39,2,162,3,457,3,26,1,2,0,31,1,57,1,60,0,29,0,431,0,254,0,282,0,749,0,13,0,207,0,1512,0,146,1,67,4,3,0,17,0,167,0,33,0,0,0,611,1,0,1,523,0,6207,0,1,0,1135,0,0,0,0,0,4,2,0,0,0,0,0,0,0,2,2,2,3,4,0,1,0,0,0,0,0,0,0,0,3,0,2,0,36,0,4,0,2,0,2,0,10,2,3,0,0,0,2,0,0,1,25,0,4,0,0,0,0,0,0,0,1,0,0,0,3,0,1,0,2,1,1,0,0,0,1,0
1,35,0,0,0,1,0,7,0,3,0,0,4,64,0,0,0,0,0,0,0,0,0,0,0,0,0,0,0,0,0,0,0,512,0,0,6,18,20,62,3,850,1,198,0,12,19,617,2,47,1,261,0,11,0,39,2,62,0,1161,2,164,0,0,0,6,0,677,1,569,15,223,0,1,4,5,0,139,1,8,0,0,2,735,1,0,0,982,1,2659,0,65,0,527,0,0,0,0,0,1,0,0,0,0,0,0,0,1,1,2,2,1,0,1,0,0,0,0,0,1,0,0,1,0,1,0,2,5,2,3,0,0,0,0,1,0,1,0,0,2,0,1,0,1,2,1,0,1,0,0,0,0,0,0,0,0,0,0,1,0,0,0,0,5,0,2,0,0,1,0
10,0,10,0,7,1,231,0,118,0,320,0,167,0,2,1,6,0,5,0,0,0,0,0,2,0,0,0,223,0,3,0,292,0,0,0,3,0,0,0,633,1,76,0,659,0,0,0,0,0,1,0,0,0,1,0,0,0,311,0,6,0,1,0,2,0,2,0,0,0,1,0,0,1,29,0,740,0,37,0,0,0,0,0,523,0,0,0,1051,0,1204,0,1138,0,0,0,0,0,0,0,0,0,0,0,0,0,0,0,0,0,0,0,0,0,0,0,0,0,0,0,0,0,0,0,0,0,1,0,0,0,0,0,0,0,0,0,0,0,0,0,0,0,0,0,0,0,1,0,0,0,0,0,2,0,2,2,0,0,0,0,0,0,3,0,0,0,0,0,0,0
0,12,0,11,0,35,0,28,0,91,0,8,0,14,1,3,0,28,1,7,0,1,0,1,0,0,0,0,0,90,0,0,1,481,0,0,1,2,0,0,0,639,0,157,0,580,1,0,0,0,0,1,0,0,0,0,0,0,0,319,0,3,0,0,0,0,0,0,0,0,0,3,0,0,0,41,0,453,0,8,0,0,0,12,0,982,0,0,0,156,0,1447,0,488,0,0,0,0,0,0,0,0,0,0,0,0,0,0,0,0,0,0,0,0,0,0,0,0,0,0,0,0,0,0,0,0,0,0,0,1,0,0,0,0,0,0,0,0,0,0,0,0,0,0,0,0,0,0,0,0,0,0,3,0,1,10,0,8,0,0,0,0,0,1,0,0,0,0,0,0
50,2,0,0,0,0,2,0,0,0,0,0,26,0,4,0,0,0,1,0,0,0,0,0,0,0,0,0,0,0,0,0,35,1,0,0,34,1,54,0,233,0,32,0,34,0,31,0,51,2,38,0,23,0,1908,0,285,0,255,0,35,0,24,0,522,0,98,0,1203,0,43,2,4,0,14,1,101,0,20,0,0,0,92,1,6207,1,1051,0,0,0,432,0,5011,0,0,0,0,0,0,2,0,0,0,0,0,0,0,0,0,1,2,0,0,0,0,0,0,0,0,0,0,0,0,0,3,0,18,1,3,0,0,0,3,0,5,0,1,0,0,0,0,0,0,0,13,0,4,0,1,0,0,0,0,0,0,0,0,0,6,0,1,0,2,0,2,0,0,0,0,0
0,3,0,0,0,0,0,0,0,0,0,0,1,3,0,0,0,0,0,0,0,0,0,0,0,0,0,0,0,0,0,0,0,48,0,0,1,3,2,21,2,522,0,167,0,17,27,870,0,106,0,1036,0,151,0,1862,0,514,0,2183,0,26,0,8,0,9,1,80,0,914,6,94,1,0,1,0,0,48,1,1,0,0,0,32,0,2659,0,156,0,0,0,1294,0,5138,0,0,0,0,1,0,0,0,0,0,0,0,0,0,0,1,0,1,0,0,0,0,0,0,0,0,0,0,0,0,0,0,0,1,0,0,0,0,0,0,0,0,0,0,0,1,0,0,1,0,0,0,0,0,0,0,0,0,0,0,0,0,0,0,0,0,0,0,0,0,0,0,0,0,0,0
0,0,0,0,0,0,0,0,0,0,0,0,0,0,0,0,0,0,0,0,0,0,0,0,0,0,0,0,0,0,0,0,0,0,0,0,0,0,0,0,42,0,88,0,21,0,0,0,0,0,0,0,0,0,0,0,0,0,649,0,0,0,0,0,0,0,0,0,0,0,0,0,0,0,0,0,15,0,0,0,0,0,0,0,1,0,1204,0,432,0,0,0,2584,0,0,0,0,0,0,0,0,0,0,0,0,0,0,0,0,0,0,0,0,0,0,0,0,0,0,0,0,0,0,0,0,0,1,0,0,0,0,0,0,0,0,0,0,0,0,0,0,0,0,0,0,0,0,0,0,0,0,0,0,0,0,0,0,0,0,0,0,0,0,0,0,0,0,0,0,0
0,0,0,0,0,0,0,0,0,2,0,0,0,0,0,0,0,0,0,0,0,0,0,0,0,0,0,0,0,11,0,0,0,9,0,0,0,0,0,0,0,191,0,417,0,135,0,0,0,0,0,0,0,0,0,0,0,0,0,874,0,0,0,0,0,0,0,0,0,0,0,0,0,0,0,1,0,6,0,0,0,0,0,0,0,65,0,1447,0,1294,0,0,0,1223,0,0,0,0,0,0,0,0,0,0,0,0,0,0,0,0,0,0,0,0,0,0,0,0,0,0,0,0,0,0,0,0,0,0,0,0,0,0,0,0,0,0,0,0,0,0,0,0,0,0,0,1,0,0,0,0,0,0,0,0,0,1,0,0,0,0,0,0,0,0,0,0,0,0,0,0
6,0,1,0,2,0,1,0,1,0,0,0,4,0,3,0,0,0,0,0,0,0,0,0,0,0,0,0,0,0,0,0,141,1,0,0,1,0,4,0,867,1,464,0,76,0,3,2,3,0,42,0,6,0,263,0,671,0,4627,0,3,0,0,0,3,0,0,0,0,0,8,2,0,0,3,0,502,0,16,0,0,0,36,0,1135,0,1138,0,5011,0,2584,0,0,0,315,0,3,0,1,1,1,1,9,0,0,0,1,1,3,4,2,2,2,0,0,0,0,0,0,0,0,0,0,0,1,0,2,0,1,0,0,0,1,0,1,0,0,0,0,0,1,0,0,0,7,0,0,0,0,0,0,0,0,0,0,0,0,0,2,0,1,0,2,1,1,0,0,0,0,0
0,0,0,0,0,0,0,0,0,0,0,0,0,0,0,0,0,0,0,0,0,0,0,0,0,0,0,0,0,4,0,0,0,47,0,0,0,1,1,0,0,308,0,79,0,10,0,90,0,7,0,72,0,8,0,108,0,1308,0,4494,0,1,0,0,0,0,0,2,0,0,0,19,0,0,0,1,0,35,0,0,0,0,0,12,0,527,0,488,0,5138,0,1223,0,0,0,903,0,10,0,2,0,7,0,78,0,1,0,4,0,1,0,1,0,0,1,0,1,0,0,0,0,0,0,0,0,0,0,0,0,0,0,0,0,0,0,0,0,0,0,0,0,0,0,0,0,0,0,0,0,0,0,0,0,0,0,0,0,0,0,0,0,0,0,0,0,0,0,0,0,0
1,2,0,0,0,0,0,0,0,0,0,0,0,0,0,0,0,0,0,0,0,0,0,0,0,0,0,0,0,0,0,0,0,0,0,0,0,0,1,0,2,0,2,1,0,0,30,0,0,0,72,0,0,0,10,0,6,0,218,0,0,0,0,0,0,0,0,0,0,0,1,0,0,0,1,0,0,0,0,0,0,0,0,0,0,0,0,0,0,0,0,0,315,0,0,1,2169,0,130,4,794,2,5603,10,159,0,243,2,66,2,2,1,13,5,6,23,25,4,2,0,0,0,0,0,0,0,2,0,0,0,0,1,1,0,2,2,1,1,0,0,0,0,0,1,1,1,1,0,0,0,0,0,0,0,0,0,0,0,3,0,0,0,0,0,1,1,0,1,14,0
0,0,0,0,0,0,0,0,0,0,0,0,0,0,0,0,0,0,0,0,0,0,0,0,0,0,0,0,0,0,0,0,0,0,0,0,0,0,0,0,4,5,1,19,0,0,0,0,0,0,1,73,0,0,1,0,0,0,1,644,0,0,0,0,0,0,0,0,0,0,0,0,0,0,0,1,1,0,2,0,0,0,0,0,0,0,0,0,0,0,0,0,0,903,1,0,9,4880,4,128,13,480,0,6982,1,165,38,644,4,138,5,15,4,7,25,31,157,25,13,2,0,0,0,0,0,0,0,1,0,0,0,0,0,1,0,3,0,0,1,0,0,0,0,2,1,3,0,1,0,0,0,0,0,0,0,0,0,0,3,2,1,0,2,0,1,0,0,1,5,0
0,0,0,0,0,0,0,0,0,0,0,0,0,0,0,0,0,0,0,0,0,0,0,0,0,0,0,0,0,0,0,0,0,0,0,0,0,0,1,0,1,1,0,0,0,0,0,0,0,0,1,0,0,0,0,0,0,0,0,0,0,0,0,0,0,0,0,0,0,0,0,0,0,0,0,0,0,0,0,0,0,0,0,0,0,0,0,0,0,0,0,0,3,0,2169,9,0,21,41,1,192,10,570,41,90,0,167,20,13,5,5,1,6,0,6,48,154,179,6,0,0,0,0,0,0,0,2,1,0,0,0,0,0,0,1,2,0,0,0,0,0,0,0,0,0,0,0,0,0,0,0,0,0,0,0,0,0,0,0,0,0,0,0,0,3,1,0,0,3,0
0,1,0,1,0,0,0,0,0,0,0,0,0,0,0,0,0,0,0,0,0,0,0,0,0,0,0,0,0,0,0,0,0,0,0,0,1,0,0,0,7,5,0,20,0,0,0,0,0,0,0,1,0,0,0,0,0,0,1,6,1,0,0,0,0,0,0,0,0,0,0,0,0,0,0,0,1,1,0,0,0,0,0,0,0,0,0,0,0,0,0,0,0,10,0,4880,21,0,8,66,2,243,5,1023,0,285,21,317,7,103,4,21,2,1,17,35,73,36,13,1,0,0,0,0,1,0,0,1,0,0,0,0,0,0,0,0,0,0,0,0,0,0,0,1,0,1,0,0,0,0,0,0,0,0,0,0,0,0,1,2,0,0,0,0,1,1,0,0,1,0
0,2,0,1,0,0,0,0,0,1,0,0,4,0,0,0,0,0,0,0,0,0,0,0,0,0,0,0,0,0,0,0,1,1,0,0,1,0,5,0,43,12,8,6,1,0,0,1,4,0,43,9,1,0,2,1,1,0,8,0,3,0,0,0,1,0,1,0,1,0,3,2,1,0,11,2,5,1,6,1,0,0,0,1,4,0,0,0,0,1,0,0,1,0,130,4,41,8,0,56,424,28,91,11,87,1,526,23,887,111,80,18,164,247,136,23,4,9,11,134,0,0,0,0,9,1,16,3,6,1,1,0,1,0,39,14,1,1,0,0,2,2,6,7,71,10,1,2,1,0,0,0,0,0,2,0,0,0,9,2,0,1,1,2,31,5,1,2,72,0
0,2,0,0,0,0,0,1,0,0,0,0,0,1,0,2,0,0,0,0,0,0,0,0,0,0,0,0,0,0,0,0,0,3,0,0,0,1,1,0,26,20,10,10,1,1,0,0,1,0,0,50,0,0,1,0,1,0,2,4,1,2,0,0,0,0,0,0,0,0,0,2,1,1,4,3,2,6,7,2,0,0,0,0,2,1,0,0,2,0,0,0,1,2,4,128,1,66,56,0,42,641,6,196,2,40,40,619,66,639,134,93,99,188,112,19,13,12,74,43,0,0,1,0,3,2,6,14,0,7,0,0,2,1,11,16,1,5,1,1,2,9,0,16,12,24,1,5,0,1,0,0,0,0,0,0,0,0,9,6,1,2,3,0,26,6,8,34,35,0
1,1,0,0,0,0,0,0,0,0,0,0,0,0,0,0,0,0,0,0,0,0,0,0,0,0,0,0,0,0,0,0,0,1,0,0,0,1,1,0,31,7,18,1,0,0,0,0,0,0,26,3,1,0,2,0,2,0,1,1,0,0,0,0,1,0,1,0,0,0,0,1,0,0,0,6,3,2,1,0,0,0,0,0,0,0,0,0,0,0,0,0,1,0,794,13,192,2,424,42,0,262,1708,43,348,1,1278,43,394,30,151,7,15,112,1221,198,38,51,44,29,0,0,0,0,0,1,0,0,1,2,0,0,0,0,7,1,0,1,1,0,0,2,0,2,5,1,0,0,0,0,0,0,0,0,0,0,0,0,10,3,0,0,0,0,9,1,2,0,22,0
0,0,0,0,0,0,0,0,0,0,0,0,0,0,0,0,0,0,0,0,0,0,0,0,0,0,0,0,0,0,0,0,0,0,0,0,0,0,0,0,1,4,2,14,0,0,0,0,0,0,0,96,0,0,0,0,0,0,0,5,0,0,0,0,0,0,0,0,0,0,0,0,0,0,0,0,0,1,0,0,0,0,0,0,0,0,0,0,0,0,0,0,1,7,2,480,10,243,28,641,262,0,18,1124,3,129,80,1246,48,245,7,5,7,51,1511,189,42,90,148,10,0,0,0,0,0,0,1,0,0,0,0,0,0,0,0,0,0,0,0,0,0,0,0,1,1,0,0,0,0,0,0,0,0,0,0,0,0,0,1,0,0,0,0,0,1,1,0,0,2,0
0,0,0,0,0,0,0,0,0,0,0,0,0,0,0,0,0,0,0,0,0,0,0,0,0,0,0,0,0,0,0,0,0,1,0,0,0,0,0,0,2,0,1,0,0,0,17,0,0,0,204,18,2,0,0,0,0,0,56,0,0,0,0,0,0,0,0,0,0,0,0,0,1,0,0,0,0,0,0,0,0,0,0,0,0,0,0,0,0,0,0,0,9,0,5603,0,570,5,91,6,1708,18,0,130,129,0,349,7,68,5,20,0,2,4,25,574,116,16,3,0,0,0,0,0,0,0,0,0,0,0,0,0,0,0,2,2,0,0,0,0,0,0,0,0,1,2,1,0,0,1,0,0,0,0,0,0,0,0,0,0,0,0,0,0,2,1,1,0,11,0
0,0,0,0,0,0,0,0,0,0,0,0,0,0,0,0,0,0,0,0,0,0,0,0,0,0,0,0,0,0,0,0,0,0,0,0,0,0,0,0,5,1,0,7,0,0,0,0,0,0,0,289,0,0,0,0,1,0,0,1721,0,0,0,0,0,0,0,0,0,0,0,0,0,0,0,0,1,2,0,0,0,0,0,0,0,0,0,0,0,0,0,0,0,78,10,6982,41,1023,11,196,43,1124,130,0,4,71,82,903,28,134,15,6,0,7,80,1422,776,66,71,2,0,0,0,0,0,0,0,1,0,0,0,0,1,0,1,0,1,0,0,0,0,1,0,1,1,1,0,1,0,0,0,0,0,0,0,0,0,0,1,1,0,0,1,0,1,0,0,0,7,0
0,1,0,0,0,0,0,0,0,0,0,0,0,0,0,0,0,0,0,0,0,0,0,0,0,0,0,0,0,0,0,0,0,0,0,0,0,0,0,0,5,0,3,0,0,0,0,0,0,0,1,3,0,0,0,0,1,0,0,0,0,0,0,0,0,0,0,0,0,0,0,0,0,0,0,0,1,1,0,0,0,0,0,0,0,0,0,0,0,0,0,0,0,0,159,1,90,0,87,2,348,3,129,4,0,0,251,0,51,5,7,4,12,12,7,5,4,7,1,3,0,0,0,0,0,0,2,3,0,0,0,0,0,1,7,3,1,0,0,0,0,1,0,1,5,5,0,1,0,0,0,0,0,0,0,0,0,0,2,0,0,1,0,0,9,2,1,0,27,0
