0,1,1756,0,1598,1,1132,3,160,0,2,0,218,0,345,22,0,0,16,1,0,0,0,0,0,0,0,0,1,0,0,0,103,1,0,0,613,779,31,10,53,0,5,0,0,0,3,0,2,0,105,0,8,0,60,0,1,0,0,0,4342,0,315,0,454,0,164,0,292,0,105,2,651,0,831,2,584,0,18,0,0,0,3,1,84,0,6,0,115,0,1,0,40,0,0,0,0,0,9,0,1,0,0,0,0,0,0,0,1,0,0,0,6,4,0,0,0,0,0,2,6,0,41,0,7,0,140,0,128,0,59,0,0,0,86,3,10,0,0,0,5,0,18,0,253,0,25,0,27,0,0,0,1,2,222,81,1,0,1,0,0,0,3,0,12,0,0,0,0,0
1,0,0,1778,0,2600,0,1353,0,84,0,0,0,311,0,1817,0,0,0,20,2,0,0,0,0,0,0,0,0,0,0,0,0,299,0,0,0,151,6,3,1,15,2,10,0,0,1,2,6,2,0,6,5,11,2,4,1,0,0,0,0,4688,1,205,0,170,0,153,0,79,15,337,0,760,1,640,1,483,0,64,0,0,0,3,0,19,0,0,0,21,0,0,0,0,0,1,0,1,0,13,0,1,1,0,0,0,0,0,0,0,0,1,0,0,1,0,0,0,0,0,0,0,0,0,0,0,0,45,0,101,0,7,0,0,0,0,0,0,0,4,0,3,0,5,0,62,0,2,0,17,0,0,0,0,0,1,0,0,0,0,0,0,1,0,0,0,0,0,0,0
1756,0,0,20,8640,7,198,2,676,3,393,0,57,0,2079,10,0,1,3592,33,355,5,229,2,198,0,260,0,14,0,32,0,451,0,0,0,920,287,22,1,40,0,2,0,9,0,2,0,3,0,47,0,6,0,19,0,1,0,2,0,184,0,202,0,37,0,10,0,33,1,140,6,195,0,1699,39,1268,1,7,0,0,0,1,0,11,0,13,0,21,1,5,0,21,0,0,0,0,0,1,0,1,0,0,0,0,0,0,0,0,0,0,0,1,1,0,0,0,0,0,0,3,0,40,0,6,0,95,0,39,0,13,0,0,0,47,4,12,0,0,0,0,0,6,0,173,1,21,0,17,0,8,4,160,61,1080,426,2,0,0,0,0,0,0,0,0,1,0,0,0,0
0,1778,20,0,7,5091,0,153,1,320,1,63,0,0,1,2924,42,93,19,4891,47,358,11,62,0,261,1,228,0,1,0,0,4,152,0,0,0,188,0,1,2,6,0,6,0,0,1,0,1,1,0,8,1,6,0,1,0,0,0,0,0,213,1,93,0,32,0,11,0,40,7,130,0,140,94,1531,9,676,2,60,0,0,0,1,0,8,0,1,0,24,0,0,0,0,0,1,0,0,0,6,1,0,0,1,1,0,3,0,0,0,0,1,0,1,3,0,0,0,0,0,0,0,0,1,0,24,0,43,0,19,0,3,0,0,0,6,0,2,0,2,0,2,0,0,0,17,0,3,0,1,41,13,26,289,0,93,18,12,0,2,0,0,1,3,0,0,0,0,0,0
1598,0,8640,7,0,2,538,2,3312,2,661,0,69,0,26,9,3,0,166,13,62,0,13,0,13,0,9,0,13,0,121,0,340,1,0,0,53,163,12,2,28,0,1,0,4,0,0,0,2,1,34,1,5,0,23,0,2,0,4,0,126,0,53,0,55,0,20,0,95,0,13,0,1,0,1004,16,884,2,18,0,0,0,1,0,30,0,12,0,48,0,16,0,35,0,0,0,0,0,1,0,0,0,0,0,0,0,0,0,0,1,0,0,2,0,0,0,0,0,0,0,2,0,16,0,4,0,46,0,16,0,8,0,0,0,38,1,5,0,0,0,1,0,0,0,105,1,6,0,3,0,2,0,8,11,560,340,0,2,1,0,0,0,0,0,3,1,0,0,0,0
1,2600,7,5091,2,0,1,1166,1,2699,3,1106,0,9,0,1217,5,17,7,652,9,11,0,3,0,142,0,493,0,13,0,98,1,281,0,0,0,236,6,4,1,13,1,7,0,0,4,2,5,10,0,14,4,10,3,12,0,0,0,1,0,191,0,149,0,185,0,55,0,189,12,166,0,114,49,1883,3,1102,0,115,0,0,0,4,0,21,0,0,0,103,0,0,0,0,0,2,0,0,0,9,1,0,0,0,0,0,0,0,1,2,2,0,0,4,1,0,0,0,0,1,0,0,0,1,0,33,0,87,0,45,0,9,0,1,0,9,0,4,0,2,0,1,0,1,1,55,0,7,0,4,5,3,6,43,2,28,2,3,0,1,0,1,0,4,0,2,0,0,0,0
1132,0,198,0,538,1,0,0,1841,1,11,0,613,0,13,10,0,0,8,1,2,1,0,0,0,0,0,0,0,0,0,0,393,0,0,0,16,128,6,1,13,0,1,0,1,0,1,0,0,0,20,0,2,0,14,0,1,0,1,0,188,0,23,0,110,0,154,0,83,0,2,2,1,1,166,3,215,0,3,0,0,0,1,0,126,0,3,0,61,0,1,0,50,0,1,0,0,0,0,1,0,0,0,0,0,0,0,0,0,1,0,0,0,2,0,0,0,0,0,0,0,0,8,0,1,0,26,0,26,0,17,0,0,0,21,3,2,0,0,0,0,0,3,0,59,0,8,0,2,0,0,0,0,1,97,102,0,1,0,0,1,0,0,0,1,0,0,0,0,0
3,1353,2,153,2,1166,0,0,0,1322,0,14,0,1288,0,392,0,0,0,55,1,0,0,0,0,0,0,0,0,0,0,0,0,1098,0,0,0,111,5,3,0,2,1,3,0,0,1,1,3,1,1,8,3,8,2,3,2,0,0,0,0,308,1,48,0,163,0,170,0,79,5,44,0,34,12,433,0,146,0,31,0,0,0,5,0,23,0,0,1,31,0,0,0,0,0,0,0,0,0,4,0,1,0,0,0,0,0,0,0,1,0,0,0,0,0,0,0,0,0,0,0,0,0,0,0,6,0,37,0,15,0,2,0,0,0,3,0,1,0,1,0,0,0,3,0,17,0,4,0,5,0,0,0,9,0,11,0,0,0,0,0,0,0,0,0,0,0,0,0,0
160,0,676,1,3312,1,1841,0,0,0,1315,0,160,0,8,2,0,0,44,4,2,0,2,0,3,0,0,0,3,0,9,0,569,0,0,0,14,67,5,0,9,0,2,0,2,0,0,0,1,0,14,0,3,0,13,0,0,0,0,0,47,0,6,0,17,0,39,0,25,0,6,1,2,0,376,1,323,0,4,0,0,0,2,0,83,0,2,0,46,0,3,0,32,0,0,0,0,0,0,0,0,0,0,0,0,0,0,0,0,0,0,0,2,1,0,0,0,0,0,0,2,0,6,0,0,0,16,0,16,0,5,0,0,0,13,1,2,0,0,0,0,0,3,0,40,0,4,0,10,0,0,1,2,2,99,115,0,1,0,0,0,0,0,0,1,0,0,0,0,0
0,84,3,320,2,2699,1,1322,0,0,1,659,0,47,0,119,2,4,1,179,9,4,0,2,0,8,0,2,0,8,0,18,1,871,0,0,0,115,1,2,2,6,0,0,0,0,2,0,2,2,0,7,0,2,0,1,0,0,1,0,0,31,0,29,0,85,0,38,0,63,5,20,0,16,29,480,2,561,0,54,0,0,0,3,0,13,0,0,0,32,0,0,0,0,0,2,1,0,0,6,1,1,0,0,0,0,0,0,0,2,1,0,0,1,0,0,0,0,0,0,0,0,0,0,0,10,0,40,0,15,0,1,0,1,0,2,0,1,0,1,0,0,0,3,0,12,0,5,0,4,3,0,5,35,0,21,1,0,0,0,0,0,0,1,0,0,0,3,0,0
2,0,393,1,661,3,11,0,1315,1,0,0,11,0,0,0,4,0,39,1,53,0,104,0,185,0,147,0,799,0,57,0,629,0,0,0,0,2,2,0,7,0,0,0,13,0,0,0,0,0,2,0,1,0,5,0,1,0,3,0,2,0,0,0,0,0,2,0,3,0,0,1,1,0,117,10,415,0,4,0,0,0,0,0,1,0,42,0,5,0,19,0,25,0,0,0,0,0,0,0,0,0,0,0,0,0,0,0,0,1,0,0,0,0,0,0,0,0,0,0,0,0,1,0,1,0,1,0,0,0,0,0,0,0,5,0,1,0,0,0,0,0,0,0,11,0,1,0,0,0,1,0,3,2,6,4,2,0,0,0,0,0,0,0,0,0,0,0,0,0
0,0,0,63,0,1106,0,14,0,659,0,0,0,0,0,2,0,11,0,6,0,2,0,22,0,98,0,150,0,500,0,378,0,455,0,0,0,1,0,0,0,4,0,0,0,0,0,0,0,0,0,1,0,0,0,0,0,0,0,3,0,4,0,0,0,1,0,1,0,1,0,0,0,0,0,107,0,395,0,9,0,0,0,0,0,1,0,1,0,2,0,0,0,0,0,0,0,0,0,3,0,0,0,0,0,0,0,0,0,0,0,0,0,0,0,0,0,0,0,0,0,0,0,0,0,2,0,0,0,0,0,1,0,0,0,0,0,0,0,0,0,0,0,0,0,1,0,0,0,0,0,1,0,1,0,2,1,3,0,0,0,0,0,0,0,0,0,0,0,0
218,0,57,0,69,0,613,0,160,0,11,0,0,0,3,2,0,0,2,0,0,0,0,0,0,0,0,0,0,0,1,0,443,0,0,0,10,25,15,2,11,0,2,0,0,0,0,0,1,0,36,0,1,0,6,0,0,0,1,0,904,0,20,0,110,0,117,0,17,0,8,1,2,0,123,0,405,0,12,1,0,0,154,0,683,0,7,0,202,0,1,0,21,0,0,0,0,0,5,1,1,0,0,1,0,0,1,1,2,0,0,0,6,1,0,0,0,0,0,1,3,0,9,0,0,0,40,0,66,0,43,0,0,0,54,3,4,0,0,0,7,0,7,0,134,0,11,0,11,0,0,0,0,0,8,16,0,0,1,1,1,0,0,0,4,0,0,0,0,0
0,311,0,0,0,9,0,1288,0,47,0,0,0,0,0,11,0,0,0,2,0,0,0,0,0,0,0,0,0,0,0,0,0,998,0,0,0,7,8,4,0,5,0,0,0,0,1,1,8,1,2,1,4,3,2,5,0,0,1,0,0,1405,0,4,1,38,0,1025,0,9,6,31,0,3,0,19,0,25,0,5,0,0,0,216,0,278,0,15,0,7,0,1,1,0,0,0,0,0,0,1,0,0,0,0,0,0,0,0,0,0,0,0,0,0,0,0,0,0,0,0,0,0,0,0,0,1,0,8,0,2,0,2,0,0,0,0,0,0,0,1,0,0,0,2,0,10,0,1,0,1,0,0,0,0,0,1,0,0,0,0,0,0,0,0,0,0,0,0,0,0
345,0,2079,1,26,0,13,0,8,0,0,0,3,0,0,5,0,0,721,0,1,0,0,0,0,0,0,0,0,0,0,0,9,0,0,0,2753,71,3,0,2,0,0,0,0,0,0,0,0,0,4,0,3,0,1,0,0,0,0,0,65,0,95,0,4,0,0,0,3,0,145,0,1668,6,84,0,31,0,0,0,0,0,0,0,0,0,0,0,1,0,0,0,1,0,0,0,0,0,0,0,0,0,0,0,0,0,0,0,0,0,0,0,1,0,0,0,0,0,0,0,0,0,1,0,0,0,6,0,1,0,3,0,0,0,4,2,1,0,0,0,0,0,0,0,13,0,3,0,1,0,0,0,14,0,258,27,0,0,0,0,0,0,0,0,0,0,0,0,0,0
22,1817,10,2924,9,1217,10,392,2,119,0,2,2,11,5,0,0,0,0,1115,0,0,0,0,0,1,0,0,0,0,0,0,3,243,0,0,0,983,0,2,0,8,0,10,0,0,0,0,3,3,1,13,1,11,2,2,0,0,0,0,1,256,0,91,0,50,2,21,1,46,15,258,0,775,80,721,9,535,0,83,0,0,0,2,0,13,0,1,0,51,0,0,3,0,0,0,0,0,0,14,1,0,1,0,0,0,1,0,0,0,0,0,0,0,1,0,0,0,0,0,0,0,0,1,0,2,1,69,1,102,0,6,0,0,1,1,0,1,0,9,0,4,0,3,6,54,0,5,0,10,0,0,0,2,5,1,0,0,0,0,0,0,0,6,0,0,1,0,0,0
0,0,0,42,3,5,0,0,0,2,4,0,0,0,0,0,0,19,0,61,65,9,774,2,45,2,0,0,2,0,0,0,0,0,0,0,1,0,3,0,1,0,34,0,0,0,0,0,0,0,0,0,0,0,1,0,0,0,0,0,0,0,0,0,0,0,0,0,0,0,1,0,0,0,139,118,80,2,11,0,0,0,0,0,0,0,0,0,0,0,0,0,0,0,0,0,0,0,0,0,0,0,0,0,0,0,0,0,0,0,0,0,0,0,0,0,0,0,0,0,0,0,0,0,0,0,0,1,0,0,0,0,0,0,0,0,0,0,0,0,0,0,0,0,0,0,0,0,0,0,113,10,13,55,4,63,1183,9,0,0,0,0,0,0,0,0,0,0,0,0
0,0,1,93,0,17,0,0,0,4,0,11,0,0,0,0,19,0,6,139,9,448,13,923,0,105,0,11,0,21,0,0,0,98,0,0,0,3,0,0,0,11,0,1,0,17,2,3,0,0,0,3,0,0,0,0,0,1,0,4,0,0,0,0,0,0,0,0,0,0,0,0,0,0,18,589,4,142,0,2,0,0,0,0,0,8,0,57,0,20,0,3,0,1,0,0,0,0,0,0,0,0,0,0,0,0,0,0,0,0,0,0,0,0,0,0,0,0,0,0,0,0,0,0,0,0,0,0,0,0,0,0,0,0,0,0,0,0,0,0,0,0,0,0,0,0,0,0,0,0,10,116,5,57,0,26,9,510,0,0,0,0,0,0,0,0,0,0,0,0
16,0,3592,19,166,7,8,0,44,1,39,0,2,0,721,0,0,6,0,29,360,4,30,1,1,0,3,0,2,0,2,0,55,0,0,0,309,32,6,2,5,0,0,0,0,0,0,0,3,0,10,0,0,0,1,0,0,0,1,0,15,0,26,0,7,0,0,0,4,0,32,3,8,0,437,29,116,5,2,2,0,0,0,0,1,0,0,0,3,0,0,0,3,0,0,0,0,0,0,0,0,0,0,0,0,0,0,0,0,0,0,0,0,0,0,0,0,0,0,0,1,0,5,0,2,0,7,1,3,0,0,0,0,0,1,3,1,0,0,0,0,0,0,0,15,1,2,0,0,0,10,5,702,62,544,161,2,4,1,0,0,0,0,0,0,0,0,0,0,0
1,20,33,4891,13,652,1,55,4,179,1,6,0,2,0,1115,61,139,29,0,90,342,13,42,0,36,0,14,0,0,0,0,0,42,0,0,0,449,0,1,0,0,0,2,0,0,0,0,1,1,0,3,1,2,1,1,0,0,0,0,0,7,0,9,0,5,0,0,0,5,2,29,0,7,170,632,11,184,2,24,0,0,0,0,0,4,0,0,0,4,0,0,0,0,0,1,1,1,0,6,0,0,0,0,0,0,0,0,0,1,0,0,0,2,0,0,0,0,0,0,0,0,0,0,0,12,0,23,0,3,0,0,0,0,0,2,0,0,0,0,0,0,0,1,2,10,0,1,0,0,58,70,47,1189,5,148,29,18,0,0,0,0,0,5,0,0,0,0,0,0
0,2,355,47,62,9,2,1,2,9,53,0,0,0,1,0,65,9,360,90,0,6,702,5,49,2,43,2,15,0,3,0,29,4,0,0,0,0,0,0,0,0,0,1,2,0,0,0,0,0,0,0,0,0,1,0,0,0,0,0,0,0,1,0,0,0,0,0,0,0,2,2,0,0,354,204,141,9,3,1,0,0,0,0,1,0,5,0,1,0,2,0,2,0,0,0,0,0,0,0,0,0,0,0,0,0,0,0,0,0,0,0,0,0,0,0,0,0,0,0,0,0,0,0,0,1,0,1,1,0,2,0,0,0,0,1,1,0,0,0,0,0,0,0,1,1,0,0,0,0,214,13,196,119,9,36,22,3,0,0,0,0,0,1,0,0,0,0,0,0
0,0,5,358,0,11,1,0,0,4,0,2,0,0,0,0,9,448,4,342,6,0,27,1172,0,63,0,64,0,0,0,0,0,1,0,0,0,0,0,0,0,0,0,0,0,0,0,0,0,0,0,1,0,0,0,0,0,0,0,0,0,0,0,0,0,0,0,0,0,0,0,1,0,0,13,333,0,26,0,1,0,0,0,0,0,0,0,0,0,0,0,0,0,0,0,0,0,0,0,0,0,0,0,0,0,0,0,0,0,0,0,0,0,0,0,0,0,0,0,0,0,1,0,0,0,1,1,0,0,0,0,0,0,0,0,0,0,0,0,0,0,0,0,0,1,0,0,0,0,0,13,325,1,185,2,44,2,66,0,0,0,0,0,0,0,0,0,0,0,0
0,0,229,11,13,0,0,0,2,0,104,0,0,0,0,0,774,13,30,13,702,27,0,139,970,1,151,0,62,0,1,0,26,0,0,0,0,0,0,0,1,0,8,0,1,0,0,0,0,0,0,0,0,0,0,0,0,0,0,0,0,0,0,0,0,0,0,0,0,0,0,0,0,0,462,219,353,1,5,0,0,0,0,0,1,0,2,0,0,0,1,0,1,0,0,0,0,0,0,0,0,0,0,0,0,0,0,0,0,0,0,0,0,0,0,0,0,0,0,0,0,0,0,0,0,0,1,0,0,0,0,0,0,0,5,0,0,0,0,0,0,0,0,0,1,0,0,0,0,0,98,2,25,17,0,5,374,9,0,0,0,0,0,0,0,0,0,0,0,0
0,0,2,62,0,3,0,0,0,2,0,22,0,0,0,0,2,923,1,42,5,1172,139,0,0,981,0,125,0,41,0,0,0,43,0,0,0,1,0,0,0,3,0,0,0,2,0,0,0,0,0,0,0,0,0,0,0,0,0,0,0,0,0,0,0,0,0,0,0,0,0,1,0,0,8,209,0,125,0,1,0,0,0,0,0,0,0,4,0,3,0,0,0,0,0,0,0,0,0,0,0,0,0,0,0,0,0,0,0,0,0,0,0,0,0,0,0,0,0,0,0,0,0,0,0,0,0,0,0,0,0,0,0,0,0,0,0,0,0,0,0,0,0,0,0,0,0,0,0,0,5,135,3,57,0,17,0,377,0,0,0,0,0,0,0,0,0,0,0,0
0,0,198,0,13,0,0,0,3,0,185,0,0,0,0,0,45,0,1,0,49,0,970,0,0,0,546,0,488,0,2,0,34,0,0,0,0,0,0,0,1,0,0,0,1,0,0,0,0,0,0,0,1,0,0,0,0,0,0,0,0,0,0,0,0,0,0,0,0,0,1,0,0,0,33,9,269,0,0,0,0,0,0,0,0,0,9,0,1,0,4,0,3,0,0,0,0,0,0,0,0,0,0,0,0,0,0,0,0,0,0,0,0,0,0,0,0,0,0,0,0,0,0,0,0,0,1,0,0,0,0,0,0,0,1,0,0,0,0,0,0,0,0,0,1,0,0,0,0,0,0,0,0,0,0,0,23,0,0,0,0,0,0,0,0,0,1,0,0,0
0,0,0,261,0,142,0,0,0,8,0,98,0,0,0,1,2,105,0,36,2,63,1,981,0,0,0,757,0,158,0,0,0,165,0,0,0,0,0,0,0,5,0,0,0,4,0,0,0,0,0,1,0,0,0,0,0,0,0,2,0,0,0,0,0,0,0,0,0,0,0,1,0,0,1,278,0,393,0,4,0,0,0,0,0,2,0,2,0,7,0,0,0,0,0,0,0,0,0,0,0,0,0,0,0,0,0,0,0,1,0,0,0,0,0,0,0,0,0,0,0,1,0,0,0,0,0,4,0,0,0,0,0,0,0,1,0,0,0,0,0,0,0,0,0,0,0,1,0,0,3,7,0,9,1,2,1,96,0,0,0,0,0,0,0,0,0,0,0,0
0,0,260,1,9,0,0,0,0,0,147,0,0,0,0,0,0,0,3,0,43,0,151,0,546,0,0,0,217,0,2,0,36,0,0,0,0,0,0,0,1,0,0,0,3,0,0,0,0,0,0,0,0,0,0,0,0,0,0,0,0,0,0,0,0,0,0,0,0,0,0,0,0,0,7,1,67,0,0,0,0,0,0,0,0,0,2,0,0,0,1,0,1,0,0,0,0,0,0,0,0,0,0,0,0,0,0,0,0,0,0,0,0,0,0,0,0,0,0,0,0,0,0,0,0,0,1,0,0,0,0,0,0,0,0,1,0,0,0,0,0,0,0,0,1,0,0,0,0,0,0,0,0,0,0,0,0,0,0,0,0,0,0,0,0,0,0,0,0,0
0,0,0,228,0,493,0,0,0,2,0,150,0,0,0,0,0,11,0,14,2,64,0,125,0,757,0,0,0,85,0,15,0,88,0,0,0,0,0,0,0,7,0,0,0,2,0,0,0,0,0,2,0,0,0,0,0,0,0,1,0,0,0,0,0,1,0,0,0,0,0,1,0,0,0,104,0,265,0,1,0,0,0,0,0,3,0,4,0,4,0,0,0,0,0,0,0,0,0,0,0,0,0,0,0,0,0,0,0,0,0,0,0,1,0,0,0,0,0,0,0,0,0,0,0,1,0,0,0,0,0,0,0,0,0,0,0,0,0,0,0,0,0,0,0,0,0,0,0,0,0,4,0,4,0,1,0,9,0,0,0,0,0,0,0,0,0,0,0,0
1,0,14,0,13,0,0,0,3,0,799,0,0,0,0,0,2,0,2,0,15,0,62,0,488,0,217,0,0,0,10,0,598,0,0,0,0,0,1,0,1,0,0,0,3,0,0,0,0,0,0,0,0,0,1,0,0,0,0,0,0,0,0,0,0,0,0,0,0,0,0,0,0,0,17,5,90,0,1,0,0,0,0,0,1,0,14,0,2,0,8,0,5,0,0,0,0,0,0,0,0,0,0,0,0,0,0,0,0,0,0,0,0,0,0,0,0,0,0,0,0,0,0,0,0,0,0,0,0,0,0,0,0,0,0,0,0,0,0,0,0,0,0,0,2,0,0,0,0,0,0,0,2,1,0,0,0,0,0,0,0,0,0,0,0,0,0,0,0,0
0,0,0,1,0,13,0,0,0,8,0,500,0,0,0,0,0,21,0,0,0,0,0,41,0,158,0,85,0,0,0,5,0,314,0,0,0,0,0,0,0,3,0,1,0,0,0,1,0,0,0,1,0,0,0,0,0,0,0,1,0,0,0,0,0,0,0,0,0,0,0,1,0,0,0,0,0,21,0,1,0,0,0,0,0,2,0,3,0,0,0,0,0,1,0,0,0,0,0,0,0,0,0,0,0,0,0,0,0,0,0,0,0,0,0,0,0,0,0,0,0,0,0,0,0,0,0,0,0,0,0,0,0,0,0,0,0,0,0,0,0,0,0,0,0,0,0,0,0,0,0,0,0,0,0,0,0,1,0,0,0,0,0,0,0,0,0,0,0,0
0,0,32,0,121,0,0,0,9,0,57,0,1,0,0,0,0,0,2,0,3,0,1,0,2,0,2,0,10,0,0,0,9,0,0,0,0,0,0,0,0,0,0,0,0,0,0,0,0,0,0,0,0,0,0,0,0,0,0,0,0,0,0,0,0,0,0,0,0,0,0,0,0,0,0,0,16,0,2,0,0,0,0,0,0,0,1,0,0,0,0,0,1,0,0,0,0,0,0,0,0,0,0,0,0,0,0,0,0,0,0,0,0,0,0,0,0,0,0,0,0,0,0,0,1,0,0,0,0,0,0,0,0,0,1,0,0,0,0,0,0,0,0,0,0,0,0,0,0,0,0,0,0,1,1,0,0,0,0,0,0,0,0,0,0,0,0,0,0,0
0,0,0,0,0,98,0,0,0,18,0,378,0,0,0,0,0,0,0,0,0,0,0,0,0,0,0,15,0,5,0,0,0,3,0,0,0,0,0,0,0,0,0,0,0,0,0,0,0,0,0,0,0,0,0,0,0,0,0,0,0,0,0,0,0,0,0,0,0,0,0,0,0,0,0,2,0,2,0,0,0,0,0,0,0,0,0,0,0,0,0,0,0,0,0,0,0,0,0,0,0,0,0,0,0,0,0,0,0,0,0,0,0,0,0,0,0,0,0,0,0,0,0,0,0,0,0,0,0,0,0,0,0,0,0,0,0,0,0,0,0,0,0,0,0,0,0,0,0,0,0,0,0,0,0,0,0,0,0,0,0,0,0,0,0,0,0,0,0,0
103,0,451,4,340,1,393,0,569,1,629,0,443,0,9,3,0,0,55,0,29,0,26,0,34,0,36,0,598,0,9,0,0,0,0,0,8,50,27,9,59,0,13,0,263,0,4,0,3,0,71,0,13,0,108,0,12,0,11,0,91,1,39,0,59,0,51,0,56,0,17,7,3,0,283,2,3142,0,55,1,0,0,120,0,310,0,457,0,257,0,205,0,304,0,0,0,1,0,9,1,4,0,1,0,0,0,1,0,1,1,1,0,7,5,1,0,0,0,0,1,8,0,14,0,5,0,34,0,53,0,48,1,0,0,52,4,5,0,1,0,7,0,13,0,174,1,14,0,20,0,1,1,8,2,46,49,0,0,0,0,0,0,2,0,8,3,0,0,2,0
1,299,0,152,1,281,0,1098,0,871,0,455,0,998,0,243,0,98,0,42,4,1,0,43,0,165,0,88,0,314,0,3,0,0,0,0,0,119,41,18,1,278,1,41,0,115,15,34,11,19,3,84,8,25,19,41,2,9,0,33,0,526,4,80,0,80,0,352,2,32,43,326,0,223,4,644,2,3516,1,64,0,0,0,130,2,440,0,393,0,213,0,15,1,5,0,1,0,0,0,4,0,1,0,0,0,0,0,0,0,0,1,0,0,2,1,0,0,0,0,0,0,0,0,3,0,1,0,37,1,110,0,1,0,0,0,4,0,1,0,15,0,4,0,27,1,121,0,5,0,55,0,0,0,4,1,4,0,0,0,0,0,1,0,1,1,0,0,0,0,0
0,0,0,0,0,0,0,0,0,0,0,0,0,0,0,0,0,0,0,0,0,0,0,0,0,0,0,0,0,0,0,0,0,0,0,0,0,0,0,0,0,0,0,0,0,0,0,0,0,0,0,0,0,0,0,0,0,0,0,0,0,0,0,0,0,0,0,0,0,0,0,0,0,0,0,0,0,0,0,0,0,0,0,0,0,0,0,0,0,0,0,0,0,0,0,0,0,0,0,0,0,0,0,0,0,0,0,0,0,0,0,0,0,0,0,0,0,0,0,0,0,0,0,0,0,0,0,0,0,0,0,0,0,0,0,0,0,0,0,0,0,0,0,0,0,0,0,0,0,0,0,0,0,0,0,0,0,0,0,0,0,0,0,0,0,0,0,0,0,0
0,0,0,0,0,0,0,0,0,0,0,0,0,0,0,0,0,0,0,0,0,0,0,0,0,0,0,0,0,0,0,0,0,0,0,0,0,0,0,0,0,0,0,0,0,0,0,0,0,0,0,0,0,0,0,0,0,0,0,0,0,0,0,0,0,0,0,0,0,0,0,0,0,0,0,0,0,0,0,0,0,0,0,0,0,0,0,0,0,0,0,0,0,0,0,0,0,0,0,0,0,0,0,0,0,0,0,0,0,0,0,0,0,0,0,0,0,0,0,0,0,0,0,0,0,0,0,0,0,0,0,0,0,0,0,0,0,0,0,0,0,0,0,0,0,0,0,0,0,0,0,0,0,0,0,0,0,0,0,0,0,0,0,0,0,0,0,0,0,0
613,0,920,0,53,0,16,0,14,0,0,0,10,0,2753,0,1,0,309,0,0,0,0,0,0,0,0,0,0,0,0,0,8,0,0,0,0,98,333,6,12,0,1,0,1,0,3,0,13,1,10,0,18,0,20,0,0,0,1,0,510,1,538,0,117,0,21,0,13,0,2096,6,1587,7,237,0,43,1,2,0,0,0,1,0,16,0,1,0,7,1,0,0,3,0,0,0,0,0,1,0,0,0,0,0,0,0,0,0,0,0,0,0,0,1,2,0,0,0,0,0,0,0,5,0,0,0,9,0,16,0,4,0,0,0,10,1,0,0,0,0,0,0,2,0,32,0,2,0,1,0,6,0,76,0,503,23,0,0,0,0,0,0,0,0,0,0,0,0,0,0
779,151,287,188,163,236,128,111,67,115,2,1,25,7,71,983,0,3,32,449,0,0,0,1,0,0,0,0,0,0,0,0,50,119,0,0,98,0,45,345,13,13,0,27,0,0,7,23,13,26,13,61,19,4,39,2,8,0,3,0,359,114,55,31,34,17,23,11,26,9,73,1175,51,282,893,506,123,213,2,38,0,0,1,5,13,4,2,0,14,10,0,0,13,0,0,3,0,0,2,4,0,6,0,0,0,0,1,0,0,1,3,0,3,2,21,0,0,0,0,0,0,1,13,1,1,9,19,30,9,21,2,3,0,1,9,2,2,1,1,5,3,3,1,5,41,31,4,3,2,26,3,4,9,175,57,646,1,0,0,0,0,0,2,3,0,0,0,0,0,0
31,6,22,0,12,6,6,5,5,1,2,0,15,8,3,0,3,0,6,0,0,0,0,0,0,0,0,0,1,0,0,0,27,41,0,0,333,45,0,53,170,7,34,0,0,0,50,1,91,10,65,9,91,8,237,9,15,0,7,0,26,48,446,18,260,42,112,36,99,16,983,261,3,2,25,5,57,21,18,6,0,0,3,37,91,37,4,0,76,25,1,0,26,0,0,0,1,0,5,0,7,0,0,0,0,0,1,0,0,3,0,0,8,2,16,0,0,0,1,1,2,0,4,0,2,1,8,1,18,1,6,0,0,1,14,2,0,0,4,0,3,0,15,1,69,10,1,0,4,0,25,0,15,1,128,0,1,0,0,0,0,0,2,0,2,0,0,0,0,0
10,3,1,1,2,4,1,3,0,2,0,0,2,4,0,2,0,0,2,1,0,0,0,0,0,0,0,0,0,0,0,0,9,18,0,0,6,345,53,0,38,50,5,9,2,1,28,51,45,71,19,69,60,30,122,26,5,0,5,1,4,6,94,7,41,12,11,18,37,22,134,616,1,0,1,12,7,22,0,4,0,0,1,23,14,56,2,2,21,96,1,1,10,2,0,0,0,0,2,0,1,15,0,1,0,0,0,0,0,1,0,0,1,0,41,0,0,0,0,0,0,0,1,0,0,1,1,1,3,0,1,1,0,0,0,0,0,0,0,2,0,0,3,2,8,11,0,0,2,1,0,0,0,3,2,14,0,1,0,0,0,0,1,0,0,1,0,0,0,0
53,1,40,2,28,1,13,0,9,2,7,0,11,0,2,0,1,0,5,0,0,0,1,0,1,0,1,0,1,0,0,0,59,1,0,0,12,13,170,38,0,1,832,16,333,0,7,0,10,0,344,2,58,0,267,1,20,0,219,0,34,1,41,1,19,3,5,3,51,1,79,19,3,1,131,9,321,3,311,25,0,0,1,1,24,3,63,0,59,1,63,0,274,1,7,44,19,15,79,70,58,22,21,38,11,1,20,17,11,57,16,2,37,22,4,5,0,1,0,10,29,1,19,0,23,1,38,15,40,2,7,1,12,1,39,10,6,0,67,0,12,0,77,0,287,1,3,0,5,0,0,0,0,0,7,4,41,0,19,11,1,0,411,14,22,7,5,8,0,1
0,15,0,6,0,13,0,2,0,6,0,4,0,5,0,8,0,11,0,0,0,0,0,3,0,5,0,7,0,3,0,0,0,278,0,0,0,13,7,50,1,0,3,1485,0,522,17,56,8,25,3,338,6,11,3,42,0,16,0,708,0,9,0,4,0,2,0,4,0,4,5,275,0,6,0,196,0,637,0,403,0,0,0,53,0,237,0,426,0,997,0,435,1,476,0,10,2,0,1,22,1,12,1,2,0,0,1,3,3,1,3,2,2,10,4,1,0,0,0,0,0,3,0,6,0,8,1,266,0,136,0,7,0,0,0,9,0,2,0,192,0,2,0,53,0,328,0,3,0,37,0,0,0,0,0,1,0,11,1,1,0,0,2,213,0,4,0,0,1,0
5,2,2,0,1,1,1,1,2,0,0,0,2,0,0,0,34,0,0,0,0,0,8,0,0,0,0,0,0,0,0,0,13,1,0,0,1,0,34,5,832,3,0,16,194,0,102,0,12,3,643,0,71,1,59,6,21,0,1625,0,4,0,3,1,5,1,1,1,4,2,110,9,0,0,7,9,53,2,35,21,0,0,0,1,5,1,169,0,12,10,46,0,412,2,26,33,33,13,59,50,143,26,27,43,11,0,45,7,29,56,31,12,6,4,12,5,4,1,0,6,1,0,1,0,0,3,11,13,17,2,1,0,0,0,2,0,0,0,14,0,2,0,3,0,4,2,0,0,0,1,0,0,0,1,0,1,2,0,21,7,1,1,78,16,3,3,7,5,0,1
0,10,0,6,0,7,0,3,0,0,0,0,0,0,0,10,0,1,0,2,1,0,0,0,0,0,0,0,0,1,0,0,0,41,0,0,0,27,0,9,16,1485,16,0,0,713,8,191,6,17,1,779,1,1,0,3,0,18,0,1740,0,4,0,0,0,0,0,1,0,0,2,190,0,3,1,95,1,112,2,86,0,0,0,4,0,24,0,556,0,281,0,644,0,237,6,10,2,8,0,66,8,158,3,11,4,0,12,3,4,11,2,2,2,0,22,0,1,0,0,1,0,0,0,1,0,1,0,46,2,80,0,0,0,0,0,1,0,0,0,22,0,0,0,1,0,22,0,0,0,11,0,0,0,0,0,5,0,0,10,7,0,0,8,36,0,0,2,0,0,0
0,0,9,0,4,0,1,0,2,0,13,0,0,0,0,0,0,0,0,0,2,0,1,0,1,0,3,0,3,0,0,0,263,0,0,0,1,0,0,2,333,0,194,0,0,0,2,0,0,0,12,0,4,0,25,0,3,0,140,0,1,0,0,0,1,0,2,0,4,0,2,0,0,0,53,1,434,2,341,0,0,0,0,0,17,0,748,0,20,0,82,0,86,0,1,0,0,0,6,0,0,0,1,0,0,0,1,0,1,1,1,0,2,1,0,0,0,0,0,1,2,0,0,0,16,3,0,0,1,0,2,0,3,0,13,4,1,0,2,0,0,0,2,0,14,0,1,0,0,0,0,0,0,0,1,0,65,10,2,0,0,0,39,0,0,0,0,0,0,0
0,0,0,0,0,0,0,0,0,0,0,0,0,0,0,0,0,17,0,0,0,0,0,2,0,4,0,2,0,0,0,0,0,115,0,0,0,0,0,1,0,522,0,713,0,0,0,3,0,0,1,39,0,0,0,2,0,3,0,129,0,0,0,0,0,0,0,0,0,0,0,9,0,0,0,0,0,467,0,231,0,0,0,1,0,35,0,1398,0,254,0,375,0,67,0,0,0,0,0,0,0,1,0,0,0,0,0,0,0,0,0,0,0,0,1,1,0,0,0,0,0,0,0,0,0,0,0,1,0,0,0,0,0,0,0,0,0,0,0,8,0,0,0,6,0,13,0,0,0,1,0,0,0,0,0,0,0,6,0,0,0,0,0,2,0,0,0,0,0,0
3,1,2,1,0,4,1,1,0,2,0,0,0,1,0,0,0,2,0,0,0,0,0,0,0,0,0,0,0,0,0,0,4,15,0,0,3,7,50,28,7,17,102,8,2,0,0,1953,3722,521,3742,430,2219,94,984,197,695,25,451,50,0,4,72,8,2,20,1,12,1,20,591,327,0,1,1,3,3,24,0,3,0,0,0,16,0,87,1,3,2,199,1,0,12,25,101,0,5,0,0,1,137,9,36,3,1,0,15,1,11,1,3,0,2,0,145,18,15,0,1,1,0,0,0,0,0,0,1,0,0,0,0,0,0,0,1,0,0,0,0,1,0,0,1,0,2,4,0,0,0,0,0,0,0,0,1,0,0,0,0,0,0,0,0,0,0,0,0,0,0,0
0,2,0,0,0,2,0,1,0,0,0,0,0,1,0,0,0,3,0,0,0,0,0,0,0,0,0,0,0,1,0,0,0,34,0,0,0,23,1,51,0,56,0,191,0,3,1953,0,1227,1955,129,3927,1,270,0,681,0,361,0,176,0,1,0,0,1,0,0,1,0,4,4,889,0,0,0,2,0,17,0,2,0,0,0,5,0,109,0,10,0,623,0,4,0,150,0,0,0,0,0,0,0,186,0,0,0,0,0,0,0,0,0,0,0,0,127,0,0,0,0,0,0,0,0,0,0,0,0,1,0,0,0,0,0,0,0,0,0,0,0,2,0,0,0,0,0,10,0,0,0,0,0,0,0,0,0,5,0,0,0,0,0,0,0,0,0,0,0,0,0,0
2,6,3,1,2,5,0,3,1,2,0,0,1,8,0,3,0,0,3,1,0,0,0,0,0,0,0,0,0,0,0,0,3,11,0,0,13,13,91,45,10,8,12,6,0,0,3722,1227,0,2438,135,47,5450,381,746,238,33,4,52,1,0,8,298,4,3,10,1,12,5,12,1447,648,1,1,3,3,6,14,2,2,0,0,0,17,1,48,1,1,2,106,0,0,8,11,0,0,0,1,0,0,30,3,0,0,0,0,1,0,0,0,0,0,0,1,143,0,0,0,0,0,0,0,0,0,0,0,1,0,2,1,0,0,0,0,0,1,0,0,0,2,1,0,1,3,3,3,0,0,0,2,0,0,2,2,16,4,0,0,0,0,0,0,0,1,0,0,0,0,0,0
0,2,0,1,1,10,0,1,0,2,0,0,0,1,0,3,0,0,0,1,0,0,0,0,0,0,0,0,0,0,0,0,0,19,0,0,1,26,10,71,0,25,3,17,0,0,521,1955,2438,0,27,232,44,3116,27,1169,5,12,3,7,0,16,6,114,1,20,0,9,0,62,491,1391,0,5,0,2,1,32,0,3,0,0,0,24,0,159,1,4,1,472,0,1,2,36,0,0,0,0,0,0,5,13,0,0,0,0,0,0,0,0,0,0,0,0,124,0,0,0,0,0,0,0,1,0,0,0,0,0,0,0,0,2,0,0,0,0,0,0,0,1,0,0,0,0,1,4,0,0,0,1,0,0,0,0,0,3,0,0,0,0,0,0,0,0,0,0,0,0,0,0
105,0,47,0,34,0,20,1,14,0,2,0,36,2,4,1,0,0,10,0,0,0,0,0,0,0,0,0,0,0,0,0,71,3,0,0,10,13,65,19,344,3,643,1,12,1,3742,129,135,27,0,63,648,8,1092,19,1176,0,1915,1,104,2,24,3,28,4,17,1,21,5,303,65,4,0,238,1,398,1,27,3,0,0,3,2,19,9,12,1,37,35,6,0,133,1,1356,3,60,2,40,6,894,12,1046,11,9,0,58,3,47,4,5,1,0,31,61,152,25,7,4,7,9,0,9,0,14,0,16,0,14,0,3,0,0,0,18,2,1,0,20,0,4,0,17,0,45,0,2,0,2,0,0,0,0,0,9,3,1,0,1,0,0,0,10,0,1,0,1,0,0,0
0,6,0,8,1,14,0,8,0,7,0,1,0,1,0,13,0,3,0,3,0,1,0,0,0,1,0,2,0,1,0,0,0,84,0,0,0,61,9,69,2,338,0,779,0,39,430,3927,47,232,63,0,9,23,5,224,2,588,0,1561,0,3,2,2,0,3,0,5,0,0,18,679,0,5,0,154,1,156,1,41,0,0,0,33,0,114,0,31,0,443,0,11,0,195,5,27,1,1,3,30,3,426,40,340,2,0,5,1,0,3,1,0,1,157,103,208,30,1,0,0,0,0,0,0,0,3,0,36,0,204,0,17,0,5,1,29,0,4,0,26,0,17,0,43,1,135,0,23,0,25,0,0,0,5,0,14,0,2,0,0,0,0,0,9,2,23,0,1,6,0
8,5,6,1,5,4,2,3,3,0,1,0,1,4,3,1,0,0,0,1,0,0,0,0,1,0,0,0,0,0,0,0,13,8,0,0,18,19,91,60,58,6,71,1,4,0,2219,1,5450,44,648,9,0,21,4277,20,210,0,223,0,6,7,858,13,42,30,2,31,14,28,797,316,0,0,4,4,24,21,5,3,0,0,0,11,8,48,3,0,27,39,5,0,66,0,1,0,0,0,1,0,40,1,1,0,0,0,0,1,0,1,0,0,2,1,69,0,0,0,0,1,4,0,1,0,1,0,1,0,6,1,1,0,0,0,4,0,0,0,0,0,0,0,4,3,21,2,0,0,0,0,0,0,0,2,2,9,0,0,0,1,0,0,1,0,0,0,0,0,1,0
0,11,0,6,0,10,0,8,0,2,0,0,0,3,0,11,0,0,0,2,0,0,0,0,0,0,0,0,0,0,0,0,0,25,0,0,0,4,8,30,0,11,1,1,0,0,94,270,381,3116,8,23,21,0,15,2725,0,7,0,7,0,19,0,592,0,44,0,19,0,566,38,676,0,3,0,4,0,21,0,1,0,0,0,7,0,124,0,1,0,447,0,1,0,47,0,0,0,0,0,0,2,0,0,0,0,0,0,0,0,0,0,0,0,0,17,0,0,0,0,0,0,0,0,0,0,0,0,1,0,1,0,0,0,0,0,0,0,0,0,3,0,0,0,1,0,2,0,0,0,0,0,0,0,0,0,0,0,0,0,0,0,0,0,0,0,0,0,0,0,0
60,2,19,0,23,3,14,2,13,0,5,0,6,2,1,2,1,0,1,1,1,0,0,0,0,0,0,0,1,0,0,0,108,19,0,0,20,39,237,122,267,3,59,0,25,0,984,0,746,27,1092,5,4277,15,0,5,5085,0,955,0,27,14,461,12,863,27,28,29,1339,15,366,278,1,0,23,2,198,7,41,2,0,0,1,19,89,42,33,0,2480,14,14,0,419,0,0,2,2,0,27,2,26,1,0,2,2,0,4,2,4,3,3,0,11,9,32,0,0,0,0,2,4,0,8,0,1,0,8,0,26,0,2,0,0,0,13,2,0,0,8,0,9,0,18,0,111,4,0,0,3,0,0,0,2,1,5,5,2,0,1,3,0,0,3,1,6,1,1,0,1,0
0,4,0,1,0,12,0,3,0,1,0,0,0,5,0,2,0,0,0,1,0,0,0,0,0,0,0,0,0,0,0,0,0,41,0,0,0,2,9,26,1,42,6,3,0,2,197,681,238,1169,19,224,20,2725,5,0,1,581,3,63,0,6,1,80,0,22,0,19,0,980,43,445,0,2,0,2,0,39,0,8,0,0,0,21,1,274,0,8,0,3785,0,2,0,351,0,0,0,0,0,0,6,6,0,0,0,0,0,0,0,0,0,0,0,0,26,0,0,0,0,0,0,0,0,0,0,0,0,0,0,0,0,0,0,0,0,0,0,0,0,3,0,0,0,0,0,6,0,0,0,1,0,0,0,0,0,0,0,0,0,0,0,0,0,0,0,0,0,0,0,0
1,1,1,0,2,0,1,2,0,0,1,0,0,0,0,0,0,0,0,0,0,0,0,0,0,0,0,0,0,0,0,0,12,2,0,0,0,8,15,5,20,0,21,0,3,0,695,0,33,5,1176,2,210,0,5085,1,0,0,1923,0,0,1,5,1,2,5,3,5,13,1,37,31,0,0,0,0,19,0,3,0,0,0,0,3,8,10,5,0,218,1,4,0,488,0,0,0,0,0,0,1,0,0,0,0,0,0,0,0,0,0,0,0,1,0,3,0,0,0,0,0,0,0,0,0,0,0,1,0,0,0,0,0,0,0,2,0,0,0,1,0,1,0,2,1,4,0,0,0,0,0,0,0,0,0,0,1,0,1,0,0,0,0,0,0,0,0,0,0,0,0
0,0,0,0,0,0,0,0,0,0,0,0,0,0,0,0,0,1,0,0,0,0,0,0,0,0,0,0,0,0,0,0,0,9,0,0,0,0,0,0,0,16,0,18,0,3,25,361,4,12,0,588,0,7,0,581,0,0,0,1530,0,0,0,0,0,0,0,0,0,0,0,17,0,0,0,0,0,12,0,1,0,0,0,1,0,29,0,8,0,229,0,8,0,1307,0,0,0,0,0,0,0,4,0,0,0,0,0,0,0,0,0,0,0,0,0,0,0,0,0,0,0,0,0,0,0,0,0,0,0,0,0,0,0,0,0,0,0,0,0,0,0,0,0,0,0,1,0,0,0,1,0,0,0,0,0,0,0,0,0,0,0,0,0,0,0,0,0,0,0,0
0,0,2,0,4,0,1,0,0,1,3,0,1,1,0,0,0,0,1,0,0,0,0,0,0,0,0,0,0,0,0,0,11,0,0,0,1,3,7,5,219,0,1625,0,140,0,451,0,52,3,1915,0,223,0,955,3,1923,0,0,0,0,1,5,0,4,3,3,1,3,3,74,20,0,0,3,0,22,0,9,1,0,0,0,1,4,5,241,0,53,6,439,0,1797,0,31,1,1,0,1,0,100,0,2,0,0,0,3,0,0,0,0,0,1,1,6,0,1,0,0,0,0,0,0,0,0,0,0,0,1,1,0,0,0,0,1,0,0,0,1,0,2,0,0,1,5,0,0,0,0,0,0,0,0,0,0,0,1,0,0,0,0,0,1,0,0,0,0,0,0,0
0,0,0,0,0,1,0,0,0,0,0,3,0,0,0,0,0,4,0,0,0,0,0,0,0,2,0,1,0,1,0,0,0,33,0,0,0,0,0,1,0,708,0,1740,0,129,50,176,1,7,1,1561,0,7,0,63,0,1530,0,0,0,0,0,0,0,0,0,0,0,0,0,16,0,0,0,0,0,37,0,3,0,0,0,3,0,61,0,93,0,827,0,502,0,3501,0,60,0,0,0,0,0,15,0,105,0,0,0,0,0,0,0,0,0,0,1,0,0,0,0,0,0,0,0,0,0,0,0,0,0,0,0,0,0,0,0,0,0,0,0,0,0,0,0,0,0,4,0,0,0,0,0,0,0,0,0,0,0,0,0,0,0,0,0,0,0,0,0,0,0,0
4342,0,184,0,126,0,188,0,47,0,2,0,904,0,65,1,0,0,15,0,0,0,0,0,0,0,0,0,0,0,0,0,91,0,0,0,510,359,26,4,34,0,4,0,1,0,0,0,0,0,104,0,6,0,27,0,0,0,0,0,0,0,719,0,2084,0,700,0,159,0,487,2,638,0,508,0,330,1,10,0,0,0,21,0,319,0,2,0,46,0,0,0,17,0,1,0,0,0,7,1,3,0,0,0,0,0,0,0,1,2,0,0,6,4,1,1,0,0,0,1,9,0,32,0,1,0,96,0,162,0,99,0,1,1,99,6,9,0,1,0,6,0,13,0,271,0,27,0,50,0,0,0,3,0,58,10,0,0,0,0,0,0,2,0,8,2,0,0,0,0
0,4688,0,213,0,191,0,308,0,31,0,4,0,1405,0,256,0,0,0,7,0,0,0,0,0,0,0,0,0,0,0,0,1,526,0,0,1,114,48,6,1,9,0,4,0,0,4,1,8,16,2,3,7,19,14,6,1,0,1,0,0,0,3,1884,1,968,1,1252,1,159,30,1336,0,924,0,155,0,96,0,10,0,0,0,24,1,54,0,0,0,30,0,0,0,0,1,0,0,0,1,2,0,0,0,0,0,0,0,0,0,0,0,0,0,0,0,0,0,0,0,0,0,0,0,0,0,0,0,4,0,23,0,0,0,0,0,0,0,0,0,7,0,0,0,3,0,22,0,2,0,17,0,0,0,0,0,0,0,0,0,0,0,0,0,0,0,0,0,0,0,0
315,1,202,1,53,0,23,1,6,0,0,0,20,0,95,0,0,0,26,0,1,0,0,0,0,0,0,0,0,0,0,0,39,4,0,0,538,55,446,94,41,0,3,0,0,0,72,0,298,6,24,2,858,0,461,1,5,0,5,0,719,3,0,0,1574,4,72,6,162,0,3094,73,240,0,82,1,82,1,8,0,0,0,6,3,59,5,4,0,49,0,0,0,12,0,0,0,1,0,5,0,4,0,0,1,1,0,0,0,0,0,0,0,2,3,19,0,0,0,0,2,4,0,10,0,0,0,11,0,34,0,10,0,0,0,16,1,0,0,0,0,3,0,5,0,84,0,4,0,7,0,2,0,13,0,66,9,0,0,0,0,0,0,1,0,8,0,0,0,0,0
0,205,0,93,0,149,0,48,0,29,0,0,0,4,0,91,0,0,0,9,0,0,0,0,0,0,0,0,0,0,0,0,0,80,0,0,0,31,18,7,1,4,1,0,0,0,8,0,4,114,3,2,13,592,12,80,1,0,0,0,0,1884,0,0,0,1186,0,125,0,876,26,1908,0,98,0,43,0,22,0,5,0,0,0,3,0,23,0,0,1,15,0,0,0,0,0,0,0,0,0,2,0,0,0,0,0,0,0,0,0,0,0,0,0,0,1,0,0,0,0,0,0,0,0,0,0,1,0,1,0,2,0,0,0,0,0,0,0,0,0,1,0,1,0,3,0,0,0,0,0,3,0,0,0,0,0,0,0,0,0,0,0,0,0,0,0,0,0,0,0,0
454,0,37,0,55,0,110,0,17,0,0,0,110,1,4,0,0,0,7,0,0,0,0,0,0,0,0,0,0,0,0,0,59,0,0,0,117,34,260,41,19,0,5,0,1,0,2,1,3,1,28,0,42,0,863,0,2,0,4,0,2084,1,1574,0,0,0,1764,2,2525,0,96,13,18,2,93,0,88,0,15,0,0,0,7,0,154,0,2,0,78,0,2,0,7,0,0,1,1,0,4,2,3,0,0,1,1,0,0,0,2,5,0,0,8,6,1,0,0,0,0,3,6,0,9,0,2,0,26,0,67,0,16,0,1,0,49,5,3,0,0,0,10,0,11,0,184,0,10,0,21,0,1,0,9,0,18,4,0,0,2,1,0,0,3,0,4,2,0,0,0,0
0,170,0,32,0,185,0,163,0,85,0,1,0,38,0,50,0,0,0,5,0,0,0,0,0,0,0,1,0,0,0,0,0,80,0,0,0,17,42,12,3,2,1,0,0,0,20,0,10,20,4,3,30,44,27,22,5,0,3,0,0,968,4,1186,0,0,0,1353,0,1352,58,197,0,6,0,45,0,17,0,4,0,0,0,15,0,106,0,0,0,103,1,0,0,0,0,1,0,0,0,0,0,0,0,0,0,0,0,0,0,0,0,0,0,0,7,0,0,0,0,0,0,0,0,0,0,1,0,6,1,3,0,1,0,0,0,0,0,0,0,0,0,0,0,0,0,8,0,0,0,1,0,0,0,0,0,2,0,0,0,0,0,0,0,0,0,0,0,0,0,0
164,0,10,0,20,0,154,0,39,0,2,0,117,0,0,2,0,0,0,0,0,0,0,0,0,0,0,0,0,0,0,0,51,0,0,0,21,23,112,11,5,0,1,0,2,0,1,0,1,0,17,0,2,0,28,0,3,0,3,0,700,1,72,0,1764,0,0,1,295,0,24,7,0,0,53,0,61,0,4,0,0,0,4,0,1313,0,10,0,241,0,3,0,71,0,0,0,0,0,8,0,0,1,0,1,0,0,0,0,0,1,0,0,5,3,0,0,0,0,0,1,0,0,3,0,0,0,9,0,35,0,13,0,0,0,24,1,0,0,2,0,3,0,2,0,67,0,7,0,10,0,0,0,2,0,5,0,0,0,1,0,0,0,0,0,3,0,0,0,0,0
0,153,0,11,0,55,0,170,0,38,0,1,0,1025,0,21,0,0,0,0,0,0,0,0,0,0,0,0,0,0,0,0,0,352,0,0,0,11,36,18,3,4,1,1,0,0,12,1,12,9,1,5,31,19,29,19,5,0,1,0,0,1252,6,125,2,1353,1,0,0,576,29,119,0,4,1,26,1,36,0,2,0,0,0,46,1,774,0,0,1,188,0,0,0,0,0,0,0,0,0,0,1,0,0,0,0,0,0,0,0,0,0,0,0,0,9,0,0,0,0,0,0,0,0,0,0,1,0,1,0,3,0,0,0,0,0,0,0,0,0,0,0,0,0,1,1,6,0,1,0,2,0,0,0,1,0,0,0,0,0,0,0,0,0,0,0,0,0,0,0,0
292,0,33,0,95,0,83,0,25,0,3,0,17,0,3,1,0,0,4,0,0,0,0,0,0,0,0,0,0,0,0,0,56,2,0,0,13,26,99,37,51,0,4,0,4,0,1,0,5,0,21,0,14,0,1339,0,13,0,3,0,159,1,162,0,2525,0,295,0,0,1,33,22,2,0,23,0,93,0,13,0,0,0,6,0,183,1,11,0,1294,1,6,0,128,0,0,1,2,0,11,2,5,0,2,1,0,0,0,0,0,0,0,0,10,3,1,0,0,0,0,1,5,0,3,0,0,0,10,0,22,0,9,0,0,0,10,1,0,0,3,0,8,0,10,0,59,0,1,0,5,0,0,0,0,0,20,6,0,0,0,0,0,0,3,1,7,0,0,1,0,0
0,79,1,40,0,189,0,79,0,63,0,1,0,9,0,46,0,0,0,5,0,0,0,0,0,0,0,0,0,0,0,0,0,32,0,0,0,9,16,22,1,4,2,0,0,0,20,4,12,62,5,0,28,566,15,980,1,0,3,0,0,159,0,876,0,1352,0,576,1,0,42,232,0,13,0,58,0,30,0,4,0,0,0,13,0,429,0,1,1,586,0,0,0,0,0,0,0,0,0,0,0,1,0,0,0,0,0,0,0,0,0,0,0,0,3,0,0,0,0,0,0,0,0,0,0,1,0,0,0,1,0,0,0,0,0,0,0,0,0,2,0,0,0,1,0,7,0,0,0,2,0,0,0,1,0,0,0,0,0,0,0,0,0,1,0,0,0,0,0,0
105,15,140,7,13,12,2,5,6,5,0,0,8,6,145,15,1,0,32,2,2,0,0,0,1,0,0,0,0,0,0,0,17,43,0,0,2096,73,983,134,79,5,110,2,2,0,591,4,1447,491,303,18,797,38,366,43,37,0,74,0,487,30,3094,26,96,58,24,29,33,42,0,1411,1001,10,48,4,39,25,6,5,0,0,2,39,29,80,3,0,32,99,1,0,25,0,0,0,0,0,2,0,177,1,0,0,0,0,0,0,1,0,0,0,2,2,342,0,0,0,0,0,5,0,3,0,4,0,3,1,7,0,7,0,0,0,5,0,2,0,1,1,3,0,3,2,27,13,0,1,0,2,32,0,41,1,223,10,1,0,0,0,0,0,0,0,2,0,0,0,0,0
2,337,6,130,0,166,2,44,1,20,1,0,1,31,0,258,0,0,3,29,2,1,0,1,0,1,0,1,0,1,0,0,7,326,0,0,6,1175,261,616,19,275,9,190,0,9,327,889,648,1391,65,679,316,676,278,445,31,17,20,16,2,1336,73,1908,13,197,7,119,22,232,1411,0,1,328,9,131,9,159,5,23,0,0,0,71,13,221,0,8,17,734,1,3,12,34,0,1,0,0,1,2,7,52,0,0,0,0,0,0,0,0,0,0,2,0,368,0,0,0,0,0,1,2,0,0,0,3,1,14,2,13,1,0,0,0,2,1,0,1,0,2,0,1,1,4,9,47,1,1,0,5,1,0,0,14,0,76,0,0,0,0,0,0,0,0,0,0,0,0,0,0
651,0,195,0,1,0,1,0,2,0,1,0,2,0,1668,0,0,0,8,0,0,0,0,0,0,0,0,0,0,0,0,0,3,0,0,0,1587,51,3,1,3,0,0,0,0,0,0,0,1,0,4,0,0,0,1,0,0,0,0,0,638,0,240,0,18,0,0,0,2,0,1001,1,0,105,64,0,25,0,0,0,0,0,0,0,3,0,0,0,0,0,0,0,0,0,0,0,0,0,0,0,0,0,0,0,0,0,0,0,0,0,0,0,1,0,0,0,0,0,0,0,2,0,2,0,0,0,5,0,14,0,2,0,0,0,6,0,0,0,0,0,0,0,0,0,10,0,1,0,1,0,0,0,3,0,22,0,0,0,0,0,0,0,0,0,0,0,0,0,0,0
0,760,0,140,0,114,1,34,0,16,0,0,0,3,6,775,0,0,0,7,0,0,0,0,0,0,0,0,0,0,0,0,0,223,0,0,7,282,2,0,1,6,0,3,0,0,1,0,1,5,0,5,0,3,0,2,0,0,0,0,0,924,0,98,2,6,0,4,0,13,10,328,105,0,2,80,0,92,0,8,0,0,0,5,0,1,0,0,0,6,0,0,0,0,0,0,0,0,0,2,0,0,0,0,0,0,0,0,0,0,0,0,0,0,0,0,0,0,0,0,0,0,0,0,0,0,0,2,0,28,0,0,0,0,0,0,0,0,0,7,0,4,0,5,1,9,0,1,0,8,0,0,0,0,0,0,0,0,0,0,0,0,0,0,0,0,0,0,0,0
831,1,1699,94,1004,49,166,12,376,29,117,0,123,0,84,80,139,18,437,170,354,13,462,8,33,1,7,0,17,0,0,0,283,4,0,0,237,893,25,1,131,0,7,1,53,0,1,0,3,0,238,0,4,0,23,0,0,0,3,0,508,0,82,0,93,0,53,1,23,0,48,9,64,2,0,518,2743,25,661,2,0,0,6,0,32,0,10,0,17,0,9,0,16,0,0,0,0,0,4,3,2,0,1,0,0,0,0,0,2,2,0,0,9,6,1,0,0,0,0,3,18,0,50,0,73,0,284,1,169,1,65,0,4,0,281,30,58,0,2,0,3,0,10,0,475,2,59,0,48,0,44,10,163,150,276,360,420,5,1,0,0,0,19,1,8,1,0,0,0,0
2,640,39,1531,16,1883,3,433,1,480,10,107,0,19,0,721,118,589,29,632,204,333,219,209,9,278,1,104,5,0,0,2,2,644,0,0,0,506,5,12,9,196,9,95,1,0,3,2,3,2,1,154,4,4,2,2,0,0,0,0,0,155,1,43,0,45,0,26,0,58,4,131,0,80,518,0,22,4128,4,1183,0,0,0,16,0,9,0,0,2,52,0,0,1,0,2,20,5,6,4,129,8,2,4,10,3,1,14,8,2,13,11,5,6,30,3,0,1,0,0,3,0,46,0,77,0,336,2,964,1,683,0,104,0,13,1,229,0,38,0,28,0,20,0,52,3,958,0,102,0,205,56,75,69,306,4,248,93,274,5,8,0,1,6,59,1,6,1,4,5,3
584,1,1268,9,884,3,215,0,323,2,415,0,405,0,31,9,80,4,116,11,141,0,353,0,269,0,67,0,90,0,16,0,3142,2,0,0,43,123,57,7,321,0,53,1,434,0,3,0,6,1,398,1,24,0,198,0,19,0,22,0,330,0,82,0,88,0,61,1,93,0,39,9,25,0,2743,22,0,2,1671,7,0,0,54,0,126,0,146,0,224,0,113,0,128,0,2,2,5,3,99,16,28,2,6,2,5,1,7,2,19,20,2,1,98,57,2,1,0,1,1,28,15,0,34,0,151,1,810,1,345,0,219,0,8,0,583,32,100,0,9,0,31,0,46,0,656,3,102,0,47,0,6,0,8,17,103,84,298,2,14,4,1,2,94,5,85,8,1,3,5,4
0,483,1,676,2,1102,0,146,0,561,0,395,0,25,0,535,2,142,5,184,9,26,1,125,0,393,0,265,0,21,0,2,0,3516,0,0,1,213,21,22,3,637,2,112,2,467,24,17,14,32,1,156,21,21,7,39,0,12,0,37,1,96,1,22,0,17,0,36,0,30,25,159,0,92,25,4128,2,0,3,2079,0,0,0,150,0,253,0,199,0,202,0,16,0,13,1,12,1,1,1,53,2,1,0,2,4,0,2,1,0,12,7,0,3,13,4,0,0,0,0,0,0,11,0,7,0,172,0,321,0,152,0,25,0,8,1,31,0,5,0,64,0,14,0,29,0,250,0,23,0,35,3,5,1,51,1,34,7,472,2,5,0,0,5,93,3,7,1,4,4,1
18,0,7,2,18,0,3,0,4,0,4,0,12,0,0,0,11,0,2,2,3,0,5,0,0,0,0,0,1,0,2,0,55,1,0,0,2,2,18,0,311,0,35,2,341,0,0,0,2,0,27,1,5,0,41,0,3,0,9,0,10,0,8,0,15,0,4,0,13,0,6,5,0,0,661,4,1671,3,0,10,0,0,0,0,11,0,27,0,23,0,26,0,21,1,7,3,15,5,102,31,14,2,8,7,3,1,9,3,33,39,2,2,150,65,2,5,2,0,3,65,9,0,1,0,95,10,61,3,26,0,33,0,43,0,154,19,18,1,8,0,9,0,11,0,46,2,8,0,0,0,2,0,0,2,1,4,374,26,16,5,4,2,406,3,92,22,5,7,8,5
0,64,0,60,0,115,0,31,0,54,0,9,1,5,0,83,0,2,2,24,1,1,0,1,0,4,0,1,0,1,0,0,1,64,0,0,0,38,6,4,25,403,21,86,0,231,3,2,2,3,3,41,3,1,2,8,0,1,1,3,0,10,0,5,0,4,0,2,0,4,5,23,0,8,2,1183,7,2079,10,0,0,0,0,24,0,32,0,6,0,16,0,2,0,6,9,19,10,10,7,139,7,5,14,11,4,0,9,8,9,26,21,3,13,28,1,0,0,1,0,4,0,36,0,4,1,178,0,120,4,106,0,51,0,33,1,23,0,7,0,69,0,5,0,6,1,88,0,12,0,14,0,0,0,12,0,4,5,426,13,12,1,2,10,368,5,12,1,6,6,6
0,0,0,0,0,0,0,0,0,0,0,0,0,0,0,0,0,0,0,0,0,0,0,0,0,0,0,0,0,0,0,0,0,0,0,0,0,0,0,0,0,0,0,0,0,0,0,0,0,0,0,0,0,0,0,0,0,0,0,0,0,0,0,0,0,0,0,0,0,0,0,0,0,0,0,0,0,0,0,0,0,0,0,0,0,0,0,0,0,0,0,0,0,0,0,0,0,0,0,0,0,0,0,0,0,0,0,0,0,0,0,0,0,0,0,0,0,0,0,0,0,0,0,0,0,0,0,0,0,0,0,0,0,0,0,0,0,0,0,0,0,0,0,0,0,0,0,0,0,0,0,0,0,0,0,0,0,0,0,0,0,0,0,0,0,0,0,0,0,0
0,0,0,0,0,0,0,0,0,0,0,0,0,0,0,0,0,0,0,0,0,0,0,0,0,0,0,0,0,0,0,0,0,0,0,0,0,0,0,0,0,0,0,0,0,0,0,0,0,0,0,0,0,0,0,0,0,0,0,0,0,0,0,0,0,0,0,0,0,0,0,0,0,0,0,0,0,0,0,0,0,0,0,0,0,0,0,0,0,0,0,0,0,0,0,0,0,0,0,0,0,0,0,0,0,0,0,0,0,0,0,0,0,0,0,0,0,0,0,0,0,0,0,0,0,0,0,0,0,0,0,0,0,0,0,0,0,0,0,0,0,0,0,0,0,0,0,0,0,0,0,0,0,0,0,0,0,0,0,0,0,0,0,0,0,0,0,0,0,0
3,0,1,0,1,0,1,0,2,0,0,0,154,0,0,0,0,0,0,0,0,0,0,0,0,0,0,0,0,0,0,0,120,0,0,0,1,1,3,1,1,0,0,0,0,0,0,0,0,0,3,0,0,0,1,0,0,0,0,0,21,0,6,0,7,0,4,0,6,0,2,0,0,0,6,0,54,0,0,0,0,0,0,0,467,0,1,0,82,0,0,0,1,0,0,0,0,0,0,0,0,0,0,0,0,0,0,0,0,0,0,0,0,0,0,0,0,0,0,0,2,0,0,0,0,0,2,0,6,0,0,0,0,0,3,3,0,0,0,0,0,0,0,0,14,0,0,0,1,0,0,0,0,0,0,0,0,0,0,0,0,0,0,0,0,0,0,0,0,0
1,3,0,1,0,4,0,5,0,3,0,0,0,216,0,2,0,0,0,0,0,0,0,0,0,0,0,0,0,0,0,0,0,130,0,0,0,5,37,23,1,53,1,4,0,1,16,5,17,24,2,33,11,7,19,21,3,1,1,3,0,24,3,3,0,15,0,46,0,13,39,71,0,5,0,16,0,150,0,24,0,0,0,0,0,1454,0,28,2,42,0,2,1,4,0,0,0,0,0,0,0,1,0,0,0,0,0,0,0,0,0,0,0,0,3,0,0,0,0,0,0,0,0,0,0,0,0,2,0,10,0,1,0,0,0,0,0,0,0,12,0,0,0,17,0,34,0,0,0,3,0,0,0,0,0,0,0,1,0,0,0,0,0,0,0,0,0,0,0,0
84,0,11,0,30,0,126,0,83,0,1,0,683,0,0,0,0,0,1,0,1,0,1,0,0,0,0,0,1,0,0,0,310,2,0,0,16,13,91,14,24,0,5,0,17,0,0,0,1,0,19,0,8,0,89,1,8,0,4,0,319,1,59,0,154,0,1313,1,183,0,29,13,3,0,32,0,126,0,11,0,0,0,467,0,0,0,1550,0,5036,0,35,0,293,0,0,0,0,0,2,3,2,0,1,0,0,0,0,0,2,0,1,0,5,1,0,1,0,0,0,3,2,0,5,0,0,0,14,2,34,0,15,0,0,0,20,1,4,0,1,0,4,0,6,0,98,0,6,0,8,0,0,0,0,0,3,1,0,0,0,0,0,0,1,0,4,0,1,0,0,0
0,19,0,8,0,21,0,23,0,13,0,1,0,278,0,13,0,8,0,4,0,0,0,0,0,2,0,3,0,2,0,0,0,440,0,0,0,4,37,56,3,237,1,24,0,35,87,109,48,159,9,114,48,124,42,274,10,29,5,61,0,54,5,23,0,106,0,774,1,429,80,221,0,1,0,9,0,253,0,32,0,0,0,1454,0,0,0,1239,1,2753,0,178,2,29,0,0,0,0,0,1,2,0,0,0,0,0,0,0,0,0,0,0,0,0,12,0,0,0,0,0,0,1,0,0,0,1,0,3,0,5,0,0,0,1,0,1,0,0,0,13,0,0,0,8,0,35,0,0,0,9,0,0,0,0,0,1,0,1,0,0,0,0,0,0,0,0,0,0,0,0
6,0,13,0,12,0,3,0,2,0,42,0,7,0,0,0,0,0,0,0,5,0,2,0,9,0,2,0,14,0,1,0,457,0,0,0,1,2,4,2,63,0,169,0,748,0,1,0,1,1,12,0,3,0,33,0,5,0,241,0,2,0,4,0,2,0,10,0,11,0,3,0,0,0,10,0,146,0,27,0,0,0,1,0,1550,0,0,0,634,0,968,0,305,0,0,0,0,0,5,1,0,0,1,0,0,0,0,0,0,0,0,0,1,0,0,0,0,0,0,0,0,0,0,0,1,0,1,0,1,0,0,0,0,0,2,0,1,0,0,0,1,0,1,0,7,1,0,0,0,0,0,0,0,0,0,0,3,0,0,0,0,0,1,0,1,0,0,0,0,0
0,0,0,1,0,0,0,0,0,0,0,1,0,15,0,1,0,57,0,0,0,0,0,4,0,2,0,4,0,3,0,0,0,393,0,0,0,0,0,2,0,426,0,556,0,1398,3,10,1,4,1,31,0,1,0,8,0,8,0,93,0,0,0,0,0,0,0,0,0,1,0,8,0,0,0,0,0,199,0,6,0,0,0,28,0,1239,0,0,0,524,0,944,0,100,0,0,0,0,0,0,0,1,0,0,0,0,0,0,0,0,0,0,0,0,1,0,0,0,0,0,0,0,0,0,0,0,0,0,0,1,0,0,0,0,0,0,0,0,0,1,0,0,0,0,0,4,0,0,0,0,0,0,0,0,0,0,0,0,0,0,0,0,0,0,0,0,0,0,0,0
115,0,21,0,48,0,61,1,46,0,5,0,202,0,1,0,0,0,3,0,1,0,0,0,1,0,0,0,2,0,0,0,257,0,0,0,7,14,76,21,59,0,12,0,20,0,2,0,2,1,37,0,27,0,2480,0,218,0,53,0,46,0,49,1,78,0,241,1,1294,1,32,17,0,0,17,2,224,0,23,0,0,0,82,2,5036,1,634,0,0,0,689,0,3409,0,0,1,0,2,8,1,8,1,1,0,1,0,1,0,2,4,0,0,5,3,0,1,0,0,0,1,6,0,2,0,2,0,6,1,29,0,4,0,0,0,13,2,1,0,2,0,2,0,15,0,68,0,1,0,4,0,0,0,0,1,7,3,0,0,1,0,0,0,1,0,2,0,0,1,0,1
0,21,1,24,0,103,0,31,0,32,0,2,0,7,0,51,0,20,0,4,0,0,0,3,0,7,0,4,0,0,0,0,0,213,0,0,1,10,25,96,1,997,10,281,0,254,199,623,106,472,35,443,39,447,14,3785,1,229,6,827,0,30,0,15,0,103,0,188,1,586,99,734,0,6,0,52,0,202,0,16,0,0,0,42,0,2753,0,524,0,0,0,630,1,2736,0,0,0,0,0,2,7,6,0,0,0,0,0,0,0,0,1,0,0,0,61,0,0,0,0,0,0,0,0,1,0,0,0,2,0,4,0,0,0,0,0,0,0,0,0,7,0,0,0,2,0,25,0,0,0,2,0,0,0,1,0,0,0,0,0,0,0,0,0,0,0,0,0,0,0,0
1,0,5,0,16,0,1,0,3,0,19,0,1,0,0,0,0,0,0,0,2,0,1,0,4,0,1,0,8,0,0,0,205,0,0,0,0,0,1,1,63,0,46,0,82,0,1,0,0,0,6,0,5,0,14,0,4,0,439,0,0,0,0,0,2,1,3,0,6,0,1,1,0,0,9,0,113,0,26,0,0,0,0,0,35,0,968,0,689,0,0,0,1341,0,0,0,0,0,1,2,2,0,0,0,0,0,0,0,0,0,0,0,1,0,0,0,0,0,0,0,0,0,0,0,1,0,1,0,2,0,1,0,0,0,0,0,0,0,0,0,0,0,1,0,6,0,0,0,0,0,0,0,0,0,0,0,4,0,0,1,0,0,0,0,0,0,0,0,0,0
0,0,0,0,0,0,0,0,0,0,0,0,0,1,0,0,0,3,0,0,0,0,0,0,0,0,0,0,0,0,0,0,0,15,0,0,0,0,0,1,0,435,0,644,0,375,0,4,0,1,0,11,0,1,0,2,0,8,0,502,0,0,0,0,0,0,0,0,0,0,0,3,0,0,0,0,0,16,0,2,0,0,0,2,0,178,0,944,0,630,0,0,0,1275,0,0,0,0,0,0,0,2,0,0,0,0,0,0,0,0,0,0,0,0,0,0,0,0,0,0,0,0,0,0,0,0,0,0,0,0,0,0,0,0,0,0,0,0,0,0,0,0,0,0,0,1,0,0,0,0,0,0,0,1,0,0,0,0,0,0,0,0,0,0,0,0,0,0,0,0
40,0,21,0,35,0,50,0,32,0,25,0,21,1,1,3,0,0,3,0,2,0,1,0,3,0,1,0,5,0,1,0,304,1,0,0,3,13,26,10,274,1,412,0,86,0,12,0,8,2,133,0,66,0,419,0,488,0,1797,0,17,0,12,0,7,0,71,0,128,0,25,12,0,0,16,1,128,0,21,0,0,0,1,1,293,2,305,0,3409,1,1341,0,0,0,15,2,0,0,7,0,7,0,1,0,1,0,1,0,1,1,1,0,3,1,0,0,0,0,0,1,0,0,2,0,3,0,1,0,8,0,1,0,0,0,6,0,0,0,5,0,0,0,8,0,17,0,1,0,0,0,0,0,0,0,2,3,1,0,0,0,0,0,2,0,1,0,1,0,0,0
0,0,0,0,0,0,0,0,0,0,0,0,0,0,0,0,0,1,0,0,0,0,0,0,0,0,0,0,0,1,0,0,0,5,0,0,0,0,0,2,1,476,2,237,0,67,25,150,11,36,1,195,0,47,0,351,0,1307,0,3501,0,0,0,0,0,0,0,0,0,0,0,34,0,0,0,0,0,13,1,6,0,0,0,4,0,29,0,100,0,2736,0,1275,0,0,1,538,1,9,1,0,2,9,0,10,0,3,1,18,0,11,3,12,0,0,1,0,1,0,0,0,0,0,0,0,0,0,0,0,0,0,0,0,0,0,0,0,0,0,0,0,0,0,0,0,0,2,0,0,0,0,0,0,0,0,0,0,0,0,0,0,0,0,0,0,0,0,0,0,0,0
0,0,0,0,0,0,1,0,0,0,0,0,0,0,0,0,0,0,0,0,0,0,0,0,0,0,0,0,0,0,0,0,0,0,0,0,0,0,0,0,7,0,26,6,1,0,101,0,0,0,1356,5,1,0,0,0,0,0,31,0,1,1,0,0,0,0,0,0,0,0,0,0,0,0,0,2,2,1,7,9,0,0,0,0,0,0,0,0,0,0,0,0,15,1,0,33,3818,11,75,9,559,11,5216,38,430,2,628,19,213,21,100,9,4,3,41,84,89,15,10,14,0,0,0,0,1,2,0,11,0,0,0,0,0,0,0,0,0,0,0,0,0,0,0,0,0,0,0,0,0,0,0,0,0,0,0,0,0,0,5,3,0,1,4,2,0,0,0,3,0,0
0,1,0,1,0,2,0,0,0,2,0,0,0,0,0,0,0,0,0,1,0,0,0,0,0,0,0,0,0,0,0,0,0,1,0,0,0,3,0,0,44,10,33,10,0,0,0,0,0,0,3,27,0,0,2,0,0,0,1,60,0,0,0,0,1,1,0,0,1,0,0,1,0,0,0,20,2,12,3,19,0,0,0,0,0,0,0,0,1,0,0,0,2,538,33,0,61,5351,8,26,49,63,54,2407,13,171,52,1320,23,667,76,536,15,7,18,11,98,43,40,18,0,0,0,0,0,6,1,32,0,6,0,0,0,0,2,2,0,2,1,0,0,0,0,0,1,0,0,0,0,1,0,0,0,1,0,0,0,0,3,3,0,0,3,18,9,8,3,3,0,1
0,0,0,0,0,0,0,0,0,1,0,0,0,0,0,0,0,0,0,1,0,0,0,0,0,0,0,0,0,0,0,0,1,0,0,0,0,0,1,0,19,2,33,2,0,0,5,0,0,0,60,1,0,0,2,0,0,0,1,0,0,0,1,0,1,0,0,0,2,0,0,0,0,0,0,5,5,1,15,10,0,0,0,0,0,0,0,0,0,0,0,0,0,1,3818,61,0,234,75,21,374,20,589,68,2924,2,1292,26,204,28,127,2,10,9,41,102,417,70,17,24,0,0,0,0,0,1,3,6,3,1,0,0,0,0,0,0,0,0,1,0,0,0,1,0,2,0,0,0,0,0,0,0,0,0,0,0,0,1,7,0,0,0,15,5,1,0,1,2,0,2
0,1,0,0,0,0,0,0,0,0,0,0,0,0,0,0,0,0,0,1,0,0,0,0,0,0,0,0,0,0,0,0,0,0,0,0,0,0,0,0,15,0,13,8,0,0,0,0,1,0,2,1,0,0,0,0,0,0,0,0,0,0,0,0,0,0,0,0,0,0,0,0,0,0,0,6,3,1,5,10,0,0,0,0,0,0,0,0,2,0,0,0,0,9,11,5351,234,0,9,11,13,26,26,247,21,2771,60,3398,14,314,34,200,12,3,12,11,192,29,39,23,0,0,1,0,1,2,2,6,0,2,0,0,0,0,1,0,0,0,1,0,1,0,0,0,0,0,0,0,0,0,0,0,0,0,0,0,0,0,2,3,0,1,2,7,4,6,1,0,0,1
9,0,1,0,1,0,0,0,0,0,0,0,5,0,0,0,0,0,0,0,0,0,0,0,0,0,0,0,0,0,0,0,9,0,0,0,1,2,5,2,79,1,59,0,6,0,0,0,0,0,40,3,1,0,27,0,0,0,1,0,7,1,5,0,4,0,8,0,11,0,2,1,0,0,4,4,99,1,102,7,0,0,0,0,2,0,5,0,8,0,1,0,7,1,75,8,75,9,0,9,1077,31,138,20,14,0,52,4,206,65,31,3,18,125,148,44,19,8,8,44,2,0,0,0,4,1,73,4,28,1,19,0,0,0,28,2,4,0,6,0,9,0,21,0,28,0,1,0,5,0,0,0,0,0,0,0,0,2,8,7,0,0,25,0,18,7,2,4,1,1
0,13,0,6,0,9,1,4,0,6,0,3,1,1,0,14,0,0,0,6,0,0,0,0,0,0,0,0,0,0,0,0,1,4,0,0,0,4,0,0,70,22,50,66,0,0,1,0,0,0,6,30,0,0,2,0,1,0,0,0,1,2,0,2,2,0,0,0,2,0,0,2,0,2,3,129,16,53,31,139,0,0,0,0,3,1,1,0,1,2,2,0,0,0,9,26,21,11,9,0,68,1163,24,177,19,0,40,8,22,41,36,5,17,307,89,14,6,7,3,40,0,6,0,2,0,24,4,140,14,208,1,41,0,23,6,67,0,21,1,5,0,12,2,18,5,94,1,25,0,21,0,0,0,1,0,1,0,13,20,63,5,10,31,136,27,104,4,0,26,6
1,0,1,1,0,1,0,0,0,1,0,0,1,0,0,1,0,0,0,0,0,0,0,0,0,0,0,0,0,0,0,0,4,0,0,0,0,0,7,1,58,1,143,8,0,0,137,0,30,5,894,3,40,2,26,6,0,0,100,0,3,0,4,0,3,0,0,1,5,0,177,7,0,0,2,8,28,2,14,7,0,0,0,0,2,2,0,0,8,7,2,0,7,2,559,49,374,13,1077,68,0,155,1799,56,149,0,286,10,400,58,74,6,13,77,829,94,26,17,17,53,1,0,1,0,0,1,10,6,9,3,4,1,0,0,19,2,1,0,0,0,4,0,8,0,23,1,1,0,1,0,0,0,0,0,0,0,0,0,4,2,0,1,20,11,2,3,12,2,1,1
0,1,0,0,0,0,0,1,0,1,0,0,0,0,0,0,0,0,0,0,0,0,0,0,0,0,0,0,0,0,0,0,0,1,0,0,0,6,0,15,22,12,26,158,0,1,9,186,3,13,12,426,1,0,1,6,0,4,0,15,0,0,0,0,0,0,1,0,0,1,1,52,0,0,0,2,2,1,2,5,0,0,0,1,0,0,0,1,1,6,0,2,0,9,11,63,20,26,31,1163,155,0,37,1394,12,2,27,12,56,56,30,91,20,86,1263,229,30,18,32,81,0,0,0,0,0,0,2,5,0,1,0,2,0,0,0,0,0,0,0,0,0,0,0,0,0,0,0,0,0,0,0,0,0,3,0,3,0,1,2,1,0,0,3,3,1,0,0,0,0,0
0,1,0,0,0,0,0,0,0,0,0,0,0,0,0,1,0,0,0,0,0,0,0,0,0,0,0,0,0,0,0,0,1,0,0,0,0,0,0,0,21,1,27,3,1,0,36,0,0,0,1046,40,1,0,0,0,0,0,2,0,0,0,0,0,0,0,0,0,2,0,0,0,0,0,1,4,6,0,8,14,0,0,0,0,1,0,1,0,1,0,0,0,1,0,5216,54,589,26,138,24,1799,37,0,80,155,3,381,26,399,52,152,11,7,5,218,394,55,38,19,20,0,0,1,0,0,4,0,8,3,0,0,0,0,0,1,1,0,0,1,0,0,0,2,0,0,0,0,1,0,0,0,0,0,0,0,0,0,0,7,1,0,0,11,7,0,2,1,2,0,0
