0,3,1764,20,2282,5,594,7,72,0,0,0,206,3,782,20,0,0,2,0,0,0,0,0,0,0,0,0,0,0,0,0,236,2,0,0,184,52,8,3,1,0,0,0,0,0,0,1,1,0,0,0,5,0,39,0,0,0,0,0,6033,0,210,0,200,0,116,0,45,0,266,0,1586,0,0,0,22,1,7,0,0,0,6,0,189,0,0,0,153,0,0,0,2,0,0,0,0,0,0,0,0,0,0,0,0,0,0,0,0,0,0,0,0,0,0,0,0,0,0,0,0,0,0,0,0,0,4,3,3,1,0,0,0,0,1,0,0,0,0,0,0,0,1,0,0,2,0,0,0,0,0,0,0,1,19,6,0,0,0,0,0,0,0,0,0,0,0,0,0,0
3,0,2,1880,1,1648,1,1516,0,80,0,0,0,729,16,778,0,0,0,0,0,0,0,0,0,0,0,0,0,0,0,0,0,25,0,0,31,98,0,0,0,1,0,0,0,0,0,3,0,1,0,0,0,1,0,27,0,0,0,0,0,6799,0,7,0,92,0,260,0,113,0,30,7,832,0,16,1,60,2,6,0,0,0,4,0,79,0,0,0,95,0,0,0,6,0,0,0,0,0,0,0,0,1,0,0,0,0,0,0,0,0,0,0,1,0,0,0,0,0,0,0,0,0,0,0,1,0,31,0,3,0,7,0,0,0,10,0,3,0,0,0,0,0,0,0,14,0,0,0,1,0,0,0,0,0,1,0,0,0,0,0,2,0,1,1,3,0,2,2,2
1764,2,0,20,4771,26,68,4,482,7,134,4,2,2,2592,21,10,1,3365,25,181,11,62,2,193,0,240,0,8,1,1,0,324,2,0,0,259,14,2,1,0,0,1,0,0,0,0,2,1,0,0,0,1,0,3,0,0,0,0,0,57,0,4,0,2,0,0,0,3,0,37,0,129,0,5,5,144,3,10,0,0,0,0,0,1,0,0,0,3,0,0,0,0,0,0,0,0,0,0,0,0,0,0,0,0,1,0,0,0,0,0,0,0,0,0,0,0,0,0,1,0,0,0,0,0,0,1,0,0,0,1,0,0,0,1,0,0,0,0,0,0,0,0,0,0,0,0,0,0,0,42,12,65,14,74,39,10,0,0,0,0,0,1,0,0,0,0,0,0,0
20,1880,20,0,50,7439,20,294,13,412,1,112,2,48,106,2774,6,4,25,2188,5,516,8,90,1,143,1,139,0,15,0,14,27,92,0,0,115,338,0,0,1,2,0,0,0,1,0,0,0,0,0,1,0,0,0,0,0,0,0,0,3,28,0,0,0,0,0,2,0,1,0,3,8,125,3,289,11,267,2,23,0,0,0,0,0,6,0,1,0,1,0,0,0,0,0,0,0,0,1,1,0,0,0,0,0,0,0,0,0,0,0,0,3,0,0,0,0,0,0,1,0,0,0,0,0,2,1,64,1,7,0,17,0,0,1,31,0,5,0,1,0,2,0,3,0,32,0,8,0,3,10,29,12,66,68,289,0,6,0,1,0,0,0,0,2,3,0,1,2,5
2282,1,4771,50,0,39,780,9,2935,26,656,6,7,0,664,39,5,1,688,23,16,6,2,3,48,0,81,0,50,0,52,1,383,2,0,0,206,45,6,0,0,0,0,0,0,0,0,0,0,0,0,0,0,0,2,0,0,0,0,0,33,0,2,0,1,0,1,0,1,0,5,1,11,0,3,28,132,11,0,1,0,0,0,0,2,0,1,0,4,0,0,0,1,0,0,0,0,0,0,0,0,0,0,0,0,0,0,0,0,0,0,0,0,0,0,0,0,0,0,0,0,0,0,0,0,2,1,1,0,0,0,0,0,0,0,1,1,2,0,0,0,0,0,0,0,0,0,1,0,0,17,14,20,9,90,65,2,0,0,0,0,0,0,0,0,0,0,0,0,1
5,1648,26,7439,39,0,16,1218,11,2587,0,622,0,46,23,95,3,1,36,320,7,96,5,49,1,72,0,691,0,33,0,144,6,117,0,0,45,136,0,0,0,0,1,0,0,0,0,0,0,0,0,1,0,0,0,0,0,0,0,0,0,14,0,0,0,0,0,9,0,1,0,0,0,0,1,284,3,223,1,22,0,0,0,0,0,1,0,1,0,0,0,1,0,0,0,0,0,0,0,0,0,0,0,0,0,0,0,1,0,0,0,0,0,0,0,0,0,0,0,0,0,0,0,0,0,2,0,27,0,2,0,7,0,1,0,19,0,3,0,0,0,1,0,1,0,23,0,1,0,1,4,14,9,23,95,282,0,2,0,0,0,1,1,0,0,2,0,2,0,2
594,1,68,20,780,16,0,7,1088,5,12,0,687,1,256,26,0,0,28,1,0,0,0,0,0,0,0,0,0,0,0,0,864,3,0,0,55,19,0,0,1,0,0,0,0,0,0,0,0,0,0,0,0,0,1,0,0,0,0,0,108,0,2,0,2,0,11,0,0,0,3,0,0,0,2,7,68,1,7,0,0,0,1,0,13,0,4,0,1,0,0,0,0,0,0,0,0,0,0,0,0,0,0,0,0,0,0,0,0,0,0,0,0,0,0,0,0,0,0,0,0,0,0,0,0,0,10,1,2,0,1,1,0,0,2,1,0,0,0,0,0,0,0,0,3,1,1,1,1,0,2,0,0,1,18,19,0,0,0,0,0,0,0,0,0,0,0,0,0,0
7,1516,4,294,9,1218,7,0,5,2712,0,10,0,777,13,68,0,0,3,24,1,0,0,0,0,0,0,0,0,0,0,0,0,774,0,0,18,56,0,0,0,0,0,0,0,0,0,0,0,0,0,0,0,0,0,0,0,0,0,0,0,274,0,0,0,0,0,62,0,1,0,0,0,0,0,138,0,137,1,13,0,0,0,2,0,14,0,0,0,2,0,0,0,0,0,0,0,0,0,1,0,0,1,0,0,0,0,0,0,0,0,0,2,1,0,0,0,0,0,0,0,0,0,0,0,4,0,32,0,5,0,17,0,0,0,17,0,4,0,0,0,0,0,1,0,22,0,4,0,0,0,0,1,1,20,38,0,0,0,0,0,1,0,0,0,0,0,4,1,3
72,0,482,13,2935,11,1088,5,0,10,1880,1,126,0,124,8,2,0,293,10,8,2,1,1,2,0,9,0,16,0,9,0,1424,1,0,0,49,16,0,0,0,0,0,0,0,0,0,0,0,0,0,0,0,0,0,0,0,0,0,0,17,0,0,0,0,0,2,0,0,0,0,0,0,0,6,3,178,2,10,0,0,0,0,0,5,0,0,0,0,0,0,0,0,0,0,0,0,0,0,0,0,0,0,0,0,0,0,0,0,0,0,0,1,0,0,0,0,0,0,0,0,0,0,0,0,0,14,1,2,1,1,0,0,0,1,0,1,0,0,0,0,0,0,0,1,1,0,1,2,0,7,1,10,3,45,36,1,0,0,0,0,0,0,0,0,0,0,1,0,0
0,80,7,412,26,2587,5,2712,10,0,0,1196,0,52,11,40,1,0,17,82,1,7,1,6,0,3,0,13,0,15,0,29,3,707,0,0,12,50,0,0,0,0,0,0,0,0,0,0,0,0,0,0,0,0,0,0,0,0,0,0,0,6,0,0,0,0,0,6,0,0,0,0,0,0,0,415,4,294,0,35,0,0,0,0,0,2,0,1,0,0,0,0,0,0,0,0,0,0,1,0,0,0,0,0,0,0,0,0,0,0,0,0,0,0,0,0,0,0,0,0,0,0,0,0,0,13,0,20,0,5,0,5,0,0,0,8,0,4,0,0,0,0,0,1,0,13,0,3,0,1,3,3,10,3,50,149,0,1,0,1,0,2,0,0,0,3,0,1,0,1
0,0,134,1,656,0,12,0,1880,0,0,0,0,0,0,0,38,2,11,2,9,0,11,2,75,0,215,0,960,0,203,0,377,0,0,0,0,0,0,0,3,0,0,0,1,0,0,0,0,0,0,0,0,0,0,0,0,0,0,0,0,0,0,0,0,0,0,0,0,0,0,0,0,0,36,0,137,0,5,0,0,0,0,0,0,0,2,0,2,0,1,0,1,0,0,0,0,0,0,0,0,0,0,0,0,0,0,0,0,0,0,0,0,0,0,0,0,0,0,0,0,0,0,0,0,0,0,0,0,0,0,0,0,0,0,0,0,0,1,0,0,0,0,0,0,0,0,0,0,0,2,1,2,1,1,1,27,1,0,0,0,0,0,0,0,0,0,0,0,0
0,0,4,112,6,622,0,10,1,1196,0,0,0,1,0,2,0,6,6,42,1,32,0,58,0,118,0,414,0,1060,0,603,0,531,0,0,0,2,0,0,0,1,0,1,0,3,0,0,0,0,0,0,0,0,0,0,0,0,0,2,0,0,0,0,0,0,0,0,0,0,0,0,0,0,0,94,0,306,0,1,0,0,0,0,0,0,0,5,0,0,0,5,0,0,0,0,0,0,0,0,0,0,0,0,0,0,0,0,0,0,0,0,0,0,0,0,0,0,0,0,0,0,0,0,0,0,0,0,0,0,0,1,0,0,0,0,0,0,0,0,0,0,0,0,0,1,0,0,0,0,4,6,3,11,6,53,0,3,0,0,0,0,0,0,0,0,0,0,0,0
206,0,2,2,7,0,687,0,126,0,0,0,0,0,12,0,0,0,0,0,0,0,0,0,0,0,0,0,0,0,0,0,573,0,0,0,22,0,35,19,0,0,0,0,0,0,0,1,2,2,0,0,0,0,1,0,0,0,0,0,833,0,0,0,8,0,277,0,3,0,51,12,0,0,2,0,5,0,0,0,0,0,60,0,314,0,8,0,23,0,0,0,0,0,0,0,0,0,0,0,0,0,0,0,0,0,0,0,0,0,0,0,0,0,0,0,0,0,0,0,0,0,0,0,0,0,1,0,3,0,0,0,0,0,0,0,0,0,0,0,0,0,0,0,3,0,0,0,1,0,0,0,0,0,0,0,0,0,1,0,0,0,0,0,0,0,0,0,0,0
3,729,2,48,0,46,1,777,0,52,0,1,0,0,9,31,0,0,0,0,0,0,0,0,0,0,0,0,0,0,0,0,1,1158,0,0,13,19,0,0,0,3,1,0,0,0,0,0,0,0,0,2,0,1,0,0,0,0,0,0,0,652,0,0,0,0,0,465,0,4,0,0,0,0,0,39,0,212,1,34,0,0,0,26,0,269,0,2,0,1,0,0,0,1,0,0,0,0,3,2,3,0,2,1,1,1,1,0,1,0,1,1,0,0,0,0,0,0,0,1,0,0,0,1,0,2,2,33,0,39,0,13,0,0,0,7,0,2,0,0,0,1,0,1,0,36,0,8,0,5,0,0,0,0,0,2,0,1,0,3,0,5,0,5,0,2,0,10,3,1
782,16,2592,106,664,23,256,13,124,11,0,0,12,9,0,319,0,0,661,8,0,0,0,0,0,0,0,0,0,0,0,0,143,4,0,0,1504,201,13,1,1,0,0,1,0,0,0,0,1,0,0,0,0,0,0,0,0,0,0,0,88,0,6,0,2,0,2,0,0,0,70,1,1869,4,3,17,113,14,24,0,0,0,0,0,0,0,0,0,1,0,0,0,0,0,0,0,0,0,0,1,0,0,0,0,0,0,0,0,0,1,0,0,1,0,0,0,0,0,0,0,0,0,0,0,0,0,16,7,3,1,2,2,0,0,1,1,0,0,0,0,0,0,0,0,4,7,0,0,1,0,5,1,1,1,43,28,0,0,0,1,0,1,4,0,0,0,1,0,1,0
20,778,21,2774,39,95,26,68,8,40,0,2,0,31,319,0,0,1,30,673,0,3,0,0,0,0,0,0,0,0,0,0,12,35,0,0,350,3671,0,5,0,0,1,0,0,0,0,0,1,1,0,0,0,0,0,0,0,0,0,0,7,85,0,9,0,6,0,1,0,0,0,67,86,2308,0,92,13,36,2,5,0,0,0,0,0,1,0,0,0,0,0,0,0,0,0,0,0,0,0,1,0,0,0,1,0,0,0,1,0,0,0,0,0,0,0,0,0,0,0,0,0,2,0,0,0,2,3,38,0,16,0,10,0,0,1,26,0,1,0,0,0,0,0,3,0,23,0,5,0,3,0,1,1,27,34,132,0,2,1,0,0,1,0,0,0,2,0,1,3,0
0,0,10,6,5,3,0,0,2,1,38,0,0,0,0,0,0,315,10,2,239,67,854,23,45,0,12,0,2,0,0,0,58,0,0,0,1,0,0,0,0,0,0,0,35,0,0,0,0,0,0,0,0,0,0,0,0,0,0,0,0,0,0,0,0,0,0,0,0,0,0,0,0,0,135,14,138,1,2,1,0,0,0,0,0,0,10,0,5,0,1,0,0,0,0,0,0,0,0,0,0,0,0,0,0,0,0,0,0,0,0,0,0,0,0,0,0,0,0,0,0,0,0,0,0,0,0,0,0,0,0,0,0,0,0,0,0,0,0,0,0,0,0,0,0,0,0,0,0,0,258,135,25,6,28,6,582,37,0,0,0,0,0,0,0,0,0,0,0,0
0,0,1,4,1,1,0,0,0,0,2,6,0,0,0,1,315,0,4,12,4,256,7,608,3,17,3,5,0,8,0,1,0,262,0,0,0,1,0,0,0,14,0,9,0,64,0,0,0,0,0,0,0,0,0,0,0,0,0,7,0,0,0,0,0,0,0,0,0,0,0,0,0,0,222,14,0,128,0,8,0,0,0,0,0,0,0,95,0,3,0,15,0,10,0,1,0,0,0,0,0,0,0,0,0,0,0,0,0,0,0,0,1,0,0,0,0,0,0,1,0,1,0,0,0,6,0,1,0,3,0,0,0,0,0,1,0,0,0,1,0,0,0,0,0,0,0,0,0,1,135,121,1,12,1,51,30,924,0,0,0,0,0,2,2,1,0,0,1,0
2,0,3365,25,688,36,28,3,293,17,11,6,0,0,661,30,10,4,0,85,469,14,40,3,39,0,33,0,0,0,0,6,181,10,0,0,191,28,0,0,0,0,0,0,0,0,0,0,0,0,0,0,0,0,0,0,0,0,0,0,0,0,0,0,0,0,0,0,0,0,0,0,0,0,4,13,75,8,0,0,0,0,0,0,0,0,0,0,0,0,0,0,0,0,0,0,0,0,0,0,0,0,0,0,0,0,0,0,0,0,0,0,0,0,0,0,0,0,0,0,0,0,0,0,2,0,1,1,0,0,0,0,0,0,0,1,0,0,0,0,0,0,0,0,0,0,0,0,0,0,44,28,498,21,322,90,5,0,0,0,0,0,0,0,0,0,0,0,0,0
0,0,25,2188,23,320,1,24,10,82,2,42,0,0,8,673,2,12,85,0,10,524,12,70,0,15,0,6,0,4,0,6,3,23,0,0,20,658,0,0,0,0,0,0,0,0,0,0,0,0,0,0,0,0,0,0,0,0,0,0,0,0,0,0,0,0,0,0,0,0,0,0,0,0,1,59,1,67,0,6,0,0,0,0,0,0,0,1,0,0,0,1,0,0,0,0,0,0,0,0,0,0,0,0,0,0,0,0,0,0,0,0,0,0,0,0,0,0,0,0,0,0,0,0,0,0,0,5,0,0,0,0,0,0,0,3,0,1,0,0,0,0,0,1,0,2,0,0,0,0,26,72,23,901,52,445,1,2,0,1,0,0,0,0,0,0,0,1,1,0
0,0,181,5,16,7,0,1,8,1,9,1,0,0,0,0,239,4,469,10,0,12,1043,12,192,0,70,0,3,0,0,0,13,1,0,0,4,1,0,0,0,0,0,0,0,0,0,0,0,0,0,0,0,0,0,0,0,0,0,0,0,0,0,0,0,0,0,0,0,0,0,0,0,0,16,0,20,0,0,0,0,0,0,0,1,0,0,0,0,0,0,0,0,0,0,0,0,0,0,0,0,0,0,0,0,0,0,0,0,0,0,0,0,0,0,0,0,0,0,0,0,0,0,0,0,0,0,0,0,0,0,0,0,0,0,0,0,0,0,0,0,0,0,0,0,0,0,0,0,0,270,12,286,11,52,12,94,0,0,0,0,0,0,0,0,0,0,0,0,0
0,0,11,516,6,96,0,0,2,7,0,32,0,0,0,3,67,256,14,524,12,0,35,1051,1,196,0,84,0,14,0,6,2,10,0,0,1,8,0,0,0,2,0,0,0,0,0,0,0,0,0,0,0,0,0,0,0,0,0,0,0,0,0,0,0,0,0,0,0,0,0,0,0,0,18,120,1,85,0,3,0,0,0,0,0,0,0,4,0,0,0,1,0,0,0,0,0,0,0,0,0,0,0,0,0,0,0,0,0,0,0,0,0,0,0,0,0,0,0,0,0,0,0,0,0,1,0,0,0,0,0,0,0,0,0,0,0,0,0,0,0,0,0,0,0,0,0,0,0,0,64,323,12,156,8,140,2,78,0,0,0,0,0,0,0,0,0,0,0,0
0,0,62,8,2,5,0,0,1,1,11,0,0,0,0,0,854,7,40,12,1043,35,0,619,855,16,16,0,46,2,0,0,23,2,0,0,7,2,0,0,0,0,0,0,5,0,0,0,0,0,0,0,0,0,0,0,0,0,0,0,0,0,0,0,0,0,0,0,0,0,0,0,0,0,9,7,196,10,17,1,0,0,0,0,0,0,0,0,0,0,0,0,1,0,0,0,0,0,0,0,0,0,0,0,0,0,0,0,0,0,0,0,0,0,0,0,0,0,0,0,0,0,0,0,1,0,0,0,0,0,0,0,0,0,0,0,0,0,0,0,0,0,0,0,0,0,0,0,0,0,289,10,138,4,40,9,529,7,0,0,0,0,1,0,0,0,0,0,0,0
0,0,2,90,3,49,0,0,1,6,2,58,0,0,0,0,23,608,3,70,12,1051,619,0,1,969,0,71,0,63,0,3,1,66,0,0,0,2,0,0,0,2,0,1,0,11,0,0,0,0,0,0,0,0,0,0,0,0,0,0,0,0,0,0,0,0,0,0,0,0,0,0,0,0,18,103,0,204,0,2,0,0,0,0,0,0,0,9,0,2,0,3,0,2,0,0,0,0,0,0,0,0,0,0,0,0,0,0,0,0,0,0,0,0,0,0,0,0,0,0,0,0,0,0,0,1,0,0,0,0,0,0,0,0,0,0,0,0,0,0,0,0,0,0,0,1,0,0,0,0,13,64,7,34,4,14,0,573,0,0,0,0,0,0,0,0,0,2,0,0
0,0,193,1,48,1,0,0,2,0,75,0,0,0,0,0,45,3,39,0,192,1,855,1,0,0,404,0,190,0,0,0,33,0,0,0,3,0,0,0,1,0,0,0,3,0,0,0,0,0,0,0,0,0,0,0,0,0,0,0,0,0,0,0,0,0,0,0,0,0,0,0,0,0,12,0,96,0,4,0,0,0,0,0,0,0,1,0,3,0,1,0,2,0,0,0,0,0,0,0,0,0,0,0,0,0,0,0,0,0,0,0,0,0,0,0,0,0,0,0,0,0,0,0,1,0,0,0,0,0,0,0,1,0,0,0,0,0,0,0,0,0,0,0,1,0,0,0,0,0,15,4,23,1,5,5,46,0,0,0,0,0,0,0,0,0,0,0,0,0
0,0,0,143,0,72,0,0,0,3,0,118,0,0,0,0,0,17,0,15,0,196,16,969,0,0,0,733,0,273,0,3,0,40,0,0,0,0,0,0,0,1,0,3,0,7,0,0,0,0,0,0,0,0,0,0,0,0,0,2,0,0,0,0,0,0,0,0,0,0,0,0,0,0,0,10,0,108,0,2,0,0,0,0,0,0,0,4,0,1,0,1,0,5,0,0,0,0,0,0,0,0,0,0,0,0,0,0,0,0,0,0,0,0,0,0,0,0,0,0,0,0,0,0,0,0,0,0,0,0,0,0,0,0,0,0,0,0,0,0,0,0,0,0,0,0,0,0,0,0,0,1,0,0,0,1,0,37,0,0,0,0,0,0,0,0,0,0,0,0
0,0,240,1,81,0,0,0,9,0,215,0,0,0,0,0,12,3,33,0,70,0,16,0,404,0,0,0,153,0,2,0,31,0,0,0,0,0,0,0,0,0,0,0,0,0,0,0,0,0,0,0,0,0,0,0,0,0,0,0,0,0,0,0,0,0,0,0,0,0,0,0,0,0,4,0,52,0,4,0,0,0,0,0,0,0,0,0,0,0,0,0,2,0,0,0,0,0,0,0,0,0,0,0,0,0,0,0,0,0,0,0,0,0,0,0,0,0,0,0,0,0,0,0,0,0,0,0,0,0,0,0,0,0,0,0,0,0,0,0,0,0,0,0,0,0,0,0,0,0,5,2,3,0,1,0,13,0,0,0,0,0,0,0,0,0,0,0,0,0
0,0,0,139,0,691,0,0,0,13,0,414,0,0,0,0,0,5,0,6,0,84,0,71,0,733,0,0,0,308,0,28,0,16,0,0,0,0,0,0,0,0,0,0,0,4,0,0,0,0,0,0,0,0,0,0,0,0,0,2,0,0,0,0,0,0,0,0,0,0,0,0,0,0,0,9,0,39,0,0,0,0,0,0,0,1,0,3,0,1,0,2,0,1,0,0,0,0,0,0,0,0,0,0,0,0,0,0,0,0,0,0,0,0,0,0,0,0,0,0,0,0,0,0,0,0,0,0,0,0,0,0,0,0,0,0,0,0,0,0,0,0,0,0,0,0,0,0,0,0,0,1,0,3,1,2,0,0,0,0,0,0,0,0,0,0,0,0,0,0
0,0,8,0,50,0,0,0,16,0,960,0,0,0,0,0,2,0,0,0,3,0,46,0,190,0,153,0,0,0,5,0,577,0,0,0,0,0,0,0,4,0,0,0,3,0,0,0,0,0,0,0,0,0,0,0,0,0,1,0,0,0,0,0,0,0,0,0,0,0,0,0,0,0,0,0,51,0,3,0,0,0,0,0,0,0,7,0,5,0,0,0,1,0,0,0,0,0,0,0,0,0,0,0,0,0,0,0,0,0,0,0,0,0,0,0,0,0,0,0,0,0,0,0,0,0,0,0,0,0,0,0,0,0,0,0,0,0,1,0,0,0,0,0,0,0,0,0,0,0,0,0,0,0,0,0,18,0,0,0,0,0,0,0,0,0,0,0,0,0
0,0,1,15,0,33,0,0,0,15,0,1060,0,0,0,0,0,8,0,4,0,14,2,63,0,273,0,308,0,0,0,25,0,259,0,0,0,0,0,0,0,1,0,5,0,11,0,0,0,0,0,0,0,0,0,0,0,1,0,3,0,0,0,0,0,0,0,0,0,0,0,0,0,0,0,10,0,81,0,0,0,0,0,0,0,0,0,97,0,3,0,3,0,4,0,0,0,0,0,0,0,0,0,0,0,0,0,0,0,0,0,0,0,0,0,0,0,0,0,0,0,0,0,0,0,0,0,0,0,0,0,0,0,0,0,0,0,0,0,0,0,0,0,0,0,0,0,0,0,0,0,0,0,1,0,0,0,1,0,0,0,0,0,0,0,0,0,0,0,0
0,0,1,0,52,0,0,0,9,0,203,0,0,0,0,0,0,0,0,0,0,0,0,0,0,0,2,0,5,0,0,0,2,0,0,0,0,0,0,0,0,0,0,0,0,0,0,0,0,0,0,0,0,0,0,0,0,0,0,0,0,0,0,0,0,0,0,0,0,0,0,0,0,0,0,0,2,0,0,0,0,0,0,0,0,0,0,0,0,0,0,0,0,0,0,0,0,0,0,0,0,0,0,0,0,0,0,0,0,0,0,0,0,0,0,0,0,0,0,0,0,0,0,0,0,0,0,0,0,0,0,0,0,0,0,0,0,0,0,0,0,0,0,0,0,0,0,0,0,0,0,0,0,0,0,0,0,0,0,0,0,0,0,0,0,0,0,0,0,0
0,0,0,14,1,144,0,0,0,29,0,603,0,0,0,0,0,1,6,6,0,6,0,3,0,3,0,28,0,25,0,0,0,6,0,0,0,0,0,0,0,0,0,0,0,0,0,0,0,0,0,0,0,0,0,0,0,0,0,0,0,0,0,0,0,0,0,0,0,0,0,0,0,0,0,10,0,34,0,1,0,0,0,0,0,0,0,0,0,0,0,0,0,0,0,0,0,0,0,0,0,0,0,0,0,0,0,0,0,0,0,0,0,0,0,0,0,0,0,0,0,0,0,0,0,0,0,0,0,0,0,0,0,0,0,0,0,0,0,0,0,0,0,0,0,0,0,0,0,0,1,2,0,2,0,7,0,0,0,0,0,0,0,0,0,0,0,0,0,0
236,0,324,27,383,6,864,0,1424,3,377,0,573,1,143,12,58,0,181,3,13,2,23,1,33,0,31,0,577,0,2,0,0,2,0,0,203,37,55,19,185,0,17,0,202,0,6,7,4,1,13,0,2,0,8,1,9,0,22,0,565,0,27,0,116,0,230,0,5,0,150,8,23,0,123,3,3022,2,130,0,0,0,49,0,372,0,535,0,259,0,30,0,36,0,0,0,2,0,1,0,1,0,0,0,1,0,3,3,1,0,2,2,1,1,0,0,0,0,0,1,0,0,0,0,12,0,44,1,41,0,7,0,0,0,14,1,2,0,26,0,4,0,3,0,41,0,0,0,12,0,4,4,9,4,33,22,14,0,0,0,0,0,7,0,3,0,2,1,1,0
2,25,2,92,2,117,3,774,1,707,0,531,0,1158,4,35,0,262,10,23,1,10,2,66,0,40,0,16,0,259,0,6,2,0,0,0,11,18,0,0,0,40,1,11,0,83,1,9,0,1,0,9,0,2,0,17,0,3,0,17,0,78,0,2,0,4,0,94,0,11,0,2,0,0,1,446,0,2184,0,218,0,0,0,313,0,832,0,463,0,60,0,32,0,17,2,1,1,0,0,9,3,0,1,0,0,0,9,0,2,3,0,0,1,1,0,0,0,0,0,4,0,3,0,0,0,4,1,82,4,200,0,17,0,0,0,26,0,6,0,5,0,18,0,15,0,125,0,18,0,13,0,1,1,0,15,61,0,4,0,5,0,9,0,25,2,4,6,48,7,6
0,0,0,0,0,0,0,0,0,0,0,0,0,0,0,0,0,0,0,0,0,0,0,0,0,0,0,0,0,0,0,0,0,0,0,0,0,0,0,0,0,0,0,0,0,0,0,0,0,0,0,0,0,0,0,0,0,0,0,0,0,0,0,0,0,0,0,0,0,0,0,0,0,0,0,0,0,0,0,0,0,0,0,0,0,0,0,0,0,0,0,0,0,0,0,0,0,0,0,0,0,0,0,0,0,0,0,0,0,0,0,0,0,0,0,0,0,0,0,0,0,0,0,0,0,0,0,0,0,0,0,0,0,0,0,0,0,0,0,0,0,0,0,0,0,0,0,0,0,0,0,0,0,0,0,0,0,0,0,0,0,0,0,0,0,0,0,0,0,0
0,0,0,0,0,0,0,0,0,0,0,0,0,0,0,0,0,0,0,0,0,0,0,0,0,0,0,0,0,0,0,0,0,0,0,0,0,0,0,0,0,0,0,0,0,0,0,0,0,0,0,0,0,0,0,0,0,0,0,0,0,0,0,0,0,0,0,0,0,0,0,0,0,0,0,0,0,0,0,0,0,0,0,0,0,0,0,0,0,0,0,0,0,0,0,0,0,0,0,0,0,0,0,0,0,0,0,0,0,0,0,0,0,0,0,0,0,0,0,0,0,0,0,0,0,0,0,0,0,0,0,0,0,0,0,0,0,0,0,0,0,0,0,0,0,0,0,0,0,0,0,0,0,0,0,0,0,0,0,0,0,0,0,0,0,0,0,0,0,0
184,31,259,115,206,45,55,18,49,12,0,0,22,13,1504,350,1,0,191,20,4,1,7,0,3,0,0,0,0,0,0,0,203,11,0,0,0,1981,633,15,29,1,7,0,0,0,45,21,12,6,11,1,5,1,6,0,0,0,0,0,189,1,23,0,42,0,60,1,8,0,1400,251,554,100,9,35,116,22,45,4,0,0,10,0,19,0,0,0,6,0,0,0,1,0,0,0,0,0,2,1,2,0,1,1,1,0,6,1,0,0,0,1,1,0,0,0,0,0,0,1,0,0,0,0,0,0,24,14,62,8,3,2,0,0,5,4,0,2,0,0,1,0,0,0,6,16,2,1,15,2,3,2,65,10,631,66,0,0,0,0,0,0,5,1,0,1,0,0,0,1
52,98,14,338,45,136,19,56,16,50,0,2,0,19,201,3671,0,1,28,658,1,8,2,2,0,0,0,0,0,0,0,0,37,18,0,0,1981,0,55,784,2,0,1,0,0,0,0,6,3,17,0,0,0,3,0,0,0,0,0,0,20,294,2,70,6,19,13,0,0,0,102,1548,34,391,3,159,29,37,5,6,0,0,1,1,2,0,0,0,1,0,0,0,0,0,0,0,0,0,0,0,0,0,0,0,0,0,0,0,0,0,0,0,0,0,0,0,0,0,0,1,0,0,0,0,0,1,2,20,11,23,0,9,0,0,0,13,0,2,0,1,1,0,0,1,0,27,0,3,0,1,5,26,5,213,102,688,0,0,0,0,0,3,1,0,0,2,0,2,1,1
8,0,2,0,6,0,0,0,0,0,0,0,35,0,13,0,0,0,0,0,0,0,0,0,0,0,0,0,0,0,0,0,55,0,0,0,633,55,0,337,19,3,6,0,0,0,175,116,100,85,16,1,10,10,36,5,11,0,0,0,19,0,11,0,36,0,25,0,18,0,874,301,0,0,1,0,12,3,1,0,0,0,42,1,70,1,0,0,30,5,0,0,3,0,1,0,0,0,0,0,0,0,1,0,0,0,1,0,0,0,1,0,0,0,0,0,0,0,0,0,0,0,0,0,0,0,1,1,8,1,1,0,0,0,0,0,0,0,0,0,0,0,2,0,7,0,1,0,3,0,0,0,0,0,0,0,0,0,0,0,0,0,0,0,0,0,0,0,0,0
3,0,1,0,0,0,0,0,0,0,0,0,19,0,1,5,0,0,0,0,0,0,0,0,0,0,0,0,0,0,0,0,19,0,0,0,15,784,337,0,3,49,3,3,0,0,107,90,25,122,3,17,9,10,16,8,1,0,0,2,12,20,8,24,8,8,7,0,6,0,222,1841,1,13,1,0,5,2,0,1,0,0,14,2,42,2,0,0,10,0,0,0,1,0,0,0,0,0,0,0,0,0,0,0,0,0,0,0,0,0,0,0,0,0,0,0,0,0,0,0,0,0,0,0,0,0,0,0,2,2,0,0,0,0,0,0,0,0,0,0,0,0,0,0,2,0,0,0,1,1,0,0,0,0,0,2,0,0,0,0,0,0,0,0,0,0,0,0,0,0
1,0,0,1,0,0,1,0,0,0,3,0,0,0,1,0,0,0,0,0,0,0,0,0,1,0,0,0,4,0,0,0,185,0,0,0,29,2,19,3,0,3,1675,1,1006,0,64,1,2,0,221,0,2,0,2,0,6,0,657,0,5,0,2,0,3,0,2,0,0,0,90,3,3,0,36,0,375,4,139,0,0,0,2,0,169,0,323,0,479,0,114,0,275,0,1,0,0,0,16,1,5,1,1,0,2,0,2,2,4,1,3,3,1,9,0,0,0,0,0,0,3,0,2,0,53,0,18,0,48,0,2,0,7,0,7,0,4,0,208,0,23,0,36,0,269,1,0,0,8,0,0,0,0,0,0,0,13,0,7,0,3,0,232,0,8,0,6,2,1,3
0,1,0,2,0,0,0,0,0,0,0,1,0,3,0,0,0,14,0,0,0,2,0,2,0,1,0,0,0,1,0,0,0,40,0,0,1,0,3,49,3,0,6,2449,0,452,70,161,3,17,6,215,3,27,0,74,1,29,1,1075,0,1,0,1,0,1,0,3,0,4,33,245,0,0,2,20,0,519,3,233,0,0,0,2,1,136,0,133,1,276,0,87,0,223,0,0,1,0,3,5,0,0,1,1,2,0,5,5,3,0,0,3,5,3,0,0,0,0,0,2,0,6,0,4,0,108,1,12,0,44,0,9,0,2,0,18,0,0,0,224,0,36,0,59,0,253,0,1,0,6,0,0,0,0,0,0,1,93,0,1,0,3,0,64,4,15,3,24,12,5
0,0,1,0,0,1,0,0,0,0,0,0,0,1,0,1,0,0,0,0,0,0,0,0,0,0,0,0,0,0,0,0,17,1,0,0,7,1,6,3,1675,6,0,17,428,0,95,0,7,1,445,1,2,0,0,0,5,0,766,0,1,0,0,0,0,0,2,0,0,0,130,1,0,0,6,5,16,3,9,16,0,0,0,0,14,0,461,1,90,0,254,0,116,0,8,4,7,7,45,29,40,3,9,8,6,4,27,31,7,9,7,9,0,1,0,0,0,0,0,1,0,0,0,0,8,0,1,6,19,1,0,0,1,0,1,1,0,0,6,1,2,1,4,1,6,0,1,0,3,0,0,0,0,0,0,0,1,1,73,11,17,6,14,19,0,3,16,13,1,14
0,0,0,0,0,0,0,0,0,0,0,1,0,0,1,0,0,9,0,0,0,0,0,1,0,3,0,0,0,5,0,0,0,11,0,0,0,0,0,3,1,2449,17,0,0,461,10,52,0,0,2,689,0,3,0,5,0,4,0,1129,0,0,0,0,0,0,0,0,0,0,1,107,0,0,0,1,0,32,1,5,0,0,0,0,0,3,0,648,0,91,0,460,0,126,1,3,1,3,3,7,1,3,2,2,0,2,2,6,1,1,1,3,0,0,0,0,0,0,0,0,0,0,0,0,0,1,0,0,0,0,0,0,0,0,0,0,0,0,0,5,0,0,0,0,0,2,0,0,0,0,0,0,0,0,0,0,0,1,4,4,0,0,0,5,0,1,3,0,1,6
0,0,0,0,0,0,0,0,0,0,1,0,0,0,0,0,35,0,0,0,0,0,5,0,3,0,0,0,3,0,0,0,202,0,0,0,0,0,0,0,1006,0,428,0,0,0,0,0,0,0,0,0,0,0,0,0,0,0,30,0,0,0,0,0,0,0,0,0,0,0,0,0,0,0,4,0,472,0,61,0,0,0,0,0,7,0,887,0,24,0,220,0,102,0,0,0,0,0,0,0,0,0,0,0,0,0,0,0,0,0,0,0,0,0,0,0,0,0,0,0,0,0,0,0,34,0,0,0,1,0,1,0,0,0,2,0,1,0,9,0,0,0,0,0,1,0,0,0,0,0,0,0,0,0,0,0,35,0,0,0,0,0,26,0,2,0,0,0,1,0
0,0,0,1,0,0,0,0,0,0,0,3,0,0,0,0,0,64,0,0,0,0,0,11,0,7,0,4,0,11,0,0,0,83,0,0,0,0,0,0,0,452,0,461,0,0,0,4,0,2,0,4,0,0,1,5,0,1,0,167,0,0,0,0,0,0,0,0,0,0,0,1,0,0,0,27,0,514,0,113,0,0,0,0,0,38,0,823,0,69,0,191,0,83,1,0,0,0,0,1,0,0,0,0,0,0,0,0,0,0,0,0,1,0,0,0,0,0,0,0,0,1,0,0,0,33,0,3,0,3,0,8,0,0,0,2,0,1,0,23,0,1,0,7,0,18,0,1,0,1,0,0,0,0,0,0,0,143,0,1,0,0,0,0,0,1,0,1,0,1
0,0,0,0,0,0,0,0,0,0,0,0,0,0,0,0,0,0,0,0,0,0,0,0,0,0,0,0,0,0,0,0,6,1,0,0,45,0,175,107,64,70,95,10,0,0,0,2021,2955,591,2505,757,1257,70,1370,11,852,20,218,48,1,0,0,0,0,0,0,0,1,0,921,324,1,0,0,0,1,2,0,2,0,0,1,0,12,0,0,0,125,6,0,0,56,4,0,0,0,0,0,0,0,0,2,5,0,0,0,0,0,0,0,0,0,0,2,0,0,0,0,0,0,0,0,0,0,0,0,0,0,0,0,0,0,0,0,0,0,0,0,0,0,0,0,0,0,10,0,0,0,0,0,0,0,0,0,0,0,0,0,0,0,0,0,0,0,0,0,0,0,0
1,3,2,0,0,0,0,0,0,0,0,0,1,0,0,0,0,0,0,0,0,0,0,0,0,0,0,0,0,0,0,0,7,9,0,0,21,6,116,90,1,161,0,52,0,4,2021,0,886,2334,331,2771,44,855,58,643,24,638,2,228,3,3,3,4,7,1,7,2,3,8,120,1343,0,0,0,0,1,50,0,12,0,0,6,2,30,67,0,5,35,408,0,1,11,76,1,2,0,0,0,0,0,0,1,39,0,0,1,1,2,0,1,0,0,0,2,0,0,0,0,0,0,0,0,1,0,1,0,1,0,4,1,0,0,0,0,0,0,0,1,6,0,2,0,3,2,13,0,0,1,0,0,0,0,0,0,0,0,0,0,0,0,0,0,1,0,0,0,4,0,0
1,0,1,0,0,0,0,0,0,0,0,0,2,0,1,1,0,0,0,0,0,0,0,0,0,0,0,0,0,0,0,0,4,0,0,0,12,3,100,25,2,3,7,0,0,0,2955,886,0,1448,175,79,2125,131,876,9,66,6,10,7,4,0,18,2,5,0,1,0,4,0,770,184,3,0,1,0,3,1,0,0,0,0,4,0,33,1,0,0,96,7,0,0,20,2,0,0,0,0,0,0,0,0,0,0,0,0,0,0,0,0,0,0,0,0,1,0,0,0,0,0,0,0,0,0,0,0,0,0,0,0,0,0,0,0,0,0,0,0,0,0,0,0,0,0,0,0,0,0,1,0,0,0,0,0,0,0,0,0,0,0,0,0,0,0,0,0,0,0,0,0
0,1,0,0,0,0,0,0,0,0,0,0,2,0,0,1,0,0,0,0,0,0,0,0,0,0,0,0,0,0,0,0,1,1,0,0,6,17,85,122,0,17,1,0,0,2,591,2334,1448,0,60,144,6,2059,6,372,3,59,0,20,1,39,1,236,7,14,2,0,3,14,52,1578,0,11,0,0,1,9,0,4,0,0,5,0,16,19,0,0,9,45,0,0,4,10,0,0,0,0,0,0,0,0,0,1,0,0,0,0,1,0,0,0,0,0,2,0,0,0,0,0,0,0,0,0,0,0,0,1,0,0,0,0,0,0,0,0,0,0,0,1,0,0,0,1,2,2,0,0,1,0,0,0,0,0,0,0,0,0,0,0,0,0,0,0,0,0,0,0,0,0
0,0,0,0,0,0,0,0,0,0,0,0,0,0,0,0,0,0,0,0,0,0,0,0,0,0,0,0,0,0,0,0,13,0,0,0,11,0,16,3,221,6,445,2,0,0,2505,331,175,60,0,157,204,2,722,0,1907,3,3538,5,0,0,0,0,1,0,0,0,0,0,321,12,0,0,0,0,13,0,0,0,0,0,2,0,19,0,5,0,304,0,1,0,97,0,66,0,0,0,24,0,23,0,196,0,1,0,3,0,0,0,1,0,0,26,0,3,0,0,0,0,0,0,0,0,0,0,1,0,1,0,0,0,0,0,3,0,0,0,5,0,0,0,4,0,11,1,0,0,1,0,0,0,0,0,0,0,0,0,0,0,0,0,0,0,0,0,0,0,0,0
0,0,0,1,0,1,0,0,0,0,0,0,0,2,0,0,0,0,0,0,0,0,0,0,0,0,0,0,0,0,0,0,0,9,0,0,1,0,1,17,0,215,1,689,0,4,757,2771,79,144,157,0,4,44,0,75,2,727,1,1859,0,0,0,0,1,0,0,1,0,0,16,524,0,0,0,7,0,52,0,17,0,0,0,1,0,54,0,9,0,144,0,3,1,71,1,5,0,2,1,17,1,28,13,275,0,0,2,1,0,2,0,0,0,52,3,53,4,1,0,1,0,0,0,0,0,0,0,3,1,4,0,4,0,1,0,2,0,0,0,6,0,4,0,2,0,11,0,0,0,2,0,0,0,0,0,0,0,3,0,1,0,0,1,0,0,1,0,2,23,1
5,0,1,0,0,0,0,0,0,0,0,0,0,0,0,0,0,0,0,0,0,0,0,0,0,0,0,0,0,0,0,0,2,0,0,0,5,0,10,9,2,3,2,0,0,0,1257,44,2125,6,204,4,0,0,3739,0,143,0,27,0,9,0,412,0,8,0,0,0,5,0,314,10,1,0,0,0,1,1,0,0,0,0,0,0,17,0,0,0,89,0,0,0,23,0,0,0,0,0,0,0,0,0,0,0,0,0,0,0,0,0,0,0,0,0,0,0,0,0,0,0,0,0,0,0,0,0,0,0,0,0,0,0,0,0,0,0,0,0,0,0,1,0,0,0,0,0,0,0,0,0,0,0,0,0,0,0,0,0,0,0,0,0,0,0,0,0,0,0,0,0
0,1,0,0,0,0,0,0,0,0,0,0,0,1,0,0,0,0,0,0,0,0,0,0,0,0,0,0,0,0,0,0,0,2,0,0,1,3,10,10,0,27,0,3,0,0,70,855,131,2059,2,44,0,0,0,2625,1,109,0,36,0,66,0,390,1,25,0,8,0,296,4,478,0,0,1,0,0,14,0,3,0,0,0,4,1,24,0,2,1,176,0,0,1,23,0,0,0,0,0,0,0,0,0,0,0,0,0,0,0,0,0,0,0,0,0,0,0,0,0,1,0,0,0,0,0,0,0,0,0,6,0,0,0,0,0,1,0,0,0,3,0,0,0,1,0,7,0,0,0,0,0,0,0,0,0,0,0,1,0,0,0,0,0,0,0,0,0,0,0,0
39,0,3,0,2,0,1,0,0,0,0,0,1,0,0,0,0,0,0,0,0,0,0,0,0,0,0,0,0,0,0,0,8,0,0,0,6,0,36,16,2,0,0,0,0,1,1370,58,876,6,722,0,3739,0,0,0,2894,0,393,0,70,0,641,0,314,0,7,0,514,0,437,19,2,0,0,0,3,0,0,0,0,0,4,0,56,0,0,0,2576,0,0,0,262,0,0,0,0,0,0,0,0,0,0,0,0,0,0,0,0,0,0,0,0,0,0,0,0,0,0,0,0,0,0,0,1,0,0,0,1,0,0,0,0,0,0,0,0,0,1,0,1,0,1,0,1,0,1,0,0,0,0,0,0,0,0,0,0,0,0,0,0,0,0,0,0,0,0,0,0,0
0,27,0,0,0,0,0,0,0,0,0,0,0,0,0,0,0,0,0,0,0,0,0,0,0,0,0,0,0,0,0,0,1,17,0,0,0,0,5,8,0,74,0,5,0,5,11,643,9,372,0,75,0,2625,0,0,0,795,0,114,0,100,1,137,1,43,0,11,0,873,2,246,0,0,0,1,0,56,0,19,0,0,0,17,0,159,0,7,0,2209,0,0,0,310,0,0,1,0,0,1,0,0,0,1,0,0,1,0,0,0,0,1,0,0,0,0,0,0,0,0,0,0,0,0,0,2,0,0,0,9,0,0,0,0,0,0,0,0,0,1,0,5,0,2,0,22,0,0,0,3,0,0,0,0,0,0,0,0,0,0,0,0,0,0,0,0,0,6,0,0
0,0,0,0,0,0,0,0,0,0,0,0,0,0,0,0,0,0,0,0,0,0,0,0,0,0,0,0,0,0,0,0,9,0,0,0,0,0,11,1,6,1,5,0,0,0,852,24,66,3,1907,2,143,1,2894,0,0,0,2539,0,0,0,1,0,0,0,0,0,0,0,18,14,0,0,0,0,3,0,1,0,0,0,0,0,17,0,6,0,482,0,1,0,1464,0,2,0,0,0,0,0,0,0,2,0,0,0,0,0,0,0,0,0,0,0,0,0,0,0,0,0,0,0,0,0,0,0,0,0,1,0,0,0,0,0,0,0,0,0,0,0,0,0,0,0,1,0,0,0,0,0,0,0,0,0,0,0,0,0,0,0,0,0,0,0,0,0,0,0,0,0
0,0,0,0,0,0,0,0,0,0,0,0,0,0,0,0,0,0,0,0,0,0,0,0,0,0,0,0,0,1,0,0,0,3,0,0,0,0,0,0,0,29,0,4,0,1,20,638,6,59,3,727,0,109,0,795,0,0,1,789,0,1,0,0,0,0,0,0,0,0,1,8,0,0,0,0,0,14,0,2,0,0,0,0,0,20,0,1,0,92,0,0,0,878,0,1,0,0,0,0,0,0,0,13,0,0,0,0,0,0,0,0,0,0,0,0,0,0,0,0,0,0,0,0,0,1,0,0,0,0,0,0,0,0,0,0,0,0,0,1,0,1,0,3,0,2,0,0,0,0,0,0,0,0,0,0,0,1,0,0,0,0,0,0,0,0,0,0,0,0
0,0,0,0,0,0,0,0,0,0,0,0,0,0,0,0,0,0,0,0,0,0,0,0,0,0,0,0,1,0,0,0,22,0,0,0,0,0,0,0,657,1,766,0,30,0,218,2,10,0,3538,1,27,0,393,0,2539,1,0,0,0,0,0,0,0,0,0,0,0,0,16,0,0,0,0,0,29,0,2,0,0,0,0,0,38,0,152,0,676,0,740,0,3546,0,67,0,0,0,0,0,87,0,100,0,0,0,0,0,0,0,1,0,0,0,0,0,0,0,0,0,0,0,0,0,0,0,0,0,0,0,0,0,0,0,1,0,0,0,7,0,1,0,3,0,5,0,0,0,0,0,0,0,0,0,0,0,0,0,0,0,0,0,0,0,0,0,0,0,0,0
0,0,0,0,0,0,0,0,0,0,0,2,0,0,0,0,0,7,0,0,0,0,0,0,0,2,0,2,0,3,0,0,0,17,0,0,0,0,0,2,0,1075,0,1129,0,167,48,228,7,20,5,1859,0,36,0,114,0,789,0,0,0,0,0,0,0,0,0,0,0,0,2,55,0,0,0,3,0,66,0,10,0,0,0,0,0,35,0,203,0,336,0,1103,0,2733,0,184,0,5,0,2,1,18,0,283,0,1,0,0,0,0,0,0,0,0,0,0,1,0,0,1,0,0,0,0,0,1,0,0,0,0,0,0,0,0,0,0,0,0,0,6,0,3,0,0,0,6,0,0,0,0,0,0,0,0,0,0,0,0,1,0,0,0,0,0,0,0,0,0,0,0
6033,0,57,3,33,0,108,0,17,0,0,0,833,0,88,7,0,0,0,0,0,0,0,0,0,0,0,0,0,0,0,0,565,0,0,0,189,20,19,12,5,0,1,0,0,0,1,3,4,1,0,0,9,0,70,0,0,0,0,0,0,0,1619,0,2277,0,884,0,128,0,769,1,801,0,2,0,27,0,12,0,0,0,18,0,366,0,0,0,355,0,0,0,1,0,0,0,0,0,0,0,0,0,0,0,0,0,0,0,0,0,0,0,0,0,0,0,0,0,0,0,0,0,0,0,0,0,0,0,10,0,1,0,0,0,0,1,0,0,0,0,0,0,0,0,0,0,1,0,1,0,0,0,0,0,5,0,0,0,0,0,0,0,0,0,0,0,0,0,0,0
0,6799,0,28,0,14,0,274,0,6,0,0,0,652,0,85,0,0,0,0,0,0,0,0,0,0,0,0,0,0,0,0,0,78,0,0,1,294,0,20,0,1,0,0,0,0,0,3,0,39,0,0,0,66,0,100,0,1,0,0,0,0,0,1682,0,1380,0,1773,0,266,3,742,0,989,0,13,0,19,0,2,0,0,0,4,0,87,0,0,0,108,0,0,0,9,0,0,0,0,0,0,0,0,0,0,1,0,0,0,0,0,0,0,0,0,0,0,0,0,0,0,0,0,0,0,0,0,0,2,0,6,0,0,0,0,0,0,0,0,0,0,0,0,0,1,0,12,0,0,0,3,0,0,0,0,0,0,0,0,0,0,0,1,0,0,0,0,0,1,0,1
210,0,4,0,2,0,2,0,0,0,0,0,0,0,6,0,0,0,0,0,0,0,0,0,0,0,0,0,0,0,0,0,27,0,0,0,23,2,11,8,2,0,0,0,0,0,0,3,18,1,0,0,412,0,641,1,1,0,0,0,1619,0,0,0,2120,0,18,0,463,0,1652,2,230,0,0,0,2,0,0,0,0,0,1,0,3,0,0,0,82,0,0,0,1,0,0,0,0,0,0,0,0,0,0,0,0,0,0,0,0,0,0,0,0,0,0,0,0,0,0,0,0,0,0,0,0,0,0,0,1,0,0,0,0,0,0,0,0,0,0,0,0,0,0,0,0,0,0,0,0,0,0,0,0,0,0,0,0,0,0,0,0,0,0,0,0,0,0,0,0,0
0,7,0,0,0,0,0,0,0,0,0,0,0,0,0,9,0,0,0,0,0,0,0,0,0,0,0,0,0,0,0,0,0,2,0,0,0,70,0,24,0,1,0,0,0,0,0,4,2,236,0,0,0,390,0,137,0,0,0,0,0,1682,0,0,0,765,0,51,0,393,13,964,0,20,0,1,0,0,0,0,0,0,0,1,0,0,0,0,0,5,0,0,0,0,0,0,0,0,0,0,0,0,0,0,0,0,0,0,0,0,0,0,0,0,0,0,0,0,0,0,0,0,0,0,0,0,0,0,0,1,0,0,0,0,0,1,0,1,0,0,0,0,0,0,0,0,0,0,0,1,0,0,0,0,0,0,0,0,0,0,0,0,0,0,0,0,0,0,0,0
200,0,2,0,1,0,2,0,0,0,0,0,8,0,2,0,0,0,0,0,0,0,0,0,0,0,0,0,0,0,0,0,116,0,0,0,42,6,36,8,3,0,0,0,0,0,0,7,5,7,1,1,8,1,314,1,0,0,0,0,2277,0,2120,0,0,0,1039,0,1244,0,274,3,9,0,1,0,12,0,0,0,0,0,11,0,69,0,0,0,247,0,0,0,1,0,0,0,1,0,0,0,0,0,0,0,0,0,0,0,0,0,0,0,0,0,0,0,0,0,0,0,0,0,0,0,0,0,0,0,7,0,0,0,0,0,0,0,0,0,0,0,0,0,1,0,0,0,0,0,4,0,0,0,0,0,0,0,0,0,0,0,0,0,0,0,0,0,0,0,0,0
0,92,0,0,0,0,0,0,0,0,0,0,0,0,0,6,0,0,0,0,0,0,0,0,0,0,0,0,0,0,0,0,0,4,0,0,0,19,0,8,0,1,0,0,0,0,0,1,0,14,0,0,0,25,0,43,0,0,0,0,0,1380,0,765,0,0,0,1442,0,1170,1,74,0,6,0,2,0,0,0,2,0,0,0,1,0,5,0,0,0,21,0,0,0,0,0,0,1,0,0,0,0,0,0,0,0,0,0,0,0,0,0,0,0,0,0,0,0,0,0,0,0,0,0,0,0,0,0,0,0,4,0,0,0,0,0,0,0,0,0,0,0,0,0,0,0,4,0,0,0,0,0,0,0,0,0,0,0,0,0,0,0,1,0,0,0,0,0,0,0,0
116,0,0,0,1,0,11,0,2,0,0,0,277,0,2,0,0,0,0,0,0,0,0,0,0,0,0,0,0,0,0,0,230,0,0,0,60,13,25,7,2,0,2,0,0,0,0,7,1,2,0,0,0,0,7,0,0,0,0,0,884,0,18,0,1039,0,0,0,295,0,76,3,2,0,0,0,6,0,1,0,0,0,21,0,740,0,0,0,192,0,0,0,0,0,0,0,0,0,0,0,0,0,0,0,0,0,0,0,0,0,0,0,0,0,0,0,0,0,0,0,0,0,0,0,0,0,0,0,1,0,0,0,0,0,0,0,0,0,0,0,0,0,0,0,1,0,0,0,0,0,0,0,0,0,0,0,0,0,0,0,0,0,0,0,0,0,0,0,0,0
0,260,0,2,0,9,0,62,0,6,0,0,0,465,0,1,0,0,0,0,0,0,0,0,0,0,0,0,0,0,0,0,0,94,0,0,1,0,0,0,0,3,0,0,0,0,0,2,0,0,0,1,0,8,0,11,0,0,0,0,0,1773,0,51,0,1442,0,0,0,528,1,6,0,0,0,37,0,27,0,16,0,0,0,38,0,325,0,0,0,91,0,0,0,1,1,0,0,0,0,1,0,0,1,0,0,0,0,0,1,0,0,0,0,0,0,0,0,0,0,1,0,0,0,0,0,0,0,7,0,62,0,0,0,0,0,2,0,0,0,0,0,3,0,5,0,79,0,4,0,6,0,0,0,0,0,0,0,0,1,1,0,0,0,5,0,1,2,12,1,2
45,0,3,0,1,0,0,0,0,0,0,0,3,0,0,0,0,0,0,0,0,0,0,0,0,0,0,0,0,0,0,0,5,0,0,0,8,0,18,6,0,0,0,0,0,0,1,3,4,3,0,0,5,0,514,0,0,0,0,0,128,0,463,0,1244,0,295,0,0,0,94,2,1,0,0,0,2,0,0,0,0,0,4,0,151,0,0,0,1322,0,0,0,0,0,0,0,0,0,0,0,0,0,0,0,0,0,0,0,0,0,0,0,0,0,0,0,0,0,0,0,0,0,0,0,0,0,0,0,3,0,0,0,0,0,0,0,0,0,0,0,0,0,0,0,1,0,0,0,0,0,0,0,0,0,0,0,0,0,0,0,0,0,0,0,0,0,0,0,0,0
0,113,0,1,0,1,0,1,0,0,0,0,0,4,0,0,0,0,0,0,0,0,0,0,0,0,0,0,0,0,0,0,0,11,0,0,0,0,0,0,0,4,0,0,0,0,0,8,0,14,0,0,0,296,0,873,0,0,0,0,0,266,0,393,0,1170,0,528,0,0,1,70,0,0,0,0,0,12,0,2,0,0,0,28,0,462,0,1,0,792,0,0,0,11,0,0,0,0,0,0,0,0,0,0,0,0,0,0,0,0,0,0,0,0,0,0,0,0,0,0,0,0,0,0,0,0,0,0,0,10,0,0,0,0,0,0,0,0,0,0,0,0,0,0,0,5,0,0,0,5,0,0,0,0,0,0,0,0,0,0,0,0,0,0,0,0,0,0,0,0
266,0,37,0,5,0,3,0,0,0,0,0,51,0,70,0,0,0,0,0,0,0,0,0,0,0,0,0,0,0,0,0,150,0,0,0,1400,102,874,222,90,33,130,1,0,0,921,120,770,52,321,16,314,4,437,2,18,1,16,2,769,3,1652,13,274,1,76,1,94,1,0,1387,1476,1,1,0,21,0,3,0,0,0,42,0,112,0,0,0,134,3,0,0,12,0,0,0,1,0,0,0,0,0,0,0,0,0,3,0,0,0,0,0,0,0,0,0,0,0,0,0,0,0,0,0,1,0,2,0,19,0,0,0,0,0,2,0,0,0,3,0,0,0,0,0,3,7,0,0,6,0,0,0,0,0,0,0,0,0,0,0,0,0,0,0,0,0,0,0,0,0
0,30,0,3,1,0,0,0,0,0,0,0,12,0,1,67,0,0,0,0,0,0,0,0,0,0,0,0,0,0,0,0,8,2,0,0,251,1548,301,1841,3,245,1,107,0,1,324,1343,184,1578,12,524,10,478,19,246,14,8,0,55,1,742,2,964,3,74,3,6,2,70,1387,0,2,661,1,1,4,19,0,5,0,0,9,7,23,36,0,3,21,69,0,0,8,7,0,0,0,0,0,0,0,0,0,1,0,0,0,0,0,0,0,0,0,0,14,0,0,0,0,0,0,0,0,0,0,1,0,1,1,23,0,0,0,0,0,1,0,0,0,1,0,2,1,2,2,12,0,0,0,1,0,0,0,0,0,0,0,0,0,0,0,0,0,1,0,0,0,1,0,1
1586,7,129,8,11,0,0,0,0,0,0,0,0,0,1869,86,0,0,0,0,0,0,0,0,0,0,0,0,0,0,0,0,23,0,0,0,554,34,0,1,3,0,0,0,0,0,1,0,3,0,0,0,1,0,2,0,0,0,0,0,801,0,230,0,9,0,2,0,1,0,1476,2,0,33,0,1,4,1,3,0,0,0,0,0,3,0,0,0,3,0,0,0,0,0,0,0,0,0,0,0,0,0,0,0,0,0,0,0,0,0,0,0,0,0,0,0,0,0,0,0,0,0,0,0,1,0,0,0,1,0,0,0,0,0,0,0,0,0,0,0,0,0,1,0,0,0,0,0,1,0,0,0,0,0,0,0,0,0,0,0,0,0,0,0,0,0,0,0,0,0
0,832,0,125,0,0,0,0,0,0,0,0,0,0,4,2308,0,0,0,0,0,0,0,0,0,0,0,0,0,0,0,0,0,0,0,0,100,391,0,13,0,0,0,0,0,0,0,0,0,11,0,0,0,0,0,0,0,0,0,0,0,989,0,20,0,6,0,0,0,0,1,661,33,0,0,0,0,0,0,0,0,0,0,0,0,0,0,0,0,0,0,0,0,0,0,0,0,0,0,0,0,0,0,0,0,0,0,0,0,0,0,0,0,0,0,0,0,0,0,0,0,0,0,0,0,0,0,0,0,0,0,0,0,0,0,0,0,0,0,0,0,0,0,0,0,0,0,0,0,0,0,0,0,0,0,0,0,0,0,0,0,0,0,0,0,0,0,0,0,0
0,0,5,3,3,1,2,0,6,0,36,0,2,0,3,0,135,222,4,1,16,18,9,18,12,0,4,0,0,0,0,0,123,1,0,0,9,3,1,1,36,2,6,0,4,0,0,0,1,0,0,0,0,1,0,0,0,0,0,0,2,0,0,0,1,0,0,0,0,0,1,1,0,0,0,3,1265,5,458,0,0,0,1,0,2,0,0,0,0,0,0,0,0,0,0,0,1,2,10,3,3,2,2,0,0,0,3,2,0,0,3,1,1,1,0,0,0,0,0,3,31,45,1,18,88,0,314,0,387,0,51,0,2,1,182,1,15,1,0,0,9,0,6,0,229,0,44,0,52,0,26,17,1,0,1,1,117,3,4,1,3,0,30,2,13,0,16,2,4,1
0,16,5,289,28,284,7,138,3,415,0,94,0,39,17,92,14,14,13,59,0,120,7,103,0,10,0,9,0,10,0,10,3,446,0,0,35,159,0,0,0,20,5,1,0,27,0,0,0,0,0,7,0,0,0,1,0,0,0,3,0,13,0,1,0,2,0,37,0,0,0,1,1,0,3,0,4,2602,0,769,0,0,0,5,0,2,0,2,0,0,0,0,0,0,0,1,0,0,2,13,2,1,1,0,0,0,3,0,1,2,0,1,23,7,0,0,1,0,0,5,0,28,0,8,1,231,2,524,1,254,1,113,0,1,0,496,0,76,0,4,0,12,0,24,0,635,0,69,0,48,4,21,3,4,26,73,0,196,0,7,0,12,1,7,7,30,5,37,16,6
22,1,144,11,132,3,68,0,178,4,137,0,5,0,113,13,138,0,75,1,20,1,196,0,96,0,52,0,51,0,2,0,3022,0,0,0,116,29,12,5,375,0,16,0,472,0,1,1,3,1,13,0,1,0,3,0,3,0,29,0,27,0,2,0,12,0,6,0,2,0,21,4,4,0,1265,4,0,5,2031,7,0,0,8,0,151,0,254,0,190,0,19,0,37,0,0,2,3,1,42,3,6,0,5,0,3,0,5,9,5,2,0,8,8,2,0,0,0,0,0,2,2,1,6,0,239,1,390,2,67,1,40,0,6,0,132,0,25,0,83,0,18,0,24,0,229,1,8,0,24,0,11,0,6,0,17,13,639,0,9,1,11,2,166,4,18,3,16,6,7,9
1,60,3,267,11,223,1,137,2,294,0,306,0,212,14,36,1,128,8,67,0,85,10,204,0,108,0,39,0,81,0,34,2,2184,0,0,22,37,3,2,4,519,3,32,0,514,2,50,1,9,0,52,1,14,0,56,0,14,0,66,0,19,0,0,0,0,0,27,0,12,0,19,1,0,5,2602,5,0,4,1386,0,0,0,54,0,303,0,237,0,171,0,77,0,100,1,1,2,0,5,10,6,0,4,4,1,2,13,3,5,0,0,1,14,6,0,0,0,0,0,2,0,2,0,0,0,73,6,176,0,66,0,40,0,4,0,75,0,13,0,29,0,16,0,7,0,72,1,10,0,2,4,5,4,6,14,58,0,926,5,4,0,6,3,64,12,43,14,48,21,25
7,2,10,2,0,1,7,1,10,0,5,0,0,1,24,2,2,0,0,0,0,0,17,0,4,0,4,0,3,0,0,0,130,0,0,0,45,5,1,0,139,3,9,1,61,0,0,0,0,0,0,0,0,0,0,0,1,0,2,0,12,0,0,0,0,0,1,0,0,0,3,0,3,0,458,0,2031,4,0,4,0,0,0,0,8,0,8,0,4,0,0,0,1,0,3,1,1,5,53,8,5,1,3,1,1,2,5,12,3,0,6,9,11,2,0,0,0,0,0,11,0,1,1,0,324,0,62,3,46,1,10,0,19,0,65,0,8,0,16,0,13,0,0,0,44,0,1,0,9,0,0,0,0,0,0,0,335,0,8,1,14,1,188,8,53,6,50,8,22,9
0,6,0,23,1,22,0,13,0,35,0,1,0,34,0,5,1,8,0,6,0,3,1,2,0,2,0,0,0,0,0,1,0,218,0,0,4,6,0,1,0,233,16,5,0,113,2,12,0,4,0,17,0,3,0,19,0,2,0,10,0,2,0,0,0,2,0,16,0,2,0,5,0,0,0,769,7,1386,4,0,0,0,0,8,0,30,0,19,0,18,0,5,0,6,2,1,4,1,17,16,2,0,6,0,4,1,5,6,1,7,2,3,19,4,0,0,0,0,0,2,0,3,0,1,0,127,1,79,2,28,0,60,0,9,0,93,0,20,0,31,0,10,0,4,2,53,0,4,0,1,0,0,1,0,3,12,1,189,5,13,0,27,3,86,19,48,12,54,26,39
0,0,0,0,0,0,0,0,0,0,0,0,0,0,0,0,0,0,0,0,0,0,0,0,0,0,0,0,0,0,0,0,0,0,0,0,0,0,0,0,0,0,0,0,0,0,0,0,0,0,0,0,0,0,0,0,0,0,0,0,0,0,0,0,0,0,0,0,0,0,0,0,0,0,0,0,0,0,0,0,0,0,0,0,0,0,0,0,0,0,0,0,0,0,0,0,0,0,0,0,0,0,0,0,0,0,0,0,0,0,0,0,0,0,0,0,0,0,0,0,0,0,0,0,0,0,0,0,0,0,0,0,0,0,0,0,0,0,0,0,0,0,0,0,0,0,0,0,0,0,0,0,0,0,0,0,0,0,0,0,0,0,0,0,0,0,0,0,0,0
0,0,0,0,0,0,0,0,0,0,0,0,0,0,0,0,0,0,0,0,0,0,0,0,0,0,0,0,0,0,0,0,0,0,0,0,0,0,0,0,0,0,0,0,0,0,0,0,0,0,0,0,0,0,0,0,0,0,0,0,0,0,0,0,0,0,0,0,0,0,0,0,0,0,0,0,0,0,0,0,0,0,0,0,0,0,0,0,0,0,0,0,0,0,0,0,0,0,0,0,0,0,0,0,0,0,0,0,0,0,0,0,0,0,0,0,0,0,0,0,0,0,0,0,0,0,0,0,0,0,0,0,0,0,0,0,0,0,0,0,0,0,0,0,0,0,0,0,0,0,0,0,0,0,0,0,0,0,0,0,0,0,0,0,0,0,0,0,0,0
6,0,0,0,0,0,1,0,0,0,0,0,60,0,0,0,0,0,0,0,0,0,0,0,0,0,0,0,0,0,0,0,49,0,0,0,10,1,42,14,2,0,0,0,0,0,1,6,4,5,2,0,0,0,4,0,0,0,0,0,18,0,1,0,11,0,21,0,4,0,42,9,0,0,1,0,8,0,0,0,0,0,0,0,724,0,7,0,74,0,0,0,1,0,0,0,0,0,0,0,0,0,0,0,0,0,0,0,0,0,0,0,0,0,0,0,0,0,0,0,0,0,0,0,0,0,1,0,3,0,0,0,0,0,0,0,0,0,3,0,1,0,2,0,3,0,0,0,0,0,0,0,0,0,0,0,0,0,0,0,0,0,0,0,0,0,0,0,0,0
0,4,0,0,0,0,0,2,0,0,0,0,0,26,0,0,0,0,0,0,0,0,0,0,0,0,0,0,0,0,0,0,0,313,0,0,0,1,1,2,0,2,0,0,0,0,0,2,0,0,0,1,0,4,0,17,0,0,0,0,0,4,0,1,0,1,0,38,0,28,0,7,0,0,0,5,0,54,0,8,0,0,0,0,0,557,0,6,0,32,0,0,0,0,0,0,0,0,0,0,0,0,0,0,0,0,0,0,1,0,0,0,0,0,0,0,0,0,0,0,0,0,0,0,0,0,0,0,0,9,0,0,0,0,0,0,0,0,0,0,0,0,0,2,0,19,0,1,0,0,0,0,0,0,0,0,0,0,0,0,0,0,0,1,0,0,0,3,0,2
189,0,1,0,2,0,13,0,5,0,0,0,314,0,0,0,0,0,0,0,1,0,0,0,0,0,0,0,0,0,0,0,372,0,0,0,19,2,70,42,169,1,14,0,7,0,12,30,33,16,19,0,17,1,56,0,17,0,38,0,366,0,3,0,69,0,740,0,151,0,112,23,3,0,2,0,151,0,8,0,0,0,724,0,0,0,1020,0,3318,0,14,0,42,0,0,0,0,0,5,0,1,0,1,0,0,0,4,1,2,0,2,0,0,0,0,0,0,0,0,0,0,0,0,0,3,0,4,0,10,0,0,0,1,0,3,0,1,0,44,0,12,0,16,0,28,0,1,0,7,0,0,0,0,0,0,0,0,0,0,0,0,0,0,1,0,0,3,0,0,0
0,79,0,6,0,1,0,14,0,2,0,0,0,269,0,1,0,0,0,0,0,0,0,0,0,0,0,1,0,0,0,0,0,832,0,0,0,0,1,2,0,136,0,3,0,38,0,67,1,19,0,54,0,24,0,159,0,20,0,35,0,87,0,0,0,5,0,325,0,462,0,36,0,0,0,2,0,303,0,30,0,0,0,557,0,0,0,949,0,2728,0,47,0,70,0,0,0,0,1,3,0,0,0,2,0,0,0,0,0,0,0,0,0,0,0,0,0,0,0,0,0,0,0,0,0,0,1,4,0,33,0,0,0,0,0,2,0,0,0,7,0,14,0,11,0,35,0,0,0,5,0,0,0,0,0,0,0,1,0,1,0,2,0,2,0,1,0,8,0,0
0,0,0,0,1,0,4,0,0,0,2,0,8,0,0,0,10,0,0,0,0,0,0,0,1,0,0,0,7,0,0,0,535,0,0,0,0,0,0,0,323,0,461,0,887,0,0,0,0,0,5,0,0,0,0,0,6,0,152,0,0,0,0,0,0,0,0,0,0,0,0,0,0,0,0,0,254,0,8,0,0,0,7,0,1020,0,0,0,1144,0,2015,0,387,0,0,0,0,0,0,0,1,0,0,0,0,0,0,0,1,0,0,0,0,0,0,0,0,0,0,0,0,0,0,0,2,0,0,0,2,0,0,0,0,0,0,0,0,0,16,0,1,0,1,0,5,0,0,0,0,0,0,0,0,0,0,0,3,0,0,0,0,0,1,0,0,0,0,0,0,0
0,0,0,1,0,1,0,0,0,1,0,5,0,2,0,0,0,95,0,1,0,4,0,9,0,4,0,3,0,97,0,0,0,463,0,0,0,0,0,0,0,133,1,648,0,823,0,5,0,0,0,9,0,2,0,7,0,1,0,203,0,0,0,0,0,0,0,0,0,1,0,3,0,0,0,2,0,237,0,19,0,0,0,6,0,949,0,0,0,575,0,1793,0,241,0,0,0,0,0,0,0,0,0,0,0,0,0,0,0,0,0,0,0,0,0,0,0,0,0,0,0,0,0,0,0,2,0,1,0,1,0,1,0,0,0,1,0,0,0,2,0,2,0,1,0,3,0,0,0,0,0,0,0,0,0,0,0,1,0,0,0,0,0,0,0,0,0,0,0,0
153,0,3,0,4,0,1,0,0,0,2,0,23,0,1,0,5,0,0,0,0,0,0,0,3,0,0,0,5,0,0,0,259,0,0,0,6,1,30,10,479,1,90,0,24,0,125,35,96,9,304,0,89,1,2576,0,482,0,676,0,355,0,82,0,247,0,192,0,1322,0,134,21,3,0,0,0,190,0,4,0,0,0,74,0,3318,0,1144,0,0,1,638,0,2708,0,3,0,0,0,1,0,0,0,3,0,0,0,1,0,1,0,0,0,0,0,0,0,0,0,0,0,0,0,0,0,6,0,0,0,1,0,0,0,0,0,0,0,0,0,25,0,8,0,7,0,16,0,0,0,0,0,0,0,0,0,0,0,3,0,0,0,0,0,0,0,0,0,0,0,0,0
0,95,0,1,0,0,0,2,0,0,0,0,0,1,0,0,0,3,0,0,0,0,0,2,0,1,0,1,0,3,0,0,0,60,0,0,0,0,5,0,0,276,0,91,0,69,6,408,7,45,0,144,0,176,0,2209,0,92,0,336,0,108,0,5,0,21,0,91,0,792,3,69,0,0,0,0,0,171,0,18,0,0,0,32,0,2728,0,575,1,0,0,1802,0,3491,0,0,1,0,0,0,0,0,0,7,0,0,1,0,0,0,1,0,0,0,0,0,0,0,0,0,0,0,0,0,0,1,0,0,0,5,0,0,0,0,0,1,0,0,0,9,0,1,0,2,0,10,0,0,0,2,0,0,0,0,0,0,0,0,0,0,0,1,0,3,0,0,0,0,0,1
0,0,0,0,0,0,0,0,0,0,1,0,0,0,0,0,1,0,0,0,0,0,0,0,1,0,0,0,0,0,0,0,30,0,0,0,0,0,0,0,114,0,254,0,220,0,0,0,0,0,1,0,0,0,0,0,1,0,740,0,0,0,0,0,0,0,0,0,0,0,0,0,0,0,0,0,19,0,0,0,0,0,0,0,14,0,2015,0,638,0,0,0,2158,0,0,0,0,0,0,0,0,0,0,0,0,0,0,0,0,0,0,0,0,0,0,0,0,0,0,0,0,0,0,0,0,0,0,0,0,0,0,0,0,0,0,0,0,0,1,0,0,0,1,0,0,0,0,0,0,0,0,0,0,0,0,0,0,0,0,0,0,0,0,0,0,0,0,0,0,0
0,0,0,0,0,1,0,0,0,0,0,5,0,0,0,0,0,15,0,1,0,1,0,3,0,1,0,2,0,3,0,0,0,32,0,0,0,0,0,0,0,87,0,460,0,191,0,1,0,0,0,3,0,0,0,0,0,0,0,1103,0,0,0,0,0,0,0,0,0,0,0,0,0,0,0,0,0,77,0,5,0,0,0,0,0,47,0,1793,0,1802,0,0,0,1001,0,0,0,0,0,0,0,0,0,1,0,0,0,0,0,0,0,0,0,0,0,0,0,0,0,0,0,0,0,0,0,1,0,0,0,0,0,0,0,0,0,1,0,0,0,2,0,0,0,0,0,3,0,0,0,0,0,0,0,0,0,0,0,0,0,0,0,0,0,1,0,1,0,0,0,0
2,0,0,0,1,0,0,0,0,0,1,0,0,0,0,0,0,0,0,0,0,0,1,0,2,0,2,0,1,0,0,0,36,0,0,0,1,0,3,1,275,0,116,0,102,0,56,11,20,4,97,1,23,1,262,0,1464,0,3546,0,1,0,1,0,1,0,0,0,0,0,12,8,0,0,0,0,37,0,1,0,0,0,1,0,42,0,387,0,2708,0,2158,0,0,0,8,0,0,0,0,0,0,0,0,0,0,0,1,0,0,0,0,0,0,0,0,0,0,0,0,0,0,0,0,0,2,0,0,0,0,0,0,0,0,0,1,0,0,0,4,0,0,0,2,0,0,0,0,0,0,0,0,0,0,0,0,0,3,0,0,0,0,0,1,0,0,0,0,0,0,0
0,6,0,0,0,0,0,0,0,0,0,0,0,1,0,0,0,10,0,0,0,0,0,2,0,5,0,1,0,4,0,0,0,17,0,0,0,0,0,0,0,223,0,126,0,83,4,76,2,10,0,71,0,23,0,310,0,878,0,2733,0,9,0,0,0,0,0,1,0,11,0,7,0,0,0,0,0,100,0,6,0,0,0,0,0,70,0,241,0,3491,0,1001,0,0,0,132,0,2,0,0,0,0,0,26,0,1,0,0,0,0,0,0,0,0,0,0,0,0,0,0,0,0,0,0,0,2,0,0,0,0,0,0,0,0,0,0,0,0,0,4,0,0,0,3,0,5,0,0,0,0,0,0,0,0,0,0,0,1,0,0,0,0,0,0,0,0,0,1,0,0
0,0,0,0,0,0,0,0,0,0,0,0,0,0,0,0,0,0,0,0,0,0,0,0,0,0,0,0,0,0,0,0,0,2,0,0,0,0,1,0,1,0,8,1,0,1,0,1,0,0,66,1,0,0,0,0,2,0,67,0,0,0,0,0,0,0,0,1,0,0,0,0,0,0,0,0,0,1,3,2,0,0,0,0,0,0,0,0,3,0,0,0,8,0,0,8,7221,13,81,11,377,8,2843,51,334,4,338,29,131,5,11,14,4,4,32,72,80,11,2,9,0,0,0,0,0,1,0,1,7,0,1,0,0,0,0,0,0,0,0,0,0,0,1,0,0,1,0,0,0,0,0,0,0,0,0,0,0,0,2,0,0,6,1,2,0,0,6,3,0,3
0,0,0,0,0,0,0,0,0,0,0,0,0,0,0,0,0,1,0,0,0,0,0,0,0,0,0,0,0,0,0,0,0,1,0,0,0,0,0,0,0,0,4,3,0,0,0,2,0,0,0,5,0,0,0,0,0,1,0,184,0,0,0,0,0,0,0,0,0,0,0,0,0,0,0,1,2,1,1,1,0,0,0,0,0,0,0,0,0,0,0,0,0,132,8,0,25,2229,7,240,19,328,13,4731,9,296,19,780,2,97,5,26,44,10,65,28,245,15,13,7,0,0,0,0,0,0,0,0,0,1,0,0,0,0,0,1,0,1,0,0,0,0,0,0,0,0,0,0,0,0,0,0,0,0,0,0,0,1,1,1,0,1,2,1,1,1,10,14,1,13
0,0,0,0,0,0,0,0,0,0,0,0,0,0,0,0,0,0,0,0,0,0,0,0,0,0,0,0,0,0,0,0,2,1,0,0,0,0,0,0,0,1,7,1,0,0,0,0,0,0,0,0,0,0,0,1,0,0,0,0,0,0,0,0,1,1,0,0,0,0,1,0,0,0,1,0,3,2,1,4,0,0,0,0,0,0,0,0,0,1,0,0,0,0,7221,25,0,82,123,7,335,23,819,40,3015,4,1503,58,210,8,23,20,4,18,68,55,283,141,28,11,0,0,0,0,0,0,4,0,8,0,0,0,0,0,2,0,1,0,0,0,1,0,0,0,0,0,0,0,0,0,0,0,0,0,0,0,0,0,7,1,0,2,2,5,3,0,12,8,0,9
0,0,0,0,0,0,0,0,0,0,0,0,0,0,0,0,0,0,0,0,0,0,0,0,0,0,0,0,0,0,0,0,0,0,0,0,0,0,0,0,0,0,7,3,0,0,0,0,0,0,0,2,0,0,0,0,0,0,0,5,0,0,0,0,0,0,0,0,0,0,0,0,0,0,2,0,1,0,5,1,0,0,0,0,0,0,0,0,0,0,0,0,0,2,13,2229,82,0,11,206,34,211,18,706,12,1203,21,1961,6,101,2,22,26,4,63,47,238,85,9,3,0,0,0,0,2,0,1,0,1,3,0,0,0,0,0,0,0,0,0,0,0,0,0,0,0,2,0,0,0,0,0,0,0,0,0,0,0,0,3,3,0,0,1,1,0,1,11,12,2,5
0,0,0,1,0,0,0,0,0,1,0,0,0,3,0,0,0,0,0,0,0,0,0,0,0,0,0,0,0,0,0,0,1,0,0,0,2,0,0,0,16,3,45,3,0,0,0,0,0,0,24,1,0,0,0,0,0,0,0,0,0,0,0,0,0,0,0,0,0,0,0,0,0,0,10,2,42,5,53,17,0,0,0,0,5,1,0,0,1,0,0,0,0,0,81,7,123,11,0,37,299,8,220,9,43,1,157,52,644,19,40,13,103,132,37,31,12,28,10,136,0,1,1,0,41,2,118,5,145,4,27,5,5,1,58,1,6,2,6,1,15,0,43,0,34,1,12,0,30,0,0,0,0,0,1,0,18,1,47,14,0,6,22,18,114,44,268,87,240,118
0,0,0,1,0,0,0,1,0,0,0,0,0,2,1,1,0,0,0,0,0,0,0,0,0,0,0,0,0,0,0,0,0,9,0,0,1,0,0,0,1,5,29,7,0,1,0,0,0,0,0,17,0,0,0,1,0,0,0,2,0,0,0,0,0,0,0,1,0,0,0,0,0,0,3,13,3,10,8,16,0,0,0,0,0,3,0,0,0,0,0,0,0,0,11,240,7,206,37,0,70,869,31,254,8,61,32,380,11,398,4,57,67,122,144,46,17,18,13,41,0,0,0,0,3,0,10,9,4,32,0,8,1,1,1,5,0,1,2,4,0,2,0,8,0,25,0,5,1,1,0,0,0,0,0,0,0,7,4,16,0,11,1,13,8,31,28,410,27,28
0,0,0,0,0,0,0,0,0,0,0,0,0,3,0,0,0,0,0,0,0,0,0,0,0,0,0,0,0,0,0,0,1,3,0,0,2,0,0,0,5,0,40,1,0,0,0,0,0,0,23,1,0,0,0,0,0,0,87,1,0,0,0,0,0,0,0,0,0,0,0,0,0,0,3,2,6,6,5,2,0,0,0,0,1,0,1,0,0,0,0,0,0,0,377,19,335,34,299,70,0,120,2638,27,124,10,282,92,414,37,112,21,55,163,783,204,53,55,11,61,0,0,0,0,1,1,6,7,14,0,0,0,0,0,5,0,0,0,2,1,6,0,28,0,13,1,3,0,2,0,0,0,0,0,0,0,0,0,26,5,2,1,5,10,4,0,22,4,5,9
0,0,0,0,0,0,0,0,0,0,0,0,0,0,0,0,0,0,0,0,0,0,0,0,0,0,0,0,0,0,0,0,0,0,0,0,0,0,0,0,1,0,3,3,0,0,0,0,0,0,0,28,0,0,0,0,0,0,0,18,0,0,0,0,0,0,0,0,0,0,0,0,0,0,2,1,0,0,1,0,0,0,0,0,0,0,0,0,0,0,0,0,0,0,8,328,23,211,8,869,120,0,69,1697,15,51,16,219,10,174,3,33,11,100,733,175,41,26,15,3,0,0,0,0,0,0,0,0,1,1,0,0,0,0,1,1,0,0,0,0,0,0,0,0,0,1,0,0,0,0,0,0,0,0,0,0,0,0,0,3,0,0,0,1,0,1,7,30,0,4
0,1,0,0,0,0,0,1,0,0,0,0,0,2,0,0,0,0,0,0,0,0,0,0,0,0,0,0,0,0,0,0,0,1,0,0,1,0,1,0,1,1,9,2,0,0,2,1,0,0,196,13,0,0,0,0,2,0,100,0,0,0,0,0,0,0,0,1,0,0,0,0,0,0,2,1,5,4,3,6,0,0,0,0,1,0,0,0,3,0,0,0,0,0,2843,13,819,18,220,31,2638,69,0,120,214,7,322,69,271,26,29,12,5,23,194,443,146,70,33,14,0,0,0,0,0,0,1,2,8,0,0,0,0,0,0,0,0,0,1,0,1,0,0,0,1,0,0,0,1,0,0,0,0,0,0,0,0,0,10,0,0,3,2,7,2,1,14,9,1,8
0,0,0,0,0,0,0,0,0,0,0,0,0,1,0,1,0,0,0,0,0,0,0,0,0,0,0,0,0,0,0,0,0,0,0,0,1,0,0,0,0,1,8,2,0,0,5,39,0,1,0,275,0,0,0,1,0,13,0,283,0,0,0,0,0,0,0,0,0,0,0,1,0,0,0,0,0,4,1,0,0,0,0,0,0,2,0,0,0,7,0,1,0,26,51,4731,40,706,9,254,27,1697,120,0,15,113,40,423,11,117,4,27,41,21,140,978,419,57,24,4,0,0,0,0,1,0,1,0,0,0,0,0,0,0,0,1,0,0,0,0,0,0,0,0,0,1,0,0,0,0,0,0,0,0,0,0,0,0,3,1,0,0,0,2,0,1,7,16,0,12
0,0,0,0,0,0,0,0,0,0,0,0,0,1,0,0,0,0,0,0,0,0,0,0,0,0,0,0,0,0,0,0,1,0,0,0,1,0,0,0,2,2,6,0,0,0,0,0,0,0,1,0,0,0,0,0,0,0,0,0,0,1,0,0,0,0,0,0,0,0,0,0,0,0,0,0,3,1,1,4,0,0,0,0,0,0,0,0,0,0,0,0,0,0,334,9,3015,12,43,8,124,15,214,15,0,2,4307,27,131,2,32,15,1,3,25,16,63,25,8,3,0,0,0,0,0,0,0,1,3,1,1,0,0,0,0,0,0,0,0,1,2,0,1,0,0,1,0,0,0,0,0,0,0,0,0,0,0,0,4,0,0,1,1,1,0,0,2,0,0,4
0,0,1,0,0,0,0,0,0,0,0,0,0,1,0,0,0,0,0,0,0,0,0,0,0,0,0,0,0,0,0,0,0,0,0,0,0,0,0,0,0,0,4,2,0,0,0,0,0,0,0,0,0,0,0,0,0,0,0,1,0,0,0,0,0,0,0,0,0,0,0,0,0,0,0,0,0,2,2,1,0,0,0,0,0,0,0,0,0,0,0,0,0,1,4,296,4,1203,1,61,10,51,7,113,2,0,11,2831,4,51,2,10,7,3,11,4,18,9,5,1,0,0,0,0,0,0,0,0,0,0,0,0,0,0,0,0,0,0,0,0,0,0,0,0,0,0,0,0,0,0,0,0,0,0,0,0,0,0,0,2,0,1,0,1,1,0,3,4,2,4
