0,1,1840,0,2702,1,1516,0,385,0,2,0,1011,0,418,1,2,0,3,0,0,0,0,0,0,0,0,0,1,0,0,0,405,0,0,0,733,20,33,0,6,0,0,0,2,0,0,1,7,0,0,0,2,0,1,0,0,0,0,0,8099,0,187,0,150,0,170,0,2,0,510,1,1020,1,203,0,259,0,62,0,0,0,5,0,7,0,6,0,0,0,0,0,0,0,0,0,0,0,0,0,0,1,0,0,0,0,0,0,0,0,0,0,0,0,0,0,0,0,0,0,2,0,0,0,48,0,70,0,13,0,8,0,2,0,95,0,10,0,0,0,1,0,1,0,6,0,0,0,1,0,0,0,0,0,31,1,0,0,1,0,3,0,8,0,8,0,0,0,0,0
1,0,0,2250,0,1888,0,1501,0,82,0,0,0,1501,0,651,0,0,0,0,0,0,0,0,0,0,0,0,0,0,0,0,1,581,0,0,313,482,8,6,0,3,0,0,0,0,7,1,5,73,1,0,2,63,1,15,0,0,0,0,0,3958,0,222,1,115,0,933,0,63,3,467,0,859,0,1,3,159,2,27,0,0,5,6,4,140,0,0,0,9,0,0,0,0,0,0,0,0,0,0,0,0,0,0,0,0,0,0,0,0,0,0,0,0,0,0,0,0,0,0,0,0,0,0,0,0,2,1,1,1,0,0,0,0,0,0,0,0,0,0,0,0,0,0,0,0,0,0,0,0,0,0,0,0,15,24,0,0,0,0,0,0,0,1,1,0,0,0,0,0
1840,0,0,56,5342,35,117,0,407,9,230,4,6,0,1324,0,56,45,2651,68,325,39,119,13,247,10,279,2,234,1,49,0,436,17,0,0,411,8,12,0,3,0,0,0,9,0,0,0,0,0,0,0,0,0,0,0,0,0,0,0,160,0,8,0,2,0,0,0,0,0,45,0,112,0,73,6,384,13,83,0,0,0,0,0,0,0,5,0,0,0,0,0,1,0,0,0,0,0,0,0,0,0,0,0,0,0,0,0,0,0,1,0,0,0,0,0,0,0,0,0,0,0,0,0,41,0,7,0,3,0,3,0,8,0,45,0,1,0,0,0,1,0,0,0,1,0,0,0,0,0,42,78,495,132,330,141,52,2,1,0,0,0,4,0,0,0,0,0,0,0
0,2250,56,0,35,5532,0,144,9,378,5,89,0,19,1,4649,5,10,32,4385,4,220,8,18,3,100,0,466,2,57,0,2,9,284,0,0,68,443,0,0,0,2,0,0,0,0,1,0,0,16,0,0,0,5,0,0,0,0,0,0,0,156,0,14,0,6,0,28,0,0,1,70,0,191,0,16,4,151,1,7,0,0,0,0,0,17,0,8,0,1,0,0,0,0,0,0,0,0,0,0,0,0,0,0,0,0,0,0,0,0,0,0,0,0,0,0,0,0,0,0,0,0,0,0,1,0,0,0,1,0,0,0,0,0,0,0,0,0,0,0,0,0,0,0,0,0,0,0,0,0,18,28,6,333,65,301,2,0,0,0,0,0,1,0,0,0,0,0,0,0
2702,0,5342,35,0,13,445,0,2287,9,770,0,7,0,249,0,14,12,66,38,42,9,53,1,151,1,237,0,225,0,396,0,446,8,0,0,150,6,6,0,1,0,0,0,8,0,0,0,1,0,0,0,0,0,0,0,0,0,0,0,110,0,10,0,4,0,4,0,0,0,16,0,55,0,31,1,222,3,38,0,0,0,0,0,0,0,3,0,0,0,1,0,0,0,0,0,0,0,0,0,0,0,0,0,0,0,0,0,0,0,0,0,0,0,0,0,0,0,0,0,0,0,0,0,14,0,4,0,0,0,0,0,2,0,24,0,0,0,0,0,0,0,0,0,0,0,0,0,0,0,11,29,102,74,172,91,13,2,0,0,0,0,0,0,1,0,0,0,0,0
1,1888,35,5532,13,0,0,1196,5,3482,2,845,0,72,1,869,4,7,4,682,1,108,9,16,3,82,0,599,1,96,0,52,2,898,0,0,102,454,0,0,0,3,0,0,0,0,0,0,0,9,0,0,0,5,0,0,0,0,0,1,0,83,0,13,0,6,0,58,0,4,2,47,0,40,1,14,2,296,0,24,0,0,0,0,2,3,0,8,0,1,0,0,0,0,0,0,0,0,0,0,0,0,0,0,0,0,0,0,0,0,0,0,0,0,0,0,0,0,0,0,0,0,0,0,0,0,0,0,0,0,0,0,0,0,0,0,0,0,0,0,0,0,0,0,0,0,0,0,0,0,7,36,5,157,71,302,2,1,0,0,1,0,0,1,0,0,0,0,0,0
1516,0,117,0,445,0,0,0,1081,0,4,0,628,0,44,0,0,0,0,0,0,0,0,0,0,0,0,0,3,0,0,0,476,0,0,0,71,0,2,0,2,0,0,0,0,0,0,0,0,0,1,0,0,0,0,0,0,0,0,0,121,0,4,0,1,0,3,0,0,0,7,0,49,0,4,0,116,0,14,0,0,0,0,0,0,0,2,0,0,0,0,0,0,0,0,0,0,0,0,0,0,0,0,0,0,0,0,0,0,0,0,0,0,0,0,0,0,0,0,0,2,0,0,0,12,0,5,0,2,0,0,0,1,0,21,0,1,0,0,0,0,0,0,0,0,0,0,0,1,0,0,0,0,0,7,1,1,0,0,0,0,0,3,0,3,0,0,0,0,0
0,1501,0,144,0,1196,0,0,0,1729,0,1,0,2316,0,319,0,0,1,26,0,0,0,0,0,0,0,0,0,0,0,0,0,1553,0,0,200,424,0,0,0,0,0,0,0,0,0,0,1,8,2,0,0,1,0,0,0,0,0,0,0,164,0,20,0,4,0,32,0,4,2,46,0,40,1,9,1,103,0,13,0,0,0,2,0,3,0,0,0,1,0,0,0,0,0,0,0,0,0,0,0,0,0,0,0,0,0,0,0,0,0,0,0,0,0,0,0,0,0,0,0,0,0,0,0,0,0,0,0,0,0,1,0,0,0,0,0,0,0,0,0,0,0,0,0,0,0,0,0,0,0,0,0,3,37,57,0,0,0,0,0,0,0,0,0,0,0,0,0,0
385,0,407,9,2287,5,1081,0,0,2,1307,0,124,0,136,0,2,0,8,7,0,2,2,0,7,0,1,1,51,0,22,0,1213,0,0,0,91,5,0,0,4,0,0,0,6,0,0,0,0,0,0,0,0,0,0,0,0,0,0,0,21,0,1,0,2,0,1,0,0,0,2,0,40,0,20,0,272,1,48,0,0,0,0,0,1,0,10,0,0,0,2,0,1,0,0,0,0,0,0,0,0,0,0,0,0,0,0,0,0,0,0,0,0,0,0,0,0,0,0,0,2,0,0,0,34,0,0,0,3,0,6,0,5,0,40,0,2,0,0,0,0,0,0,0,0,0,0,0,0,0,1,1,23,20,129,85,2,0,0,0,0,0,0,0,3,0,0,0,0,0
0,82,9,378,9,3482,0,1729,2,0,1,327,0,205,0,262,2,2,0,171,1,3,0,3,0,5,0,8,0,34,0,0,3,1668,0,0,36,409,0,0,0,2,0,0,0,0,0,0,0,3,0,0,0,1,0,0,0,0,0,0,0,24,0,6,0,0,0,1,0,1,0,15,0,9,0,17,0,207,0,26,0,0,0,0,0,0,0,1,0,0,0,0,0,0,0,0,0,0,0,0,0,0,0,0,0,0,0,0,0,0,0,0,0,0,0,0,0,0,0,0,0,0,0,0,0,0,0,0,0,0,0,0,0,0,0,0,0,0,0,0,0,0,0,0,0,0,0,0,0,0,1,0,1,31,95,331,0,0,0,0,0,0,0,1,0,0,0,0,0,0
2,0,230,5,770,2,4,0,1307,1,0,0,1,0,7,0,17,5,12,2,21,1,19,1,68,0,101,0,1451,0,517,0,657,0,0,0,1,0,0,0,1,0,0,0,12,0,0,0,0,0,0,0,0,0,0,0,0,0,0,0,4,0,0,0,0,0,0,0,0,0,0,0,0,0,13,0,170,1,11,0,0,0,0,0,0,0,45,0,0,0,1,0,0,0,0,0,0,0,0,0,0,0,0,0,0,0,0,0,0,0,0,0,0,0,0,0,0,0,0,0,0,0,0,0,0,0,0,0,0,0,0,0,0,0,0,0,0,0,0,0,0,0,0,0,0,0,0,0,0,0,1,5,8,9,6,8,6,0,0,0,0,0,1,0,0,0,0,0,0,0
0,0,4,89,0,845,0,1,0,327,0,0,0,0,0,0,0,4,0,104,0,55,1,14,0,67,0,294,0,1005,0,15,1,233,0,0,0,1,0,0,0,1,0,0,0,1,0,0,0,0,0,0,0,1,0,0,0,0,0,2,0,1,0,0,0,0,0,0,0,0,0,0,0,0,2,33,1,149,0,0,0,0,0,0,0,0,0,3,0,0,0,1,0,1,0,0,0,0,0,0,0,0,0,0,0,0,0,0,0,0,0,0,0,0,0,0,0,0,0,0,0,0,0,0,0,0,0,0,0,0,0,0,0,0,0,0,0,0,0,0,0,0,0,0,0,0,0,0,0,0,0,4,1,24,1,4,0,1,0,0,0,0,0,0,0,0,0,0,0,0
1011,0,6,0,7,0,628,0,124,0,1,0,0,1,2,0,0,0,1,0,0,0,0,0,0,0,0,0,0,0,0,0,575,0,0,0,30,13,22,0,8,0,5,0,0,0,3,0,65,0,2,0,27,0,23,0,1,0,11,0,1682,3,28,0,61,0,518,1,15,0,59,1,9,0,6,0,191,7,62,1,0,0,317,0,984,0,74,0,60,1,0,0,6,0,0,0,0,0,0,0,0,0,0,0,0,0,0,0,0,0,1,0,0,0,0,0,0,0,0,0,0,0,0,0,3,0,19,0,4,0,2,0,2,0,7,0,0,0,0,0,0,0,0,0,0,1,0,0,2,0,0,0,0,0,0,0,0,0,0,0,3,0,4,1,1,0,0,0,1,0
0,1501,0,19,0,72,0,2316,0,205,0,0,1,0,0,48,0,0,0,4,0,0,0,0,0,0,0,0,0,0,0,0,0,607,0,0,28,78,7,15,1,9,0,1,0,0,16,13,4,15,6,1,1,6,0,5,0,6,0,4,0,1215,0,2,0,3,0,1006,0,1,1,29,0,14,0,0,1,62,1,21,0,0,0,54,3,573,0,17,2,45,0,1,0,22,0,0,0,0,0,0,0,0,0,0,0,0,0,0,0,0,0,0,0,0,0,0,0,0,0,0,0,0,0,0,0,0,0,0,0,2,0,0,0,0,0,0,0,0,0,1,0,0,0,0,0,0,0,0,0,0,0,0,0,0,3,4,0,0,0,0,0,0,0,1,0,0,0,0,0,0
418,0,1324,1,249,1,44,0,136,0,7,0,2,0,0,5,0,0,975,0,3,0,0,0,1,0,0,0,0,0,0,0,51,1,0,0,1369,2,22,0,3,0,0,0,2,0,0,0,1,0,0,0,0,0,0,0,0,0,0,0,5,0,1,0,0,0,1,0,0,0,9,0,1283,1,77,0,225,1,73,0,0,0,0,0,0,0,3,0,0,0,0,0,0,0,0,0,0,0,0,0,0,0,0,0,0,0,0,0,0,0,0,1,0,0,0,0,0,0,0,0,0,0,0,0,39,0,8,0,2,0,4,0,7,0,50,0,4,0,0,0,0,0,0,0,1,0,0,0,0,0,0,0,5,2,91,3,0,0,1,0,1,0,0,0,2,0,0,0,0,0
1,651,0,4649,0,869,0,319,0,262,0,0,0,48,5,0,0,0,36,978,0,0,0,0,0,0,0,0,0,0,0,0,0,94,0,0,448,1870,1,2,0,1,0,0,0,0,0,0,1,48,0,0,0,7,0,1,0,0,0,0,0,91,0,39,0,4,0,16,0,4,0,248,12,637,4,6,0,213,0,37,0,0,0,0,0,1,0,0,0,0,0,0,0,0,0,0,0,0,0,0,0,0,0,0,0,0,0,0,0,0,0,0,0,0,0,0,0,0,0,0,0,0,0,0,0,0,1,3,0,2,0,0,0,0,0,0,0,0,0,0,0,0,0,0,0,0,0,0,0,0,0,0,0,1,126,101,0,0,1,0,0,0,0,4,0,0,0,0,0,0
2,0,56,5,14,4,0,0,2,2,17,0,0,0,0,0,0,245,5,9,144,5,848,0,30,0,3,0,36,2,1,0,78,2,0,0,0,0,0,0,0,14,18,0,22,0,0,0,0,0,0,0,0,0,0,0,0,0,0,0,0,0,0,0,0,0,0,0,0,0,0,0,0,0,120,3,664,2,17,0,0,0,0,0,0,0,0,0,1,0,0,0,0,0,0,0,0,0,0,0,0,0,0,0,0,0,0,0,0,0,0,0,0,0,0,0,0,0,0,0,0,0,0,0,1,0,0,0,0,0,0,0,0,0,0,0,2,0,0,0,0,0,0,0,0,0,0,0,0,0,157,115,24,15,1,17,708,5,0,0,0,0,0,0,1,0,0,0,0,0
0,0,45,10,12,7,0,0,0,2,5,4,0,0,0,0,245,0,5,63,21,611,84,620,4,43,3,2,9,16,1,0,2,177,0,0,0,0,0,0,0,12,0,0,0,27,0,0,0,0,0,0,0,0,0,0,0,0,0,1,0,0,0,0,0,0,0,0,0,0,0,0,0,0,265,167,1,466,0,4,0,0,0,0,0,0,0,11,0,3,0,1,0,1,0,0,0,0,0,0,0,0,0,0,0,0,0,0,0,0,0,0,0,0,0,0,0,0,0,0,0,0,0,0,0,0,0,0,0,0,0,0,0,0,0,0,0,0,0,0,0,0,0,0,0,0,0,0,0,0,17,254,9,28,1,4,80,715,0,0,0,0,0,0,0,0,0,0,0,0
3,0,2651,32,66,4,0,1,8,0,12,0,1,0,975,36,5,5,0,271,547,0,58,0,101,0,21,0,35,0,0,0,24,2,0,0,189,0,0,0,0,0,0,0,0,0,0,0,0,0,0,0,0,0,0,0,0,0,0,0,0,0,0,0,0,0,0,0,0,0,0,0,0,0,11,0,23,0,3,0,0,0,0,0,0,0,0,0,0,0,0,0,0,0,0,0,0,0,0,0,0,0,0,0,0,0,0,0,0,0,0,0,0,0,0,0,0,0,0,0,0,0,0,0,2,0,0,0,0,0,0,0,0,0,1,0,0,0,0,0,0,0,0,0,0,0,0,0,0,0,8,14,1433,18,896,28,10,0,0,0,0,0,0,0,0,0,0,0,0,0
0,0,68,4385,38,682,0,26,7,171,2,104,0,4,0,978,9,63,271,0,33,688,15,68,8,139,2,113,7,90,1,1,8,117,0,0,3,197,0,0,0,1,0,2,0,2,0,0,0,0,0,0,0,0,0,0,0,0,0,0,0,0,0,0,0,0,0,0,0,0,0,0,0,1,11,22,6,53,0,1,0,0,0,0,0,0,0,7,0,0,0,0,0,0,0,0,0,0,0,0,0,0,0,0,0,0,0,0,0,0,0,0,0,0,0,0,0,0,0,0,0,0,0,0,0,0,0,0,0,0,0,0,0,0,0,0,0,0,0,0,0,0,0,0,0,0,0,0,0,0,20,54,11,895,47,173,3,14,0,0,0,0,0,0,0,0,0,0,0,0
0,0,325,4,42,1,0,0,0,1,21,0,0,0,3,0,144,21,547,33,0,31,781,8,561,1,37,0,81,0,1,0,31,1,0,0,1,2,0,0,0,0,0,0,0,0,0,0,0,0,0,0,0,0,0,0,0,0,0,0,0,0,0,0,0,0,0,0,0,0,0,0,0,0,31,1,8,1,0,0,0,0,0,0,0,0,1,0,0,0,0,0,0,0,0,0,0,0,0,0,0,0,0,0,0,0,0,0,0,0,0,0,0,0,0,0,0,0,0,0,0,0,0,0,0,0,0,0,0,0,0,0,0,0,0,0,0,0,0,0,0,0,0,0,0,0,0,0,0,0,344,42,519,24,26,25,178,6,0,0,0,0,0,0,0,0,0,0,0,0
0,0,39,220,9,108,0,0,2,3,1,55,0,0,0,0,5,611,0,688,31,0,37,1406,1,755,0,341,3,133,0,0,2,108,0,0,0,2,0,0,0,1,0,0,0,9,0,0,0,0,0,0,0,0,0,0,0,0,0,1,0,0,0,0,0,0,0,0,0,0,0,0,0,0,6,148,2,80,0,1,0,0,0,0,0,0,0,20,0,0,0,0,0,1,0,0,0,0,0,0,0,0,0,0,0,0,0,0,0,0,0,0,0,0,0,0,0,0,0,0,0,0,0,0,0,0,0,0,0,0,0,0,0,0,0,0,0,0,0,0,0,0,0,0,0,0,0,0,0,0,7,671,2,397,1,47,1,207,0,0,0,0,0,0,0,0,0,0,0,0
0,0,119,8,53,9,0,0,2,0,19,1,0,0,0,0,848,84,58,15,781,37,0,405,1122,0,76,0,92,2,2,0,31,2,0,0,0,0,0,0,0,4,0,0,0,0,0,0,0,0,0,0,0,0,0,0,0,0,0,0,0,0,0,0,0,0,0,0,0,0,0,0,0,0,54,2,69,3,0,0,0,0,0,0,0,1,0,1,0,0,0,0,0,0,0,0,0,0,0,0,0,0,0,0,0,0,0,0,0,0,0,0,0,0,0,0,0,0,0,0,0,0,0,0,0,0,0,0,0,0,0,0,0,0,0,0,0,0,0,0,0,0,0,0,0,0,0,0,0,0,136,28,113,18,5,8,578,8,0,0,0,0,0,0,0,0,0,0,0,0
0,0,13,18,1,16,0,0,0,3,1,14,0,0,0,0,0,620,0,68,8,1406,405,0,0,787,0,56,1,113,0,0,1,134,0,0,0,0,0,0,0,3,0,0,0,19,0,0,0,0,0,0,0,0,0,0,0,0,0,0,0,0,0,0,0,0,0,0,0,0,0,0,0,0,0,30,0,148,0,0,0,0,0,0,0,0,0,20,0,2,0,0,0,0,0,0,0,0,0,0,0,0,0,0,0,0,0,0,0,0,0,0,0,0,0,0,0,0,0,0,0,0,0,0,0,0,0,0,0,0,0,0,0,0,0,0,0,0,0,0,0,0,0,0,0,0,0,0,0,0,1,99,2,62,0,20,0,195,0,0,0,0,0,0,0,0,0,0,0,0
0,0,247,3,151,3,0,0,7,0,68,0,0,0,1,0,30,4,101,8,561,1,1122,0,0,1,505,0,829,1,11,0,132,1,0,0,0,0,0,0,0,0,0,0,4,0,0,0,0,0,0,0,0,0,0,0,0,0,0,0,0,0,0,0,0,0,0,0,0,0,0,0,0,0,16,0,46,0,0,0,0,0,0,0,0,0,5,0,0,0,0,0,0,0,0,0,0,0,0,0,0,0,0,0,0,0,0,0,0,0,0,0,0,0,0,0,0,0,0,0,0,0,0,0,0,0,0,0,0,0,0,0,0,0,0,0,0,0,0,0,0,0,0,0,0,0,0,0,0,0,14,11,79,2,5,5,57,0,0,0,0,0,0,0,0,0,0,0,0,0
0,0,10,100,1,82,0,0,0,5,0,67,0,0,0,0,0,43,0,139,1,755,0,787,1,0,0,226,0,378,0,0,0,135,0,0,0,0,0,0,0,1,0,0,0,5,0,0,0,0,0,0,0,0,0,0,0,0,0,1,0,0,0,0,0,0,0,0,0,0,0,0,0,0,1,33,0,160,0,0,0,0,0,0,0,0,0,7,0,0,0,0,0,0,0,0,0,0,0,0,0,0,0,0,0,0,0,0,0,0,0,0,0,0,0,0,0,0,0,0,0,0,0,0,0,0,0,0,0,0,0,0,0,0,0,0,0,0,0,0,0,0,0,0,0,0,0,0,0,0,8,7,1,34,0,7,0,16,0,0,0,0,0,0,0,0,0,0,0,0
0,0,279,0,237,0,0,0,1,0,101,0,0,0,0,0,3,3,21,2,37,0,76,0,505,0,0,0,94,0,4,0,12,0,0,0,0,0,0,0,0,0,0,0,0,0,0,0,0,0,0,0,0,0,0,0,0,0,0,0,0,0,0,0,0,0,0,0,0,0,0,0,0,0,4,0,3,0,0,0,0,0,0,0,0,0,0,0,0,0,0,0,0,0,0,0,0,0,0,0,0,0,0,0,0,0,0,0,0,0,0,0,0,0,0,0,0,0,0,0,0,0,0,0,0,0,0,0,0,0,0,0,0,0,0,0,0,0,0,0,0,0,0,0,0,0,0,0,0,0,1,2,11,2,0,4,0,0,0,0,0,0,0,0,0,0,0,0,0,0
0,0,2,466,0,599,0,0,1,8,0,294,0,0,0,0,0,2,0,113,0,341,0,56,0,226,0,0,0,88,0,1,1,16,0,0,0,0,0,0,0,0,0,0,0,0,0,0,0,0,0,0,0,0,0,0,0,0,0,0,0,0,0,0,0,0,0,0,0,0,0,0,0,0,0,13,0,37,0,0,0,0,0,0,0,0,0,1,0,0,0,0,0,0,0,0,0,0,0,0,0,0,0,0,0,0,0,0,0,0,0,0,0,0,0,0,0,0,0,0,0,0,0,0,0,0,0,0,0,0,0,0,0,0,0,0,0,0,0,0,0,0,0,0,0,0,0,0,0,0,0,0,2,19,0,5,0,0,0,0,0,0,0,0,0,0,0,0,0,0
1,0,234,2,225,1,3,0,51,0,1451,0,0,0,0,0,36,9,35,7,81,3,92,1,829,0,94,0,0,0,88,0,956,0,0,0,0,0,0,0,0,0,0,0,8,0,0,0,0,0,0,0,0,0,0,0,0,0,0,0,1,0,0,0,0,0,0,0,0,0,0,0,0,0,29,0,119,2,3,0,0,0,0,0,0,0,58,0,0,0,0,0,0,0,0,0,0,0,0,0,0,0,0,0,0,0,0,0,0,0,0,0,0,0,0,0,0,0,0,0,0,0,0,0,1,0,0,0,0,0,0,0,0,0,0,0,0,0,0,0,0,0,0,0,0,0,0,0,0,0,4,15,27,7,5,3,18,0,0,0,0,0,0,0,0,0,0,0,0,0
0,0,1,57,0,96,0,0,0,34,0,1005,0,0,0,0,2,16,0,90,0,133,2,113,1,378,0,88,0,0,0,0,0,530,0,0,0,1,0,0,0,0,0,0,0,1,0,0,0,0,0,0,0,0,0,0,0,0,0,0,0,0,0,0,0,0,0,0,0,0,0,0,0,0,0,40,0,111,0,0,0,0,0,0,0,0,0,5,0,0,0,0,0,0,0,0,0,0,0,0,0,0,0,0,0,0,0,0,0,0,0,0,0,0,0,0,0,0,0,0,0,0,0,0,0,0,0,0,0,0,0,0,0,0,0,0,0,0,0,0,0,0,0,0,0,0,0,0,0,0,4,7,0,25,0,10,0,17,0,0,0,0,0,0,0,0,0,0,0,0
0,0,49,0,396,0,0,0,22,0,517,0,0,0,0,0,1,1,0,1,1,0,2,0,11,0,4,0,88,0,0,0,38,0,0,0,0,0,0,0,0,0,0,0,1,0,0,0,0,0,0,0,0,0,0,0,0,0,0,0,0,0,0,0,0,0,0,0,0,0,0,0,0,0,3,0,16,0,0,0,0,0,0,0,0,0,1,0,0,0,0,0,0,0,0,0,0,0,0,0,0,0,0,0,0,0,0,0,0,0,0,0,0,0,0,0,0,0,0,0,0,0,0,0,0,0,0,0,0,0,0,0,0,0,0,0,0,0,0,0,0,0,0,0,0,0,0,0,0,0,1,0,3,2,0,0,1,0,0,0,0,0,0,0,0,0,0,0,0,0
0,0,0,2,0,52,0,0,0,0,0,15,0,0,0,0,0,0,0,1,0,0,0,0,0,0,0,1,0,0,0,0,0,0,0,0,0,0,0,0,0,0,0,0,0,0,0,0,0,0,0,0,0,0,0,0,0,0,0,0,0,0,0,0,0,0,0,0,0,0,0,0,0,0,0,0,0,0,0,0,0,0,0,0,0,0,0,0,0,0,0,0,0,0,0,0,0,0,0,0,0,0,0,0,0,0,0,0,0,0,0,0,0,0,0,0,0,0,0,0,0,0,0,0,0,0,0,0,0,0,0,0,0,0,0,0,0,0,0,0,0,0,0,0,0,0,0,0,0,0,0,0,0,0,0,0,0,0,0,0,0,0,0,0,0,0,0,0,0,0
405,1,436,9,446,2,476,0,1213,3,657,1,575,0,51,0,78,2,24,8,31,2,31,1,132,0,12,1,956,0,38,0,0,3,0,0,56,16,23,2,774,0,36,0,75,0,4,0,27,1,11,0,8,1,8,0,1,0,113,0,371,2,20,2,23,1,27,5,1,0,72,3,23,1,60,1,2962,15,267,11,0,0,54,0,348,0,760,0,149,0,17,0,304,0,0,0,0,0,0,0,2,1,1,0,0,0,0,2,3,0,6,2,0,0,0,0,0,0,0,0,0,3,1,0,25,0,37,0,21,1,6,0,3,0,35,0,3,0,15,0,0,0,3,0,33,0,2,0,8,1,1,7,37,18,64,43,27,0,4,2,9,0,7,0,13,0,1,0,3,0
0,581,17,284,8,898,0,1553,0,1668,0,233,0,607,1,94,2,177,2,117,1,108,2,134,1,135,0,16,0,530,0,0,3,0,0,0,52,311,12,46,1,388,0,4,0,101,40,32,26,61,24,2,4,36,2,9,0,11,0,205,0,465,3,56,0,13,0,167,0,17,24,114,0,21,4,254,5,2764,3,62,0,0,3,132,6,452,0,76,0,398,0,2,0,229,0,0,0,0,0,0,0,0,0,0,0,0,0,0,0,0,0,2,0,0,0,0,0,0,0,0,0,0,0,0,0,0,0,1,3,2,2,0,0,0,0,1,0,0,0,7,0,2,0,8,0,18,0,0,0,2,2,5,3,64,54,332,0,33,0,0,0,0,1,6,0,0,0,0,0,0
0,0,0,0,0,0,0,0,0,0,0,0,0,0,0,0,0,0,0,0,0,0,0,0,0,0,0,0,0,0,0,0,0,0,0,0,0,0,0,0,0,0,0,0,0,0,0,0,0,0,0,0,0,0,0,0,0,0,0,0,0,0,0,0,0,0,0,0,0,0,0,0,0,0,0,0,0,0,0,0,0,0,0,0,0,0,0,0,0,0,0,0,0,0,0,0,0,0,0,0,0,0,0,0,0,0,0,0,0,0,0,0,0,0,0,0,0,0,0,0,0,0,0,0,0,0,0,0,0,0,0,0,0,0,0,0,0,0,0,0,0,0,0,0,0,0,0,0,0,0,0,0,0,0,0,0,0,0,0,0,0,0,0,0,0,0,0,0,0,0
0,0,0,0,0,0,0,0,0,0,0,0,0,0,0,0,0,0,0,0,0,0,0,0,0,0,0,0,0,0,0,0,0,0,0,0,0,0,0,0,0,0,0,0,0,0,0,0,0,0,0,0,0,0,0,0,0,0,0,0,0,0,0,0,0,0,0,0,0,0,0,0,0,0,0,0,0,0,0,0,0,0,0,0,0,0,0,0,0,0,0,0,0,0,0,0,0,0,0,0,0,0,0,0,0,0,0,0,0,0,0,0,0,0,0,0,0,0,0,0,0,0,0,0,0,0,0,0,0,0,0,0,0,0,0,0,0,0,0,0,0,0,0,0,0,0,0,0,0,0,0,0,0,0,0,0,0,0,0,0,0,0,0,0,0,0,0,0,0,0
733,313,411,68,150,102,71,200,91,36,1,0,30,28,1369,448,0,0,189,3,1,0,0,0,0,0,0,0,0,0,0,0,56,52,0,0,0,781,1374,3,7,0,1,0,0,0,13,13,48,13,1,2,8,5,4,2,0,0,0,0,517,75,105,12,94,0,61,12,8,3,1940,105,1160,218,487,5,243,127,95,47,0,0,8,0,13,4,1,0,4,13,0,0,0,0,0,0,0,0,1,0,0,0,0,1,0,0,0,0,0,0,2,0,0,0,0,0,0,0,0,0,2,0,0,0,49,0,163,6,74,3,23,0,6,0,178,0,19,0,0,0,0,0,0,0,31,0,5,0,13,0,0,0,4,1,225,36,0,0,10,1,7,0,14,3,18,0,1,0,0,0
20,482,8,443,6,454,0,424,5,409,0,1,13,78,2,1870,0,0,0,197,2,2,0,0,0,0,0,0,0,1,0,0,16,311,0,0,781,0,11,815,0,10,0,0,0,0,5,10,17,165,1,0,4,13,0,5,0,0,0,0,25,208,8,44,10,24,7,97,2,13,51,1427,6,309,60,32,10,870,12,345,0,0,4,4,9,11,0,0,3,6,0,0,0,1,0,0,0,0,0,0,0,0,0,1,0,0,0,0,0,0,1,2,0,0,1,0,0,0,0,0,0,0,0,0,4,3,29,31,17,29,3,1,3,0,20,0,1,0,0,0,0,0,1,0,4,1,1,0,0,1,0,1,1,99,281,696,0,0,2,0,2,0,4,42,2,0,0,0,0,0
33,8,12,0,6,0,2,0,0,0,0,0,22,7,22,1,0,0,0,0,0,0,0,0,0,0,0,0,0,0,0,0,23,12,0,0,1374,11,0,49,41,5,26,2,0,0,265,14,410,10,226,37,97,4,36,0,0,0,11,5,22,10,21,1,7,10,1,20,0,1,1314,34,53,0,8,0,34,26,26,15,0,0,52,10,63,16,0,0,12,9,0,0,0,0,0,0,0,0,1,0,1,0,3,0,0,0,0,0,1,0,2,1,0,0,1,2,0,0,0,0,1,0,0,0,3,0,21,1,24,5,5,0,2,0,6,0,1,0,0,0,1,0,1,0,1,0,0,0,3,0,0,0,0,0,0,0,0,0,3,0,6,0,4,2,7,0,0,0,1,0
0,6,0,0,0,0,0,0,0,0,0,0,0,15,0,2,0,0,0,0,0,0,0,0,0,0,0,0,0,0,0,0,2,46,0,0,3,815,49,0,10,21,1,0,0,0,45,91,6,148,33,78,3,23,2,9,0,0,0,16,0,32,0,1,0,37,0,69,0,33,43,715,0,1,0,2,0,54,1,22,0,0,1,30,2,98,0,0,1,64,0,0,0,2,0,1,0,0,0,0,0,0,0,0,0,0,0,0,0,0,0,0,0,0,10,0,0,0,0,0,0,0,0,0,0,0,0,4,0,5,0,0,0,0,0,0,0,0,0,1,0,1,0,0,0,2,0,0,0,1,0,0,0,0,0,0,0,0,0,0,0,0,0,5,0,0,0,0,0,0
6,0,3,0,1,0,2,0,4,0,1,0,8,1,3,0,0,0,0,0,0,0,0,0,0,0,0,0,0,0,0,0,774,1,0,0,7,0,41,10,0,14,1836,1,213,0,19,3,4,0,524,3,0,0,0,0,0,0,395,0,4,1,4,0,2,0,1,0,0,0,28,13,0,0,28,5,898,1,371,2,0,0,16,0,371,1,821,0,149,1,147,0,251,0,0,0,0,1,10,7,19,17,5,3,0,0,7,16,18,7,53,51,5,9,0,0,0,0,2,1,1,1,8,2,25,1,18,17,97,21,23,2,12,2,35,2,1,1,133,1,23,1,42,0,397,8,9,0,30,6,0,0,0,0,1,0,56,0,36,7,53,0,69,26,43,4,3,1,36,3
0,3,0,2,0,3,0,0,0,2,0,1,0,9,0,1,14,12,0,1,0,1,4,3,0,1,0,0,0,0,0,0,0,388,0,0,0,10,5,21,14,0,2,3926,0,332,8,4,8,5,57,133,0,3,0,1,0,10,0,1104,0,5,0,0,0,1,0,2,0,2,55,15,0,0,0,52,1,1524,0,708,0,0,1,88,0,221,0,729,0,459,0,89,0,604,0,0,0,0,1,0,5,5,0,3,0,0,1,0,0,0,3,3,0,0,0,0,0,0,0,0,0,1,0,1,0,19,0,10,1,76,0,3,0,0,0,1,0,0,1,296,0,22,0,52,0,183,0,3,0,25,0,0,0,0,0,0,0,25,0,0,0,2,0,147,0,0,0,0,0,0
0,0,0,0,0,0,0,0,0,0,0,0,5,0,0,0,18,0,0,0,0,0,0,0,0,0,0,0,0,0,0,0,36,0,0,0,1,0,26,1,1836,2,0,0,166,0,36,0,1,1,980,1,0,0,1,0,1,0,1875,0,1,1,0,0,0,0,0,0,0,0,17,5,0,0,0,0,19,0,8,0,0,0,22,0,46,2,188,0,21,4,95,0,134,0,0,0,1,0,29,7,47,6,4,2,1,2,29,19,87,8,297,52,13,4,0,2,0,2,0,1,0,0,0,0,0,1,2,4,9,6,1,1,0,1,4,3,0,3,5,0,6,0,8,0,5,0,0,0,1,2,0,0,0,0,0,0,8,0,7,0,7,0,1,4,11,3,5,4,19,2
0,0,0,0,0,0,0,0,0,0,0,0,0,1,0,0,0,0,0,2,0,0,0,0,0,0,0,0,0,0,0,0,0,4,0,0,0,0,2,0,1,3926,0,0,0,663,0,19,0,0,16,1132,0,0,0,0,0,0,0,2418,0,0,0,0,0,0,0,0,0,0,4,19,0,0,0,0,0,16,0,0,0,0,0,0,0,1,0,1022,0,6,0,201,0,110,0,0,0,0,0,3,20,40,0,0,0,0,0,0,0,0,1,0,0,0,29,0,0,0,0,0,0,0,0,0,0,0,0,0,0,1,0,0,0,1,0,0,0,0,0,5,0,1,0,0,0,0,0,0,0,0,0,0,0,0,0,0,0,0,0,0,0,1,0,17,0,0,0,0,0,0
2,0,9,0,8,0,0,0,6,0,12,0,0,0,2,0,22,0,0,0,0,0,0,0,4,0,0,0,8,0,1,0,75,0,0,0,0,0,0,0,213,0,166,0,0,0,0,0,0,0,0,0,0,0,0,0,0,0,22,0,1,0,1,0,0,0,0,0,0,0,0,0,0,0,14,0,782,0,246,0,0,0,0,0,0,0,1360,0,4,0,23,0,5,0,0,0,0,0,0,0,0,0,0,0,0,0,0,0,0,0,0,0,0,0,0,0,0,0,0,0,0,3,0,0,24,0,0,0,2,0,3,0,1,0,13,0,2,0,2,0,0,0,0,0,0,0,0,0,0,0,0,0,0,0,0,0,157,0,0,0,2,0,10,0,0,0,0,0,0,0
0,0,0,0,0,0,0,0,0,0,0,1,0,0,0,0,0,27,0,2,0,9,0,19,0,5,0,0,0,1,0,0,0,101,0,0,0,0,0,0,0,332,0,663,0,0,0,0,0,0,0,0,0,0,0,0,0,0,0,83,0,0,0,0,0,0,0,0,0,0,0,0,0,0,0,10,0,560,0,51,0,0,0,0,0,3,0,1738,0,41,0,81,0,46,0,0,0,0,0,0,0,0,0,0,0,0,0,0,0,0,0,0,0,0,0,0,0,0,0,0,0,0,0,0,0,1,0,2,0,0,0,0,0,0,0,0,0,0,0,1,0,0,0,0,0,0,0,0,0,0,0,0,0,0,0,0,0,35,0,0,0,0,0,3,0,1,0,0,0,0
0,7,0,1,0,0,0,0,0,0,0,0,3,16,0,0,0,0,0,0,0,0,0,0,0,0,0,0,0,0,0,0,4,40,0,0,13,5,265,45,19,8,36,0,0,0,0,1311,3845,447,4655,853,1850,81,2855,32,347,4,112,21,0,21,15,1,6,18,0,59,24,25,1191,97,0,0,0,1,3,64,5,14,0,0,9,64,33,148,0,0,68,80,0,0,8,1,7,2,0,0,0,0,20,1,65,64,0,0,0,0,0,0,1,0,0,0,27,39,0,0,0,0,0,0,0,0,0,1,3,0,0,6,0,0,0,0,1,0,0,0,0,0,0,0,0,0,0,2,0,0,0,0,0,0,0,0,0,0,0,0,0,0,0,0,0,13,0,0,0,0,0,0
1,1,0,0,0,0,0,0,0,0,0,0,0,13,0,0,0,0,0,0,0,0,0,0,0,0,0,0,0,0,0,0,0,32,0,0,13,10,14,91,3,4,0,19,0,0,1311,0,276,2717,312,3480,2,1266,1,1526,0,375,1,370,0,3,0,0,0,3,0,8,0,11,125,1297,0,0,0,0,0,9,0,4,0,0,0,29,0,171,0,0,1,480,0,0,0,42,0,30,0,0,0,0,0,23,1,35,0,0,0,0,0,0,0,0,0,0,139,55,0,0,0,0,0,0,0,0,0,0,0,0,0,3,0,0,0,0,0,0,0,0,0,0,0,0,0,2,0,1,0,0,0,0,0,0,0,0,0,0,0,0,0,0,0,0,0,0,0,0,0,0,0,0
7,5,0,0,1,0,0,1,0,0,0,0,65,4,1,1,0,0,0,0,0,0,0,0,0,0,0,0,0,0,0,0,27,26,0,0,48,17,410,6,4,8,1,0,0,0,3845,276,0,260,145,28,1984,24,743,6,0,0,7,0,31,20,428,0,36,11,13,21,35,6,1910,15,0,0,7,0,71,43,71,23,0,0,90,9,104,20,1,0,34,3,0,0,2,0,0,0,0,0,0,0,1,0,0,0,0,0,0,0,1,0,2,5,0,0,0,0,0,0,0,0,0,0,0,0,2,0,41,3,42,6,6,0,4,0,12,0,2,0,0,1,0,0,0,0,2,1,0,0,3,2,0,0,0,0,0,0,0,0,13,0,14,0,26,2,10,0,0,0,3,0
0,73,0,16,0,9,0,8,0,3,0,0,0,15,0,48,0,0,0,0,0,0,0,0,0,0,0,0,0,0,0,0,1,61,0,0,13,165,10,148,0,5,1,0,0,0,447,2717,260,0,40,268,1,1451,0,332,0,26,0,13,0,104,0,79,0,89,0,108,1,76,41,2133,0,23,1,0,2,143,1,36,0,0,2,33,3,85,0,0,3,158,0,0,0,9,0,3,0,0,0,0,0,3,0,1,0,0,0,0,0,0,0,0,0,0,7,2,0,0,0,0,0,0,0,0,0,0,0,5,0,6,0,0,0,0,1,0,0,0,0,1,0,0,1,0,0,1,0,0,0,0,0,0,0,0,1,0,0,0,0,0,0,0,0,3,0,0,0,0,0,0
0,1,0,0,0,0,1,2,0,0,0,0,2,6,0,0,0,0,0,0,0,0,0,0,0,0,0,0,0,0,0,0,11,24,0,0,1,1,226,33,524,57,980,16,0,0,4655,312,145,40,0,355,93,17,1226,16,2204,4,3671,28,0,2,3,0,1,7,0,22,22,24,595,259,0,0,0,0,2,26,2,4,0,0,18,66,92,210,0,0,308,166,0,0,97,2,122,0,0,0,19,0,442,2,1736,0,0,0,2,0,0,3,2,6,7,39,91,209,0,0,0,0,0,0,0,0,0,0,1,1,0,4,1,0,0,0,0,0,0,0,0,0,0,1,0,0,2,4,0,0,0,0,0,0,0,0,0,0,0,0,1,0,0,0,0,3,1,0,5,0,13,1
0,0,0,0,0,0,0,0,0,0,0,0,0,1,0,0,0,0,0,0,0,0,0,0,0,0,0,0,0,0,0,0,0,2,0,0,2,0,37,78,3,133,1,1132,0,0,853,3480,28,268,355,0,0,127,0,178,0,812,0,1077,0,0,0,0,0,1,0,0,0,1,131,682,0,0,0,0,0,0,0,0,0,0,0,1,0,16,0,0,0,62,0,0,0,13,0,236,0,0,0,0,46,696,0,319,0,0,0,0,0,0,1,0,0,33,861,184,0,0,0,0,0,0,0,0,0,0,0,0,0,7,0,0,0,0,0,0,0,0,0,0,0,9,0,6,0,1,0,0,0,1,0,0,0,0,0,0,0,0,0,0,0,1,0,1,0,0,0,0,2,0
2,2,0,0,0,0,0,0,0,0,0,0,27,1,0,0,0,0,0,0,0,0,0,0,0,0,0,0,0,0,0,0,8,4,0,0,8,4,97,3,0,0,0,0,0,0,1850,2,1984,1,93,0,0,5,3998,0,11,0,5,0,7,1,435,0,126,3,3,7,120,1,551,4,2,0,1,0,14,9,16,2,0,0,20,0,52,3,1,0,39,0,0,0,4,0,0,0,0,0,0,0,0,0,3,1,0,0,0,0,0,0,1,0,1,0,0,0,0,0,0,0,0,0,0,0,0,0,8,1,6,0,4,0,1,0,6,0,0,0,0,0,0,0,0,0,0,0,0,0,0,0,0,0,0,0,0,0,0,0,0,0,2,0,3,1,0,0,0,0,0,0
0,63,0,5,0,5,0,1,0,1,0,1,0,6,0,7,0,0,0,0,0,0,0,0,0,0,0,0,0,0,0,0,1,36,0,0,5,13,4,23,0,3,0,0,0,0,81,1266,24,1451,17,127,5,0,0,1894,0,44,0,36,0,122,0,111,0,82,0,74,0,643,12,375,0,7,1,0,1,42,0,8,0,0,0,15,2,56,0,0,0,234,0,0,0,7,0,0,0,0,0,0,0,0,0,0,0,0,0,0,0,0,0,0,0,0,1,0,0,0,0,0,0,0,0,0,0,0,1,1,1,1,0,0,0,0,0,0,0,0,0,0,0,0,0,0,0,0,0,0,0,0,0,0,0,0,0,0,0,0,0,0,0,0,0,4,0,0,0,0,0,0
1,1,0,0,0,0,0,0,0,0,0,0,23,0,0,0,0,0,0,0,0,0,0,0,0,0,0,0,0,0,0,0,8,2,0,0,4,0,36,2,0,0,1,0,0,0,2855,1,743,0,1226,0,3998,0,0,0,3857,0,564,0,12,1,429,0,546,0,12,0,2467,1,93,1,0,0,2,0,9,3,11,0,0,0,32,0,150,0,0,0,2838,0,0,0,847,0,16,0,0,0,1,0,0,0,23,0,0,0,0,0,0,0,0,0,0,0,0,1,0,0,0,0,0,0,0,0,0,0,7,0,5,0,1,0,0,0,6,0,0,0,0,0,0,0,0,0,2,0,0,0,0,0,0,0,0,0,0,0,0,0,0,0,0,0,0,0,0,1,0,0,0,0
0,15,0,0,0,0,0,0,0,0,0,0,0,5,0,1,0,0,0,0,0,0,0,0,0,0,0,0,0,0,0,0,0,9,0,0,2,5,0,9,0,1,0,0,0,0,32,1526,6,332,16,178,0,1894,0,0,0,1019,0,198,0,49,0,1,0,37,0,28,0,1526,4,61,0,1,0,0,0,8,0,1,0,0,1,13,0,171,0,0,0,2652,0,0,0,181,0,1,0,0,0,0,0,0,0,1,0,0,0,0,0,0,1,0,0,0,1,0,0,0,0,0,0,0,0,0,0,0,0,0,0,0,0,0,0,0,0,0,0,0,0,1,0,0,0,0,0,0,0,0,0,0,0,0,0,0,0,0,0,0,0,0,0,0,0,1,0,0,0,0,0,0
0,0,0,0,0,0,0,0,0,0,0,0,1,0,0,0,0,0,0,0,0,0,0,0,0,0,0,0,0,0,0,0,1,0,0,0,0,0,0,0,0,0,1,0,0,0,347,0,0,0,2204,0,11,0,3857,0,0,0,1533,0,0,0,2,0,2,0,0,0,13,0,0,0,0,0,0,0,0,0,0,0,0,0,3,0,31,0,0,0,795,0,0,0,946,0,144,0,0,0,0,0,0,0,37,0,0,0,0,0,0,0,0,0,0,0,0,0,0,0,0,0,0,0,0,0,0,0,0,0,0,0,0,0,0,0,0,0,0,0,0,0,0,0,0,0,0,0,0,0,0,0,0,0,0,0,0,0,0,0,0,0,0,0,0,0,0,0,0,0,0,0
0,0,0,0,0,0,0,0,0,0,0,0,0,6,0,0,0,0,0,0,0,0,0,0,0,0,0,0,0,0,0,0,0,11,0,0,0,0,0,0,0,10,0,0,0,0,4,375,0,26,4,812,0,44,0,1019,0,0,0,1336,0,1,0,1,0,0,0,0,0,1,2,6,0,0,0,0,0,8,1,2,0,0,0,24,0,126,0,0,0,375,0,0,0,1227,0,130,0,0,0,0,0,0,0,53,0,0,0,0,0,0,1,0,0,0,1,1,0,0,0,0,0,0,0,0,0,0,0,0,0,0,0,0,0,0,0,0,0,0,0,2,0,0,0,2,0,1,0,0,0,0,0,0,0,0,0,0,0,0,0,0,0,0,0,3,0,0,0,0,0,0
0,0,0,0,0,0,0,0,0,0,0,0,11,0,0,0,0,0,0,0,0,0,0,0,0,0,0,0,0,0,0,0,113,0,0,0,0,0,11,0,395,0,1875,0,22,0,112,1,7,0,3671,0,5,0,564,0,1533,0,0,0,0,0,1,0,2,0,0,0,24,0,80,1,0,0,0,0,21,0,5,0,0,0,52,0,385,0,371,0,837,0,594,0,2334,0,554,0,0,0,0,0,11,1,299,0,0,0,0,0,1,0,2,0,1,0,1,13,0,0,0,0,0,0,1,0,0,0,0,0,1,0,0,0,0,0,0,0,0,0,0,0,0,0,0,0,1,0,0,0,1,0,0,0,0,0,0,0,1,0,0,0,1,0,0,1,1,0,2,0,0,0
0,0,0,0,0,1,0,0,0,0,0,2,0,4,0,0,0,1,0,0,0,1,0,0,0,1,0,0,0,0,0,0,0,205,0,0,0,0,5,16,0,1104,0,2418,0,83,21,370,0,13,28,1077,0,36,0,198,0,1336,0,0,0,1,0,0,0,0,0,0,0,0,26,51,0,0,0,1,0,347,0,22,0,0,0,17,0,192,0,585,0,766,0,898,0,1861,0,165,0,0,0,0,1,134,0,494,0,0,0,0,0,0,0,0,0,0,30,1,0,0,0,0,0,0,0,0,0,2,0,0,0,0,0,0,0,0,0,0,0,0,0,17,0,0,0,3,0,8,0,0,0,0,0,0,0,1,0,0,0,1,0,0,0,0,0,7,0,0,0,0,0,0
8099,0,160,0,110,0,121,0,21,0,4,0,1682,0,5,0,0,0,0,0,0,0,0,0,0,0,0,0,1,0,0,0,371,0,0,0,517,25,22,0,4,0,1,0,1,0,0,0,31,0,0,0,7,0,12,0,0,0,0,0,0,0,3579,0,2514,0,1226,0,20,0,1953,2,988,3,139,0,257,1,101,1,0,0,7,0,109,0,3,0,19,0,0,0,0,0,0,0,0,0,0,1,0,0,0,0,0,0,0,1,0,0,3,1,0,0,0,0,0,0,0,0,2,0,0,0,17,0,132,0,42,0,15,0,9,0,103,0,11,0,1,0,2,0,2,0,6,0,3,0,3,0,0,0,0,0,1,0,0,0,9,0,14,0,15,0,17,1,1,0,0,0
0,3958,0,156,0,83,0,164,0,24,0,1,3,1215,0,91,0,0,0,0,0,0,0,0,0,0,0,0,0,0,0,0,2,465,0,0,75,208,10,32,1,5,1,0,0,0,21,3,20,104,2,0,1,122,1,49,0,1,0,1,0,0,1,1976,0,1300,0,2205,0,248,19,492,0,618,0,10,6,230,3,39,0,0,10,8,8,246,0,0,1,70,0,0,0,0,0,0,0,0,0,0,0,1,0,0,0,0,0,0,0,0,1,0,0,0,0,0,0,0,0,0,0,0,0,0,0,0,4,4,3,2,0,0,0,0,0,0,0,0,0,0,0,0,0,0,0,1,0,0,1,0,0,0,0,0,3,4,0,0,1,0,0,0,0,3,0,0,0,0,0,0
187,0,8,0,10,0,4,0,1,0,0,0,28,0,1,0,0,0,0,0,0,0,0,0,0,0,0,0,0,0,0,0,20,3,0,0,105,8,21,0,4,0,0,0,1,0,15,0,428,0,3,0,435,0,429,0,2,0,1,0,3579,1,0,1,1704,1,73,0,429,0,3012,1,74,0,66,0,107,7,72,3,0,0,2,0,23,0,0,0,19,0,0,0,2,0,0,0,0,0,0,0,0,1,0,1,0,0,1,1,2,0,1,4,0,0,0,0,0,0,0,0,1,0,0,0,11,0,127,0,58,0,26,0,7,0,94,0,11,0,0,0,0,0,3,0,9,0,1,0,8,0,0,0,0,0,0,0,0,0,13,0,12,0,22,0,14,0,1,0,0,0
0,222,0,14,0,13,0,20,0,6,0,0,0,2,0,39,0,0,0,0,0,0,0,0,0,0,0,0,0,0,0,0,2,56,0,0,12,44,1,1,0,0,0,0,0,0,1,0,0,79,0,0,0,111,0,1,0,1,0,0,0,1976,1,0,0,264,0,34,0,787,2,1604,0,215,0,2,0,86,1,23,0,0,1,0,0,6,0,0,0,0,0,0,0,1,0,0,0,0,0,0,0,0,0,0,0,0,0,0,0,0,0,0,0,0,0,0,0,0,0,0,0,0,0,0,0,0,1,0,0,0,0,0,0,0,0,0,0,0,0,0,0,0,0,0,0,0,0,0,0,0,0,0,0,0,1,2,0,0,0,0,0,0,0,3,0,0,0,0,0,0
150,1,2,0,4,0,1,0,2,0,0,0,61,0,0,0,0,0,0,0,0,0,0,0,0,0,0,0,0,0,0,0,23,0,0,0,94,10,7,0,2,0,0,0,0,0,6,0,36,0,1,0,126,0,546,0,2,0,2,0,2514,0,1704,0,0,0,1380,0,2805,0,99,0,1,0,15,1,56,3,23,1,0,0,4,0,323,0,0,0,303,0,0,0,1,0,0,0,0,0,0,0,0,0,0,0,0,0,1,0,0,0,0,1,0,0,0,0,0,0,0,0,0,0,0,0,3,0,40,0,19,1,4,0,7,0,34,0,5,0,0,0,0,0,0,0,2,0,4,0,4,0,0,0,0,0,0,0,0,0,5,0,2,0,9,0,6,0,0,0,0,0
0,115,0,6,0,6,0,4,0,0,0,0,0,3,0,4,0,0,0,0,0,0,0,0,0,0,0,0,0,0,0,0,1,13,0,0,0,24,10,37,0,1,0,0,0,0,18,3,11,89,7,1,3,82,0,37,0,0,0,0,0,1300,1,264,0,0,0,1348,0,909,21,68,0,6,0,0,0,23,0,1,0,0,0,10,1,174,0,0,0,49,0,0,0,0,0,0,0,0,0,0,0,0,0,0,0,0,0,0,0,0,0,0,0,0,0,0,0,0,0,0,0,0,0,0,0,0,0,0,0,0,0,0,0,0,0,0,0,0,0,0,0,0,0,0,0,0,0,0,0,0,0,0,0,0,0,0,0,0,0,0,0,0,0,0,0,0,0,0,0,0
170,0,0,0,4,0,3,0,1,0,0,0,518,0,1,0,0,0,0,0,0,0,0,0,0,0,0,0,0,0,0,0,27,0,0,0,61,7,1,0,1,0,0,0,0,0,0,0,13,0,0,0,3,0,12,0,0,0,0,0,1226,0,73,0,1380,0,0,0,626,0,56,1,2,1,10,0,85,1,52,0,0,0,1,0,767,0,1,0,308,0,0,0,0,0,0,0,0,0,0,1,0,1,0,0,0,0,1,1,0,0,0,0,0,0,0,0,0,0,0,0,0,0,0,0,6,0,68,0,11,0,12,0,5,0,37,0,2,0,0,0,1,0,1,0,2,0,0,0,2,0,0,0,0,0,0,0,0,0,3,1,8,0,10,0,8,0,0,0,0,0
0,933,0,28,0,58,0,32,0,1,0,0,1,1006,0,16,0,0,0,0,0,0,0,0,0,0,0,0,0,0,0,0,5,167,0,0,12,97,20,69,0,2,0,0,0,0,59,8,21,108,22,0,7,74,0,28,0,0,0,0,0,2205,0,34,0,1348,0,0,0,296,27,114,0,9,1,1,3,95,0,20,0,0,10,17,13,978,0,0,2,76,0,0,0,1,0,0,0,0,0,0,1,0,0,0,0,0,0,0,0,0,0,0,0,0,0,0,0,0,0,0,0,0,0,0,0,0,2,0,0,1,0,0,0,0,0,0,0,0,0,0,0,0,1,0,0,0,0,0,0,0,0,0,0,0,0,3,0,0,0,1,0,0,0,1,0,0,0,0,0,0
2,0,0,0,0,0,0,0,0,0,0,0,15,0,0,0,0,0,0,0,0,0,0,0,0,0,0,0,0,0,0,0,1,0,0,0,8,2,0,0,0,0,0,0,0,0,24,0,35,1,22,0,120,0,2467,0,13,0,24,0,20,0,429,0,2805,0,626,0,0,0,43,0,0,0,0,0,4,2,3,0,0,0,2,0,356,0,0,0,1974,0,0,0,51,0,0,0,0,0,0,0,0,0,0,0,0,0,0,0,0,0,0,0,0,0,0,0,0,0,0,0,0,0,0,0,0,0,2,0,4,0,0,0,0,0,0,0,0,0,0,0,0,0,0,0,0,0,0,0,0,0,0,0,0,0,0,0,0,0,0,0,0,0,0,0,0,0,0,0,0,0
0,63,0,0,0,4,0,4,0,1,0,0,0,1,0,4,0,0,0,0,0,0,0,0,0,0,0,0,0,0,0,0,0,17,0,0,3,13,1,33,0,2,0,0,0,0,25,11,6,76,24,1,1,643,1,1526,0,1,0,0,0,248,0,787,0,909,0,296,0,0,28,135,0,9,0,0,1,28,0,6,0,0,0,7,0,761,0,0,0,733,0,0,0,1,0,0,0,0,0,0,0,0,1,0,0,0,0,0,1,0,0,0,0,0,0,0,0,0,0,0,0,0,0,0,0,0,0,0,0,1,0,0,0,0,0,0,0,0,0,0,0,0,0,0,0,0,0,0,0,0,0,0,0,0,0,0,0,0,0,0,0,0,1,0,0,0,0,0,0,0
510,3,45,1,16,2,7,2,2,0,0,0,59,1,9,0,0,0,0,0,0,0,0,0,0,0,0,0,0,0,0,0,72,24,0,0,1940,51,1314,43,28,55,17,4,0,0,1191,125,1910,41,595,131,551,12,93,4,0,2,80,26,1953,19,3012,2,99,21,56,27,43,28,0,193,1182,2,213,0,206,51,138,12,0,0,33,50,69,90,1,0,10,61,1,0,3,1,0,0,0,0,1,0,4,0,6,3,0,0,1,0,2,1,3,8,0,0,0,7,0,0,0,0,0,0,0,0,25,0,239,1,113,3,46,0,7,0,181,0,28,0,2,0,0,0,3,0,37,1,8,0,18,0,0,0,0,0,0,0,0,0,20,0,26,0,25,6,37,1,1,0,1,0
1,467,0,70,0,47,0,46,0,15,0,0,1,29,0,248,0,0,0,0,0,0,0,0,0,0,0,0,0,0,0,0,3,114,0,0,105,1427,34,715,13,15,5,19,0,0,97,1297,15,2133,259,682,4,375,1,61,0,6,1,51,2,492,1,1604,0,68,1,114,0,135,193,0,0,786,2,5,1,334,2,85,0,0,4,68,2,229,0,0,2,182,0,0,0,6,0,0,0,0,0,0,35,3,0,1,0,0,0,0,0,0,0,1,0,0,100,1,0,0,0,0,0,0,0,0,0,0,1,5,1,11,0,0,0,0,2,0,0,0,0,0,0,0,0,0,1,2,0,0,0,0,0,0,0,0,2,1,0,0,0,0,0,0,1,15,0,0,0,0,0,0
1020,0,112,0,55,0,49,0,40,0,0,0,9,0,1283,12,0,0,0,0,0,0,0,0,0,0,0,0,0,0,0,0,23,0,0,0,1160,6,53,0,0,0,0,0,0,0,0,0,0,0,0,0,2,0,0,0,0,0,0,0,988,0,74,0,1,0,2,0,0,0,1182,0,0,17,82,0,88,0,13,0,0,0,1,0,0,0,2,0,0,0,0,0,0,0,0,0,0,0,0,0,0,0,0,0,0,0,1,0,0,0,0,0,0,0,0,0,0,0,0,0,0,0,0,0,25,0,24,0,5,0,2,0,3,0,45,0,9,0,0,0,0,0,0,0,0,0,2,0,1,0,0,0,0,0,6,0,0,0,0,0,0,0,6,0,1,0,0,0,0,0
1,859,0,191,0,40,0,40,0,9,0,0,0,14,1,637,0,0,0,1,0,0,0,0,0,0,0,0,0,0,0,0,1,21,0,0,218,309,0,1,0,0,0,0,0,0,0,0,0,23,0,0,0,7,0,1,0,0,0,0,3,618,0,215,0,6,1,9,0,9,2,786,17,0,2,0,1,81,0,28,0,0,1,0,0,3,0,0,0,0,0,0,0,0,0,0,0,0,0,0,0,0,0,0,0,0,1,0,0,0,0,0,0,0,0,0,0,0,0,0,0,0,0,0,0,0,0,2,0,2,0,1,0,0,0,0,1,0,0,0,0,0,0,0,0,0,0,0,0,0,0,0,0,0,5,4,0,0,0,0,0,0,0,2,0,0,0,0,0,0
203,0,73,0,31,1,4,1,20,0,13,2,6,0,77,4,120,265,11,11,31,6,54,0,16,1,4,0,29,0,3,0,60,4,0,0,487,60,8,0,28,0,0,0,14,0,0,0,7,1,0,0,1,1,2,0,0,0,0,0,139,0,66,0,15,0,10,1,0,0,213,2,82,2,0,5,419,2,77,3,0,0,4,0,0,0,1,0,1,0,0,0,1,0,0,0,0,0,0,0,0,1,0,0,0,0,0,0,1,0,0,4,0,0,0,0,0,0,0,0,9,0,16,0,44,0,169,1,195,1,15,0,4,0,239,0,10,0,0,0,2,0,14,0,175,0,22,0,70,0,16,115,5,6,98,8,200,2,3,0,2,0,8,1,8,1,0,0,1,0
0,1,6,16,1,14,0,9,0,17,0,33,0,0,0,6,3,167,0,22,1,148,2,30,0,33,0,13,0,40,0,0,1,254,0,0,5,32,0,2,5,52,0,0,0,10,1,0,0,0,0,0,0,0,0,0,0,0,0,1,0,10,0,2,1,0,0,1,0,0,0,5,0,0,5,0,1,4672,1,2565,0,0,1,0,0,0,0,20,0,2,0,0,0,2,0,0,0,0,0,2,0,7,0,0,0,0,0,2,1,0,8,13,3,0,0,0,0,0,0,0,0,29,0,2,0,363,0,1138,0,980,0,156,0,0,0,43,0,33,1,11,0,6,0,8,1,29,0,33,0,128,1,27,0,13,1,12,6,360,0,5,0,11,0,637,1,16,0,0,1,0
259,3,384,4,222,2,116,1,272,0,170,1,191,1,225,0,664,1,23,6,8,2,69,0,46,0,3,0,119,0,16,0,2962,5,0,0,243,10,34,0,898,1,19,0,782,0,3,0,71,2,2,0,14,1,9,0,0,0,21,0,257,6,107,0,56,0,85,3,4,1,206,1,88,1,419,1,0,18,1513,13,0,0,46,0,79,1,348,0,34,0,15,0,74,0,0,1,0,0,1,1,2,1,1,0,0,0,2,1,0,0,8,10,3,0,0,0,0,0,0,0,0,15,1,0,71,0,60,3,53,3,15,0,12,0,127,0,8,1,45,0,4,0,6,0,50,0,3,0,13,0,4,1,10,7,147,49,777,2,9,0,23,0,61,7,20,2,1,1,5,0
0,159,13,151,3,296,0,103,1,207,1,149,7,62,1,213,2,466,0,53,1,80,3,148,0,160,0,37,2,111,0,0,15,2764,0,0,127,870,26,54,1,1524,0,16,0,560,64,9,43,143,26,0,9,42,3,8,0,8,0,347,1,230,7,86,3,23,1,95,2,28,51,334,0,81,2,4672,18,0,7,826,0,0,21,44,18,214,0,492,2,374,0,5,1,350,0,0,0,0,0,1,0,3,1,0,0,0,0,0,1,0,0,1,0,0,0,0,0,0,0,0,0,0,0,0,0,46,7,16,4,19,2,1,0,0,4,1,1,0,0,107,0,11,0,26,0,56,0,0,1,7,1,11,0,50,64,250,0,1227,0,0,4,4,0,46,1,2,0,0,0,0
62,2,83,1,38,0,14,0,48,0,11,0,62,1,73,0,17,0,3,0,0,0,0,0,0,0,0,0,3,0,0,0,267,3,0,0,95,12,26,1,371,0,8,0,246,0,5,0,71,1,2,0,16,0,11,0,0,1,5,0,101,3,72,1,23,0,52,0,3,0,138,2,13,0,77,1,1513,7,0,7,0,0,12,0,26,0,14,0,6,0,2,0,7,0,0,0,0,0,1,2,2,3,1,3,0,1,0,2,3,1,14,14,2,0,0,1,0,0,0,0,2,36,0,0,160,0,79,1,68,3,15,0,30,0,197,0,14,0,24,0,4,0,10,0,15,0,2,0,12,0,1,0,0,1,36,12,361,0,27,1,84,0,388,2,60,2,4,0,1,0
0,27,0,7,0,24,0,13,0,26,0,0,1,21,0,37,0,4,0,1,0,1,0,0,0,0,0,0,0,0,0,0,11,62,0,0,47,345,15,22,2,708,0,0,0,51,14,4,23,36,4,0,2,8,0,1,0,2,0,22,1,39,3,23,1,1,0,20,0,6,12,85,0,28,3,2565,13,826,7,0,0,0,26,8,13,11,0,9,2,13,0,0,0,31,0,0,0,0,0,0,0,2,0,1,0,0,0,0,0,0,4,8,1,0,0,0,0,0,0,0,0,0,0,2,0,185,5,108,8,77,0,10,0,0,0,10,0,9,1,87,0,8,1,8,1,33,0,1,0,23,0,0,0,0,7,33,1,93,1,2,1,9,2,410,0,2,0,0,0,0
0,0,0,0,0,0,0,0,0,0,0,0,0,0,0,0,0,0,0,0,0,0,0,0,0,0,0,0,0,0,0,0,0,0,0,0,0,0,0,0,0,0,0,0,0,0,0,0,0,0,0,0,0,0,0,0,0,0,0,0,0,0,0,0,0,0,0,0,0,0,0,0,0,0,0,0,0,0,0,0,0,0,0,0,0,0,0,0,0,0,0,0,0,0,0,0,0,0,0,0,0,0,0,0,0,0,0,0,0,0,0,0,0,0,0,0,0,0,0,0,0,0,0,0,0,0,0,0,0,0,0,0,0,0,0,0,0,0,0,0,0,0,0,0,0,0,0,0,0,0,0,0,0,0,0,0,0,0,0,0,0,0,0,0,0,0,0,0,0,0
0,0,0,0,0,0,0,0,0,0,0,0,0,0,0,0,0,0,0,0,0,0,0,0,0,0,0,0,0,0,0,0,0,0,0,0,0,0,0,0,0,0,0,0,0,0,0,0,0,0,0,0,0,0,0,0,0,0,0,0,0,0,0,0,0,0,0,0,0,0,0,0,0,0,0,0,0,0,0,0,0,0,0,0,0,0,0,0,0,0,0,0,0,0,0,0,0,0,0,0,0,0,0,0,0,0,0,0,0,0,0,0,0,0,0,0,0,0,0,0,0,0,0,0,0,0,0,0,0,0,0,0,0,0,0,0,0,0,0,0,0,0,0,0,0,0,0,0,0,0,0,0,0,0,0,0,0,0,0,0,0,0,0,0,0,0,0,0,0,0
5,5,0,0,0,0,0,0,0,0,0,0,317,0,0,0,0,0,0,0,0,0,0,0,0,0,0,0,0,0,0,0,54,3,0,0,8,4,52,1,16,1,22,0,0,0,9,0,90,2,18,0,20,0,32,1,3,0,52,0,7,10,2,1,4,0,1,10,2,0,33,4,1,1,4,1,46,21,12,26,0,0,0,1,951,0,7,0,74,1,0,0,11,0,2,0,0,0,0,0,0,0,3,0,0,0,0,0,0,0,0,0,0,0,0,0,0,0,0,0,0,0,0,0,1,0,1,0,2,1,0,0,0,0,0,0,0,0,0,0,0,0,0,0,0,0,1,0,1,0,0,0,0,0,0,0,0,0,1,0,2,0,0,1,1,0,0,0,0,0
0,6,0,0,0,0,0,2,0,0,0,0,0,54,0,0,0,0,0,0,0,0,0,0,0,0,0,0,0,0,0,0,0,132,0,0,0,4,10,30,0,88,0,0,0,0,64,29,9,33,66,1,0,15,0,13,0,24,0,17,0,8,0,0,0,10,0,17,0,7,50,68,0,0,0,0,0,44,0,8,0,0,1,0,1,1277,0,26,0,192,0,1,0,81,0,0,0,0,0,0,0,0,0,0,0,0,0,0,0,0,1,0,0,0,2,0,0,0,0,0,0,0,0,1,0,0,0,1,0,2,0,0,0,0,0,0,0,0,0,1,0,0,0,1,0,10,0,0,0,2,0,0,0,0,0,0,0,0,0,0,0,0,0,1,0,0,0,0,0,0
7,4,0,0,0,2,0,0,1,0,0,0,984,3,0,0,0,0,0,0,0,0,0,0,0,0,0,0,0,0,0,0,348,6,0,0,13,9,63,2,371,0,46,0,0,0,33,0,104,3,92,0,52,2,150,0,31,0,385,0,109,8,23,0,323,1,767,13,356,0,69,2,0,0,0,0,79,18,26,13,0,0,951,1,0,0,1273,0,3599,1,2,0,846,0,0,0,0,0,1,1,0,1,7,0,0,1,1,0,0,0,2,5,2,0,0,0,0,0,0,0,0,0,0,0,1,0,9,1,7,2,2,0,0,0,2,0,0,0,4,0,1,0,7,0,22,0,1,0,1,0,0,0,0,0,0,0,0,0,7,0,2,0,2,3,5,0,2,0,1,0
0,140,0,17,0,3,0,3,0,0,0,0,0,573,0,1,0,0,0,0,0,0,1,0,0,0,0,0,0,0,0,0,0,452,0,0,4,11,16,98,1,221,2,1,0,3,148,171,20,85,210,16,3,56,0,171,0,126,0,192,0,246,0,6,0,174,0,978,0,761,90,229,0,3,0,0,1,214,0,11,0,0,0,1277,0,0,0,1826,0,4821,0,10,0,427,0,0,0,0,0,0,0,0,0,2,0,0,0,0,0,0,0,0,0,0,3,1,0,0,0,0,0,0,0,0,0,0,0,0,0,1,0,0,0,0,0,0,0,0,0,7,0,0,0,0,0,3,0,1,0,0,0,0,0,0,0,0,0,0,1,0,0,0,0,4,0,0,0,0,0,0
6,0,5,0,3,0,2,0,10,0,45,0,74,0,3,0,0,0,0,0,1,0,0,0,5,0,0,0,58,0,1,0,760,0,0,0,1,0,0,0,821,0,188,0,1360,0,0,0,1,0,0,0,1,0,0,0,0,0,371,0,3,0,0,0,0,0,1,0,0,0,1,0,2,0,1,0,348,0,14,0,0,0,7,0,1273,0,0,0,350,0,1420,0,627,0,0,0,0,0,0,0,0,0,0,0,0,0,0,1,0,0,0,0,0,0,0,0,0,0,0,0,0,0,0,0,0,0,0,0,0,0,0,0,0,0,0,0,0,0,15,0,0,0,0,0,2,0,0,0,0,0,0,0,0,0,0,0,0,0,0,0,0,0,0,0,0,0,1,0,0,0
0,0,0,8,0,8,0,0,0,1,0,3,0,17,0,0,0,11,0,7,0,20,1,20,0,7,0,1,0,5,0,0,0,76,0,0,0,0,0,0,0,729,0,1022,0,1738,0,0,0,0,0,0,0,0,0,0,0,0,0,585,0,0,0,0,0,0,0,0,0,0,0,0,0,0,0,20,0,492,0,9,0,0,0,26,0,1826,0,0,0,705,0,2029,0,489,0,0,0,0,0,0,0,0,0,0,0,0,0,0,0,0,0,0,0,0,0,0,0,0,0,0,0,0,0,0,0,2,0,0,0,0,0,0,0,0,0,0,0,0,0,0,0,0,0,0,0,0,0,0,0,0,0,0,0,5,0,1,0,13,0,0,0,0,0,0,0,0,0,0,1,0
0,0,0,0,0,0,0,0,0,0,0,0,60,2,0,0,1,0,0,0,0,0,0,0,0,0,0,0,0,0,0,0,149,0,0,0,4,3,12,1,149,0,21,0,4,0,68,1,34,3,308,0,39,0,2838,0,795,0,837,0,19,1,19,0,303,0,308,2,1974,0,10,2,0,0,1,0,34,2,6,2,0,0,74,0,3599,0,350,0,0,0,153,0,6052,0,7,0,0,0,0,0,0,1,9,0,0,0,0,1,0,0,1,0,0,0,1,1,0,0,0,0,0,0,0,0,0,0,1,0,4,0,1,0,0,0,0,0,0,0,1,0,0,0,0,0,3,0,0,0,1,0,0,0,0,0,0,0,0,0,1,0,0,0,0,1,0,0,0,0,0,0
0,9,0,1,0,1,0,1,0,0,0,0,1,45,0,0,0,3,0,0,0,0,0,2,0,0,0,0,0,0,0,0,0,398,0,0,13,6,9,64,1,459,4,6,0,41,80,480,3,158,166,62,0,234,0,2652,0,375,0,766,0,70,0,0,0,49,0,76,0,733,61,182,0,0,0,2,0,374,0,13,0,0,1,192,1,4821,0,705,0,0,0,632,0,6020,0,9,0,0,0,0,0,1,0,2,0,0,0,0,0,0,0,1,0,0,8,0,0,0,0,0,0,0,0,0,0,1,0,0,0,4,0,0,0,0,0,0,0,0,0,6,0,0,0,2,0,8,0,0,0,0,0,0,0,0,0,0,0,1,0,0,0,0,0,13,0,0,0,0,0,0
0,0,0,0,1,0,0,0,2,0,1,0,0,0,0,0,0,0,0,0,0,0,0,0,0,0,0,0,0,0,0,0,17,0,0,0,0,0,0,0,147,0,95,0,23,0,0,0,0,0,0,0,0,0,0,0,0,0,594,0,0,0,0,0,0,0,0,0,0,0,1,0,0,0,0,0,15,0,2,0,0,0,0,0,2,0,1420,0,153,0,0,0,2536,0,0,0,0,0,0,0,0,0,0,0,0,0,0,0,0,0,0,0,0,0,0,0,0,0,0,0,0,0,0,0,0,0,0,0,1,0,0,0,0,0,0,0,0,0,0,0,0,0,0,0,0,0,0,0,0,0,0,0,0,0,0,0,0,0,0,0,0,0,0,0,0,0,0,0,0,0
0,0,0,0,0,0,0,0,0,0,0,1,0,1,0,0,0,1,0,0,0,0,0,0,0,0,0,0,0,0,0,0,0,2,0,0,0,0,0,0,0,89,0,201,0,81,0,0,0,0,0,0,0,0,0,0,0,0,0,898,0,0,0,0,0,0,0,0,0,0,0,0,0,0,0,0,0,5,0,0,0,0,0,1,0,10,0,2029,0,632,0,0,0,1188,0,0,0,0,0,0,0,0,0,0,0,0,0,0,0,0,0,0,0,0,0,0,0,0,0,0,0,0,0,0,0,0,0,0,0,0,0,0,0,0,0,0,0,0,0,0,0,0,0,0,0,0,0,0,0,0,0,0,0,0,0,0,0,1,0,0,0,0,0,0,0,0,0,0,0,0
0,0,1,0,0,0,0,0,1,0,0,0,6,0,0,0,0,0,0,0,0,0,0,0,0,0,0,0,0,0,0,0,304,0,0,0,0,0,0,0,251,0,134,0,5,0,8,0,2,0,97,0,4,0,847,0,946,0,2334,0,0,0,2,0,1,0,0,0,51,0,3,0,0,0,1,0,74,1,7,0,0,0,11,0,846,0,627,0,6052,0,2536,0,0,0,4,0,0,0,0,0,0,1,6,0,0,0,0,0,2,0,3,0,0,0,0,1,0,0,0,0,0,0,0,0,0,0,0,0,2,1,1,0,0,1,0,0,0,0,3,1,1,0,0,0,12,0,0,0,1,0,0,0,0,0,0,0,0,0,2,0,2,0,2,1,1,0,0,0,0,0
0,0,0,0,0,0,0,0,0,0,0,1,0,22,0,0,0,1,0,0,0,1,0,0,0,0,0,0,0,0,0,0,0,229,0,0,0,1,0,2,0,604,0,110,0,46,1,42,0,9,2,13,0,7,0,181,0,1227,0,1861,0,0,0,1,0,0,0,1,0,1,1,6,0,0,0,2,0,350,0,31,0,0,0,81,0,427,0,489,0,6020,0,1188,0,0,0,3,0,0,0,0,0,3,0,7,0,0,0,2,0,0,5,2,0,0,0,0,0,0,0,0,0,0,0,0,0,0,0,0,0,0,0,0,0,0,0,1,0,0,0,28,0,1,0,8,0,12,0,0,0,0,0,0,0,0,0,0,1,3,0,0,0,0,0,18,0,0,0,0,0,0
0,0,0,0,0,0,0,0,0,0,0,0,0,0,0,0,0,0,0,0,0,0,0,0,0,0,0,0,0,0,0,0,0,0,0,0,0,0,0,0,0,0,0,0,0,0,7,0,0,0,122,0,0,0,16,0,144,0,554,0,0,0,0,0,0,0,0,0,0,0,0,0,0,0,0,0,0,0,0,0,0,0,2,0,0,0,0,0,7,0,0,0,4,0,0,5,3267,5,2,2,174,3,3650,15,234,4,518,9,21,0,1,0,3,0,2,88,58,86,23,1,0,0,0,0,0,0,0,0,1,0,0,0,0,0,0,0,0,0,0,0,0,0,0,0,0,0,0,0,0,0,0,0,0,0,0,0,0,0,1,0,0,0,0,0,0,0,0,0,0,0
0,0,0,0,0,0,0,0,0,0,0,0,0,0,0,0,0,0,0,0,0,0,0,0,0,0,0,0,0,0,0,0,0,0,0,0,0,0,0,1,0,0,0,0,0,0,2,30,0,3,0,236,0,0,0,1,0,130,0,165,0,0,0,0,0,0,0,0,0,0,0,0,0,0,0,0,1,0,0,0,0,0,0,0,0,0,0,0,0,9,0,0,0,3,5,0,36,6710,1,252,2,401,7,4635,2,418,16,753,0,41,1,6,7,7,29,66,332,49,13,0,0,0,0,0,0,0,0,1,2,3,0,0,0,0,0,1,0,0,1,0,0,0,0,3,1,0,0,0,0,1,0,0,0,0,0,0,0,0,0,0,0,0,0,0,1,3,0,3,3,0
0,0,0,0,0,0,0,0,0,0,0,0,0,0,0,0,0,0,0,0,0,0,0,0,0,0,0,0,0,0,0,0,0,0,0,0,0,0,0,0,0,0,1,0,0,0,0,0,0,0,0,0,0,0,0,0,0,0,0,0,0,0,0,0,0,0,0,0,0,0,0,0,0,0,0,0,0,0,0,0,0,0,0,0,0,0,0,0,0,0,0,0,0,0,3267,36,0,579,0,0,76,2,481,26,170,15,265,22,4,2,0,0,0,1,3,22,156,199,16,0,0,0,0,0,0,0,0,0,0,0,0,0,0,0,0,0,0,0,0,0,0,0,0,0,0,0,0,0,0,0,0,0,0,0,0,0,0,0,0,0,0,0,0,0,1,0,0,0,0,0
0,0,0,0,0,0,0,0,0,0,0,0,0,0,0,0,0,0,0,0,0,0,0,0,0,0,0,0,0,0,0,0,0,0,0,0,0,0,0,0,1,0,0,0,0,0,0,0,0,0,0,0,0,0,0,0,0,0,0,0,0,0,0,0,0,0,0,0,0,0,0,0,0,0,0,0,0,0,0,0,0,0,0,0,0,0,0,0,0,0,0,0,0,0,5,6710,579,0,1,239,2,257,6,1433,4,652,9,644,1,33,1,2,12,4,25,45,305,84,20,0,0,0,0,0,0,0,0,2,2,4,1,0,0,0,0,2,0,1,2,0,0,0,0,0,1,0,0,0,0,0,0,0,0,0,0,0,0,0,0,0,0,0,0,1,3,1,0,4,10,1
0,0,0,0,0,0,0,0,0,0,0,0,0,0,0,0,0,0,0,0,0,0,0,0,0,0,0,0,0,0,0,0,0,0,0,0,1,0,1,0,10,1,29,0,0,0,0,0,0,0,19,0,0,0,1,0,0,0,0,0,0,0,0,0,0,0,0,0,0,0,1,0,0,0,0,0,1,0,1,0,0,0,0,0,1,0,0,0,0,0,0,0,0,0,2,1,0,1,0,11,250,7,52,1,2,1,287,13,966,22,184,40,142,145,56,23,8,23,44,194,0,0,0,0,0,0,3,2,7,7,0,1,0,0,2,1,0,0,5,0,5,1,9,0,5,0,1,0,0,1,0,0,0,0,0,0,0,0,13,1,2,0,0,1,6,4,29,1,14,1
0,0,0,0,0,0,0,0,0,0,0,0,0,0,0,0,0,0,0,0,0,0,0,0,0,0,0,0,0,0,0,0,0,0,0,0,0,0,0,0,7,0,7,3,0,0,0,0,0,0,0,0,0,0,0,0,0,0,0,0,1,0,0,0,0,0,1,0,0,0,0,0,0,0,0,2,1,1,2,0,0,0,0,0,1,0,0,0,0,0,0,0,0,0,2,252,0,239,11,0,38,1072,11,447,1,197,11,655,9,131,18,58,69,227,194,35,8,34,84,10,0,1,0,4,0,3,2,17,5,64,2,11,1,1,1,19,0,2,2,0,3,25,1,100,0,43,0,10,1,17,0,0,0,0,0,0,0,0,0,2,0,0,0,2,8,24,1,4,259,3
0,0,0,0,0,0,0,0,0,0,0,0,0,0,0,0,0,0,0,0,0,0,0,0,0,0,0,0,0,0,0,0,2,0,0,0,0,0,1,0,19,5,47,20,0,0,20,0,1,0,442,46,0,0,0,0,0,0,11,1,0,0,0,0,0,0,0,1,0,0,4,35,0,0,0,0,2,0,2,0,0,0,0,0,0,0,0,0,0,0,0,0,0,0,174,2,76,2,250,38,0,55,685,8,39,4,3612,46,1237,22,1080,42,24,95,1467,85,23,107,175,40,0,0,0,0,0,1,1,2,18,3,0,0,3,0,3,3,1,0,5,0,5,0,6,0,10,0,0,0,0,2,0,0,0,0,0,0,0,0,5,0,5,0,0,2,10,6,20,1,19,1
1,0,0,0,0,0,0,0,0,0,0,0,0,0,0,0,0,0,0,0,0,0,0,0,0,0,0,0,0,0,0,0,1,0,0,0,0,0,0,0,17,5,6,40,0,0,1,23,0,3,2,696,0,0,0,0,0,0,1,134,0,1,1,0,0,0,1,0,0,0,0,3,0,0,1,7,1,3,3,2,0,0,0,0,1,0,0,0,1,1,0,0,1,3,3,401,2,257,7,1072,55,0,14,1885,0,128,17,779,2,131,37,23,58,85,882,357,55,52,49,27,0,1,1,0,0,7,2,12,6,26,0,3,0,0,0,8,0,2,0,1,4,2,0,4,1,6,1,0,1,4,0,0,0,0,0,0,0,0,3,4,2,0,2,6,2,10,0,3,8,0
0,0,0,0,0,0,0,0,0,0,0,0,0,0,0,0,0,0,0,0,0,0,0,0,0,0,0,0,0,0,0,0,1,0,0,0,0,0,3,0,5,0,4,0,0,0,65,1,0,0,1736,0,3,0,23,0,37,0,299,0,0,0,0,0,0,0,0,0,0,1,6,0,0,0,0,0,1,1,1,0,0,0,3,0,7,0,0,0,9,0,0,0,6,0,3650,7,481,6,52,11,685,14,0,45,469,7,2877,32,125,1,31,2,3,4,32,1063,128,157,33,5,0,0,0,0,0,0,0,0,1,1,0,0,0,0,0,0,0,0,0,0,0,0,1,0,1,1,0,0,0,0,0,0,0,0,0,0,0,0,1,0,0,0,0,0,2,1,0,0,3,0
0,0,0,0,0,0,0,0,0,0,0,0,0,0,0,0,0,0,0,0,0,0,0,0,0,0,0,0,0,0,0,0,0,0,0,0,1,1,0,0,3,3,2,0,0,0,64,35,0,1,0,319,1,0,0,1,0,53,0,494,0,0,1,0,0,0,0,0,0,0,3,1,0,0,0,0,0,0,3,1,0,0,0,0,0,2,0,0,0,2,0,0,0,7,15,4635,26,1433,1,447,8,1885,45,0,3,274,59,1144,2,156,8,24,84,23,152,1513,1113,144,29,1,0,0,0,2,0,2,0,10,11,18,4,2,2,0,4,13,0,0,3,0,0,5,4,0,0,1,0,1,1,2,0,0,0,0,0,0,0,0,6,3,1,1,0,5,6,8,3,1,19,0
0,0,0,0,0,0,0,0,0,0,0,0,0,0,0,0,0,0,0,0,0,0,0,0,0,0,0,0,0,0,0,0,0,0,0,0,0,0,0,0,0,0,1,0,0,0,0,0,0,0,0,0,0,0,0,0,0,0,0,0,0,0,0,0,0,0,0,0,0,0,0,0,0,0,0,0,0,0,0,0,0,0,0,0,0,0,0,0,0,0,0,0,0,0,234,2,170,4,2,1,39,0,469,3,0,3,80,8,1,0,4,0,0,0,1,10,10,43,2,0,0,0,0,0,0,0,0,0,0,0,0,0,0,0,0,0,0,0,0,0,0,0,0,0,0,0,0,0,0,0,0,0,0,0,0,0,0,0,0,0,0,0,0,0,0,0,0,0,0,0
0,0,0,0,0,0,0,0,0,0,0,0,0,0,0,0,0,0,0,0,0,0,0,0,0,0,0,0,0,0,0,0,0,0,0,0,0,0,0,0,0,0,2,0,0,0,0,0,0,0,0,0,0,0,0,0,0,0,0,0,0,0,0,0,0,0,0,0,0,0,0,0,0,0,0,0,0,0,1,0,0,0,0,0,1,0,0,0,0,0,0,0,0,0,4,418,15,652,1,197,4,128,7,274,3,0,15,503,4,29,3,2,20,2,13,20,49,30,3,2,0,0,0,0,0,0,1,3,1,2,2,2,0,0,1,1,0,0,2,0,1,0,2,2,2,1,0,0,1,2,0,0,0,0,0,0,0,0,2,0,2,0,0,0,2,4,1,1,18,3
