0,0,1308,0,2315,0,1438,0,255,0,0,0,353,0,653,0,0,0,7,0,0,0,0,0,0,0,0,0,0,0,0,0,215,0,0,0,1263,148,33,0,1,0,0,0,0,0,1,0,7,0,0,0,12,0,21,0,0,0,0,0,4100,0,300,0,301,0,135,0,25,0,143,0,572,0,421,0,164,0,23,0,0,0,2,0,13,0,0,0,16,0,0,0,0,0,0,0,0,0,0,1,0,0,0,0,0,0,0,0,0,0,0,0,0,0,0,0,0,0,0,0,22,0,73,0,17,0,171,0,30,0,7,0,1,0,166,19,15,0,0,0,0,0,0,0,120,3,14,0,9,0,0,0,0,0,46,4,0,0,0,0,0,0,1,0,3,0,1,0,0,0
0,0,0,1120,0,2466,0,1419,0,121,0,0,0,770,0,1901,0,0,0,9,0,0,0,0,0,0,0,0,0,0,0,0,0,495,0,0,1,554,1,2,1,1,2,0,0,0,2,0,0,10,0,0,0,6,0,15,0,2,0,0,0,3401,0,139,0,212,0,241,0,102,12,292,2,849,0,140,0,386,0,169,0,0,0,3,0,40,0,0,0,25,0,0,0,0,0,0,0,0,0,0,0,0,0,0,0,0,0,0,0,0,0,0,0,0,0,0,0,0,0,0,0,0,0,0,0,1,0,58,0,40,0,5,0,0,0,1,0,1,0,0,0,0,0,2,0,5,0,2,0,6,0,0,0,1,2,22,0,0,0,0,0,0,0,5,0,0,0,0,0,0
1308,0,0,9,6533,0,172,1,334,2,395,0,9,0,1935,0,54,3,3752,14,667,1,186,0,93,0,268,0,172,0,24,0,483,4,0,0,1135,188,26,0,1,0,0,0,0,0,0,0,4,0,0,0,1,0,0,0,0,0,0,0,54,0,60,0,9,0,4,0,1,0,32,0,136,0,1476,40,399,3,48,1,0,0,0,0,0,0,0,0,0,0,0,0,0,0,0,0,0,0,0,0,0,0,0,0,0,0,0,0,0,0,0,0,0,1,0,0,0,0,0,0,19,0,11,0,47,0,80,0,9,0,5,0,3,0,90,32,3,0,0,0,0,0,0,0,70,0,3,0,3,0,17,1,430,55,1284,568,40,2,1,0,0,0,0,0,0,0,0,0,0,0
0,1120,9,0,0,5587,0,102,0,329,0,443,0,5,0,5303,2,38,3,5382,14,228,4,53,0,159,0,282,0,22,0,1,0,318,0,0,1,729,0,0,0,2,0,0,0,2,0,0,0,1,0,1,0,2,0,2,0,0,0,0,0,64,0,17,0,9,0,8,0,7,3,37,0,79,3,320,2,476,0,114,0,0,0,0,0,1,0,0,0,1,0,0,0,0,0,0,0,0,0,0,0,0,0,0,0,0,0,0,0,0,0,0,0,0,0,0,0,0,0,0,0,0,0,0,0,3,0,15,0,3,0,1,0,0,0,0,0,0,0,0,0,0,0,0,0,2,0,0,0,0,28,33,21,591,22,283,2,11,0,0,0,0,0,4,0,0,0,0,0,0
2315,0,6533,0,0,0,673,0,3509,0,1162,0,22,0,29,0,14,1,56,2,86,0,50,0,20,0,160,0,93,0,180,0,920,0,0,0,86,68,1,0,2,0,0,0,0,0,0,0,0,0,3,0,0,0,0,0,0,0,0,0,23,0,1,0,4,0,1,0,1,0,1,0,1,0,1033,3,371,0,57,0,0,0,0,0,0,0,0,0,0,0,0,0,0,0,0,0,0,0,0,0,0,0,0,0,0,0,0,0,0,0,0,0,0,0,0,0,0,0,0,0,33,0,8,0,40,0,84,0,6,0,5,0,2,0,99,22,6,0,0,0,1,0,1,0,76,0,2,0,6,0,0,0,25,12,233,142,12,0,0,0,1,0,0,0,3,0,0,0,0,0
0,2466,0,5587,0,0,0,1562,0,3235,0,1310,0,12,0,1317,4,7,1,674,4,12,1,11,0,16,0,393,0,19,0,131,0,717,0,0,0,584,0,0,0,2,0,0,0,0,0,0,0,1,0,0,0,1,0,5,0,0,0,0,0,59,0,13,0,12,0,19,0,9,2,29,0,36,1,310,0,1034,0,175,0,0,0,0,0,1,0,0,0,4,0,0,0,0,0,0,0,0,0,0,0,0,0,0,0,0,0,0,0,0,0,0,0,0,0,0,0,0,0,0,0,0,0,0,0,3,0,23,0,5,0,1,0,0,0,0,0,0,0,0,0,0,0,0,0,0,0,0,0,1,10,2,6,99,20,179,0,2,0,0,0,0,0,4,0,0,0,0,0,0
1438,0,172,0,673,0,0,0,2476,0,0,0,846,0,4,0,0,0,0,0,0,0,0,0,0,0,0,0,0,0,0,0,880,0,0,0,52,30,0,0,0,0,0,0,0,0,0,0,0,0,0,0,0,0,1,0,0,0,0,0,359,0,2,0,4,0,14,0,0,0,2,0,2,0,148,0,94,0,12,0,0,0,0,0,2,0,0,0,0,0,0,0,0,0,0,0,0,0,0,0,0,0,0,0,0,0,0,0,0,0,0,1,0,0,0,0,0,0,0,0,12,0,16,0,15,0,43,0,4,0,2,0,1,0,45,8,7,0,0,0,0,0,0,0,37,0,2,0,2,0,0,0,0,0,21,12,0,0,2,0,0,0,0,0,0,0,0,0,0,0
0,1419,1,102,0,1562,0,0,0,1091,0,1,0,978,0,305,0,0,1,22,0,0,0,0,0,0,0,0,0,0,0,0,0,1247,0,0,0,139,0,0,0,0,0,0,0,0,0,0,0,2,0,0,0,0,0,2,0,0,0,0,0,83,0,2,0,13,0,33,0,7,0,17,0,10,0,133,0,189,0,54,0,0,0,0,0,4,0,0,0,1,0,0,0,0,0,0,0,0,0,0,0,0,0,0,0,0,0,0,0,0,0,0,0,0,0,0,0,0,0,0,0,0,0,0,0,0,0,18,0,5,0,1,0,0,0,0,0,0,0,1,0,0,0,0,0,2,0,0,0,2,0,0,1,3,5,41,0,0,0,0,0,0,0,3,0,0,0,0,0,0
255,0,334,0,3509,0,2476,0,0,0,1534,0,100,0,1,0,3,0,2,0,2,0,4,0,1,0,5,0,23,0,40,0,1600,0,0,0,11,19,0,0,1,0,0,0,0,0,0,0,0,0,0,0,0,0,0,0,0,0,0,0,12,0,0,0,4,0,1,0,0,0,0,0,2,0,302,0,121,0,12,0,0,0,0,0,0,0,0,0,0,0,0,0,0,0,0,0,0,0,0,0,0,0,0,0,0,0,0,0,0,0,0,0,0,0,0,0,0,0,0,0,6,0,4,0,18,0,10,0,2,0,0,0,1,0,18,9,2,0,0,0,0,0,0,0,26,0,1,0,0,0,1,0,2,0,41,16,2,0,1,0,0,0,0,0,1,0,0,0,0,0
0,121,2,329,0,3235,0,1091,0,0,0,1155,0,74,0,160,0,10,1,100,0,2,0,9,0,8,0,10,0,70,0,12,0,1774,0,0,1,191,0,0,0,2,0,0,0,0,1,0,0,0,0,0,0,0,0,0,0,0,0,0,0,21,0,1,0,6,0,10,0,2,0,4,0,3,0,162,0,482,0,57,0,0,0,0,0,0,0,0,0,2,0,0,0,0,0,0,0,0,0,0,0,0,0,0,0,0,0,0,0,0,0,0,0,0,0,0,0,0,0,0,0,0,0,0,0,1,0,4,0,2,0,0,0,0,0,0,0,0,0,0,0,0,0,0,0,1,0,0,0,1,0,0,0,32,4,69,0,2,0,0,0,0,0,2,0,0,0,0,0,0
0,0,395,0,1162,0,0,0,1534,0,0,0,0,0,0,0,44,0,10,0,58,0,114,0,55,0,43,0,1378,0,768,0,1018,0,0,0,0,0,0,0,3,0,0,0,0,0,0,0,0,0,0,0,0,0,0,0,0,0,0,0,0,0,0,0,0,0,0,0,0,0,0,0,0,0,225,0,256,0,20,0,0,0,0,0,0,0,6,0,0,0,0,0,1,0,0,0,0,0,0,0,0,0,0,0,0,0,0,0,0,0,0,0,0,0,0,0,0,0,0,0,2,0,0,0,5,0,1,0,0,0,1,0,1,0,8,3,0,0,0,0,0,0,0,0,2,0,0,0,0,0,0,0,6,0,2,3,10,0,0,0,0,0,0,0,0,0,0,0,0,0
0,0,0,443,0,1310,0,1,0,1155,0,0,0,0,0,0,0,14,0,53,0,38,0,16,0,80,0,274,0,298,0,337,0,1091,0,0,0,0,0,0,0,0,0,0,0,0,0,0,0,0,0,0,0,0,0,0,0,0,0,0,0,0,0,0,0,0,0,0,0,0,0,0,0,0,0,9,0,52,0,1,0,0,0,0,0,0,0,0,0,0,0,0,0,0,0,0,0,0,0,0,0,0,0,0,0,0,0,0,0,0,0,0,0,0,0,0,0,0,0,0,0,0,0,0,0,0,0,0,0,0,0,0,0,0,0,0,0,0,0,0,0,0,0,0,0,0,0,0,0,0,0,0,0,19,0,2,0,3,0,0,0,0,0,0,0,0,0,0,0,0
353,0,9,0,22,0,846,0,100,0,0,0,0,0,2,0,0,0,0,0,0,0,0,0,0,0,0,0,0,0,0,0,532,0,0,0,39,4,0,0,2,0,0,0,1,0,3,0,0,0,3,0,1,0,19,0,2,0,2,0,835,0,6,0,64,0,191,0,16,0,1,0,2,0,37,0,56,0,6,0,0,0,380,0,577,0,24,0,64,0,0,0,0,0,0,0,0,0,0,0,0,0,0,0,0,0,1,0,0,0,0,0,0,0,0,0,0,0,0,0,3,0,16,0,3,0,47,0,20,0,10,0,3,0,43,8,4,0,0,0,0,0,0,0,32,2,8,0,3,0,0,0,0,0,0,0,0,0,2,0,0,0,3,0,5,0,0,0,0,0
0,770,0,5,0,12,0,978,0,74,0,0,0,0,0,12,0,0,0,0,0,0,0,0,0,0,0,0,0,0,0,0,0,1038,0,0,0,7,1,2,1,21,0,1,0,3,0,2,0,0,1,2,0,0,0,5,0,11,0,12,0,1053,0,0,0,2,0,612,0,7,0,10,0,1,0,22,0,55,0,9,0,0,0,50,0,632,0,29,0,36,0,0,0,13,0,0,0,0,0,0,0,0,0,0,0,0,0,0,0,0,0,0,0,0,0,0,0,0,0,0,0,0,0,0,0,0,0,3,0,0,0,0,0,0,0,0,0,0,0,1,0,0,0,1,0,2,0,0,0,0,0,0,0,0,0,0,0,0,0,0,0,0,0,0,0,0,0,0,0,0
653,0,1935,0,29,0,4,0,1,0,0,0,2,0,0,0,0,0,740,0,0,0,0,0,0,0,0,0,0,0,0,0,5,0,0,0,2712,18,67,0,0,0,0,0,0,0,0,0,1,0,1,0,0,0,1,0,0,0,0,0,51,0,16,0,7,0,1,0,0,0,25,0,1350,0,23,0,10,0,0,0,0,0,0,0,0,0,0,0,2,0,0,0,0,0,0,0,0,0,0,0,0,0,0,0,0,0,0,0,0,0,0,0,0,0,0,0,0,0,0,0,2,0,1,0,1,0,9,0,2,0,0,0,0,0,6,0,1,0,0,0,0,0,0,0,3,0,0,0,0,0,0,0,5,0,83,3,0,0,0,0,0,0,0,0,0,0,0,0,0,0
0,1901,0,5303,0,1317,0,305,0,160,0,0,0,12,0,0,0,0,0,610,0,0,0,0,0,0,0,0,0,0,0,0,0,62,0,0,3,1323,0,0,2,3,0,1,0,0,1,1,1,4,0,0,0,1,0,7,0,0,0,0,0,235,0,45,0,38,0,26,0,35,7,210,8,789,0,134,0,252,0,105,0,0,0,2,0,11,0,0,0,15,0,0,0,0,0,0,0,0,0,0,0,0,0,0,0,0,0,0,0,0,0,0,0,0,0,0,0,0,0,0,0,0,0,0,0,0,0,35,0,8,0,1,0,0,0,0,0,0,0,1,0,0,0,2,0,2,0,0,0,2,0,0,0,0,47,172,0,0,0,0,0,1,0,2,0,0,0,0,0,0
0,0,54,2,14,4,0,0,3,0,44,0,0,0,0,0,0,59,22,1,161,0,628,0,37,0,4,0,145,0,0,0,262,0,0,0,0,3,0,0,3,2,10,0,105,2,0,0,0,0,0,0,0,0,0,0,0,0,0,0,0,0,0,0,0,0,0,0,0,0,0,0,0,0,122,245,644,2,3,3,0,0,0,0,0,0,18,0,0,0,1,0,0,0,0,0,0,0,0,0,0,0,0,0,0,0,0,0,0,0,0,0,0,0,0,0,0,0,0,0,0,0,0,0,0,0,0,0,0,0,0,0,0,1,0,0,0,0,0,0,0,0,0,0,0,0,0,0,0,0,95,0,43,21,13,26,995,96,0,0,0,0,1,0,0,0,0,0,0,0
0,0,3,38,1,7,0,0,0,10,0,14,0,0,0,0,59,0,1,61,29,302,131,777,0,303,0,6,1,134,0,0,0,224,0,0,0,2,0,0,0,10,0,1,0,423,0,0,0,0,0,0,0,0,0,0,0,0,0,0,0,0,0,0,0,0,0,0,0,0,0,0,0,0,34,532,0,351,0,24,0,0,0,0,0,2,0,0,0,0,0,0,0,1,0,0,0,0,0,0,0,0,0,0,0,0,0,0,0,0,0,0,0,0,0,0,0,0,0,0,0,1,0,0,0,3,0,0,0,0,0,0,0,1,0,1,0,0,0,0,0,0,0,0,0,0,0,0,0,0,13,142,5,84,1,42,22,914,0,0,0,0,0,7,0,0,0,0,1,1
7,0,3752,3,56,1,0,1,2,1,10,0,0,0,740,0,22,1,0,4,275,0,49,0,22,0,15,0,21,0,0,0,5,1,0,0,589,17,1,0,0,0,0,0,0,0,0,0,0,0,0,0,0,0,0,0,0,0,0,0,0,0,0,0,0,0,0,0,0,0,0,0,1,0,93,11,19,0,1,0,0,0,0,0,0,0,0,0,0,0,0,0,0,0,0,0,0,0,0,0,0,0,0,0,0,0,0,0,0,0,0,0,0,0,0,0,0,0,0,0,1,0,0,0,1,0,1,0,0,0,0,0,0,0,2,1,0,0,0,0,0,0,0,0,0,0,0,0,0,0,23,1,858,22,608,116,18,0,0,0,0,0,0,0,0,0,0,0,0,0
0,9,14,5382,2,674,0,22,0,100,0,53,0,0,0,610,1,61,4,0,12,722,2,65,0,143,0,36,0,3,0,0,0,186,0,0,1,648,0,0,0,3,0,0,0,2,0,0,0,0,0,0,0,0,0,0,0,0,0,1,0,1,0,0,0,0,0,0,0,0,0,2,0,0,1,301,0,254,0,27,0,0,0,0,0,1,0,0,0,1,0,0,0,0,0,0,0,0,0,0,0,0,0,0,0,0,0,0,0,0,0,0,0,0,0,0,0,0,0,0,0,0,0,0,0,2,0,4,0,1,0,2,0,0,0,0,0,0,0,0,0,0,0,0,0,0,0,0,0,0,18,90,13,1032,15,213,0,69,0,0,0,0,0,0,0,0,0,0,0,0
0,0,667,14,86,4,0,0,2,0,58,0,0,0,0,0,161,29,275,12,0,13,890,6,232,2,122,2,90,0,1,0,15,1,0,0,0,4,0,0,0,0,0,0,0,0,0,0,0,0,0,0,0,0,0,0,0,0,0,0,0,0,0,0,0,0,0,0,0,0,0,0,0,0,170,97,76,4,5,1,0,0,0,0,0,0,0,0,0,0,0,0,0,0,0,0,0,0,0,0,0,0,0,0,0,0,0,0,0,0,0,0,0,0,0,0,0,0,0,0,0,0,0,0,0,0,0,0,0,0,0,0,0,0,0,0,0,0,0,0,0,0,0,0,0,0,0,0,0,0,105,2,284,58,5,64,272,4,0,0,0,0,0,0,0,0,0,0,0,0
0,0,1,228,0,12,0,0,0,2,0,38,0,0,0,0,0,302,0,722,13,0,13,1329,0,539,0,145,0,10,0,0,0,79,0,0,0,0,0,0,0,2,0,0,0,15,0,0,0,0,0,0,0,0,0,0,0,0,0,0,0,0,0,0,0,0,0,0,0,0,0,0,0,0,0,85,0,181,1,0,0,0,0,0,0,1,0,0,0,2,0,1,0,0,0,0,0,0,0,0,0,0,0,0,0,0,0,0,0,0,0,0,0,0,0,0,0,0,0,0,0,0,0,0,0,0,0,0,0,0,0,0,0,0,0,0,0,0,0,0,0,0,0,0,0,0,0,0,0,0,1,186,1,73,1,41,0,359,0,0,0,0,0,0,0,0,0,0,0,0
0,0,186,4,50,1,0,0,4,0,114,0,0,0,0,0,628,131,49,2,890,13,0,706,1195,17,156,0,214,0,1,0,58,0,0,0,0,1,0,0,2,0,15,0,1,0,0,0,0,0,0,0,0,0,0,0,0,0,0,0,0,0,0,0,0,0,0,0,0,0,0,0,0,0,66,26,148,0,5,0,0,0,0,0,0,0,1,0,0,0,0,0,0,0,0,0,0,0,0,0,0,0,0,0,0,0,0,0,0,0,0,0,0,0,0,0,0,0,0,0,0,0,0,0,0,0,0,0,0,0,0,0,0,0,2,0,0,0,0,0,0,0,0,0,0,0,0,0,0,0,87,2,44,6,1,15,272,4,0,0,0,0,0,0,0,0,0,0,0,0
0,0,0,53,0,11,0,0,0,9,0,16,0,0,0,0,0,777,0,65,6,1329,706,0,0,920,0,17,0,101,0,0,0,88,0,0,0,0,0,0,0,2,0,0,0,45,0,0,0,0,0,0,0,0,0,0,0,0,0,0,0,0,0,0,0,0,0,0,0,0,0,0,0,0,0,26,0,175,0,2,0,0,0,0,0,1,0,0,0,0,0,0,0,0,0,0,0,0,0,0,0,0,0,0,0,0,0,0,0,0,0,0,0,0,0,0,0,0,0,0,0,0,0,0,0,0,0,0,0,0,0,0,0,0,0,0,0,0,0,0,0,0,0,0,0,0,0,0,0,0,3,90,1,49,0,26,0,245,0,0,0,0,0,0,0,0,0,0,0,0
0,0,93,0,20,0,0,0,1,0,55,0,0,0,0,0,37,0,22,0,232,0,1195,0,0,0,224,0,603,0,0,0,52,0,0,0,0,0,0,0,0,0,0,0,0,0,0,0,0,0,0,0,0,0,0,0,0,0,0,0,0,0,0,0,0,0,0,0,0,0,0,0,0,0,4,1,23,0,1,0,0,0,0,0,0,0,0,0,0,0,0,0,0,0,0,0,0,0,0,0,0,0,0,0,0,0,0,0,0,0,0,0,0,0,0,0,0,0,0,0,0,0,0,0,0,0,0,0,0,0,0,0,0,0,0,0,0,0,0,0,0,0,0,0,0,0,0,0,0,0,1,0,2,0,0,0,2,0,0,0,0,0,0,0,0,0,0,0,0,0
0,0,0,159,0,16,0,0,0,8,0,80,0,0,0,0,0,303,0,143,2,539,17,920,0,0,0,150,0,79,0,0,0,234,0,0,0,0,0,0,0,0,0,0,0,4,0,0,0,0,0,0,0,0,0,0,0,0,0,1,0,0,0,0,0,0,0,0,0,0,0,0,0,0,0,6,0,62,0,1,0,0,0,0,0,2,0,0,0,0,0,0,0,0,0,0,0,0,0,0,0,0,0,0,0,0,0,0,0,0,0,0,0,0,0,0,0,0,0,0,0,0,0,0,0,0,0,0,0,0,0,0,0,0,0,0,0,0,0,0,0,0,0,0,0,0,0,0,0,0,0,4,0,30,0,0,0,25,0,0,0,0,0,0,0,0,0,0,0,0
0,0,268,0,160,0,0,0,5,0,43,0,0,0,0,0,4,0,15,0,122,0,156,0,224,0,0,0,79,0,4,0,17,0,0,0,0,0,0,0,0,0,0,0,0,0,0,0,0,0,0,0,0,0,0,0,0,0,0,0,0,0,0,0,0,0,0,0,0,0,0,0,0,0,6,0,12,0,0,0,0,0,0,0,0,0,0,0,0,0,0,0,0,0,0,0,0,0,0,0,0,0,0,0,0,0,0,0,0,0,0,0,0,0,0,0,0,0,0,0,0,0,0,0,0,0,0,0,0,0,0,0,0,0,0,0,0,0,0,0,0,0,0,0,0,0,0,0,0,0,1,0,0,0,0,0,0,0,0,0,0,0,0,0,0,0,0,0,0,0
0,0,0,282,0,393,0,0,0,10,0,274,0,0,0,0,0,6,0,36,2,145,0,17,0,150,0,0,0,31,0,294,0,133,0,0,0,0,0,0,0,0,0,0,0,1,0,0,0,0,0,0,0,0,0,0,0,0,0,0,0,0,0,0,0,0,0,0,0,0,0,0,0,0,0,0,0,16,0,0,0,0,0,0,0,0,0,0,0,0,0,0,0,0,0,0,0,0,0,0,0,0,0,0,0,0,0,0,0,0,0,0,0,0,0,0,0,0,0,0,0,0,0,0,0,0,0,0,0,0,0,0,0,0,0,0,0,0,0,0,0,0,0,0,0,0,0,0,0,0,0,0,0,10,0,1,0,1,0,0,0,0,0,0,0,0,0,0,0,0
0,0,172,0,93,0,0,0,23,0,1378,0,0,0,0,0,145,1,21,0,90,0,214,0,603,0,79,0,0,0,23,0,1306,0,0,0,0,1,0,0,0,0,0,0,0,0,0,0,0,0,0,0,0,0,0,0,0,0,0,0,0,0,0,0,0,0,0,0,0,0,0,0,0,0,115,0,277,0,8,0,0,0,0,0,0,0,128,0,0,0,0,0,0,0,0,0,0,0,0,0,0,0,0,0,0,0,0,0,0,0,0,0,0,0,0,0,0,0,0,0,0,0,0,0,2,0,0,0,0,0,0,0,1,0,3,0,0,0,0,0,0,0,0,0,0,0,0,0,0,0,0,0,1,1,0,3,7,0,0,0,0,0,0,0,0,0,0,0,0,0
0,0,0,22,0,19,0,0,0,70,0,298,0,0,0,0,0,134,0,3,0,10,0,101,0,79,0,31,0,0,0,13,0,1297,0,0,0,0,0,0,0,0,0,0,0,0,0,0,0,0,0,0,0,0,0,0,0,0,0,0,0,0,0,0,0,0,0,0,0,0,0,0,0,0,0,2,0,11,0,0,0,0,0,0,0,0,0,0,0,0,0,0,0,0,0,0,0,0,0,0,0,0,0,0,0,0,0,0,0,0,0,0,0,0,0,0,0,0,0,0,0,0,0,0,0,0,0,0,0,0,0,0,0,0,0,0,0,0,0,0,0,0,0,0,0,0,0,0,0,0,0,1,0,3,0,0,0,5,0,0,0,0,0,0,0,0,0,0,0,0
0,0,24,0,180,0,0,0,40,0,768,0,0,0,0,0,0,0,0,0,1,0,1,0,0,0,4,0,23,0,0,0,29,0,0,0,0,0,0,0,0,0,0,0,0,0,0,0,0,0,0,0,0,0,0,0,0,0,0,0,0,0,0,0,0,0,0,0,0,0,0,0,0,0,13,0,17,0,1,0,0,0,0,0,0,0,0,0,0,0,0,0,0,0,0,0,0,0,0,0,0,0,0,0,0,0,0,0,0,0,0,0,0,0,0,0,0,0,0,0,0,0,0,0,2,0,1,0,0,0,0,0,0,0,2,1,0,0,0,0,0,0,0,0,0,0,0,0,0,0,0,0,0,0,0,0,0,0,0,0,0,0,0,0,0,0,0,0,0,0
0,0,0,1,0,131,0,0,0,12,0,337,0,0,0,0,0,0,0,0,0,0,0,0,0,0,0,294,0,13,0,0,0,0,0,0,0,0,0,0,0,0,0,0,0,0,0,0,0,0,0,0,0,0,0,0,0,0,0,0,0,0,0,0,0,0,0,0,0,0,0,0,0,0,0,0,0,0,0,0,0,0,0,0,0,0,0,0,0,0,0,0,0,0,0,0,0,0,0,0,0,0,0,0,0,0,0,0,0,0,0,0,0,0,0,0,0,0,0,0,0,0,0,0,0,0,0,0,0,0,0,0,0,0,0,0,0,0,0,0,0,0,0,0,0,0,0,0,0,0,0,0,0,0,0,0,0,0,0,0,0,0,0,0,0,0,0,0,0,0
215,0,483,0,920,0,880,0,1600,0,1018,0,532,0,5,0,262,0,5,0,15,0,58,0,52,0,17,0,1306,0,29,0,0,0,0,0,46,20,0,0,190,0,13,0,134,0,12,0,1,0,48,0,6,0,90,0,40,0,149,0,47,0,8,0,14,0,8,0,10,0,4,0,1,0,411,2,5047,0,291,0,0,0,81,0,271,0,623,0,234,0,11,0,236,0,0,0,1,0,10,14,5,0,0,2,0,0,1,2,1,3,0,3,8,13,0,0,0,1,1,0,23,1,30,0,45,2,410,0,342,0,150,0,28,0,642,42,63,0,3,0,5,0,10,0,296,1,107,0,22,0,0,0,3,0,13,8,4,0,24,5,4,0,14,0,37,0,14,8,6,10
0,495,4,318,0,717,0,1247,0,1774,0,1091,0,1038,0,62,0,224,1,186,1,79,0,88,0,234,0,133,0,1297,0,0,0,0,0,0,0,228,3,15,18,489,1,34,0,156,18,24,4,13,3,19,1,4,0,61,0,87,0,167,0,519,0,71,0,172,0,220,0,68,25,195,0,60,0,203,0,3315,0,100,0,0,0,127,0,914,0,467,0,161,0,4,0,139,0,0,0,0,0,2,0,1,0,0,0,0,0,0,0,0,0,0,0,0,0,0,0,0,0,0,0,0,0,0,0,0,0,20,0,19,0,4,0,1,0,1,0,0,0,62,0,5,0,6,0,15,0,2,0,2,2,6,0,66,3,56,0,7,0,0,0,0,0,2,0,0,0,0,0,0
0,0,0,0,0,0,0,0,0,0,0,0,0,0,0,0,0,0,0,0,0,0,0,0,0,0,0,0,0,0,0,0,0,0,0,0,0,0,0,0,0,0,0,0,0,0,0,0,0,0,0,0,0,0,0,0,0,0,0,0,0,0,0,0,0,0,0,0,0,0,0,0,0,0,0,0,0,0,0,0,0,0,0,0,0,0,0,0,0,0,0,0,0,0,0,0,0,0,0,0,0,0,0,0,0,0,0,0,0,0,0,0,0,0,0,0,0,0,0,0,0,0,0,0,0,0,0,0,0,0,0,0,0,0,0,0,0,0,0,0,0,0,0,0,0,0,0,0,0,0,0,0,0,0,0,0,0,0,0,0,0,0,0,0,0,0,0,0,0,0
0,0,0,0,0,0,0,0,0,0,0,0,0,0,0,0,0,0,0,0,0,0,0,0,0,0,0,0,0,0,0,0,0,0,0,0,0,0,0,0,0,0,0,0,0,0,0,0,0,0,0,0,0,0,0,0,0,0,0,0,0,0,0,0,0,0,0,0,0,0,0,0,0,0,0,0,0,0,0,0,0,0,0,0,0,0,0,0,0,0,0,0,0,0,0,0,0,0,0,0,0,0,0,0,0,0,0,0,0,0,0,0,0,0,0,0,0,0,0,0,0,0,0,0,0,0,0,0,0,0,0,0,0,0,0,0,0,0,0,0,0,0,0,0,0,0,0,0,0,0,0,0,0,0,0,0,0,0,0,0,0,0,0,0,0,0,0,0,0,0
1263,1,1135,1,86,0,52,0,11,1,0,0,39,0,2712,3,0,0,589,1,0,0,0,0,0,0,0,0,0,0,0,0,46,0,0,0,0,589,1030,3,3,0,0,0,0,0,16,0,50,0,0,0,83,0,47,0,0,0,0,0,577,0,603,0,195,0,44,0,35,0,2276,2,1772,1,108,0,45,1,7,0,0,0,8,0,22,0,0,0,9,0,0,0,1,0,0,0,0,0,1,1,0,0,0,0,0,0,0,0,0,0,0,0,0,0,0,0,0,0,0,0,7,0,16,0,1,0,36,1,12,0,4,0,1,0,51,6,1,0,0,0,1,0,0,0,42,0,9,0,3,0,0,0,28,0,385,4,0,0,1,0,0,0,1,0,1,0,0,0,0,0
148,554,188,729,68,584,30,139,19,191,0,0,4,7,18,1323,3,2,17,648,4,0,1,0,0,0,0,0,1,0,0,0,20,228,0,0,589,0,62,523,3,19,0,0,0,0,169,27,17,21,1,4,24,4,13,2,0,0,1,0,51,172,13,40,5,23,2,23,4,20,113,964,8,235,27,326,18,560,0,281,0,0,0,0,4,9,0,0,0,12,0,0,0,0,0,0,0,0,0,0,0,1,0,0,0,0,0,0,0,0,0,0,0,0,0,0,0,0,0,0,2,0,3,0,1,5,9,40,5,44,1,2,0,0,12,7,2,0,0,3,0,0,0,0,9,2,0,6,1,6,9,0,25,65,1269,1155,0,1,0,0,0,0,0,8,0,0,0,0,0,0
33,1,26,0,1,0,0,0,0,0,0,0,0,1,67,0,0,0,1,0,0,0,0,0,0,0,0,0,0,0,0,0,0,3,0,0,1030,62,0,101,82,2,2,0,0,0,537,86,223,28,21,55,209,11,221,60,2,28,2,8,11,0,79,0,32,2,4,2,65,15,966,186,23,0,5,0,7,6,1,0,0,0,7,4,13,25,0,0,22,78,0,0,1,7,0,0,0,0,0,0,0,0,0,1,0,0,0,0,1,0,0,0,1,1,0,0,0,0,0,0,1,0,1,0,1,0,3,0,6,0,11,0,1,0,7,0,0,0,0,0,0,0,0,2,13,0,3,0,2,0,0,0,0,0,1,0,0,0,1,0,0,0,1,0,2,0,0,1,1,0
0,2,0,0,0,0,0,0,0,0,0,0,0,2,0,0,0,0,0,0,0,0,0,0,0,0,0,0,0,0,0,0,0,15,0,0,3,523,101,0,4,159,1,0,0,0,375,519,53,58,3,97,72,13,30,64,0,47,1,10,0,1,0,1,0,15,0,12,0,37,107,622,0,0,0,0,0,4,0,1,0,0,0,23,1,61,0,1,0,107,0,0,0,8,0,0,0,0,0,0,0,0,0,0,0,0,0,0,0,0,0,0,0,0,0,0,0,0,0,0,0,0,0,0,0,0,0,0,0,1,0,0,0,0,0,0,0,0,0,3,0,0,0,0,0,1,0,0,0,0,0,0,0,0,0,0,0,0,0,0,0,0,0,0,0,0,0,0,0,0
1,1,1,0,2,0,0,0,1,0,3,0,2,1,0,2,3,0,0,0,0,0,2,0,0,0,0,0,0,0,0,0,190,18,0,0,3,3,82,4,0,1,1704,0,756,0,31,21,15,14,433,21,6,9,37,35,22,9,850,4,0,0,2,0,3,12,2,4,17,35,185,55,0,0,97,1,1021,1,525,3,0,0,2,16,63,25,345,0,62,58,70,0,719,2,1,13,17,12,46,24,11,6,4,7,9,7,46,13,41,31,20,10,26,22,1,1,0,1,0,6,9,0,9,0,42,0,57,0,62,2,31,4,133,1,51,4,9,0,131,0,17,0,81,1,491,1,8,0,4,0,0,0,0,0,0,0,100,0,73,6,82,2,396,0,26,2,67,24,7,18
0,1,0,2,0,2,0,0,0,2,0,0,0,21,0,3,2,10,0,3,0,2,0,2,0,0,0,0,0,0,0,0,0,489,0,0,0,19,2,159,1,0,0,2527,0,1084,2,58,0,4,1,609,0,2,0,13,0,47,0,791,0,2,0,1,0,1,0,11,0,1,0,471,0,2,0,135,0,927,0,526,0,0,0,110,0,728,0,1328,0,892,0,207,0,196,0,1,0,0,0,44,0,64,0,0,0,0,0,3,1,2,0,0,4,3,0,0,0,0,0,0,0,4,0,3,0,18,0,144,0,298,0,9,0,4,0,25,0,1,0,432,0,22,0,88,0,411,0,17,0,112,0,0,0,0,0,1,0,78,1,1,0,3,0,256,0,2,0,3,0,0
0,2,0,0,0,0,0,0,0,0,0,0,0,0,0,0,10,0,0,0,0,0,15,0,0,0,0,0,0,0,0,0,13,1,0,0,0,0,2,1,1704,0,0,0,229,0,12,0,4,4,656,1,2,1,18,11,23,0,1455,0,0,1,0,1,1,1,0,1,1,13,105,20,0,0,0,0,15,1,8,1,0,0,0,1,7,7,73,0,16,15,95,0,254,0,2,23,9,11,25,18,158,12,4,16,9,5,56,14,33,20,52,22,5,3,2,2,0,3,1,0,0,1,0,0,0,1,1,4,1,2,0,0,0,0,1,1,0,0,4,0,0,0,0,0,3,0,2,0,0,1,1,0,0,0,0,0,12,0,6,4,1,3,18,1,2,1,4,2,1,0
0,0,0,0,0,0,0,0,0,0,0,0,0,1,0,1,0,1,0,0,0,0,0,0,0,0,0,0,0,0,0,0,0,34,0,0,0,0,0,0,0,2527,0,0,0,433,0,6,0,0,0,421,0,0,0,3,0,23,0,1938,0,1,0,0,0,1,0,1,0,0,1,31,0,0,0,13,0,34,0,10,0,0,0,0,0,18,0,459,0,206,0,454,0,144,0,0,0,0,0,68,0,84,0,3,0,0,1,0,2,0,1,1,0,0,0,0,0,0,0,0,0,0,0,1,0,1,0,22,0,244,0,2,0,2,0,5,0,0,0,4,0,8,0,3,0,105,0,4,0,116,0,0,0,0,0,0,0,0,0,5,0,5,0,15,0,1,0,0,0,0
0,0,0,0,0,0,0,0,0,0,0,0,1,0,0,0,105,0,0,0,0,0,1,0,0,0,0,0,0,0,0,0,134,0,0,0,0,0,0,0,756,0,229,0,0,0,0,0,0,0,2,0,0,0,0,0,0,0,32,0,0,0,0,0,0,0,0,0,0,0,0,0,0,0,94,1,546,0,243,0,0,0,0,0,1,0,388,0,9,0,51,0,36,0,0,0,0,0,0,0,0,0,0,0,0,0,0,0,0,0,0,1,0,1,0,0,0,0,0,0,2,0,0,0,8,0,4,0,1,0,6,1,17,0,21,3,2,0,1,0,1,0,0,0,8,0,0,0,0,0,0,0,0,0,0,0,115,0,1,1,2,0,42,0,3,0,3,0,0,0
0,0,0,2,0,0,0,0,0,0,0,0,0,3,0,0,2,423,0,2,0,15,0,45,0,4,0,1,0,0,0,0,0,156,0,0,0,0,0,0,0,1084,0,433,0,0,0,0,0,0,0,0,0,0,0,0,0,1,0,129,0,0,0,0,0,0,0,0,0,0,0,0,0,0,0,6,0,437,0,117,0,0,0,0,0,105,0,687,0,67,0,168,0,16,0,0,0,0,0,0,0,0,0,0,0,0,0,0,0,0,0,0,0,0,0,0,0,0,0,0,0,0,0,0,0,1,0,1,0,0,0,0,0,3,0,0,0,0,0,0,0,0,0,0,0,0,0,0,0,0,0,0,0,1,0,0,0,226,0,0,0,0,0,21,0,1,0,0,0,0
1,2,0,0,0,0,0,0,0,1,0,0,3,0,0,1,0,0,0,0,0,0,0,0,0,0,0,0,0,0,0,0,12,18,0,0,16,169,537,375,31,2,12,0,0,0,0,1551,2372,466,3918,1087,1838,41,1321,31,615,29,178,9,8,0,7,2,22,12,11,3,35,27,1442,368,0,0,1,0,25,4,3,2,0,0,13,6,29,15,0,0,29,19,0,0,6,0,0,0,0,0,0,1,0,0,0,8,0,0,0,1,1,0,0,0,1,0,0,0,0,0,0,0,0,0,1,0,1,0,2,0,3,0,2,0,1,0,4,0,1,0,0,0,0,0,0,0,6,0,1,0,0,0,0,0,0,0,0,0,1,0,3,0,0,0,0,0,4,0,0,0,0,0
0,0,0,0,0,0,0,0,0,0,0,0,0,2,0,1,0,0,0,0,0,0,0,0,0,0,0,0,0,0,0,0,0,24,0,0,0,27,86,519,21,58,0,6,0,0,1551,0,725,2018,185,3574,0,778,0,633,0,405,0,146,0,0,0,1,0,1,0,4,0,14,36,1664,0,0,0,0,0,19,0,6,0,0,0,23,0,130,0,0,0,294,0,0,0,33,0,0,0,0,0,0,0,11,0,3,0,0,0,0,0,0,0,0,0,0,0,0,0,0,0,0,0,0,0,0,0,0,0,0,0,0,0,0,0,0,0,0,0,0,0,3,0,1,0,3,1,4,0,0,0,0,0,0,0,0,0,0,0,0,0,0,0,0,0,0,0,0,0,0,0,0
7,0,4,0,0,0,0,0,0,0,0,0,0,0,1,1,0,0,0,0,0,0,0,0,0,0,0,0,0,0,0,0,1,4,0,0,50,17,223,53,15,0,4,0,0,0,2372,725,0,2334,170,47,4115,243,466,125,1,5,17,1,3,0,73,0,15,1,2,1,5,13,1454,153,0,0,1,0,3,1,0,1,0,0,1,1,8,10,0,0,5,31,0,0,0,1,0,0,0,0,0,0,0,0,0,0,0,0,0,0,0,0,0,0,0,0,0,0,0,0,0,0,2,0,0,0,0,0,0,0,1,0,2,0,0,0,3,0,0,0,0,0,0,0,0,0,6,0,1,0,0,0,0,0,0,0,0,0,0,0,0,0,0,0,1,0,0,0,0,0,0,1
0,10,0,1,0,1,0,2,0,0,0,0,0,0,0,4,0,0,0,0,0,0,0,0,0,0,0,0,0,0,0,0,0,13,0,0,0,21,28,58,14,4,4,0,0,0,466,2018,2334,0,13,82,5,2382,2,769,0,13,0,6,0,8,0,27,1,11,0,7,0,174,88,1356,0,3,0,0,0,4,0,2,0,0,0,8,0,33,0,0,0,127,0,0,0,5,0,0,0,0,0,0,0,0,0,0,0,0,0,0,0,0,0,0,0,0,0,0,0,0,0,0,0,0,0,0,0,0,0,0,0,1,0,0,0,0,0,0,0,0,0,2,0,0,0,0,0,0,0,0,0,0,0,0,0,0,0,0,0,0,0,0,0,0,0,0,0,0,0,0,0,0
0,0,0,0,3,0,0,0,0,0,0,0,3,1,1,0,0,0,0,0,0,0,0,0,0,0,0,0,0,0,0,0,48,3,0,0,0,1,21,3,433,1,656,0,2,0,3918,185,170,13,0,253,473,5,1293,10,1444,1,1877,0,5,0,1,1,2,6,3,0,21,11,588,34,0,0,6,0,56,0,14,1,0,0,20,4,55,8,5,0,54,16,2,0,47,0,0,0,0,0,3,1,460,2,1,1,0,0,1,1,2,3,0,1,30,11,0,0,1,0,0,1,1,0,4,0,2,0,2,1,7,0,9,0,1,0,12,0,1,0,6,0,0,0,3,0,36,0,1,0,5,0,0,0,0,0,0,0,0,0,5,0,3,0,3,0,6,0,7,3,2,3
0,0,0,1,0,0,0,0,0,0,0,0,0,2,0,0,0,0,0,0,0,0,0,0,0,0,0,0,0,0,0,0,0,19,0,0,0,4,55,97,21,609,1,421,0,0,1087,3574,47,82,253,0,0,33,0,286,0,1083,0,1828,0,0,0,0,0,2,0,8,0,6,7,947,0,0,0,4,0,24,0,9,0,0,0,25,0,65,0,1,0,99,0,0,0,62,0,2,0,2,0,54,0,300,0,77,0,0,0,0,0,1,0,2,0,31,0,0,0,0,0,0,0,1,0,2,0,1,0,17,0,47,0,7,0,0,0,0,0,1,0,10,0,15,0,38,2,47,0,9,0,19,0,0,0,0,0,0,0,1,0,2,0,0,0,7,0,2,0,0,8,0
12,0,1,0,0,0,0,0,0,0,0,0,1,0,0,0,0,0,0,0,0,0,0,0,0,0,0,0,0,0,0,0,6,1,0,0,83,24,209,72,6,0,2,0,0,0,1838,0,4115,5,473,0,0,0,4074,1,38,0,33,0,21,0,607,0,226,1,19,1,77,2,568,39,0,0,7,0,12,1,4,0,0,0,12,0,31,1,2,0,27,0,0,0,5,0,0,0,0,0,0,0,0,0,0,0,0,0,0,1,0,0,0,0,0,2,0,0,0,0,0,0,0,0,0,0,0,0,5,0,17,1,2,0,2,0,5,1,0,0,0,0,0,0,0,0,16,0,1,0,1,0,0,0,0,0,0,0,2,0,3,0,0,0,1,0,1,0,0,1,1,1
0,6,0,2,0,1,0,0,0,0,0,0,0,0,0,1,0,0,0,0,0,0,0,0,0,0,0,0,0,0,0,0,0,4,0,0,0,4,11,13,9,2,1,0,0,0,41,778,243,2382,5,33,0,0,0,3064,0,49,0,11,0,5,0,397,0,25,0,12,0,189,17,865,0,2,0,1,0,6,0,4,0,0,0,6,0,25,0,0,0,165,0,0,0,15,0,0,0,0,0,0,0,0,0,0,0,0,0,0,0,0,0,0,0,0,0,0,0,0,0,0,0,0,0,0,0,0,0,0,0,0,0,0,0,0,0,0,0,0,0,1,0,0,0,1,0,1,0,0,0,0,0,0,0,0,0,0,0,0,0,0,0,0,0,0,0,0,0,0,0,0
21,0,0,0,0,0,1,0,0,0,0,0,19,0,1,0,0,0,0,0,0,0,0,0,0,0,0,0,0,0,0,0,90,0,0,0,47,13,221,30,37,0,18,0,0,0,1321,0,466,2,1293,0,4074,0,0,0,3561,0,878,0,22,0,369,0,1049,1,77,0,1830,0,123,12,1,0,11,0,103,1,9,0,0,0,84,0,307,0,3,0,1974,0,1,0,169,0,5,0,0,0,1,0,1,0,0,1,0,0,2,1,1,3,0,0,2,0,0,0,0,0,0,0,1,0,4,0,0,0,13,1,25,0,19,0,0,0,20,0,4,0,0,0,1,0,0,0,42,0,11,0,8,0,0,0,0,0,0,0,0,0,6,2,0,0,8,1,6,1,4,1,3,1
0,15,0,2,0,5,0,2,0,0,0,0,0,5,0,7,0,0,0,0,0,0,0,0,0,0,0,0,0,0,0,0,0,61,0,0,0,2,60,64,35,13,11,3,0,0,31,633,125,769,10,286,1,3064,0,0,0,951,1,120,0,9,0,10,0,65,0,45,0,1441,43,415,0,4,0,0,0,35,0,7,0,0,0,52,0,277,0,0,0,2708,0,0,1,98,0,0,0,0,0,0,0,0,0,0,0,0,0,0,0,0,0,0,0,0,0,0,0,0,0,0,0,0,0,0,0,0,0,0,0,2,0,0,0,0,0,0,0,0,0,8,0,1,0,3,1,4,0,0,0,0,0,0,0,0,0,0,0,0,0,0,0,0,0,0,0,0,0,0,0,0
0,0,0,0,0,0,0,0,0,0,0,0,2,0,0,0,0,0,0,0,0,0,0,0,0,0,0,0,0,0,0,0,40,0,0,0,0,0,2,0,22,0,23,0,0,0,615,0,1,0,1444,0,38,0,3561,0,0,0,1766,0,0,0,2,0,3,0,3,0,15,0,14,0,0,0,1,0,49,0,4,1,0,0,11,0,81,0,8,0,469,0,0,0,996,0,23,0,0,0,1,0,0,0,0,0,0,0,0,0,0,0,0,0,0,0,0,1,0,0,0,0,0,0,0,0,0,0,1,0,5,0,1,0,0,0,0,0,0,0,0,0,0,0,0,0,4,0,0,0,0,0,0,0,0,0,0,0,0,0,0,0,0,0,0,0,1,0,1,0,0,0
0,2,0,0,0,0,0,0,0,0,0,0,0,11,0,0,0,0,0,0,0,0,0,0,0,0,0,0,0,0,0,0,0,87,0,0,0,0,28,47,9,47,0,23,0,1,29,405,5,13,1,1083,0,49,0,951,0,0,0,1869,0,0,0,0,0,1,0,2,0,1,3,51,0,0,0,0,0,56,0,8,0,0,0,33,0,182,0,1,0,369,0,0,0,1103,0,4,0,0,0,0,0,0,0,5,0,0,0,0,0,0,0,0,0,0,0,0,0,0,0,0,0,0,0,0,0,0,0,0,0,0,0,0,0,0,0,0,0,0,0,2,0,0,0,3,0,7,0,0,0,0,0,0,0,0,0,0,0,0,0,0,0,0,0,0,0,0,0,0,0,0
0,0,0,0,0,0,0,0,0,0,0,0,2,0,0,0,0,0,0,0,0,0,0,0,0,0,0,0,0,0,0,0,149,0,0,0,0,1,2,1,850,0,1455,0,32,0,178,0,17,0,1877,0,33,0,878,1,1766,0,0,0,1,0,2,0,3,0,0,0,13,2,143,5,0,0,1,0,79,0,15,0,0,0,13,0,134,0,235,0,186,1,873,0,3889,0,154,0,0,0,0,1,81,0,29,0,0,0,0,1,1,1,1,0,0,0,0,0,0,0,0,0,0,0,1,0,0,0,0,0,3,0,2,0,0,0,1,1,0,0,0,0,0,0,0,0,6,0,0,0,1,0,0,0,0,0,0,0,0,0,2,0,1,0,1,0,1,0,1,0,0,2
0,0,0,0,0,0,0,0,0,0,0,0,0,12,0,0,0,0,0,1,0,0,0,0,0,1,0,0,0,0,0,0,0,167,0,0,0,0,8,10,4,791,0,1938,0,129,9,146,1,6,0,1828,0,11,0,120,0,1869,0,0,0,0,0,0,0,1,0,1,0,0,1,51,0,0,0,0,0,151,0,15,0,0,0,23,0,179,0,523,0,1135,0,983,0,4257,0,30,0,1,0,4,0,32,0,125,0,0,0,0,0,0,0,0,0,0,0,0,0,0,0,0,0,0,0,0,0,0,0,1,0,0,0,0,0,0,0,0,0,0,0,11,0,1,0,2,0,4,0,0,0,0,0,0,0,0,0,0,0,2,0,0,0,0,0,0,0,0,0,0,0,0
4100,0,54,0,23,0,359,0,12,0,0,0,835,0,51,0,0,0,0,0,0,0,0,0,0,0,0,0,0,0,0,0,47,0,0,0,577,51,11,0,0,0,0,0,0,0,8,0,3,0,5,0,21,0,22,0,0,0,1,0,0,0,784,0,3221,0,707,0,42,0,426,0,322,0,282,0,49,0,0,0,0,0,15,0,123,0,0,0,19,0,0,0,0,0,0,0,0,0,0,0,0,0,0,0,0,0,0,0,0,0,0,0,0,0,0,0,0,0,0,0,4,0,27,0,3,0,64,0,46,0,10,0,3,0,94,6,5,0,0,0,0,0,0,0,93,1,11,0,10,0,0,0,0,0,0,0,0,0,0,0,0,0,0,0,0,0,0,0,0,1
0,3401,0,64,0,59,0,83,0,21,0,0,0,1053,0,235,0,0,0,1,0,0,0,0,0,0,0,0,0,0,0,0,0,519,0,0,0,172,0,1,0,2,1,1,0,0,0,0,0,8,0,0,0,5,0,9,0,0,0,0,0,0,0,1418,0,1082,0,2061,0,98,7,884,0,1330,0,37,0,137,0,52,0,0,0,0,0,23,0,0,0,9,0,0,0,0,0,0,0,0,0,0,0,0,0,0,0,0,0,0,0,0,0,0,0,0,0,0,0,0,0,0,0,0,0,0,0,0,0,8,0,12,0,1,0,0,0,0,0,0,0,2,0,0,0,0,0,4,0,2,0,1,0,0,0,0,0,2,0,0,0,0,0,0,0,1,0,0,0,0,0,0
300,0,60,0,1,0,2,0,0,0,0,0,6,0,16,0,0,0,0,0,0,0,0,0,0,0,0,0,0,0,0,0,8,0,0,0,603,13,79,0,2,0,0,0,0,0,7,0,73,0,1,0,607,0,369,0,2,0,2,0,784,0,0,0,1950,0,32,0,243,0,2157,0,77,0,68,0,4,0,1,0,0,0,3,0,17,0,0,0,17,0,0,0,0,0,0,0,0,0,0,0,0,0,0,0,0,0,0,0,0,0,0,0,0,1,0,0,0,0,0,0,0,0,4,0,0,0,2,0,11,0,3,0,1,0,11,2,0,0,0,0,0,0,0,0,26,0,0,0,3,0,0,0,0,0,0,0,0,0,0,0,1,0,0,0,0,0,1,0,0,0
0,139,0,17,0,13,0,2,0,1,0,0,0,0,0,45,0,0,0,0,0,0,0,0,0,0,0,0,0,0,0,0,0,71,0,0,0,40,0,1,0,1,1,0,0,0,2,1,0,27,1,0,0,397,0,10,0,0,0,0,0,1418,0,0,0,1392,0,93,0,551,21,1461,0,109,0,6,0,43,0,14,0,0,0,1,0,0,0,0,0,6,0,0,0,0,0,0,0,0,0,0,0,0,0,0,0,0,0,0,0,0,0,0,0,0,0,0,0,0,0,0,0,0,0,0,0,0,0,3,0,3,0,0,0,0,0,0,0,0,0,1,0,0,0,0,0,0,0,0,0,0,0,0,0,0,0,0,0,0,0,0,0,0,0,0,0,0,0,0,0,0
301,0,9,0,4,0,4,0,4,0,0,0,64,0,7,0,0,0,0,0,0,0,0,0,0,0,0,0,0,0,0,0,14,0,0,0,195,5,32,0,3,0,1,0,0,0,22,0,15,1,2,0,226,0,1049,0,3,0,3,0,3221,0,1950,0,0,0,2231,0,2267,0,85,0,4,0,131,0,16,0,0,0,0,0,8,0,212,0,0,0,113,0,0,0,1,0,0,0,0,0,0,0,0,0,0,0,0,0,0,0,0,0,0,0,0,0,0,0,0,0,0,0,3,0,9,0,1,0,30,0,28,0,9,0,1,0,44,1,5,0,0,0,0,0,0,0,48,0,9,0,7,0,0,0,0,0,0,0,0,0,4,0,0,0,1,0,3,0,0,0,0,0
0,212,0,9,0,12,0,13,0,6,0,0,0,2,0,38,0,0,0,0,0,0,0,0,0,0,0,0,0,0,0,0,0,172,0,0,0,23,2,15,12,1,1,1,0,0,12,1,1,11,6,2,1,25,1,65,0,1,0,1,0,1082,0,1392,0,0,0,1878,0,1382,16,71,0,19,0,8,0,51,0,19,0,0,0,21,0,98,0,0,0,34,0,0,0,0,0,0,0,0,0,0,0,0,0,0,0,0,0,0,0,0,0,0,0,0,0,0,0,0,0,0,0,0,0,0,0,0,0,2,0,9,0,0,0,0,0,0,0,0,0,1,0,0,0,0,1,1,0,0,0,0,0,0,0,0,1,2,0,0,0,0,0,0,0,0,0,0,0,0,0,0
135,0,4,0,1,0,14,0,1,0,0,0,191,0,1,0,0,0,0,0,0,0,0,0,0,0,0,0,0,0,0,0,8,0,0,0,44,2,4,0,2,0,0,0,0,0,11,0,2,0,3,0,19,0,77,0,3,0,0,0,707,0,32,0,2231,0,0,0,458,0,5,0,1,0,54,0,9,0,1,0,0,0,11,0,814,0,0,0,394,0,0,0,0,0,0,0,0,0,0,0,0,0,0,0,0,0,0,0,0,0,0,0,0,0,0,0,0,0,0,0,2,0,8,0,0,0,14,0,25,0,7,0,1,0,22,1,2,0,0,0,0,0,2,0,48,0,12,0,4,0,0,0,0,0,0,0,0,0,1,0,0,0,0,0,1,0,0,2,0,0
0,241,0,8,0,19,0,33,0,10,0,0,0,612,0,26,0,0,0,0,0,0,0,0,0,0,0,0,0,0,0,0,0,220,0,0,0,23,2,12,4,11,1,1,0,0,3,4,1,7,0,8,1,12,0,45,0,2,0,1,0,2061,0,93,0,1878,0,0,0,534,10,51,0,9,0,10,0,46,0,22,0,0,0,14,0,770,0,0,0,102,0,0,0,1,0,0,0,0,0,0,0,0,0,0,0,0,0,0,0,0,0,0,0,0,0,0,0,0,0,0,0,0,0,0,0,0,0,4,0,6,0,0,0,0,0,0,0,0,0,1,0,0,0,0,0,0,0,1,0,2,0,0,0,0,1,1,0,0,0,0,0,0,0,1,0,0,0,0,0,0
25,0,1,0,1,0,0,0,0,0,0,0,16,0,0,0,0,0,0,0,0,0,0,0,0,0,0,0,0,0,0,0,10,0,0,0,35,4,65,0,17,0,1,0,0,0,35,0,5,0,21,0,77,0,1830,0,15,0,13,0,42,0,243,0,2267,0,458,0,0,0,21,0,0,0,10,0,24,0,4,0,0,0,34,0,291,0,2,0,1494,0,0,0,31,0,0,0,0,0,0,3,0,0,0,0,0,0,0,0,0,1,0,0,1,0,0,0,0,0,0,0,1,0,3,0,1,0,7,0,23,0,11,0,4,0,21,0,1,0,0,0,0,0,0,0,36,0,5,0,3,0,0,0,0,0,0,0,0,0,4,0,1,0,1,0,2,0,0,1,2,0
0,102,0,7,0,9,0,7,0,2,0,0,0,7,0,35,0,0,0,0,0,0,0,0,0,0,0,0,0,0,0,0,0,68,0,0,0,20,15,37,35,1,13,0,0,0,27,14,13,174,11,6,2,189,0,1441,0,1,2,0,0,98,0,551,0,1382,0,534,0,0,52,240,0,15,0,3,0,17,0,8,0,0,0,41,0,724,0,0,0,1182,0,0,1,0,0,0,0,0,0,0,0,0,0,0,0,0,0,0,0,0,0,0,0,0,0,0,0,0,0,0,0,0,0,0,0,0,0,0,0,4,0,0,0,0,0,0,0,0,0,1,0,0,0,0,0,0,0,0,0,2,0,0,0,0,0,0,0,0,0,0,0,0,0,0,0,0,0,0,0,0
143,12,32,3,1,2,2,0,0,0,0,0,1,0,25,7,0,0,0,0,0,0,0,0,0,0,0,0,0,0,0,0,4,25,0,0,2276,113,966,107,185,0,105,1,0,0,1442,36,1454,88,588,7,568,17,123,43,14,3,143,1,426,7,2157,21,85,16,5,10,21,52,0,1449,913,5,25,2,5,11,1,5,0,0,1,13,5,21,0,0,11,76,0,0,1,0,0,0,0,0,1,0,0,0,0,0,0,0,0,0,0,0,0,0,0,0,0,0,0,0,0,0,1,0,1,0,0,0,2,0,10,1,6,0,0,0,5,0,0,0,0,1,0,0,1,0,11,1,0,0,2,3,0,0,0,0,1,0,0,0,0,1,0,0,0,0,2,0,0,0,0,0
0,292,0,37,0,29,0,17,0,4,0,0,0,10,0,210,0,0,0,2,0,0,0,0,0,0,0,0,0,0,0,0,0,195,0,0,2,964,186,622,55,471,20,31,0,0,368,1664,153,1356,34,947,39,865,12,415,0,51,5,51,0,884,0,1461,0,71,0,51,0,240,1449,0,0,654,0,23,0,150,0,70,0,0,0,45,0,147,0,0,0,494,0,0,0,11,0,0,0,0,0,1,0,26,0,0,0,0,0,0,0,0,0,0,0,0,0,0,0,0,0,0,0,1,0,0,0,0,0,12,0,17,0,0,0,0,0,0,0,0,0,10,0,0,0,3,0,14,0,0,0,5,0,0,0,0,4,1,0,0,0,0,0,0,0,2,0,0,0,0,0,0
572,2,136,0,1,0,2,0,2,0,0,0,2,0,1350,8,0,0,1,0,0,0,0,0,0,0,0,0,0,0,0,0,1,0,0,0,1772,8,23,0,0,0,0,0,0,0,0,0,0,0,0,0,0,0,1,0,0,0,0,0,322,0,77,0,4,0,1,0,0,0,913,0,0,4,7,0,2,0,0,0,0,0,0,0,0,0,0,0,0,0,0,0,0,0,0,0,0,0,0,0,0,0,0,0,0,0,0,0,0,0,0,0,0,0,0,0,0,0,0,0,0,0,2,0,0,0,2,0,0,0,0,0,0,0,5,1,0,0,0,0,0,0,0,0,0,0,1,0,1,0,0,0,0,0,1,0,0,0,0,0,0,0,0,0,2,0,0,0,0,0
0,849,0,79,0,36,0,10,0,3,0,0,0,1,0,789,0,0,0,0,0,0,0,0,0,0,0,0,0,0,0,0,0,60,0,0,1,235,0,0,0,2,0,0,0,0,0,0,0,3,0,0,0,2,0,4,0,0,0,0,0,1330,0,109,0,19,0,9,0,15,5,654,4,0,0,23,0,89,0,42,0,0,0,0,0,2,0,0,0,0,0,0,0,0,0,0,0,0,0,0,0,0,0,0,0,0,0,0,0,0,0,0,0,0,0,0,0,0,0,0,0,0,0,0,0,0,0,10,0,16,0,2,0,0,0,0,0,0,0,0,0,0,0,0,0,1,0,0,0,0,0,0,0,0,1,6,0,0,0,0,0,0,0,0,0,0,0,0,0,0
421,0,1476,3,1033,1,148,0,302,0,225,0,37,0,23,0,122,34,93,1,170,0,66,0,4,0,6,0,115,0,13,0,411,0,0,0,108,27,5,0,97,0,0,0,94,0,1,0,1,0,6,0,7,0,11,0,1,0,1,0,282,0,68,0,131,0,54,0,10,0,25,0,7,0,0,80,1222,1,620,0,0,0,10,0,21,0,3,0,8,0,1,0,0,0,0,0,0,0,1,0,0,0,0,0,0,0,0,1,0,0,0,0,1,1,0,0,0,0,0,0,29,0,21,0,113,0,129,0,37,0,28,0,19,0,210,35,23,0,0,0,0,0,4,0,190,0,21,0,22,0,40,1,91,13,35,49,141,1,6,0,1,0,36,0,7,0,2,0,1,0
0,140,40,320,3,310,0,133,0,162,0,9,0,22,0,134,245,532,11,301,97,85,26,26,1,6,0,0,0,2,0,0,2,203,0,0,0,326,0,0,1,135,0,13,1,6,0,0,0,0,0,4,0,1,0,0,0,0,0,0,0,37,0,6,0,8,0,10,0,3,2,23,0,23,80,0,3,2844,1,2497,0,0,0,19,0,5,0,0,0,2,0,0,0,0,0,1,0,2,0,15,3,2,0,1,0,1,3,3,0,4,0,1,3,8,0,0,0,1,0,0,0,6,0,8,0,407,0,956,0,313,0,70,0,91,2,129,0,22,0,36,0,4,0,20,0,266,0,64,0,87,96,95,72,171,14,128,97,380,1,11,0,14,0,246,1,8,0,2,8,0
164,0,399,2,371,0,94,0,121,0,256,0,56,0,10,0,644,0,19,0,76,0,148,0,23,0,12,0,277,0,17,0,5047,0,0,0,45,18,7,0,1021,0,15,0,546,0,25,0,3,0,56,0,12,0,103,0,49,0,79,0,49,0,4,0,16,0,9,0,24,0,5,0,2,0,1222,3,0,0,1498,0,0,0,22,0,51,0,193,0,93,0,24,0,90,0,2,1,2,2,11,10,5,2,0,1,1,1,5,1,3,4,5,2,9,16,0,2,0,0,0,1,14,0,7,0,155,0,368,0,33,0,60,1,59,0,224,35,35,0,3,0,7,0,12,0,121,0,11,0,2,0,4,0,13,1,10,9,201,0,73,6,20,0,85,2,38,1,32,5,5,12
0,386,3,476,0,1034,0,189,0,482,0,52,0,55,0,252,2,351,0,254,4,181,0,175,0,62,0,16,0,11,0,0,0,3315,0,0,1,560,6,4,1,927,1,34,0,437,4,19,1,4,0,24,1,6,1,35,0,56,0,151,0,137,0,43,0,51,0,46,0,17,11,150,0,89,1,2844,0,0,0,1103,0,0,0,61,0,198,0,32,0,99,0,0,0,77,0,0,0,0,0,6,0,0,0,0,0,0,0,0,1,0,0,0,0,0,1,0,0,0,0,0,0,2,0,1,0,38,0,104,0,56,0,11,0,21,0,14,0,5,0,138,0,9,0,20,0,47,0,8,0,6,1,6,3,147,7,184,2,378,1,1,0,4,0,79,0,5,0,1,1,0
23,0,48,0,57,0,12,0,12,0,20,0,6,0,0,0,3,0,1,0,5,1,5,0,1,0,0,0,8,0,1,0,291,0,0,0,7,0,1,0,525,0,8,0,243,0,3,0,0,0,14,0,4,0,9,0,4,0,15,0,0,0,1,0,0,0,1,0,4,0,1,0,0,0,620,1,1498,0,0,0,0,0,2,0,4,0,35,0,12,0,4,0,14,0,0,1,1,1,12,6,0,0,0,2,1,0,1,1,0,3,2,0,3,9,0,0,0,0,0,1,3,0,0,0,77,0,22,1,11,0,54,1,29,0,102,16,31,0,6,0,6,0,6,0,48,0,1,1,2,0,0,0,0,0,0,0,111,0,25,1,18,0,68,0,24,3,11,6,1,9
0,169,1,114,0,175,0,54,0,57,0,1,0,9,0,105,3,24,0,27,1,0,0,2,0,1,0,0,0,0,0,0,0,100,0,0,0,281,0,1,3,526,1,10,0,117,2,6,1,2,1,9,0,4,0,7,1,8,0,15,0,52,0,14,0,19,0,22,0,8,5,70,0,42,0,2497,0,1103,0,0,0,0,0,25,0,23,0,0,0,9,0,0,0,2,0,2,0,1,0,13,0,2,0,1,0,0,0,4,0,1,0,1,2,1,0,0,0,1,0,0,0,6,0,6,0,157,0,208,0,112,0,34,0,83,2,63,2,15,1,34,0,6,0,16,0,89,0,12,0,22,0,0,0,28,4,47,1,427,2,2,1,12,0,188,1,10,1,1,2,0
0,0,0,0,0,0,0,0,0,0,0,0,0,0,0,0,0,0,0,0,0,0,0,0,0,0,0,0,0,0,0,0,0,0,0,0,0,0,0,0,0,0,0,0,0,0,0,0,0,0,0,0,0,0,0,0,0,0,0,0,0,0,0,0,0,0,0,0,0,0,0,0,0,0,0,0,0,0,0,0,0,0,0,0,0,0,0,0,0,0,0,0,0,0,0,0,0,0,0,0,0,0,0,0,0,0,0,0,0,0,0,0,0,0,0,0,0,0,0,0,0,0,0,0,0,0,0,0,0,0,0,0,0,0,0,0,0,0,0,0,0,0,0,0,0,0,0,0,0,0,0,0,0,0,0,0,0,0,0,0,0,0,0,0,0,0,0,0,0,0
0,0,0,0,0,0,0,0,0,0,0,0,0,0,0,0,0,0,0,0,0,0,0,0,0,0,0,0,0,0,0,0,0,0,0,0,0,0,0,0,0,0,0,0,0,0,0,0,0,0,0,0,0,0,0,0,0,0,0,0,0,0,0,0,0,0,0,0,0,0,0,0,0,0,0,0,0,0,0,0,0,0,0,0,0,0,0,0,0,0,0,0,0,0,0,0,0,0,0,0,0,0,0,0,0,0,0,0,0,0,0,0,0,0,0,0,0,0,0,0,0,0,0,0,0,0,0,0,0,0,0,0,0,0,0,0,0,0,0,0,0,0,0,0,0,0,0,0,0,0,0,0,0,0,0,0,0,0,0,0,0,0,0,0,0,0,0,0,0,0
2,0,0,0,0,0,0,0,0,0,0,0,380,0,0,0,0,0,0,0,0,0,0,0,0,0,0,0,0,0,0,0,81,0,0,0,8,0,7,0,2,0,0,0,0,0,13,0,1,0,20,0,12,0,84,0,11,0,13,0,15,0,3,0,8,0,11,0,34,0,1,0,0,0,10,0,22,0,2,0,0,0,0,0,811,0,1,0,56,0,0,0,5,0,0,0,0,0,0,0,0,0,0,0,0,0,0,1,1,0,0,0,2,0,0,0,0,0,0,0,0,0,0,0,0,0,3,0,5,0,6,0,1,0,9,1,0,0,0,0,0,0,0,0,11,0,1,0,1,0,0,0,0,0,0,0,0,0,3,0,0,0,1,0,0,0,1,2,1,0
0,3,0,0,0,0,0,0,0,0,0,0,0,50,0,2,0,0,0,0,0,0,0,0,0,0,0,0,0,0,0,0,0,127,0,0,0,0,4,23,16,110,1,0,0,0,6,23,1,8,4,25,0,6,0,52,0,33,0,23,0,0,0,1,0,21,0,14,0,41,13,45,0,0,0,19,0,61,0,25,0,0,0,0,0,1101,0,4,0,57,0,0,0,29,0,0,0,0,0,0,0,0,0,0,0,0,0,0,0,0,0,0,0,0,0,0,0,0,0,0,0,0,0,0,0,0,0,0,0,7,0,0,0,0,0,0,0,0,0,18,0,2,0,3,0,14,0,0,0,0,0,0,0,0,0,0,0,0,0,0,0,0,0,0,0,0,0,0,0,0
13,0,0,0,0,0,2,0,0,0,0,0,577,0,0,0,0,0,0,0,0,0,0,0,0,0,0,0,0,0,0,0,271,0,0,0,22,4,13,1,63,0,7,0,1,0,29,0,8,0,55,0,31,0,307,0,81,0,134,0,123,0,17,0,212,0,814,0,291,0,5,0,0,0,21,0,51,0,4,0,0,0,811,0,0,0,1075,0,5228,0,10,0,295,0,1,0,0,0,1,3,0,0,0,0,0,0,0,0,1,1,0,1,1,1,0,0,0,0,0,0,1,0,2,0,2,0,13,0,18,0,12,0,2,0,20,0,1,0,0,0,1,0,1,0,38,0,4,0,5,0,0,0,0,0,0,0,0,0,4,0,1,0,1,0,3,0,1,1,2,0
0,40,0,1,0,1,0,4,0,0,0,0,0,632,0,11,0,2,0,1,0,1,0,1,0,2,0,0,0,0,0,0,0,914,0,0,0,9,25,61,25,728,7,18,0,105,15,130,10,33,8,65,1,25,0,277,0,182,0,179,0,23,0,0,0,98,0,770,0,724,21,147,0,2,0,5,0,198,0,23,0,0,0,1101,0,0,0,932,0,2515,0,55,0,243,0,0,0,0,0,1,0,1,0,0,0,0,0,0,0,0,0,0,0,0,0,0,0,0,0,0,0,0,0,0,0,1,0,0,0,1,0,0,0,0,0,1,0,0,0,37,0,1,0,14,0,35,0,0,0,2,0,0,0,0,0,0,0,3,0,0,0,0,0,1,0,0,0,0,0,0
0,0,0,0,0,0,0,0,0,0,6,0,24,0,0,0,18,0,0,0,0,0,1,0,0,0,0,0,128,0,0,0,623,0,0,0,0,0,0,0,345,0,73,0,388,0,0,0,0,0,5,0,2,0,3,0,8,0,235,0,0,0,0,0,0,0,0,0,2,0,0,0,0,0,3,0,193,0,35,0,0,0,1,0,1075,0,0,0,1352,0,882,0,643,0,0,0,0,0,0,0,0,0,0,0,0,0,0,0,0,0,0,0,0,0,0,0,0,0,0,0,0,0,0,0,0,0,0,0,0,0,0,0,0,0,1,0,0,0,0,0,1,0,1,0,2,0,0,0,0,0,0,0,0,0,0,0,0,0,2,0,2,0,0,0,0,0,2,1,0,0
0,0,0,0,0,0,0,0,0,0,0,0,0,29,0,0,0,0,0,0,0,0,0,0,0,0,0,0,0,0,0,0,0,467,0,0,0,0,0,1,0,1328,0,459,0,687,0,0,0,0,0,1,0,0,0,0,0,1,0,523,0,0,0,0,0,0,0,0,0,0,0,0,0,0,0,0,0,32,0,0,0,0,0,4,0,932,0,0,0,334,0,1991,0,230,0,0,0,0,0,0,0,0,0,0,0,0,0,0,0,0,0,0,0,0,0,0,0,0,0,0,0,0,0,0,0,0,0,0,0,0,0,0,0,0,0,0,0,0,0,0,0,0,0,0,0,0,0,0,0,0,0,0,0,0,0,0,0,1,0,0,0,0,0,0,0,0,0,0,0,0
16,0,0,0,0,0,0,0,0,0,0,0,64,0,2,0,0,0,0,0,0,0,0,0,0,0,0,0,0,0,0,0,234,0,0,0,9,0,22,0,62,0,16,0,9,0,29,0,5,0,54,0,27,0,1974,0,469,0,186,0,19,0,17,0,113,0,394,0,1494,0,11,0,0,0,8,0,93,0,12,0,0,0,56,0,5228,0,1352,0,0,0,1245,0,4776,0,1,0,0,0,0,1,0,0,0,0,0,1,1,0,1,0,0,0,1,0,0,0,0,0,0,0,1,0,2,0,1,0,6,0,17,0,10,0,1,0,7,2,0,0,0,0,2,0,0,0,24,0,3,0,1,0,0,0,0,0,0,0,1,0,5,0,0,0,2,0,5,0,1,1,0,2
0,25,0,1,0,4,0,1,0,2,0,0,0,36,0,15,0,0,0,1,0,2,0,0,0,0,0,0,0,0,0,0,0,161,0,0,0,12,78,107,58,892,15,206,0,67,19,294,31,127,16,99,0,165,0,2708,0,369,1,1135,0,9,0,6,0,34,0,102,0,1182,76,494,0,0,0,2,0,99,0,9,0,0,0,57,0,2515,0,334,0,0,0,1725,0,4750,0,0,0,0,0,0,0,0,0,0,0,0,0,0,0,0,0,0,0,0,0,0,0,0,0,0,0,0,0,0,0,0,0,1,0,3,0,0,0,0,0,0,0,0,0,4,0,0,0,1,1,0,0,1,0,1,0,0,0,0,0,0,0,2,0,0,0,0,0,1,0,0,0,0,0,0
0,0,0,0,0,0,0,0,0,0,0,0,0,0,0,0,1,0,0,0,0,0,0,0,0,0,0,0,0,0,0,0,11,0,0,0,0,0,0,0,70,0,95,0,51,0,0,0,0,0,2,0,0,0,1,0,0,0,873,0,0,0,0,0,0,0,0,0,0,0,0,0,0,0,1,0,24,0,4,0,0,0,0,0,10,0,882,0,1245,0,0,0,1457,0,0,0,0,0,1,0,0,0,0,0,0,0,0,0,0,0,0,0,0,0,0,0,0,0,0,0,0,0,0,0,0,0,0,0,0,0,0,0,0,0,0,0,0,0,0,0,0,0,2,0,2,0,0,0,0,0,0,0,0,0,0,0,0,0,1,0,0,0,0,0,0,0,0,0,0,0
0,0,0,0,0,0,0,0,0,0,0,0,0,0,0,0,0,0,0,0,0,1,0,0,0,0,0,0,0,0,0,0,0,4,0,0,0,0,0,0,0,207,0,454,0,168,0,0,0,0,0,0,0,0,0,0,0,0,0,983,0,0,0,0,0,0,0,0,0,0,0,0,0,0,0,0,0,0,0,0,0,0,0,0,0,55,0,1991,0,1725,0,0,0,1027,0,0,0,0,0,0,0,0,0,0,0,0,0,0,0,0,0,0,0,0,0,0,0,0,0,0,0,0,0,0,0,0,0,0,0,0,0,0,0,0,0,0,0,0,0,0,0,0,0,0,0,0,0,0,0,0,0,0,0,0,0,0,0,0,0,0,0,0,0,0,0,0,0,0,0,0
0,0,0,0,0,0,0,0,0,0,1,0,0,0,0,0,0,0,0,0,0,0,0,0,0,0,0,0,0,0,0,0,236,0,0,0,1,0,1,0,719,0,254,0,36,0,6,0,0,0,47,0,5,0,169,1,996,0,3889,0,0,0,0,0,1,0,0,0,31,1,1,0,0,0,0,0,90,0,14,0,0,0,5,0,295,0,643,0,4776,0,1457,0,0,0,52,0,0,0,3,0,0,0,0,0,0,0,0,0,0,0,0,0,1,1,0,0,0,0,0,1,0,0,1,0,0,0,1,0,2,0,1,0,0,0,3,0,0,0,0,0,2,0,2,0,6,0,1,0,0,0,0,0,0,0,0,0,0,0,0,0,0,0,3,0,0,0,0,0,0,0
0,0,0,0,0,0,0,0,0,0,0,0,0,13,0,0,0,1,0,0,0,0,0,0,0,0,0,0,0,0,0,0,0,139,0,0,0,0,7,8,2,196,0,144,0,16,0,33,1,5,0,62,0,15,0,98,0,1103,0,4257,0,0,0,0,0,0,0,1,0,0,0,11,0,0,0,0,0,77,0,2,0,0,0,29,0,243,0,230,0,4750,0,1027,0,0,0,7,0,0,0,0,0,1,0,4,0,0,0,0,0,0,0,0,0,0,0,0,0,0,0,0,0,0,0,0,0,0,0,0,0,1,0,0,0,0,0,0,0,0,0,4,0,0,0,0,0,1,0,0,0,0,0,0,0,0,0,0,0,0,0,0,0,0,0,0,0,0,0,0,0,0
0,0,0,0,0,0,0,0,0,0,0,0,0,0,0,0,0,0,0,0,0,0,0,0,0,0,0,0,0,0,0,0,0,0,0,0,0,0,0,0,1,0,2,0,0,0,0,0,0,0,0,0,0,0,5,0,23,0,154,0,0,0,0,0,0,0,0,0,0,0,0,0,0,0,0,0,2,0,0,0,0,0,0,0,1,0,0,0,1,0,0,0,52,0,0,4,4778,14,56,0,238,2,4968,26,758,0,571,5,66,4,19,1,0,0,11,65,152,43,7,3,0,0,0,0,0,0,0,1,0,0,0,0,0,0,0,0,0,0,0,0,0,0,0,0,1,0,0,0,0,0,0,0,0,0,0,0,0,0,1,0,0,0,0,0,0,0,1,0,0,0
0,0,0,0,0,0,0,0,0,0,0,0,0,0,0,0,0,0,0,0,0,0,0,0,0,0,0,0,0,0,0,0,0,0,0,0,0,0,0,0,13,1,23,0,0,0,0,0,0,0,0,2,0,0,0,0,0,4,0,30,0,0,0,0,0,0,0,0,0,0,0,0,0,0,0,1,1,0,1,2,0,0,0,0,0,0,0,0,0,0,0,0,0,7,4,0,28,4800,8,38,14,168,6,4160,2,441,28,1270,12,283,28,323,26,8,13,26,64,60,26,4,0,0,0,0,0,0,0,9,2,8,0,5,0,0,2,0,0,0,0,0,0,1,0,0,0,3,0,1,0,1,0,0,0,0,0,0,0,0,4,9,0,0,2,1,1,3,0,0,1,2
0,0,0,0,0,0,0,0,0,0,0,0,0,0,0,0,0,0,0,0,0,0,0,0,0,0,0,0,0,0,0,0,1,0,0,0,0,0,0,0,17,0,9,0,0,0,0,0,0,0,0,0,0,0,0,0,0,0,0,0,0,0,0,0,0,0,0,0,0,0,0,0,0,0,0,0,2,0,1,0,0,0,0,0,0,0,0,0,0,0,0,0,0,0,4778,28,0,61,69,6,354,7,1031,57,2306,2,1322,13,181,6,43,3,3,1,8,46,263,84,16,1,0,0,0,0,1,0,0,0,2,0,0,0,0,0,0,0,0,0,0,0,0,0,0,0,0,0,0,0,0,0,0,0,0,0,0,0,0,0,1,2,0,0,0,0,0,0,1,1,0,0
0,0,0,0,0,0,0,0,0,0,0,0,0,0,0,0,0,0,0,0,0,0,0,0,0,0,0,0,0,0,0,0,0,0,0,0,0,0,0,0,12,0,11,0,0,0,0,0,0,0,0,2,0,0,0,0,0,0,0,1,0,0,0,0,0,0,0,0,0,0,0,0,0,0,0,2,2,0,1,1,0,0,0,0,0,0,0,0,0,0,0,0,0,0,14,4800,61,0,12,34,14,153,7,1013,17,2340,26,2400,14,242,12,131,26,9,31,42,84,98,47,5,0,0,1,0,0,2,2,3,0,9,1,5,1,1,0,1,0,0,0,0,1,0,0,1,0,2,0,2,0,2,0,0,0,0,0,0,0,1,8,5,0,2,0,1,3,2,4,6,1,2
0,0,0,0,0,0,0,0,0,0,0,0,0,0,0,0,0,0,0,0,0,0,0,0,0,0,0,0,0,0,0,0,10,0,0,0,1,0,0,0,46,0,25,0,0,0,0,0,0,0,3,0,0,0,1,0,1,0,0,0,0,0,0,0,0,0,0,0,0,0,1,0,0,0,1,0,11,0,12,0,0,0,0,0,1,0,0,0,0,0,1,0,3,0,56,8,69,12,0,36,1463,51,154,25,39,4,257,12,506,20,29,2,135,157,133,47,20,48,112,235,0,0,0,0,0,0,9,0,1,0,1,0,0,0,0,0,0,0,2,0,0,0,1,0,8,1,2,0,0,1,0,0,0,0,0,0,0,0,5,3,1,1,0,1,1,1,150,1,1,1
1,0,0,0,0,0,0,0,0,0,0,0,0,0,0,0,0,0,0,0,0,0,0,0,0,0,0,0,0,0,0,0,14,2,0,0,1,0,0,0,24,44,18,68,0,0,1,0,0,0,1,54,0,0,0,0,0,0,1,4,0,0,0,0,0,0,0,0,3,0,0,1,0,0,0,15,10,6,6,13,0,0,0,0,3,1,0,0,1,0,0,0,0,0,0,38,6,34,36,0,45,499,2,193,2,13,19,80,20,83,14,5,67,143,119,17,11,17,21,66,1,1,1,2,1,16,8,71,11,120,8,36,2,5,9,16,3,2,1,0,1,2,4,11,14,108,1,11,1,27,0,0,0,0,0,0,0,2,25,45,0,7,2,25,30,48,11,22,177,10
0,0,0,0,0,0,0,0,0,0,0,0,0,0,0,0,0,0,0,0,0,0,0,0,0,0,0,0,0,0,0,0,5,0,0,0,0,0,0,0,11,0,158,0,0,0,0,0,0,0,460,0,0,0,1,0,0,0,81,0,0,0,0,0,0,0,0,0,0,0,0,0,0,0,0,3,5,0,0,0,0,0,0,0,0,0,0,0,0,0,0,0,0,0,238,14,354,14,1463,45,0,126,1063,51,235,3,1308,26,503,20,335,4,113,136,606,138,57,90,74,49,0,0,0,0,1,1,3,2,3,4,1,0,1,1,2,0,0,0,2,0,0,0,2,1,1,1,0,0,0,0,0,0,0,0,0,0,0,0,6,3,0,3,1,3,2,1,18,3,0,6
0,0,0,0,0,0,0,0,0,0,0,0,0,0,0,0,0,0,0,0,0,0,0,0,0,0,0,0,0,0,0,0,0,1,0,0,0,1,0,0,6,64,12,84,0,0,0,11,0,0,2,300,0,0,0,0,0,0,0,32,0,0,0,0,0,0,0,0,0,0,0,26,0,0,0,2,2,0,0,2,0,0,0,0,0,1,0,0,0,0,0,0,0,1,2,168,7,153,51,499,126,0,13,1640,4,36,37,194,27,236,19,129,114,64,788,147,25,57,49,51,0,0,0,0,0,1,0,6,1,6,0,5,0,0,2,1,0,0,1,0,0,0,1,1,0,4,0,0,0,2,0,0,0,0,0,0,0,0,3,12,1,1,0,7,3,5,0,8,6,6
0,0,0,0,0,0,0,0,0,0,0,0,0,0,0,0,0,0,0,0,0,0,0,0,0,0,0,0,0,0,0,0,0,0,0,0,0,0,0,0,4,0,4,0,0,0,0,0,0,0,1,0,0,0,0,0,0,0,29,0,0,0,0,0,0,0,0,0,0,0,0,0,0,0,0,0,0,0,0,0,0,0,0,0,0,0,0,0,0,0,0,0,0,0,4968,6,1031,7,154,2,1063,13,0,56,432,0,836,7,269,9,71,2,6,2,8,564,241,84,32,5,0,0,0,0,0,0,0,0,0,1,0,0,0,1,0,0,0,0,2,0,0,0,0,0,1,1,0,0,0,1,0,0,0,0,0,0,0,0,1,0,0,0,0,0,0,0,0,0,0,1
0,0,0,0,0,0,0,0,0,0,0,0,0,0,0,0,0,0,0,0,0,0,0,0,0,0,0,0,0,0,0,0,2,0,0,0,0,0,1,0,7,0,16,3,0,0,8,3,0,0,1,77,0,0,1,0,0,5,0,125,0,0,0,0,0,0,0,0,0,0,0,0,0,0,0,1,1,0,2,1,0,0,0,0,0,0,0,0,0,0,0,0,0,4,26,4160,57,1013,25,193,51,1640,56,0,13,116,90,688,31,450,28,397,144,39,117,474,316,163,86,32,0,0,0,0,0,2,0,8,3,10,1,2,0,0,1,1,0,0,0,0,0,1,0,0,4,5,0,3,0,1,0,0,0,0,0,0,0,0,1,7,0,1,1,6,0,4,1,9,7,1
0,0,0,0,0,0,0,0,0,0,0,0,0,0,0,0,0,0,0,0,0,0,0,0,0,0,0,0,0,0,0,0,0,0,0,0,0,0,0,0,9,0,9,0,0,0,0,0,0,0,0,0,0,0,0,0,0,0,0,0,0,0,0,0,0,0,0,0,0,0,0,0,0,0,0,0,1,0,1,0,0,0,0,0,0,0,0,0,0,0,0,0,0,0,758,2,2306,17,39,2,235,4,432,13,0,2,1886,4,142,6,29,2,1,0,5,16,50,51,12,0,0,0,0,0,0,0,0,0,0,0,0,0,0,0,0,0,0,0,2,0,0,0,1,0,2,0,0,0,0,0,0,0,0,0,0,0,0,0,0,1,0,0,0,1,0,0,1,0,0,0
