0,36,1415,6,2683,6,1068,1,656,0,0,0,719,1,822,4,0,0,43,0,0,0,0,0,0,0,0,0,0,0,0,0,846,1,0,0,119,140,16,2,19,1,7,0,0,0,3,1,10,1,1,0,23,1,15,0,0,0,0,0,5799,8,287,4,214,0,333,0,32,0,299,11,1452,2,163,11,255,3,0,0,0,0,16,0,379,0,0,0,54,0,0,0,1,0,0,0,0,0,3,0,3,0,0,0,0,0,0,1,0,1,1,4,1,0,0,0,0,0,0,0,2,0,0,0,2,0,4,0,3,0,0,0,3,1,1,0,0,0,1,0,0,0,1,0,22,0,8,0,1,0,0,0,0,0,9,19,0,0,0,0,0,0,25,0,7,0,0,0,2,0
36,0,21,2401,10,2200,4,735,4,119,0,0,2,569,105,444,0,1,9,4,0,0,0,0,0,0,0,0,0,0,0,0,17,153,0,0,282,670,1,0,1,9,1,0,0,0,0,0,1,1,0,0,0,1,1,0,0,0,0,1,5,6603,0,79,0,20,0,115,0,8,19,256,41,407,15,180,14,93,0,5,0,0,0,2,1,2,0,1,1,2,0,0,1,1,0,0,0,0,2,3,1,0,0,0,1,0,0,0,0,2,0,0,1,3,0,0,0,0,0,0,0,1,0,11,0,2,1,24,0,5,0,0,0,3,0,22,0,27,0,3,0,4,0,0,1,9,1,6,0,2,0,0,4,1,93,27,0,1,1,0,0,5,2,4,2,7,1,6,3,0
1415,21,0,26,5132,13,43,9,370,5,219,0,20,0,2424,8,25,0,3679,3,232,2,51,0,163,0,321,0,78,0,29,0,365,1,0,0,91,12,1,0,12,0,1,0,6,0,0,1,3,0,0,0,1,0,4,0,0,0,1,0,75,0,20,0,33,0,23,0,17,0,23,1,425,0,386,61,267,5,0,0,0,0,1,0,50,0,26,0,24,0,5,0,8,0,0,0,0,0,0,0,0,0,0,0,0,0,1,0,0,0,1,1,0,1,0,0,0,0,0,0,1,0,0,1,0,0,0,0,0,0,0,0,1,0,0,0,0,0,0,0,0,0,0,0,0,0,1,0,0,0,6,10,43,0,48,20,5,0,0,0,0,0,12,1,2,0,0,1,2,0
6,2401,26,0,14,6011,2,426,8,464,0,212,0,21,94,1944,2,55,62,1535,5,429,1,124,1,112,0,244,0,107,0,28,5,274,0,0,119,644,1,6,0,33,0,7,0,31,0,0,0,0,0,0,0,0,0,1,0,0,0,4,1,121,1,18,0,5,0,4,0,0,6,188,7,238,32,756,2,742,0,20,0,0,0,1,0,0,1,42,0,2,0,2,0,4,1,0,0,0,0,3,4,1,1,1,3,0,1,1,0,1,1,0,10,5,0,0,1,0,0,0,0,0,0,16,0,8,0,37,0,8,0,4,1,5,0,82,0,42,0,1,0,3,0,0,0,9,0,9,0,3,13,39,60,209,375,687,1,20,0,0,0,4,0,5,7,13,2,11,10,0
2683,10,5132,14,0,18,566,11,3428,5,584,0,127,0,752,6,3,2,675,3,54,1,17,0,53,0,142,0,79,0,100,0,865,0,0,0,71,31,2,1,19,0,0,0,10,0,0,0,1,0,0,1,2,0,0,0,1,0,2,0,130,0,39,0,28,0,27,0,4,0,57,2,179,0,578,33,408,1,1,0,0,0,1,0,85,0,40,0,21,0,1,0,14,0,0,0,0,0,3,0,1,0,0,0,0,0,0,2,0,0,1,1,0,1,0,0,0,0,0,0,0,0,0,0,5,0,1,0,0,0,0,0,3,0,1,0,0,0,1,0,1,0,0,0,13,0,0,0,0,0,1,5,26,0,39,20,1,0,0,0,0,0,21,0,9,0,0,0,0,1
6,2200,13,6011,18,0,0,1596,5,2722,0,764,1,52,60,60,2,16,43,114,1,65,0,31,0,52,0,158,0,84,0,98,3,334,0,0,79,94,1,0,0,21,0,2,0,35,0,0,0,0,0,2,0,0,0,0,0,0,0,3,0,122,0,3,0,1,0,3,1,0,1,25,2,5,15,577,4,524,0,13,0,0,0,0,1,1,0,28,0,1,0,2,0,2,1,0,0,0,3,3,0,1,0,1,2,0,2,3,0,0,0,0,5,2,0,0,0,0,0,1,0,1,0,16,0,7,0,34,0,8,0,4,0,4,0,67,0,43,0,0,0,4,0,0,1,5,0,7,0,2,12,6,40,7,316,276,0,5,1,1,0,4,2,6,3,7,5,9,2,0
1068,4,43,2,566,0,0,1,1498,1,4,0,1194,0,103,1,0,0,19,0,0,0,0,0,0,0,0,0,0,0,0,0,428,0,0,0,25,20,0,0,4,0,1,0,0,0,0,1,1,0,0,0,1,0,1,0,0,0,0,0,283,1,12,0,4,0,8,0,1,0,18,1,64,0,69,4,58,0,1,0,0,0,7,0,26,0,0,0,2,0,0,0,0,0,0,0,0,0,0,1,1,0,0,0,0,0,0,0,0,0,0,1,0,0,0,0,0,0,0,0,1,0,0,0,0,0,1,0,0,0,0,0,0,0,0,0,0,0,0,0,0,0,0,0,5,0,1,0,0,0,0,0,0,0,3,9,0,0,1,0,0,0,10,0,0,0,0,1,2,0
1,735,9,426,11,1596,1,0,1,2307,0,5,0,1192,24,27,1,0,12,8,0,0,0,0,0,0,0,0,0,0,0,0,1,480,0,0,36,39,0,0,0,14,0,1,0,7,0,0,0,0,0,1,0,0,0,0,0,0,0,1,0,176,0,0,0,1,0,43,0,0,0,3,1,6,4,255,4,190,0,3,0,0,0,0,0,0,0,9,0,0,0,1,0,2,0,0,0,0,1,2,0,0,0,0,0,0,2,0,1,0,1,0,1,1,0,0,0,0,0,0,0,0,0,8,0,1,0,16,0,1,0,2,0,1,0,22,0,14,0,1,0,1,0,0,0,3,0,3,0,2,0,0,10,2,93,65,1,2,0,0,0,1,0,1,0,3,1,1,2,0
656,4,370,8,3428,5,1498,1,0,1,1357,0,148,0,167,2,0,0,266,0,1,1,3,0,3,0,0,0,28,0,51,0,1237,0,0,0,60,13,0,0,6,0,0,0,0,1,0,1,1,0,0,0,0,0,0,0,0,0,1,0,27,1,3,0,3,0,4,0,0,0,18,0,29,3,315,20,292,1,4,0,0,0,0,0,28,0,17,0,5,0,3,0,5,0,1,0,0,0,4,0,4,0,2,0,1,0,1,0,0,0,1,2,0,0,0,0,0,0,0,1,0,0,0,0,5,0,2,0,0,0,2,0,1,0,1,0,1,0,0,0,0,0,2,0,12,0,4,0,0,0,1,3,11,0,20,10,0,0,0,0,0,0,28,1,6,0,1,1,1,0
0,119,5,464,5,2722,1,2307,1,0,0,969,0,127,11,20,0,2,15,30,0,1,0,2,0,0,0,2,0,7,0,47,0,473,0,0,19,32,0,1,0,18,0,0,0,14,0,0,0,0,0,0,0,0,0,0,0,0,0,1,0,17,0,1,0,0,0,1,0,0,0,4,0,4,4,355,1,284,0,3,0,0,0,0,0,0,0,21,0,1,0,2,0,3,0,0,0,0,0,0,1,0,1,0,0,0,0,2,0,0,0,0,4,1,0,0,0,0,0,0,0,0,0,7,0,3,0,10,0,1,0,1,0,1,0,26,0,11,0,2,0,0,0,0,0,4,0,3,0,0,2,1,13,3,113,99,0,0,0,0,0,0,0,2,0,4,2,3,5,1
0,0,219,0,584,0,4,0,1357,0,0,0,0,0,0,0,1,0,49,0,52,0,11,0,30,0,136,0,803,0,1041,0,527,0,0,0,0,0,0,0,9,0,0,0,4,0,0,0,0,0,0,0,0,0,0,0,1,0,3,0,0,0,0,0,0,0,0,0,0,0,0,0,0,0,5,0,115,0,0,0,0,0,0,0,9,0,23,0,4,0,1,0,4,0,0,0,0,0,0,0,0,0,0,0,0,0,0,0,0,0,0,0,0,0,0,0,0,0,0,0,0,0,0,0,0,0,0,0,0,0,0,0,0,0,0,0,0,0,0,0,0,0,0,0,0,0,0,0,0,0,0,0,5,0,0,1,0,0,0,0,0,0,0,0,0,0,0,0,0,0
0,0,0,212,0,764,0,5,0,969,0,0,0,0,0,0,0,34,2,26,0,24,0,43,0,42,0,170,0,679,0,596,0,596,0,0,1,0,0,0,0,5,1,3,0,32,0,0,0,0,0,0,0,0,0,0,0,0,0,4,0,0,0,0,0,0,0,0,0,0,0,0,0,0,0,73,0,235,0,0,0,0,0,0,0,0,0,35,0,1,0,0,0,2,0,0,0,0,0,0,1,0,0,0,0,0,0,0,0,0,0,0,0,0,0,0,0,0,0,0,0,0,0,0,0,0,0,0,0,0,0,0,0,0,0,3,0,2,0,0,0,0,0,1,0,0,0,0,0,0,0,4,2,6,3,16,0,6,0,0,0,0,0,1,0,0,0,0,0,0
719,2,20,0,127,1,1194,0,148,0,0,0,0,0,22,0,0,0,1,0,0,0,0,0,0,0,0,0,0,0,0,0,328,0,0,0,22,7,15,4,21,0,2,0,0,0,12,49,36,12,5,0,43,6,54,3,5,0,9,0,1211,0,18,1,53,0,239,1,18,2,71,24,12,0,17,2,19,0,0,0,0,0,183,0,1040,1,252,0,109,2,2,0,30,0,0,0,0,0,0,0,0,0,0,0,0,0,0,0,0,0,0,0,0,0,0,0,0,0,0,0,0,0,0,0,0,0,0,0,0,0,1,0,0,0,0,0,0,0,1,0,0,0,0,0,1,0,0,0,0,0,0,0,0,0,1,1,0,0,0,0,0,0,1,0,0,0,0,0,0,0
1,569,0,21,0,52,0,1192,0,127,0,0,0,0,0,1,0,0,0,1,0,0,0,0,0,0,0,0,0,0,0,0,0,1338,0,0,8,7,1,0,0,9,0,2,0,1,0,1,0,0,0,2,0,0,0,0,0,0,0,6,1,841,0,0,0,11,0,1369,0,13,0,4,0,1,0,27,1,67,0,0,0,0,0,31,0,603,0,166,0,7,0,0,0,9,0,0,2,0,0,2,0,0,0,0,1,0,0,0,0,1,1,2,0,0,0,0,0,0,0,0,0,0,0,0,0,0,0,4,0,1,0,0,0,0,0,3,0,4,0,1,0,0,0,0,0,1,0,3,0,0,0,0,0,0,3,1,0,0,0,0,0,0,0,3,0,0,0,0,1,0
822,105,2424,94,752,60,103,24,167,11,0,0,22,0,0,64,0,0,1033,0,0,0,0,0,0,0,0,0,0,0,0,0,216,1,0,0,691,172,6,0,12,2,1,0,0,0,1,0,9,0,0,0,12,1,10,0,1,0,0,0,51,27,27,0,49,0,12,0,18,0,114,12,897,10,390,79,222,8,2,0,0,0,3,0,23,0,0,0,40,0,0,0,2,0,0,1,0,0,3,1,2,0,1,0,1,0,1,1,0,0,0,0,0,0,0,0,0,0,0,0,2,0,0,1,4,0,1,2,1,0,1,0,0,0,4,2,0,1,3,0,2,2,0,0,15,0,6,2,2,0,0,0,0,0,45,54,0,0,0,0,0,0,35,0,5,1,0,0,0,1
4,444,8,1944,6,60,1,27,2,20,0,0,0,1,64,0,0,0,11,1171,0,0,0,0,0,0,0,0,0,0,0,1,0,11,0,0,72,2519,0,6,0,1,0,1,0,0,0,0,0,1,0,1,0,0,0,0,0,0,0,0,0,48,0,5,0,0,0,1,0,0,10,82,121,1693,8,121,0,37,0,1,0,0,0,0,1,0,0,2,0,1,0,0,0,0,0,0,0,0,0,0,0,0,0,0,0,0,0,0,0,0,0,0,0,0,0,0,0,0,0,0,0,1,0,3,0,0,0,4,0,1,0,0,0,0,0,11,0,8,0,0,0,1,0,0,0,3,0,2,0,0,2,0,10,4,151,255,0,0,0,0,0,0,1,1,0,0,1,1,0,0
0,0,25,2,3,2,0,1,0,0,1,0,0,0,0,0,0,24,73,7,159,7,585,0,20,0,1,0,61,1,0,0,78,0,0,0,0,0,0,0,7,0,65,0,32,0,0,0,0,0,0,0,0,0,0,0,0,0,1,0,0,0,0,0,0,0,0,0,0,0,0,0,0,0,347,67,235,2,0,1,0,0,0,0,1,0,7,0,2,0,0,0,1,0,0,0,0,0,0,0,0,0,0,0,0,0,0,0,0,0,0,0,0,0,0,0,0,0,0,0,0,0,0,0,0,0,0,0,0,0,0,0,0,0,0,0,0,0,0,0,0,0,0,0,0,0,0,0,0,0,172,12,65,1,6,0,604,10,0,0,0,0,0,0,0,0,0,0,0,0
0,1,0,55,2,16,0,0,0,2,0,34,0,0,0,0,24,0,5,36,19,560,5,707,0,318,0,27,0,104,0,5,2,176,0,0,0,0,0,0,2,1,8,0,0,11,0,0,0,0,0,0,0,0,0,0,0,0,0,0,0,0,0,0,0,0,0,0,0,0,0,0,0,0,211,164,0,329,0,10,0,0,0,0,0,0,0,2,0,0,0,0,0,0,0,0,0,0,0,0,0,0,0,0,0,0,0,0,0,0,0,0,0,0,0,0,0,0,0,0,0,0,0,0,0,1,0,0,0,0,0,0,0,0,0,1,0,0,0,0,0,0,0,0,0,0,0,0,0,0,0,265,1,2,0,14,1,1002,0,0,0,0,0,0,0,2,0,0,0,0
43,9,3679,62,675,43,19,12,266,15,49,2,1,0,1033,11,73,5,0,33,288,2,69,1,56,0,37,0,64,0,6,0,348,2,0,0,472,18,0,0,8,0,1,0,6,0,0,0,0,0,0,0,0,0,0,0,0,0,0,0,5,0,0,0,1,0,1,0,0,0,9,1,7,1,643,212,237,8,2,0,0,0,0,0,19,0,25,0,9,0,0,0,9,0,0,0,0,0,0,1,2,0,0,0,0,0,0,0,0,0,0,1,0,0,0,0,0,0,0,0,0,0,0,0,3,0,0,0,0,0,0,0,0,0,3,0,0,1,1,0,0,0,0,0,1,1,1,0,1,0,51,64,334,23,243,39,33,1,0,0,0,0,6,0,2,0,0,1,0,0
0,4,3,1535,3,114,0,8,0,30,0,26,0,1,0,1171,7,36,33,0,2,795,1,61,0,21,0,16,0,22,0,2,0,28,0,0,2,1280,0,1,0,1,0,1,0,4,0,0,0,0,0,0,0,0,0,0,0,0,0,0,0,2,0,1,0,0,0,0,0,0,0,2,0,2,11,132,2,81,0,4,0,0,0,0,1,0,0,4,0,0,0,0,0,1,0,0,0,0,0,0,0,0,0,0,0,0,0,0,0,1,0,0,1,0,0,0,0,0,0,0,0,0,0,1,0,0,0,1,0,1,0,0,0,1,0,6,0,2,0,0,0,0,0,0,0,0,0,0,0,0,8,99,19,1120,47,695,3,17,0,0,0,0,0,0,0,1,1,1,0,0
0,0,232,5,54,1,0,0,1,0,52,0,0,0,0,0,159,19,288,2,0,38,783,32,282,0,91,0,162,1,8,1,126,0,0,0,0,0,0,0,5,0,0,0,5,0,0,0,1,0,0,0,0,0,0,0,1,0,1,0,0,0,0,0,0,0,0,0,0,0,0,0,0,0,76,5,87,0,1,0,0,0,0,0,1,0,26,0,4,0,1,0,3,0,0,0,0,0,0,0,0,0,0,0,0,0,0,0,0,0,0,0,0,0,0,0,0,0,0,0,0,0,0,0,1,0,0,0,0,0,0,0,0,0,0,0,0,0,0,0,0,0,0,0,0,0,0,0,0,0,117,5,93,0,3,1,197,6,0,0,0,0,1,0,0,0,0,0,0,0
0,0,2,429,1,65,0,0,1,1,0,24,0,0,0,0,7,560,2,795,38,0,7,1207,0,235,0,129,0,101,0,1,0,48,0,0,0,3,0,0,0,0,0,0,0,7,0,0,0,0,0,0,0,0,0,0,0,0,0,0,0,0,0,0,0,0,0,0,0,0,0,0,0,0,19,122,0,54,0,0,0,0,0,0,0,0,0,2,0,0,0,0,0,0,0,0,0,0,0,0,0,0,0,0,0,0,0,0,0,0,0,0,0,0,0,0,0,0,0,0,0,0,0,0,0,1,0,0,0,0,0,0,0,0,0,0,0,0,0,0,0,0,0,0,0,0,0,0,0,0,3,161,8,76,0,11,1,325,0,0,0,0,0,0,1,0,0,1,0,0
0,0,51,1,17,0,0,0,3,0,11,0,0,0,0,0,585,5,69,1,783,7,0,205,375,0,33,0,148,0,2,0,103,0,0,0,0,0,0,0,4,0,0,0,10,0,0,0,0,0,0,0,0,0,0,0,0,0,0,0,0,0,0,0,0,0,0,0,0,0,0,0,0,0,25,1,37,0,0,0,0,0,0,0,0,0,13,0,1,0,0,0,0,0,0,0,0,0,0,0,0,0,0,0,0,0,0,0,0,0,0,0,0,0,0,0,0,0,0,0,0,0,0,0,0,0,0,0,0,0,0,0,0,0,0,0,0,0,0,0,0,0,0,0,0,0,0,0,0,0,129,6,82,0,4,1,205,2,0,0,0,0,0,0,0,0,0,0,0,0
0,0,0,124,0,31,0,0,0,2,0,43,0,0,0,0,0,707,1,61,32,1207,205,0,0,661,0,168,0,59,0,1,0,21,0,0,0,0,0,0,0,0,0,1,0,2,0,0,0,0,0,0,0,0,0,0,0,0,0,0,0,0,0,0,0,0,0,0,0,0,0,0,0,0,1,31,0,22,0,1,0,0,0,0,0,0,0,4,0,0,0,0,0,0,0,0,0,0,0,0,0,0,0,0,0,0,0,0,0,0,0,0,0,0,0,0,0,0,0,0,0,0,0,0,0,0,0,0,0,0,0,0,0,0,0,0,0,0,0,0,0,0,0,0,0,0,0,0,0,0,0,24,0,2,0,2,0,131,0,0,0,0,0,0,0,0,0,0,0,0
0,0,163,1,53,0,0,0,3,0,30,0,0,0,0,0,20,0,56,0,282,0,375,0,0,0,177,0,636,0,4,0,125,0,0,0,0,0,0,0,0,0,0,0,0,0,0,0,0,0,0,0,0,0,0,0,0,0,0,0,0,0,0,0,0,0,0,0,0,0,0,0,0,0,8,0,28,0,0,0,0,0,0,0,0,0,5,0,0,0,0,0,0,0,0,0,0,0,0,0,0,0,0,0,0,0,0,0,0,0,0,0,0,0,0,0,0,0,0,0,0,0,0,0,0,0,0,0,0,0,0,0,0,0,0,0,0,0,0,0,0,0,0,0,0,0,0,0,0,0,12,0,23,0,1,1,9,0,0,0,0,0,0,0,0,0,0,0,0,0
0,0,0,112,0,52,0,0,0,0,0,42,0,0,0,0,0,318,0,21,0,235,0,661,0,0,0,446,0,109,0,2,0,52,0,0,0,0,0,0,0,1,0,0,0,3,0,0,0,0,0,0,0,0,0,0,0,0,0,0,0,0,0,0,0,0,0,0,0,0,0,0,0,0,0,8,0,17,0,0,0,0,0,0,0,0,0,2,0,0,0,0,0,0,0,0,0,0,0,0,0,0,0,0,0,0,0,0,0,0,0,0,0,0,0,0,0,0,0,0,0,0,0,0,0,0,0,1,0,0,0,0,0,0,0,1,0,0,0,0,0,0,0,0,0,0,0,0,0,0,0,2,0,0,0,1,0,5,0,0,0,0,0,0,0,0,0,0,0,0
0,0,321,0,142,0,0,0,0,0,136,0,0,0,0,0,1,0,37,0,91,0,33,0,177,0,0,0,175,0,6,0,34,0,0,0,0,0,0,0,1,0,0,0,1,0,0,0,0,0,0,0,0,0,0,0,0,0,0,0,0,0,0,0,0,0,0,0,0,0,0,0,0,0,0,0,8,0,0,0,0,0,0,0,1,0,3,0,1,0,0,0,0,0,0,0,0,0,0,0,0,0,0,0,0,0,0,0,0,0,0,0,0,0,0,0,0,0,0,0,0,0,0,0,0,0,0,0,0,0,0,0,0,0,0,0,0,0,0,0,0,0,0,0,0,0,0,0,0,0,1,0,5,0,0,0,0,0,0,0,0,0,0,0,0,0,0,0,0,0
0,0,0,244,0,158,0,0,0,2,0,170,0,0,0,0,0,27,0,16,0,129,0,168,0,446,0,0,0,105,0,82,0,62,0,0,0,0,0,0,0,0,0,1,0,5,0,0,0,0,0,0,0,0,0,0,0,0,0,0,0,0,0,0,0,0,0,0,0,0,0,0,0,0,0,12,0,35,0,0,0,0,0,0,0,0,0,4,0,0,0,0,0,0,0,0,0,0,0,0,0,0,0,0,0,0,0,0,0,0,0,0,0,0,0,0,0,0,0,0,0,0,0,0,0,0,0,0,0,0,0,0,0,0,0,0,0,0,0,0,0,0,0,0,0,0,0,0,0,0,0,0,0,2,0,1,0,1,0,0,0,0,0,0,0,0,0,0,0,0
0,0,78,0,79,0,0,0,28,0,803,0,0,0,0,0,61,0,64,0,162,0,148,0,636,0,175,0,0,0,197,0,876,0,0,0,0,0,0,0,7,0,1,0,11,0,0,0,0,0,0,0,0,0,0,0,0,0,1,0,0,0,0,0,0,0,0,0,0,0,0,0,0,0,9,0,85,0,0,0,0,0,0,0,9,0,23,0,1,0,3,0,4,0,0,0,0,0,0,0,0,0,0,0,0,0,0,0,0,0,0,0,0,0,0,0,0,0,0,0,0,0,0,0,0,0,0,0,0,0,0,0,0,0,0,0,0,0,0,0,0,0,0,0,0,0,0,0,0,0,11,2,25,0,0,0,5,0,0,0,0,0,0,0,0,0,0,0,0,0
0,0,0,107,0,84,0,0,0,7,0,679,0,0,0,0,1,104,0,22,1,101,0,59,0,109,0,105,0,0,0,172,0,687,0,0,0,0,0,0,0,3,0,2,0,13,0,0,0,0,0,0,0,0,0,0,0,0,0,1,0,0,0,0,0,0,0,0,0,0,0,0,0,0,0,14,0,93,0,1,0,0,0,0,0,0,0,58,0,0,0,5,0,0,0,0,0,0,0,0,0,0,0,0,0,0,0,0,0,0,0,0,0,0,0,0,0,0,0,0,0,0,0,0,0,0,0,0,0,0,0,0,0,1,0,1,0,0,0,0,0,0,0,0,0,0,0,0,0,0,0,4,0,2,0,2,0,4,0,0,0,0,0,0,0,0,0,0,0,0
0,0,29,0,100,0,0,0,51,0,1041,0,0,0,0,0,0,0,6,0,8,0,2,0,4,0,6,0,197,0,0,0,21,0,0,0,0,0,0,0,0,0,0,0,0,0,0,0,0,0,0,0,0,0,0,0,0,0,0,0,0,0,0,0,0,0,0,0,0,0,0,0,0,0,0,0,7,0,0,0,0,0,0,0,0,0,3,0,2,0,0,0,1,0,0,0,0,0,0,0,0,0,0,0,0,0,0,0,0,0,0,0,0,0,0,0,0,0,0,0,0,0,0,0,0,0,0,0,0,0,0,0,0,0,0,0,0,0,0,0,0,0,0,0,0,0,0,0,0,0,0,0,1,0,0,0,0,0,0,0,0,0,0,0,0,0,0,0,0,0
0,0,0,28,0,98,0,0,0,47,0,596,0,0,0,1,0,5,0,2,1,1,0,1,0,2,0,82,0,172,0,0,0,45,0,0,0,0,0,0,0,1,0,0,0,3,0,0,0,0,0,0,0,0,0,0,0,0,0,0,0,0,0,0,0,0,0,0,0,0,0,0,0,0,0,9,0,45,0,0,0,0,0,0,0,0,0,6,0,0,0,0,0,0,0,0,0,0,0,0,0,0,0,0,0,0,0,0,0,0,0,0,0,0,0,0,0,0,0,0,0,0,0,0,0,0,0,0,0,0,0,0,0,0,0,0,0,0,0,0,0,0,0,0,0,0,0,0,0,0,0,0,0,1,0,3,0,0,0,0,0,0,0,0,0,1,0,0,0,0
846,17,365,5,865,3,428,1,1237,0,527,0,328,0,216,0,78,2,348,0,126,0,103,0,125,0,34,0,876,0,21,0,0,1,0,0,147,66,39,4,509,0,42,0,148,0,11,65,32,17,43,1,47,8,66,0,40,1,86,0,551,5,198,4,106,0,154,1,16,1,329,44,164,2,569,20,1276,3,9,0,0,0,58,0,350,0,357,0,114,2,25,0,88,0,4,0,4,0,3,1,8,0,0,0,2,0,0,0,2,0,6,1,1,0,0,0,0,0,0,0,1,0,0,0,10,0,2,0,0,0,2,0,2,0,6,0,0,1,21,0,2,1,4,0,56,0,8,0,2,0,18,3,39,0,15,12,22,0,0,1,0,0,36,0,10,0,1,0,2,0
1,153,1,274,0,334,0,480,0,473,0,596,0,1338,1,11,0,176,2,28,0,48,0,21,0,52,0,62,0,687,0,45,1,0,0,0,6,16,0,0,2,871,1,49,0,193,1,8,0,1,0,28,0,2,0,3,0,4,0,180,0,196,0,0,0,13,0,255,0,22,1,28,0,0,3,351,2,3205,1,30,0,0,0,211,0,464,0,674,0,165,0,45,0,279,6,0,0,0,3,4,4,1,0,1,2,0,4,3,2,3,5,6,10,2,0,1,0,0,0,1,0,0,0,1,0,1,0,13,0,28,0,0,0,6,1,23,0,5,0,12,0,26,0,9,2,44,0,8,0,9,0,2,3,4,21,29,0,2,2,4,0,3,2,23,6,14,4,18,16,1
0,0,0,0,0,0,0,0,0,0,0,0,0,0,0,0,0,0,0,0,0,0,0,0,0,0,0,0,0,0,0,0,0,0,0,0,0,0,0,0,0,0,0,0,0,0,0,0,0,0,0,0,0,0,0,0,0,0,0,0,0,0,0,0,0,0,0,0,0,0,0,0,0,0,0,0,0,0,0,0,0,0,0,0,0,0,0,0,0,0,0,0,0,0,0,0,0,0,0,0,0,0,0,0,0,0,0,0,0,0,0,0,0,0,0,0,0,0,0,0,0,0,0,0,0,0,0,0,0,0,0,0,0,0,0,0,0,0,0,0,0,0,0,0,0,0,0,0,0,0,0,0,0,0,0,0,0,0,0,0,0,0,0,0,0,0,0,0,0,0
0,0,0,0,0,0,0,0,0,0,0,0,0,0,0,0,0,0,0,0,0,0,0,0,0,0,0,0,0,0,0,0,0,0,0,0,0,0,0,0,0,0,0,0,0,0,0,0,0,0,0,0,0,0,0,0,0,0,0,0,0,0,0,0,0,0,0,0,0,0,0,0,0,0,0,0,0,0,0,0,0,0,0,0,0,0,0,0,0,0,0,0,0,0,0,0,0,0,0,0,0,0,0,0,0,0,0,0,0,0,0,0,0,0,0,0,0,0,0,0,0,0,0,0,0,0,0,0,0,0,0,0,0,0,0,0,0,0,0,0,0,0,0,0,0,0,0,0,0,0,0,0,0,0,0,0,0,0,0,0,0,0,0,0,0,0,0,0,0,0
119,282,91,119,71,79,25,36,60,19,0,1,22,8,691,72,0,0,472,2,0,0,0,0,0,0,0,0,0,0,0,0,147,6,0,0,0,907,628,45,38,4,2,0,0,0,16,27,94,8,1,0,68,2,19,2,0,0,0,0,73,183,33,19,39,3,20,14,18,3,1534,141,152,86,292,74,216,14,6,0,0,0,31,1,45,4,0,0,13,4,0,0,0,0,0,0,0,0,1,1,1,0,0,0,1,0,0,2,0,2,1,1,0,1,0,0,0,0,0,0,1,0,0,2,7,0,2,2,3,0,2,0,0,0,5,4,1,2,0,0,0,0,0,0,7,2,2,0,2,0,0,1,13,0,629,40,1,0,0,0,0,1,19,0,10,0,1,1,1,0
140,670,12,644,31,94,20,39,13,32,0,0,7,7,172,2519,0,0,18,1280,0,3,0,0,0,0,0,0,0,0,0,0,66,16,0,0,907,0,108,765,9,0,0,0,0,0,1,16,2,20,0,1,9,5,7,6,0,0,0,0,64,772,7,135,13,23,13,43,1,9,166,2620,217,1038,32,100,67,44,1,1,0,0,1,1,15,5,0,1,4,4,0,0,1,0,0,0,1,0,0,0,2,1,1,0,0,0,1,0,0,0,0,0,0,0,1,0,0,0,0,0,0,0,0,4,2,0,1,7,1,0,0,0,0,1,1,8,0,10,1,0,0,0,0,0,6,2,3,1,0,1,0,0,5,173,86,886,0,0,0,0,0,1,5,1,1,1,0,1,1,0
16,1,1,1,2,1,0,0,0,0,0,0,15,1,6,0,0,0,0,0,0,0,0,0,0,0,0,0,0,0,0,0,39,0,0,0,628,108,0,133,51,24,2,11,0,0,261,108,99,24,45,9,45,13,31,3,4,0,5,10,13,2,43,8,41,1,19,2,29,2,718,171,6,0,6,1,30,2,1,0,0,0,37,1,57,2,0,0,8,3,0,0,1,0,2,0,0,0,1,0,0,0,0,0,0,0,0,2,1,0,1,0,0,0,0,0,0,0,0,1,0,0,0,0,1,0,0,0,0,0,0,0,0,0,3,0,0,0,4,0,1,0,1,0,8,0,0,0,0,0,0,0,0,0,0,0,0,0,0,0,0,0,1,0,2,0,1,0,1,0
2,0,0,6,1,0,0,0,0,1,0,0,4,0,0,6,0,0,0,1,0,0,0,0,0,0,0,0,0,0,0,0,4,0,0,0,45,765,133,0,50,92,0,4,0,0,138,169,54,47,13,9,23,12,20,4,3,0,1,2,2,1,6,4,11,3,6,1,4,4,125,651,0,2,3,2,11,0,0,0,0,0,8,1,11,4,0,0,4,4,0,0,0,0,0,0,0,0,1,0,1,0,0,0,0,0,0,1,0,0,0,0,0,0,0,0,0,0,0,0,0,0,0,0,0,0,0,0,0,0,0,0,0,0,0,0,0,0,0,0,0,1,0,0,2,0,0,0,0,0,0,0,0,0,0,5,0,0,0,1,0,0,0,0,0,0,0,0,0,0
19,1,12,0,19,0,4,0,6,0,9,0,21,0,12,0,7,2,8,0,5,0,4,0,0,0,1,0,7,0,0,0,509,2,0,0,38,9,51,50,0,45,1406,10,148,0,23,38,19,5,375,10,17,2,29,0,20,0,351,3,15,0,21,1,8,0,6,0,3,1,135,43,34,0,189,1,865,6,125,0,0,0,18,0,747,2,967,0,423,1,276,0,362,1,6,0,5,1,6,2,28,1,6,0,1,0,9,2,2,1,10,1,0,7,1,0,0,0,0,1,1,0,6,0,17,0,2,0,3,0,1,0,0,0,13,1,0,1,266,0,8,0,51,0,293,1,4,0,1,0,0,0,2,0,0,0,12,0,0,0,0,0,122,0,9,1,1,2,0,0
1,9,0,33,0,21,0,14,0,18,0,5,0,9,2,1,0,1,0,1,0,0,0,0,0,1,0,0,0,3,0,1,0,871,0,0,4,0,24,92,45,0,9,824,0,692,71,106,5,2,7,349,3,1,3,3,3,2,1,478,0,2,0,0,0,0,0,5,0,5,51,122,0,2,8,151,4,956,2,188,0,0,0,12,2,377,0,599,1,173,0,167,0,331,9,0,5,4,7,28,12,6,11,5,8,1,17,32,10,26,24,12,19,7,6,2,0,2,0,4,0,0,0,0,1,28,0,1,0,7,0,2,0,9,4,13,0,2,0,106,1,64,0,23,4,291,0,4,0,1,0,0,0,0,4,6,0,58,6,6,0,3,2,153,12,16,7,22,15,1
7,1,1,0,0,0,1,0,0,0,0,1,2,0,1,0,65,8,1,0,0,0,0,0,0,0,0,0,1,0,0,0,42,1,0,0,2,0,2,0,1406,9,0,2,443,1,23,3,3,1,773,0,3,0,22,0,22,0,1025,0,0,0,2,1,0,0,1,0,0,0,161,0,2,0,20,8,37,8,3,0,0,0,2,1,27,1,140,0,25,1,178,0,131,0,0,2,9,3,9,9,36,3,8,4,6,0,20,18,2,12,11,23,1,0,2,0,1,0,1,6,0,0,2,0,4,0,0,0,0,0,0,0,1,0,2,0,0,0,11,0,2,1,2,0,55,2,0,0,0,0,0,0,0,0,0,0,0,0,1,0,0,0,2,2,8,0,1,5,3,1
0,0,0,7,0,2,0,1,0,0,0,3,0,2,0,1,0,0,0,1,0,0,0,1,0,0,0,1,0,2,0,0,0,49,0,0,0,0,11,4,10,824,2,0,0,386,32,46,2,0,2,813,0,0,3,4,0,0,0,1953,0,0,0,0,0,0,0,0,0,0,17,50,1,0,3,6,2,58,0,3,0,0,0,0,0,11,0,201,0,42,0,359,0,89,5,3,7,13,0,46,7,17,5,8,5,8,8,91,3,43,11,18,1,1,3,1,1,1,2,2,0,0,0,0,0,1,0,0,0,2,1,0,0,0,2,1,0,0,0,0,0,0,0,1,1,5,0,0,0,1,0,0,0,0,0,1,0,0,1,6,0,4,5,9,1,1,1,1,2,0
0,0,6,0,10,0,0,0,0,0,4,0,0,0,0,0,32,0,6,0,5,0,10,0,0,0,1,0,11,0,0,0,148,0,0,0,0,0,0,0,148,0,443,0,0,0,0,0,0,0,0,0,0,0,0,0,0,0,27,0,0,0,0,0,0,0,0,0,0,0,0,0,0,0,18,0,433,0,65,0,0,0,0,0,3,0,463,0,18,0,41,0,19,0,0,0,0,0,0,0,0,0,0,0,0,0,0,0,0,0,0,0,0,0,0,0,0,0,0,0,0,0,0,0,15,0,0,0,0,0,3,0,0,0,1,0,0,0,0,0,0,0,0,0,0,0,0,0,0,0,2,0,6,0,0,0,26,0,0,0,0,0,1,0,2,0,1,0,0,0
0,0,0,31,0,35,0,7,1,14,0,32,0,1,0,0,0,11,0,4,0,7,0,2,0,3,0,5,0,13,0,3,0,193,0,0,0,0,0,0,0,692,1,386,0,0,0,0,0,0,0,1,0,0,0,0,0,0,0,47,0,0,0,0,0,0,0,0,0,1,0,0,0,0,1,51,0,717,0,144,0,0,0,1,0,3,0,717,0,0,0,38,0,4,0,0,0,1,0,0,0,1,0,0,1,1,1,0,0,1,0,0,2,1,0,0,0,0,0,0,0,0,0,0,0,17,0,2,0,1,0,2,0,1,0,4,0,2,0,10,0,2,0,5,0,13,0,0,0,0,0,2,0,0,6,1,1,73,1,0,0,0,0,5,1,3,0,3,5,0
3,0,0,0,0,0,0,0,0,0,0,0,12,0,1,0,0,0,0,0,0,0,0,0,0,0,0,0,0,0,0,0,11,1,0,0,16,1,261,138,23,71,23,32,0,0,0,2127,3121,98,2540,940,1694,35,1382,28,374,16,76,54,3,0,5,0,4,0,0,0,8,0,1432,129,0,0,2,0,5,1,0,0,0,0,41,0,124,2,1,1,44,9,0,0,2,5,103,0,0,0,1,0,1,0,14,0,0,0,0,0,0,0,0,0,0,0,0,0,0,0,0,0,0,0,0,0,0,0,0,0,0,0,0,0,0,0,0,0,0,0,1,0,0,0,0,0,4,0,1,0,0,0,0,0,0,0,0,0,0,0,0,0,0,0,0,0,0,0,0,0,0,0
1,0,1,0,0,0,1,0,1,0,0,0,49,1,0,0,0,0,0,0,0,0,0,0,0,0,0,0,0,0,0,0,65,8,0,0,27,16,108,169,38,106,3,46,0,0,2127,0,455,2091,124,2805,58,1153,75,1862,8,332,7,158,10,0,36,5,15,2,19,3,11,65,155,1408,2,0,6,0,26,2,0,0,0,0,103,1,140,20,0,1,19,927,0,0,2,154,6,0,0,0,1,0,2,3,2,0,0,0,0,1,0,1,1,0,0,0,0,0,0,0,0,0,0,0,0,0,0,0,0,0,0,0,0,0,0,0,0,0,0,0,2,0,2,0,1,0,10,1,1,0,0,0,0,0,0,0,0,0,0,0,0,0,0,0,1,0,0,0,0,0,0,0
10,1,3,0,1,0,1,0,1,0,0,0,36,0,9,0,0,0,0,0,1,0,0,0,0,0,0,0,0,0,0,0,32,0,0,0,94,2,99,54,19,5,3,2,0,0,3121,455,0,1151,39,40,3558,31,340,7,8,0,1,1,18,0,90,0,33,0,6,2,22,0,925,133,5,0,5,0,23,0,0,0,0,0,57,0,131,0,0,0,49,4,0,0,5,0,0,0,0,0,1,0,1,0,1,0,0,0,0,0,0,0,0,0,0,0,0,0,0,0,0,0,0,0,0,0,0,0,0,0,0,0,0,0,0,0,0,0,0,0,2,0,0,0,1,0,6,0,0,0,0,0,0,0,0,0,0,0,0,0,0,0,0,0,0,0,0,0,0,0,1,0
1,1,0,0,0,0,0,0,0,0,0,0,12,0,0,1,0,0,0,0,0,0,0,0,0,0,0,0,0,0,0,0,17,1,0,0,8,20,24,47,5,2,1,0,0,0,98,2091,1151,0,5,81,13,2868,10,371,1,24,0,12,2,4,7,229,8,3,3,1,4,89,41,1264,0,1,0,1,5,1,1,0,0,0,28,2,52,5,0,0,2,65,0,0,0,9,0,0,0,0,0,0,1,0,0,0,0,0,0,0,0,0,0,0,0,0,0,0,0,0,0,0,0,0,0,0,0,0,0,0,0,1,0,0,0,0,0,0,0,0,4,0,0,0,0,0,1,1,0,0,0,0,0,0,0,0,0,1,0,0,0,0,0,0,1,0,0,0,0,0,0,0
1,0,0,0,0,0,0,0,0,0,0,0,5,0,0,0,0,0,0,0,0,0,0,0,0,0,0,0,0,0,0,0,43,0,0,0,1,0,45,13,375,7,773,2,0,0,2540,124,39,5,0,42,257,2,1083,0,1384,3,1497,2,0,0,0,0,7,0,2,0,1,0,584,14,1,0,9,0,8,0,1,0,0,0,15,0,127,0,3,0,45,0,0,0,2,0,352,0,0,0,78,0,51,0,149,0,0,0,0,0,0,0,0,0,0,39,0,0,0,0,0,0,0,0,0,0,1,0,0,0,0,0,1,0,0,0,0,0,0,0,3,0,0,0,4,0,14,0,0,0,0,0,0,0,0,0,0,0,0,0,0,0,0,0,0,0,2,0,2,0,0,0
0,0,0,0,1,2,0,1,0,0,0,0,0,2,0,1,0,0,0,0,0,0,0,0,0,0,0,0,0,0,0,0,1,28,0,0,0,1,9,9,10,349,0,813,0,1,940,2805,40,81,42,0,4,48,5,183,0,615,0,1543,1,0,1,0,0,0,0,0,0,0,21,359,0,0,1,12,0,15,0,4,0,0,1,0,3,59,0,7,0,90,0,1,0,219,2,1,1,1,2,84,2,5,1,7,1,1,4,4,1,2,1,2,61,169,0,57,0,0,0,7,0,0,0,0,0,0,0,1,0,1,0,0,0,1,1,3,0,0,0,3,0,24,0,17,0,20,0,2,0,1,0,0,0,0,0,0,0,0,5,0,0,0,0,1,2,1,0,8,22,0
23,0,1,0,2,0,1,0,0,0,0,0,43,0,12,0,0,0,0,0,0,0,0,0,0,0,0,0,0,0,0,0,47,0,0,0,68,9,45,23,17,3,3,0,0,0,1694,58,3558,13,257,4,0,3,2646,1,23,0,12,0,36,0,519,1,120,0,18,0,74,1,483,19,15,0,6,0,27,1,0,0,0,0,68,0,259,0,2,0,172,2,0,0,3,0,7,0,0,0,0,0,4,0,4,0,0,0,2,0,0,0,0,0,1,1,0,0,0,0,0,0,0,0,2,0,0,0,0,0,0,0,0,0,1,0,0,0,0,0,0,0,0,0,3,0,5,0,1,0,0,0,0,0,0,0,0,0,0,0,0,0,0,0,1,0,1,0,0,0,0,0
1,1,0,0,0,0,0,0,0,0,0,0,6,0,1,0,0,0,0,0,0,0,0,0,0,0,0,0,0,0,0,0,8,2,0,0,2,5,13,12,2,1,0,0,0,0,35,1153,31,2868,2,48,3,0,2,3063,0,118,0,63,0,3,7,754,3,10,0,2,4,527,18,1266,0,0,1,0,1,0,0,0,0,0,7,0,21,2,0,0,4,156,0,0,0,26,0,0,0,0,0,0,0,0,0,0,0,0,0,0,0,0,0,0,0,0,0,0,0,0,0,0,0,0,0,0,0,0,0,0,0,0,0,0,0,0,0,0,0,0,0,0,0,0,0,0,1,0,0,0,0,0,0,0,0,0,0,0,0,0,0,0,0,0,1,0,0,0,0,0,1,0
15,1,4,0,0,0,1,0,0,0,0,0,54,0,10,0,0,0,0,0,0,0,0,0,0,0,0,0,0,0,0,0,66,0,0,0,19,7,31,20,29,3,22,3,0,0,1382,75,340,10,1083,5,2646,2,0,1,2854,0,415,0,32,0,590,0,1203,2,18,0,1956,0,170,21,16,0,6,0,26,0,1,0,0,0,85,0,943,0,16,0,3603,1,0,0,406,0,97,0,0,0,0,0,0,0,33,0,0,0,1,0,0,0,0,1,0,0,0,0,0,0,0,0,0,0,2,0,1,0,0,0,0,0,0,0,1,0,1,0,0,0,2,0,0,0,0,0,4,0,0,0,0,0,0,0,0,0,1,0,0,0,0,0,0,0,1,0,0,0,0,0,0,0
0,0,0,1,0,0,0,0,0,0,0,0,3,0,0,0,0,0,0,0,0,0,0,0,0,0,0,0,0,0,0,0,0,3,0,0,2,6,3,4,0,3,0,4,0,0,28,1862,7,371,0,183,1,3063,1,0,0,1077,0,208,0,2,5,16,1,16,2,9,3,2113,4,118,0,0,0,1,1,3,0,0,0,0,3,1,6,14,0,1,2,3173,0,0,0,259,0,0,0,0,0,0,0,0,0,1,0,0,0,0,0,0,0,0,0,0,0,0,0,0,0,0,0,0,0,0,0,0,0,0,0,0,0,0,0,0,0,0,0,0,0,0,0,0,0,0,0,0,0,0,0,0,0,0,0,0,0,0,0,0,0,0,0,0,0,0,0,0,0,0,0,0
0,0,0,0,1,0,0,0,0,0,1,0,5,0,1,0,0,0,0,0,1,0,0,0,0,0,0,0,0,0,0,0,40,0,0,0,0,0,4,3,20,3,22,0,0,0,374,8,8,1,1384,0,23,0,2854,0,0,0,1621,0,0,0,2,0,0,0,0,0,1,0,45,1,0,0,0,0,13,0,0,0,0,0,18,0,194,0,10,0,476,0,0,0,863,0,75,0,0,0,0,0,0,0,6,0,0,0,0,0,0,0,0,0,0,0,0,0,0,0,0,0,0,0,0,0,0,0,0,0,0,0,0,0,0,0,0,0,0,0,1,0,0,0,0,0,0,0,0,0,0,0,0,0,0,0,0,0,0,0,0,0,0,0,0,0,0,0,0,0,0,0
0,0,0,0,0,0,0,0,0,0,0,0,0,0,0,0,0,0,0,0,0,0,0,0,0,0,0,0,0,0,0,0,1,4,0,0,0,0,0,0,0,2,0,0,0,0,16,332,0,24,3,615,0,118,0,1077,0,0,0,945,0,0,0,0,0,0,0,0,0,0,0,2,0,0,0,0,0,0,0,0,0,0,0,0,0,2,0,0,0,148,0,0,0,853,0,4,0,0,0,0,0,0,0,0,0,0,0,0,0,0,0,0,0,0,0,0,0,0,0,0,0,0,0,0,0,0,0,0,0,0,0,0,0,0,0,0,0,0,0,0,0,0,0,0,0,0,0,0,0,0,0,0,0,0,0,0,0,0,0,0,0,0,0,0,0,0,0,0,0,0
0,0,1,0,2,0,0,0,1,0,3,0,9,0,0,0,1,0,0,0,1,0,0,0,0,0,0,0,1,0,0,0,86,0,0,0,0,0,5,1,351,1,1025,0,27,0,76,7,1,0,1497,0,12,0,415,0,1621,0,0,1,1,0,0,0,0,0,0,0,0,0,56,2,0,0,1,0,39,0,2,0,0,0,9,0,175,0,314,1,217,1,1024,0,2783,0,62,0,3,0,0,0,0,0,104,0,0,0,0,0,0,0,0,0,0,0,0,0,0,1,0,0,0,0,0,0,1,0,0,0,0,0,0,0,0,0,0,0,0,0,1,0,0,0,0,0,0,0,0,0,0,0,0,0,0,0,0,0,0,0,0,0,0,0,0,0,0,0,0,1,0,0
0,1,0,4,0,3,0,1,0,1,0,4,0,6,0,0,0,0,0,0,0,0,0,0,0,0,0,0,0,1,0,0,0,180,0,0,0,0,10,2,3,478,0,1953,0,47,54,158,1,12,2,1543,0,63,0,208,0,945,1,0,0,0,0,0,0,0,0,0,0,0,12,65,0,0,0,1,1,77,0,1,0,0,0,0,0,206,0,416,0,289,0,826,0,2948,0,32,0,0,0,0,0,268,0,82,0,0,1,1,0,0,0,0,1,0,0,0,0,0,0,0,0,0,0,0,0,0,0,0,0,0,0,0,0,0,0,1,0,0,0,1,0,3,0,0,0,1,0,0,0,0,0,0,0,0,0,0,0,0,0,1,0,0,0,0,0,0,0,0,0,0
5799,5,75,1,130,0,283,0,27,0,0,0,1211,1,51,0,0,0,5,0,0,0,0,0,0,0,0,0,0,0,0,0,551,0,0,0,73,64,13,2,15,0,0,0,0,0,3,10,18,2,0,1,36,0,32,0,0,0,1,0,0,10,1832,0,2018,0,1791,1,84,0,750,23,641,1,44,2,169,2,1,0,0,0,71,0,607,0,0,0,60,1,0,0,0,0,0,0,0,0,1,0,2,0,0,0,0,0,0,1,0,0,2,0,0,0,0,1,0,0,0,0,1,0,0,0,2,0,0,0,3,0,1,0,0,0,2,0,0,0,0,0,1,0,1,0,10,0,4,0,1,0,0,0,0,0,0,3,0,0,0,0,0,0,8,0,4,0,0,0,2,0
8,6603,0,121,0,122,1,176,1,17,0,0,0,841,27,48,0,0,0,2,0,0,0,0,0,0,0,0,0,0,0,0,5,196,0,0,183,772,2,1,0,2,0,0,0,0,0,0,0,4,0,0,0,3,0,2,0,0,0,0,10,0,3,5301,1,2380,0,5013,1,200,36,1278,86,1509,9,25,9,12,0,1,0,0,0,15,3,71,0,0,1,22,0,0,0,0,0,0,0,0,2,1,1,0,0,0,0,0,0,0,0,0,1,0,5,0,0,0,0,0,0,0,0,0,0,1,0,0,0,1,0,1,0,0,0,0,0,0,0,3,0,1,0,0,0,0,1,1,0,0,0,1,0,0,1,0,8,9,0,0,0,0,0,0,1,0,0,0,0,1,1,0
287,0,20,1,39,0,12,0,3,0,0,0,18,0,27,0,0,0,0,0,0,0,0,0,0,0,0,0,0,0,0,0,198,0,0,0,33,7,43,6,21,0,2,0,0,0,5,36,90,7,0,1,519,7,590,5,2,0,0,0,1832,3,0,0,2210,0,26,0,190,3,2180,29,132,0,18,1,100,0,1,0,0,0,6,0,24,2,0,0,98,2,0,0,1,0,1,0,2,0,3,0,2,0,0,0,0,0,0,1,1,0,0,0,0,0,0,0,0,0,0,0,0,0,0,0,4,0,0,0,0,0,0,0,0,0,2,0,0,0,1,0,2,0,4,0,7,1,2,0,0,0,0,0,0,0,1,0,0,0,0,0,0,0,4,1,2,0,1,0,1,0
4,79,0,18,0,3,0,0,0,1,0,0,1,0,0,5,0,0,0,1,0,0,0,0,0,0,0,0,0,0,0,0,4,0,0,0,19,135,8,4,1,0,1,0,0,0,0,5,0,229,0,0,1,754,0,16,0,0,0,0,0,5301,0,0,1,4761,1,141,0,1321,8,2354,3,80,0,1,2,3,0,0,0,0,0,0,0,0,0,0,1,9,0,0,0,0,0,0,0,0,0,0,0,0,0,0,0,0,0,0,0,0,0,0,0,0,0,0,0,0,0,0,0,0,0,0,0,0,0,1,0,0,0,0,0,0,0,0,0,1,0,0,0,0,0,0,1,0,0,0,0,0,0,0,0,0,2,1,0,0,0,0,0,1,0,0,0,0,0,0,0,0
214,0,33,0,28,0,4,0,3,0,0,0,53,0,49,0,0,0,1,0,0,0,0,0,0,0,0,0,0,0,0,0,106,0,0,0,39,13,41,11,8,0,0,0,0,0,4,15,33,8,7,0,120,3,1203,1,0,0,0,0,2018,1,2210,1,0,1,1260,2,1819,3,102,30,59,0,9,0,43,0,0,0,0,0,11,0,288,1,1,0,411,0,0,0,2,0,0,0,0,0,3,0,1,0,0,0,0,0,0,0,1,1,0,0,0,0,0,0,0,0,0,0,0,0,0,0,1,0,0,0,0,0,1,0,1,0,0,0,0,0,2,0,0,0,0,0,1,0,0,0,0,0,0,0,0,0,0,0,0,0,0,0,0,0,2,0,0,0,0,0,0,0
0,20,0,5,0,1,0,1,0,0,0,0,0,11,0,0,0,0,0,0,0,0,0,0,0,0,0,0,0,0,0,0,0,13,0,0,3,23,1,3,0,0,0,0,0,0,0,2,0,3,0,0,0,10,2,16,0,0,0,0,0,2380,0,4761,1,0,0,2530,0,3925,1,171,0,13,0,2,1,0,0,0,0,0,0,4,0,35,0,1,0,91,0,0,0,0,0,0,0,0,0,0,0,0,0,0,0,0,0,0,0,0,0,0,0,0,0,0,0,0,0,0,0,0,0,0,0,0,0,0,0,0,0,0,0,0,0,0,0,0,0,0,0,0,0,0,0,0,0,1,0,0,0,0,0,0,0,0,0,0,0,0,0,0,1,0,0,0,0,0,0,0
333,0,23,0,27,0,8,0,4,0,0,0,239,0,12,0,0,0,1,0,0,0,0,0,0,0,0,0,0,0,0,0,154,0,0,0,20,13,19,6,6,0,1,0,0,0,0,19,6,3,2,0,18,0,18,2,0,0,0,0,1791,0,26,1,1260,0,0,0,358,1,32,13,10,0,5,0,30,0,1,0,0,0,12,0,795,0,0,0,101,2,0,0,0,0,0,0,0,0,1,0,0,0,0,0,0,0,0,0,0,0,0,0,0,0,0,0,0,0,0,0,0,0,0,0,2,0,0,0,0,0,0,0,0,0,0,0,0,0,1,0,0,0,0,0,1,0,0,0,0,0,0,0,0,0,0,1,0,0,0,0,0,0,1,0,0,0,0,0,0,0
0,115,0,4,0,3,0,43,0,1,0,0,1,1369,0,1,0,0,0,0,0,0,0,0,0,0,0,0,0,0,0,0,1,255,0,0,14,43,2,1,0,5,0,0,0,0,0,3,2,1,0,0,0,2,0,9,0,0,0,0,1,5013,0,141,2,2530,0,0,0,1041,6,42,1,5,0,0,3,13,0,0,0,0,0,61,0,1248,0,0,1,117,0,0,0,0,0,0,0,0,1,0,0,0,0,0,0,0,0,0,0,0,0,0,0,0,0,0,0,0,0,0,0,0,0,0,0,0,0,0,0,1,0,0,0,0,0,0,0,0,0,0,0,0,0,0,0,1,0,0,0,0,0,0,0,0,0,1,0,0,0,0,0,0,0,0,1,0,0,0,0,0
32,0,17,0,4,1,1,0,0,0,0,0,18,0,18,0,0,0,0,0,0,0,0,0,0,0,0,0,0,0,0,0,16,0,0,0,18,1,29,4,3,0,0,0,0,0,8,11,22,4,1,0,74,4,1956,3,1,0,0,0,84,1,190,0,1819,0,358,0,0,1,38,22,13,0,2,0,12,0,2,0,0,0,6,0,247,0,0,0,1416,2,0,0,2,0,0,0,0,0,0,0,0,0,0,0,0,0,0,0,0,0,0,0,0,0,0,0,0,0,0,0,0,0,0,0,1,0,0,0,0,0,0,0,0,0,0,0,0,0,0,0,0,0,0,0,0,0,0,0,0,0,0,0,0,0,0,0,0,0,0,0,0,0,1,0,2,0,0,0,0,0
0,8,0,0,0,0,0,0,0,0,0,0,2,13,0,0,0,0,0,0,0,0,0,0,0,0,0,0,0,0,0,0,1,22,0,0,3,9,2,4,1,5,0,0,0,1,0,65,0,89,0,0,1,527,0,2113,0,0,0,0,0,200,3,1321,3,3925,1,1041,1,0,2,236,0,2,0,2,1,6,0,1,0,0,2,22,4,883,0,0,1,2934,0,0,0,7,0,0,0,0,0,1,0,0,0,0,0,0,0,0,0,0,1,0,1,0,0,0,0,0,0,0,0,0,0,0,0,0,0,0,0,0,0,0,0,0,0,0,0,0,0,0,0,0,0,0,0,2,0,0,0,0,0,0,0,0,0,0,0,0,0,0,0,0,0,0,0,0,0,1,0,0
299,19,23,6,57,1,18,0,18,0,0,0,71,0,114,10,0,0,9,0,0,0,0,0,0,0,0,0,0,0,0,0,329,1,0,0,1534,166,718,125,135,51,161,17,0,0,1432,155,925,41,584,21,483,18,170,4,45,0,56,12,750,36,2180,8,102,1,32,6,38,2,0,679,1463,50,118,2,331,2,8,0,0,0,95,3,148,0,0,0,43,6,0,0,0,0,9,0,1,0,2,1,1,0,3,0,2,0,1,2,0,1,0,2,1,0,1,1,0,0,0,1,0,0,0,0,4,0,1,0,10,0,0,0,2,0,6,0,0,0,5,0,1,1,2,0,14,0,4,0,0,0,0,0,0,0,0,7,0,0,0,0,0,0,24,0,16,0,3,0,2,0
11,256,1,188,2,25,1,3,0,4,0,0,24,4,12,82,0,0,1,2,0,0,0,0,0,0,0,0,0,0,0,0,44,28,0,0,141,2620,171,651,43,122,0,50,0,0,129,1408,133,1264,14,359,19,1266,21,118,1,2,2,65,23,1278,29,2354,30,171,13,42,22,236,679,0,19,856,9,11,36,21,2,3,0,0,16,7,39,17,0,4,8,154,0,0,0,14,2,0,0,0,0,0,0,0,2,0,0,0,0,0,0,1,2,1,1,0,0,0,0,0,0,0,1,0,0,1,1,1,1,1,0,0,0,0,0,1,3,1,0,2,1,6,0,0,1,3,6,11,2,0,0,0,0,0,2,0,12,8,0,0,0,0,0,0,0,3,1,0,0,0,1,0
1452,41,425,7,179,2,64,1,29,0,0,0,12,0,897,121,0,0,7,0,0,0,0,0,0,0,0,0,0,0,0,0,164,0,0,0,152,217,6,0,34,0,2,1,0,0,0,2,5,0,1,0,15,0,16,0,0,0,0,0,641,86,132,3,59,0,10,1,13,0,1463,19,0,291,70,2,238,0,2,0,0,0,1,0,14,0,0,0,26,0,0,0,0,0,1,0,1,0,5,0,0,0,1,0,0,0,0,1,1,0,2,3,1,0,0,0,0,0,0,0,0,0,0,0,4,0,2,2,3,0,1,0,1,0,2,0,0,0,1,0,0,1,2,0,16,1,6,0,1,0,0,0,0,0,3,4,0,0,1,0,0,0,23,0,4,0,2,1,0,0
2,407,0,238,0,5,0,6,3,4,0,0,0,1,10,1693,0,0,1,2,0,0,0,0,0,0,0,0,0,0,0,0,2,0,0,0,86,1038,0,2,0,2,0,0,0,0,0,0,0,1,0,0,0,0,0,0,0,0,0,0,1,1509,0,80,0,13,0,5,0,2,50,856,291,0,1,7,0,3,0,0,0,0,0,0,0,0,0,0,0,0,0,0,0,0,0,0,0,0,0,0,0,0,0,0,0,0,0,0,0,0,0,1,0,0,0,0,0,0,0,0,0,0,0,0,0,0,0,1,0,0,0,0,0,0,0,0,0,0,0,0,0,1,0,0,0,1,0,1,0,0,0,0,0,0,25,9,0,0,0,0,0,0,0,0,0,0,0,1,0,0
163,15,386,32,578,15,69,4,315,4,5,0,17,0,390,8,347,211,643,11,76,19,25,1,8,0,0,0,9,0,0,0,569,3,0,0,292,32,6,3,189,8,20,3,18,1,2,6,5,0,9,1,6,1,6,0,0,0,1,0,44,9,18,0,9,0,5,0,2,0,118,9,70,1,0,400,2688,7,192,0,0,0,2,0,24,0,13,0,9,0,0,0,8,0,11,1,5,1,71,9,33,1,5,1,6,0,18,12,6,12,10,7,5,13,0,1,1,0,0,1,38,0,29,0,157,1,73,0,25,0,15,0,9,0,200,1,6,0,5,1,4,0,23,1,463,4,77,1,30,0,45,19,119,3,210,18,240,44,2,0,0,1,178,1,126,1,9,10,25,2
11,180,61,756,33,577,4,255,20,355,0,73,2,27,79,121,67,164,212,132,5,122,1,31,0,8,0,12,0,14,0,9,20,351,0,0,74,100,1,2,1,151,8,6,0,51,0,0,0,1,0,12,0,0,0,1,0,0,0,1,2,25,1,1,0,2,0,0,0,2,2,11,2,7,400,0,5,2049,2,240,0,0,0,5,1,6,0,30,0,3,0,3,0,2,6,0,2,0,10,15,8,5,8,1,3,2,7,12,6,6,4,11,35,16,2,2,0,1,0,5,0,12,0,217,0,118,0,158,0,214,0,17,0,35,2,493,0,160,0,34,0,51,0,5,2,280,0,167,0,178,29,95,150,27,230,202,2,275,2,6,0,23,5,87,21,83,19,54,68,5
255,14,267,2,408,4,58,4,292,1,115,0,19,1,222,0,235,0,237,2,87,0,37,0,28,0,8,0,85,0,7,0,1276,2,0,0,216,67,30,11,865,4,37,2,433,0,5,26,23,5,8,0,27,1,26,1,13,0,39,1,169,9,100,2,43,1,30,3,12,1,331,36,238,0,2688,5,0,1,725,0,0,0,4,1,287,0,256,0,210,2,14,0,191,0,7,0,3,2,22,5,14,0,1,0,2,0,4,5,2,2,6,4,5,3,2,0,0,0,0,1,21,0,3,2,138,0,6,0,3,0,40,0,10,1,50,0,0,0,125,0,2,0,13,0,160,1,23,0,1,0,23,2,42,0,14,7,324,6,0,0,0,0,121,0,28,0,7,3,8,1
3,93,5,742,1,524,0,190,1,284,0,235,0,67,8,37,2,329,8,81,0,54,0,22,0,17,0,35,0,93,0,45,3,3205,0,0,14,44,2,0,6,956,8,58,0,717,1,2,0,1,0,15,1,0,0,3,0,0,0,77,2,12,0,3,0,0,0,13,0,6,2,21,0,3,7,2049,1,0,0,575,0,0,0,31,0,192,0,320,0,59,0,55,0,111,2,2,4,2,3,12,9,3,2,1,4,2,8,16,1,6,23,8,7,7,1,0,1,1,0,1,0,0,0,12,0,101,0,17,0,16,0,9,0,17,1,56,0,14,0,36,0,33,0,9,5,95,0,4,0,2,2,7,6,17,47,111,0,563,3,7,1,13,6,63,8,53,11,19,22,4
0,0,0,0,1,0,1,0,4,0,0,0,0,0,2,0,0,0,2,0,1,0,0,0,0,0,0,0,0,0,0,0,9,1,0,0,6,1,1,0,125,2,3,0,65,0,0,0,0,1,1,0,0,0,1,0,0,0,2,0,1,0,1,0,0,0,1,0,2,0,8,2,2,0,192,2,725,0,0,0,0,0,0,0,3,0,9,0,5,0,0,0,13,0,2,0,0,0,6,0,1,0,1,0,3,0,0,2,0,0,0,2,0,1,0,0,0,0,0,0,12,0,0,0,88,0,1,0,0,0,25,0,5,0,33,0,1,0,50,0,1,0,1,0,17,0,1,0,1,0,0,0,2,0,0,0,200,5,0,0,0,0,77,0,19,0,1,0,3,1
0,5,0,20,0,13,0,3,0,3,0,0,0,0,0,1,1,10,0,4,0,0,0,1,0,0,0,0,0,1,0,0,0,30,0,0,0,1,0,0,0,188,0,3,0,144,0,0,0,0,0,4,0,0,0,0,0,0,0,1,0,1,0,0,0,0,0,0,0,1,0,3,0,0,0,240,0,575,0,0,0,0,0,0,0,2,0,21,0,0,0,4,0,6,2,1,0,0,1,1,2,0,1,0,0,0,2,1,0,2,1,1,1,1,1,0,0,0,0,0,0,0,0,0,0,90,0,0,0,2,0,4,0,11,0,10,0,0,0,35,0,2,0,0,0,6,0,1,0,0,0,0,0,0,0,2,1,275,0,0,0,1,0,29,1,17,5,3,4,0
0,0,0,0,0,0,0,0,0,0,0,0,0,0,0,0,0,0,0,0,0,0,0,0,0,0,0,0,0,0,0,0,0,0,0,0,0,0,0,0,0,0,0,0,0,0,0,0,0,0,0,0,0,0,0,0,0,0,0,0,0,0,0,0,0,0,0,0,0,0,0,0,0,0,0,0,0,0,0,0,0,0,0,0,0,0,0,0,0,0,0,0,0,0,0,0,0,0,0,0,0,0,0,0,0,0,0,0,0,0,0,0,0,0,0,0,0,0,0,0,0,0,0,0,0,0,0,0,0,0,0,0,0,0,0,0,0,0,0,0,0,0,0,0,0,0,0,0,0,0,0,0,0,0,0,0,0,0,0,0,0,0,0,0,0,0,0,0,0,0
0,0,0,0,0,0,0,0,0,0,0,0,0,0,0,0,0,0,0,0,0,0,0,0,0,0,0,0,0,0,0,0,0,0,0,0,0,0,0,0,0,0,0,0,0,0,0,0,0,0,0,0,0,0,0,0,0,0,0,0,0,0,0,0,0,0,0,0,0,0,0,0,0,0,0,0,0,0,0,0,0,0,0,0,0,0,0,0,0,0,0,0,0,0,0,0,0,0,0,0,0,0,0,0,0,0,0,0,0,0,0,0,0,0,0,0,0,0,0,0,0,0,0,0,0,0,0,0,0,0,0,0,0,0,0,0,0,0,0,0,0,0,0,0,0,0,0,0,0,0,0,0,0,0,0,0,0,0,0,0,0,0,0,0,0,0,0,0,0,0
16,0,1,0,1,0,7,0,0,0,0,0,183,0,3,0,0,0,0,0,0,0,0,0,0,0,0,0,0,0,0,0,58,0,0,0,31,1,37,8,18,0,2,0,0,0,41,103,57,28,15,1,68,7,85,3,18,0,9,0,71,0,6,0,11,0,12,0,6,2,95,16,1,0,2,0,4,0,0,0,0,0,0,0,558,0,0,1,10,1,0,0,0,0,0,0,0,0,1,0,0,0,1,0,0,0,0,0,1,0,0,0,0,0,0,0,0,0,0,0,0,0,0,0,0,0,0,0,0,0,0,0,1,0,0,0,0,0,0,0,1,0,0,0,2,0,0,0,0,0,0,0,0,0,0,0,0,0,0,0,0,0,0,0,0,0,0,0,0,0
0,2,0,1,0,0,0,0,0,0,0,0,0,31,0,0,0,0,0,0,0,0,0,0,0,0,0,0,0,0,0,0,0,211,0,0,1,1,1,1,0,12,1,0,0,1,0,1,0,2,0,0,0,0,0,1,0,0,0,0,0,15,0,0,0,4,0,61,0,22,3,7,0,0,0,5,1,31,0,0,0,0,0,0,0,876,0,7,0,23,0,0,0,2,0,0,0,1,0,0,0,0,2,0,0,0,0,1,0,1,0,1,1,0,0,0,0,0,0,0,0,0,0,0,0,0,0,0,0,3,0,0,0,0,0,1,0,0,0,1,0,0,0,0,0,9,0,0,0,4,0,0,0,0,0,0,0,0,0,1,0,0,0,3,0,0,0,3,0,0
379,1,50,0,85,1,26,0,28,0,9,0,1040,0,23,1,1,0,19,1,1,0,0,0,0,0,1,0,9,0,0,0,350,0,0,0,45,15,57,11,747,2,27,0,3,0,124,140,131,52,127,3,259,21,943,6,194,0,175,0,607,3,24,0,288,0,795,0,247,4,148,39,14,0,24,1,287,0,3,0,0,0,558,0,0,0,942,0,4906,4,5,0,280,0,9,0,0,0,3,0,1,0,3,0,1,0,0,0,0,0,0,0,0,1,0,0,0,0,0,0,0,0,0,0,4,0,0,0,0,0,0,0,0,0,2,0,0,0,12,0,1,0,1,0,17,0,3,0,1,0,0,0,1,0,2,1,0,0,0,0,0,0,2,0,0,0,0,0,0,0
0,2,0,0,0,1,0,0,0,0,0,0,1,603,0,0,0,0,0,0,0,0,0,0,0,0,0,0,0,0,0,0,0,464,0,0,4,5,2,4,2,377,1,11,0,3,2,20,0,5,0,59,0,2,0,14,0,2,0,206,0,71,2,0,1,35,0,1248,0,883,0,17,0,0,0,6,0,192,0,2,0,0,0,876,0,0,0,966,1,4513,0,78,0,377,0,0,0,0,0,0,0,1,0,2,0,0,0,1,0,1,1,1,1,0,0,0,0,0,0,0,0,0,0,0,0,0,0,0,0,0,0,0,0,0,0,1,0,0,0,1,0,4,0,2,0,16,0,0,0,0,0,0,0,0,0,0,0,0,1,0,0,0,0,1,1,0,0,0,2,0
0,0,26,1,40,0,0,0,17,0,23,0,252,0,0,0,7,0,25,0,26,0,13,0,5,0,3,0,23,0,3,0,357,0,0,0,0,0,0,0,967,0,140,0,463,0,1,0,0,0,3,0,2,0,16,0,10,0,314,0,0,0,0,0,1,0,0,0,0,0,0,0,0,0,13,0,256,0,9,0,0,0,0,0,942,0,0,0,1061,0,1933,0,680,0,0,0,0,0,0,0,0,0,0,0,0,0,0,0,0,0,0,0,0,0,0,0,0,0,0,0,0,0,0,0,3,0,0,0,0,0,1,0,1,0,0,0,0,0,2,0,0,0,0,0,1,0,0,0,0,0,3,0,4,0,1,0,0,0,0,0,0,0,0,0,1,0,0,0,0,0
0,1,0,42,0,28,0,9,0,21,0,35,0,166,0,2,0,2,0,4,0,2,0,4,0,2,0,4,0,58,0,6,0,674,0,0,0,1,0,0,0,599,0,201,0,717,1,1,0,0,0,7,0,0,0,1,0,0,1,416,0,0,0,0,0,1,0,0,0,0,0,4,0,0,0,30,0,320,0,21,0,0,1,7,0,966,0,0,0,451,0,3380,0,699,0,0,0,0,1,2,0,3,0,1,0,0,0,0,0,0,0,1,3,0,0,0,0,0,0,0,0,0,0,0,0,0,0,0,0,0,0,0,0,0,0,1,0,0,0,5,0,3,0,1,0,3,0,0,0,0,0,0,1,2,0,5,0,1,0,0,0,0,1,0,0,2,0,1,2,0
54,1,24,0,21,0,2,0,5,0,4,0,109,0,40,0,2,0,9,0,4,0,1,0,0,0,1,0,1,0,2,0,114,0,0,0,13,4,8,4,423,1,25,0,18,0,44,19,49,2,45,0,172,4,3603,2,476,0,217,0,60,1,98,1,411,0,101,1,1416,1,43,8,26,0,9,0,210,0,5,0,0,0,10,0,4906,1,1061,0,0,0,709,0,4205,0,2,0,0,0,0,0,0,0,1,0,0,0,0,0,0,0,0,0,0,0,0,0,0,0,0,0,0,0,0,0,2,0,0,0,0,0,2,0,0,0,2,0,0,0,12,0,0,0,0,0,5,0,0,0,0,0,1,1,1,0,0,0,1,0,0,0,0,0,3,0,1,0,0,0,0,0
0,2,0,2,0,1,0,0,0,1,0,1,2,7,0,1,0,0,0,0,0,0,0,0,0,0,0,0,0,0,0,0,2,165,0,0,4,4,3,4,1,173,1,42,0,0,9,927,4,65,0,90,2,156,1,3173,0,148,1,289,1,22,2,9,0,91,2,117,2,2934,6,154,0,0,0,3,2,59,0,0,0,0,1,23,4,4513,0,451,0,0,0,872,0,3706,0,0,0,0,0,2,1,1,0,2,0,0,0,0,0,0,1,0,0,0,0,0,0,0,0,0,0,0,0,0,0,0,0,0,0,0,0,0,0,0,0,0,0,0,0,1,0,0,0,0,0,5,0,0,0,0,0,0,0,0,1,0,0,0,0,0,0,0,0,0,0,0,0,1,1,0
0,0,5,0,1,0,0,0,3,0,1,0,2,0,0,0,0,0,0,0,1,0,0,0,0,0,0,0,3,0,0,0,25,0,0,0,0,0,0,0,276,0,178,0,41,0,0,0,0,0,0,0,0,0,0,0,0,0,1024,0,0,0,0,0,0,0,0,0,0,0,0,0,0,0,0,0,14,0,0,0,0,0,0,0,5,0,1933,0,709,0,0,0,2302,0,0,0,0,0,0,0,0,0,0,0,0,0,0,0,0,0,0,0,0,0,0,0,0,0,0,0,0,0,0,0,0,0,0,0,0,0,0,0,0,0,0,0,0,0,0,0,0,0,0,0,0,0,0,0,0,0,0,0,1,0,0,0,0,0,0,0,0,0,0,0,0,0,0,0,0,0
0,0,0,2,0,2,0,1,0,2,0,0,0,0,0,0,0,0,0,0,0,0,0,0,0,0,0,0,0,5,0,0,0,45,0,0,0,0,0,0,0,167,0,359,0,38,0,0,0,0,0,1,0,0,0,0,0,0,0,826,0,0,0,0,0,0,0,0,0,0,0,0,0,0,0,3,0,55,0,4,0,0,0,0,0,78,0,3380,0,872,0,0,0,2275,0,1,0,0,0,0,0,0,0,0,0,0,0,0,0,0,0,0,0,0,0,0,0,1,0,0,0,0,0,0,0,1,0,0,0,0,0,0,0,0,0,0,0,0,0,2,0,0,0,0,0,0,0,0,0,0,0,0,0,0,0,0,0,0,0,0,0,0,0,0,0,0,0,0,0,0
1,1,8,0,14,0,0,0,5,0,4,0,30,0,2,0,1,0,9,0,3,0,0,0,0,0,0,0,4,0,1,0,88,0,0,0,0,1,1,0,362,0,131,0,19,0,2,2,5,0,2,0,3,0,406,0,863,0,2783,0,0,0,1,0,2,0,0,0,2,0,0,0,0,0,8,0,191,0,13,0,0,0,0,0,280,0,680,0,4205,0,2302,0,0,0,268,0,14,0,2,0,2,0,16,0,2,0,7,0,2,0,0,0,0,0,0,0,0,0,0,0,0,0,0,0,1,0,0,0,0,0,0,0,0,0,1,0,0,0,2,0,0,0,0,0,0,0,0,0,0,0,0,0,4,0,0,0,0,0,1,0,0,0,0,0,1,0,0,0,1,0
0,1,0,4,0,2,0,2,0,3,0,2,0,9,0,0,0,0,0,1,0,0,0,0,0,0,0,0,0,0,0,0,0,279,0,0,0,0,0,0,1,331,0,89,0,4,5,154,0,9,0,219,0,26,0,259,0,853,0,2948,0,0,0,0,0,0,0,0,0,7,0,14,0,0,0,2,0,111,0,6,0,0,0,2,0,377,0,699,0,3706,0,2275,0,0,0,75,0,0,0,0,0,5,0,213,0,0,0,0,0,0,0,0,0,0,0,0,0,0,0,0,0,0,0,0,0,0,0,0,0,0,0,0,0,0,0,0,0,0,0,1,0,1,0,0,0,6,0,0,0,0,0,0,0,0,0,0,0,0,0,0,0,0,0,0,0,0,0,0,0,0
0,0,0,1,0,1,0,0,1,0,0,0,0,0,0,0,0,0,0,0,0,0,0,0,0,0,0,0,0,0,0,0,4,6,0,0,0,0,2,0,6,9,0,5,0,0,103,6,0,0,352,2,7,0,97,0,75,0,62,0,0,0,1,0,0,0,0,0,0,0,9,2,1,0,11,6,7,2,2,2,0,0,0,0,9,0,0,0,2,0,0,0,268,0,0,9,4907,16,187,24,372,4,4455,46,355,1,429,26,163,25,30,22,9,11,62,75,118,74,37,4,0,0,0,0,1,0,0,1,0,0,0,0,0,0,3,0,0,0,1,0,0,0,2,0,6,1,0,0,0,0,0,0,0,0,0,0,2,0,3,0,0,1,4,2,15,0,3,9,6,0
0,0,0,0,0,0,0,0,0,0,0,0,0,0,1,0,0,0,0,0,0,0,0,0,0,0,0,0,0,0,0,0,0,0,0,0,0,0,0,0,0,0,2,3,0,0,0,0,0,0,0,1,0,0,0,0,0,4,0,32,0,0,0,0,0,0,0,0,0,0,0,0,0,0,1,0,0,2,0,1,0,0,0,0,0,0,0,0,0,0,0,1,0,75,9,0,15,3279,2,72,9,333,7,4563,5,496,16,535,11,98,5,28,3,6,34,69,293,27,13,1,0,0,0,1,1,0,0,0,0,0,0,0,0,0,0,0,0,0,0,0,0,0,0,0,0,2,0,0,0,0,0,0,0,0,0,0,0,0,0,1,0,0,1,1,0,0,0,3,0,0
0,0,0,0,0,0,0,0,0,0,0,0,0,2,0,0,0,0,0,0,0,0,0,0,0,0,0,0,0,0,0,0,4,0,0,0,0,1,0,0,5,5,9,7,0,0,0,0,0,0,0,1,0,0,0,0,0,0,3,0,0,0,2,0,0,0,0,0,0,0,1,0,1,0,5,2,3,4,0,0,0,0,0,0,0,0,0,0,0,0,0,0,14,0,4907,15,0,34,142,19,252,10,972,24,1708,18,1168,52,205,18,24,22,7,13,49,70,164,143,12,5,0,0,0,0,1,0,0,0,0,0,0,0,1,1,3,0,0,0,0,0,0,1,1,0,3,0,2,1,0,0,0,0,0,0,0,0,0,0,1,1,1,0,4,3,7,1,3,14,7,1
0,0,0,0,0,0,0,0,0,0,0,0,0,0,0,0,0,0,0,0,0,0,0,0,0,0,0,0,0,0,0,0,0,0,0,0,0,0,0,0,1,4,3,13,0,1,0,0,0,0,0,1,0,0,0,0,0,0,0,0,0,0,0,0,0,0,0,0,0,0,0,0,0,0,1,0,2,2,0,0,0,0,0,1,0,0,0,0,0,0,0,0,0,0,16,3279,34,0,5,119,8,293,9,937,5,1407,21,1209,17,133,4,33,3,5,23,50,170,130,13,2,0,0,0,0,0,0,0,0,0,0,0,0,0,0,0,0,0,0,0,0,0,0,0,0,0,1,0,0,0,0,0,0,0,0,0,0,0,0,1,0,0,0,2,0,2,0,0,0,1,0
3,2,0,0,3,3,0,1,4,0,0,0,0,0,3,0,0,0,0,0,0,0,0,0,0,0,0,0,0,0,0,0,3,3,0,0,1,0,1,1,6,7,9,0,0,0,1,1,1,0,78,2,0,0,0,0,0,0,0,0,1,2,3,0,3,0,1,1,0,0,2,0,5,0,71,10,22,3,6,1,0,0,1,0,3,0,0,1,0,0,0,0,2,0,187,2,142,5,0,18,354,9,165,14,77,0,291,14,358,16,101,12,87,318,67,33,13,21,11,45,2,0,0,0,8,0,4,0,1,0,0,1,2,1,114,3,1,3,1,1,0,1,5,0,83,9,2,0,1,0,0,0,0,0,0,0,1,1,4,2,0,0,8,1,77,0,17,12,103,0
0,3,0,3,0,3,1,2,0,0,0,0,0,2,1,0,0,0,1,0,0,0,0,0,0,0,0,0,0,0,0,0,1,4,0,0,1,0,0,0,2,28,9,46,0,0,0,0,0,0,0,84,0,0,0,0,0,0,0,0,0,1,0,0,0,0,0,0,0,1,1,0,0,0,9,15,5,12,0,1,0,0,0,0,0,0,0,2,0,2,0,0,0,0,24,72,19,119,18,0,70,636,18,113,19,66,45,710,36,302,21,58,165,96,174,41,18,18,18,102,0,0,0,0,0,0,0,0,0,2,1,0,0,0,2,2,0,0,1,2,0,7,0,12,4,20,0,2,0,1,0,0,0,0,0,1,2,0,2,2,0,0,11,6,11,3,5,68,16,1
3,1,0,4,1,0,1,0,4,1,0,1,0,0,2,0,0,0,2,0,0,0,0,0,0,0,0,0,0,0,0,0,8,4,0,0,1,2,0,1,28,12,36,7,0,0,1,2,1,1,51,2,4,0,0,0,0,0,0,0,2,1,2,0,1,0,0,0,0,0,1,0,0,0,33,8,14,9,1,2,0,0,0,0,1,0,0,0,0,1,0,0,2,0,372,9,252,8,354,70,0,34,1662,26,134,2,256,45,73,32,49,26,8,181,405,100,27,42,8,38,0,0,0,0,7,0,1,0,1,0,0,0,0,2,29,0,0,0,1,0,0,4,5,0,39,2,1,1,1,0,0,0,0,0,0,0,0,0,9,2,0,0,6,4,27,1,7,14,12,0
0,0,0,1,0,1,0,0,0,0,0,0,0,0,0,0,0,0,0,0,0,0,0,0,0,0,0,0,0,0,0,0,0,1,0,0,0,1,0,0,1,6,3,17,0,1,0,3,0,0,0,5,0,0,0,0,0,0,0,268,0,0,0,0,0,0,0,0,0,0,0,0,0,0,1,5,0,3,0,0,0,0,0,0,0,1,0,3,0,1,0,0,0,5,4,333,10,293,9,636,34,0,16,2174,9,154,26,766,21,242,2,93,4,8,597,97,46,26,18,1,0,0,0,0,0,0,0,0,0,0,0,0,0,0,2,0,0,0,0,2,0,0,0,0,1,1,0,0,0,0,0,0,0,0,0,0,0,0,1,4,0,0,1,1,1,0,0,5,2,0
0,0,0,1,0,0,0,0,2,1,0,0,0,0,1,0,0,0,0,0,0,0,0,0,0,0,0,0,0,0,0,0,0,0,0,0,0,1,0,0,6,11,8,5,0,0,14,2,1,0,149,1,4,0,33,0,6,0,104,0,0,0,0,0,0,0,0,0,0,0,3,2,1,0,5,8,1,2,1,1,0,0,1,2,3,0,0,0,1,0,0,0,16,0,4455,7,972,9,165,18,1662,16,0,74,243,5,245,35,96,16,25,13,6,7,61,310,169,57,16,4,0,0,0,0,1,0,0,0,0,0,0,0,0,0,1,0,0,0,0,0,0,2,0,0,1,0,0,0,1,0,0,0,0,0,0,1,0,0,2,1,0,0,2,1,10,0,5,8,6,0
0,0,0,1,0,1,0,0,0,0,0,0,0,0,0,0,0,0,0,0,0,0,0,0,0,0,0,0,0,0,0,0,0,1,0,0,0,0,0,0,0,5,4,8,0,0,0,0,0,0,0,7,0,0,0,1,0,0,0,82,0,0,0,0,0,0,0,0,0,0,0,0,0,0,1,1,0,1,0,0,0,0,0,0,0,2,0,1,0,2,0,0,0,213,46,4563,24,937,14,113,26,2174,74,0,5,165,32,485,31,182,5,114,7,14,167,1101,500,52,27,3,0,0,0,0,0,0,0,0,0,0,0,0,0,0,0,0,0,0,0,1,0,1,0,0,1,1,0,0,0,0,0,0,0,0,0,0,0,0,1,1,0,0,0,2,0,0,1,2,1,0
0,1,0,3,0,2,0,0,1,0,0,0,0,1,1,0,0,0,0,0,0,0,0,0,0,0,0,0,0,0,0,0,2,2,0,0,1,0,0,0,1,8,6,5,0,1,0,0,0,0,0,1,0,0,0,0,0,0,0,0,0,0,0,0,0,0,0,0,0,0,2,0,0,0,6,3,2,4,3,0,0,0,0,0,1,0,0,0,0,0,0,0,2,0,355,5,1708,5,77,19,134,9,243,5,0,2,2150,17,163,15,13,8,7,6,29,28,32,38,8,4,0,0,0,0,0,0,0,0,0,0,0,0,0,0,2,0,0,0,0,0,0,0,2,0,7,4,0,0,1,0,0,0,0,0,0,0,0,0,0,1,0,0,2,3,5,1,1,10,6,0
0,0,0,0,0,0,0,0,0,0,0,0,0,0,0,0,0,0,0,0,0,0,0,0,0,0,0,0,0,0,0,0,0,0,0,0,0,0,0,0,0,1,0,8,0,1,0,0,0,0,0,1,0,0,0,0,0,0,0,0,0,0,0,0,0,0,0,0,0,0,0,0,0,0,0,2,0,2,0,0,0,0,0,0,0,0,0,0,0,0,0,0,0,0,1,496,18,1407,0,66,2,154,5,165,2,0,10,1156,6,100,2,16,3,2,9,16,77,56,2,2,0,0,0,0,0,0,0,0,0,0,0,0,0,0,0,0,0,0,0,1,0,0,0,0,0,0,0,0,0,0,0,0,0,0,0,0,0,0,0,1,0,0,1,2,2,1,0,0,0,0
