0,14,1145,20,2861,22,1936,3,584,3,4,1,249,1,468,85,3,1,10,20,1,0,0,0,0,0,0,0,0,0,0,0,128,2,0,0,190,54,6,0,30,0,2,1,3,0,15,1,20,0,7,0,28,0,203,0,4,0,0,0,6468,8,193,5,248,0,100,0,134,1,932,2,1180,6,558,25,169,5,7,0,0,0,17,1,66,3,11,0,108,2,1,0,11,0,1,2,1,2,6,3,4,0,1,4,0,0,1,2,4,1,1,1,10,4,1,0,0,0,0,4,2,0,7,0,2,2,2,0,1,0,0,0,0,0,43,0,8,0,0,0,0,0,0,0,53,1,9,0,1,0,0,1,0,17,14,49,1,2,6,1,2,0,13,0,8,0,0,2,6,0
14,0,1,2743,2,2119,4,1381,1,249,0,6,0,878,48,788,0,0,0,60,0,1,0,0,0,0,0,0,0,0,0,0,3,166,0,0,152,123,7,2,4,77,2,21,0,6,0,0,4,2,0,8,0,7,2,14,1,1,0,0,12,7268,7,222,6,268,2,359,0,237,88,50,69,859,15,986,7,236,0,20,0,0,0,25,5,73,1,2,4,50,0,0,0,3,2,6,0,6,3,55,1,1,0,6,0,0,0,12,1,5,7,3,7,3,1,1,0,1,0,0,0,0,0,0,0,16,1,8,0,23,0,1,0,6,1,20,2,2,0,0,0,9,0,10,1,40,1,24,0,5,0,0,1,1,0,7,0,7,3,4,0,6,0,38,0,15,0,5,9,0
1145,1,0,26,7084,19,349,5,771,14,401,1,32,1,1730,46,156,40,4171,144,197,140,141,8,366,0,306,1,187,2,59,0,243,14,0,0,787,102,116,0,44,6,2,0,23,0,2,1,9,0,4,1,2,1,7,1,0,0,0,0,239,2,17,2,6,3,7,2,0,2,219,6,325,2,2016,135,714,18,11,0,0,0,1,0,5,2,22,0,9,0,3,0,2,0,0,0,1,0,3,4,1,1,2,1,0,0,2,2,2,1,0,0,18,1,0,0,0,0,0,4,4,0,15,0,17,1,28,0,1,0,4,0,13,1,262,3,33,0,0,0,1,0,0,0,47,0,7,0,2,0,193,246,544,352,1126,263,92,58,5,1,4,0,27,2,20,3,2,3,9,0
20,2743,26,0,17,8157,8,301,12,529,1,344,3,44,96,1874,1,1,5,3265,0,406,1,113,0,94,0,287,0,76,0,23,8,455,0,0,110,110,4,1,2,52,1,6,0,2,0,0,1,1,0,2,2,1,1,7,0,0,0,0,11,286,0,91,0,80,0,96,0,105,14,16,26,103,65,900,8,350,0,9,0,0,0,3,0,34,1,3,0,30,0,1,0,5,0,3,1,2,2,15,2,0,0,0,0,1,1,3,0,1,0,2,1,1,0,0,0,0,0,1,0,0,1,0,0,7,1,11,1,16,0,0,0,3,7,11,0,6,0,0,0,0,0,0,2,11,0,7,0,2,0,0,4,90,5,43,2,3,2,1,1,2,0,17,0,10,0,1,3,1
2861,2,7084,17,0,9,506,6,3632,6,948,1,20,0,277,24,92,21,136,74,11,52,47,7,132,0,195,0,238,0,132,0,202,9,0,0,196,48,33,0,20,0,1,2,29,0,2,0,3,0,1,0,3,0,6,0,0,0,0,0,123,1,6,1,10,4,7,0,10,1,101,0,102,0,1397,102,554,11,4,0,0,0,1,0,3,0,7,0,9,0,2,0,1,0,0,2,0,0,4,0,0,1,0,0,0,0,1,0,0,0,1,0,8,5,0,0,0,0,0,3,1,0,8,0,13,0,12,1,1,0,1,0,9,0,175,2,9,0,0,0,1,0,0,0,35,0,2,1,0,0,46,87,51,214,255,119,53,43,2,0,1,1,10,1,10,0,1,1,2,0
22,2119,19,8157,9,0,4,1770,11,4125,1,862,2,78,51,272,0,1,2,740,0,156,0,93,0,112,0,648,0,82,0,33,3,470,0,0,52,41,4,0,1,29,1,3,0,4,1,0,1,0,0,7,2,1,0,7,0,0,0,0,11,235,0,23,0,105,0,145,0,88,17,5,11,11,39,1132,4,378,0,22,0,0,0,10,0,38,0,7,1,30,0,1,0,1,0,2,0,1,0,8,3,0,0,1,0,0,2,2,0,2,2,0,4,2,0,0,0,2,0,0,0,0,0,0,0,8,0,11,0,10,0,0,0,1,0,11,1,2,0,0,0,1,0,0,0,18,0,10,0,1,0,0,2,28,2,38,0,2,0,2,0,3,0,9,0,8,0,2,3,0
1936,4,349,8,506,4,0,2,1989,0,32,1,510,0,227,20,1,2,14,11,0,1,0,0,0,0,0,0,0,0,1,0,620,4,0,0,83,18,5,1,27,2,5,0,4,0,10,0,12,0,5,0,16,0,62,0,5,0,0,0,479,5,54,3,94,0,105,2,58,0,170,2,147,1,447,13,125,2,3,1,0,0,25,0,249,0,69,0,217,0,1,0,8,0,5,1,1,0,4,1,0,0,4,1,0,0,0,2,3,0,0,1,6,2,0,0,0,0,0,0,0,0,10,0,1,0,6,0,5,0,0,0,0,0,31,1,12,0,0,0,2,0,0,0,44,0,8,0,2,0,0,1,0,21,13,24,2,0,1,0,1,0,7,3,7,0,0,0,7,0
3,1381,5,301,6,1770,2,0,2,1944,1,49,0,619,22,240,0,0,0,108,0,2,0,0,0,0,0,1,0,1,0,2,2,1478,0,0,17,55,2,3,0,20,0,8,0,5,0,0,0,1,0,4,0,2,1,1,0,0,0,0,7,331,1,22,0,90,1,253,0,55,10,4,5,26,11,498,2,189,0,14,0,0,0,14,0,92,0,23,1,18,0,0,1,0,0,2,0,0,0,10,1,0,0,2,0,0,0,1,0,0,1,3,2,0,0,0,0,0,0,0,0,0,0,1,0,7,0,7,0,9,0,2,0,1,0,7,2,3,0,0,0,2,0,4,3,19,0,7,0,1,0,0,1,7,1,7,0,0,2,2,0,2,0,8,2,2,0,1,0,0
584,1,771,12,3632,11,1989,2,0,3,2600,2,74,2,151,21,4,14,52,31,0,12,0,3,6,0,3,1,82,0,30,0,878,4,0,0,95,31,5,0,39,0,4,0,20,0,2,0,6,0,3,0,5,0,9,0,1,0,3,0,153,4,26,1,36,0,14,1,21,1,118,1,148,2,1103,64,467,7,7,1,0,0,4,0,31,0,18,0,25,0,2,0,4,0,0,2,1,1,2,2,1,1,0,1,0,0,0,0,2,0,0,1,5,1,0,0,0,0,0,2,2,0,4,0,6,1,9,0,1,0,1,0,3,0,97,1,12,0,0,0,0,0,0,0,43,0,3,0,1,0,1,31,9,100,57,79,1,24,4,1,0,1,18,1,12,0,0,0,13,0
3,249,14,529,6,4125,0,1944,3,0,0,1033,0,110,14,156,0,0,4,252,0,6,0,0,0,0,0,7,0,11,0,22,0,1045,0,0,8,38,1,0,0,19,0,0,0,3,0,1,0,0,0,1,0,2,0,0,1,0,0,0,1,65,1,14,0,45,0,87,0,29,3,1,1,1,18,438,0,226,0,5,0,0,0,7,1,24,0,2,0,10,0,0,0,0,0,0,0,0,0,6,1,0,0,0,1,0,2,2,1,0,0,1,1,0,0,0,0,0,0,0,0,0,0,0,0,2,0,6,0,4,0,1,0,2,0,2,1,3,0,0,0,0,0,0,0,5,1,7,0,1,0,0,0,21,1,17,0,0,0,2,0,0,0,5,0,1,0,1,0,0
4,0,401,1,948,1,32,1,2600,0,0,0,5,0,7,1,60,1,7,0,0,2,15,0,71,0,162,0,1323,0,459,0,461,1,0,0,7,1,0,0,63,0,1,0,88,0,0,0,0,0,1,0,0,0,0,0,0,0,3,0,3,0,2,1,1,0,0,0,0,0,5,0,4,1,337,6,705,2,4,0,0,0,0,0,3,0,14,0,9,0,8,0,5,0,0,0,0,0,0,1,2,0,0,1,0,0,0,1,0,1,0,0,5,0,0,0,0,0,0,1,0,0,1,0,5,0,0,0,0,0,2,0,8,0,56,0,2,0,0,0,0,0,1,0,13,0,0,0,0,0,1,3,5,12,7,3,19,1,2,0,1,0,4,0,4,0,0,1,3,0
1,6,1,344,1,862,1,49,2,1033,0,0,0,8,1,6,0,6,1,128,0,68,0,37,0,64,0,322,0,742,0,608,0,1269,0,0,0,4,0,0,0,11,0,1,0,3,0,0,0,0,0,0,0,0,0,0,0,0,0,0,0,2,0,0,0,1,0,3,0,1,0,0,0,1,6,55,0,131,0,1,0,0,0,1,0,4,0,5,0,3,0,0,0,3,0,0,0,0,0,0,0,0,0,0,0,0,0,0,0,0,0,0,0,0,0,0,0,0,0,0,0,0,0,0,0,1,0,0,0,0,0,0,0,0,2,0,0,0,0,0,0,0,0,0,0,0,0,0,0,0,0,0,1,13,3,4,0,1,0,0,0,0,0,3,0,0,0,0,0,0
249,0,32,3,20,2,510,0,74,0,5,0,0,0,69,7,0,1,0,3,0,0,0,0,0,0,0,0,0,0,0,0,826,0,0,0,23,6,0,0,14,1,1,0,1,0,1,0,3,1,1,0,2,0,22,0,0,0,1,0,1086,2,21,2,60,0,173,1,44,0,59,1,10,2,88,7,68,1,3,0,0,0,371,0,1751,0,409,0,110,0,0,0,3,0,1,0,0,1,3,2,0,0,1,1,0,0,0,0,1,0,0,2,3,0,0,0,0,0,1,0,0,0,1,0,0,0,1,0,2,0,0,0,2,0,7,0,2,0,0,0,0,0,0,0,7,1,2,0,0,1,0,0,0,1,1,1,0,0,0,3,2,0,6,0,2,0,0,0,0,0
1,878,1,44,0,78,0,619,2,110,0,8,0,0,5,68,0,0,1,26,0,0,0,0,0,0,0,0,0,2,0,0,2,1809,0,0,10,17,1,4,0,28,0,14,0,12,0,0,2,1,0,6,1,2,3,2,0,0,0,0,0,1614,2,35,0,49,1,1227,0,24,18,9,0,10,4,188,3,259,0,12,0,0,0,767,0,2488,0,309,2,16,0,0,0,0,0,5,2,6,0,12,0,1,1,2,1,0,0,7,1,3,2,2,1,0,0,0,0,0,0,0,0,1,0,0,0,4,0,1,0,3,0,0,0,0,0,0,0,0,0,0,0,1,0,3,2,18,0,5,0,5,0,0,0,8,2,1,0,1,0,2,0,1,0,11,0,3,0,0,4,0
468,48,1730,96,277,51,227,22,151,14,7,1,69,5,0,594,7,2,810,41,0,1,0,0,0,0,0,0,0,0,0,0,152,9,0,0,1985,279,213,2,38,4,6,1,2,0,7,5,6,1,6,0,1,2,9,3,0,0,0,1,288,23,16,12,13,8,5,9,4,18,196,20,1991,81,420,103,184,16,5,0,0,0,1,1,8,5,31,0,9,7,0,0,2,2,0,1,0,0,6,4,1,2,2,1,1,0,1,1,3,0,5,1,12,11,1,0,0,0,0,4,1,1,6,0,5,0,16,0,8,0,0,0,4,1,140,0,42,0,0,0,3,0,0,0,91,1,9,4,4,1,1,8,1,48,274,159,5,4,3,1,0,1,26,4,12,0,0,3,10,1
85,788,46,1874,24,272,20,240,21,156,1,6,7,68,594,0,0,1,4,911,0,0,0,0,0,0,0,0,0,2,0,0,19,139,0,0,520,3040,13,2,5,27,1,8,1,1,2,2,4,2,1,5,0,28,5,37,0,2,0,2,64,356,2,256,3,85,3,116,0,240,64,125,511,1455,67,745,14,179,0,20,0,0,2,10,6,69,2,0,3,74,0,0,1,4,0,3,0,1,3,30,0,0,1,2,3,0,2,6,1,1,0,1,4,1,2,0,0,0,0,2,0,0,2,0,0,9,1,11,1,16,0,2,0,2,5,11,2,1,0,0,0,1,0,3,13,14,0,19,1,11,0,0,0,22,34,129,0,1,2,3,1,3,1,16,0,12,0,1,8,0
3,0,156,1,92,0,1,0,4,0,60,0,0,0,7,0,0,21,82,9,276,39,1146,8,270,1,91,0,429,0,4,0,159,1,0,0,3,1,0,0,74,0,0,0,152,1,0,0,0,0,0,0,0,0,0,0,0,0,0,0,0,0,0,0,0,0,0,0,0,0,1,0,0,0,37,14,234,3,43,0,0,0,0,0,0,0,22,0,4,1,6,0,4,0,0,0,0,0,0,0,0,0,0,0,0,0,0,0,0,0,1,0,0,0,0,0,0,0,0,0,0,0,0,0,1,0,0,0,0,0,1,0,4,0,10,0,0,0,0,0,0,0,0,0,1,0,1,0,0,0,314,35,167,27,187,16,1018,73,0,0,2,0,1,0,0,0,0,0,0,0
1,0,40,1,21,1,2,0,14,0,1,6,1,0,2,1,21,0,17,11,6,332,3,1043,4,78,3,2,0,41,0,0,1,87,0,0,0,2,0,0,0,14,0,19,0,441,0,0,0,0,0,0,0,0,0,0,0,0,0,7,0,0,0,0,0,0,0,0,0,2,0,0,0,0,52,49,8,80,0,0,0,0,0,1,0,1,0,80,0,28,0,13,0,12,0,0,0,0,0,1,0,0,0,0,0,0,0,0,0,0,0,0,0,0,0,0,0,0,0,0,0,0,1,0,0,4,0,0,0,0,0,0,0,0,4,0,1,0,0,0,0,0,0,0,0,0,0,0,0,0,7,292,8,26,8,74,31,828,0,0,0,0,0,0,0,1,0,0,0,0
10,0,4171,5,136,2,14,0,52,4,7,1,0,1,810,4,82,17,0,31,699,35,176,2,15,0,1,0,2,0,0,0,17,6,0,0,576,28,52,0,2,0,1,0,1,0,0,0,0,0,0,0,0,0,0,0,0,0,0,0,1,1,0,0,2,0,0,1,0,1,3,0,1,0,336,48,48,3,0,0,0,0,0,0,0,0,0,1,0,0,0,0,1,0,0,0,0,0,1,0,0,0,0,0,0,0,0,0,0,0,0,0,1,0,0,0,0,0,0,0,0,0,3,0,2,0,1,0,0,0,0,0,1,0,27,0,2,0,0,0,0,0,0,0,7,0,0,1,0,0,126,55,1109,96,1331,87,30,17,1,0,0,0,3,0,2,0,0,1,1,0
20,60,144,3265,74,740,11,108,31,252,0,128,3,26,41,911,9,11,31,0,4,775,3,80,3,20,0,17,0,39,0,14,4,420,0,0,32,961,3,2,0,42,0,2,1,7,2,0,1,0,0,1,1,2,0,0,0,0,0,0,5,29,2,7,0,17,0,62,1,29,5,5,6,6,256,961,11,415,0,5,0,0,0,2,0,25,0,7,1,16,0,2,0,6,0,2,0,0,1,11,0,0,0,2,0,0,0,1,0,0,0,0,0,0,0,0,0,0,0,0,0,0,0,0,1,5,2,4,0,7,0,0,0,0,8,2,0,2,0,0,0,0,0,0,3,13,0,6,0,0,2,8,23,1023,30,85,14,20,0,0,0,0,0,11,0,4,0,1,1,0
1,0,197,0,11,0,0,0,0,0,0,0,0,0,0,0,276,6,699,4,0,19,1062,2,69,0,8,0,6,0,0,0,0,0,0,0,1,0,0,0,0,0,0,0,0,0,0,0,0,0,0,0,0,0,0,0,0,0,0,0,0,0,0,0,0,0,0,0,0,0,0,0,0,0,61,4,0,0,0,0,0,0,0,0,0,0,0,0,0,0,0,0,0,0,0,0,0,0,0,0,0,0,0,0,0,0,0,0,0,0,0,0,0,0,0,0,0,0,0,0,0,0,0,0,0,0,0,0,0,0,0,0,0,0,0,0,0,0,0,0,0,0,0,0,0,0,0,0,0,0,299,16,426,9,124,4,157,2,0,0,0,0,0,0,0,0,0,0,0,0
0,1,140,406,52,156,1,2,12,6,2,68,0,0,1,0,39,332,35,775,19,0,17,1481,4,302,6,296,1,229,0,6,3,314,0,0,2,2,1,0,0,34,0,4,1,25,0,0,0,0,0,0,0,0,0,1,0,0,0,0,0,1,0,1,0,0,0,0,0,1,0,0,1,0,193,458,5,257,0,0,0,0,0,0,0,3,0,35,1,9,0,6,0,7,0,0,0,0,0,1,0,0,0,0,0,0,0,0,0,0,0,0,0,1,0,0,0,0,0,0,0,0,0,0,0,1,0,0,0,0,0,0,0,0,0,0,0,0,0,0,0,0,0,1,0,1,0,1,0,0,5,122,34,200,14,24,66,244,0,0,0,0,0,0,0,1,0,0,0,0
0,0,141,1,47,0,0,0,0,0,15,0,0,0,0,0,1146,3,176,3,1062,17,0,18,687,0,64,0,129,0,2,0,20,0,0,0,0,0,0,0,1,0,21,0,13,1,0,0,0,0,0,0,0,0,0,0,0,0,0,0,0,0,0,0,0,0,0,0,0,0,0,0,0,0,48,7,28,1,0,0,0,0,0,0,0,0,2,0,1,0,0,0,0,0,0,0,0,0,0,0,0,0,0,0,0,0,0,0,0,0,0,0,0,0,0,0,0,0,0,0,0,0,0,0,0,0,0,0,0,0,0,0,0,0,1,0,0,0,0,0,0,0,0,0,0,0,0,0,0,0,83,13,100,9,67,1,436,2,0,0,0,0,0,0,0,0,0,0,0,0
0,0,8,113,7,93,0,0,3,0,0,37,0,0,0,0,8,1043,2,80,2,1481,18,0,0,1511,0,304,0,175,0,1,0,214,0,0,0,0,0,0,1,25,0,15,0,137,0,0,1,0,0,0,0,1,0,0,0,0,0,3,0,0,0,0,0,0,0,0,0,0,0,1,0,0,9,30,0,73,0,0,0,0,0,0,0,2,0,103,0,23,0,10,0,16,0,0,0,0,0,0,0,0,0,0,0,0,0,0,0,0,0,0,0,0,0,0,0,0,0,0,0,0,0,0,0,0,0,0,0,0,0,0,0,0,3,0,0,0,0,0,0,0,0,0,0,0,0,0,0,0,0,59,0,26,2,3,5,438,0,0,0,0,0,0,0,0,0,0,0,0
0,0,366,0,132,0,0,0,6,0,71,0,0,0,0,0,270,4,15,3,69,4,687,0,0,0,420,0,1348,0,7,0,32,0,0,0,0,0,0,0,3,0,1,0,10,0,0,0,0,0,0,0,0,0,0,0,0,0,0,0,0,0,0,0,0,0,0,0,0,0,0,0,0,0,94,4,67,0,0,0,0,0,0,0,0,0,6,0,1,0,1,0,0,0,0,0,0,0,0,0,0,0,0,0,0,0,0,0,0,0,0,0,0,0,0,0,0,0,0,0,0,0,0,0,0,0,0,0,0,0,0,0,0,0,0,0,0,0,0,0,0,0,0,0,0,0,0,0,0,0,39,19,22,2,12,2,259,3,0,0,0,0,0,0,0,0,0,0,1,0
0,0,0,94,0,112,0,0,0,0,0,64,0,0,0,0,1,78,0,20,0,302,0,1511,0,0,0,564,0,372,0,3,0,174,0,0,0,0,0,0,0,6,0,2,0,6,0,0,0,0,0,0,0,0,0,0,0,0,0,2,0,0,0,0,0,0,0,0,0,0,0,0,0,0,1,2,0,14,0,0,0,0,0,0,0,0,0,18,0,2,0,1,0,0,0,0,0,0,0,0,0,0,0,0,0,0,0,0,0,0,0,0,0,0,0,0,0,0,0,0,0,0,0,0,0,0,0,0,0,0,0,0,0,0,0,0,0,0,0,0,0,0,0,0,0,0,0,0,0,0,0,0,0,2,0,0,0,58,0,0,0,0,0,1,0,0,0,0,0,0
0,0,306,0,195,0,0,0,3,0,162,0,0,0,0,0,91,3,1,0,8,6,64,0,420,0,0,0,408,0,9,0,17,0,0,0,0,0,0,0,1,0,0,0,10,0,0,0,0,0,0,0,0,0,0,0,0,0,0,0,0,0,0,0,0,0,0,0,0,0,0,0,0,0,87,2,71,0,0,0,0,0,0,0,1,0,4,0,0,0,0,0,0,0,0,0,0,0,0,0,0,0,0,0,0,0,0,0,0,0,0,0,0,0,0,0,0,0,0,0,0,0,0,0,0,0,0,0,0,0,0,0,1,0,0,0,0,0,0,0,0,0,0,0,0,0,0,0,0,0,9,9,3,5,1,0,139,0,0,0,0,0,0,0,0,0,0,0,0,0
0,0,1,287,0,648,0,1,1,7,0,322,0,0,0,0,0,2,0,17,0,296,0,304,0,564,0,0,0,228,0,38,0,122,0,0,0,0,0,0,0,5,0,2,0,0,0,0,0,0,0,0,0,0,0,1,0,0,0,0,0,0,0,0,0,0,0,0,0,0,0,0,0,0,0,7,0,13,0,0,0,0,0,0,0,0,0,3,0,0,0,0,0,1,0,0,0,0,0,0,0,0,0,0,0,0,0,0,0,0,0,0,0,0,0,0,0,0,0,0,0,0,0,0,0,0,0,0,0,0,0,0,0,0,0,0,0,0,0,0,0,0,0,0,0,1,0,0,0,0,0,0,0,3,0,0,0,0,0,0,0,0,0,0,0,0,0,0,0,0
0,0,187,0,238,0,0,0,82,0,1323,0,0,0,0,0,429,0,2,0,6,1,129,0,1348,0,408,0,0,0,222,0,766,0,0,0,0,0,0,0,52,0,4,0,158,0,0,0,0,0,0,0,0,0,0,0,0,0,2,0,1,0,0,0,0,0,0,0,0,0,1,0,1,0,61,0,331,0,4,0,0,0,0,0,1,0,122,0,10,0,14,0,6,0,0,0,0,0,0,0,0,0,0,0,0,0,0,0,0,0,0,0,1,1,0,0,0,0,0,0,1,0,1,0,0,0,0,0,0,0,0,0,2,0,3,0,0,0,0,0,1,0,0,0,5,0,0,0,0,0,0,1,1,2,3,3,103,0,0,0,0,0,0,0,0,0,0,0,0,0
0,0,2,76,0,82,0,1,0,11,0,742,0,2,0,2,0,41,0,39,0,229,0,175,0,372,0,228,0,0,0,196,0,749,0,0,0,0,0,0,0,10,0,0,0,3,0,0,0,0,0,0,0,0,0,0,0,0,0,0,0,0,0,0,0,0,0,1,0,0,0,0,0,0,0,10,0,34,0,1,0,0,0,0,0,0,0,11,0,3,0,0,0,1,0,0,0,0,0,0,0,0,0,0,0,0,0,0,0,0,0,0,0,0,0,0,0,0,0,0,0,0,0,0,0,0,0,0,0,0,0,0,0,0,0,0,0,0,0,0,0,0,0,0,0,0,0,0,0,0,0,0,0,11,0,0,0,8,0,0,0,0,0,0,0,0,0,0,0,0
0,0,59,0,132,0,1,0,30,0,459,0,0,0,0,0,4,0,0,0,0,0,2,0,7,0,9,0,222,0,0,0,11,0,0,0,1,0,0,0,3,0,0,0,3,0,0,0,0,0,0,0,0,0,0,0,0,0,0,0,0,0,0,0,0,0,0,0,0,0,0,0,0,0,14,0,60,0,0,0,0,0,0,0,0,0,0,0,1,0,0,0,0,0,0,0,0,0,0,0,0,0,0,0,0,0,0,0,0,0,0,0,0,0,0,0,0,0,0,0,0,0,0,0,0,0,0,0,0,0,0,0,0,0,0,0,1,0,0,0,0,0,0,0,1,0,1,0,0,0,1,1,1,0,0,0,2,0,0,0,0,0,0,0,0,0,0,0,0,0
0,0,0,23,0,33,0,2,0,22,0,608,0,0,0,0,0,0,0,14,0,6,0,1,0,3,0,38,0,196,0,0,0,125,0,0,0,1,0,0,0,0,0,0,0,0,0,0,0,0,0,0,0,0,0,0,0,0,0,0,0,0,0,0,0,0,0,0,0,0,0,0,0,0,0,3,0,21,0,1,0,0,0,0,0,0,0,0,0,0,0,0,0,0,0,0,0,0,0,0,0,0,0,0,0,0,0,0,0,0,0,0,0,0,0,0,0,0,0,0,0,0,0,0,0,0,0,0,0,0,0,0,0,0,0,0,0,0,0,0,0,0,0,0,0,0,0,0,0,0,0,0,0,0,0,0,0,0,0,0,0,0,0,0,0,0,0,0,0,0
128,3,243,8,202,3,620,2,878,0,461,0,826,2,152,19,159,1,17,4,0,3,20,0,32,0,17,0,766,0,11,0,0,3,0,0,109,19,17,3,804,4,43,0,408,1,16,0,42,1,62,0,43,5,55,4,2,0,50,0,501,24,102,26,123,5,70,7,31,7,438,13,101,5,381,15,1683,3,20,0,0,0,275,0,980,6,782,1,434,1,159,0,111,0,3,5,1,0,11,2,9,0,5,4,1,0,4,3,2,0,3,0,17,5,0,0,0,0,0,5,1,0,5,0,2,0,12,0,5,1,0,0,3,0,59,0,20,0,0,0,2,0,12,0,146,9,7,0,3,0,0,0,2,14,16,10,5,0,3,1,2,0,25,0,15,3,0,3,15,2
2,166,14,455,9,470,4,1478,4,1045,1,1269,0,1809,9,139,1,87,6,420,0,314,0,214,0,174,0,122,0,749,0,125,3,0,0,0,14,37,12,12,1,91,1,43,0,181,3,3,3,6,1,1,0,5,0,14,0,1,0,3,1,116,0,23,0,39,0,137,0,71,11,12,3,15,34,566,3,1692,0,35,0,0,0,184,2,383,0,280,1,62,0,19,0,11,0,0,0,0,0,15,2,0,0,3,1,0,0,7,0,2,1,3,1,1,1,0,0,0,0,0,0,0,0,1,0,4,0,6,0,8,0,0,0,2,1,1,0,1,0,0,0,3,0,4,1,25,0,9,0,2,1,0,0,89,6,21,0,17,0,3,0,2,0,9,0,6,0,4,2,0
0,0,0,0,0,0,0,0,0,0,0,0,0,0,0,0,0,0,0,0,0,0,0,0,0,0,0,0,0,0,0,0,0,0,0,0,0,0,0,0,0,0,0,0,0,0,0,0,0,0,0,0,0,0,0,0,0,0,0,0,0,0,0,0,0,0,0,0,0,0,0,0,0,0,0,0,0,0,0,0,0,0,0,0,0,0,0,0,0,0,0,0,0,0,0,0,0,0,0,0,0,0,0,0,0,0,0,0,0,0,0,0,0,0,0,0,0,0,0,0,0,0,0,0,0,0,0,0,0,0,0,0,0,0,0,0,0,0,0,0,0,0,0,0,0,0,0,0,0,0,0,0,0,0,0,0,0,0,0,0,0,0,0,0,0,0,0,0,0,0
0,0,0,0,0,0,0,0,0,0,0,0,0,0,0,0,0,0,0,0,0,0,0,0,0,0,0,0,0,0,0,0,0,0,0,0,0,0,0,0,0,0,0,0,0,0,0,0,0,0,0,0,0,0,0,0,0,0,0,0,0,0,0,0,0,0,0,0,0,0,0,0,0,0,0,0,0,0,0,0,0,0,0,0,0,0,0,0,0,0,0,0,0,0,0,0,0,0,0,0,0,0,0,0,0,0,0,0,0,0,0,0,0,0,0,0,0,0,0,0,0,0,0,0,0,0,0,0,0,0,0,0,0,0,0,0,0,0,0,0,0,0,0,0,0,0,0,0,0,0,0,0,0,0,0,0,0,0,0,0,0,0,0,0,0,0,0,0,0,0
190,152,787,110,196,52,83,17,95,8,7,0,23,10,1985,520,3,0,576,32,1,2,0,0,0,0,0,0,0,0,1,0,109,14,0,0,0,454,678,2,43,7,2,1,0,2,8,0,22,3,7,1,4,3,2,6,0,0,0,0,148,64,20,58,22,10,16,20,4,33,1509,28,483,122,297,96,88,22,7,0,0,0,12,1,40,6,4,0,15,9,0,0,0,1,0,2,1,3,4,3,2,1,2,4,1,0,0,2,1,2,2,5,12,5,1,1,0,1,1,0,0,0,6,0,2,0,10,2,4,2,1,0,4,0,38,3,8,0,0,0,3,0,0,1,47,2,4,1,2,1,0,3,14,28,912,76,4,4,0,2,1,2,16,3,16,1,1,1,11,1
54,123,102,110,48,41,18,55,31,38,1,4,6,17,279,3040,1,2,28,961,0,2,0,0,0,0,0,0,0,0,0,1,19,37,0,0,454,0,125,504,3,24,2,1,0,5,2,56,6,312,1,91,2,78,1,43,0,0,0,0,16,313,2,1083,2,27,0,25,1,92,86,2732,179,614,70,406,9,56,1,4,0,0,3,0,4,35,4,1,3,32,0,0,0,4,0,2,1,1,2,4,0,0,0,0,0,0,1,2,2,0,0,1,4,2,6,0,0,0,0,0,0,0,0,0,0,6,1,5,0,6,0,0,0,2,13,1,6,2,0,0,0,0,0,2,9,13,2,8,0,2,1,2,3,252,57,1453,0,2,0,0,0,2,4,8,1,1,0,0,0,0
6,7,116,4,33,4,5,2,5,1,0,0,0,1,213,13,0,0,52,3,0,1,0,0,0,0,0,0,0,0,0,0,17,12,0,0,678,125,0,102,59,62,10,16,1,3,538,60,287,71,94,23,141,112,31,131,3,3,0,2,3,13,5,103,5,11,2,17,2,64,1169,253,1,10,31,10,18,12,0,1,0,0,9,9,8,30,0,0,35,31,0,2,5,6,1,2,1,0,1,5,0,0,3,2,0,0,0,0,0,0,0,1,2,1,1,2,0,0,0,0,0,0,0,0,0,1,0,0,0,0,0,0,1,0,11,0,2,0,0,0,0,0,0,2,0,17,0,0,0,1,0,0,0,1,34,4,1,0,0,0,1,1,1,2,2,0,0,0,0,0
0,2,0,1,0,0,1,3,0,0,0,0,0,4,2,2,0,0,0,2,0,0,0,0,0,0,0,0,0,0,0,0,3,12,0,0,2,504,102,0,2,121,2,26,0,6,183,210,82,239,23,53,33,222,6,250,1,20,0,12,0,6,1,116,0,18,0,49,0,87,100,1327,1,1,1,14,4,20,1,3,0,0,1,18,1,42,0,1,5,44,0,2,3,6,0,0,0,0,0,4,0,3,1,5,0,0,0,0,0,0,1,0,0,0,4,0,0,0,0,0,0,1,0,0,0,0,0,2,0,1,0,0,0,0,0,1,0,0,0,0,0,3,0,3,0,26,0,0,0,1,0,0,0,0,0,20,0,1,0,1,0,0,0,1,0,1,0,0,0,0
30,4,44,2,20,1,27,0,39,0,63,0,14,0,38,5,74,0,2,0,0,0,1,1,3,0,1,0,52,0,3,0,804,1,0,0,43,3,59,2,0,2,739,1,742,0,173,0,39,1,424,0,29,2,15,1,12,0,202,0,100,4,15,6,23,3,11,0,4,1,409,1,57,1,150,3,539,0,50,0,0,0,9,1,240,1,224,0,551,3,857,0,543,0,9,6,2,5,27,10,45,6,30,11,5,1,7,15,16,3,7,20,31,22,3,1,1,0,3,15,2,0,8,0,4,0,5,0,2,0,2,0,15,0,87,1,4,0,26,0,7,0,39,0,868,1,4,1,2,1,0,0,1,3,0,3,168,0,8,2,10,5,67,2,17,1,2,5,42,2
0,77,6,52,0,29,2,20,0,19,0,11,1,28,4,27,0,14,0,42,0,34,0,25,0,6,0,5,0,10,0,0,4,91,0,0,7,24,62,121,2,0,4,529,0,927,246,56,112,65,12,164,43,108,5,645,1,163,0,331,1,99,4,61,0,37,1,75,0,312,149,241,4,14,3,161,8,431,1,17,0,0,4,27,7,339,0,347,9,1103,0,218,1,489,1,12,2,7,0,19,6,8,0,12,5,2,4,8,2,1,4,2,0,1,12,0,0,0,0,1,0,1,0,2,0,15,0,5,0,3,0,5,0,1,1,21,0,1,0,3,0,17,0,45,0,437,0,10,0,4,0,1,0,7,0,1,0,92,5,5,0,3,1,286,1,10,0,2,1,0
2,2,2,1,1,1,5,0,4,0,1,0,1,0,6,1,0,0,1,0,0,0,21,0,1,0,0,0,4,0,0,0,43,1,0,0,2,2,10,2,739,4,0,2,448,0,123,0,4,2,715,2,3,1,7,1,2,0,1746,0,9,1,3,4,3,0,2,0,2,1,149,2,7,0,9,1,26,3,0,0,0,0,4,1,35,1,30,0,88,0,492,0,375,0,17,8,4,6,24,1,228,10,29,16,7,1,12,11,11,2,4,17,3,5,4,2,2,2,0,0,0,0,0,0,0,0,0,0,0,0,0,1,1,0,7,0,0,0,1,0,2,0,0,0,13,0,1,0,1,0,0,0,0,0,1,0,2,0,10,0,2,0,6,3,2,0,1,1,1,0
1,21,0,6,2,3,0,8,0,0,0,1,0,14,1,8,0,19,0,2,0,4,0,15,0,2,0,2,0,0,0,0,0,43,0,0,1,1,16,26,1,529,2,0,0,552,25,136,16,12,2,1131,1,33,1,174,0,147,0,2854,1,66,0,21,3,20,1,47,0,47,24,134,0,7,2,41,2,70,0,2,0,0,0,7,1,38,0,140,3,103,0,188,0,269,2,37,4,17,5,78,11,408,3,40,5,0,6,34,4,12,3,6,0,0,12,3,2,0,0,0,0,0,0,0,0,2,0,2,0,0,0,0,0,0,0,0,0,1,0,0,0,0,0,2,1,14,0,2,0,0,0,1,0,0,0,0,0,3,0,6,1,1,1,9,0,1,1,5,1,0
3,0,23,0,29,0,4,0,20,0,88,0,1,0,2,1,152,0,1,1,0,1,13,0,10,0,10,0,158,0,3,0,408,0,0,0,0,0,1,0,742,0,448,0,0,0,0,0,0,0,5,0,0,0,1,0,0,0,16,0,11,0,1,0,1,0,0,0,0,0,7,0,3,0,11,0,319,0,51,0,0,0,0,0,3,0,561,0,118,0,258,0,27,0,0,0,1,0,0,0,2,0,0,0,0,0,0,0,0,0,0,0,1,0,0,0,0,0,0,0,2,0,0,0,5,0,2,0,0,0,0,0,5,0,14,0,0,0,1,0,0,0,0,0,7,1,0,0,0,0,0,0,0,1,0,0,171,0,0,0,0,0,11,0,0,0,0,0,1,0
0,6,0,2,0,4,0,5,0,3,0,3,0,12,0,1,1,441,0,7,0,25,1,137,0,6,0,0,0,3,0,0,1,181,0,0,2,5,3,6,0,927,0,552,0,0,2,3,5,2,1,10,2,3,0,77,0,14,0,82,0,13,0,4,0,3,0,12,0,47,5,11,1,3,0,96,0,522,0,15,0,0,0,7,0,47,0,391,1,262,0,123,0,115,0,2,0,0,1,2,0,0,0,0,0,0,0,0,0,2,0,0,2,0,0,0,0,0,0,0,0,1,0,0,0,19,0,8,0,2,0,0,0,0,0,8,0,5,0,1,0,1,0,1,0,21,0,3,0,1,0,1,0,0,0,0,0,224,0,1,0,2,0,34,0,4,0,0,0,0
15,0,2,0,2,1,10,0,2,0,0,0,1,0,7,2,0,0,0,2,0,0,0,0,0,0,0,0,0,0,0,0,16,3,0,0,8,2,538,183,173,246,123,25,0,2,0,1677,3896,660,5217,1131,1298,140,1145,175,308,11,56,15,7,1,5,5,11,3,5,1,17,13,1859,331,2,0,4,1,19,6,0,0,0,0,10,0,44,0,1,0,366,18,0,0,97,4,771,361,197,0,0,0,41,5,335,177,0,0,0,0,1,0,0,0,2,1,3,371,0,0,0,1,0,0,0,0,0,1,0,0,0,0,0,0,0,0,0,0,0,0,0,0,0,0,1,1,1,11,1,1,0,0,0,0,0,0,2,0,0,1,0,0,0,0,0,0,0,0,0,0,1,0
1,0,1,0,0,0,0,0,0,1,0,0,0,0,5,2,0,0,0,0,0,0,0,0,0,0,0,0,0,0,0,0,0,3,0,0,0,56,60,210,0,56,0,136,0,3,1677,0,899,4592,126,4686,27,2722,2,1323,0,558,0,144,0,1,0,2,0,2,0,2,0,7,91,964,0,0,0,1,0,0,0,0,0,0,2,3,0,1,0,1,1,21,0,0,0,21,0,200,1,0,0,0,0,56,0,179,0,0,0,0,0,0,0,0,0,0,18,108,1,0,0,0,0,0,0,1,0,0,0,0,0,0,0,0,0,0,0,0,0,0,0,0,0,0,0,0,0,5,0,0,0,0,0,0,0,0,0,6,0,0,0,0,0,0,0,1,0,0,0,0,0,0
20,4,9,1,3,1,12,0,6,0,0,0,3,2,6,4,0,0,0,1,0,0,0,1,0,0,0,0,0,0,0,0,42,3,0,0,22,6,287,82,39,112,4,16,0,5,3896,899,0,1200,375,60,1831,104,592,168,26,5,15,5,26,14,153,44,37,19,7,13,16,56,1765,207,3,0,9,5,31,7,0,0,0,0,41,4,89,14,3,3,263,42,0,2,33,7,18,1,3,0,0,4,2,0,27,3,0,0,1,2,3,0,2,0,4,2,1,9,0,0,0,0,0,0,0,0,0,1,0,0,0,0,0,0,0,0,0,0,1,0,0,0,0,3,0,0,2,17,0,0,0,2,0,0,0,1,0,2,0,0,0,0,0,1,2,0,0,0,0,1,1,0
0,2,0,1,0,0,0,1,0,0,0,0,1,1,1,2,0,0,0,0,0,0,0,0,0,0,0,0,0,0,0,0,1,6,0,0,3,312,71,239,1,65,2,12,0,2,660,4592,1200,0,3,732,13,1894,2,206,0,45,0,22,0,1,0,42,0,11,0,16,0,53,56,2105,0,0,1,6,2,18,0,2,0,0,1,6,0,21,0,0,4,26,0,0,0,1,0,39,0,0,0,1,0,4,0,39,0,0,0,2,1,0,0,0,0,0,10,57,0,0,0,0,0,0,0,1,0,0,0,2,0,0,0,0,0,0,0,0,0,0,0,0,0,0,0,1,1,10,0,0,0,3,0,0,0,0,0,37,0,2,0,0,0,0,0,0,0,0,0,0,0,0
7,0,4,0,1,0,5,0,3,0,1,0,1,0,6,1,0,0,0,0,0,0,0,0,0,0,0,0,0,0,0,0,62,1,0,0,7,1,94,23,424,12,715,2,5,1,5217,126,375,3,0,130,208,2,934,8,1829,0,1924,2,9,0,3,5,8,3,5,1,7,2,868,19,2,0,14,2,112,1,0,0,0,0,3,0,131,1,15,0,1046,2,16,0,556,0,2141,2,187,1,43,5,547,0,1679,3,1,1,5,2,2,0,2,0,14,30,5,247,0,0,1,5,0,0,0,0,0,0,1,0,0,0,0,0,0,0,1,0,0,0,2,0,0,0,3,0,43,4,0,0,0,0,0,0,0,0,0,0,1,0,0,0,0,0,1,0,1,0,1,1,27,0
0,8,1,2,0,7,0,4,0,1,0,0,0,6,0,5,0,0,0,1,0,0,0,0,0,0,0,0,0,0,0,0,0,1,0,0,1,91,23,53,0,164,2,1131,0,10,1131,4686,60,732,130,0,3,704,1,745,0,1629,0,1563,0,30,2,10,0,17,0,14,0,11,16,438,0,4,2,31,0,23,0,0,0,0,0,3,0,15,0,4,1,29,0,1,0,70,0,1330,0,0,1,17,0,663,0,1364,0,0,0,2,0,0,1,0,2,5,88,523,0,0,0,0,0,0,0,0,0,3,0,2,0,1,0,0,0,3,0,14,0,0,0,0,0,2,0,17,0,45,0,7,0,4,0,0,0,1,0,35,0,2,0,1,0,0,0,3,0,9,1,1,3,0
28,0,2,2,3,2,16,0,5,0,0,0,2,1,1,0,0,0,0,1,0,0,0,0,0,0,0,0,0,0,0,0,43,0,0,0,4,2,141,33,29,43,3,1,0,2,1298,27,1831,13,208,3,0,28,4015,64,81,2,50,2,29,7,887,10,88,4,13,4,38,18,663,70,2,0,2,4,28,2,0,0,0,0,27,1,94,6,0,0,343,16,0,0,43,3,49,0,5,0,1,1,3,0,36,1,0,0,0,0,1,0,1,0,1,1,0,5,0,0,0,0,0,0,0,0,0,0,0,0,0,0,0,0,0,0,0,0,0,0,0,0,0,0,0,0,2,8,1,0,0,1,0,0,0,0,0,1,0,0,0,0,0,0,0,0,0,0,0,0,0,0
0,7,1,1,0,1,0,2,0,2,0,0,0,2,2,28,0,0,0,2,0,0,0,1,0,0,0,0,0,0,0,0,5,5,0,0,3,78,112,222,2,108,1,33,0,3,140,2722,104,1894,2,704,28,0,3,1975,1,122,0,85,1,3,4,388,0,82,0,18,0,657,128,682,3,5,0,12,3,20,0,0,0,0,6,8,7,33,1,3,15,63,0,1,0,15,0,66,1,0,1,3,0,5,0,59,0,0,0,0,0,0,1,0,0,0,3,37,0,0,0,0,0,0,0,1,0,1,0,1,0,0,0,0,0,1,0,0,0,0,0,0,0,3,0,4,0,24,0,2,0,2,0,0,0,2,0,17,0,0,0,0,0,1,0,2,0,1,0,0,1,0
203,2,7,1,6,0,62,1,9,0,0,0,22,3,9,5,0,0,0,0,0,0,0,0,0,0,0,0,0,0,0,0,55,0,0,0,2,1,31,6,15,5,7,1,1,0,1145,2,592,2,934,1,4015,3,0,7,4077,0,625,0,252,10,1059,12,946,7,109,5,1869,2,309,4,6,1,13,2,36,0,0,1,0,0,51,1,86,2,3,0,3235,1,0,0,562,0,428,0,22,0,1,0,2,0,311,1,0,0,0,0,1,0,0,0,4,1,0,15,0,0,0,0,0,0,0,0,0,0,0,0,0,0,0,0,0,0,4,0,0,0,0,0,1,0,0,0,4,6,2,0,0,0,0,0,0,0,0,0,1,0,0,2,0,0,0,0,0,1,1,0,1,0
0,14,1,7,0,7,0,1,0,0,0,0,0,2,3,37,0,0,0,0,0,1,0,0,0,0,0,1,0,0,0,0,4,14,0,0,6,43,131,250,1,645,1,174,0,77,175,1323,168,206,8,745,64,1975,7,0,1,1273,0,618,0,12,3,78,1,27,0,17,0,927,198,699,2,4,4,31,0,103,1,4,0,0,4,12,3,99,0,25,10,1907,0,30,2,750,0,38,0,2,0,4,0,27,0,144,0,0,0,1,1,0,0,0,0,0,5,2,0,0,0,0,0,0,0,0,0,6,0,2,0,1,0,0,0,0,0,1,0,0,0,1,0,1,0,6,1,66,0,3,0,1,0,0,0,0,1,4,0,1,0,0,0,1,0,11,0,0,0,0,0,0
4,1,0,0,0,0,5,0,1,1,0,0,0,0,0,0,0,0,0,0,0,0,0,0,0,0,0,0,0,0,0,0,2,0,0,0,0,0,3,1,12,1,2,0,0,0,308,0,26,0,1829,0,81,1,4077,1,0,0,1905,0,11,1,6,1,9,1,4,0,11,0,27,1,0,0,1,0,4,0,0,0,0,0,2,0,17,1,1,0,494,0,2,0,809,0,915,0,15,0,0,0,0,0,351,0,0,0,0,0,1,0,0,0,1,0,0,9,0,0,0,0,0,0,0,0,0,0,0,0,0,0,0,0,0,0,0,0,0,0,0,0,0,0,0,0,2,0,0,0,0,0,0,0,0,0,0,0,0,0,0,0,0,0,0,0,0,0,0,0,0,0
0,1,0,0,0,0,0,0,0,0,0,0,0,0,0,2,0,0,0,0,0,0,0,0,0,0,0,0,0,0,0,0,0,1,0,0,0,0,3,20,0,163,0,147,0,14,11,558,5,45,0,1629,2,122,0,1273,0,0,0,2212,0,0,0,0,0,0,0,0,0,2,7,65,0,0,1,0,0,13,0,1,0,0,0,0,0,3,0,11,0,98,0,8,0,976,0,81,0,0,0,1,0,56,0,256,0,0,0,0,0,0,0,0,0,0,3,3,0,0,0,0,0,0,0,0,0,0,0,0,0,0,0,0,0,0,0,0,0,0,0,0,0,0,0,0,0,2,0,0,0,0,0,0,0,0,0,0,0,0,0,0,0,0,0,1,0,0,0,0,0,0
0,0,0,0,0,0,0,0,3,0,3,0,1,0,0,0,0,0,0,0,0,0,0,0,0,0,0,0,2,0,0,0,50,0,0,0,0,0,0,0,202,0,1746,0,16,0,56,0,15,0,1924,0,50,0,625,0,1905,0,0,0,3,0,4,0,4,0,1,0,3,0,57,1,0,0,1,0,13,0,0,0,0,0,0,0,37,0,21,0,386,0,798,0,3287,0,1826,0,4,0,0,0,134,0,1403,0,0,0,0,0,0,0,0,0,0,0,0,2,0,0,0,0,0,0,0,0,0,0,0,0,0,0,0,0,0,0,2,0,0,0,0,0,1,0,0,0,14,0,1,0,0,0,0,0,0,0,0,0,0,0,0,0,0,0,1,0,0,0,0,0,1,0
0,0,0,0,0,0,0,0,0,0,0,0,0,0,1,2,0,7,0,0,0,0,0,3,0,2,0,0,0,0,0,0,0,3,0,0,0,0,2,12,0,331,0,2854,0,82,15,144,5,22,2,1563,2,85,0,618,0,2212,0,0,0,0,0,0,0,0,0,1,0,6,5,60,0,0,0,1,0,17,0,0,0,0,0,0,0,6,0,156,1,150,0,615,0,3435,0,198,0,0,0,7,0,869,0,2133,0,0,0,0,0,0,0,0,0,0,1,7,0,0,0,0,0,0,0,0,0,0,0,0,0,0,0,0,0,0,0,0,0,0,0,0,0,0,0,0,0,3,0,0,0,0,0,0,0,0,0,0,0,3,0,0,0,0,0,0,0,0,0,0,0,0
6468,12,239,11,123,11,479,7,153,1,3,0,1086,0,288,64,0,0,1,5,0,0,0,0,0,0,0,0,1,0,0,0,501,1,0,0,148,16,3,0,100,1,9,1,11,0,7,0,26,0,9,0,29,1,252,0,11,0,3,0,0,5,1539,4,3015,1,1179,0,180,5,1203,4,1404,4,581,23,296,3,14,0,0,0,115,0,822,1,24,0,150,0,1,0,11,0,4,3,0,2,6,9,2,2,0,4,1,0,3,4,4,2,2,3,20,7,2,0,0,0,1,3,0,0,4,0,1,1,8,0,3,1,0,0,2,0,39,2,12,0,0,0,3,0,0,0,54,2,9,3,0,0,0,0,0,3,5,11,0,0,5,2,1,2,29,2,15,3,1,3,12,2
8,7268,2,286,1,235,5,331,4,65,0,2,2,1614,23,356,0,0,1,29,0,1,0,0,0,0,0,0,0,0,0,0,24,116,0,0,64,313,13,6,4,99,1,66,0,13,1,1,14,1,0,30,7,3,10,12,1,0,0,0,5,0,9,1453,5,682,3,2757,6,117,203,444,19,1166,11,734,13,222,0,10,0,0,14,20,17,218,0,8,25,23,0,0,2,3,2,24,2,11,2,70,11,3,1,13,1,2,5,25,4,5,9,15,10,3,0,1,1,0,0,3,0,0,0,3,0,29,0,33,0,45,0,1,0,9,1,17,1,3,0,0,0,7,0,10,0,88,2,26,0,20,0,0,0,6,1,34,0,5,3,4,0,3,3,46,1,31,1,8,18,0
193,7,17,0,6,0,54,1,26,1,2,0,21,2,16,2,0,0,0,2,0,0,0,0,0,0,0,0,0,0,0,0,102,0,0,0,20,2,5,1,15,4,3,0,1,0,5,0,153,0,3,2,887,4,1059,3,6,0,4,0,1539,9,0,8,3345,5,124,2,469,2,1898,3,134,3,34,2,53,2,0,0,0,0,28,2,31,4,3,0,91,1,0,0,4,0,1,1,1,0,2,0,1,0,3,2,0,0,1,0,0,1,0,2,3,0,1,0,0,0,0,0,0,0,2,0,0,0,0,0,0,0,0,0,1,0,3,0,3,0,0,0,3,0,0,0,8,1,2,0,1,1,0,0,0,0,0,1,0,0,3,1,0,0,2,0,2,0,0,1,1,1
5,222,2,91,1,23,3,22,1,14,1,0,2,35,12,256,0,0,0,7,0,1,0,0,0,0,0,0,0,0,0,0,26,23,0,0,58,1083,103,116,6,61,4,21,0,4,5,2,44,42,5,10,10,388,12,78,1,0,0,0,4,1453,8,0,6,986,1,221,4,1365,207,1477,11,207,4,216,14,56,0,5,0,0,16,14,28,55,1,1,35,35,0,0,4,0,2,7,0,3,3,22,0,0,0,2,1,0,0,7,0,4,1,1,3,6,0,0,0,0,0,0,0,0,0,0,0,10,0,7,0,11,0,0,0,5,2,6,0,0,0,0,0,2,0,4,3,71,1,4,0,30,0,1,0,17,1,176,1,1,0,0,0,2,0,12,0,3,0,1,6,0
248,6,6,0,10,0,94,0,36,0,1,0,60,0,13,3,0,0,2,0,0,0,0,0,0,0,0,0,0,0,0,0,123,0,0,0,22,2,5,0,23,0,3,3,1,0,11,0,37,0,8,0,88,0,946,1,9,0,4,0,3015,5,3345,6,0,4,2302,1,2421,0,267,1,24,3,96,3,56,1,3,0,0,0,16,0,123,0,2,0,137,0,0,0,12,0,3,0,0,2,4,2,1,0,0,0,0,0,0,2,1,0,0,3,4,1,0,0,0,0,0,0,0,0,4,0,0,0,2,0,0,0,0,0,0,0,8,0,0,0,0,0,1,0,0,0,13,0,0,1,0,0,0,0,0,0,0,0,0,0,0,1,0,0,3,0,4,0,1,0,3,0
0,268,3,80,4,105,0,90,0,45,0,1,0,49,8,85,0,0,0,17,0,0,0,0,0,0,0,0,0,0,0,0,5,39,0,0,10,27,11,18,3,37,0,20,0,3,3,2,19,11,3,17,4,82,7,27,1,0,0,0,1,682,5,986,4,0,1,1630,1,2373,45,35,3,14,1,150,5,88,0,5,0,0,3,24,3,47,0,2,8,22,0,0,3,2,0,5,1,4,1,20,4,0,2,7,1,0,1,7,0,2,0,3,0,2,1,1,0,2,0,1,0,0,0,1,0,3,0,12,0,11,0,2,0,4,0,3,0,0,0,0,0,3,0,8,0,54,0,7,0,15,0,0,0,0,0,5,0,3,0,4,0,1,0,11,1,10,0,3,2,0
100,2,7,0,7,0,105,1,14,0,0,0,173,1,5,3,0,0,0,0,0,0,0,0,0,0,0,0,0,0,0,0,70,0,0,0,16,0,2,0,11,1,2,1,0,0,5,0,7,0,5,0,13,0,109,0,4,0,1,0,1179,3,124,1,2302,1,0,0,544,0,97,1,11,1,75,1,37,0,2,0,0,0,28,0,1674,1,4,0,388,0,0,0,8,0,1,1,1,0,2,1,0,0,1,0,1,0,0,3,0,1,0,0,2,1,0,0,0,0,0,0,0,0,0,0,0,0,2,0,0,0,0,0,0,0,3,0,2,0,0,0,1,0,0,0,11,1,0,0,0,0,0,0,0,0,0,0,0,0,0,0,0,0,2,0,1,0,0,0,1,2
0,359,2,96,0,145,2,253,1,87,0,3,1,1227,9,116,0,0,1,62,0,0,0,0,0,0,0,0,0,1,0,0,7,137,0,0,20,25,17,49,0,75,0,47,0,12,1,2,13,16,1,14,4,18,5,17,0,0,0,1,0,2757,2,221,1,1630,0,0,1,643,65,51,1,20,11,296,3,209,0,13,0,0,6,72,2,1438,0,5,11,313,0,0,0,3,0,9,0,4,1,27,2,1,1,5,1,0,2,7,0,1,1,4,1,3,0,0,0,0,0,0,0,0,0,1,0,9,0,7,0,10,0,0,0,3,0,8,0,0,0,0,0,6,0,7,2,58,0,17,0,33,0,0,0,2,0,4,0,1,1,5,0,3,1,14,0,3,0,3,2,0
134,0,0,0,10,0,58,0,21,0,0,0,44,0,4,0,0,0,0,1,0,0,0,0,0,0,0,0,0,0,0,0,31,0,0,0,4,1,2,0,4,0,2,0,0,0,17,0,16,0,7,0,38,0,1869,0,11,0,3,0,180,6,469,4,2421,1,544,1,0,0,58,2,1,0,11,0,16,1,1,0,0,0,9,0,173,1,0,0,1812,0,0,0,20,0,8,0,1,0,0,0,0,0,1,0,0,0,0,0,0,0,0,1,4,0,0,2,0,0,0,0,0,0,0,0,0,0,0,0,0,0,0,0,0,0,3,0,0,0,0,0,0,0,0,0,1,1,0,0,0,0,0,0,0,0,0,0,0,0,0,0,0,0,0,0,1,0,0,0,0,0
1,237,2,105,1,88,0,55,1,29,0,1,0,24,18,240,0,2,1,29,0,1,0,0,0,0,0,0,0,0,0,0,7,71,0,0,33,92,64,87,1,312,1,47,0,47,13,7,56,53,2,11,18,657,2,927,0,2,0,6,5,117,2,1365,0,2373,0,643,0,0,70,136,7,27,8,182,1,217,0,3,0,0,5,78,5,813,0,8,12,1276,0,5,0,73,1,5,0,4,3,28,2,1,0,6,0,1,2,5,0,0,2,2,0,2,0,1,0,0,0,0,0,1,0,2,0,10,0,3,0,5,0,1,0,2,0,5,0,1,0,2,0,5,0,10,3,101,0,11,0,3,0,0,0,0,2,11,0,3,1,5,0,1,2,17,1,4,0,7,3,0
932,88,219,14,101,17,170,10,118,3,5,0,59,18,196,64,1,0,3,5,0,0,0,0,0,0,0,0,1,0,0,0,438,11,0,0,1509,86,1169,100,409,149,149,24,7,5,1859,91,1765,56,868,16,663,128,309,198,27,7,57,5,1203,203,1898,207,267,45,97,65,58,70,0,338,1075,71,202,73,316,40,14,2,0,0,151,7,199,50,10,0,313,40,4,1,65,1,13,10,4,4,20,14,56,2,60,7,4,0,6,18,6,3,4,9,31,11,3,2,0,1,1,10,0,1,3,1,1,0,6,2,0,2,0,0,4,1,30,1,7,1,0,0,7,2,2,2,37,28,11,5,0,2,0,0,0,3,8,6,1,2,13,6,0,1,20,1,15,7,4,8,22,4
2,50,6,16,0,5,2,4,1,1,0,0,1,9,20,125,0,0,0,5,0,0,0,1,0,0,0,0,0,0,0,0,13,12,0,0,28,2732,253,1327,1,241,2,134,0,11,331,964,207,2105,19,438,70,682,4,699,1,65,1,60,4,444,3,1477,1,35,1,51,2,136,338,0,32,619,6,62,5,26,1,0,0,0,6,9,7,39,1,7,29,103,1,4,2,26,0,7,0,2,0,5,1,14,2,10,0,0,1,1,2,0,0,0,1,1,127,1,0,0,0,0,0,1,0,2,0,4,0,1,0,2,0,0,0,1,1,0,0,0,0,0,0,1,0,4,0,32,0,1,0,3,0,0,0,17,0,239,0,1,0,0,0,1,1,4,1,2,0,0,0,0
1180,69,325,26,102,11,147,5,148,1,4,0,10,0,1991,511,0,0,1,6,0,1,0,0,0,0,0,0,1,0,0,0,101,3,0,0,483,179,1,1,57,4,7,0,3,1,2,0,3,0,2,0,2,3,6,2,0,0,0,0,1404,19,134,11,24,3,11,1,1,7,1075,32,0,428,122,25,127,4,7,0,0,0,5,0,13,1,1,0,6,4,0,0,0,0,0,8,1,4,4,7,3,2,1,2,1,0,2,6,2,0,4,6,13,5,0,0,0,1,0,3,0,0,6,0,0,0,11,1,2,0,0,0,6,0,30,1,6,0,0,0,5,0,0,0,55,0,10,2,1,0,0,0,0,6,3,5,3,1,4,2,0,0,15,1,14,4,2,4,10,0
6,859,2,103,0,11,1,26,2,1,1,1,2,10,81,1455,0,0,0,6,0,0,0,0,0,0,0,0,0,0,0,0,5,15,0,0,122,614,10,1,1,14,0,7,0,3,0,0,0,0,0,4,0,5,1,4,0,0,0,0,4,1166,3,207,3,14,1,20,0,27,71,619,428,0,1,244,2,29,0,1,0,0,1,5,4,8,0,0,0,20,0,0,0,0,0,0,2,0,0,13,1,1,0,0,0,0,1,4,0,0,0,2,1,0,0,0,0,0,0,0,0,0,0,1,0,6,0,2,0,8,0,0,0,2,0,2,0,1,0,0,0,0,0,2,0,4,0,7,0,1,0,0,0,0,1,14,1,3,0,2,0,2,1,7,0,2,0,1,3,0
558,15,2016,65,1397,39,447,11,1103,18,337,6,88,4,420,67,37,52,336,256,61,193,48,9,94,1,87,0,61,0,14,0,381,34,0,0,297,70,31,1,150,3,9,2,11,0,4,0,9,1,14,2,2,0,13,4,1,1,1,0,581,11,34,4,96,1,75,11,11,8,202,6,122,1,0,639,1738,36,76,1,0,0,9,0,71,3,22,1,29,3,1,0,2,1,2,14,1,4,23,15,9,2,2,8,2,0,3,10,7,5,3,7,35,8,1,1,0,2,0,10,7,0,14,0,17,0,62,1,13,1,2,0,31,0,248,4,47,0,0,0,6,0,2,0,175,1,19,0,4,1,114,163,161,385,127,102,53,106,11,2,6,2,68,3,37,1,0,8,26,3
25,986,135,900,102,1132,13,498,64,438,6,55,7,188,103,745,14,49,48,961,4,458,7,30,4,2,2,7,0,10,0,3,15,566,0,0,96,406,10,14,3,161,1,41,0,96,1,1,5,6,2,31,4,12,2,31,0,0,0,1,23,734,2,216,3,150,1,296,0,182,73,62,25,244,639,0,27,2758,1,223,0,0,3,30,12,153,2,9,6,99,0,2,1,6,1,11,0,9,8,160,10,6,1,10,3,1,5,21,3,5,8,6,27,25,3,0,0,1,1,3,0,1,0,6,0,117,1,203,0,102,0,17,0,42,11,195,1,129,0,0,0,7,0,26,6,181,0,162,0,32,3,101,5,451,35,529,48,250,9,28,0,28,4,197,2,108,2,25,40,1
169,7,714,8,554,4,125,2,467,0,705,0,68,3,184,14,234,8,48,11,0,5,28,0,67,0,71,0,331,0,60,0,1683,3,0,0,88,9,18,4,539,8,26,2,319,0,19,0,31,2,112,0,28,3,36,0,4,0,13,0,296,13,53,14,56,5,37,3,16,1,316,5,127,2,1738,27,0,6,467,0,0,0,21,1,146,1,53,0,200,3,18,0,21,0,2,5,0,1,27,8,14,2,9,8,2,1,3,2,10,1,8,6,43,16,1,0,0,0,0,8,3,0,6,0,13,0,19,1,5,0,10,0,55,0,299,4,30,0,3,0,7,0,11,0,126,5,10,1,4,3,3,4,16,25,47,18,930,8,21,4,25,2,106,5,37,0,5,6,22,7
5,236,18,350,11,378,2,189,7,226,2,131,1,259,16,179,3,80,3,415,0,257,1,73,0,14,0,13,0,34,0,21,3,1692,0,0,22,56,12,20,0,431,3,70,0,522,6,0,7,18,1,23,2,20,0,103,0,13,0,17,3,222,2,56,1,88,0,209,1,217,40,26,4,29,36,2758,6,0,0,410,0,0,2,69,2,389,0,138,7,558,0,38,0,95,1,5,1,1,6,52,5,1,0,8,0,0,4,9,3,1,8,5,8,4,1,1,0,1,0,1,0,0,0,0,0,55,0,16,0,3,0,5,0,8,3,29,0,3,0,1,0,8,0,19,3,96,0,21,0,9,0,1,3,68,2,20,2,543,3,7,0,14,2,99,0,24,1,11,4,0
7,0,11,0,4,0,3,0,7,0,4,0,3,0,5,0,43,0,0,0,0,0,0,0,0,0,0,0,4,0,0,0,20,0,0,0,7,1,0,1,50,1,0,0,51,0,0,0,0,0,0,0,0,0,0,1,0,0,0,0,14,0,0,0,3,0,2,0,1,0,14,1,7,0,76,1,467,0,0,0,0,0,0,0,2,0,0,0,5,0,0,0,0,0,0,0,0,0,1,1,0,0,1,1,0,0,0,0,0,1,0,0,3,2,0,0,0,0,0,0,1,0,3,0,11,0,6,0,0,0,3,0,6,0,53,2,2,0,0,0,0,0,0,0,5,0,0,0,0,1,0,0,2,0,0,0,127,0,0,0,2,0,23,1,2,0,0,1,2,0
0,20,0,9,0,22,1,14,1,5,0,1,0,12,0,20,0,0,0,5,0,0,0,0,0,0,0,0,0,1,0,1,0,35,0,0,0,4,1,3,0,17,0,2,0,15,0,0,0,2,0,0,0,0,1,4,0,1,0,0,0,10,0,5,0,5,0,13,0,3,2,0,0,1,1,223,0,410,0,0,0,0,1,7,0,14,0,0,0,10,0,0,0,0,0,0,0,0,0,4,1,1,0,1,1,0,0,0,0,0,0,0,0,1,0,0,0,0,0,0,0,0,0,0,0,7,0,2,0,0,0,0,0,2,0,2,0,2,0,0,0,0,0,1,0,8,0,5,0,0,0,0,0,1,0,0,0,38,0,0,0,1,0,16,0,3,1,0,1,0
0,0,0,0,0,0,0,0,0,0,0,0,0,0,0,0,0,0,0,0,0,0,0,0,0,0,0,0,0,0,0,0,0,0,0,0,0,0,0,0,0,0,0,0,0,0,0,0,0,0,0,0,0,0,0,0,0,0,0,0,0,0,0,0,0,0,0,0,0,0,0,0,0,0,0,0,0,0,0,0,0,0,0,0,0,0,0,0,0,0,0,0,0,0,0,0,0,0,0,0,0,0,0,0,0,0,0,0,0,0,0,0,0,0,0,0,0,0,0,0,0,0,0,0,0,0,0,0,0,0,0,0,0,0,0,0,0,0,0,0,0,0,0,0,0,0,0,0,0,0,0,0,0,0,0,0,0,0,0,0,0,0,0,0,0,0,0,0,0,0
0,0,0,0,0,0,0,0,0,0,0,0,0,0,0,0,0,0,0,0,0,0,0,0,0,0,0,0,0,0,0,0,0,0,0,0,0,0,0,0,0,0,0,0,0,0,0,0,0,0,0,0,0,0,0,0,0,0,0,0,0,0,0,0,0,0,0,0,0,0,0,0,0,0,0,0,0,0,0,0,0,0,0,0,0,0,0,0,0,0,0,0,0,0,0,0,0,0,0,0,0,0,0,0,0,0,0,0,0,0,0,0,0,0,0,0,0,0,0,0,0,0,0,0,0,0,0,0,0,0,0,0,0,0,0,0,0,0,0,0,0,0,0,0,0,0,0,0,0,0,0,0,0,0,0,0,0,0,0,0,0,0,0,0,0,0,0,0,0,0
17,0,1,0,1,0,25,0,4,0,0,0,371,0,1,2,0,0,0,0,0,0,0,0,0,0,0,0,0,0,0,0,275,0,0,0,12,3,9,1,9,4,4,0,0,0,10,2,41,1,3,0,27,6,51,4,2,0,0,0,115,14,28,16,16,3,28,6,9,5,151,6,5,1,9,3,21,2,0,1,0,0,0,1,779,1,5,0,157,4,0,0,5,0,2,0,0,0,1,0,0,0,0,0,0,0,0,0,0,1,0,0,1,1,0,0,0,0,0,0,0,0,0,1,0,0,0,0,0,0,0,0,1,0,2,0,0,0,0,0,2,1,0,1,1,5,1,0,0,0,0,0,0,0,0,0,1,0,0,0,0,0,1,1,0,0,0,1,2,0
1,25,0,3,0,10,0,14,0,7,0,1,0,767,1,10,0,1,0,2,0,0,0,0,0,0,0,0,0,0,0,0,0,184,0,0,1,0,9,18,1,27,1,7,0,7,0,3,4,6,0,3,1,8,1,12,0,0,0,0,0,20,2,14,0,24,0,72,0,78,7,9,0,5,0,30,1,69,0,7,0,0,1,0,0,1415,0,43,0,113,0,0,0,3,0,0,0,0,1,3,0,1,0,1,0,0,0,0,0,0,0,1,0,1,0,0,0,0,0,0,0,0,0,0,0,0,0,0,0,0,0,0,0,0,0,0,0,0,0,0,0,1,0,3,0,12,0,0,0,0,0,0,0,0,0,2,0,1,0,1,0,0,0,1,0,1,0,0,0,0
66,5,5,0,3,0,249,0,31,1,3,0,1751,0,8,6,0,0,0,0,0,0,0,0,0,0,1,0,1,0,0,0,980,2,0,0,40,4,8,1,240,7,35,1,3,0,44,0,89,0,131,0,94,7,86,3,17,0,37,0,822,17,31,28,123,3,1674,2,173,5,199,7,13,4,71,12,146,2,2,0,0,0,779,0,0,4,699,0,4527,3,34,0,69,0,8,1,1,0,3,1,1,0,15,1,0,0,0,2,1,1,0,5,6,1,1,1,0,0,0,2,0,0,0,0,0,1,0,0,0,0,0,0,0,0,5,0,2,0,1,0,1,0,2,0,32,2,4,0,0,0,0,0,0,1,2,0,0,0,0,1,0,0,4,2,4,0,1,0,4,0
3,73,2,34,0,38,0,92,0,24,0,4,0,2488,5,69,0,1,0,25,0,3,0,2,0,0,0,0,0,0,0,0,6,383,0,0,6,35,30,42,1,339,1,38,0,47,0,1,14,21,1,15,6,33,2,99,1,3,0,6,1,218,4,55,0,47,1,1438,1,813,50,39,1,8,3,153,1,389,0,14,0,0,1,1415,4,0,0,686,12,4947,0,51,2,71,1,4,0,4,2,25,2,0,0,4,2,1,2,11,1,0,2,4,1,3,0,0,0,0,0,0,0,0,0,0,0,7,0,4,0,5,0,0,0,0,0,5,0,0,0,0,0,4,0,10,0,74,1,3,0,10,0,0,0,5,0,2,0,3,0,1,0,1,0,12,0,1,0,1,1,0
11,1,22,1,7,0,69,0,18,0,14,0,409,0,31,2,22,0,0,0,0,0,2,0,6,0,4,0,122,0,0,0,782,0,0,0,4,4,0,0,224,0,30,0,561,0,1,0,3,0,15,0,0,1,3,0,1,0,21,0,24,0,3,1,2,0,4,0,0,0,10,1,1,0,22,2,53,0,0,0,0,0,5,0,699,0,0,0,1058,0,922,0,43,0,0,0,0,1,0,0,0,1,6,0,0,0,0,0,0,0,0,1,0,0,0,0,0,0,0,0,0,0,0,0,1,0,0,0,0,0,0,0,0,0,1,0,0,0,0,0,0,0,5,0,19,0,0,0,0,0,0,0,0,0,2,1,3,0,0,0,0,0,1,0,1,0,0,0,1,0
0,2,0,3,0,7,0,23,0,2,0,5,0,309,0,0,0,80,1,7,0,35,0,103,0,18,0,3,0,11,0,0,1,280,0,0,0,1,0,1,0,347,0,140,0,391,0,1,3,0,0,4,0,3,0,25,0,11,0,156,0,8,0,1,0,2,0,5,0,8,0,7,0,0,1,9,0,138,0,0,0,0,0,43,0,686,0,0,0,1529,0,1458,0,527,0,0,0,0,0,0,0,2,0,1,0,0,0,0,0,0,1,0,0,0,0,0,0,0,0,0,0,0,0,0,0,0,0,0,0,1,0,0,0,0,0,0,0,0,0,0,0,0,0,0,0,5,0,0,0,0,0,0,0,0,0,0,0,21,0,0,0,0,0,1,0,0,0,0,0,0
108,4,9,0,9,1,217,1,25,0,9,0,110,2,9,3,4,0,0,1,0,1,1,0,1,0,0,0,10,0,1,0,434,1,0,0,15,3,35,5,551,9,88,3,118,1,366,1,263,4,1046,1,343,15,3235,10,494,0,386,1,150,25,91,35,137,8,388,11,1812,12,313,29,6,0,29,6,200,7,5,0,0,0,157,0,4527,12,1058,0,0,6,713,0,1832,0,117,1,13,0,6,4,11,0,263,0,0,0,1,1,1,0,0,1,2,3,0,12,0,0,0,1,0,0,0,0,0,0,0,1,0,0,0,0,1,0,5,0,0,0,0,0,2,0,7,0,56,2,0,0,1,1,0,0,0,0,1,1,0,0,1,1,2,0,3,0,3,0,0,1,0,1
2,50,0,30,0,30,0,18,0,10,0,3,0,16,7,74,1,28,0,16,0,9,0,23,0,2,0,0,0,3,0,0,1,62,0,0,9,32,31,44,3,1103,0,103,0,262,18,21,42,26,2,29,16,63,1,1907,0,98,0,150,0,23,1,35,0,22,0,313,0,1276,40,103,4,20,3,99,3,558,0,10,0,0,4,113,3,4947,0,1529,6,0,0,847,0,4058,0,4,0,5,0,12,0,1,0,5,0,1,0,6,1,0,2,1,0,0,0,0,0,0,0,0,0,0,0,1,0,10,0,9,0,2,0,0,0,1,0,7,0,0,0,3,0,6,0,19,0,134,0,7,0,6,0,1,0,1,0,5,0,10,0,0,0,3,0,16,0,4,0,1,1,0
1,0,3,0,2,0,1,0,2,0,8,0,0,0,0,0,6,0,0,0,0,0,0,0,1,0,0,0,14,0,0,0,159,0,0,0,0,0,0,0,857,0,492,0,258,0,0,0,0,0,16,0,0,0,0,0,2,0,798,0,1,0,0,0,0,0,0,0,0,0,4,1,0,0,1,0,18,0,0,0,0,0,0,0,34,0,922,0,713,0,0,0,1276,0,1,0,0,0,1,0,9,0,2,0,0,0,0,0,0,0,0,0,0,0,0,0,0,0,0,0,0,0,0,0,0,0,0,0,0,0,0,0,0,0,0,0,0,0,0,0,0,0,0,0,9,0,0,0,0,0,0,0,0,0,0,0,1,0,0,0,0,0,0,0,0,0,0,0,0,0
0,0,0,1,0,1,0,0,0,0,0,0,0,0,0,0,0,13,0,2,0,6,0,10,0,1,0,0,0,0,0,0,0,19,0,0,0,0,2,2,0,218,0,188,0,123,0,0,2,0,0,1,0,1,0,30,0,8,0,615,0,0,0,0,0,0,0,0,0,5,1,4,0,0,0,2,0,38,0,0,0,0,0,0,0,51,0,1458,0,847,0,0,0,1719,0,1,0,0,0,1,0,3,0,0,0,0,0,0,0,0,0,0,0,0,0,0,0,0,0,0,0,0,0,0,0,0,0,0,0,0,0,0,0,0,0,0,0,0,0,0,0,0,0,0,0,3,0,0,0,0,0,0,0,3,0,0,0,4,0,0,0,0,0,0,0,0,0,0,0,0
11,0,2,0,1,0,8,1,4,0,5,0,3,0,2,1,4,0,1,0,0,0,0,0,0,0,0,0,6,0,0,0,111,0,0,0,0,0,5,3,543,1,375,0,27,0,97,0,33,0,556,0,43,0,562,2,809,0,3287,0,11,2,4,4,12,3,8,0,20,0,65,2,0,0,2,1,21,0,0,0,0,0,5,0,69,2,43,0,1832,0,1276,0,0,0,134,0,1,1,0,1,23,0,174,0,0,0,0,0,0,0,0,0,0,1,0,6,0,0,0,0,0,0,0,0,0,0,0,0,0,0,0,0,0,0,0,0,0,0,0,0,0,0,1,0,22,1,0,0,0,0,0,0,0,0,0,0,0,0,0,0,0,0,0,0,1,0,1,0,1,0
0,3,0,5,0,1,0,0,0,0,0,3,0,0,2,4,0,12,0,6,0,7,0,16,0,0,0,1,0,1,0,0,0,11,0,0,1,4,6,6,0,489,0,269,0,115,4,21,7,1,0,70,3,15,0,750,0,976,0,3435,0,3,0,0,0,2,0,3,0,73,1,26,0,0,1,6,0,95,0,0,0,0,0,3,0,71,0,527,0,4058,0,1719,0,0,0,1,0,0,0,0,0,34,0,39,0,0,0,1,0,0,0,0,0,0,1,0,0,0,0,0,0,0,0,0,0,1,0,0,0,0,0,0,0,0,0,0,0,0,0,0,0,1,0,1,0,14,0,0,0,0,0,0,0,0,0,1,0,1,0,0,0,0,0,2,0,0,0,0,0,0
1,2,0,0,0,0,5,0,0,0,0,0,1,0,0,0,0,0,0,0,0,0,0,0,0,0,0,0,0,0,0,0,3,0,0,0,0,0,1,0,9,1,17,2,0,0,771,0,18,0,2141,0,49,0,428,0,915,0,1826,0,4,2,1,2,3,0,1,0,8,1,13,0,0,0,2,1,2,1,0,0,0,0,2,0,8,1,0,0,117,0,1,0,134,0,0,9,1149,9,70,2,605,6,3356,20,502,0,499,19,97,4,67,19,2,3,28,121,71,15,6,1,0,0,0,0,0,0,0,0,0,0,0,0,0,0,0,0,0,0,0,0,0,0,0,0,1,0,0,0,0,0,0,0,0,0,0,0,0,0,0,1,0,2,1,2,0,0,1,0,1,0
2,6,0,3,2,2,1,2,2,0,0,0,0,5,1,3,0,0,0,2,0,0,0,0,0,0,0,0,0,0,0,0,5,0,0,0,2,2,2,0,6,12,8,37,0,2,361,200,1,39,2,1330,0,66,0,38,0,81,0,198,3,24,1,7,0,5,1,9,0,5,10,7,8,0,14,11,5,5,0,0,0,0,0,0,1,4,0,0,1,4,0,1,0,1,9,0,10,1134,42,178,47,143,13,2797,11,191,39,840,23,311,26,55,66,9,37,201,28,24,19,43,0,0,0,0,0,2,1,0,0,1,0,0,0,0,0,1,0,0,1,0,0,0,0,0,2,2,0,0,0,0,0,0,0,0,0,0,0,2,15,27,0,7,4,11,1,6,6,9,10,2
1,0,1,1,0,0,1,0,1,0,0,0,0,2,0,0,0,0,0,0,0,0,0,0,0,0,0,0,0,0,0,0,1,0,0,0,1,1,1,0,2,2,4,4,1,0,197,1,3,0,187,0,5,1,22,0,15,0,4,0,0,2,1,0,0,1,1,0,1,0,4,0,1,2,1,0,0,1,0,0,0,0,0,0,1,0,0,0,13,0,0,0,1,0,1149,10,0,7,30,2,223,4,311,19,1434,1,642,15,49,4,46,9,3,8,31,45,121,41,3,0,0,0,0,0,0,1,0,0,0,0,0,0,1,0,0,0,0,0,0,0,0,0,0,0,1,0,0,0,0,0,0,0,0,0,0,0,0,0,3,0,0,1,0,1,0,0,0,0,1,0
2,6,0,2,0,1,0,0,1,0,0,0,1,6,0,1,0,0,0,0,0,0,0,0,0,0,0,0,0,0,0,0,0,0,0,0,3,1,0,0,5,7,6,17,0,0,0,0,0,0,1,0,0,0,0,2,0,0,0,0,2,11,0,3,2,4,0,4,0,4,4,2,4,0,4,9,1,1,0,0,0,0,0,0,0,4,1,0,0,5,0,0,1,0,9,1134,7,0,24,62,40,32,15,260,6,546,37,1256,21,257,20,15,63,14,40,43,77,152,49,63,0,0,0,0,0,1,0,0,0,0,0,0,0,0,0,4,0,0,0,0,0,0,0,0,1,0,0,0,0,0,0,0,0,1,1,0,0,0,4,13,0,2,2,4,2,4,4,8,0,1
6,3,3,2,4,0,4,0,2,0,0,0,3,0,6,3,0,0,1,1,0,0,0,0,0,0,0,0,0,0,0,0,11,0,0,0,4,2,1,0,27,0,24,5,0,1,0,0,0,0,43,1,1,1,1,0,0,0,0,0,6,2,2,3,4,1,2,1,0,3,20,0,4,0,23,8,27,6,1,0,0,0,1,1,3,2,0,0,6,0,1,0,0,0,70,42,30,24,0,23,956,16,142,39,37,5,134,56,160,23,66,32,74,404,171,34,10,76,64,61,0,0,0,0,0,1,0,0,0,0,0,0,1,0,7,0,0,0,2,0,1,0,0,1,26,1,1,0,0,0,0,0,0,1,0,0,2,0,17,4,0,0,12,2,5,4,13,2,49,1
3,55,4,15,0,8,1,10,2,6,1,0,2,12,4,30,0,1,0,11,0,1,0,0,0,0,0,0,0,0,0,0,2,15,0,0,3,4,5,4,10,19,1,78,0,2,0,0,4,1,5,17,1,3,0,4,0,1,0,7,9,70,0,22,2,20,1,27,0,28,14,5,7,13,15,160,8,52,1,4,0,0,0,3,1,25,0,0,4,12,0,1,1,0,2,178,2,62,23,0,39,958,3,267,11,11,12,108,7,130,8,34,96,350,339,37,13,7,6,5,1,0,0,2,0,14,2,5,0,1,0,3,1,10,4,42,0,3,0,0,0,0,0,5,1,36,1,17,0,6,0,0,0,0,0,0,0,15,9,16,0,5,10,32,3,61,4,25,133,2
4,1,1,2,0,3,0,1,1,1,2,0,0,0,1,0,0,0,0,0,0,0,0,0,0,0,0,0,0,0,0,0,9,2,0,0,2,0,0,0,45,6,228,11,2,0,41,0,2,0,547,0,3,0,2,0,0,0,134,0,2,11,1,0,1,4,0,2,0,2,56,1,3,1,9,10,14,5,0,1,0,0,0,0,1,2,0,0,11,0,9,0,23,0,605,47,223,40,956,39,0,78,1314,54,273,2,473,56,230,18,98,36,83,162,1001,105,55,63,19,46,0,0,0,0,0,0,0,0,0,0,0,0,0,0,0,0,0,0,0,0,1,0,0,1,11,0,2,2,0,0,0,0,0,0,1,1,0,1,8,6,6,0,2,12,1,0,8,4,7,1
0,1,1,0,1,0,0,0,1,0,0,0,0,1,2,0,0,0,0,0,0,0,0,0,0,0,0,0,0,0,0,0,0,0,0,0,1,0,0,3,6,8,10,408,0,0,5,56,0,4,0,663,0,5,0,27,0,56,0,869,2,3,0,0,0,0,0,1,0,1,2,14,2,1,2,6,2,1,0,1,0,0,0,1,0,0,1,2,0,1,0,3,0,34,6,143,4,32,16,958,78,0,10,1524,3,7,12,87,7,142,7,147,88,35,549,118,27,11,8,31,0,0,0,0,0,0,0,0,0,0,0,0,0,0,0,2,0,0,0,0,0,0,0,0,0,0,0,0,0,0,0,0,0,0,0,0,0,0,3,3,0,2,1,0,0,8,0,11,8,0
1,0,2,0,0,0,4,0,0,0,0,0,1,1,2,1,0,0,0,0,0,0,0,0,0,0,0,0,0,0,0,0,5,0,0,0,2,0,3,1,30,0,29,3,0,0,335,0,27,0,1679,0,36,0,311,0,351,0,1403,0,0,1,3,0,0,2,1,1,1,0,60,2,1,0,2,1,9,0,1,0,0,0,0,0,15,0,6,0,263,0,2,0,174,0,3356,13,311,15,142,3,1314,10,0,37,181,0,298,18,87,1,51,15,10,8,76,541,197,77,5,3,0,0,0,0,0,0,0,0,0,0,0,0,0,0,1,0,0,0,0,0,0,0,0,0,4,0,0,0,0,0,0,0,0,0,0,0,0,0,2,0,0,1,1,1,0,1,0,2,1,0
