0,9,1903,7,3997,7,626,14,204,1,0,0,1678,1,594,2,0,0,9,1,0,0,0,0,0,0,0,0,0,0,0,0,827,3,0,0,366,14,17,1,4,0,0,0,0,0,5,0,13,0,5,0,3,1,20,0,0,0,0,0,5574,6,210,4,187,1,54,0,5,1,679,8,1289,5,257,29,267,1,110,0,0,0,25,1,101,0,0,0,31,0,0,0,0,0,0,0,0,0,0,0,0,0,0,0,0,0,0,0,1,0,0,1,0,0,0,0,0,0,0,0,0,0,0,0,23,0,42,0,21,0,13,0,1,0,8,1,6,1,1,0,1,0,0,0,19,0,13,0,9,0,0,0,0,0,6,3,0,0,1,0,0,0,18,0,2,0,0,0,0,0
9,0,10,2800,6,2641,6,2113,5,142,0,0,1,1576,36,828,0,0,2,3,0,0,0,0,0,0,0,0,0,0,0,0,3,331,0,0,135,222,0,5,0,2,0,0,0,1,0,2,1,22,0,0,1,27,0,39,0,0,0,0,3,6639,3,172,1,162,2,295,0,84,13,199,14,446,11,277,3,122,2,18,0,0,0,2,1,65,0,0,0,2,0,0,0,0,1,0,0,0,0,0,0,0,0,0,0,0,0,0,1,0,2,0,0,2,0,0,0,0,0,0,0,0,0,12,1,9,0,77,0,27,0,15,0,1,0,17,0,7,0,0,0,0,0,1,0,47,0,8,0,9,0,0,0,1,80,98,0,0,2,1,0,6,1,8,0,10,0,0,0,0
1903,10,0,72,5703,57,93,21,516,18,394,0,15,1,3369,27,103,8,5614,42,437,14,160,9,112,0,403,1,77,1,34,0,393,9,0,0,362,20,1,0,4,1,0,0,3,0,0,0,1,0,0,0,0,0,2,0,0,0,0,0,110,1,6,0,16,0,3,0,0,0,32,0,296,2,410,57,283,15,44,3,0,0,0,0,5,0,1,0,0,0,0,0,1,0,0,0,0,0,0,0,0,0,0,0,0,0,0,0,0,0,0,0,0,0,0,0,0,0,0,0,0,0,0,0,5,0,3,1,0,0,3,0,1,0,3,0,0,0,2,0,0,0,0,0,1,0,0,0,0,0,87,45,302,81,214,54,82,4,0,0,1,0,1,0,0,1,0,0,0,0
7,2800,72,0,51,7459,6,135,24,531,2,404,1,12,33,2358,1,109,88,2585,0,426,1,180,0,110,0,707,0,66,0,11,15,233,0,0,85,429,0,2,0,1,0,0,0,9,0,1,1,10,0,0,0,2,0,2,0,0,0,0,1,131,0,38,0,34,0,5,0,12,4,50,9,53,75,481,18,456,2,48,0,0,0,0,0,0,0,0,0,0,0,0,0,1,0,0,0,0,0,0,0,0,0,0,0,0,0,0,0,0,2,1,0,0,0,0,0,0,0,0,0,0,0,3,0,20,0,21,0,4,0,4,0,3,0,14,0,3,0,0,0,0,0,0,0,15,0,3,0,3,0,38,24,194,102,506,1,37,0,0,0,3,1,4,1,6,0,0,0,0
3997,6,5703,51,0,40,408,13,3536,5,810,1,63,0,839,13,39,12,488,45,73,21,79,8,49,0,176,1,60,1,556,1,942,4,0,0,98,7,0,0,12,0,0,0,2,0,0,0,1,0,0,0,2,0,0,1,0,0,1,0,168,1,12,0,21,0,14,0,2,0,25,0,108,0,638,51,366,10,62,0,0,0,3,0,3,0,2,0,1,0,0,0,1,0,0,0,0,0,0,0,0,0,0,0,0,0,0,0,0,0,0,0,0,0,0,0,0,0,0,0,0,1,0,0,9,0,2,0,3,0,5,0,0,0,3,0,0,0,0,0,0,0,0,0,1,0,0,0,0,0,22,39,50,53,45,34,27,1,0,0,0,0,5,0,1,0,0,0,0,0
7,2641,57,7459,40,0,5,1892,21,3848,0,1321,1,8,56,221,0,72,52,128,0,117,0,114,0,56,0,570,0,90,0,102,9,585,0,0,45,106,0,0,0,5,0,0,0,10,0,0,0,0,0,0,0,0,0,0,0,0,0,1,1,121,0,1,0,1,0,2,0,0,0,2,2,11,58,644,17,661,3,64,0,0,0,0,0,0,0,1,0,0,0,0,0,2,0,0,0,0,0,0,0,0,0,0,0,0,0,0,0,0,3,0,0,0,0,0,0,0,0,0,0,0,0,1,0,35,0,9,0,1,0,3,0,3,1,17,0,6,0,0,0,1,0,0,0,5,0,1,0,0,0,15,21,32,125,289,0,15,0,0,0,3,1,11,0,14,0,0,0,0
626,6,93,6,408,5,0,2,991,1,14,0,1869,0,230,4,0,0,6,2,0,0,0,0,0,0,0,0,0,0,0,0,1199,0,0,0,108,4,2,0,6,0,2,0,0,0,0,0,2,1,1,0,0,0,0,0,0,0,0,0,162,3,21,0,23,0,13,1,1,0,35,1,55,1,309,20,120,1,69,0,0,0,3,0,4,0,0,0,0,0,0,0,0,0,0,0,0,0,0,0,0,0,0,0,0,0,0,0,0,0,1,0,0,0,0,0,0,0,0,0,0,0,1,0,38,0,23,0,6,0,9,0,0,0,9,0,6,0,2,0,0,0,0,0,8,0,1,0,3,0,0,0,0,1,2,4,0,0,0,0,3,0,22,0,0,0,0,0,0,0
14,2113,21,135,13,1892,2,0,3,2123,0,13,0,1537,59,63,0,0,5,9,0,0,0,0,0,0,0,0,0,0,0,0,4,1321,0,0,28,27,0,0,0,4,0,1,0,2,0,0,0,0,0,0,0,0,0,0,0,0,0,0,0,44,0,0,0,0,0,4,0,0,0,1,2,0,8,373,8,276,0,49,0,0,0,0,0,0,0,0,0,0,0,0,0,0,0,0,0,0,0,0,0,0,0,0,0,0,0,0,0,0,0,0,0,0,0,0,0,0,0,0,0,1,0,0,0,16,0,15,0,0,0,2,0,0,0,9,0,5,0,0,0,0,0,0,0,3,0,1,0,0,0,0,0,0,46,49,0,0,0,0,0,3,2,5,1,8,0,0,0,0
204,5,516,24,3536,21,991,3,0,10,1857,0,221,0,108,5,17,2,185,20,3,6,26,3,11,0,5,0,98,1,8,0,2792,1,0,0,40,3,0,0,7,0,0,0,2,0,1,0,0,0,0,0,0,0,0,1,0,0,0,0,37,1,3,0,5,0,1,0,2,0,8,0,7,0,635,16,439,4,57,1,0,0,1,0,0,0,1,0,0,0,0,0,0,0,0,0,0,0,0,0,0,0,0,0,0,0,0,0,0,0,0,0,0,0,0,0,0,0,0,0,1,0,0,0,22,2,4,0,2,0,3,0,0,0,4,0,0,0,1,0,0,0,0,0,2,0,1,0,0,0,9,14,26,18,24,6,6,2,0,0,1,1,9,0,1,0,0,0,0,0
1,142,18,531,5,3848,1,2123,10,0,0,977,2,59,13,100,2,22,9,59,0,23,0,15,0,3,0,28,0,27,0,59,8,1129,0,0,11,52,0,0,0,1,0,1,0,12,0,0,0,0,0,0,0,0,0,0,0,0,0,0,0,0,0,1,1,0,0,0,0,0,0,0,1,0,9,396,6,517,3,48,0,0,0,0,0,0,0,1,0,0,0,0,0,0,0,0,0,0,0,1,0,0,0,0,0,0,0,0,0,0,1,0,0,1,0,0,0,0,0,0,0,0,0,0,0,21,0,8,0,0,0,3,0,1,0,6,0,0,0,0,0,0,0,0,0,1,0,0,0,0,0,3,2,7,20,47,0,2,0,0,0,1,0,11,0,11,0,0,0,0
0,0,394,2,810,0,14,0,1857,0,0,0,0,0,0,0,32,0,105,1,93,0,81,0,69,0,22,1,820,0,757,0,470,0,0,0,0,0,0,0,0,0,0,0,0,0,0,0,0,0,0,0,0,0,0,0,0,0,0,0,0,0,0,0,0,0,0,0,0,0,0,0,0,0,36,0,67,0,0,0,0,0,0,0,0,0,0,0,0,0,0,0,0,0,0,0,0,0,0,0,0,0,0,0,0,0,0,0,0,0,0,0,0,0,0,0,0,0,0,0,0,0,0,0,0,0,0,0,0,0,0,0,0,0,0,0,0,0,0,0,0,0,0,0,0,0,0,0,0,0,7,2,66,0,13,0,8,0,0,0,0,0,0,0,0,0,0,0,0,0
0,0,0,404,1,1321,0,13,0,977,0,0,0,0,0,4,0,40,5,111,0,170,0,100,0,63,0,414,0,876,0,765,0,586,0,0,0,3,0,0,0,0,0,0,0,4,0,0,0,0,0,0,0,0,0,0,0,0,0,0,0,0,0,0,0,0,0,0,0,0,0,0,0,0,6,52,3,169,0,2,0,0,0,0,0,0,0,0,0,0,0,0,0,0,0,0,0,0,0,0,0,0,0,0,0,0,0,0,0,0,0,0,0,0,0,0,0,0,0,0,0,0,0,0,0,0,0,0,0,0,0,0,0,0,0,1,0,0,0,0,0,0,0,0,0,0,0,0,0,0,0,4,2,13,0,21,0,8,0,0,0,0,0,0,0,0,0,0,0,0
1678,1,15,1,63,1,1869,0,221,2,0,0,0,0,31,1,0,0,0,0,0,0,0,0,0,0,0,0,0,0,0,0,243,0,0,0,30,2,2,0,5,0,0,0,0,0,20,1,6,1,15,0,5,0,18,1,5,0,1,0,3072,0,15,0,157,0,430,1,21,2,27,4,22,0,39,0,41,0,18,0,0,0,71,0,582,0,0,0,14,0,0,0,1,0,0,0,0,0,0,0,0,0,0,0,0,0,1,0,0,0,0,1,0,0,0,0,0,0,0,0,0,0,0,0,14,0,7,0,4,0,0,0,0,0,1,1,0,0,0,0,0,0,0,0,5,0,1,0,0,0,0,0,0,1,0,0,0,0,0,0,0,0,5,0,0,0,0,0,0,0
1,1576,1,12,0,8,0,1537,0,59,0,0,0,0,1,5,0,0,0,0,0,0,0,0,0,0,0,0,0,0,0,0,0,701,0,0,4,9,0,1,0,4,0,0,0,2,0,0,0,3,0,1,0,1,0,5,0,0,0,0,0,2045,0,2,1,14,0,743,0,30,8,7,0,0,2,50,0,123,0,14,0,0,0,4,0,470,0,4,1,3,0,0,0,0,0,0,0,0,0,0,0,0,0,0,0,0,0,0,0,0,1,0,0,1,0,0,0,0,0,1,0,0,0,5,0,3,1,44,0,8,0,7,0,0,0,3,0,2,0,0,0,0,0,0,0,17,0,5,0,7,0,0,0,0,0,1,0,0,0,1,0,1,0,4,0,0,0,0,1,0
594,36,3369,33,839,56,230,59,108,13,0,0,31,1,0,68,0,0,947,6,0,0,0,0,0,0,0,0,0,0,0,0,134,5,0,0,1024,27,1,1,4,0,0,0,0,2,4,0,1,1,0,0,0,1,2,0,0,0,0,0,74,16,10,3,14,3,5,0,0,1,44,10,1298,11,255,131,134,8,78,3,0,0,2,0,2,0,0,0,2,0,0,0,0,0,0,0,0,0,0,0,0,0,0,0,0,0,0,0,0,0,0,0,0,0,0,0,0,0,0,0,0,0,0,0,27,2,7,0,0,0,2,0,0,0,4,0,1,0,1,0,0,0,0,0,4,1,1,0,1,0,0,0,0,1,43,13,0,0,0,0,3,0,13,4,1,1,0,0,0,0
2,828,27,2358,13,221,4,63,5,100,0,4,1,5,68,0,0,0,28,1247,0,0,0,0,0,0,0,0,0,2,0,1,3,36,0,0,53,2979,0,2,0,0,0,0,0,6,0,0,2,19,0,0,0,10,0,5,0,0,0,0,1,90,0,64,0,34,0,4,0,11,5,200,5,942,11,157,1,97,2,28,0,0,0,0,0,0,0,0,0,0,0,0,0,1,0,0,0,0,0,0,0,0,0,0,0,0,0,0,0,0,0,0,0,0,0,0,0,0,0,0,0,0,0,0,0,14,0,11,0,8,0,2,0,1,0,11,0,1,0,0,0,0,0,0,0,6,0,0,0,3,0,1,2,7,90,345,0,0,0,0,0,1,0,3,0,7,0,0,0,0
0,0,103,1,39,0,0,0,17,2,32,0,0,0,0,0,0,3,63,2,109,0,630,0,224,0,5,0,36,0,1,0,76,0,0,0,0,0,0,0,0,0,0,0,15,0,0,0,0,0,0,0,0,0,0,0,0,0,0,0,0,0,0,0,0,0,0,0,0,0,0,0,0,0,232,0,883,0,0,0,0,0,0,0,1,0,1,0,0,0,0,0,0,0,0,0,0,0,0,0,0,0,0,0,0,0,0,0,0,0,0,0,0,0,0,0,0,0,0,0,0,8,0,0,0,2,0,0,0,0,0,0,0,0,0,0,0,0,0,0,0,0,0,0,0,0,0,0,0,0,107,2,156,0,43,0,1266,55,0,0,0,0,0,0,0,0,0,0,0,0
0,0,8,109,12,72,0,0,2,22,0,40,0,0,0,0,3,0,12,80,1,377,14,599,0,178,0,17,1,14,0,0,2,28,0,0,0,4,0,0,0,0,0,0,0,56,0,0,0,0,0,0,0,0,0,0,0,0,0,0,0,0,0,0,0,0,0,0,0,0,0,0,0,0,146,278,3,891,0,1,0,0,0,0,0,0,0,0,0,0,0,0,0,0,0,0,0,0,0,0,0,0,0,0,0,0,0,0,0,0,0,0,0,0,0,0,0,0,0,0,0,0,0,0,0,0,0,0,0,0,0,0,0,0,0,0,0,0,0,0,0,0,0,0,0,0,0,0,0,0,4,130,5,59,5,26,0,1253,0,0,0,0,0,0,0,0,0,0,0,0
9,2,5614,88,488,52,6,5,185,9,105,5,0,0,947,28,63,12,0,82,330,24,58,10,57,1,49,0,47,1,2,0,183,5,0,0,200,29,0,0,1,0,0,0,1,0,0,0,0,0,0,0,0,0,0,0,0,0,0,0,0,0,0,0,1,0,0,0,0,0,1,0,1,0,236,29,150,8,15,1,0,0,0,0,0,0,1,0,0,0,0,0,0,0,0,0,0,0,0,0,0,0,0,0,0,0,0,0,0,0,0,0,0,0,0,0,0,0,0,0,0,0,0,0,1,1,0,0,0,0,1,0,1,0,1,0,0,0,0,0,0,0,0,0,0,0,0,0,0,0,66,53,757,112,530,81,45,11,0,0,0,0,1,2,0,0,0,0,0,0
1,3,42,2585,45,128,2,9,20,59,1,111,0,0,6,1247,2,80,82,0,4,267,2,136,0,38,0,70,1,13,0,3,6,36,0,0,12,942,0,0,0,0,0,0,0,1,0,0,0,0,0,0,0,0,0,0,0,0,0,0,0,0,0,1,0,0,0,0,0,0,0,1,0,0,37,112,3,73,1,3,0,0,0,0,0,0,0,0,0,0,0,0,0,0,0,0,0,0,0,0,0,0,0,0,0,0,0,0,0,0,0,0,0,0,0,0,0,0,0,0,0,0,0,0,0,4,0,0,0,1,0,0,0,0,0,0,0,1,0,0,0,0,0,0,0,0,0,0,0,0,6,44,22,764,34,563,1,40,0,0,0,1,1,1,0,1,0,0,0,0
0,0,437,0,73,0,0,0,3,0,93,0,0,0,0,0,109,1,330,4,0,0,1188,0,706,0,233,0,50,0,3,0,27,0,0,0,0,0,0,0,0,0,0,0,0,0,0,0,0,0,0,0,0,0,0,0,0,0,0,0,0,0,0,0,0,0,0,0,0,0,0,0,0,0,11,0,19,0,0,0,0,0,0,0,0,0,0,0,0,0,0,0,0,0,0,0,0,0,0,0,0,0,0,0,0,0,0,0,0,0,0,0,0,0,0,0,0,0,0,0,0,0,0,0,0,0,0,0,0,0,0,0,0,0,0,0,0,0,0,0,0,0,0,0,0,0,0,0,0,0,26,5,434,0,23,1,107,0,0,0,0,0,0,0,0,0,0,0,0,0
0,0,14,426,21,117,0,0,6,23,0,170,0,0,0,0,0,377,24,267,0,0,19,2186,0,840,0,393,0,45,0,2,1,18,0,0,0,2,0,0,0,0,0,0,0,0,0,0,0,0,0,0,0,0,0,0,0,0,0,0,0,0,0,0,0,0,0,0,0,0,0,0,0,0,18,85,3,31,1,0,0,0,0,0,0,0,0,0,0,0,0,0,0,0,0,0,0,0,0,0,0,0,0,0,0,0,0,0,0,0,0,0,0,0,0,0,0,0,0,0,0,0,0,0,0,0,0,0,0,0,0,0,0,0,0,0,0,0,0,0,0,0,0,0,0,0,0,0,0,0,3,128,6,251,7,28,1,382,0,0,0,0,0,0,0,0,0,0,0,0
0,0,160,1,79,0,0,0,26,0,81,0,0,0,0,0,630,14,58,2,1188,19,0,20,1281,0,212,0,73,0,1,0,62,0,0,0,0,0,0,0,0,0,0,0,1,0,0,0,0,0,0,0,0,0,0,0,0,0,0,0,0,0,0,0,0,0,0,0,0,0,0,0,0,0,84,5,35,1,0,0,0,0,0,0,0,0,1,0,0,0,0,0,1,0,0,0,0,0,0,0,0,0,0,0,0,0,0,0,0,0,0,0,0,0,0,0,0,0,0,0,0,0,0,0,0,0,0,0,0,0,0,0,0,0,0,0,0,0,0,0,0,0,0,0,0,0,0,0,0,0,377,1,250,5,43,0,153,6,0,0,0,0,0,0,0,0,0,0,0,0
0,0,9,180,8,114,0,0,3,15,0,100,0,0,0,0,0,599,10,136,0,2186,20,0,0,1585,0,147,0,23,0,5,2,18,0,0,0,2,0,0,0,0,0,0,0,1,0,0,0,0,0,0,0,0,0,0,0,0,0,0,0,0,0,0,0,0,0,0,0,0,0,0,0,0,2,105,1,88,1,0,0,0,0,0,0,0,0,0,0,0,0,0,0,0,0,0,0,0,0,0,0,0,0,0,0,0,0,0,0,0,0,0,0,0,0,0,0,0,0,0,0,0,0,0,0,0,0,0,0,0,0,0,0,0,0,0,0,0,0,0,0,0,0,0,0,0,0,0,0,0,1,77,1,73,1,13,0,171,0,0,0,0,0,0,0,0,0,0,0,0
0,0,112,0,49,0,0,0,11,0,69,0,0,0,0,0,224,0,57,0,706,0,1281,0,0,0,368,0,137,0,1,0,81,0,0,0,0,0,0,0,0,0,0,0,2,0,0,0,0,0,0,0,0,0,0,0,0,0,0,0,0,0,0,0,0,0,0,0,0,0,0,0,0,0,9,0,28,0,0,0,0,0,0,0,0,0,0,0,0,0,0,0,0,0,0,0,0,0,0,0,0,0,0,0,0,0,0,0,0,0,0,0,0,0,0,0,0,0,0,0,0,0,0,0,0,0,0,0,0,0,0,0,0,0,0,0,0,0,0,0,0,0,0,0,0,0,0,0,0,0,62,1,179,0,13,0,18,0,0,0,0,0,0,0,0,0,0,0,0,0
0,0,0,110,0,56,0,0,0,3,0,63,0,0,0,0,0,178,1,38,0,840,0,1585,0,0,0,399,0,33,0,1,0,25,0,0,0,0,0,0,0,0,0,0,0,0,0,0,0,0,0,0,0,0,0,0,0,0,0,0,0,0,0,0,0,0,0,0,0,0,0,0,0,0,2,14,1,5,0,0,0,0,0,0,0,0,0,0,0,0,0,0,0,1,0,0,0,0,0,0,0,0,0,0,0,0,0,0,0,0,0,0,0,0,0,0,0,0,0,0,0,0,0,0,0,0,0,0,0,0,0,0,0,0,0,0,0,0,0,0,0,0,0,0,0,0,0,0,0,0,0,3,0,13,0,2,0,17,0,0,0,0,0,0,0,0,0,0,0,0
0,0,403,0,176,0,0,0,5,0,22,0,0,0,0,0,5,0,49,0,233,0,212,0,368,0,0,0,83,0,0,0,6,0,0,0,0,0,0,0,0,0,0,0,0,0,0,0,0,0,0,0,0,0,0,0,0,0,0,0,0,0,0,0,0,0,0,0,0,0,0,0,0,0,1,0,3,0,0,0,0,0,0,0,0,0,0,0,0,0,0,0,0,0,0,0,0,0,0,0,0,0,0,0,0,0,0,0,0,0,0,0,0,0,0,0,0,0,0,0,0,0,0,0,0,0,0,0,0,0,0,0,0,0,0,0,0,0,0,0,0,0,0,0,0,0,0,0,0,0,3,0,20,0,1,0,0,0,0,0,0,0,0,0,0,0,0,0,0,0
0,0,1,707,1,570,0,0,0,28,1,414,0,0,0,0,0,17,0,70,0,393,0,147,0,399,0,0,0,96,0,11,0,17,0,0,0,1,0,0,0,0,0,0,0,0,0,0,0,0,0,0,0,0,0,0,0,0,0,0,0,0,0,0,0,0,0,0,0,0,0,0,0,0,1,3,0,9,0,0,0,0,0,0,0,0,0,0,0,0,0,0,0,0,0,0,0,0,0,0,0,0,0,0,0,0,0,0,0,0,0,0,0,0,0,0,0,0,0,0,0,0,0,0,0,0,0,0,0,0,0,0,0,0,0,0,0,0,0,0,0,0,0,0,0,0,0,0,0,0,0,2,0,9,0,7,0,4,0,0,0,0,0,0,0,0,0,0,0,0
0,0,77,0,60,0,0,0,98,0,820,0,0,0,0,0,36,1,47,1,50,0,73,0,137,0,83,0,0,0,20,0,620,0,0,0,0,0,0,0,0,0,0,0,3,0,0,0,0,0,0,0,0,0,0,0,0,0,0,0,0,0,0,0,0,0,0,0,0,0,0,0,0,0,10,0,48,0,0,0,0,0,0,0,0,0,1,0,0,0,0,0,0,0,0,0,0,0,0,0,0,0,0,0,0,0,0,0,0,0,0,0,0,0,0,0,0,0,0,0,0,0,0,0,0,0,0,0,0,0,0,0,0,0,0,0,0,0,0,0,0,0,0,0,0,0,0,0,0,0,6,3,65,1,4,1,10,0,0,0,0,0,0,0,0,0,0,0,0,0
0,0,1,66,1,90,0,0,1,27,0,876,0,0,0,2,0,14,1,13,0,45,0,23,0,33,0,96,0,0,0,178,0,276,0,0,0,0,0,0,0,0,0,0,0,1,0,0,0,0,0,0,0,0,0,0,0,0,0,0,0,0,0,0,0,0,0,0,0,0,0,0,0,0,2,18,1,47,0,0,0,0,0,0,0,2,0,7,0,0,0,0,0,0,0,0,0,0,0,0,0,0,0,0,0,0,0,0,0,0,0,0,0,0,0,0,0,0,0,0,0,0,0,0,0,0,0,0,0,0,0,0,0,0,0,0,0,0,0,0,0,0,0,0,0,0,0,0,0,0,0,0,0,1,1,5,0,7,0,0,0,0,0,0,0,0,0,0,0,0
0,0,34,0,556,0,0,0,8,0,757,0,0,0,0,0,1,0,2,0,3,0,1,0,1,0,0,0,20,0,0,0,5,0,0,0,0,0,0,0,0,0,0,0,0,0,0,0,0,0,0,0,0,0,0,0,0,0,0,0,0,0,0,0,0,0,0,0,0,0,0,0,0,0,0,0,3,0,0,0,0,0,0,0,0,0,0,0,0,0,0,0,0,0,0,0,0,0,0,0,0,0,0,0,0,0,0,0,0,0,0,0,0,0,0,0,0,0,0,0,0,0,0,0,0,0,0,0,0,0,0,0,0,0,0,0,0,0,0,0,0,0,0,0,0,0,0,0,0,0,0,0,0,0,0,0,0,0,0,0,0,0,0,0,0,0,0,0,0,0
0,0,0,11,1,102,0,0,0,59,0,765,0,0,0,1,0,0,0,3,0,2,0,5,0,1,0,11,0,178,0,0,0,60,0,0,0,0,0,0,0,0,0,0,0,0,0,0,0,0,0,0,0,0,0,0,0,0,0,0,0,0,0,0,0,0,0,0,0,0,0,0,0,0,0,3,0,21,0,0,0,0,0,0,0,0,0,0,0,0,0,0,0,0,0,0,0,0,0,0,0,0,0,0,0,0,0,0,0,0,0,0,0,0,0,0,0,0,0,0,0,0,0,0,0,0,0,0,0,0,0,0,0,0,0,0,0,0,0,0,0,0,0,0,0,0,0,0,0,0,0,0,0,1,0,0,0,3,0,0,0,0,0,0,0,0,0,0,0,0
827,3,393,15,942,9,1199,4,2792,8,470,0,243,0,134,3,76,2,183,6,27,1,62,2,81,0,6,0,620,0,5,0,0,0,0,0,134,14,7,10,344,0,24,0,72,0,27,10,25,3,39,0,8,3,11,0,2,0,58,0,626,2,54,1,101,1,103,0,9,0,103,7,60,0,476,11,3333,2,152,0,0,0,128,1,154,0,41,0,56,0,0,0,197,0,0,0,0,0,2,0,0,0,0,0,0,0,1,0,0,0,1,0,0,0,0,0,0,0,0,1,0,0,1,0,27,1,36,0,23,0,9,0,3,0,12,0,3,0,4,0,1,0,3,1,22,0,8,0,2,0,2,11,37,10,15,9,19,0,1,0,1,2,16,1,5,0,0,0,1,1
3,331,9,233,4,585,0,1321,1,1129,0,586,0,701,5,36,0,28,5,36,0,18,0,18,0,25,0,17,0,276,0,60,0,0,0,0,3,28,3,7,0,213,0,10,0,95,0,1,2,2,0,0,0,1,1,1,0,0,0,104,0,239,1,6,0,11,0,95,0,7,3,29,0,2,3,254,2,2820,1,153,0,0,0,3,0,439,0,552,0,143,0,9,0,146,0,0,0,0,0,0,0,0,0,0,0,0,0,0,0,0,2,0,1,1,0,0,0,0,0,0,0,0,0,2,0,11,0,93,0,72,0,9,0,1,0,11,0,5,0,3,1,0,0,1,0,34,0,5,0,8,0,2,1,11,6,12,0,3,0,2,0,1,0,10,0,5,0,1,1,0
0,0,0,0,0,0,0,0,0,0,0,0,0,0,0,0,0,0,0,0,0,0,0,0,0,0,0,0,0,0,0,0,0,0,0,0,0,0,0,0,0,0,0,0,0,0,0,0,0,0,0,0,0,0,0,0,0,0,0,0,0,0,0,0,0,0,0,0,0,0,0,0,0,0,0,0,0,0,0,0,0,0,0,0,0,0,0,0,0,0,0,0,0,0,0,0,0,0,0,0,0,0,0,0,0,0,0,0,0,0,0,0,0,0,0,0,0,0,0,0,0,0,0,0,0,0,0,0,0,0,0,0,0,0,0,0,0,0,0,0,0,0,0,0,0,0,0,0,0,0,0,0,0,0,0,0,0,0,0,0,0,0,0,0,0,0,0,0,0,0
0,0,0,0,0,0,0,0,0,0,0,0,0,0,0,0,0,0,0,0,0,0,0,0,0,0,0,0,0,0,0,0,0,0,0,0,0,0,0,0,0,0,0,0,0,0,0,0,0,0,0,0,0,0,0,0,0,0,0,0,0,0,0,0,0,0,0,0,0,0,0,0,0,0,0,0,0,0,0,0,0,0,0,0,0,0,0,0,0,0,0,0,0,0,0,0,0,0,0,0,0,0,0,0,0,0,0,0,0,0,0,0,0,0,0,0,0,0,0,0,0,0,0,0,0,0,0,0,0,0,0,0,0,0,0,0,0,0,0,0,0,0,0,0,0,0,0,0,0,0,0,0,0,0,0,0,0,0,0,0,0,0,0,0,0,0,0,0,0,0
366,135,362,85,98,45,108,28,40,11,0,0,30,4,1024,53,0,0,200,12,0,0,0,0,0,0,0,0,0,0,0,0,134,3,0,0,0,167,1361,8,1,0,0,0,0,0,22,2,45,7,2,0,5,7,12,9,0,0,0,0,314,95,74,110,26,23,14,8,4,9,1798,114,769,79,214,101,168,12,106,2,0,0,1,2,9,10,0,0,5,0,0,0,0,0,0,0,1,0,0,0,0,0,0,0,0,0,0,0,0,1,0,0,0,0,0,0,0,0,0,0,1,0,2,2,28,1,50,5,12,3,19,1,0,0,11,0,1,0,0,0,0,0,0,0,14,4,6,2,4,2,0,1,1,3,871,21,1,0,2,0,3,0,11,1,1,1,0,0,0,0
14,222,20,429,7,106,4,27,3,52,0,3,2,9,27,2979,0,4,29,942,0,2,0,2,0,0,0,1,0,0,0,0,14,28,0,0,167,0,33,904,0,2,0,0,0,2,2,19,16,170,1,3,1,99,2,76,0,0,0,0,12,272,6,383,3,162,1,139,0,123,63,2079,13,944,14,97,10,80,10,16,0,0,1,8,0,15,0,0,3,2,0,0,0,0,0,0,0,0,0,0,0,0,0,0,0,0,0,0,0,0,2,1,0,0,0,0,0,0,0,0,0,0,0,1,1,6,2,19,1,9,1,5,0,0,0,5,1,4,0,0,0,0,0,0,0,25,0,7,0,2,0,5,5,62,70,796,0,0,0,0,0,0,1,4,0,7,0,0,1,0
17,0,1,0,0,0,2,0,0,0,0,0,2,0,1,0,0,0,0,0,0,0,0,0,0,0,0,0,0,0,0,0,7,3,0,0,1361,33,0,193,187,10,5,4,0,0,131,110,123,25,41,16,15,21,19,27,3,0,0,0,14,6,5,1,12,2,8,7,5,14,925,151,3,0,13,3,37,3,17,1,0,0,13,6,19,29,0,0,13,2,0,0,3,2,0,0,0,0,1,1,1,0,0,0,0,0,1,0,1,0,1,1,0,4,2,0,0,0,0,0,0,0,0,0,3,0,10,11,14,7,5,3,0,0,1,0,0,0,1,1,1,0,2,0,9,6,6,1,1,1,0,0,0,0,0,0,0,0,1,0,1,0,12,2,7,0,0,0,0,1
1,5,0,2,0,0,0,0,0,0,0,0,0,1,1,2,0,0,0,0,0,0,0,0,0,0,0,0,0,0,0,0,10,7,0,0,8,904,193,0,35,191,1,3,0,1,154,148,30,72,54,29,9,47,11,62,2,0,0,9,0,8,2,3,3,5,5,8,8,14,265,862,0,1,2,7,10,25,8,11,0,0,16,6,17,29,0,0,13,3,0,0,1,0,0,0,0,0,1,2,0,0,0,0,1,0,2,0,1,0,6,2,0,4,2,0,0,0,0,0,0,1,0,0,0,1,3,13,3,12,0,3,0,0,0,5,0,0,0,16,0,1,0,10,6,29,2,2,0,0,0,0,0,0,0,0,0,0,1,1,0,1,0,45,4,1,0,0,1,1
4,0,4,0,12,0,6,0,7,0,0,0,5,0,4,0,0,0,1,0,0,0,0,0,0,0,0,0,0,0,0,0,344,0,0,0,1,0,187,35,0,4,586,0,460,0,22,11,13,1,202,0,7,0,7,1,2,0,524,0,7,0,2,0,4,0,4,0,1,0,78,26,0,0,72,1,1794,0,287,1,0,0,144,0,676,1,934,0,312,0,59,0,461,0,1,0,1,0,18,1,5,0,0,0,0,0,5,0,5,0,18,5,0,5,0,0,0,0,0,0,2,0,0,0,14,0,228,1,420,0,19,0,20,0,14,0,5,0,329,0,5,0,36,0,163,0,0,0,2,1,0,0,0,0,0,0,12,4,5,1,6,0,179,1,20,0,0,0,3,0
0,2,1,1,0,5,0,4,0,1,0,0,0,4,0,0,0,0,0,0,0,0,0,0,0,0,0,0,0,0,0,0,0,213,0,0,0,2,10,191,4,0,0,633,0,1490,11,21,0,0,4,112,1,3,0,2,0,10,1,651,1,2,0,0,0,2,0,1,0,0,8,301,0,0,2,87,2,1530,0,638,0,0,0,19,0,697,0,529,1,438,0,68,0,469,0,0,0,0,1,3,3,0,0,1,1,0,8,2,10,4,20,7,7,16,0,0,0,0,0,7,0,2,0,0,1,31,1,78,0,84,0,7,0,12,2,29,1,8,0,199,0,11,0,20,1,49,0,9,0,1,0,0,0,0,0,2,0,32,5,10,1,3,0,325,2,29,0,2,1,2
0,0,0,0,0,0,2,0,0,0,0,0,0,0,0,0,0,0,0,0,0,0,0,0,0,0,0,0,0,0,0,0,24,0,0,0,0,0,5,1,586,0,0,0,181,0,4,3,3,0,1406,0,2,0,3,0,7,0,2810,0,1,0,1,0,0,0,0,0,0,0,17,2,0,0,0,0,106,0,1,0,0,0,19,0,152,0,162,0,138,0,73,0,76,0,0,0,1,0,33,1,55,0,5,0,2,0,10,1,11,2,9,2,1,1,0,0,0,0,0,2,0,0,0,0,0,0,5,0,3,0,0,0,0,0,0,0,0,0,31,0,1,0,4,0,10,0,2,0,0,0,0,0,0,0,0,0,0,0,2,0,0,0,4,0,2,0,0,0,0,0
0,0,0,0,0,0,0,1,0,1,0,0,0,0,0,0,0,0,0,0,0,0,0,0,0,0,0,0,0,0,0,0,0,10,0,0,0,0,4,3,0,633,0,0,0,407,25,8,0,0,10,1049,0,0,0,0,0,1,0,2638,0,0,0,0,0,0,0,0,0,0,29,56,0,0,0,0,0,90,0,5,0,0,0,0,0,24,0,353,0,36,0,283,0,73,0,0,0,0,0,49,1,79,0,1,0,0,1,2,0,0,5,0,0,0,0,0,1,0,0,2,0,0,0,0,0,0,0,1,0,3,0,0,0,0,0,1,0,0,0,1,0,0,0,0,0,3,0,0,0,0,0,0,0,0,0,0,0,0,1,0,0,0,1,31,2,1,0,0,0,0
0,0,3,0,2,0,0,0,2,0,0,0,0,0,0,0,15,0,1,0,0,0,1,0,2,0,0,0,3,0,0,0,72,0,0,0,0,0,0,0,460,0,181,0,0,0,0,0,0,0,0,0,1,0,0,0,0,0,36,0,0,0,0,0,0,0,0,0,0,0,0,0,0,0,15,1,592,1,133,0,0,0,0,0,7,0,498,0,8,0,15,0,18,0,0,0,0,0,0,0,0,0,0,0,0,0,1,0,0,0,0,0,0,0,0,0,0,0,0,0,3,0,0,0,7,0,0,0,1,0,7,0,3,0,2,0,2,0,3,0,0,0,0,0,2,0,0,0,0,0,0,0,0,0,0,0,11,9,0,0,5,0,8,0,2,0,0,0,0,0
0,1,0,9,0,10,0,2,0,12,0,4,0,2,2,6,0,56,0,1,0,0,0,1,0,0,0,0,0,1,0,0,0,95,0,0,0,2,0,1,0,1490,0,407,0,0,0,0,0,0,0,0,0,0,0,0,0,0,0,83,0,1,0,0,0,1,0,0,0,0,0,1,0,0,0,48,0,1386,0,275,0,0,0,0,0,10,0,114,0,26,0,12,0,34,0,0,0,0,0,0,0,0,0,0,0,0,1,0,0,0,1,0,0,0,0,0,0,0,0,0,0,2,0,0,0,52,0,10,0,2,0,2,0,3,0,24,0,5,0,6,0,0,0,0,0,0,0,0,0,0,0,0,0,0,0,1,0,108,0,0,0,0,0,6,0,8,0,0,0,0
5,0,0,0,0,0,0,0,1,0,0,0,20,0,4,0,0,0,0,0,0,0,0,0,0,0,0,0,0,0,0,0,27,0,0,0,22,2,131,154,22,11,4,25,0,0,0,2020,2546,625,3370,1013,1628,70,756,41,298,15,151,41,9,1,15,0,14,1,8,0,21,1,1849,368,1,0,1,0,32,1,18,0,0,0,72,0,141,3,0,0,111,14,0,0,21,6,4,0,0,0,1,0,0,0,1,0,1,0,1,0,1,0,0,0,0,0,3,0,0,0,0,0,0,0,0,0,0,0,11,0,11,0,0,0,0,0,0,0,0,0,0,0,0,0,3,0,15,0,2,0,1,0,0,0,0,0,0,0,0,0,0,0,0,0,0,0,2,0,0,0,0,0
0,2,0,1,0,0,0,0,0,0,0,0,1,0,0,0,0,0,0,0,0,0,0,0,0,0,0,0,0,0,0,0,10,1,0,0,2,19,110,148,11,21,3,8,0,0,2020,0,421,2175,244,3074,32,1947,10,1662,3,441,5,612,5,6,1,4,5,8,1,1,5,22,351,1761,0,0,0,2,12,4,5,1,0,0,28,10,43,42,0,0,23,485,0,0,4,305,0,0,0,0,0,0,0,0,0,0,0,0,0,0,0,1,1,0,0,0,0,0,0,0,0,0,0,0,0,0,0,0,3,2,1,1,0,1,0,0,0,0,0,0,0,0,0,0,0,1,4,3,1,1,0,1,0,0,0,0,0,0,0,0,0,0,0,0,1,0,2,1,0,0,0,0
13,1,1,1,1,0,2,0,0,0,0,0,6,0,1,2,0,0,0,0,0,0,0,0,0,0,0,0,0,0,0,0,25,2,0,0,45,16,123,30,13,0,3,0,0,0,2546,421,0,1575,72,3,3497,86,451,18,26,0,28,3,29,2,195,2,24,2,36,3,19,3,1671,220,4,2,4,0,42,2,29,1,0,0,38,1,69,5,0,0,77,2,0,0,12,1,0,0,0,0,0,0,0,0,0,0,0,0,0,0,0,1,0,0,0,0,0,0,0,0,0,0,0,0,0,0,0,0,16,3,27,0,3,1,0,0,2,2,0,0,0,0,1,0,3,0,27,2,2,0,2,1,0,0,0,0,0,0,0,0,0,0,0,0,9,1,5,0,0,0,0,0
0,22,0,10,0,0,1,0,0,0,0,0,1,3,1,19,0,0,0,0,0,0,0,0,0,0,0,0,0,0,0,0,3,2,0,0,7,170,25,72,1,0,0,0,0,0,625,2175,1575,0,10,97,2,3285,5,331,1,25,0,14,1,40,2,46,0,33,3,3,1,62,24,941,1,0,1,10,1,5,0,1,0,0,5,0,6,5,0,0,2,6,0,0,0,3,0,0,0,0,0,0,0,0,0,0,0,0,0,0,0,0,0,0,0,0,0,0,0,0,0,0,0,0,0,0,0,0,1,5,1,6,0,1,0,0,0,1,0,0,0,0,0,0,0,0,1,4,0,1,0,0,0,0,0,0,0,0,0,0,1,1,0,0,2,0,0,3,0,0,0,0
5,0,0,0,0,0,1,0,0,0,0,0,15,0,0,0,0,0,0,0,0,0,0,0,0,0,0,0,0,0,0,0,39,0,0,0,2,1,41,54,202,4,1406,10,0,0,3370,244,72,10,0,123,231,3,730,2,1257,0,1894,7,6,0,7,0,14,0,4,0,15,0,1370,124,1,0,20,1,85,0,8,1,0,0,101,0,332,1,0,0,332,0,0,0,96,0,17,0,1,0,32,1,9,0,26,0,1,0,7,0,9,2,12,2,1,10,0,0,0,0,0,2,0,0,1,0,0,0,6,0,21,0,3,0,1,0,4,1,1,0,4,0,3,0,4,0,30,0,3,0,0,0,0,0,0,0,0,0,0,0,0,0,0,0,11,0,9,0,0,1,0,1
0,0,0,0,0,0,0,0,0,0,0,0,0,1,0,0,0,0,0,0,0,0,0,0,0,0,0,0,0,0,0,0,0,0,0,0,0,3,16,29,0,112,0,1049,0,0,1013,3074,3,97,123,0,3,198,0,372,0,315,0,1727,0,0,0,2,1,0,2,1,0,2,114,719,0,0,0,1,1,29,0,11,0,0,2,4,3,37,0,0,0,97,0,0,0,67,0,0,0,2,2,21,4,4,3,28,1,0,6,13,9,8,19,5,11,48,1,86,1,1,0,11,0,0,0,0,0,0,1,5,0,2,0,1,0,0,2,15,0,3,0,28,0,3,0,15,0,14,0,2,0,1,0,0,0,0,0,0,0,0,5,12,1,1,0,41,5,3,0,11,0,1
3,1,0,0,2,0,0,0,0,0,0,0,5,0,0,0,0,0,0,0,0,0,0,0,0,0,0,0,0,0,0,0,8,0,0,0,5,1,15,9,7,1,2,0,1,0,1628,32,3497,2,231,3,0,4,3332,5,90,0,50,0,11,3,825,1,24,1,20,1,16,0,489,24,2,0,3,0,28,0,21,0,0,0,16,0,52,4,0,0,126,0,0,0,17,0,0,0,0,0,0,0,0,0,0,0,0,0,0,0,0,0,0,0,0,0,0,0,0,0,0,0,0,0,0,0,0,0,14,3,13,0,1,0,0,0,0,0,0,0,0,0,0,0,0,1,5,3,3,1,3,0,0,0,0,0,0,0,0,0,0,0,0,0,5,0,2,0,0,0,0,0
1,27,0,2,0,0,0,0,0,0,0,0,0,1,1,10,0,0,0,0,0,0,0,0,0,0,0,0,0,0,0,0,3,1,0,0,7,99,21,47,0,3,0,0,0,0,70,1947,86,3285,3,198,4,0,5,3002,0,111,0,54,2,31,1,436,4,45,0,9,2,941,22,565,0,3,1,2,3,4,6,2,0,0,3,0,5,7,0,0,1,59,0,0,1,26,0,0,0,0,0,0,0,0,0,0,0,0,0,0,0,0,0,1,0,0,0,0,0,0,0,0,0,0,0,0,0,0,0,8,2,8,1,1,0,0,0,0,0,0,0,0,0,0,0,0,3,6,0,4,0,3,0,0,0,0,0,0,0,0,1,1,0,0,1,1,0,0,0,0,0,0
20,0,2,0,0,0,0,0,0,0,0,0,18,0,2,0,0,0,0,0,0,0,0,0,0,0,0,0,0,0,0,0,11,1,0,0,12,2,19,11,7,0,3,0,0,0,756,10,451,5,730,0,3332,5,0,1,2149,0,486,0,72,2,273,0,1182,0,164,2,2467,2,238,17,0,0,7,0,70,0,33,0,0,0,27,0,131,4,0,0,3560,0,0,0,266,0,9,0,0,0,0,0,1,0,1,0,0,0,0,0,0,0,0,0,0,0,0,0,0,0,0,0,0,0,0,0,1,0,22,2,21,0,5,2,1,0,0,0,1,0,0,0,0,0,2,0,16,0,5,3,2,0,0,0,0,0,0,0,0,0,0,0,0,0,2,0,3,1,0,0,0,0
0,39,0,2,1,0,0,0,1,0,0,0,1,5,0,5,0,0,0,0,0,0,0,0,0,0,0,0,0,0,0,0,0,1,0,0,9,76,27,62,1,2,0,0,0,0,41,1662,18,331,2,372,5,3002,1,0,0,1652,1,256,4,58,0,45,8,58,1,35,2,1718,23,190,0,0,1,6,6,2,0,0,0,0,4,6,3,20,0,0,2,2031,0,0,1,241,0,0,0,0,0,2,0,0,0,0,0,0,0,0,0,1,0,0,0,0,0,0,0,0,0,0,0,0,0,0,0,0,2,15,2,4,1,7,0,0,0,2,0,0,0,0,0,1,1,0,1,11,0,4,0,1,0,0,0,0,0,0,0,0,0,0,0,0,0,2,1,2,0,0,0,0
0,0,0,0,0,0,0,0,0,0,0,0,5,0,0,0,0,0,0,0,0,0,0,0,0,0,0,0,0,0,0,0,2,0,0,0,0,0,3,2,2,0,7,0,0,0,298,3,26,1,1257,0,90,0,2149,0,0,0,1349,0,2,0,2,0,3,0,1,0,3,0,14,1,0,0,0,0,0,0,2,0,0,0,11,0,56,1,0,0,560,0,0,0,1343,0,93,0,0,0,0,0,0,0,0,0,0,0,0,0,0,0,0,0,0,0,0,0,0,0,0,0,0,0,0,0,0,0,0,0,0,0,0,0,0,0,0,0,0,0,0,0,0,0,0,0,0,0,0,0,0,0,0,0,0,0,0,0,0,0,0,0,0,0,0,0,0,0,0,0,0,0
0,0,0,0,0,0,0,0,0,0,0,0,0,0,0,0,0,0,0,0,0,0,0,0,0,0,0,0,0,0,0,0,0,0,0,0,0,0,0,0,0,10,0,1,0,0,15,441,0,25,0,315,0,111,0,1652,0,0,0,1056,0,0,0,0,0,0,0,0,0,1,0,18,0,0,0,0,0,3,0,0,0,0,1,3,0,29,0,0,0,431,0,0,0,911,0,0,0,0,0,0,0,0,0,0,0,0,0,0,0,0,1,0,0,0,0,0,0,0,0,0,0,0,0,0,0,0,0,0,0,0,0,0,0,0,0,0,0,0,0,0,0,0,0,2,0,0,0,0,0,0,0,0,0,0,0,0,0,0,0,0,0,0,0,1,0,0,0,0,0,0
0,0,0,0,1,0,0,0,0,0,0,0,1,0,0,0,0,0,0,0,0,0,0,0,0,0,0,0,0,0,0,0,58,0,0,0,0,0,0,0,524,1,2810,0,36,0,151,5,28,0,1894,0,50,0,486,1,1349,0,0,0,0,0,2,0,4,0,1,0,3,1,45,1,0,0,1,0,142,0,6,0,0,0,29,0,490,0,575,0,1102,0,786,0,3421,0,243,0,0,0,0,0,0,0,85,0,0,0,0,0,0,0,0,0,0,1,0,0,0,0,0,0,0,0,0,0,0,0,0,0,1,0,0,0,1,0,0,0,0,0,2,0,0,0,0,0,1,0,0,0,0,0,0,0,0,0,0,0,0,0,0,0,0,0,0,0,0,0,0,0,0,0
0,0,0,0,0,1,0,0,0,0,0,0,0,0,0,0,0,0,0,0,0,0,0,0,0,0,0,0,0,0,0,0,0,104,0,0,0,0,0,9,0,651,0,2638,0,83,41,612,3,14,7,1727,0,54,0,256,0,1056,0,0,0,0,0,0,0,0,0,0,0,0,4,145,0,0,0,1,0,517,0,19,0,0,0,20,0,728,0,437,0,1017,0,809,0,2927,0,0,0,0,1,0,0,44,0,0,0,0,0,0,0,1,2,1,0,2,0,0,0,0,0,0,0,0,0,0,0,1,0,3,0,6,0,0,0,1,0,1,0,0,0,2,0,0,0,7,0,11,0,0,0,0,0,0,0,0,0,0,0,0,0,1,0,0,0,11,0,1,0,0,0,0
5574,3,110,1,168,1,162,0,37,0,0,0,3072,0,74,1,0,0,0,0,0,0,0,0,0,0,0,0,0,0,0,0,626,0,0,0,314,12,14,0,7,1,1,0,0,0,9,5,29,1,6,0,11,2,72,4,2,0,0,0,0,7,1481,2,2359,1,1324,3,31,2,1578,9,757,0,233,3,426,1,137,0,0,0,86,0,943,3,0,0,112,0,0,0,2,0,0,0,0,0,0,0,0,0,0,0,0,0,0,0,0,1,0,1,0,0,0,0,0,0,0,0,0,0,2,0,25,0,68,1,35,0,17,0,0,0,17,0,4,0,1,0,0,0,1,0,32,1,13,0,6,0,0,0,0,0,1,0,0,0,0,0,0,0,10,0,3,0,0,0,0,0
6,6639,1,131,1,121,3,44,1,0,0,0,0,2045,16,90,0,0,0,0,0,0,0,0,0,0,0,0,0,0,0,0,2,239,0,0,95,272,6,8,0,2,0,0,0,1,1,6,2,40,0,0,3,31,2,58,0,0,0,0,7,0,6,1940,2,1019,1,1980,0,166,17,542,11,772,8,271,2,134,1,9,0,0,0,8,2,133,0,0,0,6,0,0,0,0,0,0,0,0,0,2,0,0,0,0,0,0,0,0,1,0,0,1,0,1,0,0,0,0,0,0,0,0,0,18,2,6,1,133,0,35,0,17,0,0,0,12,0,8,0,0,0,0,0,1,0,61,0,17,0,15,0,0,0,0,20,7,0,2,2,6,0,6,3,16,0,7,0,0,1,0
210,3,6,0,12,0,21,0,3,0,0,0,15,0,10,0,0,0,0,0,0,0,0,0,0,0,0,0,0,0,0,0,54,1,0,0,74,6,5,2,2,0,1,0,0,0,15,1,195,2,7,0,825,1,273,0,2,0,2,0,1481,6,0,2,1900,1,39,7,343,5,2948,4,51,1,29,0,121,1,59,0,0,0,2,0,69,2,0,0,60,1,0,0,5,0,0,0,0,0,0,1,0,0,0,0,0,0,0,0,0,0,0,0,0,0,0,0,0,0,0,0,0,0,0,0,0,0,29,0,11,0,8,0,0,0,3,0,0,0,0,0,0,0,1,0,10,0,11,0,0,0,0,0,0,0,0,0,0,0,0,0,0,0,5,0,4,0,0,0,0,0
4,172,0,38,0,1,0,0,0,1,0,0,0,2,3,64,0,0,0,1,0,0,0,0,0,0,0,0,0,0,0,0,1,6,0,0,110,383,1,3,0,0,0,0,0,0,0,4,2,46,0,2,1,436,0,45,0,0,0,0,2,1940,2,0,1,899,0,93,0,767,20,1934,13,147,3,44,2,12,3,4,0,0,0,0,0,8,0,0,0,0,0,0,0,0,0,0,0,0,0,0,0,0,0,0,0,0,0,0,1,0,1,0,0,2,0,0,0,0,0,1,0,0,0,3,0,1,0,15,0,4,0,4,0,0,0,5,1,0,0,0,0,0,0,0,1,5,0,4,0,1,0,0,0,0,1,0,0,0,0,0,0,2,0,2,0,4,0,0,0,0
187,1,16,0,21,0,23,0,5,1,0,0,157,1,14,0,0,0,1,0,0,0,0,0,0,0,0,0,0,0,0,0,101,0,0,0,26,3,12,3,4,0,0,0,0,0,14,5,24,0,14,1,24,4,1182,8,3,0,4,0,2359,2,1900,1,0,3,1989,3,2420,1,179,7,18,0,79,2,156,0,66,0,0,0,17,0,497,1,0,0,389,0,0,0,4,0,0,0,0,0,0,0,0,0,0,0,0,0,0,0,0,0,0,0,0,0,0,0,0,0,0,0,0,0,1,0,5,0,44,0,15,0,6,0,0,0,4,0,0,0,1,0,0,0,1,0,17,1,5,0,2,1,0,0,0,0,0,0,0,0,0,0,0,0,5,0,4,0,0,0,0,0
1,162,0,34,0,1,0,0,0,0,0,0,0,14,3,34,0,0,0,0,0,0,0,0,0,0,0,0,0,0,0,0,1,11,0,0,23,162,2,5,0,2,0,0,0,1,1,8,2,33,0,0,1,45,0,58,0,0,0,0,1,1019,1,899,3,0,0,1744,0,1124,19,80,1,1,2,69,0,22,1,3,0,0,1,0,0,52,0,0,0,14,0,0,0,0,0,0,0,0,0,0,0,0,0,0,0,0,0,0,0,1,2,1,0,1,0,0,0,0,0,0,0,0,0,6,0,3,1,21,0,8,0,4,0,0,0,2,0,2,0,0,0,0,0,0,0,22,0,3,0,3,0,0,0,0,1,0,0,0,1,3,0,1,0,4,0,4,0,0,0,0
54,2,3,0,14,0,13,0,1,0,0,0,430,0,5,0,0,0,0,0,0,0,0,0,0,0,0,0,0,0,0,0,103,0,0,0,14,1,8,5,4,0,0,0,0,0,8,1,36,3,4,2,20,0,164,1,1,0,1,0,1324,1,39,0,1989,0,0,2,1182,1,72,4,6,0,33,1,128,0,70,0,0,0,20,0,1239,2,0,0,284,0,0,0,0,0,0,0,0,0,0,1,0,0,0,0,0,0,0,0,0,1,0,0,0,0,0,0,0,0,0,0,0,0,0,0,2,0,45,0,13,0,11,0,0,0,2,0,1,0,0,0,0,0,0,0,20,1,10,0,2,0,0,0,0,0,0,0,0,0,0,0,0,0,4,0,4,0,0,0,0,0
0,295,0,5,0,2,1,4,0,0,0,0,1,743,0,4,0,0,0,0,0,0,0,0,0,0,0,0,0,0,0,0,0,95,0,0,8,139,7,8,0,1,0,0,0,0,0,1,3,3,0,1,1,9,2,35,0,0,0,0,3,1980,7,93,3,1744,2,0,0,1427,20,56,1,2,1,113,4,71,4,12,0,0,0,6,0,957,0,0,0,91,0,0,0,0,0,0,0,0,0,0,0,0,0,0,0,0,1,0,1,1,2,1,0,4,0,0,0,0,0,2,0,0,0,11,0,3,2,127,1,38,1,19,0,0,0,18,0,1,0,0,0,0,0,1,1,74,0,20,0,22,0,0,0,0,0,2,0,0,0,4,0,5,0,10,0,9,0,0,0,0
5,0,0,0,2,0,1,0,2,0,0,0,21,0,0,0,0,0,0,0,0,0,0,0,0,0,0,0,0,0,0,0,9,0,0,0,4,0,5,8,1,0,0,0,0,0,21,5,19,1,15,0,16,2,2467,2,3,0,3,0,31,0,343,0,2420,0,1182,0,0,0,35,2,2,0,2,0,27,0,27,0,0,0,18,0,240,1,0,0,1359,1,0,0,9,0,0,0,0,0,1,0,0,0,0,0,0,0,0,0,0,0,0,1,0,0,0,0,0,0,0,0,0,0,0,0,1,0,15,1,7,1,1,0,0,0,2,0,0,0,0,0,0,0,0,0,5,1,2,0,0,0,0,0,0,0,0,0,0,0,0,0,0,0,1,0,0,0,0,0,0,0
1,84,0,12,0,0,0,0,0,0,0,0,2,30,1,11,0,0,0,0,0,0,0,0,0,0,0,0,0,0,0,0,0,7,0,0,9,123,14,14,0,0,0,0,0,0,1,22,3,62,0,2,0,941,2,1718,0,1,1,0,2,166,5,767,1,1124,1,1427,0,0,8,174,1,2,1,13,5,15,3,3,0,0,2,10,2,494,0,0,0,176,0,0,0,0,0,0,0,0,1,0,0,0,0,0,0,0,0,0,0,1,1,1,0,0,0,0,0,0,0,0,0,0,0,1,0,0,1,26,2,9,3,1,0,0,0,7,0,2,0,0,0,0,0,1,0,19,2,4,0,8,0,0,0,0,0,0,0,0,0,0,0,0,0,2,0,0,0,0,0,0
679,13,32,4,25,0,35,0,8,0,0,0,27,8,44,5,0,0,1,0,0,0,0,0,0,0,0,0,0,0,0,0,103,3,0,0,1798,63,925,265,78,8,17,29,0,0,1849,351,1671,24,1370,114,489,22,238,23,14,0,45,4,1578,17,2948,20,179,19,72,20,35,8,0,875,811,6,61,2,236,2,116,1,0,0,131,4,221,12,0,0,127,1,0,0,24,1,0,0,0,0,0,0,0,0,0,0,0,0,1,0,1,1,0,0,0,0,7,0,0,0,0,0,0,0,0,0,7,0,88,6,48,7,15,3,1,0,10,1,3,0,1,0,2,0,3,0,44,9,14,1,9,2,0,0,0,0,0,0,0,0,0,1,0,0,19,2,7,0,0,0,1,0
8,199,0,50,0,2,1,1,0,0,0,0,4,7,10,200,0,0,0,1,0,0,0,0,0,0,0,0,0,0,0,0,7,29,0,0,114,2079,151,862,26,301,2,56,0,1,368,1761,220,941,124,719,24,565,17,190,1,18,1,145,9,542,4,1934,7,80,4,56,2,174,875,0,10,657,3,54,15,100,7,23,0,0,14,96,24,323,0,0,13,58,0,0,0,41,1,0,0,0,1,3,0,0,0,0,1,0,1,1,1,2,8,2,1,4,1,0,0,0,0,5,0,0,0,3,0,1,1,36,5,49,3,6,0,0,1,10,0,3,0,10,0,5,1,10,5,42,0,12,0,4,0,0,0,0,17,6,0,0,3,2,2,1,1,56,1,8,0,0,0,0
1289,14,296,9,108,2,55,2,7,1,0,0,22,0,1298,5,0,0,1,0,0,0,0,0,0,0,0,0,0,0,0,0,60,0,0,0,769,13,3,0,0,0,0,0,0,0,1,0,4,1,1,0,2,0,0,0,0,0,0,0,757,11,51,13,18,1,6,1,2,1,811,10,0,7,77,8,54,0,31,0,0,0,0,0,9,1,0,0,0,0,0,0,0,0,0,0,0,0,0,0,0,0,0,0,0,0,0,0,0,0,0,0,0,0,0,0,0,0,0,0,0,0,0,0,6,0,11,0,6,0,0,0,0,0,1,0,1,0,0,0,0,0,0,0,3,0,2,0,0,0,0,0,0,0,1,0,0,0,0,0,0,0,7,0,0,0,0,0,0,0
5,446,2,53,0,11,1,0,0,0,0,0,0,0,11,942,0,0,0,0,0,0,0,0,0,0,0,0,0,0,0,0,0,2,0,0,79,944,0,1,0,0,0,0,0,0,0,0,2,0,0,0,0,3,0,0,0,0,0,0,0,772,1,147,0,1,0,2,0,2,6,657,7,0,2,25,0,2,0,0,0,0,0,0,0,0,0,0,0,0,0,0,0,0,0,0,0,0,0,0,0,0,0,0,0,0,0,0,0,0,0,0,0,0,0,0,0,0,0,0,0,0,0,2,0,0,0,1,0,4,0,0,0,0,0,0,0,0,0,0,0,0,0,0,1,3,0,0,1,0,0,0,0,0,23,49,0,0,0,0,0,0,0,0,0,0,0,0,0,0
257,11,410,75,638,58,309,8,635,9,36,6,39,2,255,11,232,146,236,37,11,18,84,2,9,2,1,1,10,2,0,0,476,3,0,0,214,14,13,2,72,2,0,0,15,0,1,0,4,1,20,0,3,1,7,1,0,0,1,0,233,8,29,3,79,2,33,1,2,1,61,3,77,2,0,462,2550,14,852,1,0,0,0,1,7,0,4,0,6,0,0,0,2,0,1,0,0,0,1,2,0,0,0,0,0,0,2,0,2,2,5,1,0,1,0,0,0,0,0,1,244,54,65,0,219,0,413,0,150,1,128,0,20,0,221,5,75,0,0,0,0,0,8,0,689,0,106,0,55,0,21,29,71,29,174,44,225,41,1,0,15,0,129,1,24,1,0,0,1,0
29,277,57,481,51,644,20,373,16,396,0,52,0,50,131,157,0,278,29,112,0,85,5,105,0,14,0,3,0,18,0,3,11,254,0,0,101,97,3,7,1,87,0,0,1,48,0,2,0,10,1,1,0,2,0,6,0,0,0,1,3,271,0,44,2,69,1,113,0,13,2,54,8,25,462,0,17,2579,9,924,0,0,0,0,0,13,0,3,0,1,0,0,0,3,0,0,0,0,2,6,1,0,0,0,0,0,3,1,4,4,21,3,1,3,0,0,0,0,0,2,0,9,0,55,3,551,1,523,0,110,0,69,0,14,0,331,0,102,0,2,0,1,0,3,0,607,0,97,0,64,0,69,6,57,70,110,0,620,3,16,0,49,3,134,4,132,0,0,0,0
267,3,283,18,366,17,120,8,439,6,67,3,41,0,134,1,883,3,150,3,19,3,35,1,28,1,3,0,48,1,3,0,3333,2,0,0,168,10,37,10,1794,2,106,0,592,0,32,12,42,1,85,1,28,3,70,6,0,0,142,0,426,2,121,2,156,0,128,4,27,5,236,15,54,0,2550,17,0,8,1159,1,0,0,21,1,128,5,199,0,85,0,0,0,272,0,0,0,0,0,2,0,1,0,1,0,0,0,1,0,3,1,5,0,0,0,0,0,0,1,0,0,8,0,2,0,122,0,129,0,55,1,63,0,8,0,50,1,15,0,131,0,0,0,9,0,87,3,36,1,7,0,7,9,22,12,24,4,343,30,1,0,9,0,86,0,18,0,0,0,0,0
1,122,15,456,10,661,1,276,4,517,0,169,0,123,8,97,0,891,8,73,0,31,1,88,0,5,0,9,0,47,0,21,2,2820,0,0,12,80,3,25,0,1530,0,90,1,1386,1,4,2,5,0,29,0,4,0,2,0,3,0,517,1,134,1,12,0,22,0,71,0,15,2,100,0,2,14,2579,8,0,1,1873,0,0,0,15,0,129,1,176,0,148,0,19,0,207,0,0,0,0,2,5,1,0,0,0,0,0,1,1,4,0,18,0,0,7,0,0,0,0,0,2,0,0,0,4,1,177,3,133,2,76,0,20,0,3,0,14,0,7,0,32,0,2,0,15,1,51,0,12,0,5,0,4,1,26,23,70,0,149,3,9,0,4,0,118,3,19,0,0,1,0
110,2,44,2,62,3,69,0,57,3,0,0,18,0,78,2,0,0,15,1,0,1,0,1,0,0,0,0,0,0,0,0,152,1,0,0,106,10,17,8,287,0,1,0,133,0,18,5,29,0,8,0,21,6,33,0,2,0,6,0,137,1,59,3,66,1,70,4,27,3,116,7,31,0,852,9,1159,1,0,1,0,0,4,1,13,1,17,0,19,0,0,0,11,0,0,0,0,0,0,1,1,0,0,0,0,0,0,0,2,0,1,1,0,0,0,0,0,0,0,0,13,0,2,0,122,0,100,0,92,1,51,0,46,0,53,0,8,0,27,0,0,0,1,0,74,5,19,0,10,0,0,0,0,2,5,1,130,7,1,0,20,0,215,0,16,1,0,0,0,1
0,18,3,48,0,64,0,49,1,48,0,2,0,14,3,28,0,1,1,3,0,0,0,0,0,0,0,0,0,0,0,0,0,153,0,0,2,16,1,11,1,638,0,5,0,275,0,1,1,1,1,11,0,2,0,0,0,0,0,19,0,9,0,4,0,3,0,12,0,3,1,23,0,0,1,924,1,1873,1,0,0,0,0,1,0,11,0,27,1,2,0,3,0,6,0,0,0,0,1,4,0,0,0,0,0,0,1,0,5,2,9,0,1,3,0,0,0,0,0,2,0,1,0,0,0,161,0,99,2,85,0,9,0,7,0,47,0,9,0,88,0,0,0,1,0,16,0,1,0,1,0,0,0,1,3,11,0,65,3,2,0,7,0,149,0,28,0,0,0,0
0,0,0,0,0,0,0,0,0,0,0,0,0,0,0,0,0,0,0,0,0,0,0,0,0,0,0,0,0,0,0,0,0,0,0,0,0,0,0,0,0,0,0,0,0,0,0,0,0,0,0,0,0,0,0,0,0,0,0,0,0,0,0,0,0,0,0,0,0,0,0,0,0,0,0,0,0,0,0,0,0,0,0,0,0,0,0,0,0,0,0,0,0,0,0,0,0,0,0,0,0,0,0,0,0,0,0,0,0,0,0,0,0,0,0,0,0,0,0,0,0,0,0,0,0,0,0,0,0,0,0,0,0,0,0,0,0,0,0,0,0,0,0,0,0,0,0,0,0,0,0,0,0,0,0,0,0,0,0,0,0,0,0,0,0,0,0,0,0,0
0,0,0,0,0,0,0,0,0,0,0,0,0,0,0,0,0,0,0,0,0,0,0,0,0,0,0,0,0,0,0,0,0,0,0,0,0,0,0,0,0,0,0,0,0,0,0,0,0,0,0,0,0,0,0,0,0,0,0,0,0,0,0,0,0,0,0,0,0,0,0,0,0,0,0,0,0,0,0,0,0,0,0,0,0,0,0,0,0,0,0,0,0,0,0,0,0,0,0,0,0,0,0,0,0,0,0,0,0,0,0,0,0,0,0,0,0,0,0,0,0,0,0,0,0,0,0,0,0,0,0,0,0,0,0,0,0,0,0,0,0,0,0,0,0,0,0,0,0,0,0,0,0,0,0,0,0,0,0,0,0,0,0,0,0,0,0,0,0,0
25,0,0,0,3,0,3,0,1,0,0,0,71,0,2,0,0,0,0,0,0,0,0,0,0,0,0,0,0,0,0,0,128,0,0,0,1,1,13,16,144,0,19,0,0,0,72,28,38,5,101,2,16,3,27,4,11,1,29,0,86,0,2,0,17,1,20,0,18,2,131,14,0,0,0,0,21,0,4,0,0,0,0,0,641,1,0,0,87,0,0,0,4,0,0,0,0,0,0,0,0,0,0,0,0,0,0,0,0,0,0,0,0,1,0,0,0,0,0,0,0,0,0,0,0,0,2,1,1,2,0,0,0,0,0,0,0,0,0,0,0,0,0,0,3,0,0,0,0,0,0,0,0,0,0,0,0,0,0,0,0,0,1,0,1,0,0,0,0,0
1,2,0,0,0,0,0,0,0,0,0,0,0,4,0,0,0,0,0,0,0,0,0,0,0,0,0,0,0,0,0,0,1,3,0,0,2,8,6,6,0,19,0,0,0,0,0,10,1,0,0,4,0,0,0,6,0,3,0,20,0,8,0,0,0,0,0,6,0,10,4,96,0,0,1,0,1,15,1,1,0,0,0,0,1,621,0,0,0,15,0,0,0,3,0,0,0,0,0,0,0,0,0,0,0,0,0,0,0,0,1,0,0,1,0,0,0,0,0,0,0,0,0,0,0,0,1,13,0,4,0,0,0,1,0,2,0,1,0,0,0,0,0,2,0,10,0,0,1,2,0,0,0,0,0,0,0,0,0,2,0,0,0,3,0,2,0,0,0,0
101,1,5,0,3,0,4,0,0,0,0,0,582,0,2,0,1,0,0,0,0,0,0,0,0,0,0,0,0,0,0,0,154,0,0,0,9,0,19,17,676,0,152,0,7,0,141,43,69,6,332,3,52,5,131,3,56,0,490,0,943,2,69,0,497,0,1239,0,240,2,221,24,9,0,7,0,128,0,13,0,0,0,641,1,0,1,562,0,5190,1,1,0,858,0,1,0,0,0,0,0,0,0,0,0,0,0,0,0,0,0,0,0,0,0,0,0,0,0,0,0,0,0,0,0,0,0,9,0,1,0,0,0,0,0,0,0,0,0,5,0,0,0,0,0,5,1,0,1,0,0,0,0,0,0,0,0,0,0,0,0,0,0,1,0,2,0,0,0,0,0
0,65,0,0,0,0,0,0,0,0,0,0,0,470,0,0,0,0,0,0,0,0,0,0,0,0,0,0,0,2,0,0,0,439,0,0,10,15,29,29,1,697,0,24,0,10,3,42,5,5,1,37,4,7,4,20,1,29,0,728,3,133,2,8,1,52,2,957,1,494,12,323,1,0,0,13,5,129,1,11,0,0,1,621,1,0,0,1377,2,3650,0,42,0,415,0,0,0,0,0,2,0,0,0,0,0,0,0,0,2,0,1,0,0,0,0,0,0,0,0,3,0,0,0,2,0,0,0,26,0,31,0,6,0,0,0,4,0,1,0,2,0,1,0,10,1,39,0,6,0,5,0,0,0,0,0,0,0,0,0,2,0,1,0,11,1,3,0,0,1,0
0,0,1,0,2,0,0,0,1,0,0,0,0,0,0,0,1,0,1,0,0,0,1,0,0,0,0,0,1,0,0,0,41,0,0,0,0,0,0,0,934,0,162,0,498,0,0,0,0,0,0,0,0,0,0,0,0,0,575,0,0,0,0,0,0,0,0,0,0,0,0,0,0,0,4,0,199,1,17,0,0,0,0,0,562,0,0,0,1163,0,1070,0,782,0,0,0,0,0,0,0,0,0,0,0,0,0,0,0,0,0,0,0,0,0,0,0,0,0,0,0,0,0,0,0,4,0,0,0,0,0,0,0,0,0,0,0,0,0,0,0,0,0,0,0,0,0,0,0,0,0,0,0,0,1,0,0,1,0,0,0,0,0,1,0,1,0,0,0,0,0
0,0,0,0,0,1,0,0,0,1,0,0,0,4,0,0,0,0,0,0,0,0,0,0,0,0,0,0,0,7,0,0,0,552,0,0,0,0,0,0,0,529,0,353,0,114,0,0,0,0,0,0,0,0,0,0,0,0,0,437,0,0,0,0,0,0,0,0,0,0,0,0,0,0,0,3,0,176,0,27,0,0,0,0,0,1377,0,0,0,1068,0,1880,0,321,0,0,0,0,0,0,0,0,0,0,0,0,0,0,0,0,0,0,0,0,0,0,0,0,0,0,0,0,0,0,0,5,0,0,0,0,0,0,0,0,0,0,0,0,0,2,0,0,0,0,0,0,0,0,0,0,0,0,0,0,0,0,0,0,0,0,0,0,0,0,0,0,0,0,0,0
31,0,0,0,1,0,0,0,0,0,0,0,14,1,2,0,0,0,0,0,0,0,0,0,0,0,0,0,0,0,0,0,56,0,0,0,5,3,13,13,312,1,138,0,8,0,111,23,77,2,332,0,126,1,3560,2,560,0,1102,0,112,0,60,0,389,0,284,0,1359,0,127,13,0,0,6,0,85,0,19,1,0,0,87,0,5190,2,1163,0,0,1,56,0,5725,0,10,0,0,0,0,0,0,0,2,0,0,0,0,0,0,0,0,0,0,0,0,0,0,0,0,0,0,0,0,0,0,0,7,1,6,0,3,0,1,0,1,0,0,0,0,0,0,0,0,0,6,0,3,0,2,0,0,0,0,0,0,0,0,0,0,0,0,0,3,0,0,0,0,0,0,0
0,2,0,0,0,0,0,0,0,0,0,0,0,3,0,0,0,0,0,0,0,0,0,0,0,0,0,0,0,0,0,0,0,143,0,0,0,2,2,3,0,438,0,36,0,26,14,485,2,6,0,97,0,59,0,2031,0,431,0,1017,0,6,1,0,0,14,0,91,1,176,1,58,0,0,0,1,0,148,0,2,0,0,0,15,1,3650,0,1068,1,0,0,403,0,4531,0,0,0,0,0,0,0,1,0,0,0,0,0,0,0,0,0,0,0,0,0,0,0,0,0,0,0,0,0,0,0,0,0,0,0,0,0,0,0,0,0,0,0,0,0,0,0,0,0,0,0,3,0,0,0,0,0,0,0,0,0,0,0,0,0,0,0,0,0,0,0,0,0,0,0,0
0,0,0,0,0,0,0,0,0,0,0,0,0,0,0,0,0,0,0,0,0,0,0,0,0,0,0,0,0,0,0,0,0,0,0,0,0,0,0,0,59,0,73,0,15,0,0,0,0,0,0,0,0,0,0,0,0,0,786,0,0,0,0,0,0,0,0,0,0,0,0,0,0,0,0,0,0,0,0,0,0,0,0,0,1,0,1070,0,56,0,0,0,926,0,0,0,0,0,0,0,0,0,0,0,0,0,0,0,0,0,0,0,0,0,0,0,0,0,0,0,0,0,0,0,0,0,0,0,0,0,0,0,0,0,0,0,0,0,0,0,0,0,0,0,0,0,0,0,0,0,0,0,0,0,0,0,0,0,0,0,0,0,0,0,0,0,0,0,0,0
0,0,0,0,0,0,0,0,0,0,0,0,0,0,0,0,0,0,0,0,0,0,0,0,0,0,0,0,0,0,0,0,0,9,0,0,0,0,0,0,0,68,0,283,0,12,0,0,0,0,0,0,0,0,0,0,0,0,0,809,0,0,0,0,0,0,0,0,0,0,0,0,0,0,0,0,0,19,0,3,0,0,0,0,0,42,0,1880,0,403,0,0,0,1846,0,0,0,0,0,0,0,0,0,0,0,0,0,0,0,0,0,0,0,0,0,0,0,0,0,0,0,0,0,0,0,0,0,0,0,0,0,0,0,0,0,0,0,0,0,0,0,0,0,0,0,0,0,0,0,0,0,0,0,0,0,0,0,0,0,0,0,0,0,0,0,0,0,0,0,0
0,0,1,0,1,0,0,0,0,0,0,0,1,0,0,0,0,0,0,0,0,0,1,0,0,0,0,0,0,0,0,0,197,0,0,0,0,0,3,1,461,0,76,0,18,0,21,4,12,0,96,0,17,1,266,1,1343,0,3421,0,2,0,5,0,4,0,0,0,9,0,24,0,0,0,2,0,272,0,11,0,0,0,4,0,858,0,782,0,5725,0,926,0,0,0,4,0,0,0,0,0,0,0,2,0,0,0,0,0,0,0,0,0,0,0,0,0,0,0,0,0,0,0,0,0,1,0,1,0,0,0,1,0,0,0,0,0,0,0,7,0,0,0,0,0,0,0,0,0,0,0,0,0,0,0,0,0,0,1,0,0,0,0,1,0,1,0,0,0,0,0
0,0,0,1,0,2,0,0,0,0,0,0,0,0,0,1,0,0,0,0,0,0,0,0,0,1,0,0,0,0,0,0,0,146,0,0,0,0,2,0,0,469,0,73,0,34,6,305,1,3,0,67,0,26,0,241,0,911,0,2927,0,0,0,0,0,0,0,0,0,0,1,41,0,0,0,3,0,207,0,6,0,0,0,3,0,415,0,321,0,4531,0,1846,0,0,0,0,0,0,0,0,0,0,0,0,0,0,0,0,0,0,0,0,0,0,0,0,0,0,0,0,0,0,0,0,0,1,0,0,0,1,0,0,0,0,0,0,0,0,0,0,0,0,0,0,0,1,0,1,0,0,0,0,0,0,0,0,0,0,0,1,0,0,0,0,0,0,0,0,0,0
0,1,0,0,0,0,0,0,0,0,0,0,0,0,0,0,0,0,0,0,0,0,0,0,0,0,0,0,0,0,0,0,0,0,0,0,0,0,0,0,1,0,0,0,0,0,4,0,0,0,17,0,0,0,9,0,93,0,243,0,0,0,0,0,0,0,0,0,0,0,0,1,0,0,1,0,0,0,0,0,0,0,0,0,1,0,0,0,10,0,0,0,4,0,0,9,4620,8,37,4,514,9,2898,33,552,2,630,8,75,8,4,3,3,11,13,25,95,22,2,3,0,0,0,1,0,0,0,1,0,1,2,0,0,0,0,0,0,0,0,0,0,0,1,2,1,5,0,0,0,0,0,0,0,0,0,0,0,0,2,1,0,0,0,0,3,0,0,1,3,0
0,0,0,0,0,0,0,0,0,0,0,0,0,0,0,0,0,0,0,0,0,0,0,0,0,0,0,0,0,0,0,0,0,0,0,0,0,0,0,0,0,0,0,0,0,0,0,0,0,0,0,0,0,0,0,0,0,0,0,0,0,0,0,0,0,0,0,0,0,0,0,0,0,0,0,0,0,0,0,0,0,0,0,0,0,0,0,0,0,0,0,0,0,0,9,0,71,4110,0,25,4,190,15,6090,1,541,5,892,3,59,2,15,1,3,7,51,180,34,4,1,0,0,0,0,0,0,0,0,0,0,0,0,0,0,0,0,0,0,0,0,0,0,0,0,2,1,0,1,0,0,0,0,0,0,0,0,0,0,0,0,0,0,0,0,0,0,0,0,0,0
0,0,0,0,0,0,0,0,0,0,0,0,0,0,0,0,0,0,0,0,0,0,0,0,0,0,0,0,0,0,0,0,0,0,0,0,1,0,0,0,1,0,1,0,0,0,0,0,0,0,1,0,0,0,0,0,0,0,0,0,0,0,0,0,0,0,0,0,0,0,0,0,0,0,0,0,0,0,0,0,0,0,0,0,0,0,0,0,0,0,0,0,0,0,4620,71,0,76,13,8,223,7,1300,92,1752,9,1323,28,76,3,3,1,6,5,30,35,100,354,6,6,0,0,0,0,0,0,1,0,0,0,0,0,0,0,2,2,0,0,0,0,0,0,0,0,2,1,0,0,0,0,0,0,0,0,0,0,0,0,4,0,0,0,2,0,3,0,0,1,2,0
0,0,0,0,0,0,0,0,0,0,0,0,0,0,0,0,0,0,0,0,0,0,0,0,0,0,0,0,0,0,0,0,0,0,0,0,0,0,0,0,0,0,0,0,0,0,0,0,0,0,0,2,0,0,0,0,0,0,0,0,0,0,0,0,0,0,0,0,0,0,0,0,0,0,0,0,0,0,0,0,0,0,0,0,0,0,0,0,0,0,0,0,0,0,8,4110,76,0,3,36,4,208,36,1094,10,1182,17,1272,7,64,3,12,0,5,7,52,77,179,8,4,0,0,0,0,0,0,0,0,0,0,0,0,0,0,0,0,0,0,0,0,0,0,0,0,0,0,0,0,0,0,0,0,0,0,0,0,0,0,1,0,0,0,0,0,0,0,0,5,0,0
0,0,0,0,0,0,0,0,0,0,0,0,0,0,0,0,0,0,0,0,0,0,0,0,0,0,0,0,0,0,0,0,2,0,0,0,0,0,1,1,18,1,33,0,0,0,1,0,0,0,32,2,0,0,0,0,0,0,0,1,0,0,0,0,0,0,0,0,1,1,0,1,0,0,1,2,2,2,0,1,0,0,0,0,0,0,0,0,0,0,0,0,0,0,37,0,13,3,0,17,114,3,49,5,27,2,272,2,404,22,71,13,65,28,25,35,0,25,6,60,0,0,2,0,0,0,3,1,4,1,10,0,1,0,6,4,1,0,1,0,3,0,16,0,32,4,2,2,0,1,0,0,0,0,0,0,0,0,9,2,0,2,3,0,17,1,0,7,6,1
0,0,0,0,0,0,0,0,0,1,0,0,0,0,0,0,0,0,0,0,0,0,0,0,0,0,0,0,0,0,0,0,0,0,0,0,0,0,1,2,1,3,1,49,0,0,0,0,0,0,1,21,0,0,0,2,0,0,0,0,0,2,1,0,0,0,1,0,0,0,0,3,0,0,2,6,0,5,1,4,0,0,0,0,0,2,0,0,0,0,0,0,0,0,4,25,8,36,17,0,51,700,16,104,5,31,38,556,62,524,44,220,35,60,146,51,9,28,38,82,1,0,0,0,1,0,1,4,1,5,0,2,0,0,4,8,1,1,0,1,0,1,1,8,1,6,0,1,0,0,0,0,0,0,0,0,0,0,9,6,1,0,0,3,3,2,0,76,5,1
0,0,0,0,0,0,0,0,0,0,0,0,0,0,0,0,0,0,0,0,0,0,0,0,0,0,0,0,0,0,0,0,0,0,0,0,0,0,1,0,5,3,55,1,0,0,0,0,0,0,9,4,0,0,1,0,0,0,0,0,0,0,0,0,0,0,0,0,0,0,0,0,0,0,0,1,1,1,1,0,0,0,0,0,0,0,0,0,0,0,0,0,0,0,514,4,223,4,114,51,0,106,1383,29,341,0,1198,12,291,23,167,19,15,35,1270,235,38,88,47,76,1,0,1,0,0,0,1,1,0,1,4,0,0,0,6,1,1,1,1,0,1,0,1,0,10,6,1,0,0,0,0,0,0,0,0,0,0,0,8,1,0,1,1,1,6,3,0,5,5,1
0,0,0,0,0,0,0,0,0,0,0,0,0,0,0,0,0,0,0,0,0,0,0,0,0,0,0,0,0,0,0,0,0,0,0,0,0,0,0,0,0,0,0,79,0,0,0,0,0,0,0,4,0,0,0,0,0,0,0,44,0,0,0,0,0,0,0,0,0,0,0,0,0,0,0,0,0,0,0,0,0,0,0,0,0,0,0,0,0,1,0,0,0,0,9,190,7,208,3,700,106,0,50,1562,3,107,36,1043,12,328,4,173,24,12,789,299,76,65,36,29,0,0,0,0,0,0,2,1,0,1,1,0,0,0,0,1,0,0,0,0,0,0,0,0,0,1,0,0,0,0,0,0,0,0,0,0,0,0,1,0,1,0,0,0,4,2,0,3,1,0
0,0,0,0,0,0,0,0,0,0,0,0,0,0,0,0,0,0,0,0,0,0,0,0,0,0,0,0,0,0,0,0,0,0,0,0,0,0,0,0,0,0,5,0,0,0,1,0,0,0,26,3,0,0,1,0,0,0,85,0,0,0,0,0,0,0,0,0,0,0,0,0,0,0,0,0,1,0,0,0,0,0,0,0,0,0,0,0,2,0,0,0,2,0,2898,15,1300,36,49,16,1383,50,0,198,589,5,884,24,78,8,2,1,4,3,56,371,301,118,16,17,1,0,0,0,0,0,0,1,0,0,1,0,0,0,1,0,0,0,0,0,0,0,0,0,0,1,0,0,0,0,0,0,0,0,0,0,0,0,1,0,1,0,0,0,1,1,0,3,0,2
0,0,0,0,0,0,0,0,0,0,0,0,0,0,0,0,0,0,0,0,0,0,0,0,0,0,0,0,0,0,0,0,0,0,0,0,0,0,0,0,0,1,0,1,0,0,0,0,0,0,0,28,0,0,0,0,0,0,0,0,0,0,0,0,0,0,0,0,0,0,0,0,0,0,0,0,0,0,0,0,0,0,0,0,0,0,0,0,0,0,0,0,0,0,33,6090,92,1094,5,104,29,1562,198,0,5,359,39,1452,12,124,3,59,4,3,72,1223,776,134,38,3,0,0,0,0,0,0,1,0,0,0,0,0,0,0,2,0,0,0,0,0,0,0,0,0,0,0,0,0,0,0,0,0,0,0,0,0,0,0,0,0,0,0,0,0,0,0,0,4,0,0
0,0,0,0,0,0,0,0,0,0,0,0,0,0,0,0,0,0,0,0,0,0,0,0,0,0,0,0,0,0,0,0,0,0,0,0,0,0,0,1,0,1,2,0,0,0,1,0,0,0,1,1,0,0,0,0,0,0,0,0,0,0,0,0,0,0,0,0,0,0,0,1,0,0,0,0,0,0,0,0,0,0,0,0,0,0,0,0,0,0,0,0,0,0,552,1,1752,10,27,5,341,3,589,5,0,0,1570,5,122,2,5,4,1,8,12,9,11,264,4,3,0,0,0,0,0,0,1,1,1,2,1,1,0,0,2,4,0,0,0,0,0,0,2,3,10,3,0,3,0,0,0,0,0,0,0,0,0,0,3,0,0,1,0,0,1,2,0,1,0,0
