0,0,2104,1,1750,1,1250,4,358,0,0,0,166,0,512,31,0,0,0,1,0,0,0,0,0,0,0,0,0,0,0,0,127,1,0,0,271,72,0,1,5,0,1,0,0,0,3,0,1,0,1,0,5,0,5,0,0,0,0,0,5455,1,294,0,260,0,284,0,14,0,160,1,922,0,214,1,335,1,102,1,0,0,6,0,85,0,2,0,5,0,0,0,0,0,0,1,0,1,2,0,0,0,0,0,0,0,1,2,3,1,0,0,1,0,0,0,0,0,0,0,2,0,0,0,43,0,224,1,46,1,50,0,6,0,93,13,15,0,0,0,0,0,0,0,7,0,1,0,1,0,0,0,0,1,20,1,0,0,5,1,3,0,10,0,15,2,8,6,1,0
0,0,0,1527,0,1985,0,946,0,33,0,0,0,460,1,1617,0,0,0,1,0,0,0,0,0,0,0,0,0,0,0,0,0,189,0,0,7,93,0,1,0,3,0,0,0,0,1,3,0,0,0,0,0,4,0,7,0,0,0,0,0,3612,1,122,0,204,0,223,0,132,4,266,1,768,0,2,0,140,1,37,0,0,0,8,0,202,0,4,0,39,0,0,0,0,0,0,0,0,0,0,0,0,0,0,0,0,0,0,0,0,0,0,0,0,0,0,0,0,0,0,0,0,0,0,0,0,0,9,0,8,0,0,0,0,0,1,0,0,0,0,0,0,0,0,0,1,0,0,0,2,0,0,0,0,6,5,0,0,0,0,0,0,0,2,0,1,1,0,0,0
2104,0,0,30,7202,63,95,14,528,22,220,4,15,1,2254,32,12,1,3361,10,435,1,168,0,182,0,402,0,105,0,2,0,300,3,0,0,436,72,1,0,5,0,0,0,3,1,0,0,0,0,0,0,0,0,0,0,0,0,0,0,51,0,96,0,38,0,21,0,0,0,48,1,329,1,93,0,203,12,39,0,0,0,1,0,9,0,18,0,1,1,10,0,3,0,0,0,0,0,0,0,0,0,0,1,0,0,1,1,1,0,2,1,1,0,0,0,0,0,0,0,1,0,0,0,44,0,19,0,9,0,16,0,8,0,43,6,6,0,0,0,0,0,0,0,4,0,2,0,1,0,56,23,120,13,349,256,12,0,3,0,2,0,4,0,12,0,7,3,0,0
1,1527,30,0,15,6051,1,208,12,211,1,376,0,21,3,3281,0,12,15,3179,1,293,0,10,1,68,0,297,0,15,0,20,5,112,0,0,18,305,0,0,0,3,0,0,0,1,0,0,0,0,0,0,0,0,0,1,0,0,0,1,0,15,0,2,0,4,0,6,0,4,2,51,0,56,7,1,8,87,0,13,0,0,0,2,0,13,0,12,0,4,0,0,0,1,0,0,0,0,0,0,0,0,0,0,0,0,0,0,0,0,0,0,0,0,0,0,0,0,0,0,0,0,0,0,1,0,0,0,0,0,0,0,0,0,0,1,0,0,0,0,0,0,0,0,0,0,0,0,0,0,18,21,19,271,63,131,0,1,0,0,0,0,0,0,0,0,0,0,0,0
1750,0,7202,15,0,35,882,10,3886,18,523,0,28,0,155,39,11,0,280,15,75,0,24,0,49,0,103,0,58,0,2,0,347,4,0,0,119,91,0,0,0,1,0,0,2,0,0,0,0,0,0,0,0,0,0,0,0,0,0,0,66,0,29,0,24,0,25,0,2,0,9,0,37,0,78,0,232,9,49,0,0,0,2,0,10,0,13,0,5,0,6,0,2,0,0,0,0,0,0,0,0,0,0,0,0,0,4,0,0,0,1,0,0,0,0,0,0,0,0,0,1,0,0,0,38,0,21,0,4,1,9,0,7,0,43,5,3,0,0,0,0,0,0,0,6,0,1,0,1,0,19,30,33,10,149,215,5,0,2,1,0,0,14,1,5,0,3,3,1,0
1,1985,63,6051,35,0,3,1566,16,3477,2,711,0,45,9,723,3,4,28,942,1,33,1,3,0,4,0,100,0,34,0,249,12,209,0,0,20,255,0,0,0,1,0,0,0,1,0,0,0,0,0,0,0,1,0,0,0,0,0,2,0,35,0,8,0,7,0,23,0,5,1,10,0,16,3,5,6,130,0,11,0,0,0,1,0,30,1,5,0,1,0,0,0,0,0,0,0,0,0,0,0,0,0,0,0,0,0,0,0,0,0,0,0,0,0,0,0,0,0,0,0,0,0,0,1,1,0,0,0,0,0,0,0,0,0,0,0,0,0,0,0,0,0,0,0,0,0,0,0,0,18,13,62,116,100,156,0,0,0,0,0,0,0,1,2,0,1,0,0,0
1250,0,95,1,882,3,0,2,2123,1,2,0,940,1,29,22,0,0,0,2,0,0,0,0,0,0,0,0,0,0,0,0,626,0,0,0,44,25,0,0,2,0,0,0,0,0,0,0,0,0,0,0,0,0,1,0,0,0,0,0,317,1,8,0,11,0,48,0,1,0,3,1,22,0,81,0,249,1,46,0,0,0,23,0,98,0,325,0,1,0,1,0,0,0,0,0,1,0,0,1,0,0,0,0,0,0,0,0,0,0,0,0,0,1,0,0,0,0,0,0,0,0,0,0,13,0,53,0,18,1,8,0,3,0,30,3,4,0,0,0,0,0,0,0,1,0,1,0,0,0,0,0,1,0,9,2,0,0,0,0,0,0,4,0,4,0,1,2,1,0
4,946,14,208,10,1566,2,0,6,1905,2,20,0,966,5,499,0,0,6,87,0,0,0,0,0,0,0,0,0,0,0,0,2,1236,0,0,12,160,0,0,0,2,0,0,0,0,0,0,0,0,0,0,0,0,0,0,0,0,0,0,0,179,0,8,0,3,0,75,0,4,0,23,0,27,3,73,5,268,0,28,0,0,0,26,0,32,0,31,0,0,0,0,0,0,1,0,0,0,0,0,0,0,0,0,0,0,0,0,1,0,0,0,0,0,0,0,0,0,0,0,0,0,0,0,0,0,0,2,0,1,0,1,0,0,2,0,0,0,0,0,0,0,0,0,0,0,0,1,0,0,0,0,4,2,35,55,0,0,0,0,0,0,0,1,0,0,0,0,0,0
358,0,528,12,3886,16,2123,6,0,1,1916,0,251,0,85,24,1,0,47,8,5,0,1,0,3,0,4,0,51,0,73,0,1750,1,0,0,53,35,0,0,4,0,1,0,5,0,0,0,0,0,0,0,0,0,0,0,0,0,0,0,62,0,6,0,7,0,6,0,1,0,5,0,13,0,114,0,252,0,37,1,0,0,0,0,4,0,97,0,6,0,13,0,9,0,0,0,0,0,0,0,0,0,0,0,0,0,0,0,0,0,0,0,0,0,0,0,0,0,0,0,0,0,0,0,14,0,20,0,14,0,7,0,2,0,20,1,3,0,1,0,0,0,0,0,0,0,1,0,0,0,3,0,11,4,58,29,0,0,0,0,0,0,3,0,2,0,2,1,0,0
0,33,22,211,18,3477,1,1905,1,0,0,1098,0,70,1,65,1,2,12,167,1,8,3,0,0,4,0,14,0,19,0,12,6,1045,0,0,4,90,0,0,0,4,0,0,0,0,0,0,0,0,0,0,0,0,0,0,0,0,0,0,0,6,0,1,0,0,0,1,0,0,0,5,0,2,0,12,4,210,0,8,0,0,0,2,0,3,0,11,0,0,0,2,0,2,0,0,0,0,0,0,0,0,0,0,0,0,0,0,0,0,0,0,0,0,0,0,0,0,0,0,0,0,0,0,0,0,0,0,0,0,1,0,0,0,0,0,0,0,0,1,0,0,0,0,0,0,0,0,0,0,3,0,16,24,34,73,0,0,0,0,0,0,0,0,0,0,0,0,0,0
0,0,220,1,523,2,2,2,1916,0,0,0,0,0,2,0,21,1,77,2,77,0,51,0,53,0,91,0,1049,0,837,0,925,1,0,0,1,3,0,0,1,0,0,0,1,0,0,0,0,0,0,0,0,0,0,0,0,0,0,0,0,0,0,0,0,0,0,0,0,0,0,0,0,0,29,0,66,0,1,0,0,0,0,0,0,0,5,0,1,0,4,0,0,0,0,0,0,0,0,0,0,0,0,0,0,0,0,0,0,0,0,0,0,0,0,0,0,0,0,0,0,0,0,0,0,0,0,0,0,0,0,0,0,0,0,0,0,0,0,0,0,0,0,0,0,0,0,0,0,0,26,3,36,2,9,17,1,0,0,0,0,0,0,0,0,0,0,0,0,0
0,0,4,376,0,711,0,20,0,1098,0,0,0,0,0,0,0,4,0,201,1,74,1,16,0,74,0,261,0,878,0,740,0,664,0,0,0,0,0,0,0,2,0,1,0,0,0,0,0,0,0,0,0,0,0,0,0,0,0,0,0,0,0,0,0,0,0,0,0,0,0,0,0,0,0,6,0,60,0,0,0,0,0,0,0,0,0,13,0,3,0,2,0,2,0,0,0,0,0,0,0,0,0,0,0,0,0,0,0,0,0,0,0,0,0,0,0,0,0,0,0,0,0,0,0,0,0,0,0,0,0,0,0,0,0,0,0,0,0,0,0,0,0,0,0,0,0,0,0,0,13,16,9,85,0,11,0,1,0,0,0,0,0,0,0,0,0,0,0,0
166,0,15,0,28,0,940,0,251,0,0,0,0,0,7,1,0,0,0,0,0,0,0,0,0,0,0,0,0,0,0,0,682,0,0,0,14,5,2,2,14,0,0,0,1,0,14,0,2,0,4,0,3,0,17,0,2,0,0,0,1180,0,6,0,4,0,237,0,33,0,3,0,10,0,13,0,199,0,26,1,0,0,302,0,828,0,485,0,66,0,0,0,1,0,0,0,0,1,0,0,1,0,0,1,0,0,2,4,3,0,0,1,0,0,0,0,0,0,0,0,0,0,0,0,8,0,25,0,22,1,5,0,2,0,3,1,1,0,0,0,1,0,0,1,14,0,1,0,8,0,0,0,0,0,0,0,0,0,2,0,1,0,2,0,2,1,5,7,1,0
0,460,1,21,0,45,1,966,0,70,0,0,0,0,1,39,0,0,1,6,0,0,0,0,0,0,0,0,0,0,0,0,0,1632,0,0,1,14,0,0,0,1,0,0,0,0,0,1,0,0,0,0,0,1,0,1,0,0,0,0,0,1080,0,2,0,2,0,782,0,3,1,13,0,14,0,8,0,121,0,12,0,0,0,489,0,1433,0,337,0,0,0,0,0,0,0,0,0,0,0,0,0,0,0,0,0,0,1,0,0,0,0,0,0,0,0,0,0,0,0,0,0,0,0,0,0,0,0,0,0,2,0,0,0,0,0,0,0,0,0,0,0,0,0,0,0,0,0,1,0,0,0,0,0,0,4,2,0,0,0,0,0,0,0,0,0,0,0,0,0,0
512,1,2254,3,155,9,29,5,85,1,2,0,7,1,0,29,0,0,986,5,1,0,0,0,0,0,0,0,0,0,0,0,46,1,0,0,2237,81,3,2,1,0,1,0,2,0,0,0,0,0,0,0,0,0,1,0,0,0,0,0,28,0,89,0,18,0,1,0,0,0,73,0,1567,0,38,0,78,1,17,2,0,0,0,0,0,0,5,0,1,0,2,0,0,0,0,0,0,0,0,0,0,0,0,0,0,0,0,0,0,0,0,0,0,0,0,0,0,0,0,0,0,0,0,0,24,0,16,0,7,1,6,0,2,0,35,3,5,0,0,0,0,0,0,0,2,0,0,0,3,0,0,0,4,0,141,10,0,0,3,0,0,0,3,0,4,1,3,2,1,0
31,1617,32,3281,39,723,22,499,24,65,0,0,1,39,29,0,0,0,11,966,0,0,0,0,0,0,0,0,0,0,0,0,11,107,0,0,94,1734,0,1,0,4,0,0,0,0,0,0,1,1,0,0,0,1,0,1,0,0,0,0,2,176,0,28,1,10,0,16,0,5,11,226,7,1207,13,6,23,258,8,66,0,0,0,1,0,12,2,0,0,5,0,0,1,0,0,0,0,0,0,0,0,0,0,0,0,0,2,0,0,0,1,1,0,0,0,0,0,0,0,0,0,0,0,0,3,2,4,10,1,4,2,1,0,0,5,0,1,0,0,0,0,0,0,0,0,1,0,0,0,3,0,0,1,0,137,75,0,0,0,1,0,0,1,7,0,0,1,0,0,0
0,0,12,0,11,3,0,0,1,1,21,0,0,0,0,0,0,178,15,0,247,4,724,5,181,0,2,0,82,0,0,0,136,0,0,0,0,0,0,0,15,0,0,0,142,0,0,0,0,0,0,0,0,0,0,0,0,0,0,0,0,0,0,0,0,0,0,0,0,0,0,0,0,0,111,4,496,1,41,0,0,0,0,0,0,0,7,0,0,0,0,0,0,0,0,0,0,0,0,0,0,0,0,0,0,0,1,0,0,0,0,0,0,0,0,0,0,0,0,0,1,0,0,0,4,0,0,0,0,0,0,0,2,0,2,4,1,0,0,0,0,0,0,0,0,0,0,0,0,0,428,168,55,1,1,35,1589,13,0,0,1,0,7,0,2,0,0,2,1,0
0,0,1,12,0,4,0,0,0,2,1,4,0,0,0,0,178,0,4,31,31,311,23,867,0,143,0,13,0,112,0,0,0,134,0,0,0,0,0,0,0,26,0,5,0,603,0,0,0,0,0,0,0,0,0,0,0,0,0,9,0,0,0,0,0,0,0,0,0,0,0,0,0,0,0,155,0,394,0,14,0,0,0,0,0,3,0,93,0,6,0,7,0,17,0,0,0,0,0,0,0,0,0,0,0,0,0,0,0,0,0,0,0,0,0,0,0,0,0,0,0,0,0,0,0,1,0,3,0,0,0,0,0,0,0,0,0,0,0,0,0,0,0,0,0,0,0,0,0,0,74,310,11,47,0,18,2,1195,0,0,0,1,0,1,0,0,0,0,0,0
0,0,3361,15,280,28,0,6,47,12,77,0,0,1,986,11,15,4,0,14,468,0,80,1,59,0,31,0,41,1,0,0,74,1,0,0,961,34,0,0,0,0,0,0,0,0,0,0,0,1,0,0,0,0,0,0,0,0,0,0,0,0,0,0,1,0,0,0,0,0,0,1,0,0,14,0,23,2,1,0,0,0,0,0,1,0,5,1,0,0,1,0,0,1,0,0,0,0,0,0,0,0,0,0,0,0,0,0,0,0,0,0,0,0,0,0,0,0,0,0,0,0,0,0,2,0,0,0,0,0,0,0,0,0,0,0,0,0,0,0,0,0,0,0,0,0,0,0,0,0,71,33,1246,11,696,170,4,1,0,0,0,0,0,0,0,0,0,0,0,0
1,1,10,3179,15,942,2,87,8,167,2,201,0,6,5,966,0,31,14,0,1,1039,2,90,0,83,0,84,0,32,0,4,4,135,0,0,5,370,0,0,1,1,0,0,0,2,0,0,0,0,0,0,0,0,0,0,0,0,0,1,0,1,0,0,0,0,0,0,0,0,0,0,0,2,2,4,1,143,0,6,0,0,0,0,0,1,0,14,0,0,0,0,0,4,0,0,0,0,0,0,0,0,0,0,0,0,0,0,0,0,0,0,0,0,0,0,0,0,0,0,0,0,0,0,1,1,0,0,0,1,0,0,0,0,0,2,0,0,0,0,0,0,0,0,0,0,0,0,0,0,11,72,16,893,34,195,0,2,0,0,0,0,0,2,0,0,0,0,0,0
0,0,435,1,75,1,0,0,5,1,77,1,0,0,1,0,247,31,468,1,0,1,1648,3,269,0,172,0,66,0,0,0,28,0,0,0,1,0,0,0,0,0,0,0,0,0,0,0,0,0,0,0,0,0,0,0,0,0,0,0,0,0,0,0,0,0,0,0,0,0,0,0,0,0,45,0,1,0,0,0,0,0,0,0,0,0,0,0,0,0,1,0,0,0,0,0,0,0,0,0,0,0,0,0,0,0,0,0,0,0,0,0,0,0,0,0,0,0,0,0,0,0,0,0,0,0,0,0,0,0,0,0,0,0,0,0,0,0,0,0,0,0,0,0,0,0,0,0,0,0,244,78,294,1,7,27,76,8,0,0,0,0,0,0,0,0,0,0,0,0
0,0,1,293,0,33,0,0,0,8,0,74,0,0,0,0,4,311,0,1039,1,0,32,1471,0,361,0,121,0,37,0,1,0,45,0,0,0,0,0,0,0,5,0,0,0,14,0,0,0,0,0,0,0,0,0,0,0,0,0,2,0,0,0,0,0,0,0,0,0,0,0,0,0,0,0,30,0,54,0,0,0,0,0,0,0,0,0,23,0,0,0,3,0,6,0,0,0,0,0,0,0,0,0,0,0,0,0,0,0,0,0,0,0,0,0,0,0,0,0,0,0,0,0,0,0,0,0,0,0,0,0,0,0,0,0,0,0,0,0,0,0,0,0,0,0,0,0,0,0,0,11,362,2,433,0,96,0,46,0,0,0,0,0,0,0,0,0,0,0,0
0,0,168,0,24,1,0,0,1,3,51,1,0,0,0,0,724,23,80,2,1648,32,0,168,1590,1,165,0,69,0,0,0,30,1,0,0,0,0,0,0,0,0,37,0,4,0,0,0,0,0,0,0,0,0,0,0,0,0,0,0,0,0,0,0,0,0,0,0,0,0,0,0,0,0,26,0,5,0,1,0,0,0,0,0,0,0,1,0,0,0,1,0,0,0,0,0,0,0,0,0,0,0,0,0,0,0,0,0,0,0,0,0,0,0,0,0,0,0,0,0,0,0,0,0,0,0,0,0,0,0,0,0,0,0,1,0,0,0,0,0,0,0,0,0,0,0,0,0,0,0,80,25,92,6,1,27,202,1,0,0,0,0,0,0,0,0,0,0,0,0
0,0,0,10,0,3,0,0,0,0,0,16,0,0,0,0,5,867,1,90,3,1471,168,0,0,1384,0,14,0,68,0,0,0,32,0,0,0,0,0,0,0,4,0,2,0,49,0,0,0,0,0,0,0,0,0,0,0,0,0,2,0,0,0,0,0,0,0,0,0,0,0,0,0,0,0,88,0,124,0,0,0,0,0,0,0,0,0,11,0,1,0,0,0,6,0,0,0,0,0,0,0,0,0,0,0,0,0,0,0,0,0,0,0,0,0,0,0,0,0,0,0,0,0,0,0,0,0,0,0,0,0,0,0,0,0,0,0,0,0,0,0,0,0,0,0,0,0,0,0,0,5,154,1,90,1,32,0,183,0,0,0,0,0,0,0,0,0,0,0,0
0,0,182,1,49,0,0,0,3,0,53,0,0,0,0,0,181,0,59,0,269,0,1590,0,0,0,278,0,373,0,1,0,154,0,0,0,0,0,0,0,0,0,3,0,0,0,0,0,0,0,0,0,0,0,0,0,0,0,0,0,0,0,0,0,0,0,0,0,0,0,0,0,0,0,16,0,6,0,0,0,0,0,0,0,0,0,5,0,0,0,0,0,0,0,0,0,0,0,0,0,0,0,0,0,0,0,0,0,0,0,0,0,0,0,0,0,0,0,0,0,0,0,0,0,0,0,0,0,0,0,0,0,0,0,0,0,0,0,0,0,0,0,0,0,0,0,0,0,0,0,3,2,30,0,2,4,58,0,0,0,0,0,0,0,0,0,0,0,0,0
0,0,0,68,0,4,0,0,0,4,0,74,0,0,0,0,0,143,0,83,0,361,1,1384,0,0,0,303,0,94,0,0,0,37,0,0,0,0,0,0,0,2,0,0,0,6,0,0,0,0,0,0,0,0,0,0,0,0,0,3,0,0,0,0,0,0,0,0,0,0,0,0,0,0,0,40,0,47,0,0,0,0,0,0,0,0,0,10,0,0,0,0,0,3,0,0,0,0,0,0,0,0,0,0,0,0,0,0,0,0,0,0,0,0,0,0,0,0,0,0,0,0,0,0,0,0,0,0,0,0,0,0,0,0,0,0,0,0,0,0,0,0,0,0,0,0,0,0,0,0,1,17,0,8,0,2,0,17,0,0,0,0,0,0,0,0,0,0,0,0
0,0,402,0,103,0,0,0,4,0,91,0,0,0,0,0,2,0,31,0,172,0,165,0,278,0,0,0,57,0,2,0,3,0,0,0,0,0,0,0,0,0,0,0,0,0,0,0,0,0,0,0,0,0,0,0,0,0,0,0,0,0,0,0,0,0,0,0,0,0,0,0,0,0,2,0,0,0,0,0,0,0,0,0,0,0,0,0,0,0,0,0,0,0,0,0,0,0,0,0,0,0,0,0,0,0,0,0,0,0,0,0,0,0,0,0,0,0,0,0,0,0,0,0,0,0,0,0,0,0,0,0,0,0,0,0,0,0,0,0,0,0,0,0,0,0,0,0,0,0,4,1,0,0,0,0,2,0,0,0,0,0,0,0,0,0,0,0,0,0
0,0,0,297,0,100,0,0,0,14,0,261,0,0,0,0,0,13,0,84,0,121,0,14,0,303,0,0,0,171,0,110,0,100,0,0,0,0,0,0,0,5,0,0,0,0,0,0,0,0,0,0,0,0,0,0,0,0,0,0,0,0,0,0,0,0,0,0,0,0,0,0,0,0,0,1,0,66,0,0,0,0,0,0,0,0,0,8,0,0,0,1,0,1,0,0,0,0,0,0,0,0,0,0,0,0,0,0,0,0,0,0,0,0,0,0,0,0,0,0,0,0,0,0,0,0,0,0,0,0,0,0,0,0,0,0,0,0,0,0,0,0,0,0,0,0,0,0,0,0,0,7,0,7,0,1,0,0,0,0,0,0,0,0,0,0,0,0,0,0
0,0,105,0,58,0,0,0,51,0,1049,0,0,0,0,0,82,0,41,0,66,0,69,0,373,0,57,0,0,0,63,0,454,0,0,0,0,2,0,0,0,0,4,0,0,0,0,0,0,0,0,0,0,0,0,0,0,0,1,0,0,0,0,0,0,0,0,0,0,0,0,0,0,0,21,0,6,0,0,0,0,0,0,0,0,0,18,0,0,0,0,0,0,0,0,0,0,0,0,0,0,0,0,0,0,0,0,0,0,0,0,0,0,0,0,0,0,0,0,0,0,0,0,0,0,0,0,0,0,0,0,0,0,0,0,0,0,0,0,0,0,0,0,0,0,0,0,0,0,0,5,0,46,0,5,8,32,0,0,0,0,0,0,0,0,0,0,0,0,0
0,0,0,15,0,34,0,0,0,19,0,878,0,0,0,0,0,112,1,32,0,37,0,68,0,94,0,171,0,0,0,126,0,185,0,0,0,1,0,0,0,0,0,0,0,2,0,0,0,0,0,0,0,0,0,0,0,0,0,0,0,0,0,0,0,0,0,0,0,0,0,0,0,0,0,12,0,19,0,0,0,0,0,0,0,0,0,7,0,1,0,0,0,0,0,0,0,0,0,0,0,0,0,0,0,0,0,0,0,0,0,0,0,0,0,0,0,0,0,0,0,0,0,0,0,0,0,0,0,0,0,0,0,0,0,0,0,0,0,0,0,0,0,0,0,0,0,0,0,0,0,2,0,10,0,2,0,1,0,0,0,0,0,0,0,0,0,0,0,0
0,0,2,0,2,0,0,0,73,0,837,0,0,0,0,0,0,0,0,0,0,0,0,0,1,0,2,0,63,0,0,0,69,0,0,0,0,0,0,0,0,0,0,0,0,0,0,0,0,0,0,0,0,0,0,0,0,0,0,0,0,0,0,0,0,0,0,0,0,0,0,0,0,0,1,0,5,0,0,0,0,0,0,0,0,0,0,0,0,0,0,0,0,0,0,0,0,0,0,0,0,0,0,0,0,0,0,0,0,0,0,0,0,0,0,0,0,0,0,0,0,0,0,0,0,0,0,0,0,0,0,0,0,0,0,0,0,0,0,0,0,0,0,0,0,0,0,0,0,0,2,0,0,0,0,0,0,0,0,0,0,0,0,0,0,0,0,0,0,0
0,0,0,20,0,249,0,0,0,12,0,740,0,0,0,0,0,0,0,4,0,1,0,0,0,0,0,110,0,126,0,0,0,2,0,0,0,0,0,0,0,0,0,0,0,0,0,0,0,0,0,0,0,0,0,0,0,0,0,0,0,0,0,0,0,0,0,0,0,0,0,0,0,0,0,0,0,2,0,0,0,0,0,0,0,0,0,0,0,0,0,0,0,0,0,0,0,0,0,0,0,0,0,0,0,0,0,0,0,0,0,0,0,0,0,0,0,0,0,0,0,0,0,0,0,0,0,0,0,0,0,0,0,0,0,0,0,0,0,0,0,0,0,0,0,0,0,0,0,0,0,0,0,1,0,0,0,0,0,0,0,0,0,0,0,0,0,0,0,0
127,0,300,5,347,12,626,2,1750,6,925,0,682,0,46,11,136,0,74,4,28,0,30,0,154,0,3,0,454,0,69,0,0,5,0,0,47,25,9,0,119,1,6,0,77,0,7,0,0,0,5,0,4,0,12,0,3,0,26,0,152,0,10,0,5,0,55,0,7,0,1,1,11,0,316,0,2349,3,123,2,0,0,68,0,413,0,815,0,252,0,132,0,92,0,0,1,0,0,0,1,1,0,0,0,0,0,0,3,2,0,3,4,2,2,0,0,0,0,0,1,0,0,0,0,14,0,48,1,38,0,13,0,2,0,13,2,8,0,9,0,0,0,3,0,30,0,0,0,18,1,2,0,24,2,36,36,39,0,0,0,0,0,6,0,7,1,13,4,2,1
1,189,3,112,4,209,0,1236,1,1045,1,664,0,1632,1,107,0,134,1,135,0,45,1,32,0,37,0,100,0,185,0,2,5,0,0,0,1,117,7,9,1,183,0,22,0,95,3,92,0,3,1,41,0,3,0,2,0,10,0,63,0,301,0,27,0,17,0,249,0,12,4,170,0,145,1,160,2,1895,0,88,0,0,0,66,2,439,0,333,0,78,0,5,0,46,0,0,0,0,0,0,0,0,0,0,0,0,0,0,0,0,1,0,1,0,0,0,0,0,0,0,0,0,0,0,0,1,0,11,2,14,1,0,0,0,0,0,0,0,0,6,0,1,0,3,3,5,0,1,0,1,6,4,7,34,9,29,0,1,0,0,0,0,0,5,0,0,0,0,0,0
0,0,0,0,0,0,0,0,0,0,0,0,0,0,0,0,0,0,0,0,0,0,0,0,0,0,0,0,0,0,0,0,0,0,0,0,0,0,0,0,0,0,0,0,0,0,0,0,0,0,0,0,0,0,0,0,0,0,0,0,0,0,0,0,0,0,0,0,0,0,0,0,0,0,0,0,0,0,0,0,0,0,0,0,0,0,0,0,0,0,0,0,0,0,0,0,0,0,0,0,0,0,0,0,0,0,0,0,0,0,0,0,0,0,0,0,0,0,0,0,0,0,0,0,0,0,0,0,0,0,0,0,0,0,0,0,0,0,0,0,0,0,0,0,0,0,0,0,0,0,0,0,0,0,0,0,0,0,0,0,0,0,0,0,0,0,0,0,0,0
0,0,0,0,0,0,0,0,0,0,0,0,0,0,0,0,0,0,0,0,0,0,0,0,0,0,0,0,0,0,0,0,0,0,0,0,0,0,0,0,0,0,0,0,0,0,0,0,0,0,0,0,0,0,0,0,0,0,0,0,0,0,0,0,0,0,0,0,0,0,0,0,0,0,0,0,0,0,0,0,0,0,0,0,0,0,0,0,0,0,0,0,0,0,0,0,0,0,0,0,0,0,0,0,0,0,0,0,0,0,0,0,0,0,0,0,0,0,0,0,0,0,0,0,0,0,0,0,0,0,0,0,0,0,0,0,0,0,0,0,0,0,0,0,0,0,0,0,0,0,0,0,0,0,0,0,0,0,0,0,0,0,0,0,0,0,0,0,0,0
271,7,436,18,119,20,44,12,53,4,1,0,14,1,2237,94,0,0,961,5,1,0,0,0,0,0,0,0,0,0,0,0,47,1,0,0,0,717,696,37,4,0,0,1,1,0,0,4,2,0,0,0,18,1,16,0,0,0,0,0,159,0,692,2,156,0,10,0,5,0,2185,20,744,8,55,0,69,7,15,1,0,0,5,0,8,1,1,0,2,0,0,0,0,0,0,0,0,1,2,0,0,0,0,0,0,1,0,0,0,0,1,1,0,0,0,0,0,0,0,0,0,0,1,0,14,1,28,0,34,0,7,0,1,0,26,0,8,0,0,1,1,0,0,0,13,0,1,0,11,0,0,0,5,1,390,29,0,0,0,0,0,0,2,0,1,1,4,2,2,0
72,93,72,305,91,255,25,160,35,90,3,0,5,14,81,1734,0,0,34,370,0,0,0,0,0,0,0,0,2,1,0,0,25,117,0,0,717,0,11,659,3,11,0,1,0,0,5,0,0,8,1,0,1,0,0,2,0,0,0,0,7,63,16,9,5,11,3,37,0,7,117,1421,19,176,27,2,35,197,8,50,0,0,6,12,5,41,0,0,0,2,1,0,0,0,0,0,0,0,1,1,0,0,0,0,0,0,0,1,1,0,2,0,0,0,0,0,0,0,0,0,1,0,0,0,7,1,15,3,14,18,0,0,0,0,18,1,1,0,0,0,1,0,0,0,12,0,0,0,16,5,0,0,3,73,313,714,0,0,1,0,0,1,2,3,1,1,0,1,0,0
0,0,1,0,0,0,0,0,0,0,0,0,2,0,3,0,0,0,0,0,0,0,0,0,0,0,0,0,0,0,0,0,9,7,0,0,696,11,0,80,194,2,12,0,0,0,114,169,104,21,108,1,61,0,9,0,0,0,6,0,2,0,42,0,9,0,2,1,5,3,1830,102,1,0,2,0,31,2,5,1,0,0,9,1,6,8,1,0,7,4,0,0,0,0,0,0,0,0,0,0,0,0,0,0,0,0,0,0,0,0,0,2,0,0,0,0,0,0,0,0,0,0,0,0,0,0,1,0,10,1,1,0,0,0,0,0,0,0,1,0,0,0,1,0,57,2,0,0,8,0,0,0,0,0,0,0,0,0,0,0,0,0,1,0,1,0,5,1,0,0
1,1,0,0,0,0,0,0,0,0,0,0,2,0,2,1,0,0,0,0,0,0,0,0,0,0,0,0,0,0,0,0,0,9,0,0,37,659,80,0,67,52,1,8,0,0,38,192,21,22,19,32,10,1,2,1,0,1,2,6,0,1,4,0,1,0,0,1,0,5,225,893,1,0,0,0,2,7,0,2,0,0,1,9,1,30,0,0,0,6,0,0,0,0,0,1,0,0,0,1,0,0,0,0,0,0,0,0,0,0,0,1,0,0,0,0,0,0,0,0,0,0,0,0,0,0,1,0,0,0,0,0,0,0,0,0,0,0,2,0,0,0,1,1,26,13,0,0,1,0,0,0,0,0,0,0,0,0,0,0,0,0,0,0,0,0,0,0,1,0
5,0,5,0,0,0,2,0,4,0,1,0,14,0,1,0,15,0,0,1,0,0,0,0,0,0,0,0,0,0,0,0,119,1,0,0,4,3,194,67,0,8,2111,0,507,0,14,93,8,6,774,16,0,1,11,0,16,1,562,2,13,0,1,0,2,0,5,0,2,1,345,60,1,0,48,11,459,5,561,10,0,0,6,0,206,1,267,0,514,0,383,0,746,0,0,4,1,3,18,3,7,4,0,3,1,1,8,14,9,15,11,6,1,13,1,0,0,0,0,1,1,0,1,0,14,0,8,3,29,7,2,1,3,0,7,2,0,0,209,1,13,0,44,1,126,0,2,0,19,1,0,0,0,0,1,1,19,0,16,2,8,1,64,4,15,0,21,9,3,1
0,3,0,3,1,1,0,2,0,4,0,2,0,1,0,4,0,26,0,1,0,5,0,4,0,2,0,5,0,0,0,0,1,183,0,0,0,11,2,52,8,0,0,760,0,770,0,46,0,0,1,290,0,0,0,1,0,19,0,416,0,5,0,1,0,1,0,3,0,2,2,130,0,8,0,153,0,896,1,597,0,0,0,6,0,277,0,551,0,284,0,155,0,300,0,0,0,1,0,8,1,0,0,1,0,0,1,12,0,9,7,15,1,0,2,0,0,0,0,1,0,1,0,4,1,33,0,41,0,69,0,8,0,0,0,21,0,5,0,194,0,19,0,101,19,317,0,12,0,36,0,0,1,2,0,1,0,105,0,5,0,7,0,52,0,7,2,10,4,1
1,0,0,0,0,0,0,0,1,0,0,0,0,0,1,0,0,0,0,0,0,0,37,0,3,0,0,0,4,0,0,0,6,0,0,0,0,0,12,1,2111,0,0,0,416,0,14,2,0,0,886,0,0,0,12,0,26,0,1487,1,0,1,0,0,0,0,0,0,1,0,122,0,0,0,1,1,6,2,4,1,0,0,0,0,5,0,93,0,259,0,121,0,668,0,2,3,1,0,11,4,4,1,3,1,0,0,24,2,13,4,9,2,0,1,1,0,0,0,0,0,0,0,0,0,0,0,0,1,1,0,0,1,0,0,0,0,0,0,1,0,2,0,0,0,0,0,0,0,0,1,0,0,0,0,0,0,0,0,2,0,0,0,0,0,0,0,13,2,0,0
0,0,0,0,0,0,0,0,0,0,0,1,0,0,0,0,0,5,0,0,0,0,0,2,0,0,0,0,0,0,0,0,0,22,0,0,1,1,0,8,0,760,0,0,0,510,0,46,0,1,1,861,0,0,0,0,0,15,0,3355,0,0,1,0,0,0,0,0,0,0,0,78,0,0,0,8,0,68,0,11,0,0,1,1,0,45,0,367,0,80,0,262,0,166,0,6,0,3,0,19,0,1,0,2,0,1,1,10,2,11,6,9,1,1,0,0,0,0,0,2,0,0,0,0,0,0,0,1,1,40,0,1,0,0,1,2,0,0,0,19,0,4,1,16,2,23,0,1,0,6,0,0,0,1,0,1,0,0,1,0,0,0,0,2,0,0,1,5,0,0
0,0,3,0,2,0,0,0,5,0,1,0,1,0,2,0,142,0,0,0,0,0,4,0,0,0,0,0,0,0,0,0,77,0,0,0,1,0,0,0,507,0,416,0,0,0,0,0,0,0,0,0,0,0,0,0,0,0,32,0,0,0,0,0,0,0,0,0,0,0,0,0,0,0,53,0,557,0,272,0,0,0,0,0,2,0,553,0,14,0,250,0,21,0,0,2,0,0,0,0,0,0,0,0,0,0,2,0,1,0,1,0,0,0,0,0,0,0,0,0,0,0,0,0,16,0,0,0,1,1,0,0,4,0,7,6,1,0,20,0,2,0,7,0,14,0,0,0,0,0,0,0,0,0,1,0,184,0,7,0,4,0,77,1,5,0,4,3,3,1
0,0,1,1,0,1,0,0,0,0,0,0,0,0,0,0,0,603,0,2,0,14,0,49,0,6,0,0,0,2,0,0,0,95,0,0,0,0,0,0,0,770,0,510,0,0,0,1,0,0,0,1,0,0,0,0,0,1,0,69,0,0,0,0,0,0,0,0,0,0,0,1,0,0,0,72,0,599,0,99,0,0,0,0,0,6,0,961,0,16,0,225,0,80,0,0,0,0,0,0,0,0,0,0,0,0,0,0,0,1,0,0,0,0,0,0,0,0,0,0,0,0,0,0,0,9,0,2,0,0,0,1,0,1,0,1,0,0,0,8,0,0,1,1,0,5,0,1,0,0,0,5,0,4,0,1,0,448,0,0,0,0,0,4,0,0,0,0,0,0
3,1,0,0,0,0,0,0,0,0,0,0,14,0,0,0,0,0,0,0,0,0,0,0,0,0,0,0,0,0,0,0,7,3,0,0,0,5,114,38,14,0,14,0,0,0,0,1909,2737,685,4334,1267,1440,287,966,150,175,35,66,31,6,1,29,0,13,0,4,1,36,8,1223,80,0,0,0,0,5,3,2,0,0,0,6,0,31,22,0,0,154,66,0,0,1,9,0,1,0,0,0,0,0,0,0,1,0,0,0,0,0,0,0,1,0,0,5,1,0,0,0,0,0,0,0,0,0,0,1,0,2,0,1,0,0,0,0,0,0,0,0,0,0,0,0,0,0,0,0,0,3,0,0,0,0,0,0,0,0,0,0,0,0,0,0,0,2,0,0,0,0,0
0,3,0,0,0,0,0,0,0,0,0,0,0,1,0,0,0,0,0,0,0,0,0,0,0,0,0,0,0,0,0,0,0,92,0,0,4,0,169,192,93,46,2,46,0,1,1909,0,1090,1333,403,4015,5,737,2,1019,0,583,1,446,0,2,1,0,1,0,0,2,0,47,208,1010,0,1,0,1,0,31,0,2,0,0,0,21,0,330,0,1,0,562,0,0,0,81,0,0,0,0,0,0,0,0,0,6,0,0,0,0,1,2,0,2,0,0,14,19,0,1,0,0,0,0,0,0,0,0,0,0,0,5,0,0,0,0,0,0,0,0,1,4,0,1,1,4,28,5,0,0,0,0,0,0,0,0,0,0,0,0,0,0,0,0,0,0,0,0,0,1,0,0
1,0,0,0,0,0,0,0,0,0,0,0,2,0,0,1,0,0,0,0,0,0,0,0,0,0,0,0,0,0,0,0,0,0,0,0,2,0,104,21,8,0,0,0,0,0,2737,1090,0,2350,74,152,3538,467,346,173,2,24,0,20,5,0,221,2,68,0,2,1,27,26,1532,371,0,0,0,0,1,0,0,0,0,0,0,1,0,3,0,0,3,38,0,0,0,2,0,0,0,0,0,0,0,0,0,1,0,0,0,0,0,0,0,0,0,0,0,0,0,0,0,0,0,0,0,0,0,0,0,0,0,0,1,0,1,0,0,0,0,0,0,0,0,0,0,0,1,0,0,0,0,0,0,0,0,0,0,0,0,0,0,0,0,0,0,0,0,0,0,0,0,0
0,0,0,0,0,0,0,0,0,0,0,0,0,0,0,1,0,0,1,0,0,0,0,0,0,0,0,0,0,0,0,0,0,3,0,0,0,8,21,22,6,0,0,1,0,0,685,1333,2350,0,9,121,1,3371,0,795,0,107,0,25,0,1,0,20,0,4,0,0,0,92,458,1498,2,0,0,0,0,4,0,0,0,0,0,2,0,19,0,0,0,71,0,0,0,10,0,0,0,0,0,0,0,0,0,0,0,0,0,0,0,0,0,0,0,0,3,3,0,0,0,0,0,0,0,0,0,0,0,0,0,0,0,0,0,0,0,0,0,0,0,2,0,0,0,0,3,0,0,0,0,0,0,0,0,0,0,0,0,0,0,0,0,0,0,0,0,0,0,0,0,0
1,0,0,0,0,0,0,0,0,0,0,0,4,0,0,0,0,0,0,0,0,0,0,0,0,0,0,0,0,0,0,0,5,1,0,0,0,1,108,19,774,1,886,1,0,0,4334,403,74,9,0,1025,367,5,1049,5,800,4,2544,25,0,0,2,0,1,0,0,0,17,0,1420,22,0,0,0,0,2,0,1,0,0,0,2,0,7,6,3,0,271,15,0,0,120,0,2134,1,35,1,43,1,297,2,1722,21,6,1,41,4,15,1,1,0,1,15,16,67,6,8,2,3,0,0,0,0,0,0,0,0,0,0,0,0,0,0,0,0,0,0,0,0,0,0,0,0,4,0,0,0,0,0,0,0,0,0,0,0,0,0,0,0,0,0,0,0,0,0,4,1,2,0
0,0,0,0,0,0,0,0,0,0,0,0,0,0,0,0,0,0,0,0,0,0,0,0,0,0,0,0,0,0,0,0,0,41,0,0,0,0,1,32,16,290,0,861,0,1,1267,4015,152,121,1025,0,0,35,0,319,0,668,0,1372,0,0,0,0,0,0,0,1,0,3,1,472,0,0,0,0,0,33,0,2,0,0,0,4,0,186,0,2,0,492,0,0,0,138,0,5,0,2,0,31,0,8,1,90,0,0,0,6,0,11,2,2,6,165,39,77,1,0,0,0,0,0,0,0,0,0,0,4,0,9,0,0,0,0,0,2,0,0,2,19,0,4,2,6,12,15,0,1,0,0,0,0,0,0,0,0,0,0,0,0,0,0,0,1,1,1,1,2,31,0
5,0,0,0,0,0,0,0,0,0,0,0,3,0,0,0,0,0,0,0,0,0,0,0,0,0,0,0,0,0,0,0,4,0,0,0,18,1,61,10,0,0,0,0,0,0,1440,5,3538,1,367,0,0,0,3796,0,60,0,24,0,14,0,470,0,257,0,3,0,78,0,867,12,0,0,1,0,7,0,2,0,0,0,5,0,8,0,0,0,32,1,0,0,0,0,0,0,0,0,0,0,0,0,0,0,0,0,0,0,0,0,0,0,0,0,0,0,0,0,0,0,0,0,0,0,0,0,3,0,0,0,1,0,0,0,1,0,0,0,0,0,0,0,0,0,1,0,0,0,1,0,0,0,0,0,0,0,0,0,0,0,0,0,0,0,0,0,1,0,0,0
0,4,0,0,0,1,0,0,0,0,0,0,0,1,0,1,0,0,0,0,0,0,0,0,0,0,0,0,0,0,0,0,0,3,0,0,1,0,0,1,1,0,0,0,0,0,287,737,467,3371,5,35,0,0,0,2212,0,89,0,10,0,16,0,557,0,12,0,4,0,520,40,735,0,1,0,0,0,0,0,1,0,0,0,2,0,6,0,1,0,90,0,0,0,9,0,0,0,0,0,0,0,0,0,0,0,0,0,0,0,0,0,0,0,0,0,0,0,0,0,0,0,0,0,0,0,0,0,0,0,0,0,0,0,0,0,0,0,0,0,0,0,0,0,0,0,0,0,0,0,0,0,0,0,0,0,0,0,0,0,0,0,0,0,0,0,0,0,0,0,0
5,0,0,0,0,0,1,0,0,0,0,0,17,0,1,0,0,0,0,0,0,0,0,0,0,0,0,0,0,0,0,0,12,0,0,0,16,0,9,2,11,0,12,0,0,0,966,2,346,0,1049,0,3796,0,0,0,2676,0,768,0,16,0,434,0,789,0,9,0,2676,0,118,1,1,0,1,0,14,0,9,0,0,0,14,0,49,0,0,0,3588,0,0,0,39,0,0,0,0,0,0,1,0,0,0,0,0,0,0,0,0,0,0,0,0,0,0,0,0,0,0,0,0,0,0,0,0,0,1,0,2,0,0,0,0,0,0,0,0,0,0,0,0,0,0,0,0,0,0,0,1,0,0,0,0,0,0,0,0,0,0,0,0,0,0,0,0,0,1,0,0,0
0,7,0,1,0,0,0,0,0,0,0,0,0,1,0,1,0,0,0,0,0,0,0,0,0,0,0,0,0,0,0,0,0,2,0,0,0,2,0,1,0,1,0,0,0,0,150,1019,173,795,5,319,0,2212,0,0,0,1153,0,165,0,27,0,18,0,5,0,9,0,1374,23,294,0,0,0,0,0,0,0,0,0,0,0,0,0,67,0,0,0,2260,0,0,0,124,0,0,0,0,0,0,0,0,0,0,0,0,0,0,0,0,0,0,0,0,0,2,0,0,0,0,0,0,0,0,0,0,0,0,0,0,0,0,0,0,0,0,0,0,0,0,0,0,0,0,0,1,0,0,0,0,0,0,0,0,0,0,0,0,0,0,0,0,0,0,0,0,0,0,0,0
0,0,0,0,0,0,0,0,0,0,0,0,2,0,0,0,0,0,0,0,0,0,0,0,0,0,0,0,0,0,0,0,3,0,0,0,0,0,0,0,16,0,26,0,0,0,175,0,2,0,800,0,60,0,2676,0,0,0,1043,0,0,0,0,0,1,0,2,0,7,0,13,0,0,0,0,0,0,0,1,0,0,0,0,0,4,0,0,0,218,0,0,0,162,0,53,0,0,0,0,0,0,0,1,0,0,0,0,0,0,0,0,0,0,0,0,0,0,0,0,0,0,0,0,0,0,0,0,0,0,0,0,0,0,0,0,0,0,0,0,0,0,0,0,0,0,0,0,0,0,0,0,0,0,0,0,0,0,0,0,0,0,0,0,0,0,0,0,0,0,0
0,0,0,0,0,0,0,0,0,0,0,0,0,0,0,0,0,0,0,0,0,0,0,0,0,0,0,0,0,0,0,0,0,10,0,0,0,0,0,1,1,19,0,15,0,1,35,583,24,107,4,668,0,89,0,1153,0,0,0,1171,0,0,0,0,0,0,0,0,0,2,2,18,0,0,0,0,0,15,0,0,0,0,0,1,0,69,0,5,0,385,0,0,0,1453,0,0,0,0,0,0,0,0,0,0,0,0,0,0,0,0,0,1,0,0,0,0,0,0,0,0,0,0,0,0,0,0,0,0,0,0,0,0,0,0,0,0,0,0,0,0,0,0,0,0,0,0,0,0,0,0,0,0,0,0,0,1,0,0,0,0,0,0,0,0,0,0,0,0,0,0
0,0,0,0,0,0,0,0,0,0,0,0,0,0,0,0,0,0,0,0,0,0,0,0,0,0,0,0,1,0,0,0,26,0,0,0,0,0,6,2,562,0,1487,0,32,0,66,1,0,0,2544,0,24,0,768,0,1043,0,0,0,0,0,0,0,0,0,0,0,4,0,120,0,0,0,1,0,30,0,4,0,0,0,1,0,11,0,34,0,291,0,960,0,2561,0,1164,0,9,0,3,0,16,0,965,2,4,0,12,0,4,1,0,0,0,0,0,1,1,1,0,0,0,0,0,0,0,0,0,0,0,0,0,0,0,0,1,0,0,0,5,0,1,0,0,0,1,0,0,0,0,0,0,0,0,0,0,0,0,0,0,0,0,0,1,0,0,0,0,0,0,0
0,0,0,1,0,2,0,0,0,0,0,0,0,0,0,0,0,9,0,1,0,2,0,2,0,3,0,0,0,0,0,0,0,63,0,0,0,0,0,6,2,416,1,3355,0,69,31,446,20,25,25,1372,0,10,0,165,0,1171,0,0,0,0,0,0,0,0,0,1,0,2,0,37,0,0,0,18,0,172,0,2,0,0,0,0,0,250,0,466,0,876,0,1067,0,5815,0,649,0,21,0,11,1,54,0,1784,0,6,0,29,0,8,0,4,0,2,6,8,0,2,0,0,0,0,0,0,0,0,0,0,0,0,0,0,0,0,0,1,0,0,2,5,0,0,0,2,1,5,0,0,0,0,0,0,0,0,0,0,0,2,0,0,0,0,0,0,0,0,0,3,0,0
5455,0,51,0,66,0,317,0,62,0,0,0,1180,0,28,2,0,0,0,0,0,0,0,0,0,0,0,0,0,0,0,0,152,0,0,0,159,7,2,0,13,0,0,0,0,0,6,0,5,0,0,0,14,0,16,0,0,0,0,0,0,0,1334,0,1879,0,1647,0,56,0,459,1,654,0,178,2,312,0,136,2,0,0,141,0,416,0,2,0,11,0,0,0,0,0,0,2,0,2,5,1,1,0,0,0,0,0,1,7,1,0,1,0,2,0,0,0,0,0,0,0,2,0,1,0,13,0,224,1,45,2,65,1,2,0,60,8,7,0,0,0,0,0,0,0,9,1,2,0,1,0,0,0,0,0,0,0,0,0,5,1,0,2,8,0,20,1,19,17,3,2
1,3612,0,15,0,35,1,179,0,6,0,0,0,1080,0,176,0,0,0,1,0,0,0,0,0,0,0,0,0,0,0,0,0,301,0,0,0,63,0,1,0,5,1,0,0,0,1,2,0,1,0,0,0,16,0,27,0,0,0,0,0,0,0,1614,0,1057,0,1588,0,338,3,526,0,1411,1,7,1,294,0,65,0,0,0,39,0,378,0,4,0,54,0,0,0,0,0,0,0,0,0,0,0,0,0,1,0,0,0,0,0,0,0,0,0,0,0,0,0,0,0,0,0,0,0,0,0,1,0,16,0,5,0,3,0,0,0,1,0,0,0,0,0,1,0,0,0,2,0,0,1,1,0,0,0,0,0,1,0,0,0,0,0,0,0,1,0,0,0,0,0,0
294,1,96,0,29,0,8,0,6,0,0,0,6,0,89,0,0,0,0,0,0,0,0,0,0,0,0,0,0,0,0,0,10,0,0,0,692,16,42,4,1,0,0,1,0,0,29,1,221,0,2,0,470,0,434,0,0,0,0,0,1334,0,0,0,1622,0,44,0,422,0,2419,4,107,0,47,1,40,0,25,0,0,0,0,1,18,0,0,0,16,0,0,0,0,0,0,0,0,0,0,0,0,0,0,1,0,0,2,0,1,1,0,0,1,1,0,0,0,0,0,0,0,0,0,0,6,0,45,0,20,0,17,0,0,0,14,2,3,0,0,0,0,0,0,0,4,0,1,0,5,0,0,0,0,0,2,2,0,0,2,1,0,0,0,0,1,0,5,3,2,0
0,122,0,2,0,8,0,8,0,1,0,0,0,2,0,28,0,0,0,0,0,0,0,0,0,0,0,0,0,0,0,0,0,27,0,0,2,9,0,0,0,1,0,0,0,0,0,0,2,20,0,0,0,557,0,18,0,0,0,0,0,1614,0,0,0,1002,0,140,0,811,10,1508,0,135,0,0,0,23,0,4,0,0,0,0,0,0,0,0,0,6,0,0,0,0,0,0,0,0,0,0,0,0,0,0,0,0,0,0,0,0,0,0,0,0,0,0,0,0,0,0,0,0,0,0,0,0,0,0,0,0,0,0,0,0,0,0,0,0,0,0,0,0,0,0,0,0,0,0,0,0,0,0,0,0,0,0,0,0,0,0,0,0,0,0,0,0,0,0,0,0
260,0,38,0,24,0,11,0,7,0,0,0,4,0,18,1,0,0,1,0,0,0,0,0,0,0,0,0,0,0,0,0,5,0,0,0,156,5,9,1,2,0,0,0,0,0,13,1,68,0,1,0,257,0,789,0,1,0,0,0,1879,0,1622,0,0,0,1292,1,2661,0,103,0,13,0,28,0,38,2,23,2,0,0,4,0,65,1,0,0,28,0,0,0,0,0,0,0,0,0,1,0,0,0,0,0,0,0,0,2,0,0,0,1,3,0,0,0,0,0,0,0,0,0,0,0,4,0,49,0,18,0,16,0,0,0,15,3,0,0,0,0,0,0,0,0,3,0,1,0,0,0,0,0,0,0,0,0,0,0,2,0,0,0,1,0,3,0,2,5,0,0
0,204,0,4,0,7,0,3,0,0,0,0,0,2,0,10,0,0,0,0,0,0,0,0,0,0,0,0,0,0,0,0,0,17,0,0,0,11,0,0,0,1,0,0,0,0,0,0,0,4,0,0,0,12,0,5,0,0,0,0,0,1057,0,1002,0,0,0,2223,0,794,0,64,0,9,0,0,0,6,0,0,0,0,0,3,0,71,0,0,0,12,0,0,0,0,0,0,0,0,0,0,0,0,0,0,0,0,0,0,0,0,0,0,0,0,0,0,0,0,0,0,0,0,0,0,0,0,0,0,0,2,0,0,0,0,0,0,0,0,0,0,0,0,0,0,0,0,0,0,0,0,0,0,0,0,0,0,0,0,0,0,0,0,0,0,0,0,0,0,0,0
284,0,21,0,25,0,48,0,6,0,0,0,237,0,1,0,0,0,0,0,0,0,0,0,0,0,0,0,0,0,0,0,55,0,0,0,10,3,2,0,5,0,0,0,0,0,4,0,2,0,0,0,3,0,9,0,2,0,0,0,1647,0,44,0,1292,0,0,0,1201,1,5,0,1,0,12,0,45,0,17,0,0,0,20,0,1728,0,0,0,330,0,0,0,2,0,0,0,0,0,0,0,0,0,0,0,0,0,0,1,0,0,0,0,0,0,0,0,0,0,0,0,0,0,0,0,1,0,16,0,34,0,5,0,2,0,7,1,2,0,0,0,0,0,0,0,2,0,0,0,5,0,0,0,0,0,0,0,0,0,1,0,0,0,0,0,1,0,3,0,0,0
0,223,0,6,0,23,0,75,0,1,0,0,0,782,0,16,0,0,0,0,0,0,0,0,0,0,0,0,0,0,0,0,0,249,0,0,0,37,1,1,0,3,0,0,0,0,1,2,1,0,0,1,0,4,0,9,0,0,0,1,0,1588,0,140,1,2223,0,0,0,288,3,76,0,12,0,0,1,81,0,19,0,0,1,55,0,1186,0,0,0,51,0,0,0,0,0,0,0,0,0,0,0,0,0,0,0,0,0,0,0,0,0,0,0,0,0,0,0,0,0,0,0,0,0,0,0,0,0,1,1,1,0,0,0,0,0,0,0,0,0,0,0,1,0,0,1,0,0,0,1,0,0,0,0,0,0,0,0,0,0,0,0,0,0,0,0,0,0,0,0,0
14,0,0,0,2,0,1,0,1,0,0,0,33,0,0,0,0,0,0,0,0,0,0,0,0,0,0,0,0,0,0,0,7,0,0,0,5,0,5,0,2,0,1,0,0,0,36,0,27,0,17,0,78,0,2676,0,7,0,4,0,56,0,422,0,2661,0,1201,0,0,0,15,1,0,1,1,0,8,0,2,0,0,0,6,0,307,0,0,0,2090,0,0,0,5,0,0,0,0,0,0,0,0,0,0,0,0,0,0,0,0,0,1,1,0,0,0,0,0,0,0,0,0,0,0,0,0,0,2,0,4,0,3,0,0,0,0,0,0,0,0,0,0,0,0,0,2,0,0,0,0,0,0,0,0,0,0,0,0,0,0,0,0,0,0,0,0,0,1,0,0,0
0,132,0,4,0,5,0,4,0,0,0,0,0,3,0,5,0,0,0,0,0,0,0,0,0,0,0,0,0,0,0,0,0,12,0,0,0,7,3,5,1,2,0,0,0,0,8,47,26,92,0,3,0,520,0,1374,0,2,0,2,0,338,0,811,0,794,1,288,0,0,12,376,0,7,0,0,1,6,0,0,0,0,0,3,0,335,0,0,0,779,0,0,0,2,0,0,0,0,0,0,0,0,0,0,0,0,0,0,0,0,0,0,0,0,0,0,0,0,0,0,0,0,0,0,0,0,0,0,0,0,0,0,0,0,0,0,0,0,0,0,0,0,0,0,1,0,0,0,0,0,0,0,0,0,0,0,0,0,0,0,0,0,0,0,0,0,0,0,0,0
160,4,48,2,9,1,3,0,5,0,0,0,3,1,73,11,0,0,0,0,0,0,0,0,0,0,0,0,0,0,0,0,1,4,0,0,2185,117,1830,225,345,2,122,0,0,0,1223,208,1532,458,1420,1,867,40,118,23,13,2,120,0,459,3,2419,10,103,0,5,3,15,12,0,1923,778,3,33,0,19,2,4,2,0,0,1,1,2,4,0,0,8,3,0,0,1,0,0,0,0,0,0,0,0,0,0,0,0,0,0,0,0,0,1,0,1,0,0,0,0,0,0,0,0,0,0,0,2,0,9,0,8,0,4,0,0,0,7,0,0,0,0,0,0,0,0,0,21,0,1,0,2,0,0,0,0,0,0,1,0,0,0,0,0,0,1,0,1,1,0,2,0,0
1,266,1,51,0,10,1,23,0,5,0,0,0,13,0,226,0,0,1,0,0,0,0,0,0,0,0,0,0,0,0,0,1,170,0,0,20,1421,102,893,60,130,0,78,0,1,80,1010,371,1498,22,472,12,735,1,294,0,18,0,37,1,526,4,1508,0,64,0,76,1,376,1923,0,0,540,1,1,2,150,0,27,0,0,0,13,2,137,0,0,0,141,0,0,0,13,0,0,0,0,0,0,0,0,0,0,0,0,0,0,0,0,0,2,0,1,1,0,0,0,0,0,0,0,0,0,0,0,1,1,0,3,3,0,0,0,0,0,0,0,4,0,0,2,6,2,32,14,0,0,1,0,0,0,0,0,1,0,0,0,1,0,0,0,0,0,0,0,0,0,0,0
922,1,329,0,37,0,22,0,13,0,0,0,10,0,1567,7,0,0,0,0,0,0,0,0,0,0,0,0,0,0,0,0,11,0,0,0,744,19,1,1,1,0,0,0,0,0,0,0,0,2,0,0,0,0,1,0,0,0,0,0,654,0,107,0,13,0,1,0,0,0,778,0,0,0,59,0,46,0,10,0,0,0,0,0,1,0,1,0,1,0,0,0,0,0,0,0,0,0,0,0,0,0,0,0,0,0,1,0,0,1,0,0,0,1,0,0,0,0,0,0,1,0,0,0,9,0,43,0,9,0,7,0,0,0,21,1,3,0,0,0,0,0,0,0,3,0,1,0,1,0,0,0,0,0,8,0,0,0,0,0,0,0,1,0,2,0,2,1,0,0
0,768,1,56,0,16,0,27,0,2,0,0,0,14,0,1207,0,0,0,2,0,0,0,0,0,0,0,0,0,0,0,0,0,145,0,0,8,176,0,0,0,8,0,0,0,0,0,1,0,0,0,0,0,1,0,0,0,0,0,0,0,1411,0,135,0,9,0,12,1,7,3,540,0,0,0,3,1,216,1,38,0,0,0,1,0,2,0,0,0,1,0,0,0,0,0,0,0,0,0,0,0,0,0,0,0,0,0,0,0,1,2,0,0,0,0,0,0,0,0,0,0,0,0,0,0,0,0,3,0,3,0,1,0,0,0,0,0,0,0,0,0,0,0,0,0,1,0,0,0,0,0,0,0,0,0,0,0,0,0,2,0,0,0,0,0,0,0,0,0,0
214,0,93,7,78,3,81,3,114,0,29,0,13,0,38,13,111,0,14,2,45,0,26,0,16,0,2,0,21,0,1,0,316,1,0,0,55,27,2,0,48,0,1,0,53,0,0,0,0,0,0,0,1,0,1,0,0,0,1,0,178,1,47,0,28,0,12,0,1,0,33,1,59,0,0,2,1218,1,459,1,0,0,9,0,9,0,10,0,2,0,5,0,7,0,0,0,0,1,4,4,0,0,0,0,0,0,3,5,0,3,5,1,3,1,0,0,0,0,0,2,21,0,8,0,253,1,420,1,244,1,127,0,54,0,320,39,41,0,2,0,0,0,0,0,56,0,4,0,34,0,22,2,13,0,13,8,150,0,10,3,6,1,51,1,42,4,15,19,10,0
1,2,0,1,0,5,0,73,0,12,0,6,0,8,0,6,4,155,0,4,0,30,0,88,0,40,0,1,0,12,0,0,0,160,0,0,0,2,0,0,11,153,1,8,0,72,0,1,0,0,0,0,0,0,0,0,0,0,0,18,2,7,1,0,0,0,0,0,0,0,0,1,0,3,2,0,3,2261,4,991,0,0,1,0,1,0,0,60,1,8,0,3,0,10,0,0,0,2,0,2,0,0,2,0,1,0,1,4,4,2,9,2,0,2,0,0,0,0,0,1,0,1,0,0,0,311,1,714,0,522,0,135,0,17,0,132,0,32,1,4,0,3,0,45,0,134,0,44,0,117,0,25,1,3,1,3,0,187,0,2,0,15,0,130,1,14,8,11,5,1
335,0,203,8,232,6,249,5,252,4,66,0,199,0,78,23,496,0,23,1,1,0,5,0,6,0,0,0,6,0,5,0,2349,2,0,0,69,35,31,2,459,0,6,0,557,0,5,0,1,0,2,0,7,0,14,0,0,0,30,0,312,1,40,0,38,0,45,1,8,1,19,2,46,1,1218,3,0,2,1793,4,0,0,49,1,374,7,297,0,314,0,151,0,109,0,0,5,1,2,11,9,2,0,1,1,0,2,8,19,6,13,0,4,3,2,0,0,0,0,0,4,4,0,1,0,158,5,115,2,94,2,41,1,49,0,146,31,18,0,38,0,14,0,35,1,159,0,4,0,40,0,2,0,1,0,29,16,356,0,28,6,7,2,115,3,53,2,38,25,8,0
1,140,12,87,9,130,1,268,0,210,0,60,0,121,1,258,1,394,2,143,0,54,0,124,0,47,0,66,0,19,0,2,3,1895,0,0,7,197,2,7,5,896,2,68,0,599,3,31,0,4,0,33,0,0,0,0,0,15,0,172,0,294,0,23,2,6,0,81,0,6,2,150,0,216,1,2261,2,0,3,1647,0,0,0,2,1,198,0,290,0,154,0,17,0,157,1,1,0,1,1,2,0,0,0,0,0,0,2,2,1,6,3,8,1,1,0,0,0,0,0,0,0,0,0,0,0,87,0,116,2,32,0,23,0,10,1,38,0,9,0,41,0,3,0,21,1,68,0,8,1,24,3,10,4,18,28,78,0,691,1,1,0,9,0,109,0,12,2,7,5,0
102,1,39,0,49,0,46,0,37,0,1,0,26,0,17,8,41,0,1,0,0,0,1,0,0,0,0,0,0,0,0,0,123,0,0,0,15,8,5,0,561,1,4,0,272,0,2,0,0,0,1,0,2,0,9,0,1,0,4,0,136,0,25,0,23,0,17,0,2,0,4,0,10,1,459,4,1793,3,0,5,0,0,1,0,27,0,11,0,26,0,10,0,3,0,1,9,0,7,8,8,2,3,0,3,0,3,7,29,11,9,7,6,5,3,1,0,0,0,0,3,1,0,0,0,37,0,33,1,19,2,11,1,7,0,34,9,0,0,7,1,1,0,2,1,16,1,0,0,2,6,0,0,0,0,2,1,77,0,35,0,9,2,155,7,31,6,33,22,9,4
1,37,0,13,0,11,0,28,1,8,0,0,1,12,2,66,0,14,0,6,0,0,0,0,0,0,0,0,0,0,0,0,2,88,0,0,1,50,1,2,10,597,1,11,0,99,0,2,0,0,0,2,0,1,0,0,0,0,0,2,2,65,0,4,2,0,0,19,0,0,2,27,0,38,1,991,4,1647,5,0,0,0,0,1,0,10,0,3,0,3,0,0,0,1,0,1,0,1,1,3,2,0,0,0,0,1,4,2,5,3,15,2,0,3,0,0,0,0,0,0,0,1,0,0,1,93,2,41,0,44,2,13,0,12,0,33,0,11,0,7,0,3,0,3,2,27,0,2,2,20,0,0,0,0,5,7,0,187,0,1,0,22,2,252,0,17,8,12,7,1
0,0,0,0,0,0,0,0,0,0,0,0,0,0,0,0,0,0,0,0,0,0,0,0,0,0,0,0,0,0,0,0,0,0,0,0,0,0,0,0,0,0,0,0,0,0,0,0,0,0,0,0,0,0,0,0,0,0,0,0,0,0,0,0,0,0,0,0,0,0,0,0,0,0,0,0,0,0,0,0,0,0,0,0,0,0,0,0,0,0,0,0,0,0,0,0,0,0,0,0,0,0,0,0,0,0,0,0,0,0,0,0,0,0,0,0,0,0,0,0,0,0,0,0,0,0,0,0,0,0,0,0,0,0,0,0,0,0,0,0,0,0,0,0,0,0,0,0,0,0,0,0,0,0,0,0,0,0,0,0,0,0,0,0,0,0,0,0,0,0
0,0,0,0,0,0,0,0,0,0,0,0,0,0,0,0,0,0,0,0,0,0,0,0,0,0,0,0,0,0,0,0,0,0,0,0,0,0,0,0,0,0,0,0,0,0,0,0,0,0,0,0,0,0,0,0,0,0,0,0,0,0,0,0,0,0,0,0,0,0,0,0,0,0,0,0,0,0,0,0,0,0,0,0,0,0,0,0,0,0,0,0,0,0,0,0,0,0,0,0,0,0,0,0,0,0,0,0,0,0,0,0,0,0,0,0,0,0,0,0,0,0,0,0,0,0,0,0,0,0,0,0,0,0,0,0,0,0,0,0,0,0,0,0,0,0,0,0,0,0,0,0,0,0,0,0,0,0,0,0,0,0,0,0,0,0,0,0,0,0
6,0,1,0,2,0,23,0,0,0,0,0,302,0,0,0,0,0,0,0,0,0,0,0,0,0,0,0,0,0,0,0,68,0,0,0,5,6,9,1,6,0,0,1,0,0,6,0,0,0,2,0,5,0,14,0,0,0,1,0,141,0,0,0,4,0,20,1,6,0,1,0,0,0,9,1,49,0,1,0,0,0,0,0,575,2,1,0,84,0,0,0,4,0,0,0,0,0,0,0,0,0,0,0,0,0,0,0,0,0,0,0,0,0,0,0,0,0,0,0,0,0,0,0,0,0,0,0,7,0,2,0,0,0,0,0,0,0,1,0,0,0,0,0,8,0,1,0,1,0,0,0,0,0,0,0,0,0,1,0,0,0,0,0,0,0,1,1,0,1
0,8,0,2,0,1,0,26,0,2,0,0,0,489,0,1,0,0,0,0,0,0,0,0,0,0,0,0,0,0,0,0,0,66,0,0,0,12,1,9,0,6,0,1,0,0,0,21,1,2,0,4,0,2,0,0,0,1,0,0,0,39,1,0,0,3,0,55,0,3,1,13,0,1,0,0,1,2,0,1,0,0,0,0,0,489,0,7,1,5,0,0,0,0,0,0,0,0,0,0,0,0,0,0,0,0,0,0,0,0,0,0,0,2,0,0,0,0,0,0,0,0,0,0,0,0,0,0,0,1,0,0,0,0,0,0,0,0,0,0,0,0,0,2,2,1,1,0,1,0,0,0,0,0,0,0,0,0,0,0,0,0,0,0,0,1,0,0,0,0
85,0,9,0,10,0,98,0,4,0,0,0,828,0,0,0,0,0,1,0,0,0,0,0,0,0,0,0,0,0,0,0,413,2,0,0,8,5,6,1,206,0,5,0,2,0,31,0,0,0,7,0,8,0,49,0,4,0,11,0,416,0,18,0,65,0,1728,0,307,0,2,2,1,0,9,1,374,1,27,0,0,0,575,0,0,1,872,0,6850,0,33,0,106,0,0,0,0,0,2,1,0,0,0,0,0,0,2,1,1,1,1,1,2,1,0,0,0,0,0,1,0,0,2,0,1,0,7,0,37,0,5,0,0,0,5,0,0,0,7,0,7,0,11,0,57,0,0,0,11,0,0,0,0,0,0,0,0,0,0,0,0,0,6,0,3,0,6,3,1,1
0,202,0,13,0,30,0,32,0,3,0,0,0,1433,0,12,0,3,0,1,0,0,0,0,0,0,0,0,0,0,0,0,0,439,0,0,1,41,8,30,1,277,0,45,0,6,22,330,3,19,6,186,0,6,0,67,0,69,0,250,0,378,0,0,1,71,0,1186,0,335,4,137,0,2,0,0,7,198,0,10,0,0,2,489,1,0,0,663,0,6120,0,62,0,156,0,0,0,0,0,1,0,0,0,1,0,0,1,0,0,0,0,3,0,0,0,0,0,0,0,1,0,0,0,0,0,0,0,0,1,4,0,1,0,0,0,0,0,0,0,11,0,0,0,8,4,10,0,2,1,0,0,0,0,0,1,1,0,1,0,1,0,0,1,1,0,0,0,2,0,0
2,0,18,0,13,1,325,0,97,0,5,0,485,0,5,2,7,0,5,0,0,0,1,0,5,0,0,0,18,0,0,0,815,0,0,0,1,0,1,0,267,0,93,0,553,0,0,0,0,0,3,0,0,0,0,0,0,0,34,0,2,0,0,0,0,0,0,0,0,0,0,0,1,0,10,0,297,0,11,0,0,0,1,0,872,0,0,0,1102,0,1286,0,209,0,0,0,0,0,0,1,0,0,0,0,0,0,0,0,1,0,0,0,1,0,0,0,0,0,0,0,0,0,0,0,0,0,0,0,1,0,1,0,0,0,0,1,0,0,6,0,1,0,4,0,5,0,0,0,0,0,0,0,0,0,4,0,3,0,0,0,0,0,4,0,0,0,0,0,0,0
0,4,0,12,0,5,0,31,0,11,0,13,0,337,0,0,0,93,1,14,0,23,0,11,0,10,0,8,0,7,0,0,0,333,0,0,0,0,0,0,0,551,0,367,0,961,0,1,0,0,0,2,0,1,0,0,0,5,0,466,0,4,0,0,0,0,0,0,0,0,0,0,0,0,0,60,0,290,0,3,0,0,0,7,0,663,0,0,0,814,0,3048,0,718,0,0,0,0,0,1,0,0,0,0,0,0,0,0,0,0,0,0,0,0,0,0,0,0,0,0,0,0,0,0,0,0,0,0,0,0,0,0,0,0,0,0,0,0,0,2,0,0,0,0,0,0,0,0,0,0,1,1,3,1,0,3,0,7,0,0,0,0,0,0,0,0,0,0,0,0
5,0,1,0,5,0,1,0,6,0,1,0,66,0,1,0,0,0,0,0,0,0,0,0,0,0,0,0,0,0,0,0,252,0,0,0,2,0,7,0,514,0,259,0,14,0,154,0,3,0,271,0,32,0,3588,0,218,0,291,0,11,0,16,0,28,0,330,0,2090,0,8,0,1,0,2,1,314,0,26,0,0,0,84,1,6850,0,1102,0,0,0,490,0,5846,0,0,0,0,0,2,0,0,0,0,0,0,1,0,1,1,1,0,1,0,2,0,0,0,0,0,0,0,0,0,0,0,0,1,0,16,0,5,0,1,0,3,0,0,0,23,0,1,0,10,0,50,1,0,0,5,0,0,0,0,0,1,0,0,0,0,0,0,0,1,0,0,0,3,2,2,0
0,39,1,4,0,1,0,0,0,0,0,3,0,0,0,5,0,6,0,0,0,0,0,1,0,0,0,0,0,1,0,0,0,78,0,0,0,2,4,6,0,284,0,80,0,16,66,562,38,71,15,492,1,90,0,2260,0,385,0,876,0,54,0,6,0,12,0,51,0,779,3,141,0,1,0,8,0,154,0,3,0,0,0,5,0,6120,0,814,0,0,0,1016,0,5354,0,0,0,0,0,0,0,0,0,3,0,0,0,0,0,0,0,0,0,0,0,1,0,0,0,0,0,0,0,0,0,0,0,0,0,0,0,0,0,0,0,0,0,0,0,10,0,0,2,2,0,2,0,0,1,0,0,0,0,0,0,1,0,0,0,0,0,0,0,1,0,0,0,0,0,0
0,0,10,0,6,0,1,0,13,0,4,0,0,0,2,0,0,0,1,0,1,0,1,0,0,0,0,0,0,0,0,0,132,0,0,0,0,1,0,0,383,0,121,0,250,0,0,0,0,0,0,0,0,0,0,0,0,0,960,0,0,0,0,0,0,0,0,0,0,0,0,0,0,0,5,0,151,0,10,0,0,0,0,0,33,0,1286,0,490,0,0,0,2861,0,0,0,0,0,0,0,0,0,0,0,0,0,0,0,1,0,0,0,0,0,0,0,0,0,0,0,0,0,0,0,1,0,0,0,0,0,0,0,0,0,2,0,0,0,10,0,0,0,3,0,3,0,0,0,0,0,0,0,0,0,0,1,0,0,0,0,0,0,4,0,0,0,0,0,0,0
0,0,0,0,0,0,0,0,0,2,0,2,0,0,0,0,0,7,0,0,0,3,0,0,0,0,0,1,0,0,0,0,0,5,0,0,0,0,0,0,0,155,0,262,0,225,0,0,0,0,0,0,0,0,0,0,0,0,0,1067,0,0,0,0,0,0,0,0,0,0,0,0,0,0,0,3,0,17,0,0,0,0,0,0,0,62,0,3048,0,1016,0,0,0,2208,0,0,0,0,0,0,0,0,0,0,0,0,0,0,0,0,0,0,0,0,0,0,0,0,0,0,0,0,0,0,0,0,0,0,0,0,0,0,0,0,0,0,0,0,0,0,0,0,0,0,0,0,0,0,0,0,0,0,0,0,0,0,0,1,0,0,0,0,0,0,0,0,0,0,0,0
0,0,3,0,2,0,0,0,9,0,0,0,1,0,0,1,0,0,0,0,0,0,0,0,0,0,0,0,0,0,0,0,92,0,0,0,0,0,0,0,746,0,668,0,21,0,1,0,0,0,120,0,0,0,39,0,162,0,2561,0,0,0,0,0,0,0,2,0,5,0,1,0,0,0,7,0,109,0,3,0,0,0,4,0,106,0,209,0,5846,0,2861,0,0,0,3,0,0,0,0,0,0,0,0,0,0,0,0,1,0,0,0,0,0,1,0,0,0,0,0,0,0,0,0,0,0,0,1,0,0,1,0,0,0,0,0,0,0,0,9,0,0,0,3,0,6,0,1,0,0,0,0,0,0,0,0,0,0,0,0,0,0,0,3,0,0,0,1,0,0,0
0,0,0,1,0,0,0,0,0,2,0,2,0,0,0,0,0,17,1,4,0,6,0,6,0,3,0,1,0,0,0,0,0,46,0,0,0,0,0,0,0,300,0,166,0,80,9,81,2,10,0,138,0,9,0,124,0,1453,0,5815,0,0,0,0,0,0,0,0,0,2,0,13,0,0,0,10,0,157,0,1,0,0,0,0,0,156,0,718,0,5354,0,2208,0,0,0,526,0,32,0,8,0,11,0,116,0,10,0,23,0,2,1,2,0,1,2,0,0,0,0,0,0,0,0,0,0,0,0,0,0,0,0,0,0,0,0,0,0,0,0,0,0,0,0,1,0,2,0,0,0,0,0,0,1,4,0,0,0,2,0,0,0,1,0,0,0,0,0,1,1,0
0,0,0,0,0,0,0,1,0,0,0,0,0,0,0,0,0,0,0,0,0,0,0,0,0,0,0,0,0,0,0,0,0,0,0,0,0,0,0,0,0,0,2,0,0,0,0,0,0,0,2134,0,0,0,0,0,53,0,1164,0,0,0,0,0,0,0,0,0,0,0,0,0,0,0,0,0,0,1,1,0,0,0,0,0,0,0,0,0,0,0,0,0,3,0,0,5,3396,28,61,1,366,6,4947,22,354,3,379,22,98,4,16,1,0,3,27,25,97,82,5,3,0,0,0,0,0,0,0,0,0,0,0,0,0,0,0,0,0,0,0,0,0,0,0,0,0,0,0,0,0,0,0,0,0,0,0,0,0,0,2,1,0,0,0,0,1,0,11,7,0,0
1,0,0,0,0,0,0,0,0,0,0,0,0,0,0,0,0,0,0,0,0,0,0,0,0,0,0,0,0,0,0,0,1,0,0,0,0,0,0,1,4,0,3,6,2,0,1,0,0,0,1,5,0,0,0,0,0,0,0,649,2,0,0,0,0,0,0,0,0,0,0,0,0,0,0,0,5,1,9,1,0,0,0,0,0,0,0,0,0,0,0,0,0,526,5,0,41,3746,9,255,37,321,27,6055,4,463,34,1054,13,110,17,29,5,60,107,97,109,52,22,1,0,0,1,0,0,0,2,2,1,3,1,0,0,0,1,0,0,0,1,1,0,0,0,2,1,0,0,0,1,0,0,0,0,0,0,0,0,0,0,5,0,0,2,0,0,3,8,33,1,0
0,0,0,0,0,0,1,0,0,0,0,0,0,0,0,0,0,0,0,0,0,0,0,0,0,0,0,0,0,0,0,0,0,0,0,0,0,0,0,0,1,0,1,0,0,0,0,0,0,0,35,0,0,0,0,0,0,0,9,0,0,0,0,0,0,0,0,0,0,0,0,0,0,0,0,0,1,0,0,0,0,0,0,0,0,0,0,0,0,0,0,0,0,0,3396,41,0,282,44,4,230,14,941,106,297,72,379,37,92,4,16,3,0,5,28,44,164,173,10,1,0,0,0,0,0,0,0,1,2,1,0,0,0,0,0,0,0,0,0,0,0,0,0,0,1,0,0,0,0,0,0,0,0,0,0,0,0,0,1,2,0,0,1,0,0,0,14,4,0,1
1,0,0,0,0,0,0,0,0,0,0,0,1,0,0,0,0,0,0,0,0,0,0,0,0,0,0,0,0,0,0,0,0,0,0,0,1,0,0,0,3,1,0,3,0,0,0,0,0,0,1,2,0,0,0,0,0,0,0,21,2,0,0,0,0,0,0,0,0,0,0,0,0,0,1,2,2,1,7,1,0,0,0,0,0,0,0,0,0,0,0,0,0,32,28,3746,282,0,3,94,33,110,41,657,26,602,79,1192,8,75,14,17,0,18,42,59,262,156,13,2,0,0,0,0,0,0,1,2,1,2,0,1,0,0,0,0,0,0,0,0,0,0,0,0,1,1,0,0,1,1,0,0,0,0,0,0,0,0,3,1,0,0,0,1,0,2,2,18,1,0
2,0,0,0,0,0,0,0,0,0,0,0,0,0,0,0,0,0,0,0,0,0,0,0,0,0,0,0,0,0,0,0,0,0,0,0,2,1,0,0,18,0,11,0,0,0,0,0,0,0,43,0,0,0,0,0,0,0,3,0,5,0,0,0,1,0,0,0,0,0,0,0,0,0,4,0,11,1,8,1,0,0,0,0,2,0,0,0,2,0,0,0,0,0,61,9,44,3,0,13,242,8,83,12,27,5,335,22,745,33,20,1,100,123,71,16,12,22,19,180,0,0,0,0,5,2,4,1,23,2,9,3,0,0,3,0,2,0,0,0,13,0,2,1,16,0,1,1,7,3,0,0,0,0,0,0,0,0,0,1,1,0,2,1,5,5,246,15,41,1
0,0,0,0,0,0,1,0,0,0,0,0,0,0,0,0,0,0,0,0,0,0,0,0,0,0,0,0,0,0,0,0,1,0,0,0,0,1,0,1,3,8,4,19,0,0,0,0,0,0,1,31,0,0,1,0,0,0,0,11,1,0,0,0,0,0,0,0,0,0,0,0,0,0,4,2,9,2,8,3,0,0,0,0,1,1,1,1,0,0,0,0,0,8,1,255,4,94,13,0,54,1276,5,248,1,27,10,380,22,197,40,59,13,148,152,10,1,4,12,15,0,0,0,0,1,9,3,18,4,49,2,15,1,1,3,8,0,1,0,9,0,15,1,28,1,39,0,3,3,13,0,0,0,0,0,0,0,0,4,29,1,0,0,4,6,15,19,99,62,3
0,0,0,0,0,0,0,0,0,0,0,0,1,0,0,0,0,0,0,0,0,0,0,0,0,0,0,0,0,0,0,0,1,0,0,0,0,0,0,0,7,1,4,0,0,0,0,0,0,0,297,0,0,0,0,0,0,0,16,1,1,0,0,0,0,0,0,0,0,0,0,0,0,0,0,0,2,0,2,2,0,0,0,0,0,0,0,0,0,0,0,0,0,0,366,37,230,33,242,54,0,256,1476,117,203,15,1456,85,472,12,256,6,2,90,1825,170,54,100,90,79,0,0,0,0,1,0,1,2,2,3,1,0,0,0,1,0,0,0,1,1,0,0,0,0,3,0,0,0,0,0,0,0,0,0,0,0,0,0,4,3,0,0,0,4,0,1,46,28,0,2
0,0,0,0,0,0,0,0,0,0,0,0,0,0,0,0,0,0,0,0,0,0,0,0,0,0,0,0,0,0,0,0,0,0,0,0,0,0,0,0,4,0,1,1,0,0,0,0,0,0,2,8,0,0,0,0,0,0,0,54,0,0,0,0,0,0,0,0,0,0,0,0,0,0,0,0,0,0,3,0,0,0,0,0,0,0,0,0,0,0,0,0,0,11,6,321,14,110,8,1276,256,0,26,1829,7,35,32,355,22,79,19,206,7,62,1657,134,14,31,18,21,0,0,0,0,0,0,0,1,0,3,0,1,0,0,1,1,0,0,0,0,0,1,0,1,0,2,0,0,0,0,0,0,0,0,0,0,0,0,1,2,0,0,0,1,0,0,4,40,2,1
0,0,0,0,0,0,0,0,0,0,0,0,0,0,0,0,0,0,0,0,0,0,0,0,0,0,0,0,0,0,0,0,0,0,0,0,0,0,0,0,0,0,3,0,0,0,0,0,0,0,1722,1,0,0,0,0,1,0,965,0,0,0,0,0,0,0,0,0,0,0,0,0,0,0,0,2,1,0,0,0,0,0,0,0,0,0,0,0,0,0,0,0,0,0,4947,27,941,41,83,5,1476,26,0,215,288,12,743,34,182,1,27,5,0,5,47,636,144,168,38,1,0,0,0,0,0,1,0,0,1,1,2,0,0,0,1,1,0,0,0,0,0,0,0,0,0,0,0,0,0,1,0,0,0,0,0,0,0,0,2,2,0,0,0,0,0,0,15,12,3,0
0,0,1,0,0,0,0,0,0,0,0,0,1,0,0,0,0,0,0,0,0,0,0,0,0,0,0,0,0,0,0,0,0,0,0,0,0,0,0,0,3,1,1,2,0,0,1,6,1,0,21,90,0,0,0,0,0,0,2,1784,0,1,1,0,0,0,0,0,0,0,0,0,0,0,0,0,1,0,3,0,0,0,0,0,0,1,0,0,0,3,0,0,0,116,22,6055,106,657,12,248,117,1829,215,0,18,156,111,640,32,174,23,377,13,100,334,702,161,117,30,14,0,0,0,0,0,0,1,0,0,3,0,0,0,0,0,0,0,0,0,1,0,1,0,3,0,4,0,0,0,1,0,0,0,0,0,0,0,0,1,0,0,1,1,0,1,3,10,56,4,0
0,0,0,0,0,0,0,0,0,0,0,0,0,0,0,0,0,0,0,0,0,0,0,0,0,0,0,0,0,0,0,0,0,0,0,0,0,0,0,0,1,0,0,0,0,0,0,0,0,0,6,0,0,0,0,0,0,0,4,0,0,0,0,0,0,0,0,0,0,0,0,0,0,0,0,1,0,0,0,0,0,0,0,0,0,0,0,0,0,0,0,0,0,0,354,4,297,26,27,1,203,7,288,18,0,3,113,18,27,3,6,0,0,0,6,16,44,37,11,1,0,0,0,0,0,0,0,0,0,0,0,0,0,0,0,0,0,0,0,0,1,0,0,0,0,0,0,0,0,0,0,0,0,0,0,0,0,0,1,0,0,0,1,0,1,0,4,2,0,0
0,0,0,0,0,0,0,0,0,0,0,0,0,0,0,0,0,0,0,0,0,0,0,0,0,0,0,0,0,0,0,0,0,0,0,0,1,0,0,0,1,0,0,1,0,0,0,0,0,0,1,0,0,0,0,0,0,0,0,6,0,0,0,0,0,0,0,0,0,0,0,0,0,0,0,0,2,0,3,1,0,0,0,0,0,0,0,0,1,0,0,0,0,10,3,463,72,602,5,27,15,35,12,156,3,0,20,594,5,15,5,1,2,11,19,23,20,17,13,1,0,0,0,0,0,0,0,0,0,1,0,1,0,0,0,0,0,0,1,0,0,1,0,0,1,1,0,0,0,0,0,0,0,0,0,0,0,0,0,0,0,0,1,0,0,0,1,4,0,0
